30	31
30	32
30	55
30	56
30	57
30	58
31	32
31	33
31	55
31	56
31	57
31	58
31	98
31	100
32	33
32	34
32	51
32	56
32	57
32	58
32	59
32	98
32	100
32	101
32	124
33	34
33	35
33	56
33	57
33	58
33	59
33	60
33	98
33	99
33	100
33	101
33	102
34	35
34	36
34	51
34	57
34	58
34	59
34	60
34	61
34	62
34	98
34	99
34	100
34	101
34	102
34	103
34	126
34	153
35	36
35	37
35	58
35	60
35	61
35	62
35	63
35	90
35	93
35	99
35	101
35	102
35	103
35	104
36	37
36	38
36	39
36	43
36	47
36	48
36	51
36	58
36	59
36	60
36	61
36	62
36	63
36	64
36	101
36	102
36	103
36	104
36	105
37	38
37	39
37	61
37	62
37	63
37	64
37	87
37	90
37	102
37	103
37	104
37	105
37	106
37	114
38	39
38	40
38	41
38	43
38	44
38	63
38	64
38	87
38	103
38	104
38	105
38	106
39	40
39	41
39	43
39	44
39	48
39	62
39	63
39	64
39	66
39	69
39	70
39	73
39	74
39	87
39	105
39	106
40	41
40	42
40	43
40	44
40	45
40	64
40	105
41	42
41	43
41	44
41	45
41	46
42	43
42	44
42	45
42	46
42	47
42	48
42	49
42	103
42	105
42	128
43	44
43	45
43	46
43	47
43	48
43	49
43	77
43	105
44	45
44	46
44	47
44	48
44	49
44	73
44	76
44	77
45	46
45	47
45	48
45	49
45	77
46	47
46	48
46	49
46	50
46	51
47	48
47	49
47	50
47	51
47	52
47	59
47	103
47	105
47	128
48	49
48	50
48	51
48	52
48	59
48	62
48	73
48	77
49	50
49	51
49	52
49	53
49	59
49	77
50	51
50	52
50	53
50	54
51	52
51	53
51	54
51	55
51	57
51	58
51	59
51	103
52	53
52	54
53	54
53	55
54	55
54	56
54	57
54	58
55	56
55	57
56	57
56	58
57	58
57	59
58	59
58	60
58	61
58	83
58	97
58	98
58	99
58	100
59	60
59	61
59	62
59	77
59	78
59	79
60	61
60	62
60	79
60	80
60	83
60	96
60	98
60	99
60	100
61	62
61	63
61	79
61	83
61	84
61	85
61	93
61	96
61	99
62	63
62	64
62	70
62	71
62	73
62	74
62	75
62	79
62	83
62	84
62	85
62	86
63	64
63	65
63	70
63	83
63	84
63	85
63	86
63	87
63	90
63	93
63	102
63	106
63	114
64	65
64	66
64	67
64	69
64	70
64	84
64	85
64	86
64	87
64	106
65	66
65	67
65	85
65	86
65	87
66	67
66	68
66	69
66	70
66	71
66	84
66	86
66	87
67	68
67	69
67	70
67	71
67	72
67	84
68	69
68	70
68	71
68	72
68	73
69	70
69	71
69	72
69	73
69	74
70	71
70	72
70	73
70	74
70	75
70	84
70	85
71	72
71	73
71	74
71	75
71	76
71	81
71	84
72	73
72	74
72	75
72	76
72	77
72	84
73	74
73	75
73	76
73	77
73	78
73	79
74	75
74	76
74	77
74	78
74	79
74	80
74	81
74	84
75	76
75	77
75	78
75	79
76	77
76	78
76	79
77	78
77	79
78	79
78	80
79	80
79	81
79	82
79	83
79	84
80	81
80	82
80	83
80	84
81	82
81	83
81	84
82	83
82	84
82	85
83	84
83	85
83	96
83	98
83	99
84	85
84	86
84	89
85	86
85	87
85	89
85	90
85	91
85	92
85	93
85	94
85	96
85	99
86	87
86	88
86	89
86	90
86	91
86	114
86	117
87	88
87	89
87	90
87	91
87	106
87	113
87	114
87	117
88	89
88	90
88	91
88	92
88	117
89	90
89	91
89	92
89	93
89	117
90	91
90	92
90	93
90	94
90	102
90	114
90	115
90	117
90	118
90	121
91	92
91	93
91	94
91	95
91	117
91	120
91	121
92	93
92	94
92	95
92	96
93	94
93	95
93	96
93	97
93	99
93	102
93	117
93	118
93	121
93	123
94	95
94	96
94	97
94	120
94	121
94	122
94	123
95	96
95	97
95	121
95	123
96	97
96	98
96	99
96	100
96	123
97	98
97	99
97	100
97	123
98	99
98	100
98	101
98	123
99	100
99	101
99	102
99	122
99	123
100	101
100	102
100	122
100	123
100	124
100	150
101	102
101	103
101	123
101	124
101	125
101	126
102	103
102	104
102	114
102	115
102	118
102	119
102	123
102	124
102	125
102	126
102	127
103	104
103	105
103	124
103	125
103	126
103	127
103	128
104	105
104	106
104	107
104	110
104	111
104	114
104	115
104	118
104	125
104	126
104	127
104	128
105	106
105	107
105	111
105	126
105	128
106	107
106	108
106	109
106	110
106	111
106	114
106	128
107	108
107	109
107	110
107	111
108	109
108	110
108	111
108	112
108	128
108	129
108	130
108	131
108	132
108	133
109	110
109	111
109	112
109	113
109	132
109	133
109	137
110	111
110	112
110	113
110	114
110	115
111	112
111	113
111	114
111	115
111	116
111	127
111	128
111	129
111	130
111	131
111	132
111	141
112	113
112	114
112	115
112	116
112	117
112	127
112	131
112	132
112	137
112	138
112	140
112	141
113	114
113	115
113	116
113	117
113	118
113	137
113	141
114	115
114	116
114	117
114	118
114	119
114	125
115	116
115	117
115	118
115	119
115	120
115	123
115	125
115	127
115	141
115	144
115	152
116	117
116	118
116	119
116	120
116	121
116	125
116	137
116	140
116	141
116	144
117	118
117	119
117	120
117	121
117	122
118	119
118	120
118	121
118	122
118	123
118	124
118	125
119	120
119	121
119	122
119	123
119	124
119	125
119	141
119	142
119	144
119	145
119	148
119	150
119	151
119	152
119	153
120	121
120	122
120	123
120	148
121	122
121	123
122	123
122	124
122	148
122	150
123	124
123	125
123	148
123	150
123	151
124	125
124	126
124	149
124	150
124	151
124	152
125	126
125	127
125	150
125	151
125	152
125	153
125	154
126	127
126	128
126	151
126	152
126	153
126	154
127	128
127	129
127	130
127	131
127	141
127	152
127	153
127	154
128	129
128	130
128	131
128	132
128	153
128	154
129	130
129	131
129	154
130	131
130	132
130	133
130	154
131	132
131	133
131	137
131	138
131	139
131	141
131	142
131	152
131	154
132	133
132	134
132	135
132	137
132	138
132	141
133	134
133	135
133	137
133	138
134	135
134	136
134	137
134	138
134	139
134	141
135	136
135	137
135	138
135	139
135	140
136	137
136	138
136	139
136	140
136	141
137	138
137	139
137	140
137	141
137	142
138	139
138	140
138	141
138	142
138	143
138	152
139	140
139	141
139	142
139	143
139	144
139	146
140	141
140	142
140	143
140	144
140	145
141	142
141	143
141	144
141	145
141	146
141	152
142	143
142	144
142	145
142	146
142	147
142	152
143	144
143	145
143	146
143	147
143	148
144	145
144	146
144	147
144	148
144	149
144	150
145	146
145	147
145	148
145	149
145	150
145	151
145	152
146	147
146	148
146	149
146	150
147	148
147	149
147	150
148	149
148	150
149	150
149	151
150	151
150	152
151	152
151	153
152	153
152	154
153	154
