33	34
33	35
33	36
33	37
34	35
34	36
34	37
34	38
34	41
35	36
35	37
35	38
35	39
35	41
35	42
35	44
35	45
36	37
36	38
36	39
36	41
36	42
36	45
36	122
36	123
36	124
36	125
36	126
36	127
36	130
36	131
37	38
37	39
37	41
37	130
37	131
38	39
38	40
38	41
38	42
38	43
39	40
39	41
39	42
39	43
39	44
39	131
39	132
39	133
39	134
39	135
39	136
40	41
40	42
40	43
40	44
40	45
41	42
41	43
41	44
41	45
41	46
41	123
42	43
42	44
42	45
42	46
42	47
42	123
42	127
43	44
43	45
43	46
43	47
43	48
43	123
43	135
43	212
44	45
44	46
44	47
44	48
44	49
45	46
45	47
45	48
45	49
45	50
45	123
46	47
46	48
46	49
46	50
46	51
46	123
46	142
46	143
46	146
46	212
47	48
47	49
47	50
47	51
47	52
48	49
48	50
48	51
48	52
48	53
48	116
48	119
49	50
49	51
49	52
49	116
49	119
49	120
49	123
49	142
49	143
49	146
50	51
50	52
50	64
50	66
50	116
50	142
50	145
50	146
50	199
50	211
50	212
50	213
50	214
50	271
51	52
51	53
51	54
51	55
51	63
51	64
51	116
51	280
52	53
52	54
52	63
52	64
52	116
53	54
53	55
53	63
53	64
53	108
53	111
53	112
53	115
53	116
54	55
54	56
54	59
54	63
54	64
54	67
54	68
54	273
54	275
54	280
55	56
55	57
55	58
55	59
55	63
55	275
55	280
55	281
56	57
56	58
56	276
56	277
56	279
56	280
56	281
56	282
56	283
56	394
56	395
56	396
57	58
57	59
57	68
57	280
57	281
57	282
57	283
57	284
57	394
57	395
58	59
58	60
58	68
58	281
58	282
58	283
58	284
58	286
58	287
58	296
58	393
58	394
58	395
59	60
59	61
59	62
59	63
59	64
59	67
59	68
59	69
59	70
59	108
59	283
59	287
59	298
60	61
60	62
60	68
60	69
60	85
60	105
60	287
60	296
60	394
61	62
61	63
61	67
61	69
61	70
61	85
61	104
61	105
61	108
62	63
62	64
62	65
62	67
62	69
62	70
62	91
62	105
62	108
62	109
62	112
63	64
63	65
63	67
63	68
63	69
63	70
63	108
63	112
63	116
64	65
64	66
64	67
64	68
64	69
64	70
64	108
64	109
64	112
64	116
64	150
64	273
65	66
65	67
65	70
65	72
65	109
65	110
65	112
65	113
65	116
65	149
65	150
65	153
65	154
65	157
65	158
65	531
66	67
66	68
66	70
66	116
66	145
66	146
66	149
66	150
66	153
66	221
66	271
66	273
66	275
66	400
66	402
67	68
67	69
67	70
67	72
67	273
67	275
68	69
68	70
68	72
68	275
68	282
68	283
68	284
68	287
68	298
68	400
69	70
69	72
69	76
69	83
69	85
69	91
69	105
69	109
69	287
69	298
70	72
70	91
70	109
72	75
72	76
72	284
72	299
72	383
72	400
72	469
72	470
75	76
75	77
75	78
75	79
75	80
75	81
75	82
75	91
75	305
75	463
75	466
75	467
75	469
75	470
75	471
75	472
75	473
75	521
76	77
76	78
76	81
76	82
76	83
76	84
76	85
76	91
76	92
76	95
76	298
76	299
76	300
76	521
77	78
77	79
77	81
77	91
77	92
77	93
77	94
77	95
77	109
77	473
77	476
77	486
77	521
77	531
78	79
78	80
78	81
78	82
78	95
78	472
78	473
78	476
78	485
78	486
78	521
79	80
79	81
79	302
79	303
79	304
79	305
79	463
79	472
79	476
79	485
79	486
79	521
80	81
80	82
80	300
80	301
80	302
80	303
80	304
80	305
80	306
80	463
80	466
80	467
80	472
80	521
81	82
81	83
81	92
81	299
81	300
81	301
81	302
81	305
81	376
81	490
81	521
82	83
82	84
82	85
82	86
82	87
82	92
82	298
82	299
82	300
82	301
82	302
82	375
82	376
82	490
82	518
82	519
82	520
82	521
83	84
83	85
83	86
83	87
83	89
83	91
83	92
83	298
83	299
83	300
83	375
83	521
84	85
84	86
84	287
84	296
84	297
84	298
84	299
84	300
84	371
84	372
84	373
84	374
84	375
85	86
85	87
85	88
85	89
85	91
85	105
85	287
85	298
85	375
86	87
86	88
86	89
86	90
86	92
86	93
86	375
87	88
87	89
87	90
87	92
87	93
87	96
87	98
87	506
87	517
87	518
87	519
87	520
87	521
88	89
88	90
88	92
88	93
89	90
89	91
89	92
89	93
89	94
89	105
90	91
90	92
90	93
90	94
90	99
90	103
90	104
90	105
91	92
91	93
91	94
91	95
91	103
91	105
91	109
92	93
92	94
92	95
92	96
92	97
92	490
92	519
92	520
92	521
93	94
93	95
93	96
93	97
93	98
93	99
93	100
93	103
93	524
93	528
94	95
94	96
94	97
94	98
94	99
94	103
94	105
94	106
94	109
94	473
94	523
94	528
94	531
95	96
95	97
95	98
95	99
95	473
95	486
95	521
95	522
95	523
95	524
95	528
96	97
96	98
96	99
96	486
96	520
96	521
96	522
96	523
96	524
96	528
97	98
97	99
97	521
97	522
97	523
97	524
97	528
98	99
98	100
98	103
98	522
98	524
98	528
99	100
99	101
99	103
99	106
99	524
99	527
99	528
99	530
99	531
99	532
100	101
100	102
100	103
100	106
100	524
100	532
101	102
101	103
101	106
101	532
101	533
101	534
101	535
101	536
101	538
102	103
102	104
102	106
102	534
102	535
103	104
103	105
103	106
103	107
103	108
103	534
104	105
104	106
104	107
104	108
104	109
105	106
105	107
105	108
105	109
105	110
105	531
106	107
106	108
106	109
106	110
106	111
106	158
106	531
106	532
106	533
106	534
106	535
107	108
107	109
107	110
107	111
107	112
107	158
107	534
107	536
107	537
108	109
108	110
108	111
108	112
108	113
109	110
109	111
109	112
109	113
109	114
109	154
109	158
109	531
110	111
110	112
110	113
110	114
110	115
110	154
110	158
110	160
110	161
110	162
110	532
110	533
110	534
110	537
110	544
111	112
111	113
111	114
111	115
111	116
112	113
112	114
112	115
112	116
112	117
112	150
113	114
113	115
113	116
113	117
113	118
113	150
113	153
113	154
114	115
114	116
114	117
114	118
114	119
114	150
114	151
114	154
114	161
114	162
114	163
114	164
115	116
115	117
115	118
115	119
115	120
116	117
116	118
116	119
116	120
116	121
116	146
116	147
116	149
116	150
117	118
117	119
117	120
117	121
117	122
117	147
117	150
117	151
117	154
117	164
117	165
118	119
118	120
118	121
118	122
118	123
118	167
119	120
119	121
119	122
119	123
119	124
120	121
120	122
120	123
120	124
120	125
120	143
120	144
120	146
120	147
121	122
121	123
121	124
121	125
121	126
121	147
121	151
121	164
121	165
121	166
121	167
122	123
122	124
122	125
122	126
122	127
122	167
122	168
123	124
123	125
123	126
123	127
123	128
123	140
123	143
124	125
124	126
124	127
124	128
124	140
124	141
124	143
124	144
124	147
124	191
125	126
125	127
125	128
125	129
125	165
125	166
125	167
126	127
126	128
126	129
126	130
127	128
127	129
127	130
127	131
127	135
127	136
127	140
128	129
128	130
128	132
128	136
128	140
129	130
129	131
129	132
129	136
130	131
130	132
130	133
130	136
131	132
131	133
131	136
132	133
132	134
132	136
132	137
133	134
133	135
133	136
133	137
133	138
134	135
134	136
134	137
134	138
135	136
135	137
135	138
135	140
135	142
136	137
136	138
136	140
136	141
137	138
137	140
137	141
137	142
137	198
138	140
138	141
138	142
138	143
138	198
138	199
138	200
138	205
138	206
138	209
138	212
138	213
140	141
140	142
140	143
140	144
140	145
141	142
141	143
141	144
141	145
141	146
141	194
141	195
141	196
141	198
141	199
142	143
142	144
142	145
142	146
142	147
142	195
142	199
142	212
142	213
143	144
143	145
143	146
143	147
143	148
144	145
144	146
144	147
144	148
144	149
144	187
144	190
144	191
144	192
144	194
144	195
145	146
145	147
145	148
145	149
145	150
145	191
145	192
145	195
145	199
145	213
145	214
145	217
145	218
145	221
145	271
146	147
146	148
146	149
146	150
146	151
146	192
146	213
146	271
147	148
147	149
147	150
147	151
147	152
147	164
147	165
147	166
147	187
147	191
148	149
148	150
148	151
148	152
148	153
148	187
148	188
148	191
148	192
149	150
149	151
149	152
149	153
149	154
149	188
149	192
149	221
150	151
150	152
150	153
150	154
150	155
151	152
151	153
151	154
151	155
151	156
151	161
151	162
151	163
151	164
151	165
151	184
151	185
151	187
151	188
152	153
152	154
152	155
152	156
152	157
152	184
152	185
152	188
152	192
152	221
152	224
152	225
152	228
152	474
153	154
153	155
153	156
153	157
153	158
153	159
153	221
153	224
153	402
153	474
154	155
154	156
154	157
154	158
154	159
154	160
154	161
154	162
155	156
155	157
155	158
155	159
155	160
155	161
155	181
155	184
155	185
155	188
155	228
156	157
156	158
156	159
156	181
156	185
156	228
156	474
156	529
157	158
157	159
157	181
157	470
157	473
157	474
157	475
157	529
157	530
157	531
157	532
158	159
158	160
158	161
158	530
158	531
158	532
158	533
158	534
159	160
159	161
159	179
159	180
159	181
159	182
159	184
159	529
159	530
159	531
160	161
160	162
160	178
160	179
160	180
160	181
160	182
160	184
160	530
160	533
160	544
161	162
161	163
161	177
161	178
161	179
161	180
161	181
161	184
161	533
161	544
162	163
162	164
162	176
162	177
162	178
162	179
162	184
162	533
162	541
162	544
163	164
163	165
163	177
163	178
163	179
163	183
163	184
163	187
164	165
164	166
164	167
164	168
164	176
164	187
165	166
165	167
165	187
165	191
166	167
166	168
167	168
167	169
167	172
168	169
168	170
168	172
168	173
168	176
169	170
169	171
169	172
169	173
169	174
170	171
170	172
170	173
170	174
170	175
171	172
171	173
171	174
171	175
171	176
172	173
172	174
172	175
172	176
173	174
173	175
173	176
173	541
174	175
174	176
174	537
174	540
174	541
174	542
174	543
175	176
175	177
175	540
175	541
175	542
175	543
176	177
176	178
176	541
176	543
176	544
177	178
177	179
177	541
177	543
177	544
178	179
178	180
178	533
178	543
178	544
178	545
179	180
179	181
179	183
179	184
180	181
180	182
180	183
180	184
180	185
181	182
181	183
181	184
181	185
181	186
181	228
182	183
182	184
182	185
182	186
182	187
182	229
183	184
183	185
183	186
183	187
183	188
184	185
184	186
184	187
184	188
184	189
184	225
185	186
185	187
185	188
185	189
185	190
185	225
185	228
185	229
186	187
186	188
186	189
186	190
186	191
186	225
186	229
187	188
187	189
187	190
187	191
187	192
188	189
188	190
188	191
188	192
188	193
188	222
188	225
189	190
189	191
189	192
189	193
189	194
189	222
189	225
189	226
189	229
190	191
190	192
190	193
190	194
190	195
190	222
191	192
191	193
191	194
191	195
191	196
192	193
192	194
192	195
192	196
192	197
192	217
192	218
192	219
192	221
192	222
192	225
193	194
193	195
193	196
193	197
193	198
193	218
193	219
193	222
194	195
194	196
194	197
194	198
194	199
195	196
195	197
195	198
195	199
195	215
195	218
196	197
196	198
196	199
196	200
196	214
196	215
196	216
196	218
196	219
197	198
197	199
197	215
198	199
198	200
198	215
199	200
199	201
199	213
199	214
199	215
199	217
199	218
200	201
200	202
200	204
200	205
200	209
200	213
200	214
200	215
200	216
201	202
201	203
201	204
201	205
201	214
201	215
201	216
201	244
201	245
201	246
201	247
202	203
202	204
202	205
202	206
202	214
202	215
202	216
202	247
202	248
202	266
202	267
202	268
202	269
202	270
202	271
202	272
203	204
203	205
203	206
203	216
203	247
204	205
204	206
204	209
204	247
205	206
205	207
205	209
205	210
205	211
205	212
205	213
205	214
205	272
206	207
206	208
206	209
206	210
207	208
207	209
207	210
208	209
208	210
208	212
209	210
209	211
209	212
209	213
209	272
210	211
210	212
210	264
210	272
210	274
211	212
211	213
211	271
211	272
211	274
212	213
212	214
212	217
212	270
212	271
212	272
213	214
213	215
213	217
213	218
213	271
214	215
214	216
214	217
214	218
214	219
214	270
214	271
215	216
215	217
215	218
215	219
215	220
215	242
215	245
216	217
216	218
216	219
216	220
216	221
216	241
216	242
216	245
216	246
216	247
216	248
216	270
216	403
216	408
217	218
217	219
217	220
217	221
217	222
217	242
217	270
217	271
217	403
218	219
218	220
218	221
218	222
218	223
219	220
219	221
219	222
219	223
219	224
219	238
219	239
219	241
219	242
219	245
220	221
220	222
220	223
220	224
220	225
220	238
220	239
220	242
220	270
220	403
220	407
220	408
221	222
221	223
221	224
221	225
221	226
221	239
221	271
221	402
221	403
222	223
222	224
222	225
222	226
222	229
222	234
222	235
222	238
222	239
223	224
223	225
223	226
223	228
223	234
223	235
223	238
223	239
223	415
224	225
224	226
224	228
224	229
224	239
224	402
224	403
224	407
224	462
224	471
224	474
224	478
225	226
225	228
225	229
225	230
225	474
226	228
226	229
226	230
226	231
226	232
226	234
226	235
226	236
226	238
228	229
228	230
228	231
228	232
228	474
228	478
229	230
229	231
229	232
229	234
230	231
230	232
230	233
230	478
230	479
231	232
231	233
231	234
231	235
231	236
231	415
232	233
232	234
232	235
232	236
232	237
232	414
232	415
232	416
232	418
232	419
232	421
232	478
232	479
233	234
233	235
233	236
233	237
233	238
233	415
233	419
233	421
234	235
234	236
234	237
234	238
234	239
234	415
234	419
235	236
235	237
235	238
235	239
235	240
235	411
235	412
235	415
236	237
236	238
236	239
236	240
236	241
236	411
236	412
236	415
236	416
236	419
236	421
237	238
237	239
237	240
237	241
237	242
237	412
237	415
238	239
238	240
238	241
238	242
238	408
239	240
239	241
239	242
239	244
239	405
239	407
239	408
239	409
239	411
239	412
239	415
240	241
240	242
240	244
240	245
240	408
240	412
240	430
241	242
241	244
241	245
241	246
242	244
242	245
242	246
242	247
242	248
242	270
242	403
242	405
242	408
244	245
244	246
244	247
244	405
245	246
245	247
245	248
246	247
246	248
247	248
247	249
247	267
248	249
248	250
248	267
248	268
248	269
248	270
248	405
249	250
249	251
249	266
249	267
249	268
249	269
249	405
250	251
250	252
250	267
250	268
250	405
250	406
250	409
250	434
250	435
250	437
250	438
250	465
251	252
251	253
251	254
251	256
251	257
251	262
251	265
251	266
251	267
251	268
251	438
251	439
251	440
252	253
252	254
252	268
252	438
252	439
252	440
252	441
253	254
253	255
253	256
253	257
253	259
253	268
253	438
253	439
253	440
254	255
254	256
254	257
254	258
254	336
254	339
254	340
254	382
254	404
254	438
254	440
254	441
254	464
254	465
254	466
254	467
254	469
255	256
255	257
255	258
255	259
255	262
255	338
255	339
255	381
255	383
255	386
255	440
256	257
256	258
256	259
256	260
256	262
256	263
256	264
256	266
256	269
257	258
257	259
257	262
257	263
257	266
257	268
257	269
257	399
257	401
257	404
257	438
257	465
258	259
258	260
258	262
258	263
258	269
258	382
258	383
258	384
258	385
258	398
258	399
258	400
258	401
258	404
258	465
258	469
259	260
259	261
259	262
259	263
259	264
259	381
259	382
259	383
259	384
259	385
259	386
259	398
259	399
260	261
260	262
260	263
260	264
260	274
260	275
260	383
260	385
260	397
260	398
260	399
261	262
261	263
261	264
261	265
261	385
261	388
262	263
262	264
262	265
262	266
262	269
262	385
262	399
263	264
263	265
263	266
263	269
263	272
263	399
263	401
264	265
264	266
264	269
264	272
264	274
264	399
265	266
265	267
266	267
266	268
266	269
266	270
267	268
267	269
267	270
267	405
268	269
268	270
268	271
268	403
268	404
268	405
268	406
268	407
268	438
268	465
269	270
269	271
269	272
269	399
269	401
269	403
269	404
269	405
270	271
270	272
270	403
270	404
270	405
270	408
271	272
271	273
271	400
271	401
271	402
271	403
271	404
272	273
272	274
272	399
272	400
272	401
272	402
272	403
273	274
273	275
273	398
273	399
273	400
273	401
273	402
274	275
274	276
274	280
274	398
274	399
274	400
275	276
275	277
275	280
275	281
275	282
275	396
275	397
275	398
275	399
275	400
276	277
276	278
276	279
276	280
276	281
276	282
276	395
276	396
276	397
276	398
277	278
277	279
277	280
277	281
277	390
277	391
277	392
277	395
277	396
277	397
277	398
278	279
278	280
278	281
278	395
278	397
279	280
279	281
279	395
280	281
280	282
280	395
280	396
281	282
281	283
281	394
281	395
281	396
281	397
282	283
282	284
282	285
282	286
282	392
282	393
282	394
282	395
282	396
282	397
282	398
282	399
283	284
283	285
283	286
283	287
283	288
283	393
283	394
283	395
283	396
284	285
284	286
284	287
284	288
284	289
284	299
284	382
284	383
284	384
284	393
284	394
284	400
285	286
285	287
285	288
285	289
285	290
285	293
285	294
285	295
285	296
285	384
285	390
285	392
285	393
285	394
285	396
285	397
286	287
286	288
286	289
286	294
286	295
286	296
286	297
286	393
286	394
287	288
287	289
287	295
287	296
287	297
287	298
287	299
287	393
288	289
288	290
288	295
288	296
288	297
288	298
288	299
288	342
288	384
289	290
289	291
289	293
289	294
289	295
289	296
289	297
289	298
289	342
289	348
289	384
289	390
289	393
290	291
290	292
290	293
290	294
290	295
290	296
290	297
290	342
290	348
290	353
291	292
291	293
291	294
291	295
291	296
291	297
291	353
291	363
291	364
291	372
292	293
292	294
292	295
292	342
292	346
292	347
292	348
292	350
292	351
292	352
292	353
292	354
293	294
293	295
293	342
293	348
293	351
293	393
294	295
294	296
294	393
295	296
295	297
295	372
295	393
296	297
296	298
296	372
296	373
296	374
296	394
297	298
297	299
297	300
297	353
297	372
297	373
297	374
297	375
298	299
298	300
299	300
299	301
299	374
299	378
300	301
300	302
300	373
300	374
300	375
300	376
300	377
300	378
301	302
301	303
301	305
301	340
301	341
301	342
301	374
301	376
301	377
301	378
301	491
301	492
302	303
302	304
302	305
302	306
302	307
302	341
302	376
302	378
302	490
302	491
302	492
303	304
303	305
303	306
303	307
303	308
303	319
303	376
303	378
303	490
303	491
303	492
303	493
303	515
304	305
304	306
304	307
304	308
304	309
304	463
304	472
304	485
304	491
304	515
305	306
305	307
305	308
305	309
305	333
305	340
305	341
305	463
305	464
305	467
306	307
306	308
306	309
306	317
306	319
306	324
306	325
306	328
306	329
306	330
306	333
306	337
306	341
306	343
306	378
306	494
307	308
307	309
307	310
307	317
307	318
307	319
307	333
307	491
307	492
307	515
308	309
308	310
308	317
308	333
308	460
308	463
308	464
309	310
309	311
309	315
309	316
309	317
309	333
309	334
309	336
309	337
309	340
309	341
309	460
309	463
309	464
309	467
310	311
310	312
310	313
310	314
310	315
310	316
310	317
310	332
310	333
310	334
310	336
310	436
310	444
310	460
310	461
310	464
311	312
311	313
311	314
311	315
311	316
311	317
311	318
311	319
311	321
311	323
311	324
311	331
311	332
311	333
311	334
311	444
312	313
312	314
312	315
312	323
312	331
312	332
312	333
312	334
312	335
312	441
312	442
312	444
313	314
313	315
313	316
313	323
313	332
313	436
313	444
314	315
314	316
314	436
314	444
315	316
315	317
315	321
315	323
316	317
316	318
316	321
316	323
317	318
317	319
317	321
317	324
317	333
318	319
318	320
318	321
318	322
318	324
319	320
319	321
319	322
319	324
319	492
319	494
319	511
319	513
319	515
320	321
320	322
320	324
320	513
321	322
321	323
321	324
321	325
322	323
322	324
322	325
323	324
323	325
323	331
323	332
324	325
324	326
324	329
324	331
324	333
324	494
324	495
324	496
324	513
325	326
325	327
325	328
325	329
325	330
325	331
326	327
326	328
326	329
326	494
326	496
327	328
327	329
327	343
327	344
327	345
328	329
328	330
328	331
328	332
328	338
328	343
329	330
329	331
329	333
329	337
329	338
329	343
329	344
329	378
329	493
329	494
330	331
330	332
330	333
330	334
330	337
330	338
330	343
331	332
331	333
331	338
331	343
332	333
332	334
333	334
333	335
333	336
333	337
334	335
334	336
334	337
334	338
334	339
334	436
334	441
334	461
334	464
335	336
335	337
335	338
335	339
335	340
335	440
335	441
335	442
336	337
336	338
336	339
336	340
336	341
336	435
336	436
336	438
336	440
336	441
336	461
336	464
336	465
337	338
337	339
337	340
337	341
337	342
337	343
337	381
338	339
338	340
338	341
338	342
338	343
338	346
338	381
339	340
339	341
339	381
339	382
339	440
339	441
340	341
340	342
340	381
340	382
340	464
340	467
341	342
341	343
341	378
341	381
341	382
342	343
342	344
342	346
342	347
342	348
342	353
342	377
342	378
342	381
342	384
343	344
343	345
343	346
343	347
343	353
343	354
343	377
343	378
343	493
344	345
344	346
344	352
344	353
344	354
344	356
344	359
344	377
344	495
345	346
345	347
345	352
345	353
345	354
346	347
346	348
346	351
346	352
346	353
346	354
346	381
347	348
347	350
347	351
347	352
347	353
347	381
347	386
348	350
348	351
348	352
348	353
348	381
348	384
348	386
350	351
350	352
350	386
351	352
351	353
352	353
352	354
352	359
353	354
353	359
353	364
353	373
353	374
353	377
353	378
354	356
354	359
354	363
354	364
354	365
354	366
356	357
356	358
356	359
356	360
356	365
356	366
356	367
356	368
356	495
356	498
357	358
357	359
357	365
357	366
357	367
357	368
357	495
357	498
357	500
357	501
357	504
357	516
358	359
358	360
358	366
358	367
358	497
358	498
358	499
358	500
358	501
359	360
359	361
359	365
359	366
359	367
360	361
360	362
360	363
360	364
360	365
360	366
361	362
361	363
361	364
361	365
361	366
361	368
361	371
362	363
362	364
362	365
363	364
363	365
363	366
364	365
364	366
364	371
364	372
364	373
365	366
365	367
365	373
366	367
366	368
366	371
366	373
366	374
366	375
366	504
367	368
367	369
367	374
367	375
367	376
367	377
367	493
367	495
367	504
367	516
368	369
368	370
368	371
368	372
368	373
368	374
368	375
368	516
369	370
369	371
369	375
369	504
369	505
369	506
369	507
369	516
369	517
369	518
369	519
370	371
370	372
370	375
371	372
371	373
371	374
371	375
372	373
372	374
372	375
373	374
373	375
374	375
374	376
374	377
374	378
375	376
375	377
375	378
375	492
375	516
375	517
375	518
376	377
376	378
376	490
376	491
376	492
376	493
376	495
376	516
376	518
377	378
377	492
377	493
377	495
377	516
378	491
378	492
378	493
378	494
378	495
381	382
381	383
381	384
381	385
381	386
382	383
382	384
382	404
382	464
382	465
382	466
382	467
382	469
383	384
383	385
383	398
383	399
383	400
383	401
383	467
383	469
383	470
384	385
384	386
384	387
384	390
385	386
385	387
385	388
385	389
385	390
386	387
386	388
386	389
387	388
387	389
388	389
388	390
389	390
389	391
390	391
390	392
390	393
390	394
390	395
390	396
390	397
391	392
391	393
391	395
392	393
392	394
392	395
392	396
392	397
393	394
393	395
393	396
394	395
394	396
395	396
395	397
396	397
396	398
397	398
397	399
398	399
398	400
399	400
399	401
400	401
400	402
401	402
401	403
401	404
401	469
402	403
402	404
402	407
402	471
403	404
403	405
403	407
403	408
404	405
404	406
404	407
404	408
404	409
404	438
404	465
404	466
404	467
404	469
405	406
405	407
405	408
405	409
405	410
405	430
405	435
406	407
406	408
406	409
406	410
406	411
406	435
406	438
406	465
406	466
407	408
407	409
407	410
407	411
407	412
407	435
407	462
407	465
407	466
407	471
407	474
408	409
408	410
408	411
408	412
408	413
409	410
409	411
409	412
409	413
409	414
409	430
409	431
409	432
409	434
409	435
410	411
410	412
410	413
410	414
410	415
410	431
410	432
410	435
410	458
410	461
410	462
410	465
410	466
411	412
411	413
411	414
411	415
411	416
411	458
411	462
412	413
412	414
412	415
412	416
412	417
412	427
412	430
412	431
413	414
413	415
413	416
413	417
413	418
413	423
413	427
413	428
413	431
413	432
413	454
413	458
414	415
414	416
414	417
414	418
414	419
414	458
414	459
414	462
414	475
414	478
414	479
415	416
415	417
415	418
415	419
415	420
415	421
416	417
416	418
416	419
416	420
416	421
416	422
416	423
416	427
417	418
417	419
417	420
417	421
417	423
417	451
417	452
417	454
417	455
417	458
418	419
418	420
418	421
418	455
418	459
418	479
419	420
419	421
420	421
420	422
420	451
421	422
421	423
421	451
422	423
422	424
422	427
423	424
423	425
423	427
423	428
423	448
423	449
423	451
423	454
424	425
424	426
424	427
424	428
424	429
424	449
425	426
425	427
425	428
425	429
425	430
425	433
425	445
425	446
425	447
425	448
425	449
426	427
426	428
426	429
426	430
426	431
427	428
427	429
427	430
427	431
427	432
428	429
428	430
428	431
428	432
428	433
428	434
428	446
428	447
428	448
428	449
428	454
429	430
429	431
429	432
429	433
429	434
429	435
429	445
429	446
430	431
430	432
430	433
430	434
431	432
431	433
431	434
431	435
431	436
432	433
432	434
432	435
432	436
432	437
432	446
432	454
432	457
432	458
432	461
433	434
433	435
433	436
433	437
433	438
433	444
433	445
433	446
433	447
434	435
434	436
434	437
434	438
435	436
435	437
435	438
435	441
435	442
435	461
435	465
436	437
436	438
436	439
436	441
436	442
436	444
436	445
436	446
436	461
436	465
437	438
437	439
437	440
437	441
437	442
438	439
438	440
438	441
438	442
438	465
439	440
439	441
439	442
440	441
440	442
441	442
441	465
442	444
444	445
444	446
445	446
445	447
446	447
446	448
446	454
446	457
446	461
447	448
447	449
448	449
448	450
448	451
448	453
448	454
448	457
449	450
449	451
449	454
450	451
450	452
450	453
450	454
450	455
451	452
451	453
451	454
451	455
451	456
452	453
452	454
452	455
452	456
452	457
453	454
453	455
453	456
453	457
453	458
454	455
454	456
454	457
454	458
454	459
455	456
455	457
455	458
455	459
455	460
456	457
456	458
456	459
456	460
456	461
457	458
457	459
457	460
457	461
457	462
458	459
458	460
458	461
458	462
458	463
458	479
459	460
459	461
459	462
459	463
459	464
459	472
459	479
459	481
460	461
460	462
460	463
460	464
460	465
460	479
461	462
461	463
461	464
461	465
461	466
462	463
462	464
462	465
462	466
462	467
462	471
462	472
462	474
462	475
462	478
462	479
463	464
463	465
463	466
463	467
463	472
463	475
463	479
464	465
464	466
464	467
465	466
465	467
465	469
466	467
466	469
466	470
466	471
466	472
466	475
467	469
467	470
469	470
469	471
469	472
470	471
470	472
470	473
470	474
471	472
471	473
471	474
471	475
471	476
472	473
472	474
472	475
472	476
472	479
472	481
472	485
473	474
473	475
473	476
473	478
473	482
473	486
473	523
473	528
473	531
474	475
474	476
474	478
474	479
475	476
475	478
475	479
475	480
475	481
476	478
476	479
476	480
476	481
476	482
476	483
476	485
476	486
476	529
478	479
478	480
478	481
478	529
479	480
479	481
479	482
479	529
480	481
480	482
480	483
480	484
480	529
481	482
481	483
481	484
481	485
481	486
481	529
482	483
482	484
482	485
482	486
482	487
482	523
482	529
483	484
483	485
483	486
483	487
483	523
483	524
483	525
483	529
484	485
484	486
484	487
484	488
484	523
484	529
485	486
485	487
485	488
485	521
486	487
486	488
486	521
486	522
486	523
487	488
487	489
487	521
487	522
487	523
488	489
488	490
488	519
488	520
488	521
488	522
489	490
489	491
489	507
489	517
489	519
489	520
489	521
490	491
490	492
490	516
490	517
490	518
490	519
490	520
490	521
491	492
491	493
491	501
491	505
491	507
491	508
491	509
491	510
491	515
491	516
491	517
491	518
491	519
492	493
492	494
492	495
492	514
492	515
492	516
492	517
492	518
493	494
493	495
493	501
493	513
493	514
493	515
493	516
493	518
494	495
494	496
494	513
494	514
494	515
494	516
495	496
495	497
495	498
495	499
495	501
495	513
495	514
495	515
495	516
496	497
496	498
496	513
496	514
497	498
497	499
497	514
498	499
498	500
498	501
498	502
498	504
499	500
499	501
499	502
499	503
500	501
500	502
500	503
500	504
500	505
500	516
501	502
501	503
501	504
501	505
501	507
501	508
501	509
501	513
501	514
501	515
501	516
501	517
502	503
502	504
502	505
502	508
503	504
503	505
504	505
504	506
504	507
504	516
505	506
505	507
505	508
505	509
505	515
505	516
505	517
505	518
506	507
506	508
506	516
506	517
506	518
507	508
507	509
507	510
507	515
507	516
507	517
508	509
508	510
508	511
508	515
508	517
509	510
509	511
509	512
509	513
509	514
509	515
509	516
510	511
510	512
510	513
510	515
511	512
511	513
511	514
511	515
512	513
512	514
512	515
513	514
513	515
514	515
514	516
515	516
515	517
516	517
516	518
517	518
517	519
517	520
518	519
518	520
519	520
519	521
520	521
520	522
521	522
521	523
522	523
522	524
522	528
523	524
523	525
523	526
523	527
523	528
523	529
524	525
524	526
524	527
524	528
524	529
525	526
525	527
525	528
525	529
526	527
526	528
526	529
526	530
527	528
527	529
527	530
527	531
528	529
528	530
528	531
529	530
529	531
530	531
530	532
531	532
531	533
532	533
532	534
532	538
533	534
533	535
533	536
533	537
533	538
533	544
534	535
534	536
534	537
534	538
534	539
535	536
535	537
535	538
535	539
535	540
536	537
536	538
536	539
536	540
536	541
537	538
537	539
537	540
537	541
537	542
537	544
538	539
538	540
538	541
538	542
538	543
538	544
538	545
539	540
539	541
539	542
539	545
540	541
540	542
540	545
541	542
541	543
541	544
541	545
542	543
542	544
542	545
543	544
543	545
544	545
