210	211
210	212
210	213
210	219
210	220
210	221
210	224
210	256
210	257
210	258
211	212
211	213
211	219
211	221
211	257
211	258
211	259
211	276
211	279
211	280
211	281
212	213
212	214
212	219
212	257
212	258
213	214
213	215
213	216
213	217
213	218
213	219
214	215
214	216
214	217
214	218
215	216
215	217
215	272
215	273
215	274
215	279
215	282
215	285
215	287
216	217
216	218
216	284
216	285
216	286
216	287
217	218
217	219
217	222
217	258
217	283
217	284
217	285
218	219
218	220
218	222
218	223
218	283
218	284
219	220
219	221
219	222
219	223
219	224
219	258
219	283
220	221
220	222
220	223
220	224
220	225
221	222
221	223
221	224
221	225
221	226
221	253
221	256
221	258
221	283
222	223
222	224
222	225
222	226
222	227
222	253
222	258
222	283
222	284
223	224
223	225
223	226
223	227
223	228
223	249
223	283
224	225
224	226
224	227
224	228
224	229
224	249
224	250
224	252
224	253
224	256
225	226
225	227
225	228
225	229
225	230
225	249
225	250
225	253
225	283
226	227
226	228
226	229
226	230
226	231
227	228
227	229
227	230
227	231
227	232
227	245
227	246
227	249
228	229
228	230
228	231
228	232
228	233
228	245
228	246
228	249
228	250
228	253
229	230
229	231
229	232
229	233
229	234
229	237
230	231
230	232
230	233
230	234
230	235
230	237
231	232
231	233
231	234
231	235
231	240
231	241
231	242
231	243
231	245
231	246
231	247
231	249
232	233
232	234
232	235
232	236
232	242
232	243
232	246
233	234
233	235
233	236
233	237
233	238
233	243
234	235
234	236
234	237
234	238
234	239
234	240
234	241
234	242
235	236
235	237
235	238
235	239
235	240
235	241
235	242
235	243
236	237
236	238
236	239
236	240
236	241
237	238
237	239
237	240
238	239
238	240
238	241
239	240
239	241
240	241
240	242
241	242
241	243
242	243
242	244
242	245
242	246
242	247
243	244
243	245
243	246
243	247
243	248
244	245
244	246
244	247
244	248
244	249
245	246
245	247
245	248
245	249
245	250
246	247
246	248
246	249
246	250
246	251
247	248
247	249
247	250
247	251
247	252
248	249
248	250
248	251
248	252
248	253
249	250
249	251
249	252
249	253
249	254
250	251
250	252
250	253
250	254
250	255
251	252
251	253
251	254
251	255
251	256
252	253
252	254
252	255
252	256
253	254
253	255
253	256
253	257
253	258
253	283
254	255
254	256
254	257
254	258
254	259
255	256
255	257
255	259
256	257
256	258
256	259
257	258
257	259
257	280
258	259
258	260
258	279
258	280
258	281
258	282
258	283
258	284
259	260
259	261
259	277
259	278
259	280
259	281
259	282
260	261
260	262
260	277
260	280
260	281
261	262
261	263
261	264
261	266
261	267
261	275
261	277
261	278
261	280
261	281
262	263
262	264
262	266
262	277
262	280
262	281
263	264
263	265
263	266
263	267
263	269
263	277
264	265
264	266
264	267
264	268
265	266
265	267
265	268
265	269
266	267
266	268
266	269
266	270
266	271
266	272
266	275
266	277
266	278
267	268
267	269
267	272
267	277
267	278
267	279
267	281
267	282
268	269
268	270
268	272
269	270
269	271
269	272
269	273
270	271
270	272
270	273
270	274
271	272
271	273
271	274
271	275
271	276
271	278
271	279
272	273
272	274
272	275
272	278
272	279
272	282
273	274
273	275
273	278
273	279
273	282
273	287
273	288
274	275
274	276
274	279
275	276
275	277
275	278
275	279
275	280
276	277
276	278
276	279
276	280
276	281
277	278
277	279
277	280
277	281
278	279
278	280
278	281
278	282
279	280
279	281
279	282
279	283
280	281
280	282
281	282
281	283
281	284
282	283
282	284
282	285
282	286
283	284
283	285
284	285
284	286
285	286
285	287
286	287
286	288
287	288
287	289
287	293
288	289
288	290
288	293
289	290
289	291
289	292
289	293
289	294
290	291
290	292
290	293
290	294
291	292
291	293
291	294
292	293
292	294
293	294
