116	117
116	118
116	120
116	121
116	124
117	118
117	119
117	120
117	121
117	122
118	119
118	120
118	121
118	122
118	123
119	120
119	121
119	122
119	123
119	124
120	121
120	122
120	123
120	124
120	125
121	122
121	123
121	124
121	125
121	126
122	123
122	124
122	125
122	126
123	124
123	125
123	128
124	125
124	126
124	127
124	128
124	129
124	162
125	126
125	127
125	128
125	129
125	130
126	127
126	128
126	129
126	130
126	131
126	159
127	128
127	129
127	130
127	131
127	132
127	158
127	159
127	160
127	162
128	129
128	130
128	131
128	132
128	133
128	158
128	159
128	162
128	166
129	130
129	131
129	132
129	133
129	134
129	162
130	131
130	132
130	133
130	134
130	135
130	159
131	132
131	133
131	134
131	135
131	136
131	158
131	159
131	160
131	162
131	163
131	166
132	133
132	134
132	135
132	136
132	137
132	139
132	162
132	166
132	170
133	134
133	135
133	136
133	137
133	138
134	135
134	136
134	137
134	138
134	139
134	159
134	163
135	136
135	137
135	138
135	139
135	140
135	163
135	166
135	167
135	170
135	172
136	137
136	138
136	139
136	140
136	141
137	138
137	139
137	140
137	141
137	142
138	139
138	140
138	141
138	142
138	143
138	144
138	150
138	167
138	172
139	140
139	141
139	142
139	143
139	170
139	172
140	141
140	142
140	143
141	142
141	143
142	143
142	144
142	147
143	144
143	145
143	147
143	148
143	150
143	172
144	145
144	146
144	147
144	148
144	150
144	172
145	146
145	147
145	148
145	149
145	170
145	171
145	172
145	173
146	147
146	148
146	172
147	148
147	149
148	149
148	150
148	172
148	173
149	150
149	151
149	173
149	174
149	175
149	193
149	194
150	151
150	152
150	167
150	172
150	173
150	174
150	175
150	176
151	152
151	153
151	167
151	173
151	174
151	175
151	176
151	177
151	196
152	153
152	154
152	155
152	159
152	160
152	161
152	163
152	164
152	167
152	174
152	175
152	176
152	177
152	178
153	154
153	155
153	156
153	160
153	175
153	176
153	177
154	155
154	156
154	157
154	158
154	159
154	160
154	161
154	177
154	178
155	156
155	157
155	159
155	160
155	161
155	162
155	164
155	175
155	176
155	177
155	178
155	186
155	187
155	190
156	157
156	158
156	160
156	161
156	177
156	178
156	179
156	180
156	183
156	186
156	187
157	158
157	159
157	160
157	161
157	162
157	180
158	159
158	160
158	161
158	162
158	163
159	160
159	161
159	162
159	163
159	164
160	161
160	162
160	163
160	164
160	165
161	162
161	163
161	164
161	165
161	166
161	186
161	187
161	190
162	163
162	164
162	165
162	166
162	167
162	190
163	164
163	165
163	166
163	167
163	168
163	174
164	165
164	166
164	167
164	168
164	169
164	174
164	175
164	176
164	187
164	190
164	191
164	192
165	166
165	167
165	168
165	169
165	170
165	190
165	191
166	167
166	168
166	169
166	170
166	171
166	172
167	168
167	169
167	170
167	171
167	172
167	173
167	174
168	169
168	170
168	171
168	172
168	174
168	190
168	191
168	192
169	170
169	171
169	172
169	190
170	171
170	172
171	172
171	173
172	173
172	174
172	191
172	193
173	174
173	175
173	191
173	193
173	194
174	175
174	176
174	191
174	192
174	193
174	194
175	176
175	177
175	192
175	193
175	194
175	195
175	196
176	177
176	178
176	187
176	192
176	193
176	194
176	195
176	196
176	197
177	178
177	179
177	187
177	194
177	195
177	196
177	197
177	198
178	179
178	180
178	181
178	183
178	184
178	187
178	195
178	196
178	197
178	198
178	199
179	180
179	181
179	183
179	196
179	197
179	198
179	199
180	181
180	182
180	183
180	184
181	182
181	183
181	184
181	185
182	183
182	184
182	185
182	186
183	184
183	185
183	186
183	187
183	188
183	195
184	185
184	186
184	187
184	188
184	189
184	194
184	195
184	196
185	186
185	187
185	188
185	189
185	190
185	195
186	187
186	188
186	189
186	190
186	191
187	188
187	189
187	190
187	191
187	192
187	195
188	189
188	190
188	191
188	192
188	193
188	194
188	195
189	190
189	191
189	192
190	191
190	192
191	192
191	193
192	193
192	194
192	195
193	194
193	195
194	195
194	196
195	196
195	197
196	197
196	198
196	200
197	198
197	199
197	200
198	199
198	200
199	200
