24	25
24	26
24	27
24	28
25	26
25	27
25	28
26	27
26	28
26	29
26	30
26	31
27	28
27	29
27	30
27	31
27	32
28	29
28	30
28	31
28	32
28	33
28	69
29	30
29	31
29	32
29	33
29	34
29	69
29	76
29	78
29	80
29	81
30	31
30	32
30	33
30	34
30	35
31	32
31	33
31	34
31	35
31	36
32	33
32	34
32	35
32	36
32	37
32	66
32	69
32	70
32	76
32	81
32	85
33	34
33	35
33	36
33	37
33	38
33	80
33	81
33	84
34	35
34	36
34	37
34	38
34	39
35	36
35	37
35	38
35	39
35	40
35	62
35	65
35	66
35	88
36	37
36	38
36	39
36	40
36	41
36	66
36	81
36	84
36	85
36	88
37	38
37	39
37	40
37	41
37	84
37	87
37	88
38	39
38	40
38	41
38	43
38	59
39	40
39	41
39	42
39	59
39	62
39	63
39	66
39	88
39	92
40	41
40	42
40	59
40	84
40	87
40	88
40	91
40	92
41	42
41	43
41	59
41	91
41	92
42	43
42	44
42	59
42	91
42	92
43	44
43	45
43	52
43	55
43	56
43	59
44	45
44	46
44	47
44	48
44	49
44	51
44	52
44	56
45	46
45	47
45	48
45	49
45	50
45	51
45	56
46	47
46	48
46	49
47	48
47	49
48	49
48	50
48	51
48	56
49	50
49	51
49	53
49	56
50	51
50	52
50	53
50	56
51	52
51	53
51	54
51	55
51	56
52	53
52	54
52	55
52	56
52	57
53	54
53	55
53	56
53	57
53	58
54	55
54	56
54	57
54	58
54	59
55	56
55	57
55	58
55	59
55	60
56	57
56	58
56	59
56	60
56	61
57	58
57	59
57	60
57	61
57	62
58	59
58	60
58	61
58	62
58	63
59	60
59	61
59	62
59	63
59	64
59	92
60	61
60	62
60	63
60	64
60	65
61	62
61	63
61	64
61	65
61	66
62	63
62	64
62	65
62	66
62	67
63	64
63	65
63	66
63	67
63	68
63	88
63	92
64	65
64	66
64	67
64	68
64	69
65	66
65	67
65	68
65	69
65	70
66	67
66	68
66	69
66	70
66	71
66	88
67	68
67	69
67	70
67	71
67	72
68	69
68	70
68	71
68	72
68	73
69	70
69	71
69	72
69	73
69	74
69	76
70	71
70	72
70	73
70	74
70	76
71	72
71	73
71	74
72	73
72	74
73	74
73	75
73	76
74	75
74	76
74	77
75	76
75	77
75	78
76	77
76	78
76	81
77	78
77	79
77	81
77	82
78	79
78	80
78	81
78	82
79	80
79	81
79	82
79	83
80	81
80	82
80	83
80	84
81	82
81	83
81	84
81	85
81	86
82	83
82	84
82	85
82	86
82	87
83	84
83	85
83	86
83	87
83	88
84	85
84	86
84	87
84	88
84	89
85	86
85	87
85	88
85	89
85	90
86	87
86	88
86	89
86	90
86	91
86	94
87	88
87	89
87	90
87	91
87	92
88	89
88	90
88	91
88	92
88	93
89	90
89	91
89	92
89	93
89	94
90	91
90	92
90	93
90	94
90	95
91	92
91	93
91	94
92	93
92	94
92	95
93	94
93	95
94	95
94	96
95	96
95	97
96	97
96	98
97	98
97	99
98	99
98	100
98	101
99	100
99	101
99	102
100	101
100	102
100	103
100	104
101	102
101	103
102	103
102	104
102	113
103	104
103	105
103	108
103	113
104	105
104	106
104	107
104	108
105	106
105	107
105	108
105	109
106	107
106	108
106	109
107	108
107	109
107	112
108	109
108	110
108	112
108	113
109	110
109	111
109	112
109	113
110	111
110	112
110	113
111	112
111	113
112	113
