39	40
39	41
39	42
39	43
40	41
40	42
40	43
40	44
40	45
41	42
41	43
41	44
41	45
41	46
42	43
42	44
42	45
42	46
42	47
42	128
42	129
42	130
43	44
43	45
43	46
43	47
43	48
43	128
44	45
44	46
44	47
44	48
44	49
45	46
45	47
45	48
45	49
45	50
45	125
45	128
46	47
46	48
46	49
46	50
46	51
46	125
46	128
47	48
47	49
47	50
47	51
47	52
47	125
47	128
48	49
48	50
48	51
48	52
48	53
49	50
49	51
49	52
49	53
49	54
49	121
49	122
49	124
49	125
49	128
50	51
50	52
50	53
50	54
50	55
50	121
50	122
50	125
51	52
51	53
51	54
51	55
51	56
52	53
52	54
52	55
52	56
52	57
52	121
53	54
53	55
53	56
53	57
53	58
53	117
53	118
53	119
53	121
53	122
54	55
54	56
54	57
54	58
54	59
54	118
55	56
55	57
55	58
55	59
55	60
56	57
56	58
56	59
56	60
56	61
56	68
56	69
56	113
56	114
56	115
56	117
56	118
56	121
57	58
57	59
57	60
57	67
57	68
57	69
57	70
57	114
57	115
57	118
58	59
58	60
58	67
58	68
58	69
58	70
58	73
58	114
59	60
59	61
59	67
59	68
59	69
60	61
60	62
60	66
60	67
60	68
60	69
60	110
60	114
61	62
61	63
61	66
61	67
61	68
61	110
61	114
62	63
62	64
62	66
62	67
62	106
62	110
63	64
63	65
63	66
63	67
63	89
63	110
64	65
64	66
64	67
64	89
64	91
65	66
65	67
65	71
65	89
65	90
65	91
65	107
65	110
66	67
66	68
66	71
66	72
66	89
66	91
66	106
66	107
66	110
67	68
67	69
67	70
67	71
67	72
67	110
67	114
68	69
68	70
68	71
68	72
68	73
68	110
68	114
69	70
69	71
69	72
69	73
69	74
69	76
69	110
69	114
69	115
70	71
70	72
70	73
70	74
70	75
70	77
70	91
71	72
71	73
71	74
71	75
71	76
71	91
71	107
71	110
72	73
72	74
72	75
72	76
72	77
72	91
72	107
72	110
72	111
72	114
72	115
73	74
73	75
73	76
73	77
74	75
74	76
74	77
74	91
74	94
75	76
75	77
75	80
75	90
75	91
75	93
75	94
75	99
75	100
75	107
76	77
76	80
77	80
77	81
77	82
77	83
80	81
80	82
80	83
80	94
80	95
80	97
81	82
81	83
82	83
82	84
83	84
83	85
83	95
84	85
84	86
84	95
85	86
85	87
85	88
85	91
85	92
85	93
85	95
86	87
86	88
86	92
87	88
87	89
87	92
88	89
88	90
88	91
88	92
88	93
89	90
89	91
89	92
90	91
90	92
90	93
90	94
90	99
90	107
91	92
91	93
91	94
91	95
91	96
91	99
91	107
92	93
92	94
92	95
92	96
92	97
92	98
92	99
93	94
93	95
93	96
93	97
93	98
93	99
93	107
94	95
94	96
94	97
94	98
94	99
94	107
95	96
95	97
95	98
95	99
96	97
96	98
97	98
97	99
97	100
97	101
97	102
98	99
98	100
98	102
98	105
99	100
99	101
99	102
99	103
99	105
99	106
99	107
99	108
100	101
100	102
100	103
100	105
100	107
100	108
101	102
101	103
101	108
102	103
102	104
102	105
102	106
102	108
103	104
103	105
103	108
103	109
104	105
104	106
104	108
105	106
105	107
105	108
105	109
105	110
106	107
106	108
106	109
106	110
106	111
107	108
107	109
107	110
107	111
107	112
108	109
108	110
108	111
108	112
108	113
109	110
109	111
109	112
109	113
109	114
110	111
110	112
110	113
110	114
110	115
111	112
111	113
111	114
111	115
111	116
112	113
112	114
112	115
112	116
112	117
113	114
113	115
113	116
113	117
113	118
114	115
114	116
114	117
114	118
114	119
115	116
115	117
115	118
115	119
115	120
116	117
116	118
116	119
116	120
116	121
117	118
117	119
117	120
117	121
117	122
118	119
118	120
118	121
118	122
118	123
119	120
119	121
119	122
119	123
119	124
120	121
120	122
120	123
120	124
120	125
121	122
121	123
121	124
121	125
121	126
122	123
122	124
122	125
122	126
122	127
123	124
123	125
123	126
123	127
123	128
124	125
124	126
124	127
124	128
125	126
125	127
125	128
126	127
126	128
126	129
127	128
127	129
128	129
128	130
129	130
