2	3
2	4
2	31
2	34
3	4
3	5
3	35
4	5
4	6
4	7
4	8
4	9
4	30
4	31
4	34
5	6
5	7
5	8
5	9
5	10
6	7
6	8
6	9
6	10
6	11
6	25
6	28
6	29
6	30
6	31
6	34
7	8
7	9
7	10
7	11
7	12
7	30
7	31
7	34
7	42
8	9
8	10
8	11
8	12
8	13
8	34
9	10
9	11
9	12
9	13
9	14
9	21
9	25
10	11
10	12
10	13
10	14
10	15
10	21
10	22
10	23
10	25
10	26
10	30
10	31
10	32
10	33
10	34
10	42
10	45
11	12
11	13
11	14
11	15
11	16
11	25
11	34
11	35
11	36
11	40
11	41
11	42
11	45
12	13
12	14
12	15
12	16
12	17
12	18
12	45
13	14
13	15
13	16
13	17
13	18
13	19
13	21
13	22
13	25
14	15
14	16
14	17
14	18
14	22
14	41
14	42
14	43
14	45
14	46
14	49
14	51
14	54
15	16
15	17
15	18
15	36
15	40
15	45
15	46
15	49
16	17
16	18
16	49
16	51
17	18
17	19
17	20
17	22
17	49
17	51
18	19
18	20
18	21
18	22
18	23
18	49
18	51
18	54
19	20
19	21
19	22
19	23
19	24
19	51
19	53
19	54
20	21
20	22
20	23
20	24
20	25
20	54
21	22
21	23
21	24
21	25
21	26
22	23
22	24
22	25
22	26
22	27
22	30
22	54
23	24
23	25
23	26
23	27
23	28
23	53
23	54
24	25
24	26
24	27
24	28
24	29
25	26
25	27
25	28
25	29
25	30
25	31
26	27
26	28
26	29
26	30
26	32
26	54
27	28
27	29
27	30
28	29
28	30
29	30
29	31
29	32
30	31
30	32
30	33
31	32
31	33
31	34
31	35
31	42
32	33
32	34
32	41
32	42
32	43
33	34
33	35
33	41
33	42
34	35
34	36
34	40
34	41
34	42
35	36
35	37
35	38
35	39
35	40
35	41
35	42
36	37
36	38
36	39
36	40
36	41
36	45
37	38
37	39
37	40
38	39
38	40
39	40
39	41
39	44
40	41
40	42
40	44
40	45
40	48
41	42
41	43
41	44
41	45
41	46
42	43
42	44
42	45
42	46
42	47
42	54
43	44
43	45
43	46
43	47
43	48
43	54
43	55
43	56
44	45
44	46
44	47
44	48
44	49
45	46
45	47
45	48
45	49
45	50
46	47
46	48
46	49
46	50
46	51
46	52
46	54
46	55
47	48
47	49
47	50
47	51
47	55
48	49
48	50
48	51
49	50
49	51
50	51
50	52
50	53
50	55
51	52
51	53
51	54
51	55
51	56
52	53
52	54
52	55
52	56
53	54
53	55
53	56
54	55
54	56
55	56
