11	12
11	13
11	14
11	17
12	13
12	14
12	16
12	17
13	14
13	15
13	16
13	17
13	18
14	15
14	16
14	17
14	18
14	19
14	29
14	32
14	33
14	36
15	16
15	17
15	18
15	19
16	17
16	18
16	19
16	20
16	21
17	18
17	19
17	20
17	22
17	25
17	26
17	27
17	28
17	29
17	32
18	19
18	20
18	25
18	26
18	29
18	30
18	33
19	20
19	21
19	26
19	30
20	21
20	22
20	23
20	25
20	26
21	22
21	23
21	26
22	23
22	24
22	25
22	26
22	27
23	24
23	25
23	26
23	27
23	28
24	25
24	26
24	27
24	28
24	29
25	26
25	27
25	28
25	29
25	30
26	27
26	28
26	29
26	30
26	31
27	28
27	29
27	30
27	31
27	32
28	29
28	30
28	31
28	32
28	33
29	30
29	31
29	32
29	33
29	34
30	31
30	32
30	33
30	34
30	35
30	37
31	32
31	33
31	34
31	35
31	36
32	33
32	34
32	35
32	36
32	37
33	34
33	35
33	36
33	37
33	38
34	35
34	36
34	37
34	38
34	39
35	36
35	37
35	38
35	39
35	40
36	37
36	38
36	39
36	40
37	38
37	39
37	40
38	39
38	40
39	40
