405	406
405	407
405	409
405	410
406	407
406	408
406	409
406	410
406	411
407	408
407	409
407	410
407	411
407	412
407	419
407	423
408	409
408	410
408	411
408	412
408	413
408	419
408	420
408	423
408	424
409	410
409	411
409	412
409	413
409	414
410	411
410	412
410	413
410	414
410	415
410	416
411	412
411	413
411	414
411	415
411	416
411	417
411	419
411	420
411	423
412	413
412	414
412	415
412	416
412	420
413	414
413	415
413	416
414	415
414	416
415	416
415	417
415	418
415	420
416	417
416	418
416	419
416	420
416	421
417	418
417	419
417	420
417	421
417	422
418	419
418	420
418	421
418	422
418	423
419	420
419	421
419	422
419	423
419	424
420	421
420	422
420	423
420	424
421	422
421	423
421	424
422	423
422	424
423	424
