204	205
204	206
204	223
204	224
204	225
204	226
205	206
205	207
205	223
205	224
205	225
205	226
206	207
206	208
206	224
207	208
207	209
207	218
207	219
207	221
207	222
207	223
207	224
208	209
208	210
208	216
208	218
208	224
208	230
208	232
209	210
209	211
209	216
209	232
210	211
210	212
210	213
210	214
210	215
210	216
210	232
211	212
211	213
211	214
211	215
211	216
211	232
211	233
212	213
212	214
212	215
213	214
213	215
213	233
214	215
214	216
214	233
215	216
215	217
215	231
215	232
215	233
216	217
216	218
216	230
216	231
216	232
216	233
217	218
217	219
217	229
217	230
217	231
217	232
218	219
218	220
218	224
218	229
218	230
218	231
219	220
219	221
219	224
219	228
219	229
219	230
220	221
220	222
220	224
221	222
221	223
221	224
221	225
221	228
222	223
222	224
222	225
223	224
223	225
223	228
224	225
224	226
224	228
224	229
225	226
225	227
225	228
226	227
226	228
227	228
227	229
228	229
228	230
229	230
229	231
230	231
230	232
231	232
231	233
232	233
