23	24
23	25
23	26
23	27
23	28
24	25
24	26
24	27
24	28
24	29
24	43
24	46
24	47
24	48
24	49
25	26
25	27
25	28
25	29
25	30
25	48
25	49
25	52
25	60
26	27
26	28
26	29
26	30
26	31
26	52
26	55
27	28
27	29
27	30
27	31
27	32
27	39
27	43
28	29
28	30
28	31
28	32
28	33
28	39
28	40
28	43
28	44
28	48
28	49
28	50
28	51
28	52
28	60
28	76
29	30
29	31
29	32
29	33
29	34
29	43
29	52
29	53
29	54
29	58
29	59
29	60
29	63
30	31
30	32
30	33
30	34
30	35
30	36
30	39
30	63
31	32
31	33
31	34
31	35
31	36
31	37
31	39
31	40
31	43
31	69
31	72
32	33
32	34
32	35
32	36
32	40
32	59
32	60
32	61
32	63
32	64
32	65
32	67
32	69
32	72
32	76
33	34
33	35
33	36
33	60
33	63
33	64
33	67
33	69
33	72
34	35
34	36
34	39
34	63
34	67
34	69
35	36
35	37
35	38
35	40
35	64
35	69
35	72
36	37
36	38
36	39
36	40
36	41
36	69
36	72
37	38
37	39
37	40
37	41
37	42
37	71
37	72
37	75
38	39
38	40
38	41
38	42
38	43
38	75
39	40
39	41
39	42
39	43
39	44
40	41
40	42
40	43
40	44
40	45
40	48
40	72
40	75
40	76
41	42
41	43
41	44
41	45
41	46
41	75
42	43
42	44
42	45
42	46
42	47
43	44
43	45
43	46
43	47
43	48
43	49
44	45
44	46
44	47
44	48
44	50
44	75
44	76
45	46
45	47
45	48
46	47
46	48
47	48
47	49
48	49
48	50
49	50
49	51
49	52
49	60
50	51
50	52
50	59
50	60
50	61
50	76
51	52
51	53
51	59
51	60
52	53
52	54
52	57
52	58
52	59
52	60
53	54
53	55
53	56
53	57
53	58
53	59
53	60
54	55
54	56
54	57
54	58
54	59
54	63
55	56
55	57
55	58
56	57
56	58
57	58
57	59
57	62
58	59
58	60
58	62
58	63
58	66
59	60
59	61
59	62
59	63
59	64
60	61
60	62
60	63
60	64
60	65
60	72
60	73
60	76
61	62
61	63
61	64
61	65
61	66
61	72
61	73
61	74
61	76
61	77
62	63
62	64
62	65
62	66
62	67
62	76
63	64
63	65
63	66
63	67
63	68
63	69
64	65
64	66
64	67
64	68
64	69
64	70
64	72
64	73
64	76
65	66
65	67
65	68
65	69
65	73
66	67
66	68
66	69
67	68
67	69
68	69
68	70
68	71
68	73
69	70
69	71
69	72
69	73
69	74
70	71
70	72
70	73
70	74
70	75
71	72
71	73
71	74
71	75
71	76
72	73
72	74
72	75
72	76
72	77
73	74
73	75
73	76
73	77
74	75
74	76
74	77
75	76
75	77
76	77
