1	2
1	3
1	4
1	5
1	31
2	3
2	4
2	5
2	30
2	31
2	32
3	4
3	5
3	7
3	27
3	30
3	31
3	32
4	5
4	6
4	7
4	8
4	9
4	27
4	28
4	29
4	31
4	32
4	33
4	34
5	6
5	7
5	31
5	32
5	33
6	7
6	8
6	31
6	32
6	33
6	34
7	8
7	9
7	32
7	33
7	34
7	35
8	9
8	10
8	33
8	34
8	35
9	10
9	11
9	28
9	33
9	34
9	35
9	36
9	37
10	11
10	12
10	34
10	35
10	36
10	37
10	38
11	12
11	13
11	14
11	21
11	22
11	24
11	25
11	28
11	35
11	36
11	37
11	38
12	13
12	14
12	21
12	36
12	37
12	38
13	14
13	15
13	16
13	19
13	20
13	21
13	22
13	38
14	15
14	16
14	17
14	19
14	21
14	22
14	25
14	37
14	38
14	44
14	48
14	51
14	55
15	16
15	17
15	19
15	21
15	44
15	48
15	51
16	17
16	18
16	19
16	20
16	22
16	44
16	51
17	18
17	19
17	22
17	23
17	26
17	51
17	54
18	19
18	20
18	22
18	23
19	20
19	21
19	22
19	23
19	24
20	21
20	22
20	23
20	24
20	25
21	22
21	23
21	24
21	25
21	26
21	37
22	23
22	24
22	25
22	26
22	27
22	51
22	54
22	55
23	24
23	25
23	26
23	27
23	28
24	25
24	26
24	27
24	28
24	29
24	35
25	26
25	27
25	28
25	29
25	30
25	35
25	37
25	55
26	27
26	28
26	29
26	30
26	31
26	35
26	54
26	55
27	28
27	29
27	30
27	31
27	32
27	55
28	29
28	30
28	31
28	32
28	33
28	34
28	35
29	30
29	31
29	32
29	33
29	34
29	35
29	54
29	55
30	31
30	32
30	33
31	32
31	33
32	33
32	34
33	34
33	35
33	55
34	35
34	36
35	36
35	37
35	55
36	37
36	38
37	38
37	39
37	48
37	51
37	52
37	53
37	55
38	39
38	40
38	44
38	48
39	40
39	41
39	42
39	43
39	44
39	45
39	48
40	41
40	42
40	43
40	44
41	42
41	43
41	44
41	45
42	43
42	44
42	45
42	46
43	44
43	45
43	46
43	47
44	45
44	46
44	47
44	48
44	49
44	51
45	46
45	47
45	48
45	49
45	50
46	47
46	48
46	49
46	50
46	51
47	48
47	49
47	50
47	51
47	52
48	49
48	50
48	51
48	52
48	53
49	50
49	51
49	52
49	53
49	54
50	51
50	52
50	53
50	54
50	55
51	52
51	53
51	54
51	55
52	53
52	54
52	55
53	54
53	55
54	55
