126	127
126	128
126	129
126	130
126	131
126	165
126	169
127	128
127	129
127	131
127	165
127	169
128	129
128	130
128	131
128	132
128	133
129	130
129	131
129	132
129	133
129	134
129	157
130	131
130	132
130	133
130	134
130	135
130	154
130	157
130	161
130	165
130	166
130	169
130	172
130	173
131	132
131	133
131	134
131	135
131	136
131	169
132	133
132	134
132	135
132	136
132	137
132	150
133	134
133	135
133	136
133	137
133	138
133	150
133	153
133	154
133	157
133	176
134	135
134	136
134	137
134	138
134	139
134	150
134	154
134	169
134	172
134	173
134	175
134	176
135	136
135	137
135	138
135	139
135	142
135	176
136	137
136	138
136	139
136	142
136	146
136	147
136	150
137	138
137	139
137	140
137	142
137	146
137	147
137	150
137	151
137	154
137	175
137	176
137	177
137	179
137	180
138	139
138	140
138	142
138	147
138	175
138	176
138	179
139	140
139	141
139	142
139	147
140	141
140	142
140	147
141	142
141	143
141	147
142	143
142	144
142	146
142	147
143	144
143	145
143	146
143	147
143	148
144	145
144	146
144	147
144	148
144	149
145	146
145	147
145	148
145	149
145	150
146	147
146	148
146	149
146	150
146	151
147	148
147	149
147	150
147	151
147	152
148	149
148	150
148	151
148	152
148	153
149	150
149	151
149	152
149	153
149	154
150	151
150	152
150	153
150	154
150	155
151	152
151	153
151	154
151	155
151	156
151	176
151	177
151	180
152	153
152	154
152	155
152	156
152	157
153	154
153	155
153	156
153	157
153	158
154	155
154	156
154	157
154	158
154	159
154	173
154	176
154	177
155	156
155	157
155	158
155	159
155	160
156	157
156	158
156	159
156	160
156	161
157	158
157	159
157	160
157	161
157	166
158	159
158	160
158	161
158	166
158	173
158	177
159	160
159	161
159	166
160	161
160	162
160	166
161	162
161	163
161	164
161	165
161	166
162	163
162	164
162	165
162	166
162	167
163	164
163	165
163	166
163	167
163	168
164	165
164	166
164	167
164	168
165	166
165	167
165	168
165	169
165	170
166	167
166	168
166	169
166	170
166	171
166	173
167	168
167	169
167	170
167	171
168	169
168	170
168	171
168	172
169	170
169	171
169	172
169	173
169	174
170	171
170	172
170	173
170	174
170	175
171	172
171	173
171	174
171	175
171	176
172	173
172	174
172	175
172	176
172	177
173	174
173	175
173	176
173	177
173	178
174	175
174	176
174	177
174	178
174	179
175	176
175	177
175	178
175	179
175	180
176	177
176	178
176	179
176	180
177	178
177	179
177	180
178	179
178	180
179	180
