5	6
5	7
6	7
6	8
7	8
7	9
8	9
8	10
9	10
9	11
10	11
10	12
10	13
10	14
11	12
11	13
11	14
11	15
11	45
12	13
12	14
12	15
12	16
13	14
13	15
13	16
13	17
13	18
13	38
13	41
13	42
13	45
14	15
14	16
14	17
14	18
14	19
14	21
14	45
15	16
15	17
15	18
15	19
15	20
15	22
16	17
16	18
16	19
16	20
16	21
16	38
16	39
16	42
16	43
17	18
17	19
17	20
17	21
17	22
17	42
17	45
17	46
17	49
18	19
18	20
18	21
18	22
19	20
19	21
19	22
19	23
20	21
20	22
20	23
20	24
20	28
20	31
20	39
20	42
20	43
20	46
20	50
21	22
21	23
21	24
21	28
21	46
21	49
21	50
22	23
22	24
22	27
22	50
23	24
23	25
23	27
23	28
23	31
23	46
23	50
24	25
24	26
24	27
24	28
24	29
24	50
25	26
25	27
25	28
25	29
25	30
25	47
25	50
25	52
25	54
25	55
26	27
26	28
26	29
26	30
26	31
27	28
27	29
27	30
27	31
27	32
27	43
28	29
28	30
28	31
28	32
28	33
28	43
28	44
28	46
28	47
28	50
29	30
29	31
29	32
29	33
29	43
29	47
29	54
29	55
29	58
29	62
30	31
30	32
30	33
30	34
31	32
31	33
31	34
31	35
31	36
31	39
31	40
31	43
32	33
32	34
32	39
32	40
32	43
32	44
32	47
32	58
32	62
32	69
32	70
32	73
32	77
33	34
33	35
33	40
33	62
33	67
33	70
34	35
34	36
34	37
34	39
34	40
34	69
35	36
35	37
35	40
36	37
36	38
36	39
36	40
36	41
37	38
37	39
37	40
37	41
37	42
38	39
38	40
38	41
38	42
38	43
39	40
39	41
39	42
39	43
39	44
40	41
40	42
40	43
40	44
40	45
40	69
40	72
40	73
41	42
41	43
41	44
41	45
41	46
41	48
41	73
41	76
42	43
42	44
42	45
42	46
42	47
43	44
43	45
43	46
43	47
43	48
44	45
44	46
44	47
44	48
44	49
44	73
44	76
44	77
45	46
45	47
45	48
45	49
45	50
45	76
45	77
46	47
46	48
46	49
46	50
46	51
47	48
47	49
47	50
47	51
47	52
47	55
47	77
47	81
48	49
48	50
48	51
48	76
48	77
48	78
48	79
48	80
48	81
48	82
49	50
49	51
49	81
49	82
50	51
50	52
50	81
51	52
51	53
51	55
51	56
51	81
51	82
52	53
52	54
52	55
52	56
52	57
52	81
52	82
53	54
53	55
53	56
53	57
53	58
53	84
53	87
54	55
54	56
54	57
54	58
54	59
55	56
55	57
55	58
55	59
55	60
55	77
55	78
55	81
56	57
56	58
56	59
56	60
56	61
56	77
56	78
56	81
56	82
56	83
56	87
56	91
57	58
57	59
57	60
57	61
57	62
58	59
58	60
58	61
58	62
58	63
58	74
58	77
59	60
59	61
59	62
59	63
59	64
59	70
59	71
59	73
59	74
59	75
59	77
59	78
59	81
60	61
60	62
60	63
60	64
60	65
60	74
60	78
60	91
60	94
61	62
61	63
61	64
61	65
62	63
62	64
62	65
62	66
62	67
62	69
62	70
62	71
62	72
62	73
62	74
63	64
63	65
63	70
63	71
63	74
63	75
63	78
63	94
63	95
63	102
64	65
64	66
64	71
65	66
65	67
65	68
65	70
65	71
66	67
66	68
66	71
67	68
67	69
67	70
67	71
67	72
68	69
68	70
68	71
68	72
68	73
68	102
68	104
68	106
68	107
69	70
69	71
69	72
69	73
69	74
69	107
70	71
70	72
70	73
70	74
70	75
71	72
71	73
71	74
71	75
71	76
71	102
71	103
71	104
71	107
71	110
72	73
72	74
72	75
72	76
72	77
72	106
72	107
72	108
72	109
72	110
72	111
73	74
73	75
73	76
73	77
73	78
73	110
74	75
74	76
74	77
74	78
74	79
74	95
75	76
75	77
75	78
75	79
75	80
75	95
75	107
75	110
75	111
75	114
76	77
76	78
76	79
76	80
76	81
76	95
76	110
76	111
76	114
77	78
77	79
77	80
77	81
77	114
77	118
78	79
78	80
78	81
78	83
78	91
78	94
78	95
78	114
78	118
79	80
79	81
79	91
79	95
79	113
79	114
79	115
79	117
79	118
80	81
80	82
80	114
80	117
80	118
81	82
81	83
81	118
82	83
82	84
82	118
83	84
83	85
83	86
83	87
83	88
83	89
83	91
83	92
83	118
84	85
84	86
84	87
84	88
84	89
85	86
85	87
85	88
85	89
86	87
86	88
86	89
86	90
87	88
87	89
87	90
87	91
87	92
88	89
88	90
88	91
88	92
88	93
88	118
89	90
89	91
89	92
89	93
89	94
90	91
90	92
90	93
90	94
90	95
91	92
91	93
91	94
91	95
91	96
91	118
92	93
92	94
92	95
92	96
92	97
92	115
92	116
92	118
92	119
93	94
93	95
93	96
93	97
94	95
94	96
94	97
94	99
94	111
95	96
95	97
95	99
95	100
95	111
95	112
95	114
95	115
95	118
96	97
96	99
96	100
96	101
96	111
96	115
97	99
97	100
97	101
97	102
99	100
99	101
99	102
99	107
99	108
99	109
99	111
99	112
99	115
100	101
100	102
100	108
100	112
101	102
101	103
101	104
101	108
102	103
102	104
102	105
102	107
102	108
103	104
103	105
103	108
104	105
104	106
104	107
104	108
104	109
105	106
105	107
105	108
105	109
105	110
106	107
106	108
106	109
106	110
106	111
107	108
107	109
107	110
107	111
107	112
108	109
108	110
108	111
108	112
108	113
109	110
109	111
109	112
109	113
109	114
110	111
110	112
110	113
110	114
110	115
111	112
111	113
111	114
111	115
111	116
112	113
112	114
112	115
112	116
112	117
113	114
113	115
113	116
113	117
113	118
114	115
114	116
114	117
114	118
114	119
115	116
115	117
115	118
115	119
115	120
116	117
116	118
116	119
116	120
117	118
117	119
117	120
118	119
118	120
119	120
