5	6
5	7
6	7
6	8
7	8
7	9
8	9
8	10
9	10
9	11
10	11
10	12
10	13
10	14
11	12
11	13
11	14
11	15
11	45
12	13
12	14
12	15
12	16
13	14
13	15
13	16
13	17
13	18
13	38
13	41
13	42
13	45
14	15
14	16
14	17
14	18
14	19
14	21
14	45
15	16
15	17
15	18
15	19
15	20
15	22
16	17
16	18
16	19
16	20
16	21
16	38
16	39
16	42
16	43
17	18
17	19
17	20
17	21
17	22
17	42
17	45
17	46
17	49
18	19
18	20
18	21
18	22
19	20
19	21
19	22
19	23
20	21
20	22
20	23
20	24
20	28
20	31
20	39
20	42
20	43
20	46
20	50
21	22
21	23
21	24
21	28
21	46
21	49
21	50
22	23
22	24
22	27
22	50
23	24
23	25
23	27
23	28
23	31
23	46
23	50
24	25
24	26
24	27
24	28
24	29
24	50
25	26
25	27
25	28
25	29
25	30
25	47
25	50
25	52
25	54
25	55
26	27
26	28
26	29
26	30
26	31
27	28
27	29
27	30
27	31
27	32
27	43
28	29
28	30
28	31
28	32
28	33
28	43
28	44
28	46
28	47
28	50
29	30
29	31
29	32
29	33
29	43
29	47
29	54
29	55
29	58
29	62
30	31
30	32
30	33
30	34
31	32
31	33
31	34
31	35
31	36
31	39
31	40
31	43
32	33
32	34
32	39
32	40
32	43
32	44
32	47
32	58
32	62
32	69
32	70
32	73
32	77
33	34
33	35
33	40
33	62
33	67
33	70
34	35
34	36
34	37
34	39
34	40
34	69
35	36
35	37
35	40
36	37
36	38
36	39
36	40
36	41
37	38
37	39
37	40
37	41
37	42
38	39
38	40
38	41
38	42
38	43
39	40
39	41
39	42
39	43
39	44
40	41
40	42
40	43
40	44
40	45
40	69
40	72
40	73
41	42
41	43
41	44
41	45
41	46
41	48
41	73
41	76
42	43
42	44
42	45
42	46
42	47
43	44
43	45
43	46
43	47
43	48
44	45
44	46
44	47
44	48
44	49
44	73
44	76
44	77
45	46
45	47
45	48
45	49
45	50
45	76
45	77
46	47
46	48
46	49
46	50
46	51
47	48
47	49
47	50
47	51
47	52
47	55
47	77
47	81
48	49
48	50
48	51
48	76
48	77
48	78
48	79
48	80
48	81
48	82
49	50
49	51
49	81
49	82
50	51
50	52
50	81
51	52
51	53
51	55
51	56
51	81
51	82
52	53
52	54
52	55
52	56
52	57
52	81
52	82
53	54
53	55
53	56
53	57
53	58
53	84
53	87
54	55
54	56
54	57
54	58
54	59
55	56
55	57
55	58
55	59
55	60
55	77
55	78
55	81
56	57
56	58
56	59
56	60
56	61
56	77
56	78
56	81
56	82
56	83
56	87
56	91
57	58
57	59
57	60
57	61
57	62
58	59
58	60
58	61
58	62
58	63
58	74
58	77
59	60
59	61
59	62
59	63
59	64
59	70
59	71
59	73
59	74
59	75
59	77
59	78
59	81
60	61
60	62
60	63
60	64
60	65
60	74
60	78
60	91
60	94
61	62
61	63
61	64
61	65
62	63
62	64
62	65
62	66
62	67
62	69
62	70
62	71
62	72
62	73
62	74
63	64
63	65
63	70
63	71
63	74
63	75
63	78
63	94
63	95
63	102
64	65
64	66
64	71
65	66
65	67
65	68
65	70
65	71
66	67
66	68
66	71
67	68
67	69
67	70
67	71
67	72
68	69
68	70
68	71
68	72
68	73
68	102
68	104
68	106
68	107
69	70
69	71
69	72
69	73
69	74
69	107
70	71
70	72
70	73
70	74
70	75
71	72
71	73
71	74
71	75
71	76
71	102
71	103
71	104
71	107
71	110
72	73
72	74
72	75
72	76
72	77
72	106
72	107
72	108
72	109
72	110
72	111
73	74
73	75
73	76
73	77
73	78
73	110
74	75
74	76
74	77
74	78
74	79
74	95
75	76
75	77
75	78
75	79
75	80
75	95
75	107
75	110
75	111
75	114
76	77
76	78
76	79
76	80
76	81
76	95
76	110
76	111
76	114
77	78
77	79
77	80
77	81
77	114
77	118
78	79
78	80
78	81
78	83
78	91
78	94
78	95
78	114
78	118
78	121
79	80
79	81
79	91
79	95
79	113
79	114
79	115
79	117
79	118
79	121
80	81
80	82
80	114
80	117
80	118
80	121
81	82
81	83
81	118
81	121
82	83
82	84
82	118
83	84
83	85
83	86
83	87
83	88
83	89
83	91
83	92
83	118
84	85
84	86
84	87
84	88
84	89
85	86
85	87
85	88
85	89
85	122
86	87
86	88
86	89
86	90
87	88
87	89
87	90
87	91
87	92
88	89
88	90
88	91
88	92
88	93
88	118
88	121
88	122
88	124
88	125
89	90
89	91
89	92
89	93
89	94
89	124
89	125
90	91
90	92
90	93
90	94
90	95
90	125
91	92
91	93
91	94
91	95
91	96
91	118
92	93
92	94
92	95
92	96
92	97
92	115
92	116
92	118
92	119
92	125
92	128
92	129
92	132
93	94
93	95
93	96
93	97
93	128
94	95
94	96
94	97
94	99
94	111
95	96
95	97
95	99
95	100
95	111
95	112
95	114
95	115
95	118
95	132
96	97
96	99
96	100
96	101
96	111
96	115
96	128
96	129
96	132
97	99
97	100
97	101
97	102
97	132
99	100
99	101
99	102
99	107
99	108
99	109
99	111
99	112
99	115
99	132
99	136
99	139
99	144
100	101
100	102
100	108
100	112
100	131
100	132
100	133
100	135
100	136
100	139
101	102
101	103
101	104
101	108
102	103
102	104
102	105
102	107
102	108
103	104
103	105
103	108
104	105
104	106
104	107
104	108
104	109
104	144
105	106
105	107
105	108
105	109
105	110
105	139
105	141
105	143
105	144
106	107
106	108
106	109
106	110
106	111
106	141
106	143
106	144
107	108
107	109
107	110
107	111
107	112
108	109
108	110
108	111
108	112
108	113
108	139
108	140
108	141
108	144
108	147
109	110
109	111
109	112
109	113
109	114
109	141
109	143
109	144
109	147
110	111
110	112
110	113
110	114
110	115
110	147
111	112
111	113
111	114
111	115
111	116
111	132
112	113
112	114
112	115
112	116
112	117
112	129
112	132
112	133
112	136
112	144
112	145
112	147
112	148
112	150
112	151
113	114
113	115
113	116
113	117
113	118
113	143
113	146
113	147
113	150
114	115
114	116
114	117
114	118
114	119
115	116
115	117
115	118
115	119
115	120
115	125
115	129
115	132
115	151
116	117
116	118
116	119
116	120
116	121
116	129
116	132
116	147
116	150
116	151
116	154
117	118
117	119
117	120
117	121
117	122
117	150
117	154
118	119
118	120
118	121
118	122
118	123
118	125
119	120
119	121
119	122
119	123
119	124
119	125
119	126
119	129
119	154
119	155
120	121
120	122
120	123
120	154
121	122
121	123
122	123
122	124
122	125
122	126
123	124
123	125
123	126
123	127
123	155
124	125
124	126
124	127
124	128
125	126
125	127
125	128
125	129
125	130
126	127
126	128
126	129
126	130
126	131
126	154
126	155
127	128
127	129
127	130
127	131
127	132
128	129
128	130
128	131
128	132
128	133
129	130
129	131
129	132
129	133
129	134
129	151
129	152
129	155
130	131
130	132
130	133
130	134
130	135
130	155
130	159
130	160
130	163
131	132
131	133
131	134
131	135
131	136
132	133
132	134
132	135
132	136
132	137
132	148
132	151
133	134
133	135
133	136
133	137
133	138
133	148
133	151
133	152
133	160
133	163
134	135
134	136
134	137
134	138
134	148
134	159
134	163
135	136
135	137
135	138
135	139
135	163
136	137
136	138
136	139
136	141
136	144
136	145
136	148
137	138
137	139
137	144
137	145
137	148
137	152
137	163
137	166
137	167
137	170
138	139
138	140
138	141
138	145
138	148
138	162
138	163
138	166
139	140
139	141
139	142
139	144
139	145
139	148
140	141
140	142
140	144
140	145
141	142
141	143
141	144
141	145
141	146
142	143
142	144
142	145
142	146
142	147
142	170
142	172
142	175
143	144
143	145
143	146
143	147
143	148
144	145
144	146
144	147
144	148
144	149
145	146
145	147
145	148
145	149
145	150
145	167
145	170
145	171
145	172
145	175
146	147
146	148
146	149
146	150
146	151
146	167
146	172
146	174
146	175
146	178
147	148
147	149
147	150
147	151
147	152
148	149
148	150
148	151
148	152
148	153
148	163
148	167
149	150
149	151
149	152
149	153
149	154
149	164
149	167
149	175
149	178
149	179
149	182
150	151
150	152
150	153
150	154
150	155
150	178
151	152
151	153
151	154
151	155
152	153
152	154
152	155
152	160
152	161
152	163
152	164
152	167
152	182
152	186
153	154
153	155
153	178
153	182
153	185
153	186
154	155
155	160
155	186
155	188
159	160
159	161
159	162
159	163
160	161
160	162
160	163
160	164
160	165
160	188
161	162
161	163
161	164
161	165
161	166
161	183
161	188
161	189
161	190
161	193
162	163
162	164
162	165
162	166
162	167
163	164
163	165
163	166
163	167
163	168
164	165
164	166
164	167
164	168
164	169
164	178
164	179
164	180
164	182
164	183
164	186
164	188
165	166
165	167
165	168
165	169
165	170
165	179
165	183
165	190
165	192
165	193
165	196
166	167
166	168
166	169
166	170
167	168
167	169
167	170
167	171
167	172
167	175
167	176
167	177
167	179
168	169
168	170
168	175
168	176
168	179
168	180
168	181
168	183
168	192
168	193
168	196
168	197
168	203
169	170
169	171
169	172
169	176
169	196
170	171
170	172
170	173
170	175
170	176
171	172
171	173
171	176
172	173
172	174
172	175
172	176
172	177
173	174
173	175
173	176
173	177
173	178
173	203
173	205
173	208
174	175
174	176
174	177
174	178
174	179
174	205
174	208
175	176
175	177
175	178
175	179
175	180
176	177
176	178
176	179
176	180
176	181
176	203
176	204
176	205
176	208
177	178
177	179
177	180
177	181
177	182
177	205
177	207
177	208
177	211
178	179
178	180
178	181
178	182
178	183
179	180
179	181
179	182
179	183
179	184
179	197
180	181
180	182
180	183
180	184
180	185
180	197
180	208
180	211
180	212
181	182
181	183
181	184
181	185
181	186
181	197
181	211
182	183
182	184
182	185
182	186
182	187
182	188
182	211
183	184
183	185
183	186
183	187
183	188
183	189
183	193
183	197
183	219
184	185
184	186
184	187
184	188
184	197
184	210
184	211
184	212
184	214
184	215
184	216
184	219
185	186
185	187
185	188
186	187
186	188
186	219
187	188
187	189
187	219
188	189
188	190
188	193
188	219
189	190
189	191
189	193
189	194
189	219
190	191
190	192
190	193
190	194
190	195
190	219
191	192
191	193
191	194
191	195
191	196
191	223
192	193
192	194
192	195
192	196
192	197
193	194
193	195
193	196
193	197
193	198
193	216
193	219
194	195
194	196
194	197
194	198
194	199
194	216
194	219
194	220
194	221
194	223
195	196
195	197
195	198
195	199
195	216
195	221
195	223
196	197
196	198
196	199
196	201
196	212
197	198
197	199
197	201
197	202
197	211
197	212
197	213
197	214
197	215
197	216
197	219
198	199
198	201
198	202
198	212
198	216
198	221
198	223
198	224
199	201
199	202
199	203
199	216
201	202
201	203
201	209
201	212
201	213
201	216
201	223
201	224
201	227
202	203
202	204
202	205
202	209
203	204
203	205
203	206
203	208
203	209
204	205
204	206
204	209
205	206
205	207
205	208
205	209
205	210
206	207
206	208
206	209
206	210
206	211
206	238
207	208
207	209
207	210
207	211
207	212
208	209
208	210
208	211
208	212
208	213
209	210
209	211
209	212
209	213
209	214
209	227
209	231
209	234
210	211
210	212
210	213
210	214
210	215
210	238
210	240
210	241
211	212
211	213
211	214
211	215
211	216
212	213
212	214
212	215
212	216
212	217
212	224
213	214
213	215
213	216
213	217
213	218
213	224
213	227
213	228
213	231
213	240
213	241
213	244
214	215
214	216
214	217
214	218
214	219
214	224
214	240
214	241
214	244
215	216
215	217
215	218
215	219
215	220
216	217
216	218
216	219
216	220
216	221
216	222
216	223
216	224
216	248
217	218
217	219
217	220
217	221
217	224
217	228
217	244
217	245
217	247
217	248
217	249
218	219
218	220
218	221
218	243
218	244
218	247
218	248
219	220
219	221
219	248
220	221
220	222
220	246
220	247
220	248
220	249
221	222
221	223
221	224
221	225
221	248
222	223
222	224
222	225
222	226
222	248
222	249
222	250
223	224
223	225
223	226
223	227
224	225
224	226
224	227
224	228
224	229
224	248
225	226
225	227
225	228
225	229
225	230
225	248
225	250
225	252
225	253
226	227
226	228
226	229
226	230
226	231
227	228
227	229
227	230
227	231
227	232
228	229
228	230
228	231
228	232
228	233
228	241
228	242
228	244
228	245
228	248
228	253
229	230
229	231
229	232
229	233
229	234
229	253
229	256
230	231
230	232
230	233
230	234
231	232
231	233
231	234
231	236
231	237
231	238
231	241
232	233
232	234
232	237
232	238
232	241
232	242
232	245
232	253
232	256
232	257
233	234
233	235
233	237
233	256
234	235
234	236
234	237
235	236
235	237
236	237
236	238
237	238
237	239
237	241
237	242
238	239
238	240
238	241
238	242
238	243
239	240
239	241
239	242
239	243
239	244
240	241
240	242
240	243
240	244
240	245
241	242
241	243
241	244
241	245
241	246
242	243
242	244
242	245
242	246
242	247
242	257
243	244
243	245
243	246
243	247
243	248
244	245
244	246
244	247
244	248
244	249
244	253
245	246
245	247
245	248
245	249
245	250
245	253
245	257
246	247
246	248
246	249
246	250
246	253
246	257
247	248
247	249
247	250
248	249
248	250
248	253
249	250
249	251
250	251
250	252
250	253
250	254
251	252
251	253
251	254
251	255
252	253
252	254
252	255
252	256
253	254
253	255
253	256
253	257
253	258
254	255
254	256
254	257
254	258
254	259
255	256
255	257
255	258
255	259
256	257
256	258
256	259
257	258
257	259
258	259
