50	51
50	52
50	84
50	86
51	52
51	53
51	61
51	73
51	86
52	53
52	54
52	86
53	54
53	55
53	56
53	59
53	60
53	61
53	64
53	86
54	55
54	56
54	57
54	58
54	59
54	60
54	61
54	89
55	56
55	57
55	58
55	59
55	60
55	64
55	92
56	57
56	58
56	59
56	92
57	58
57	59
57	91
57	92
57	93
58	59
58	60
58	63
58	89
58	90
58	91
58	92
59	60
59	61
59	62
59	63
59	64
59	67
59	91
59	92
59	95
59	100
60	61
60	62
60	63
60	64
60	65
60	86
60	89
60	91
61	62
61	63
61	64
61	65
61	66
61	73
61	77
61	86
62	63
62	64
62	65
62	66
62	67
62	74
62	77
62	78
62	81
62	86
62	87
62	88
62	97
62	100
62	113
63	64
63	65
63	66
63	67
63	68
63	77
63	86
63	87
63	89
63	90
63	91
63	95
63	96
63	97
63	100
64	65
64	66
64	67
64	68
64	69
64	70
64	100
65	66
65	67
65	68
65	69
65	70
65	71
65	73
65	74
65	77
66	67
66	68
66	69
66	70
66	71
66	74
66	96
66	97
66	98
66	100
66	101
66	104
66	106
66	109
66	113
67	68
67	69
67	70
67	100
67	104
68	69
68	70
68	71
69	70
69	71
69	72
69	104
69	106
70	71
70	72
70	73
70	74
70	75
71	72
71	73
71	74
71	75
71	76
71	106
71	108
71	109
71	112
72	73
72	74
72	75
72	76
72	77
72	112
73	74
73	75
73	76
73	77
73	78
74	75
74	76
74	77
74	78
74	79
74	109
74	112
74	113
75	76
75	77
75	78
75	79
75	80
75	112
76	77
76	78
76	79
76	80
76	81
77	78
77	79
77	80
77	81
77	82
77	86
78	79
78	80
78	81
78	82
78	87
78	112
78	113
78	116
79	80
79	81
79	82
80	81
80	82
80	83
80	84
81	82
81	83
81	84
81	85
81	86
81	87
81	116
82	83
82	84
82	87
82	116
82	117
82	154
83	84
83	85
83	87
83	116
83	117
84	85
84	86
84	87
84	88
84	116
84	117
85	86
85	87
85	88
85	89
86	87
86	88
86	89
87	88
87	89
87	96
87	97
87	98
87	113
87	116
87	117
87	118
87	119
88	89
88	90
88	95
88	96
88	97
88	117
88	118
88	119
88	120
88	122
89	90
89	91
89	95
89	96
89	97
90	91
90	92
90	93
90	94
90	95
90	96
90	99
90	122
90	123
90	124
90	125
91	92
91	93
91	94
91	95
91	96
91	100
91	125
92	93
92	94
92	95
92	125
93	94
93	95
93	124
93	125
93	126
94	95
94	96
94	99
94	122
94	123
94	124
94	125
95	96
95	97
95	99
95	100
95	103
95	123
95	124
95	125
95	133
96	97
96	98
96	99
96	100
96	101
96	119
96	122
96	124
97	98
97	99
97	100
97	101
97	102
97	109
97	113
98	99
98	100
98	101
98	102
98	103
98	109
98	110
98	113
98	114
98	118
98	119
98	120
98	130
98	133
98	146
99	100
99	101
99	102
99	103
99	104
99	113
99	122
99	123
99	124
99	128
99	129
99	130
99	133
100	101
100	102
100	103
100	104
100	105
100	106
100	133
101	102
101	103
101	104
101	105
101	106
101	107
101	109
101	110
101	113
101	142
102	103
102	104
102	105
102	106
102	110
102	130
102	131
102	133
102	134
102	137
102	139
102	142
102	146
103	104
103	105
103	106
103	133
103	134
103	137
103	139
104	105
104	106
104	137
104	139
104	142
105	106
105	107
105	110
105	137
105	139
105	141
105	142
106	107
106	108
106	109
106	110
106	111
106	139
106	141
106	142
107	108
107	109
107	110
107	111
107	112
107	141
107	142
107	145
108	109
108	110
108	111
108	112
108	113
108	142
108	145
109	110
109	111
109	112
109	113
109	114
110	111
110	112
110	113
110	114
110	115
110	142
110	145
110	146
111	112
111	113
111	114
111	115
111	116
111	145
111	151
112	113
112	114
112	115
112	116
112	117
112	154
113	114
113	115
113	116
113	117
113	118
113	119
113	150
114	115
114	116
114	117
114	118
114	120
114	145
114	146
114	147
114	148
114	149
114	150
114	151
114	196
114	199
115	116
115	117
115	118
115	150
115	151
115	152
115	153
115	154
115	155
116	117
116	118
116	150
116	153
116	154
117	118
117	119
117	150
117	154
118	119
118	120
118	150
119	120
119	121
119	122
119	130
119	150
120	121
120	122
120	129
120	130
120	131
120	146
120	150
120	196
120	199
121	122
121	123
121	128
121	129
121	193
121	198
121	199
121	202
122	123
122	124
122	128
122	129
122	130
123	124
123	125
123	126
123	127
123	128
123	129
123	205
124	125
124	126
124	127
124	128
124	129
124	133
124	136
124	205
125	126
125	127
125	128
125	205
126	127
126	128
126	204
126	205
126	206
127	128
127	129
127	132
127	203
127	204
127	205
128	129
128	130
128	131
128	132
128	133
128	136
128	204
128	205
128	206
128	213
129	130
129	131
129	132
129	133
129	134
129	199
129	202
129	204
129	210
130	131
130	132
130	133
130	134
130	135
130	146
130	199
131	132
131	133
131	134
131	135
131	136
131	142
131	143
131	146
131	147
131	199
131	200
131	210
131	222
131	226
132	133
132	134
132	135
132	136
132	137
132	199
132	202
132	203
132	204
132	208
132	209
132	210
132	213
133	134
133	135
133	136
133	137
133	138
133	139
134	135
134	136
134	137
134	138
134	139
134	140
134	142
134	143
134	146
134	219
134	222
135	136
135	137
135	138
135	139
135	143
135	210
135	211
135	213
135	214
135	217
135	219
135	222
135	226
136	137
136	138
136	139
136	213
136	217
136	222
137	138
137	139
137	140
137	217
137	219
138	139
138	140
138	141
138	217
138	218
138	219
138	220
138	221
138	222
139	140
139	141
139	142
139	143
139	144
139	219
139	222
140	141
140	142
140	143
140	144
140	145
140	219
140	220
140	221
140	222
140	225
141	142
141	143
141	144
141	145
141	146
141	225
142	143
142	144
142	145
142	146
142	147
143	144
143	145
143	146
143	147
143	148
143	222
143	225
143	226
144	145
144	146
144	147
144	148
144	225
145	146
145	147
145	148
145	149
145	151
146	147
146	148
146	149
146	196
146	199
147	148
147	149
147	196
147	199
147	200
147	222
147	225
147	226
147	229
148	149
148	150
148	151
148	196
148	199
149	150
149	151
149	152
149	196
150	151
150	152
150	196
151	152
151	153
151	154
152	153
152	154
153	154
153	155
154	155
154	156
155	156
155	157
156	157
193	194
193	195
193	196
193	198
194	195
194	196
194	198
195	196
195	197
195	198
195	199
196	197
196	198
196	199
196	200
196	229
197	198
197	199
197	200
197	201
197	228
197	229
197	230
198	199
198	200
198	201
198	202
199	200
199	201
199	202
199	210
200	201
200	202
200	209
200	210
200	211
200	226
200	229
200	230
200	231
200	232
201	202
201	203
201	209
201	210
201	230
201	231
201	232
201	233
201	235
202	203
202	204
202	208
202	209
202	210
203	204
203	205
203	206
203	207
203	208
203	209
203	210
203	238
204	205
204	206
204	207
204	208
204	209
204	213
205	206
205	207
205	208
206	207
206	208
206	237
206	238
206	239
207	208
207	209
207	212
207	236
207	237
207	238
208	209
208	210
208	212
208	213
208	216
208	237
208	238
208	242
208	247
209	210
209	211
209	212
209	213
209	214
209	232
209	235
210	211
210	212
210	213
210	214
210	215
210	222
210	226
211	212
211	213
211	214
211	215
211	216
211	222
211	223
211	226
211	227
211	231
211	232
211	233
211	234
211	244
211	247
212	213
212	214
212	215
212	216
212	217
212	226
212	235
212	236
212	237
212	238
212	242
212	243
212	244
212	247
213	214
213	215
213	216
213	217
213	218
213	219
213	247
214	215
214	216
214	217
214	218
214	219
214	220
214	222
214	223
214	226
214	256
215	216
215	217
215	218
215	219
215	223
215	244
215	245
215	247
215	248
215	249
215	251
215	253
215	256
216	217
216	218
216	219
216	247
216	251
217	218
217	219
217	220
217	251
218	219
218	220
218	223
218	251
218	252
218	253
218	256
219	220
219	221
219	222
219	223
219	224
219	256
219	259
220	221
220	222
220	223
220	224
220	225
220	255
220	256
220	259
221	222
221	223
221	224
221	225
221	226
221	259
222	223
222	224
222	225
222	226
222	227
223	224
223	225
223	226
223	227
223	228
223	233
223	256
223	259
224	225
224	226
224	227
224	228
224	229
224	259
225	226
225	227
225	228
225	229
225	230
226	227
226	228
226	229
226	230
226	231
226	233
227	228
227	229
227	230
227	231
227	233
227	259
228	229
228	230
228	231
229	230
229	231
230	231
230	232
230	233
231	232
231	233
231	234
232	233
232	234
232	235
232	236
232	244
233	234
233	235
233	243
233	244
233	245
233	259
234	235
234	236
234	242
234	243
234	244
234	245
235	236
235	237
235	242
235	243
235	244
236	237
236	238
236	241
236	242
236	243
236	244
237	238
237	239
237	240
237	241
237	242
237	243
237	247
238	239
238	240
238	241
238	242
239	240
239	241
239	242
240	241
240	242
240	250
241	242
241	243
241	246
242	243
242	244
242	246
242	247
242	250
243	244
243	245
243	246
243	247
243	248
244	245
244	246
244	247
244	248
244	249
244	256
245	246
245	247
245	248
245	249
245	250
245	256
245	257
246	247
246	248
246	249
246	250
246	251
247	248
247	249
247	250
247	251
247	252
247	253
248	249
248	250
248	251
248	252
248	253
248	254
248	256
248	257
249	250
249	251
249	252
249	253
249	257
250	251
250	252
250	253
251	252
251	253
251	254
252	253
252	254
253	254
253	255
253	256
253	257
253	258
254	255
254	256
254	257
254	258
254	259
255	256
255	257
255	258
255	259
256	257
256	258
256	259
257	258
257	259
258	259
