1	2
1	3
1	25
1	26
1	27
1	28
1	75
1	76
1	125
1	247
1	248
2	3
2	4
2	26
2	27
2	28
2	29
2	51
2	52
2	53
2	72
2	73
2	74
2	75
2	76
2	77
3	4
3	5
3	20
3	26
3	27
3	28
3	29
3	30
3	74
3	75
3	76
3	77
3	78
3	244
3	247
3	248
4	5
4	6
4	27
4	28
4	29
4	30
4	31
4	65
4	68
4	69
4	72
4	74
4	75
4	76
4	77
4	78
4	79
4	107
5	6
5	7
5	8
5	13
5	16
5	17
5	20
5	28
5	29
5	30
5	31
5	32
5	76
5	77
5	78
5	79
5	80
6	7
6	8
6	9
6	13
6	29
6	30
6	31
6	32
6	59
6	77
6	78
6	79
6	80
6	81
6	82
6	107
7	8
7	9
7	10
7	11
7	12
7	13
7	14
7	30
7	31
7	32
7	59
7	78
7	80
7	81
7	82
8	9
8	10
8	13
8	14
8	15
8	17
8	30
8	31
8	32
8	43
8	80
8	81
9	10
9	11
9	13
9	14
9	17
9	30
9	31
9	32
9	34
9	37
9	38
9	39
9	40
9	42
9	43
9	54
9	203
10	11
10	12
10	13
10	14
10	15
10	18
10	32
10	37
10	38
10	39
10	42
10	201
11	12
11	13
11	14
11	15
11	16
11	18
11	37
11	197
11	198
11	199
11	200
11	201
11	202
11	203
11	236
11	334
12	13
12	14
12	15
12	16
12	17
12	80
12	131
12	194
12	197
12	236
12	239
12	240
12	243
13	14
13	15
13	16
13	17
13	18
13	43
13	80
14	15
14	16
14	17
14	18
14	19
14	39
14	42
14	43
14	200
14	201
15	16
15	17
15	18
15	19
15	20
15	43
15	236
15	237
15	240
16	17
16	18
16	19
16	20
16	21
16	78
16	80
16	237
16	239
16	240
16	243
16	244
17	18
17	19
17	20
17	21
17	22
17	28
17	30
17	43
17	46
17	52
18	19
18	20
18	21
18	22
18	23
18	42
18	43
18	45
18	46
18	200
18	201
18	236
18	237
19	20
19	21
19	22
19	23
19	24
19	237
19	240
19	241
19	244
20	21
20	22
20	23
20	24
20	25
20	26
20	27
20	28
20	51
20	78
20	244
21	22
21	23
21	24
21	26
21	27
21	28
21	46
21	49
21	51
21	52
22	23
22	24
22	45
22	46
22	51
23	24
23	25
23	244
24	25
24	26
24	27
24	51
24	244
25	26
25	27
25	51
26	27
26	28
26	51
26	244
26	248
27	28
27	29
27	50
27	51
27	52
28	29
28	30
28	51
28	52
28	53
28	54
29	30
29	31
29	51
29	52
29	53
29	54
29	55
29	68
29	72
29	74
30	31
30	32
30	40
30	43
30	52
30	53
30	54
30	55
30	56
31	32
31	33
31	53
31	54
31	55
31	56
31	57
31	58
31	59
31	65
31	68
31	69
31	81
32	33
32	34
32	35
32	38
32	54
32	55
32	56
32	57
32	58
33	34
33	35
33	54
33	55
33	56
33	57
33	58
33	59
33	99
34	35
34	36
34	37
34	38
34	39
34	40
34	54
34	56
34	57
34	350
35	36
35	37
35	38
35	39
35	83
35	349
35	350
36	37
36	38
36	83
36	84
36	85
36	203
36	349
36	350
37	38
37	39
37	82
37	203
37	349
37	350
38	39
38	40
38	203
38	349
38	350
39	40
39	41
39	42
39	43
39	203
39	340
39	343
39	344
39	349
39	350
40	41
40	42
40	43
40	44
40	47
40	52
40	54
40	349
41	42
41	43
41	44
41	45
41	201
41	339
41	340
41	343
41	344
41	348
41	349
41	350
42	43
42	44
42	45
42	201
42	203
42	340
43	44
43	45
43	46
43	47
43	48
43	52
43	54
43	201
44	45
44	46
44	47
44	48
44	201
45	46
45	47
45	48
45	201
46	47
46	48
46	49
46	52
47	48
47	49
47	52
48	49
48	50
48	51
48	52
49	50
49	51
49	52
49	53
50	51
50	52
50	53
51	52
51	53
52	53
52	54
52	55
53	54
53	55
53	72
54	55
54	56
54	57
54	72
55	56
55	57
55	64
55	67
55	68
55	71
55	72
56	57
56	58
56	64
57	58
57	59
57	61
57	64
57	65
57	68
58	59
58	60
58	61
58	62
58	64
58	65
58	99
59	60
59	61
59	62
59	65
59	79
59	81
59	82
59	98
59	99
59	100
59	103
59	104
59	106
59	107
60	61
60	62
60	63
60	65
60	98
60	99
60	102
60	103
60	106
61	62
61	63
61	64
61	65
61	66
61	106
62	63
62	64
62	65
62	66
62	67
62	106
62	110
63	64
63	65
63	66
63	67
63	68
63	110
64	65
64	66
64	67
64	68
64	69
65	66
65	67
65	68
65	69
65	70
65	106
65	107
65	110
66	67
66	68
66	69
66	70
66	71
66	110
67	68
67	69
67	70
67	71
67	72
68	69
68	70
68	71
68	72
68	73
68	74
69	70
69	71
69	72
69	73
69	74
69	77
69	107
69	110
69	111
69	114
69	126
69	128
70	71
70	72
70	73
70	74
70	114
71	72
71	73
72	73
72	74
72	75
72	114
72	122
73	74
73	75
73	114
73	118
73	122
74	75
74	76
74	77
74	114
74	118
74	122
74	126
75	76
75	77
75	114
75	122
75	125
75	126
75	127
76	77
76	78
76	125
76	126
76	127
76	128
76	247
77	78
77	79
77	107
77	111
77	126
77	127
77	128
77	129
77	130
77	247
78	79
78	80
78	81
78	127
78	128
78	129
78	130
78	131
78	240
78	243
78	244
78	247
79	80
79	81
79	82
79	99
79	100
79	103
79	104
79	107
79	128
79	129
79	130
79	131
79	132
79	171
79	174
79	178
80	81
80	82
80	129
80	131
80	171
80	239
80	243
81	82
81	83
81	99
81	100
81	104
81	171
82	83
82	84
82	99
82	100
82	167
82	171
83	84
83	85
83	86
83	87
83	95
83	96
83	99
83	100
83	167
83	170
84	85
84	86
84	96
84	100
84	167
84	206
85	86
85	87
85	95
85	96
85	167
86	87
86	88
86	96
86	166
86	167
87	88
87	89
87	93
87	94
87	95
87	96
87	97
88	89
88	90
88	92
88	94
88	96
89	90
89	91
89	92
89	93
89	94
89	95
90	91
90	92
91	92
91	93
91	94
92	93
92	94
93	94
93	95
93	97
93	98
94	95
94	96
94	97
94	98
94	99
95	96
95	97
95	98
95	99
95	100
96	97
96	98
96	99
96	100
96	101
96	166
96	167
96	170
97	98
97	99
97	100
97	101
97	102
97	103
97	166
97	170
98	99
98	100
98	101
98	102
98	103
98	104
99	100
99	101
99	102
99	103
99	104
100	101
100	102
100	103
100	104
100	105
100	130
100	167
100	170
100	171
100	173
100	174
100	177
101	102
101	103
101	104
101	105
101	106
101	169
101	170
101	171
101	173
101	174
101	177
102	103
102	104
102	105
102	106
102	107
102	177
103	104
103	105
103	106
103	107
103	108
104	105
104	106
104	107
104	108
104	109
104	128
104	130
104	173
104	174
104	175
104	177
104	178
105	106
105	107
105	108
105	109
105	110
105	177
105	181
106	107
106	108
106	109
106	110
106	111
107	108
107	109
107	110
107	111
107	112
107	128
108	109
108	110
108	111
108	112
108	113
108	128
108	174
108	177
108	178
108	181
108	187
108	189
109	110
109	111
109	112
109	113
109	114
109	181
109	185
110	111
110	112
110	113
110	114
110	115
111	112
111	113
111	114
111	115
111	116
111	126
111	128
111	187
112	113
112	114
112	115
112	116
112	117
112	181
112	185
112	187
113	114
113	115
113	116
113	117
113	118
114	115
114	116
114	117
114	118
114	122
114	126
115	116
115	117
115	118
115	119
115	122
115	123
115	124
115	126
115	185
115	186
115	187
115	188
116	117
116	118
116	119
116	123
116	187
117	118
117	119
117	123
118	119
118	120
118	122
118	123
118	126
119	120
119	121
119	122
119	123
119	124
120	121
120	122
120	123
120	124
120	125
121	122
121	123
121	124
121	125
121	126
122	123
122	124
122	125
122	126
123	124
123	125
123	126
123	127
123	188
124	125
124	126
124	127
124	188
125	126
125	127
125	188
126	127
126	128
126	187
126	188
126	252
127	128
127	129
127	188
127	189
127	190
127	247
127	250
127	251
127	252
128	129
128	130
128	178
128	187
128	188
128	189
128	190
128	191
129	130
129	131
129	188
129	189
129	190
129	191
129	192
129	242
129	243
129	244
129	246
129	247
130	131
130	132
130	171
130	174
130	175
130	178
130	190
130	191
130	192
130	193
131	132
131	133
131	171
131	174
131	175
131	190
131	191
131	192
131	193
131	194
131	239
131	243
132	133
132	134
132	136
132	161
132	171
132	172
132	174
132	175
132	191
132	192
132	193
132	194
132	195
132	239
133	134
133	135
133	136
133	137
133	167
133	168
133	171
133	175
133	192
133	193
133	194
133	195
134	135
134	136
134	137
134	138
134	155
134	193
134	194
134	195
134	196
134	232
134	304
134	305
134	306
135	136
135	137
135	138
135	139
135	155
135	162
135	163
135	164
135	165
135	167
135	168
135	194
135	196
135	301
135	304
136	137
136	138
136	160
136	161
136	162
136	163
136	168
136	171
136	172
136	175
136	193
137	138
137	139
137	155
137	156
137	157
137	158
137	159
137	160
137	161
137	162
137	163
137	179
137	193
137	255
137	257
137	306
138	139
138	140
138	155
138	160
138	161
138	162
138	163
138	164
138	301
138	303
138	304
139	140
139	141
139	155
139	162
139	164
139	231
139	300
139	301
139	302
139	303
139	304
140	141
140	142
140	145
140	153
140	154
140	155
140	159
140	302
140	303
140	304
140	305
140	306
141	142
141	143
141	145
141	146
141	152
141	153
141	303
142	143
142	144
142	145
142	146
142	152
142	228
142	229
142	230
142	265
142	302
142	303
143	144
143	145
143	146
143	147
143	148
143	152
143	230
143	263
143	265
143	302
143	303
144	145
144	146
144	147
144	226
144	228
144	302
145	146
145	147
145	302
146	147
146	148
146	149
146	150
146	151
146	152
146	153
147	148
147	149
147	150
148	149
148	150
148	151
149	150
149	151
150	151
150	152
151	152
151	153
152	153
152	154
152	263
152	303
153	154
153	155
153	263
153	303
153	305
154	155
154	156
154	159
154	263
154	303
154	305
154	306
154	307
155	156
155	157
155	159
155	257
155	303
155	304
155	305
155	306
155	307
155	308
156	157
156	158
156	159
156	257
156	305
156	307
157	158
157	159
157	179
157	255
157	256
157	257
157	258
157	307
157	308
157	309
157	310
157	311
158	159
158	160
158	257
159	160
159	161
159	257
160	161
160	162
161	162
161	163
161	171
161	172
161	173
161	175
161	176
161	179
161	191
161	193
162	163
162	164
162	168
163	164
163	165
163	168
163	169
163	170
163	172
164	165
164	166
164	168
164	169
164	301
164	304
165	166
165	167
165	168
165	169
165	170
165	301
166	167
166	168
166	169
166	170
166	171
167	168
167	169
167	170
167	171
167	172
168	169
168	170
168	171
168	172
168	173
168	301
169	170
169	171
169	172
169	173
169	174
170	171
170	172
170	173
170	174
170	175
171	172
171	173
171	174
171	175
171	176
172	173
172	174
172	175
172	176
172	177
173	174
173	175
173	176
173	177
173	178
174	175
174	176
174	177
174	178
174	179
175	176
175	177
175	178
175	179
175	180
175	191
175	192
175	193
176	177
176	178
176	179
176	180
176	181
177	178
177	179
177	180
177	181
177	182
178	179
178	180
178	181
178	182
178	183
178	187
178	189
178	190
178	191
179	180
179	181
179	182
179	183
179	184
179	189
179	191
179	193
179	254
179	255
180	181
180	182
180	183
180	184
180	185
180	186
181	182
181	183
181	184
181	185
181	186
181	187
181	189
182	183
182	184
182	185
182	186
182	187
182	188
182	189
182	252
182	253
183	184
183	185
183	186
183	187
184	185
184	186
184	187
185	186
185	187
186	187
186	188
186	189
187	188
187	189
187	252
188	189
188	190
188	252
188	253
189	190
189	191
189	251
189	252
189	253
189	254
190	191
190	192
190	246
190	247
190	250
190	251
190	252
190	253
190	254
190	255
190	256
191	192
191	193
191	254
191	255
191	256
191	257
192	193
192	194
192	239
192	243
192	246
192	254
192	255
192	256
192	257
192	258
192	311
193	194
193	195
193	255
193	256
193	257
193	258
193	259
193	306
194	195
194	196
194	197
194	234
194	239
194	256
194	257
194	258
194	259
194	306
195	196
195	197
195	231
195	232
195	233
195	234
195	239
195	258
195	259
195	260
195	304
195	306
196	197
196	198
196	231
196	232
196	233
196	234
196	235
196	304
197	198
197	199
197	202
197	208
197	232
197	233
197	234
197	235
197	236
197	239
197	240
198	199
198	200
198	202
198	208
198	233
198	234
198	235
198	236
198	237
198	262
198	321
198	322
198	323
198	324
198	325
198	326
198	327
198	330
199	200
199	201
199	202
199	208
199	209
199	234
199	235
199	236
199	326
199	330
199	333
199	334
200	201
200	202
200	235
200	236
200	237
200	329
200	330
200	333
200	334
201	202
201	203
201	237
201	333
201	334
201	337
201	340
202	203
202	204
202	205
202	206
202	207
202	208
202	209
202	233
202	333
202	334
202	340
203	204
203	205
203	206
203	207
203	209
203	210
203	334
203	340
203	344
203	349
204	205
204	206
204	207
204	209
204	210
204	211
204	213
204	334
204	340
204	341
204	344
204	345
205	206
205	207
205	209
205	210
205	344
205	345
206	207
206	208
206	209
206	210
206	211
207	208
207	209
207	210
207	211
207	212
207	224
207	233
207	266
207	269
207	270
207	273
208	209
208	210
208	211
208	212
208	213
208	233
208	269
208	273
208	323
208	327
208	330
208	334
209	210
209	211
209	212
209	213
209	214
209	330
209	334
210	211
210	212
210	213
210	214
210	215
210	217
210	221
210	224
211	212
211	213
211	214
211	215
211	216
211	221
211	269
211	270
211	273
211	274
211	277
212	213
212	214
212	215
212	216
212	217
212	221
212	273
212	277
212	327
212	330
212	331
212	334
212	335
213	214
213	215
213	216
213	217
213	218
213	219
213	334
213	341
213	345
214	215
214	216
214	217
214	218
214	219
214	220
214	221
214	222
214	290
215	216
215	217
215	218
215	219
215	220
215	221
215	273
215	274
215	277
215	283
215	287
215	290
216	217
216	218
216	219
216	277
216	281
216	283
216	287
216	290
216	334
216	335
217	218
217	219
217	290
217	345
218	219
218	220
218	283
218	290
219	220
219	221
219	290
220	221
220	222
220	290
220	291
220	292
221	222
221	223
221	270
221	274
221	287
221	288
221	290
221	291
221	292
221	293
222	223
222	224
222	270
222	290
222	291
222	292
222	293
222	294
223	224
223	225
223	226
223	227
223	228
223	229
223	266
223	267
223	270
223	291
223	292
223	293
223	294
223	295
224	225
224	226
224	227
224	229
224	266
224	292
224	293
224	294
224	295
224	296
224	297
225	226
225	227
225	228
225	229
225	293
225	294
225	295
225	296
225	297
225	300
226	227
226	228
226	229
226	265
226	267
226	293
226	296
227	228
227	229
227	230
227	265
227	266
227	267
227	268
227	293
228	229
228	230
228	264
228	265
228	266
228	267
228	300
228	302
229	230
229	231
229	264
229	265
229	266
229	267
229	296
229	297
229	300
229	301
229	302
229	303
230	231
230	232
230	233
230	263
230	264
230	265
230	266
230	301
230	302
230	303
230	304
230	305
231	232
231	233
231	262
231	263
231	264
231	265
231	266
231	297
231	300
231	301
231	302
231	303
231	304
231	305
232	233
232	234
232	258
232	259
232	260
232	261
232	262
232	263
232	264
232	304
232	305
232	306
232	307
233	234
233	235
233	259
233	260
233	261
233	262
233	263
233	264
233	265
233	266
233	269
233	323
234	235
234	236
234	238
234	239
234	258
234	259
234	260
234	262
234	317
234	319
235	236
235	237
235	238
235	239
235	240
235	241
235	260
235	321
235	326
235	327
235	329
235	330
236	237
236	238
236	239
236	240
236	241
237	238
237	239
237	240
237	241
237	242
238	239
238	240
238	241
238	242
238	243
238	258
238	317
238	318
238	319
238	320
238	321
238	322
239	240
239	241
239	242
239	243
239	244
239	258
239	317
240	241
240	242
240	243
240	244
240	245
241	242
241	243
241	244
241	245
241	246
241	317
241	320
241	321
242	243
242	244
242	245
242	246
242	247
242	258
242	311
242	315
242	317
243	244
243	245
243	246
243	247
243	248
243	258
243	317
244	245
244	246
244	247
244	248
244	249
245	246
245	247
245	248
245	249
245	250
245	315
245	316
245	317
246	247
246	248
246	249
246	250
246	251
246	256
246	258
246	311
246	315
247	248
247	249
247	250
248	249
248	250
249	250
249	251
249	256
249	315
250	251
250	252
250	254
250	256
250	315
251	252
251	253
251	254
251	255
251	256
251	315
252	253
252	254
253	254
253	255
254	255
254	256
254	310
254	314
255	256
255	257
255	310
256	257
256	258
256	310
256	311
256	314
256	315
257	258
257	259
257	306
257	307
257	308
257	309
257	310
257	311
257	317
258	259
258	260
258	306
258	307
258	308
258	311
258	317
259	260
259	261
259	262
259	306
259	308
259	317
259	319
260	261
260	262
260	317
260	319
260	321
260	322
260	323
261	262
261	263
261	306
261	308
261	309
261	312
261	317
261	318
261	319
262	263
262	264
262	304
262	305
262	306
262	322
262	323
263	264
263	265
263	303
263	304
263	305
264	265
264	266
264	268
264	269
264	323
264	324
265	266
265	267
265	268
265	269
265	270
266	267
266	268
266	269
266	270
266	271
267	268
267	269
267	270
267	271
267	272
267	293
268	269
268	270
268	271
268	272
268	273
268	323
269	270
269	271
269	272
269	273
269	274
269	323
269	327
270	271
270	272
270	273
270	274
270	275
270	291
271	272
271	273
271	274
271	275
271	276
271	288
271	291
271	293
272	273
272	274
272	275
272	276
272	277
272	323
272	324
272	327
273	274
273	275
273	276
273	277
273	278
273	287
273	327
273	331
274	275
274	276
274	277
274	278
274	279
274	286
274	287
274	288
274	291
275	276
275	277
275	278
275	279
275	280
275	286
275	287
275	288
276	277
276	278
276	279
276	280
276	281
276	287
276	324
276	327
276	328
276	331
277	278
277	279
277	280
277	281
277	282
277	283
277	287
277	331
277	335
278	279
278	280
278	281
278	282
278	283
278	285
278	286
278	287
278	288
279	280
279	281
279	282
279	287
279	328
280	281
280	282
280	283
280	287
280	328
280	331
280	332
280	335
281	282
281	283
281	287
281	335
282	283
282	284
282	285
282	287
283	284
283	285
283	286
283	287
283	290
284	285
284	286
285	286
285	287
285	289
286	287
286	288
286	289
286	290
287	288
287	289
287	290
287	291
288	289
288	290
288	291
288	292
289	290
289	291
289	292
290	291
290	292
291	292
291	293
292	293
292	294
293	294
293	295
294	295
294	296
295	296
295	297
296	297
296	298
296	300
297	298
297	299
297	300
297	301
298	299
298	300
298	301
299	300
299	301
300	301
300	302
301	302
301	303
301	304
302	303
302	304
303	304
303	305
304	305
304	306
305	306
305	307
306	307
306	308
307	308
307	309
307	310
307	313
308	309
308	310
308	311
308	312
308	313
308	317
309	310
309	311
309	312
309	313
309	314
310	311
310	312
310	313
310	314
310	315
310	316
311	312
311	313
311	314
311	315
311	316
311	317
312	313
312	314
312	315
312	316
312	317
312	318
313	314
313	315
313	316
313	317
314	315
314	316
315	316
315	317
316	317
316	318
317	318
317	319
317	320
318	319
318	320
319	320
319	321
319	322
320	321
320	322
320	325
321	322
321	323
321	325
321	326
321	329
322	323
322	324
322	325
322	326
322	327
323	324
323	325
323	326
323	327
323	328
324	325
324	326
324	327
324	328
324	329
325	326
325	327
325	328
325	329
325	330
326	327
326	328
326	329
326	330
326	331
327	328
327	329
327	330
327	331
327	332
328	329
328	330
328	331
328	332
328	333
329	330
329	331
329	332
329	333
329	334
330	331
330	332
330	333
330	334
330	335
331	332
331	333
331	334
331	335
331	336
332	333
332	334
332	335
332	336
332	337
333	334
333	335
333	336
333	337
333	338
333	340
333	341
334	335
334	336
334	337
334	338
334	340
334	341
335	336
335	337
335	338
336	337
336	338
336	339
337	338
337	339
337	340
337	341
337	342
338	339
338	340
338	341
338	342
338	343
339	340
339	341
339	342
339	343
339	344
340	341
340	342
340	343
340	344
340	345
340	349
341	342
341	343
341	344
341	345
341	346
342	343
342	344
342	345
342	346
342	347
342	348
343	344
343	345
343	346
343	347
343	348
343	349
343	350
344	345
344	346
344	347
344	348
344	349
345	346
345	347
345	348
345	349
346	347
346	348
346	349
347	348
347	349
347	350
348	349
348	350
349	350
