59	60
59	61
59	63
59	64
59	91
60	61
60	62
60	63
60	64
60	65
60	87
61	62
61	63
61	64
61	65
61	66
61	87
61	91
61	94
62	63
62	64
62	65
62	66
62	67
62	87
62	94
63	64
63	65
63	66
63	67
63	68
64	65
64	66
64	67
64	68
64	69
64	83
64	84
64	86
64	87
64	90
64	91
65	66
65	67
65	68
65	69
65	70
65	84
65	87
65	94
65	96
65	97
65	100
66	67
66	68
66	69
66	70
66	71
67	68
67	69
67	70
67	71
67	72
67	79
67	83
68	69
68	70
68	71
68	72
68	73
68	76
68	79
68	80
68	81
68	83
68	84
68	87
69	70
69	71
69	72
69	73
69	74
69	80
69	83
69	84
69	100
70	71
70	72
70	73
70	74
70	75
71	72
71	73
71	74
71	75
71	76
71	77
71	79
71	80
71	83
72	73
72	74
72	75
72	76
72	77
72	80
72	84
72	100
72	104
72	107
73	74
73	75
73	76
74	75
74	76
74	77
75	76
75	77
75	78
75	107
76	77
76	78
76	79
76	80
76	81
77	78
77	79
77	80
77	81
77	82
77	104
77	107
77	108
78	79
78	80
78	81
78	82
78	83
78	104
79	80
79	81
79	82
79	83
79	84
80	81
80	82
80	83
80	84
80	85
80	104
81	82
81	83
81	84
81	85
81	86
81	101
81	104
81	105
81	108
81	110
82	83
82	84
82	85
82	86
82	87
82	104
83	84
83	85
83	86
83	87
83	88
83	97
84	85
84	86
84	87
84	88
84	89
84	96
84	97
84	100
84	101
84	104
85	86
85	87
85	88
85	89
85	90
85	97
85	101
85	105
85	110
86	87
86	88
86	89
86	90
86	91
87	88
87	89
87	90
87	91
87	92
87	94
87	97
88	89
88	90
88	91
88	92
88	93
88	97
88	98
88	101
88	117
88	120
89	90
89	91
89	92
90	91
90	92
91	92
91	93
91	94
91	95
91	97
91	98
92	93
92	94
92	95
92	98
92	124
93	94
93	95
93	98
93	124
93	128
94	95
94	96
94	97
94	98
94	124
95	96
95	97
95	98
95	99
95	121
95	124
95	125
95	128
95	129
95	130
95	133
96	97
96	98
96	99
96	100
96	101
96	133
97	98
97	99
97	100
97	101
97	102
97	117
98	99
98	100
98	101
98	102
98	103
98	114
98	117
98	118
98	120
98	121
98	122
98	124
99	100
99	101
99	102
99	103
99	104
99	117
99	118
100	101
100	102
100	103
100	104
100	105
100	118
101	102
101	103
101	104
101	105
101	106
101	114
101	117
101	118
102	103
102	104
102	105
102	106
102	107
102	111
102	113
102	114
102	115
102	117
102	118
103	104
103	105
103	106
103	107
103	108
103	114
103	118
104	105
104	106
104	107
104	108
104	109
104	118
105	106
105	107
105	108
105	109
105	110
105	111
105	113
105	114
105	115
105	117
106	107
106	108
106	109
106	110
106	111
106	114
106	118
107	108
107	109
107	110
108	109
108	110
108	111
109	110
109	111
109	112
110	111
110	112
110	113
110	114
110	115
111	112
111	113
111	114
111	115
111	116
112	113
112	114
112	115
112	116
112	117
113	114
113	115
113	116
113	117
113	118
113	120
114	115
114	116
114	117
114	118
114	119
115	116
115	117
115	118
115	119
115	120
116	117
116	118
116	119
116	120
116	121
117	118
117	119
117	120
117	121
117	122
118	119
118	120
118	121
118	122
118	123
119	120
119	121
119	122
119	123
119	124
120	121
120	122
120	123
120	124
120	125
121	122
121	123
121	124
121	125
121	126
122	123
122	124
122	125
122	126
122	127
123	124
123	125
123	126
123	127
123	128
124	125
124	126
124	127
124	128
124	129
125	126
125	127
125	128
125	129
125	130
125	131
125	133
126	127
126	128
126	129
127	128
127	129
128	129
128	130
128	133
129	130
129	131
129	133
130	131
130	132
130	133
131	132
131	133
132	133
