107	108
107	109
107	110
107	111
107	112
108	109
108	110
108	111
108	112
108	113
109	110
109	111
109	112
109	113
109	114
110	111
110	112
110	113
110	114
110	115
110	152
111	112
111	113
111	114
111	115
111	116
111	152
111	156
111	160
112	113
112	114
112	115
112	116
112	117
113	114
113	115
113	116
113	117
113	118
113	153
114	115
114	116
114	117
114	118
114	119
114	152
114	153
114	156
115	116
115	117
115	118
115	119
115	120
115	153
115	156
115	160
116	117
116	118
116	119
116	120
116	121
117	118
117	119
117	120
117	121
117	122
117	131
117	145
117	153
118	119
118	120
118	121
118	122
118	123
118	153
118	154
118	156
118	157
118	160
118	162
118	165
119	120
119	121
119	122
119	123
119	124
119	165
120	121
120	122
120	123
120	124
120	125
120	126
120	131
121	122
121	123
121	124
121	125
121	126
121	127
121	128
121	131
121	165
122	123
122	124
122	125
122	126
122	131
122	164
122	165
123	124
123	125
124	125
124	126
125	126
125	127
125	164
126	127
126	128
126	130
126	131
126	136
127	128
127	129
127	130
127	131
127	132
128	129
128	130
128	131
128	132
128	133
129	130
129	131
129	132
129	133
129	134
129	135
130	131
130	132
130	133
130	134
130	135
130	136
131	132
131	133
131	134
131	135
131	136
131	144
131	145
132	133
132	134
132	135
132	144
132	145
132	146
132	150
133	134
133	135
133	136
133	144
133	145
134	135
134	136
134	144
135	136
135	137
136	137
144	145
144	146
144	149
145	146
145	147
145	149
145	150
145	153
146	147
146	148
146	149
146	150
146	151
147	148
147	149
147	150
147	151
147	152
148	149
148	150
148	151
148	152
148	153
149	150
149	151
149	152
149	153
149	154
150	151
150	152
150	153
150	154
150	155
151	152
151	153
151	154
151	155
151	156
152	153
152	154
152	155
152	156
152	157
153	154
153	155
153	156
153	157
153	158
153	165
153	166
154	155
154	156
154	157
154	158
154	159
154	162
154	165
154	166
155	156
155	157
155	158
155	159
155	160
155	166
156	157
156	158
156	159
156	160
156	161
156	162
156	166
157	158
157	159
157	160
157	161
157	162
157	163
157	164
157	165
157	166
158	159
158	160
158	161
158	162
158	163
158	165
158	166
159	160
159	161
159	162
159	166
160	161
160	162
161	162
161	163
161	164
161	166
162	163
162	164
162	165
162	166
162	167
163	164
163	165
163	166
163	167
164	165
164	166
164	167
165	166
165	167
166	167
