522	523
522	524
523	524
523	569
523	590
524	569
524	570
524	571
524	574
524	587
524	590
569	570
569	571
570	571
570	572
570	573
570	574
570	575
570	577
571	572
571	573
571	574
571	575
571	576
572	573
572	574
572	575
572	576
572	577
573	574
573	575
573	576
573	577
573	578
574	575
574	576
574	577
574	578
574	579
574	587
574	588
574	590
575	576
575	577
575	578
575	579
575	580
575	587
575	588
575	589
576	577
576	578
576	579
576	580
577	578
577	579
577	580
577	581
577	582
577	583
578	579
578	580
578	581
578	582
578	583
578	584
578	585
578	587
578	588
579	580
579	581
579	582
579	583
579	584
579	588
580	581
580	582
580	583
580	584
581	582
581	583
582	583
582	584
583	584
583	585
583	588
584	585
584	586
584	587
584	588
584	589
585	586
585	587
585	588
585	589
585	590
586	587
586	588
586	589
586	590
587	588
587	589
587	590
588	589
588	590
589	590
