229	230
229	231
229	260
230	231
230	232
230	233
230	234
230	260
231	232
231	233
231	234
231	235
231	257
231	260
231	261
231	264
232	233
232	234
232	235
232	236
232	264
232	266
233	234
233	235
233	236
233	237
233	238
234	235
234	236
234	237
234	238
234	239
234	253
234	254
234	256
234	257
235	236
235	237
235	238
235	239
235	240
235	257
235	264
235	266
235	267
235	268
235	270
236	237
236	238
236	239
236	240
236	241
237	238
237	239
237	240
237	241
237	242
237	250
237	253
238	239
238	240
238	241
238	242
238	243
238	250
238	253
238	254
238	270
238	274
239	240
239	241
239	242
239	243
239	244
239	250
239	266
239	270
240	241
240	242
240	243
240	244
240	245
240	246
240	250
241	242
241	243
241	244
241	245
241	246
241	247
241	250
241	253
241	274
242	243
242	244
242	245
242	246
242	247
242	250
242	269
242	270
242	273
242	274
242	276
242	277
243	244
243	245
243	246
243	247
244	245
244	246
245	246
245	247
246	247
246	248
246	250
246	251
246	274
247	248
247	250
247	251
247	252
247	273
247	274
247	277
247	278
248	250
248	251
248	252
248	253
248	278
250	251
250	252
250	253
250	254
250	255
250	270
250	274
251	252
251	253
251	254
251	255
251	256
251	271
251	274
251	275
251	278
251	280
252	253
252	254
252	255
252	256
253	254
253	255
253	256
253	257
254	255
254	256
254	257
254	259
254	267
254	270
254	271
254	274
255	256
255	257
255	259
255	260
255	271
256	257
256	259
256	260
256	261
257	259
257	260
257	261
257	262
257	264
257	267
259	260
259	261
259	262
260	261
260	262
261	262
261	263
261	264
261	265
261	267
261	268
262	263
262	264
262	265
262	268
263	264
263	265
263	266
263	268
264	265
264	266
264	267
264	268
264	269
265	266
265	267
265	268
265	269
266	267
266	268
266	269
266	270
267	268
267	269
267	270
267	271
267	272
268	269
268	270
268	271
268	272
268	273
269	270
269	271
269	272
269	273
269	274
270	271
270	272
270	273
270	274
270	275
271	272
271	273
271	274
271	275
271	276
272	273
272	274
272	275
272	276
272	277
273	274
273	275
273	276
273	277
273	278
274	275
274	276
274	277
274	278
274	279
274	280
275	276
275	277
275	278
275	279
275	280
276	277
276	278
276	279
276	280
277	278
277	279
277	280
278	279
278	280
279	280
