883	884
883	885
883	1397
883	1399
883	1428
883	1430
883	1432
884	885
884	886
884	1397
884	1399
884	1407
884	1430
884	1432
884	1436
884	1437
884	1440
884	1441
884	1470
885	886
885	887
885	888
885	1396
885	1397
885	1399
885	1407
886	887
886	888
886	1364
886	1366
886	1370
886	1374
886	1395
886	1396
886	1397
886	1399
886	1403
886	1404
886	1407
886	1408
887	888
887	889
887	890
887	891
887	1364
887	1366
887	1374
887	1396
888	889
888	890
888	1363
888	1364
888	1365
888	1396
889	890
889	891
889	1364
890	891
890	892
890	1331
890	1364
891	892
891	1331
891	1333
891	1341
891	1362
891	1364
891	1366
891	1371
891	1374
891	1375
892	1331
892	1333
892	1338
892	1341
1265	1266
1265	1267
1265	1295
1265	1296
1265	1297
1265	1298
1266	1267
1266	1268
1266	1271
1266	1294
1266	1295
1266	1296
1266	1297
1267	1268
1267	1269
1267	1271
1267	1272
1267	1295
1267	1296
1267	1297
1268	1269
1268	1270
1268	1271
1268	1272
1268	1273
1268	1291
1268	1294
1268	1295
1268	1296
1268	1302
1269	1270
1269	1271
1269	1272
1269	1273
1269	1274
1269	1281
1269	1285
1270	1271
1270	1272
1270	1273
1270	1274
1270	1275
1270	1281
1270	1282
1270	1283
1270	1285
1270	1286
1270	1290
1270	1291
1270	1292
1270	1293
1270	1302
1270	1305
1270	1318
1271	1272
1271	1273
1271	1274
1271	1275
1271	1276
1271	1293
1271	1294
1271	1295
1271	1296
1271	1300
1271	1301
1271	1302
1271	1305
1271	1306
1272	1273
1272	1274
1272	1275
1272	1276
1272	1277
1272	1278
1272	1305
1273	1274
1273	1275
1273	1276
1273	1277
1273	1278
1273	1279
1273	1281
1273	1282
1273	1285
1273	1311
1273	1314
1274	1275
1274	1276
1274	1277
1274	1278
1274	1282
1274	1302
1274	1303
1274	1305
1274	1306
1274	1307
1274	1309
1274	1311
1274	1314
1274	1318
1275	1276
1275	1277
1275	1278
1275	1302
1275	1305
1275	1306
1275	1309
1275	1311
1275	1314
1276	1277
1276	1278
1276	1309
1276	1311
1276	1314
1277	1278
1277	1279
1277	1280
1277	1311
1277	1313
1277	1314
1278	1279
1278	1280
1278	1281
1278	1282
1278	1283
1278	1311
1278	1314
1279	1280
1279	1281
1279	1282
1279	1283
1279	1284
1279	1313
1279	1314
1279	1317
1280	1281
1280	1282
1280	1283
1280	1284
1280	1285
1280	1317
1281	1282
1281	1283
1281	1284
1281	1285
1281	1286
1282	1283
1282	1284
1282	1285
1282	1286
1282	1287
1282	1314
1282	1317
1282	1318
1283	1284
1283	1285
1283	1286
1283	1287
1283	1288
1283	1317
1283	1321
1284	1285
1284	1286
1284	1287
1284	1288
1284	1289
1285	1286
1285	1287
1285	1288
1285	1289
1285	1290
1285	1291
1286	1287
1286	1288
1286	1289
1286	1290
1286	1291
1286	1292
1286	1317
1286	1318
1286	1321
1287	1288
1287	1289
1287	1290
1287	1321
1288	1289
1288	1290
1289	1290
1289	1291
1289	1292
1290	1291
1290	1292
1291	1292
1291	1293
1291	1294
1291	1295
1291	1302
1292	1293
1292	1294
1292	1301
1292	1302
1292	1303
1292	1317
1292	1318
1292	1319
1292	1321
1292	1322
1292	1323
1292	1324
1293	1294
1293	1295
1293	1300
1293	1301
1293	1302
1293	1323
1293	1324
1294	1295
1294	1296
1294	1300
1294	1301
1294	1302
1295	1296
1295	1297
1295	1298
1295	1299
1295	1300
1295	1301
1295	1302
1295	1304
1295	1327
1295	1328
1295	1329
1296	1297
1296	1298
1296	1299
1296	1300
1296	1301
1296	1305
1297	1298
1297	1299
1297	1300
1297	1330
1298	1299
1298	1300
1298	1328
1298	1329
1298	1330
1298	1331
1299	1300
1299	1301
1299	1304
1299	1327
1299	1328
1299	1329
1299	1330
1299	1333
1300	1301
1300	1302
1300	1304
1300	1305
1300	1308
1300	1328
1300	1329
1300	1338
1301	1302
1301	1303
1301	1304
1301	1305
1301	1306
1301	1324
1301	1327
1301	1329
1301	1335
1302	1303
1302	1304
1302	1305
1302	1306
1302	1307
1302	1314
1302	1318
1303	1304
1303	1305
1303	1306
1303	1307
1303	1308
1303	1314
1303	1315
1303	1316
1303	1318
1303	1319
1303	1323
1303	1324
1303	1325
1303	1326
1303	1335
1303	1351
1304	1305
1304	1306
1304	1307
1304	1308
1304	1309
1304	1318
1304	1324
1304	1327
1304	1328
1304	1329
1304	1333
1304	1334
1304	1335
1304	1338
1305	1306
1305	1307
1305	1308
1305	1309
1305	1310
1305	1311
1305	1338
1306	1307
1306	1308
1306	1309
1306	1310
1306	1311
1306	1312
1306	1314
1306	1315
1306	1318
1306	1344
1306	1347
1307	1308
1307	1309
1307	1310
1307	1311
1307	1315
1307	1335
1307	1336
1307	1338
1307	1339
1307	1340
1307	1344
1307	1347
1307	1351
1308	1309
1308	1310
1308	1311
1308	1335
1308	1338
1308	1339
1308	1341
1308	1342
1308	1344
1309	1310
1309	1311
1309	1338
1309	1344
1309	1347
1310	1311
1310	1312
1310	1313
1310	1315
1310	1344
1310	1347
1311	1312
1311	1313
1311	1314
1311	1315
1311	1316
1311	1344
1311	1347
1312	1313
1312	1314
1312	1315
1312	1316
1312	1317
1312	1346
1312	1347
1312	1350
1313	1314
1313	1315
1313	1316
1313	1317
1313	1318
1313	1347
1313	1350
1314	1315
1314	1316
1314	1317
1314	1318
1314	1319
1315	1316
1315	1317
1315	1318
1315	1319
1315	1320
1315	1346
1315	1347
1315	1350
1315	1351
1316	1317
1316	1318
1316	1319
1316	1320
1316	1321
1316	1350
1316	1353
1316	1354
1317	1318
1317	1319
1317	1320
1317	1321
1317	1322
1318	1319
1318	1320
1318	1321
1318	1322
1318	1323
1319	1320
1319	1321
1319	1322
1319	1323
1319	1324
1319	1325
1319	1347
1319	1350
1319	1351
1319	1354
1320	1321
1320	1322
1320	1323
1320	1354
1321	1322
1321	1323
1322	1323
1322	1324
1323	1324
1323	1325
1323	1326
1324	1325
1324	1326
1324	1327
1324	1335
1325	1326
1325	1327
1325	1334
1325	1335
1325	1336
1325	1350
1325	1351
1325	1352
1325	1354
1325	1355
1325	1356
1325	1357
1325	1360
1326	1327
1326	1328
1326	1334
1326	1335
1326	1355
1326	1356
1326	1357
1326	1360
1327	1328
1327	1329
1327	1333
1327	1334
1327	1335
1328	1329
1328	1330
1328	1331
1328	1332
1328	1333
1328	1334
1328	1335
1328	1337
1328	1360
1328	1361
1328	1362
1329	1330
1329	1331
1329	1332
1329	1333
1329	1334
1329	1338
1330	1331
1330	1332
1330	1333
1330	1363
1331	1332
1331	1333
1331	1362
1331	1363
1331	1364
1332	1333
1332	1334
1332	1337
1332	1361
1332	1362
1332	1363
1333	1334
1333	1335
1333	1337
1333	1338
1333	1341
1333	1361
1333	1362
1333	1363
1334	1335
1334	1336
1334	1337
1334	1338
1334	1339
1334	1360
1334	1362
1335	1336
1335	1337
1335	1338
1335	1339
1335	1340
1335	1351
1336	1337
1336	1338
1336	1339
1336	1340
1336	1341
1336	1347
1336	1348
1336	1351
1336	1352
1336	1356
1336	1357
1336	1358
1336	1359
1336	1360
1336	1368
1336	1384
1337	1338
1337	1339
1337	1340
1337	1341
1337	1342
1337	1359
1337	1360
1337	1361
1337	1362
1337	1366
1337	1367
1337	1368
1337	1371
1338	1339
1338	1340
1338	1341
1338	1342
1338	1343
1338	1344
1339	1340
1339	1341
1339	1342
1339	1343
1339	1344
1339	1345
1339	1347
1339	1348
1339	1351
1339	1377
1339	1380
1340	1341
1340	1342
1340	1343
1340	1344
1340	1348
1340	1368
1340	1369
1340	1371
1340	1372
1340	1375
1340	1377
1340	1380
1340	1384
1341	1342
1341	1343
1341	1344
1341	1371
1341	1372
1341	1375
1341	1377
1341	1380
1342	1343
1342	1344
1342	1345
1342	1375
1342	1377
1342	1380
1343	1344
1343	1345
1343	1346
1343	1348
1343	1377
1343	1378
1343	1379
1343	1380
1343	1381
1344	1345
1344	1346
1344	1347
1344	1348
1344	1349
1344	1379
1344	1380
1344	1383
1345	1346
1345	1347
1345	1348
1345	1349
1345	1350
1345	1379
1345	1380
1345	1383
1346	1347
1346	1348
1346	1349
1346	1350
1346	1351
1346	1383
1347	1348
1347	1349
1347	1350
1347	1351
1347	1352
1348	1349
1348	1350
1348	1351
1348	1352
1348	1353
1348	1380
1348	1383
1348	1384
1349	1350
1349	1351
1349	1352
1349	1353
1349	1354
1349	1383
1349	1387
1350	1351
1350	1352
1350	1353
1350	1354
1350	1355
1351	1352
1351	1353
1351	1354
1351	1355
1351	1356
1352	1353
1352	1354
1352	1355
1352	1356
1352	1357
1352	1358
1352	1383
1352	1384
1352	1387
1353	1354
1353	1355
1353	1356
1354	1355
1354	1356
1355	1356
1355	1357
1355	1358
1356	1357
1356	1358
1356	1359
1357	1358
1357	1359
1357	1360
1358	1359
1358	1360
1358	1367
1358	1368
1358	1369
1358	1383
1358	1384
1358	1387
1358	1388
1358	1389
1358	1390
1359	1360
1359	1361
1359	1367
1359	1368
1359	1369
1359	1388
1359	1389
1359	1390
1359	1391
1359	1393
1360	1361
1360	1362
1360	1366
1360	1367
1360	1368
1361	1362
1361	1363
1361	1365
1361	1366
1361	1367
1362	1363
1362	1364
1362	1365
1362	1366
1362	1367
1362	1371
1363	1364
1363	1365
1363	1366
1363	1396
1364	1365
1364	1366
1364	1394
1364	1395
1364	1396
1365	1366
1365	1367
1365	1370
1365	1393
1365	1394
1365	1395
1365	1396
1365	1397
1366	1367
1366	1368
1366	1370
1366	1371
1366	1374
1366	1394
1366	1395
1366	1396
1366	1404
1367	1368
1367	1369
1367	1370
1367	1371
1367	1372
1367	1389
1367	1390
1367	1393
1367	1395
1367	1401
1368	1369
1368	1370
1368	1371
1368	1372
1368	1373
1368	1384
1369	1370
1369	1371
1369	1372
1369	1373
1369	1374
1369	1380
1369	1381
1369	1382
1369	1384
1369	1385
1369	1389
1369	1390
1369	1391
1369	1392
1369	1401
1369	1417
1370	1371
1370	1372
1370	1373
1370	1374
1370	1375
1370	1392
1370	1393
1370	1394
1370	1395
1370	1399
1370	1400
1370	1401
1370	1404
1371	1372
1371	1373
1371	1374
1371	1375
1371	1376
1371	1377
1371	1404
1372	1373
1372	1374
1372	1375
1372	1376
1372	1377
1372	1378
1372	1380
1372	1381
1372	1384
1372	1410
1372	1413
1373	1374
1373	1375
1373	1376
1373	1377
1373	1381
1373	1401
1373	1402
1373	1404
1373	1405
1373	1408
1373	1410
1373	1413
1373	1417
1374	1375
1374	1376
1374	1377
1374	1404
1374	1405
1374	1408
1374	1410
1375	1376
1375	1377
1375	1404
1375	1408
1375	1410
1376	1377
1376	1378
1376	1379
1376	1381
1376	1410
1376	1413
1377	1378
1377	1379
1377	1380
1377	1381
1377	1382
1377	1410
1377	1413
1378	1379
1378	1380
1378	1381
1378	1382
1378	1383
1378	1412
1378	1413
1378	1416
1379	1380
1379	1381
1379	1382
1379	1383
1379	1384
1379	1416
1380	1381
1380	1382
1380	1383
1380	1384
1380	1385
1381	1382
1381	1383
1381	1384
1381	1385
1381	1386
1381	1413
1381	1416
1381	1417
1382	1383
1382	1384
1382	1385
1382	1386
1382	1387
1382	1416
1382	1420
1383	1384
1383	1385
1383	1386
1383	1387
1383	1388
1384	1385
1384	1386
1384	1387
1384	1388
1384	1389
1384	1390
1385	1386
1385	1387
1385	1388
1385	1389
1385	1390
1385	1391
1385	1413
1385	1416
1385	1417
1385	1420
1386	1387
1386	1388
1386	1389
1386	1420
1387	1388
1387	1389
1388	1389
1388	1390
1388	1391
1389	1390
1389	1391
1389	1392
1390	1391
1390	1392
1390	1393
1390	1394
1390	1401
1391	1392
1391	1393
1391	1400
1391	1401
1391	1402
1391	1417
1391	1420
1391	1421
1391	1422
1391	1423
1392	1393
1392	1394
1392	1399
1392	1400
1392	1401
1392	1402
1392	1421
1392	1422
1392	1423
1392	1424
1392	1426
1393	1394
1393	1395
1393	1398
1393	1399
1393	1400
1393	1401
1394	1395
1394	1396
1394	1398
1394	1399
1394	1400
1394	1401
1394	1403
1394	1426
1394	1427
1394	1428
1395	1396
1395	1397
1395	1398
1395	1399
1395	1400
1395	1404
1396	1397
1396	1398
1396	1399
1396	1429
1397	1398
1397	1399
1397	1427
1397	1428
1397	1429
1397	1430
1398	1399
1398	1400
1398	1403
1398	1427
1398	1428
1398	1429
1399	1400
1399	1401
1399	1403
1399	1404
1399	1407
1399	1427
1399	1428
1399	1429
1399	1432
1399	1437
1400	1401
1400	1402
1400	1403
1400	1404
1400	1405
1400	1422
1400	1423
1400	1426
1400	1427
1400	1428
1400	1434
1401	1402
1401	1403
1401	1404
1401	1405
1401	1406
1401	1413
1401	1417
1402	1403
1402	1404
1402	1405
1402	1406
1402	1407
1402	1413
1402	1414
1402	1415
1402	1417
1402	1418
1402	1422
1402	1423
1402	1424
1402	1425
1402	1434
1402	1450
1403	1404
1403	1405
1403	1406
1403	1407
1403	1408
1403	1425
1403	1426
1403	1427
1403	1428
1403	1432
1403	1433
1403	1434
1403	1437
1404	1405
1404	1406
1404	1407
1404	1408
1404	1409
1404	1410
1404	1437
1405	1406
1405	1407
1405	1408
1405	1409
1405	1410
1405	1411
1405	1413
1405	1414
1405	1417
1405	1443
1405	1446
1406	1407
1406	1408
1406	1409
1406	1410
1406	1414
1406	1434
1406	1435
1406	1437
1406	1438
1406	1441
1406	1443
1406	1446
1406	1450
1407	1408
1407	1409
1407	1410
1407	1437
1407	1438
1407	1441
1407	1443
1408	1409
1408	1410
1408	1437
1408	1441
1408	1443
1409	1410
1409	1411
1409	1442
1409	1443
1409	1444
1409	1445
1409	1446
1410	1411
1410	1412
1410	1413
1410	1414
1410	1415
1410	1446
1411	1412
1411	1413
1411	1414
1411	1415
1411	1416
1411	1445
1411	1446
1411	1449
1412	1413
1412	1414
1412	1415
1412	1416
1412	1417
1413	1414
1413	1415
1413	1416
1413	1417
1413	1418
1414	1415
1414	1416
1414	1417
1414	1418
1414	1419
1414	1422
1414	1445
1414	1446
1414	1447
1414	1449
1414	1450
1414	1453
1415	1416
1415	1417
1415	1418
1415	1419
1415	1420
1415	1449
1416	1417
1416	1418
1416	1419
1416	1420
1416	1421
1417	1418
1417	1419
1417	1420
1417	1421
1417	1422
1417	1423
1418	1419
1418	1420
1418	1421
1418	1422
1418	1424
1418	1450
1418	1453
1419	1420
1419	1421
1419	1422
1420	1421
1420	1422
1421	1422
1421	1423
1422	1423
1422	1424
1423	1424
1423	1425
1423	1426
1423	1434
1424	1425
1424	1426
1424	1433
1424	1434
1424	1435
1424	1450
1424	1453
1424	1454
1424	1455
1424	1456
1425	1426
1425	1427
1425	1432
1425	1433
1425	1434
1425	1435
1425	1454
1425	1455
1425	1456
1425	1459
1426	1427
1426	1428
1426	1432
1426	1433
1426	1434
1427	1428
1427	1429
1427	1430
1427	1431
1427	1432
1427	1433
1427	1434
1427	1459
1428	1429
1428	1430
1428	1431
1428	1432
1428	1433
1428	1437
1429	1430
1429	1431
1429	1432
1429	1462
1430	1431
1430	1432
1430	1461
1430	1462
1430	1463
1431	1432
1431	1433
1431	1436
1431	1459
1431	1460
1431	1461
1431	1462
1432	1433
1432	1434
1432	1436
1432	1437
1432	1461
1432	1462
1432	1470
1433	1434
1433	1435
1433	1436
1433	1437
1433	1438
1433	1456
1433	1459
1434	1435
1434	1436
1434	1437
1434	1438
1434	1439
1434	1446
1434	1450
1435	1436
1435	1437
1435	1438
1435	1439
1435	1440
1435	1447
1435	1450
1435	1451
1435	1455
1435	1456
1435	1457
1435	1459
1435	1467
1436	1437
1436	1438
1436	1439
1436	1440
1436	1441
1436	1450
1436	1459
1436	1460
1436	1461
1436	1465
1436	1466
1436	1467
1436	1468
1436	1470
1437	1438
1437	1439
1437	1440
1437	1441
1437	1442
1437	1443
1437	1470
1438	1439
1438	1440
1438	1441
1438	1442
1438	1443
1438	1444
1438	1446
1438	1447
1438	1450
1439	1440
1439	1441
1439	1442
1439	1443
1439	1447
1439	1467
1439	1468
1439	1470
1439	1471
1439	1474
1440	1441
1440	1442
1440	1443
1440	1467
1440	1470
1440	1471
1440	1473
1440	1474
1441	1442
1441	1443
1441	1474
1442	1443
1442	1444
1443	1444
1443	1445
1443	1446
1443	1447
1443	1448
1444	1445
1444	1446
1444	1447
1444	1448
1444	1449
1445	1446
1445	1447
1445	1448
1445	1449
1445	1450
1446	1447
1446	1448
1446	1449
1446	1450
1446	1451
1447	1448
1447	1449
1447	1450
1447	1451
1447	1452
1447	1455
1448	1449
1448	1450
1448	1451
1448	1452
1448	1453
1449	1450
1449	1451
1449	1452
1449	1453
1449	1454
1450	1451
1450	1452
1450	1453
1450	1454
1450	1455
1450	1456
1451	1452
1451	1453
1451	1454
1451	1455
1451	1456
1451	1457
1452	1453
1452	1454
1452	1455
1453	1454
1453	1455
1454	1455
1454	1456
1455	1456
1455	1457
1456	1457
1456	1458
1456	1459
1457	1458
1457	1459
1457	1466
1457	1467
1457	1468
1458	1459
1458	1460
1458	1466
1459	1460
1459	1461
1459	1465
1459	1466
1459	1467
1460	1461
1460	1462
1460	1464
1460	1465
1460	1466
1460	1469
1461	1462
1461	1463
1461	1464
1461	1465
1461	1466
1461	1470
1461	1473
1462	1463
1462	1464
1462	1465
1463	1464
1463	1465
1464	1465
1464	1466
1464	1469
1465	1466
1465	1467
1465	1469
1465	1470
1465	1473
1466	1467
1466	1468
1466	1469
1466	1470
1466	1471
1467	1468
1467	1469
1467	1470
1467	1471
1467	1472
1468	1469
1468	1470
1468	1471
1468	1472
1468	1473
1469	1470
1469	1471
1469	1472
1469	1473
1469	1474
1470	1471
1470	1472
1470	1473
1470	1474
1471	1472
1471	1473
1471	1474
1472	1473
1472	1474
1473	1474
