1	2
1	3
1	25
1	26
1	27
1	28
2	3
2	4
2	26
2	27
2	28
2	29
2	44
2	45
3	4
3	5
3	20
3	26
3	27
3	28
3	29
3	30
4	5
4	6
4	20
4	27
4	28
4	29
4	30
4	31
4	41
5	6
5	7
5	8
5	13
5	14
5	16
5	17
5	20
5	28
5	30
5	31
5	32
5	33
5	41
6	7
6	8
6	13
6	30
6	32
6	33
6	38
6	41
7	8
7	9
7	10
7	11
7	12
7	13
7	14
7	32
7	33
7	34
8	9
8	10
8	13
8	14
8	15
8	17
8	30
8	31
8	32
8	33
9	10
9	11
9	13
9	14
9	17
9	32
9	33
9	36
10	11
10	12
10	13
10	14
10	15
10	33
11	12
11	13
11	14
11	15
12	13
12	14
12	15
12	16
12	17
13	14
13	15
13	16
13	17
13	18
14	15
14	16
14	17
14	18
14	19
15	16
15	17
15	18
15	19
15	20
16	17
16	18
16	19
16	20
16	21
17	18
17	19
17	20
17	21
17	22
17	28
17	30
17	31
18	19
18	20
18	21
18	22
18	23
18	28
19	20
19	21
19	22
19	23
19	26
20	21
20	22
20	23
20	24
20	26
20	27
20	28
20	29
21	22
21	23
21	24
21	26
21	28
22	23
22	24
23	24
23	25
23	26
23	27
24	25
24	26
25	26
25	27
26	27
26	28
27	28
27	29
27	30
28	29
28	30
28	31
29	30
29	31
29	40
29	41
29	44
29	45
30	31
30	32
30	40
30	41
31	32
31	33
31	36
31	40
31	41
32	33
32	34
32	36
32	37
32	38
32	39
32	40
32	41
33	34
33	35
33	36
33	37
34	35
34	36
35	36
35	37
36	37
36	38
36	40
37	38
37	39
37	40
37	41
38	39
38	40
38	41
38	42
38	43
39	40
39	41
39	42
39	43
39	44
40	41
40	42
40	43
40	44
40	45
41	42
41	43
41	44
41	45
42	43
42	44
42	45
43	44
43	45
44	45
