34	35
34	36
34	37
34	38
34	70
35	36
35	37
35	38
35	39
36	37
36	38
36	39
36	40
36	41
36	58
36	61
36	67
36	70
36	71
37	38
37	39
37	40
37	41
37	74
38	39
38	40
38	41
38	42
39	40
39	41
39	42
39	43
39	54
39	57
39	58
39	61
40	41
40	42
40	43
40	44
40	45
40	54
40	58
40	70
40	71
40	74
40	75
40	76
40	79
41	42
41	43
41	44
41	45
42	43
42	44
42	45
42	46
42	47
42	50
42	51
42	52
42	54
43	44
43	45
43	50
43	51
43	52
43	54
43	55
43	58
43	76
43	79
43	80
43	83
43	84
43	99
44	45
44	46
44	47
44	51
44	79
44	83
45	46
45	47
45	48
45	50
45	51
46	47
46	48
46	50
46	51
47	48
47	49
47	50
47	51
47	52
48	49
48	50
48	51
48	52
48	53
48	87
48	89
48	92
49	50
49	51
49	52
49	53
49	54
50	51
50	52
50	53
50	54
50	55
51	52
51	53
51	54
51	55
51	56
51	83
51	87
51	88
51	92
52	53
52	54
52	55
52	56
52	57
52	87
52	89
52	91
52	92
52	95
53	54
53	55
53	56
53	57
53	58
53	92
54	55
54	56
54	57
54	58
54	59
54	99
55	56
55	57
55	58
55	59
55	60
55	84
55	91
55	92
55	95
55	96
55	99
56	57
56	58
56	59
56	60
56	61
56	91
56	95
56	99
57	58
57	59
57	60
57	61
57	62
58	59
58	60
58	61
58	62
58	63
58	71
58	76
58	99
59	60
59	61
59	62
59	63
59	95
59	96
59	98
59	99
59	102
60	61
60	62
60	63
60	64
60	98
60	99
61	62
61	63
61	64
61	65
61	67
61	68
61	71
62	63
62	64
62	65
62	67
62	68
62	71
62	72
62	76
62	98
62	99
62	102
62	103
62	106
63	64
63	65
63	68
63	98
63	102
63	106
64	65
64	66
64	67
64	68
64	69
65	66
65	67
65	68
65	69
66	67
66	68
66	69
66	70
66	71
67	68
67	69
67	70
67	71
67	72
68	69
68	70
68	71
68	72
68	73
68	76
68	102
68	103
68	106
68	107
69	70
69	71
69	72
69	73
69	74
69	107
70	71
70	72
70	73
70	74
71	72
71	73
71	74
71	75
71	76
71	77
72	73
72	74
72	75
72	76
72	77
72	103
72	107
72	111
73	74
73	75
73	76
74	75
74	76
74	77
75	76
75	77
75	78
75	79
75	80
76	77
76	78
76	79
76	80
76	81
76	99
76	103
77	78
77	79
77	80
77	81
77	82
77	100
77	103
77	111
77	115
77	118
78	79
78	80
78	81
78	82
78	83
79	80
79	81
79	82
79	83
79	84
79	85
80	81
80	82
80	83
80	84
80	85
80	86
80	95
80	96
80	97
80	99
80	100
81	82
81	83
81	84
81	85
81	86
81	100
81	115
81	118
81	119
81	120
81	123
82	83
82	84
82	85
82	86
83	84
83	85
83	86
83	87
84	85
84	86
84	87
84	89
84	92
84	93
84	95
84	96
84	99
85	86
85	87
85	92
85	93
85	95
85	96
85	97
85	100
85	120
85	123
85	126
86	87
86	88
86	93
86	126
87	88
87	89
87	90
87	92
87	93
88	89
88	90
88	92
88	93
89	90
89	91
89	92
89	93
89	94
90	91
90	92
90	93
90	94
90	95
90	149
90	152
90	153
90	156
91	92
91	93
91	94
91	95
91	96
91	149
91	152
92	93
92	94
92	95
92	96
92	97
93	94
93	95
93	96
93	97
93	98
93	156
94	95
94	96
94	97
94	98
94	99
94	152
94	155
94	156
94	159
95	96
95	97
95	98
95	99
95	100
96	97
96	98
96	99
96	100
96	101
97	98
97	99
97	100
97	101
97	102
97	120
97	123
97	124
97	125
97	127
97	155
97	156
97	159
97	160
97	163
98	99
98	100
98	101
98	102
98	103
98	159
99	100
99	101
99	102
99	103
99	104
100	101
100	102
100	103
100	104
100	105
100	111
100	115
100	120
100	163
101	102
101	103
101	104
101	105
101	106
101	155
101	158
101	159
101	160
101	162
101	163
102	103
102	104
102	105
102	106
102	107
103	104
103	105
103	106
103	107
103	108
103	111
104	105
104	106
104	107
104	108
104	111
104	112
104	115
104	163
105	106
105	107
105	108
105	162
106	107
106	108
107	108
107	109
107	111
108	109
108	110
108	111
108	112
109	110
109	111
109	112
109	113
110	111
110	112
110	113
110	114
110	115
111	112
111	113
111	114
111	115
111	116
112	113
112	114
112	115
112	116
112	117
112	120
112	163
113	114
113	115
113	116
113	117
113	118
114	115
114	116
114	117
114	118
114	119
115	116
115	117
115	118
115	119
115	120
115	121
115	163
116	117
116	118
116	119
116	120
116	121
117	118
117	119
117	120
118	119
118	120
118	121
119	120
119	121
119	122
119	123
119	124
120	121
120	122
120	123
120	124
120	125
120	163
121	122
121	123
121	124
121	125
121	126
122	123
122	124
122	125
122	126
122	127
123	124
123	125
123	126
123	127
123	128
123	160
124	125
124	126
124	127
124	128
124	129
124	160
124	163
125	126
125	127
125	128
125	129
125	130
125	160
126	127
126	128
126	129
126	130
126	131
127	128
127	129
127	130
127	131
127	132
127	156
127	160
128	129
128	130
128	131
128	132
128	133
128	160
129	130
129	131
129	132
129	133
129	134
130	131
130	132
130	133
130	134
130	135
131	132
131	133
131	134
131	135
131	136
131	153
131	154
131	156
131	157
131	160
132	133
132	134
132	135
132	136
132	137
133	134
133	135
133	136
133	137
133	138
133	140
134	135
134	136
134	137
134	141
134	142
134	145
134	153
135	136
135	137
135	142
135	153
135	154
135	157
136	137
136	138
136	142
137	138
137	139
137	140
137	141
137	142
138	139
138	140
138	141
138	142
139	140
139	141
140	141
140	142
140	144
140	145
141	142
141	143
141	144
141	145
142	143
142	144
142	145
142	146
142	149
142	150
142	153
142	154
143	144
143	145
143	150
144	145
144	146
144	150
145	146
145	147
145	149
145	150
145	153
146	147
146	148
146	149
146	150
146	151
147	148
147	149
147	150
147	151
147	152
148	149
148	150
148	151
148	152
148	153
149	150
149	151
149	152
149	153
149	154
150	151
150	152
150	153
150	154
150	155
151	152
151	153
151	154
151	155
151	156
152	153
152	154
152	155
152	156
152	157
153	154
153	155
153	156
153	157
153	158
154	155
154	156
154	157
154	158
154	159
155	156
155	157
155	158
155	159
155	160
156	157
156	158
156	159
156	160
156	161
157	158
157	159
157	160
157	161
157	162
158	159
158	160
158	161
158	162
158	163
159	160
159	161
159	162
159	163
160	161
160	162
160	163
161	162
161	163
162	163
