169	170
169	171
170	171
170	172
170	173
170	174
171	172
171	173
171	196
171	199
171	200
171	201
172	173
172	174
172	175
172	176
172	177
172	192
172	195
172	196
172	199
173	174
173	175
173	176
173	177
173	178
173	199
174	175
174	176
174	177
174	178
174	179
175	176
175	177
175	178
175	179
176	177
176	178
176	179
176	195
176	199
177	178
177	179
177	182
177	188
177	191
177	192
177	195
178	179
178	180
178	181
178	182
178	188
178	191
178	192
179	180
179	181
179	182
179	191
180	181
180	182
180	191
181	182
181	183
182	183
182	184
182	187
182	188
182	191
183	184
183	185
183	187
183	188
184	185
184	186
184	187
184	188
184	189
185	186
185	187
185	188
185	189
185	190
186	187
186	188
186	189
186	190
186	191
187	188
187	189
187	190
187	191
187	192
188	189
188	190
188	191
188	192
188	193
189	190
189	191
189	192
189	193
189	194
190	191
190	192
190	193
190	194
191	192
191	193
191	194
191	195
191	196
192	193
192	194
192	195
192	196
192	197
193	194
193	195
193	196
193	197
194	195
194	196
194	197
194	198
195	196
195	197
195	198
195	199
195	200
196	197
196	198
196	199
196	200
196	201
197	198
197	199
197	200
197	201
198	199
198	200
198	201
199	200
199	201
200	201
200	202
201	202
201	203
202	203
202	204
203	204
203	205
204	205
204	206
205	206
205	207
206	207
206	208
207	208
207	209
208	209
208	210
209	210
209	211
210	211
210	212
211	212
211	213
212	213
212	214
212	215
212	216
212	217
213	214
213	215
214	215
214	216
215	216
215	217
215	218
216	217
216	218
217	218
