21	22
21	23
21	25
21	26
21	28
21	29
22	23
22	24
22	25
22	26
22	27
22	57
22	61
23	24
23	25
23	26
23	27
23	28
23	42
23	46
23	57
24	25
24	26
24	27
24	28
24	29
24	46
24	57
24	61
24	62
24	64
24	65
24	68
25	26
25	27
25	28
25	29
25	30
25	64
26	27
26	28
26	29
26	30
26	31
26	42
27	28
27	29
27	30
27	31
27	32
27	39
27	42
27	43
27	46
27	65
27	68
28	29
28	30
28	31
28	32
28	33
28	64
28	68
29	30
29	31
29	32
29	33
29	34
30	31
30	32
30	33
30	34
30	35
30	36
30	38
30	39
30	42
31	32
31	33
31	34
31	35
31	36
31	39
31	68
32	33
32	34
32	35
33	34
33	35
33	36
34	35
34	36
34	37
34	75
35	36
35	37
35	38
35	39
35	40
36	37
36	38
36	39
36	40
36	41
36	71
36	72
36	75
36	76
37	38
37	39
37	40
37	41
37	42
37	72
37	76
38	39
38	40
38	41
38	42
38	43
39	40
39	41
39	42
39	43
39	44
39	68
39	69
39	72
40	41
40	42
40	43
40	44
40	45
40	69
40	72
40	73
40	76
40	78
41	42
41	43
41	44
41	45
41	46
41	69
41	72
42	43
42	44
42	45
42	46
42	47
42	65
43	44
43	45
43	46
43	47
43	48
43	65
43	68
43	69
43	72
44	45
44	46
44	47
44	48
44	49
44	65
44	69
45	46
45	47
45	48
45	49
45	50
46	47
46	48
46	49
46	50
46	51
46	57
46	65
47	48
47	49
47	50
47	51
47	52
47	57
47	62
47	65
47	66
47	69
48	49
48	50
48	51
48	52
48	53
49	50
49	51
49	52
49	53
49	54
49	56
49	57
50	51
50	52
50	53
50	54
50	55
50	56
50	57
50	62
50	65
51	52
51	53
51	54
52	53
52	54
53	54
53	55
53	56
53	57
54	55
54	56
54	57
54	62
55	56
55	57
55	58
55	59
55	62
56	57
56	58
56	61
56	62
57	58
57	59
57	61
57	62
57	65
58	59
58	60
58	61
58	62
58	63
59	60
59	61
59	62
59	63
59	64
60	61
60	62
60	63
60	64
60	65
61	62
61	63
61	64
61	65
61	66
62	63
62	64
62	65
62	66
62	67
63	64
63	65
63	66
63	67
63	68
64	65
64	66
64	67
64	68
64	69
65	66
65	67
65	68
65	69
65	70
66	67
66	68
66	69
66	70
66	71
67	68
67	69
67	70
67	71
67	72
68	69
68	70
68	71
68	72
68	73
69	70
69	71
69	72
69	73
69	74
70	71
70	72
70	73
70	74
70	75
71	72
71	73
71	74
71	75
71	76
72	73
72	74
72	75
72	76
72	77
73	74
73	75
73	76
73	77
73	78
73	79
74	75
74	76
74	77
74	78
74	79
75	76
75	77
75	78
76	77
76	78
77	78
77	79
78	79
78	80
79	80
