1	2
1	3
1	4
1	27
1	28
1	29
2	3
2	4
2	28
2	31
3	4
3	5
3	28
3	29
4	5
4	6
4	24
4	27
4	28
4	29
4	30
4	31
5	6
5	7
5	29
5	30
5	31
5	32
5	71
5	73
5	74
6	7
6	8
6	29
6	30
6	31
6	32
6	33
6	68
6	71
6	72
6	73
6	74
7	8
7	9
7	23
7	30
7	31
7	32
7	33
7	34
7	35
7	71
7	72
7	73
7	74
7	75
7	76
8	9
8	10
8	31
8	32
8	33
8	34
8	35
8	36
8	63
8	72
8	74
8	75
8	76
8	77
9	10
9	11
9	12
9	15
9	16
9	17
9	19
9	20
9	21
9	23
9	32
9	34
9	35
9	36
9	37
9	63
9	74
9	75
9	76
9	77
9	78
10	11
10	12
10	16
10	34
10	35
10	36
10	37
10	59
10	60
10	63
10	75
10	76
10	77
10	78
10	79
10	84
11	12
11	13
11	15
11	16
11	17
11	35
11	36
11	37
11	76
11	77
11	78
11	79
12	13
12	14
12	16
12	17
12	35
12	36
12	37
12	38
12	39
12	42
12	43
12	44
12	45
12	78
12	79
13	14
13	15
13	16
13	17
13	18
13	35
13	42
13	44
13	78
14	15
14	16
14	17
14	18
14	19
15	16
15	17
15	18
15	19
15	20
15	77
15	78
16	17
16	18
16	19
16	20
16	21
16	35
16	78
17	18
17	19
17	20
17	21
17	22
17	35
17	42
17	43
17	44
17	45
17	47
17	48
18	19
18	20
18	21
18	22
18	23
19	20
19	21
19	22
19	23
19	24
19	32
19	76
19	78
20	21
20	22
20	23
20	24
20	25
20	32
20	35
20	44
20	45
20	47
20	48
20	49
20	51
20	53
21	22
21	23
21	24
21	25
21	26
21	47
21	51
22	23
22	24
22	25
22	26
22	27
23	24
23	25
23	26
23	27
23	28
23	30
23	31
23	32
23	76
24	25
24	26
24	27
24	32
24	51
24	53
25	26
25	27
26	27
26	28
27	28
27	29
27	30
27	31
28	29
28	30
29	30
29	31
30	31
30	32
30	74
30	76
31	32
31	33
32	33
32	34
32	35
32	53
33	34
33	35
33	53
33	54
33	55
33	66
33	68
33	72
34	35
34	36
34	53
34	54
34	55
34	56
34	63
34	66
34	68
34	72
35	36
35	37
35	44
35	45
35	48
35	53
35	54
35	55
35	56
35	57
35	66
36	37
36	38
36	45
36	54
36	55
36	56
36	57
36	58
36	59
36	60
36	62
36	63
36	66
36	79
37	38
37	39
37	45
37	56
37	57
37	58
37	59
37	60
38	39
38	40
38	45
38	56
38	57
38	58
38	59
38	60
39	40
39	41
39	42
39	43
39	45
39	57
40	41
40	42
40	45
40	46
40	49
40	57
41	42
41	43
41	44
41	45
41	46
42	43
42	44
42	45
42	46
42	47
43	44
43	45
43	46
43	47
43	48
43	50
44	45
44	46
44	47
44	48
44	49
44	55
45	46
45	47
45	48
45	49
45	50
45	53
45	55
45	56
45	57
46	47
46	48
46	49
46	50
46	51
46	55
47	48
47	49
47	50
47	51
47	52
48	49
48	50
48	51
48	52
48	53
48	54
48	55
49	50
49	51
49	52
49	53
49	55
50	51
50	52
50	53
51	52
51	53
52	53
52	54
53	54
53	55
54	55
54	56
54	66
54	68
55	56
55	57
55	66
56	57
56	58
56	59
56	62
56	63
56	66
57	58
57	59
58	59
58	60
58	61
58	62
58	63
59	60
59	61
59	62
59	63
59	64
60	61
60	62
60	63
60	64
60	65
61	62
61	63
61	64
61	65
61	66
62	63
62	64
62	65
62	66
63	64
63	65
63	66
63	67
63	68
63	69
63	72
63	75
64	65
64	66
64	69
65	66
65	67
65	69
66	67
66	68
66	69
66	70
67	68
67	69
67	70
67	71
68	69
68	70
68	71
68	72
69	70
69	71
69	72
69	73
69	75
70	71
70	72
70	73
71	72
71	73
72	73
72	74
72	75
73	74
73	75
74	75
74	76
75	76
75	77
76	77
76	78
77	78
77	79
77	80
77	83
77	84
77	85
78	79
78	80
79	80
79	81
79	83
79	84
80	81
80	82
80	83
80	84
80	85
81	82
81	83
81	84
81	85
82	83
82	84
82	85
83	84
83	85
84	85
