3	5
3	6
3	7
3	8
5	6
5	7
5	8
5	9
5	10
6	7
6	8
6	9
6	10
6	11
7	8
7	9
7	10
7	11
7	12
8	9
8	10
8	11
8	12
8	13
9	10
9	11
9	12
9	13
9	14
9	16
9	47
10	11
10	12
10	13
10	14
10	15
10	47
10	49
11	12
11	13
11	14
11	15
11	16
12	13
12	14
12	15
12	16
12	17
13	14
13	15
13	16
13	17
13	18
13	44
13	47
13	48
14	15
14	16
14	17
14	18
14	19
15	16
15	17
15	18
15	19
15	20
16	17
16	18
16	19
16	20
16	21
16	40
16	43
16	44
16	47
17	18
17	19
17	20
17	21
17	22
17	41
17	44
17	45
17	48
17	50
17	53
18	19
18	20
18	21
18	22
18	23
19	20
19	21
19	22
19	23
19	24
20	21
20	22
20	23
20	24
20	25
20	37
20	40
20	41
20	44
21	22
21	23
21	24
21	25
21	26
21	41
21	45
21	53
21	56
22	23
22	24
22	25
22	26
22	27
22	41
23	24
23	25
23	26
23	27
23	28
23	33
23	36
23	37
23	40
24	25
24	26
24	27
24	28
24	29
24	33
24	34
24	37
24	38
24	41
24	56
25	26
25	27
25	28
25	29
25	30
25	41
25	56
26	27
26	28
26	29
26	30
26	31
27	28
27	29
27	30
27	31
27	32
27	33
27	34
27	36
27	37
27	38
28	29
28	30
28	31
28	32
28	33
29	30
29	31
30	31
30	32
31	32
31	33
32	33
32	34
33	34
33	35
33	37
33	38
34	35
34	36
34	37
34	38
34	39
34	40
35	36
35	37
35	38
35	39
35	40
36	37
36	38
36	39
36	40
36	41
37	38
37	39
37	40
37	41
37	42
38	39
38	40
38	41
38	42
38	43
39	40
39	41
39	42
39	43
39	44
40	41
40	42
40	43
40	44
40	45
41	42
41	43
41	44
41	45
41	46
41	53
41	56
41	57
42	43
42	44
42	45
42	46
42	47
42	53
42	56
42	57
42	58
43	44
43	45
43	46
43	47
43	48
43	57
44	45
44	46
44	47
44	48
45	46
45	47
45	48
45	49
45	50
45	52
45	53
45	54
45	55
45	56
45	57
45	58
46	47
46	48
46	53
46	54
46	57
46	58
47	48
47	49
47	54
48	49
48	50
48	51
48	52
48	53
48	54
49	50
49	51
49	53
49	54
50	51
50	52
50	53
50	54
50	55
51	52
51	53
51	54
51	55
51	56
52	53
52	54
52	55
52	56
52	57
53	54
53	55
53	56
53	57
53	58
54	55
54	56
54	57
54	58
55	56
55	57
55	58
56	57
56	58
57	58
