19	20
19	21
19	22
19	23
19	63
19	64
19	65
20	21
20	22
20	63
21	22
21	23
21	61
21	63
21	64
21	65
22	23
22	24
22	61
22	63
22	64
22	65
22	66
23	24
23	25
23	63
23	64
23	65
23	66
23	67
23	68
24	25
24	26
24	34
24	35
24	36
24	37
24	38
24	41
24	64
24	65
24	66
24	67
24	68
25	26
25	27
25	33
25	34
25	35
25	65
25	66
25	67
26	27
26	28
26	30
26	33
26	34
26	35
26	67
27	28
27	29
27	30
27	31
27	32
27	33
27	35
28	29
28	30
28	31
29	30
29	31
30	31
30	32
30	33
30	34
31	32
31	33
31	34
31	35
32	33
32	34
32	35
33	34
33	35
33	36
34	35
34	36
34	37
34	38
35	36
35	37
35	65
35	66
35	67
35	68
36	37
36	38
36	41
36	66
36	67
36	68
37	38
37	39
37	41
37	42
37	43
37	45
37	46
37	66
38	39
38	40
38	41
38	42
38	43
38	64
38	66
39	40
39	41
39	42
39	43
39	44
39	52
39	55
40	41
40	42
40	43
40	44
40	45
40	51
40	52
40	55
40	56
40	60
40	61
40	62
40	64
41	42
41	43
41	44
41	45
41	46
41	52
41	64
41	65
41	66
42	43
42	44
42	45
42	46
42	47
42	48
43	44
43	45
43	46
43	47
43	48
43	49
43	51
43	52
43	55
44	45
44	46
44	47
44	48
44	52
45	46
45	47
45	48
46	47
46	48
47	48
47	49
47	50
48	49
48	50
48	51
48	52
48	53
49	50
49	51
49	52
49	53
49	54
50	51
50	52
50	53
50	54
50	55
51	52
51	53
51	54
51	55
51	56
52	53
52	54
52	55
52	56
52	57
53	54
53	55
53	56
53	57
53	58
54	55
54	56
54	57
54	58
54	59
54	60
55	56
55	57
55	58
55	59
55	60
55	61
56	57
56	58
56	59
56	60
56	61
56	62
57	58
57	59
57	60
58	59
58	60
59	60
59	61
60	61
60	62
60	64
61	62
61	63
61	64
62	63
62	64
63	64
63	65
64	65
64	66
65	66
65	67
65	68
66	67
66	68
67	68
