6	7
6	8
6	9
6	10
6	13
6	19
6	20
6	21
6	29
7	8
7	9
7	10
7	20
7	22
7	29
8	9
8	10
8	11
8	13
8	20
8	29
9	10
9	11
10	11
10	12
10	13
11	12
11	13
11	14
11	18
12	13
12	14
12	15
13	14
13	15
13	20
13	29
13	30
13	31
13	40
14	15
14	16
14	17
14	18
14	19
14	20
14	21
14	30
14	31
14	32
14	33
14	40
15	16
15	17
15	18
15	31
15	33
15	34
15	37
16	17
16	18
16	33
16	34
16	37
17	18
17	19
17	32
17	33
17	34
18	19
18	20
18	31
18	32
18	33
18	34
19	20
19	21
19	30
19	31
19	32
19	33
19	34
20	21
20	22
20	29
20	30
20	31
20	32
21	22
21	23
21	28
21	29
21	30
21	31
21	32
22	23
22	24
22	26
22	27
22	28
22	29
22	30
23	24
23	25
23	26
23	27
23	28
23	29
23	30
24	25
24	26
24	27
24	28
25	26
25	27
25	28
26	27
26	28
27	28
27	29
28	29
28	30
29	30
29	31
29	40
30	31
30	32
30	40
31	32
31	33
31	39
31	40
32	33
32	34
33	34
33	35
33	37
33	38
33	39
33	40
34	35
34	36
34	37
34	38
35	36
35	37
36	37
36	38
37	38
37	39
38	39
38	40
39	40
