4	5
4	6
4	28
4	29
4	30
4	70
5	6
5	7
5	28
5	29
5	30
5	31
5	70
5	71
6	7
6	8
6	29
6	30
6	31
6	68
6	69
6	70
6	71
6	72
7	8
7	9
7	24
7	29
7	30
7	31
7	32
7	33
7	69
7	70
7	71
7	72
7	73
8	9
8	10
8	30
8	31
8	32
8	33
8	34
8	65
8	67
8	69
8	71
8	72
8	73
8	74
8	105
9	10
9	11
9	12
9	13
9	17
9	20
9	21
9	24
9	31
9	32
9	33
9	34
9	35
9	71
9	72
9	73
9	74
9	75
10	11
10	12
10	13
10	17
10	32
10	33
10	34
10	35
10	61
10	65
10	72
10	73
10	74
10	75
10	76
11	12
11	13
11	14
11	15
11	16
11	17
11	18
11	33
11	34
11	35
11	61
11	73
11	75
11	76
11	77
12	13
12	14
12	16
12	17
12	18
12	19
12	21
12	33
12	34
12	35
12	44
12	45
12	75
13	14
13	15
13	17
13	18
13	21
13	33
13	34
13	35
13	37
13	39
13	40
13	41
13	42
13	44
13	45
13	56
14	15
14	16
14	17
14	18
14	19
14	35
14	39
14	40
14	41
14	44
15	16
15	17
15	18
15	19
15	20
15	40
15	44
16	17
16	18
16	19
16	20
16	21
16	75
17	18
17	19
17	20
17	21
17	22
17	33
17	45
17	75
18	19
18	20
18	21
18	22
18	23
18	44
18	45
18	47
18	48
19	20
19	21
19	22
19	23
19	24
20	21
20	22
20	23
20	24
20	73
20	75
21	22
21	23
21	24
21	31
21	33
21	45
21	48
21	54
22	23
22	24
22	27
22	44
22	47
22	48
23	24
23	27
23	28
23	29
23	48
24	27
24	28
24	29
24	30
24	31
24	73
27	28
27	29
28	29
28	30
28	53
29	30
29	31
29	53
29	54
30	31
30	32
30	52
30	53
30	54
31	32
31	33
31	53
31	54
31	55
31	56
32	33
32	34
32	53
32	54
32	55
32	56
32	57
32	67
32	69
33	34
33	35
33	45
33	54
33	55
33	56
33	57
33	58
34	35
34	36
34	55
34	56
34	57
34	58
34	59
34	60
34	61
34	65
34	67
34	76
35	36
35	37
35	38
35	39
35	40
35	41
35	56
35	57
35	58
35	59
35	60
36	37
36	38
36	39
36	57
36	58
36	59
36	60
36	61
36	94
37	38
37	39
37	40
37	41
37	42
37	56
37	57
37	58
37	59
38	39
38	40
38	78
38	83
38	84
38	86
38	87
38	90
38	91
39	40
39	41
39	44
39	77
39	78
39	79
39	80
39	83
40	41
40	42
40	44
41	42
41	43
41	44
41	45
42	43
42	44
42	45
42	46
42	47
42	49
42	56
43	44
43	45
43	46
43	47
44	45
44	46
44	47
45	46
45	47
45	48
45	49
45	54
45	56
46	47
46	48
46	49
46	50
47	48
47	49
47	51
48	49
48	50
48	51
48	52
48	54
49	50
49	51
49	54
49	56
50	51
50	52
50	54
51	52
51	53
51	54
51	55
52	53
52	54
53	54
53	55
54	55
54	56
55	56
55	57
56	57
56	58
57	58
57	59
57	65
57	67
58	59
58	60
59	60
59	61
59	62
59	63
59	64
59	65
60	61
60	62
60	63
60	64
60	94
60	101
61	62
61	63
61	64
61	74
61	76
61	94
61	97
61	98
61	99
61	101
62	63
62	64
62	90
62	93
62	94
62	97
62	98
62	101
63	64
63	65
63	97
63	101
64	65
64	66
64	101
65	66
65	67
65	101
65	105
65	108
66	67
66	68
66	105
66	108
67	68
67	69
67	105
67	108
67	109
68	69
68	70
68	105
68	108
68	109
69	70
69	71
69	72
69	105
69	109
69	110
69	111
70	71
70	72
70	109
70	110
70	111
70	112
71	72
71	73
71	111
71	112
71	113
72	73
72	74
72	103
72	105
72	106
72	109
72	111
72	112
72	113
72	114
72	115
73	74
73	75
73	76
73	112
73	113
73	114
74	75
74	76
74	94
74	95
74	98
74	99
74	113
74	114
74	115
74	116
74	117
75	76
75	77
75	114
75	115
75	116
76	77
76	78
76	94
76	95
77	78
77	79
77	84
77	91
77	94
77	95
77	147
78	79
78	80
78	83
78	84
78	90
78	91
78	94
78	95
78	147
79	80
79	81
79	83
79	84
79	147
80	81
80	82
80	83
80	84
81	82
81	83
81	84
81	86
81	144
82	83
82	84
82	86
82	87
83	84
83	86
83	87
83	91
84	86
84	87
84	88
84	91
84	120
84	143
84	144
84	145
84	146
84	147
86	87
86	88
86	91
87	88
87	89
87	90
87	91
87	92
87	146
88	89
88	90
88	91
88	92
88	93
88	143
88	146
89	90
89	91
89	92
89	93
89	94
89	146
90	91
90	92
90	93
90	94
90	95
91	92
91	93
91	94
91	95
91	96
91	146
91	147
92	93
92	94
92	95
92	96
92	97
92	145
92	146
92	147
93	94
93	95
93	96
93	97
93	98
93	99
94	95
94	96
94	97
94	98
94	99
95	96
95	97
95	98
95	99
95	100
95	146
95	147
96	97
96	98
96	99
96	100
96	101
97	98
97	99
97	100
97	101
98	99
98	100
98	101
98	103
99	100
99	101
99	103
99	104
99	113
99	115
100	101
100	103
100	104
100	105
101	103
101	104
101	105
101	106
103	104
103	105
103	106
103	107
103	108
103	113
104	105
104	106
104	107
104	108
104	109
105	106
105	107
105	108
105	109
105	110
105	111
106	107
106	108
106	109
106	110
106	111
106	112
106	113
107	108
107	109
107	110
107	111
108	109
108	110
108	111
109	110
109	111
110	111
110	112
111	112
111	113
112	113
112	114
113	114
113	115
114	115
114	116
115	116
115	117
116	117
116	118
116	147
117	118
117	119
117	121
117	147
118	119
118	120
118	121
118	122
118	147
119	120
119	121
119	122
119	123
120	121
120	122
120	123
120	124
120	138
120	144
120	147
121	122
121	123
121	134
121	135
121	136
121	137
121	138
122	123
122	124
122	125
122	126
122	130
122	131
122	132
122	133
122	134
122	135
122	136
122	137
122	138
123	124
123	125
123	134
123	136
123	137
123	138
124	125
124	126
124	134
124	136
124	137
124	138
125	126
125	127
125	128
125	130
125	134
125	137
126	127
126	128
126	134
126	137
127	128
127	129
127	130
127	131
127	134
128	129
128	130
129	130
129	131
130	131
130	132
130	134
131	132
131	133
131	134
131	135
132	133
132	134
132	135
133	134
133	135
134	135
134	136
134	137
135	136
135	137
135	138
136	137
136	138
137	138
137	139
138	139
138	140
138	145
139	140
139	141
139	142
139	143
139	144
139	145
140	141
140	142
140	145
140	146
141	142
141	143
141	145
142	143
142	144
142	145
142	146
143	144
143	145
143	146
143	147
144	145
144	146
144	147
145	146
145	147
146	147
