8	9
8	10
8	15
8	23
8	27
9	10
9	11
9	27
10	11
10	12
10	14
10	15
10	18
10	20
10	27
11	12
11	13
11	14
11	15
11	16
11	27
11	47
12	13
12	14
12	15
12	16
12	17
12	24
12	27
12	28
12	33
12	34
12	36
12	44
12	60
13	14
13	15
13	16
13	17
13	18
13	33
13	36
13	37
13	38
13	42
13	43
13	44
13	47
13	48
14	15
14	16
14	17
14	18
14	19
14	20
14	47
15	16
15	17
15	18
15	19
15	20
15	21
15	23
15	24
15	27
15	56
16	17
16	18
16	19
16	20
16	24
16	44
16	45
16	47
16	48
16	51
16	53
16	56
16	60
17	18
17	19
17	20
17	44
17	47
17	48
17	51
17	53
17	56
18	19
18	20
18	51
18	53
18	56
19	20
19	21
19	22
19	53
19	56
20	21
20	22
20	23
20	24
20	25
20	56
21	22
21	23
21	24
21	25
21	26
21	53
21	55
21	56
21	59
22	23
22	24
22	25
22	26
22	27
23	24
23	25
23	26
23	27
23	28
24	25
24	26
24	27
24	28
24	29
24	44
24	56
24	59
24	60
25	26
25	27
25	28
25	29
25	30
25	59
26	27
26	28
26	29
26	30
26	31
27	28
27	29
27	30
27	31
27	32
27	33
28	29
28	30
28	31
28	32
28	33
28	34
28	44
28	59
28	60
28	63
29	30
29	31
29	32
30	31
30	32
31	32
31	33
31	34
32	33
32	34
32	35
32	36
33	34
33	35
33	36
33	37
33	44
34	35
34	36
34	43
34	44
34	45
34	59
34	60
34	61
34	63
34	64
34	65
34	66
35	36
35	37
35	43
35	44
35	64
35	65
35	66
35	67
35	69
36	37
36	38
36	42
36	43
36	44
36	69
37	38
37	39
37	40
37	41
37	42
37	43
37	44
37	69
37	70
38	39
38	40
38	41
38	42
38	43
38	47
38	72
39	40
39	41
39	42
39	72
40	41
40	42
40	47
40	71
40	72
40	73
40	75
41	42
41	43
41	46
41	70
41	71
41	72
42	43
42	44
42	46
42	47
42	71
42	72
42	75
42	80
43	44
43	45
43	46
43	47
43	48
43	66
43	69
43	70
43	77
44	45
44	46
44	47
44	48
44	49
44	56
44	60
45	46
45	47
45	48
45	49
45	50
45	56
45	57
45	58
45	60
45	61
45	65
45	66
45	67
45	68
45	77
45	93
46	47
46	48
46	49
46	50
46	51
46	60
46	69
46	70
46	71
46	75
46	76
46	77
46	80
47	48
47	49
47	50
47	51
47	52
47	53
47	80
48	49
48	50
48	51
48	52
48	53
48	54
48	56
48	57
48	60
48	86
48	89
49	50
49	51
49	52
49	53
49	57
49	77
49	78
49	80
49	81
49	84
49	86
49	89
49	93
50	51
50	52
50	53
50	77
50	80
50	81
50	84
50	86
50	89
51	52
51	53
51	86
51	89
52	53
52	54
52	55
52	57
52	86
52	89
53	54
53	55
53	56
53	57
53	58
53	86
53	89
53	92
54	55
54	56
54	57
54	58
54	59
54	88
54	89
54	92
55	56
55	57
55	58
55	59
55	60
55	92
56	57
56	58
56	59
56	60
56	61
57	58
57	59
57	60
57	61
57	62
57	89
57	92
57	93
58	59
58	60
58	61
58	62
58	63
58	92
59	60
59	61
59	62
59	63
59	64
60	61
60	62
60	63
60	64
60	65
60	66
61	62
61	63
61	64
61	65
61	66
61	67
61	92
61	93
61	96
62	63
62	64
62	65
63	64
63	65
64	65
64	66
65	66
65	67
66	67
66	68
66	69
67	68
67	69
67	70
67	76
67	77
67	78
67	93
67	96
67	98
68	69
68	70
68	76
68	96
68	97
68	98
68	99
68	102
69	70
69	71
69	75
69	76
69	77
70	71
70	72
70	73
70	74
70	75
70	76
70	77
70	102
71	72
71	73
71	74
71	75
71	76
72	73
72	74
72	75
72	105
73	74
73	75
73	104
73	105
73	106
74	75
74	76
74	79
74	102
74	103
74	104
74	105
75	76
75	77
75	79
75	80
75	104
75	105
76	77
76	78
76	79
76	80
76	81
76	99
76	102
76	104
76	110
77	78
77	79
77	80
77	81
77	82
77	89
77	93
78	79
78	80
78	81
78	82
78	83
78	89
78	90
78	93
78	94
78	98
78	99
78	100
78	101
78	110
78	126
79	80
79	81
79	82
79	83
79	84
79	93
79	104
79	109
79	110
79	113
80	81
80	82
80	83
80	84
80	85
80	86
80	113
81	82
81	83
81	84
81	85
81	86
81	87
81	89
81	90
81	93
81	119
81	122
82	83
82	84
82	85
82	86
82	90
82	110
82	111
82	113
82	114
82	115
82	119
82	122
82	126
83	84
83	85
83	86
83	110
83	113
83	114
83	117
83	119
84	85
84	86
84	113
84	119
85	86
85	87
85	88
85	90
85	119
85	122
86	87
86	88
86	89
86	90
86	91
86	119
86	122
87	88
87	89
87	90
87	91
87	92
87	119
87	121
87	122
87	125
88	89
88	90
88	91
88	92
88	93
88	125
89	90
89	91
89	92
89	93
89	94
90	91
90	92
90	93
90	94
90	95
90	122
90	125
90	126
91	92
91	93
91	94
91	95
91	96
91	125
92	93
92	94
92	95
92	96
92	97
93	94
93	95
93	96
93	97
93	98
94	95
94	96
94	97
94	98
94	100
94	125
94	126
94	129
95	96
95	97
95	98
96	97
96	98
97	98
97	99
98	99
98	100
98	101
99	100
99	101
99	102
99	103
99	110
100	101
100	102
100	109
100	110
100	111
100	126
100	129
100	130
100	131
100	132
101	102
101	103
101	109
101	110
101	111
101	130
101	131
101	132
101	133
101	135
102	103
102	104
102	108
102	109
102	110
103	104
103	105
103	107
103	108
103	109
103	110
103	135
104	105
104	106
104	107
104	108
104	109
104	113
105	106
105	107
105	108
106	107
106	108
106	113
107	108
107	109
107	112
107	113
107	136
107	137
107	138
108	109
108	110
108	112
108	113
109	110
109	111
109	112
109	113
109	114
109	132
109	135
109	143
110	111
110	112
110	113
110	114
110	115
110	126
111	112
111	113
111	114
111	115
111	116
111	122
111	123
111	124
111	126
111	127
111	131
111	132
111	133
111	134
111	143
111	159
112	113
112	114
112	115
112	116
112	117
112	143
112	146
113	114
113	115
113	116
113	117
113	118
113	119
113	146
114	115
114	116
114	117
114	118
114	119
114	120
114	122
114	123
114	126
114	155
115	116
115	117
115	118
115	119
115	123
115	143
115	144
115	146
115	147
115	150
115	152
115	155
115	159
116	117
116	118
116	119
116	141
116	146
116	150
116	152
117	118
117	119
117	150
117	152
118	119
118	120
118	121
118	123
118	152
118	153
118	154
118	155
119	120
119	121
119	122
119	123
119	124
119	155
120	121
120	122
120	123
120	124
120	125
120	154
120	155
120	158
121	122
121	123
121	124
121	125
121	126
122	123
122	124
122	125
122	126
122	127
123	124
123	125
123	126
123	127
123	128
123	131
123	155
123	158
123	159
124	125
124	126
124	127
124	128
124	129
124	154
124	158
125	126
125	127
125	128
125	129
125	130
126	127
126	128
126	129
126	130
126	131
127	128
127	129
127	130
127	131
127	132
127	133
127	158
127	159
127	162
128	129
128	130
128	131
128	162
129	130
129	131
130	131
130	132
131	132
131	133
131	162
132	133
132	134
132	135
132	143
132	162
132	166
133	134
133	135
133	142
133	143
133	144
133	159
133	162
133	163
133	166
134	135
134	136
134	142
134	143
134	144
134	163
134	166
135	136
135	137
135	141
135	142
135	143
136	137
136	138
136	139
136	140
136	141
136	142
136	145
137	138
137	139
137	140
137	141
137	142
138	139
138	140
138	141
139	140
139	141
140	141
140	142
140	145
141	142
141	143
141	145
141	146
142	143
142	144
142	145
142	146
142	147
143	144
143	145
143	146
143	147
143	148
143	155
143	159
144	145
144	146
144	147
144	148
144	149
144	155
144	156
144	157
144	159
144	160
144	163
145	146
145	147
145	148
145	149
145	150
146	147
146	148
146	149
146	150
146	151
146	152
147	148
147	149
147	150
147	151
147	152
147	153
147	155
147	156
147	159
148	149
148	150
148	151
148	152
148	153
148	156
149	150
149	151
149	152
149	156
150	151
150	152
150	153
150	156
151	152
151	153
151	154
151	156
152	153
152	154
152	155
152	156
152	157
153	154
153	155
153	156
153	157
153	158
154	155
154	156
154	157
154	158
154	159
155	156
155	157
155	158
155	159
155	160
156	157
156	158
156	159
156	160
156	161
157	158
157	159
157	160
157	161
157	162
158	159
158	160
158	161
158	162
158	163
159	160
159	161
159	162
159	163
159	164
160	161
160	162
160	163
160	164
160	165
161	162
161	163
161	164
161	165
161	166
162	163
162	164
162	165
162	166
162	167
163	164
163	165
163	166
163	167
164	165
164	166
164	167
164	168
165	166
165	167
165	168
165	169
166	167
166	168
166	169
167	168
167	169
168	169
