18	19
18	20
18	22
18	23
18	26
19	20
19	21
19	22
19	23
19	24
20	21
20	22
20	23
20	24
20	25
20	53
20	54
21	22
21	23
21	24
21	25
21	26
21	56
22	23
22	24
22	25
22	26
22	27
22	29
23	24
23	25
23	26
23	27
23	28
23	50
23	53
24	25
24	26
24	27
24	28
24	29
24	50
24	53
24	56
24	88
24	89
24	92
25	26
25	27
25	28
25	29
25	30
25	50
26	27
26	28
26	29
26	30
26	31
27	28
27	29
27	30
27	31
27	32
27	45
27	46
27	47
27	49
27	50
27	53
28	29
28	30
28	31
28	32
28	33
28	50
28	89
28	92
29	30
29	31
29	32
29	33
29	34
30	31
30	32
30	33
30	34
30	35
30	42
30	43
30	46
31	32
31	33
31	34
31	35
31	36
31	42
31	43
31	44
31	46
31	47
31	50
31	92
32	33
32	34
32	35
32	36
32	37
32	43
33	34
33	35
33	36
33	37
33	38
33	39
34	35
34	36
34	37
34	38
34	39
34	40
34	42
34	43
35	36
35	37
35	38
35	39
35	40
35	43
35	99
36	37
36	38
36	39
37	38
37	39
38	39
38	40
38	41
39	40
39	41
39	42
39	43
39	44
40	41
40	42
40	43
40	44
40	45
40	96
40	99
40	100
41	42
41	43
41	44
41	45
41	46
41	100
41	102
42	43
42	44
42	45
42	46
42	47
43	44
43	45
43	46
43	47
43	48
43	92
43	96
43	99
44	45
44	46
44	47
44	48
44	49
44	93
44	96
44	97
44	100
44	102
44	105
45	46
45	47
45	48
45	49
45	50
45	96
46	47
46	48
46	49
46	50
46	51
47	48
47	49
47	50
47	51
47	52
47	89
47	92
47	93
47	96
48	49
48	50
48	51
48	52
48	53
48	93
48	96
48	97
48	105
49	50
49	51
49	52
49	53
50	51
50	52
50	53
50	89
50	92
51	52
51	53
51	89
51	90
51	91
51	92
51	93
52	53
52	54
53	54
53	55
54	55
54	56
55	56
78	79
78	80
78	81
78	82
78	83
79	80
79	81
79	82
79	83
79	84
80	81
80	82
80	83
80	84
80	85
80	115
80	116
81	82
81	83
81	84
81	85
81	86
82	83
82	84
82	85
82	86
82	87
83	84
83	85
83	86
83	87
83	88
83	113
83	114
83	115
83	116
84	85
84	86
84	87
84	88
84	89
84	91
84	115
84	116
84	117
85	86
85	87
85	88
85	89
86	87
86	88
86	89
86	90
87	88
87	89
87	90
87	91
87	92
87	112
87	113
87	114
87	115
87	116
87	118
87	119
88	89
88	90
88	91
88	92
88	93
89	90
89	91
89	92
89	93
89	94
90	91
90	92
90	93
90	94
90	95
90	109
90	110
90	113
90	118
91	92
91	93
91	94
91	95
91	96
91	109
91	110
91	113
91	115
91	117
91	118
91	119
91	120
91	121
92	93
92	94
92	95
92	96
92	97
93	94
93	95
93	96
93	97
93	98
93	106
93	109
94	95
94	96
94	97
94	98
94	99
94	102
94	105
94	106
94	107
94	109
94	110
94	121
94	125
95	96
95	97
95	98
95	99
95	100
95	106
95	110
95	121
96	97
96	98
96	99
96	100
96	101
96	102
97	98
97	99
97	100
97	101
97	102
97	103
97	105
97	106
97	109
98	99
98	100
98	101
98	102
98	103
98	106
98	121
98	124
98	125
98	128
99	100
99	101
99	102
99	103
100	101
100	102
100	132
101	102
101	103
101	104
101	132
102	103
102	104
102	105
102	106
102	107
102	125
102	132
103	104
103	105
103	106
103	107
103	108
103	122
103	124
103	125
103	126
103	128
103	129
103	132
104	105
104	106
104	107
104	108
104	109
104	125
104	129
104	133
105	106
105	107
105	108
105	109
105	110
106	107
106	108
106	109
106	110
106	111
106	121
106	122
106	125
107	108
107	109
107	110
107	111
107	121
107	122
107	125
107	126
108	109
108	110
108	111
108	112
108	122
109	110
109	111
109	112
109	113
110	111
110	112
110	113
110	114
110	117
110	118
110	119
110	121
110	122
110	125
111	112
111	113
111	122
112	113
112	114
112	122
113	114
113	115
113	118
113	119
113	122
114	115
114	116
114	118
114	119
114	122
115	116
115	117
115	118
115	119
115	120
116	117
116	118
116	119
116	120
116	121
116	170
116	172
116	175
117	118
117	119
117	120
117	121
117	122
117	172
117	175
118	119
118	120
118	121
118	122
118	123
119	120
119	121
119	122
119	123
119	124
119	161
119	165
119	170
119	175
119	178
120	121
120	122
120	123
120	124
120	125
120	172
120	174
120	175
120	177
120	178
121	122
121	123
121	124
121	125
121	126
122	123
122	124
122	125
122	126
122	127
122	157
122	161
123	124
123	125
123	126
123	127
123	128
123	157
123	158
123	161
123	162
123	165
123	175
123	178
124	125
124	126
124	127
124	128
124	129
124	158
124	177
124	178
125	126
125	127
125	128
125	129
125	130
126	127
126	128
126	129
126	130
126	131
126	152
126	154
126	157
126	158
127	128
127	129
127	130
127	131
127	132
127	152
127	154
127	155
127	158
127	178
127	181
127	185
128	129
128	130
128	131
128	132
128	133
128	152
128	158
129	130
129	131
129	132
129	133
129	134
129	152
129	154
130	131
130	132
130	133
130	134
130	135
130	152
130	153
130	154
131	132
131	133
131	134
131	135
131	152
131	185
132	133
132	134
132	135
132	152
133	134
133	135
134	135
134	152
152	153
152	154
152	155
152	156
152	158
153	154
153	155
153	156
153	157
154	155
154	156
154	157
154	158
154	159
155	156
155	157
155	158
155	159
155	160
155	181
155	182
155	183
155	185
155	186
156	157
156	158
156	159
156	160
156	161
156	186
157	158
157	159
157	160
157	161
157	162
158	159
158	160
158	161
158	162
158	163
158	178
158	182
159	160
159	161
159	162
159	163
159	164
159	182
159	186
160	161
160	162
160	163
160	164
160	165
161	162
161	163
161	164
161	165
161	166
162	163
162	164
162	165
162	166
162	167
162	175
162	176
162	178
162	179
162	182
162	183
162	195
163	164
163	165
163	166
163	167
163	168
163	179
163	183
163	191
163	195
164	165
164	166
164	167
164	168
164	169
165	166
165	167
165	168
165	169
165	170
165	171
165	175
166	167
166	168
166	169
166	170
166	176
166	179
166	183
166	195
167	168
167	169
167	170
168	169
168	170
169	170
169	171
170	171
170	172
170	173
170	175
170	176
171	172
171	173
171	176
171	202
172	173
172	174
172	175
172	176
172	177
172	202
173	174
173	175
173	176
173	177
173	178
173	198
173	199
173	200
173	202
173	203
173	206
174	175
174	176
174	177
174	178
174	179
174	199
174	203
174	206
175	176
175	177
175	178
175	179
175	180
175	195
176	177
176	178
176	179
176	180
176	181
176	195
176	196
176	198
176	199
176	202
177	178
177	179
177	180
177	181
177	182
177	195
177	196
177	199
177	206
177	208
177	209
177	212
178	179
178	180
178	181
178	182
178	183
178	196
179	180
179	181
179	182
179	183
179	184
179	192
179	195
180	181
180	182
180	183
180	184
180	185
180	191
180	192
180	195
180	196
180	212
180	216
181	182
181	183
181	184
181	185
181	186
181	192
181	196
181	212
182	183
182	184
182	185
182	186
182	187
183	184
183	185
183	186
183	187
183	188
183	189
183	191
183	192
183	195
184	185
184	186
184	187
184	188
184	189
184	192
184	196
184	212
184	215
184	216
185	186
185	187
185	188
185	212
186	187
186	188
187	188
187	189
187	190
188	189
188	190
188	191
188	192
188	193
189	190
189	191
189	192
189	193
189	194
189	215
189	216
189	217
189	218
190	191
190	192
190	193
190	194
190	195
191	192
191	193
191	194
191	195
191	196
192	193
192	194
192	195
192	196
192	197
192	213
192	216
193	194
193	195
193	196
193	197
193	198
193	213
193	216
193	217
193	222
193	226
193	229
194	195
194	196
194	197
194	198
194	199
194	213
194	229
195	196
195	197
195	198
195	199
195	200
196	197
196	198
196	199
196	200
196	201
196	208
196	209
196	210
196	212
196	213
196	216
197	198
197	199
197	200
197	201
197	202
197	213
197	225
197	226
197	229
197	230
198	199
198	200
198	201
198	202
198	203
199	200
199	201
199	202
199	203
199	204
199	206
199	209
200	201
200	202
200	203
200	204
200	205
200	206
200	209
200	210
200	213
200	230
201	202
201	203
201	204
201	210
201	229
201	230
201	231
202	203
202	204
203	204
203	205
203	206
203	207
203	209
203	210
204	205
204	206
204	207
204	210
204	234
204	236
205	206
205	207
205	210
205	234
205	235
205	236
206	207
206	208
206	209
206	210
206	211
206	236
207	208
207	209
207	210
207	211
207	212
207	236
207	239
207	240
207	243
208	209
208	210
208	211
208	212
208	213
209	210
209	211
209	212
209	213
209	214
210	211
210	212
210	213
210	214
210	215
210	230
210	231
210	234
210	236
210	237
210	240
210	243
211	212
211	213
211	214
211	215
211	216
211	240
211	243
212	213
212	214
212	215
212	216
212	217
213	214
213	215
213	216
213	217
213	226
213	230
213	240
214	215
214	216
214	217
214	218
214	240
214	243
214	244
214	245
214	247
214	248
215	216
215	217
215	218
215	243
215	247
216	217
216	218
216	222
217	218
217	219
217	220
217	222
217	223
217	226
217	240
217	244
217	247
217	248
218	219
218	220
218	222
218	248
219	220
219	221
219	222
219	223
219	224
219	248
220	221
220	222
220	223
220	224
220	225
220	241
220	245
220	248
220	250
220	252
221	222
221	223
221	224
221	225
221	226
221	248
222	223
222	224
222	225
222	226
222	227
223	224
223	225
223	226
223	227
223	228
223	240
223	241
223	244
223	245
223	248
223	250
224	225
224	226
224	227
224	228
224	229
224	241
225	226
225	227
225	228
225	229
225	230
226	227
226	228
226	229
226	230
226	240
227	228
227	229
227	230
227	231
227	232
227	237
227	240
227	241
228	229
228	230
229	230
229	231
230	231
230	232
230	233
230	237
230	240
231	232
231	233
231	234
231	235
231	237
231	238
232	233
232	234
232	235
232	237
232	238
233	234
233	235
233	237
233	238
234	235
234	236
234	237
234	238
234	239
235	236
235	237
235	238
235	239
235	240
235	258
235	261
235	262
236	237
236	238
236	239
236	240
236	241
237	238
237	239
237	240
237	241
237	242
237	258
238	239
238	240
238	241
238	242
238	243
238	258
238	259
238	261
238	262
239	240
239	241
239	242
239	243
239	244
239	258
239	262
240	241
240	242
240	243
240	244
240	245
241	242
241	243
241	244
241	245
241	246
241	250
241	252
241	254
241	255
241	258
242	243
242	244
242	245
242	246
242	247
242	251
242	254
242	255
242	256
242	258
242	259
243	244
243	245
243	246
243	247
243	248
244	245
244	246
244	247
244	248
244	249
244	250
245	246
245	247
245	248
245	249
245	250
245	251
245	252
245	255
246	247
246	248
246	249
246	250
246	251
247	248
247	249
247	250
248	249
248	250
249	250
249	251
250	251
250	252
251	252
251	253
251	255
251	256
252	253
252	254
252	255
252	256
252	257
252	258
253	254
253	255
253	256
253	257
253	258
254	255
254	256
254	257
254	258
254	259
255	256
255	257
255	258
255	259
255	260
256	257
256	258
256	259
256	260
256	261
257	258
257	259
257	260
257	261
257	262
258	259
258	260
258	261
258	262
258	263
259	260
259	261
259	262
259	263
259	264
260	261
260	262
260	263
260	264
261	262
261	263
261	264
262	263
262	264
263	264
