1	2
1	3
1	4
1	5
1	6
1	47
2	3
2	4
2	5
2	6
2	7
3	4
3	5
3	6
3	7
3	8
3	10
4	5
4	6
4	7
4	8
4	9
4	40
4	42
4	43
4	44
4	46
4	47
5	6
5	7
5	8
5	9
5	10
5	43
5	44
5	47
5	49
5	52
6	7
6	8
6	9
6	10
6	11
7	8
7	9
7	10
7	11
7	12
7	39
7	40
7	43
8	9
8	10
8	11
8	12
8	13
8	36
8	39
8	40
8	41
8	43
8	44
9	10
9	11
9	12
9	13
9	14
9	40
9	44
9	52
10	11
10	12
10	13
10	14
10	15
10	36
11	12
11	13
11	14
11	15
11	16
11	35
11	36
11	37
11	39
11	40
11	43
12	13
12	14
12	15
12	16
12	17
12	36
12	37
12	40
12	44
12	56
12	59
13	14
13	15
13	16
13	17
13	18
14	15
14	16
14	17
14	18
14	19
14	33
14	36
15	16
15	17
15	18
15	19
15	20
15	29
15	32
15	33
15	34
15	36
15	37
16	17
16	18
16	19
16	20
16	33
16	37
17	18
17	19
17	20
17	21
17	25
18	19
18	20
18	21
18	25
18	27
18	28
18	29
18	30
18	32
18	33
18	36
19	20
19	21
19	25
19	27
19	28
19	29
19	30
19	33
19	37
19	63
20	21
20	22
20	25
20	27
20	28
20	29
21	22
21	23
21	25
21	26
21	27
21	28
22	23
22	25
22	26
22	27
23	25
23	26
25	26
25	27
25	28
25	29
26	27
26	28
27	28
27	29
27	30
27	66
28	29
28	30
28	31
29	30
29	31
29	32
29	33
29	34
30	31
30	32
30	33
30	34
30	35
30	62
30	63
30	64
30	66
30	67
31	32
31	33
31	34
31	35
31	36
31	63
31	64
31	67
32	33
32	34
32	35
32	36
32	37
33	34
33	35
33	36
33	37
33	38
33	59
33	60
33	63
34	35
34	36
34	37
34	38
34	39
34	59
34	60
34	63
34	64
35	36
35	37
35	38
35	39
35	40
35	60
35	63
35	64
36	37
36	38
36	39
36	40
36	41
37	38
37	39
37	40
37	41
37	42
37	55
37	56
37	57
37	59
37	60
37	63
38	39
38	40
38	41
38	42
38	43
38	56
38	57
38	60
38	64
39	40
39	41
39	42
39	43
39	44
39	60
40	41
40	42
40	43
40	44
40	45
40	53
40	56
41	42
41	43
41	44
41	45
41	46
41	52
41	53
41	54
41	56
41	57
41	60
42	43
42	44
42	45
42	46
42	47
42	53
42	57
43	44
43	45
43	46
43	47
43	48
44	45
44	46
44	47
44	48
44	49
44	50
44	52
44	53
44	54
44	56
45	46
45	47
45	48
45	49
45	50
45	53
45	57
45	79
46	47
46	48
46	49
47	48
47	49
48	49
48	50
49	50
49	51
49	52
49	53
49	54
50	51
50	52
50	53
50	54
50	55
50	86
50	87
51	52
51	53
51	54
51	55
51	56
51	84
51	87
51	89
51	92
52	53
52	54
52	55
52	56
52	57
53	54
53	55
53	56
53	57
53	58
53	80
54	55
54	56
54	57
54	58
54	59
54	79
54	80
54	81
54	84
54	87
54	89
54	92
55	56
55	57
55	58
55	59
55	60
56	57
56	58
56	59
56	60
56	61
57	58
57	59
57	60
57	61
57	62
57	75
57	76
57	77
57	79
57	80
58	59
58	60
58	61
58	62
58	63
58	76
58	77
58	80
59	60
59	61
59	62
59	63
59	64
60	61
60	62
60	63
60	64
60	65
60	72
60	73
60	76
61	62
61	63
61	64
61	65
61	66
61	72
61	73
61	74
61	76
61	77
62	63
62	64
62	65
62	66
62	67
62	73
62	77
63	64
63	65
63	66
63	67
63	68
64	65
64	66
64	67
64	68
64	69
64	70
64	72
64	73
64	76
65	66
65	67
65	68
65	69
65	70
65	73
65	77
66	67
66	68
66	69
67	68
67	69
68	69
68	70
69	70
69	71
69	72
69	73
69	74
70	71
70	72
70	73
70	74
70	75
71	72
71	73
71	74
71	75
71	76
72	73
72	74
72	75
72	76
72	77
73	74
73	75
73	76
73	77
73	78
74	75
74	76
74	77
74	78
74	79
75	76
75	77
75	78
75	79
75	80
76	77
76	78
76	79
76	80
76	81
77	78
77	79
77	80
77	81
77	93
78	79
78	80
78	81
79	80
79	81
79	84
80	81
80	84
80	85
80	93
81	84
81	85
81	86
81	89
81	93
84	85
84	86
84	87
84	88
84	89
84	92
84	93
85	86
85	87
85	88
85	89
85	93
86	87
86	88
86	89
87	88
87	89
88	89
88	91
89	91
89	92
89	93
91	92
91	93
91	94
92	93
92	94
93	94
