97	98
97	99
97	100
97	102
97	103
97	109
97	111
97	115
97	116
98	99
98	100
98	101
98	102
98	103
98	105
98	109
98	110
98	111
98	116
99	100
99	101
99	102
99	103
99	111
100	101
100	102
100	103
100	104
101	102
101	103
101	104
101	105
102	103
102	104
102	105
102	106
102	107
102	108
102	109
102	116
103	104
103	105
103	109
103	116
104	105
104	106
104	109
104	116
105	106
105	107
105	108
105	109
105	110
105	116
106	107
106	108
107	108
107	109
108	109
108	110
109	110
109	111
109	116
110	111
110	112
110	115
110	116
111	112
111	113
111	115
111	116
112	113
112	114
112	115
112	116
113	114
113	115
114	115
114	116
115	116
