35	36
35	37
35	40
36	37
36	38
36	40
36	41
36	98
36	102
37	38
37	39
37	40
37	41
37	42
37	102
38	39
38	40
38	41
38	42
38	43
38	98
38	100
38	101
38	102
38	103
38	104
38	111
39	40
39	41
39	42
39	43
39	44
39	111
40	41
40	42
40	43
40	44
40	45
41	42
41	43
41	44
41	45
41	46
41	95
41	98
41	102
42	43
42	44
42	45
42	46
42	47
42	111
43	44
43	45
43	46
43	47
43	48
44	45
44	46
44	47
44	48
44	49
45	46
45	47
45	48
45	49
45	50
45	92
45	93
45	95
45	96
46	47
46	48
46	49
46	50
47	48
47	49
47	50
48	49
48	50
48	92
49	50
87	88
87	89
87	90
87	91
88	89
88	90
88	91
88	92
89	90
89	91
89	92
89	93
90	91
90	92
90	93
90	94
91	92
91	93
91	94
91	95
91	96
92	93
92	94
92	95
92	96
92	97
93	94
93	95
93	96
93	97
93	98
94	95
94	96
94	97
94	98
95	96
95	97
95	98
95	100
96	97
96	98
96	100
96	101
96	111
97	98
97	100
97	101
97	102
98	100
98	101
98	102
98	103
100	101
100	102
100	103
100	108
100	111
101	102
101	103
102	103
102	104
102	105
103	104
103	105
103	106
103	107
103	108
103	111
104	105
104	106
105	106
105	107
105	108
105	111
106	107
106	108
106	109
107	108
107	109
107	110
107	111
108	109
108	110
108	111
109	110
109	111
110	111
