1	2
1	3
1	4
1	5
1	44
1	45
2	3
2	4
2	5
3	4
3	5
3	7
4	5
4	6
4	7
4	8
4	9
4	40
4	45
5	6
5	7
5	8
6	7
6	8
6	10
7	8
7	9
7	10
7	11
7	45
8	9
8	10
8	11
8	41
8	45
8	49
9	10
9	11
9	12
9	13
9	14
9	41
9	45
9	49
10	11
10	12
10	13
10	14
10	15
10	41
10	45
11	12
11	13
11	14
11	15
11	16
11	37
11	40
11	41
11	45
12	13
12	14
12	15
12	16
12	17
12	37
12	41
12	45
12	49
12	50
12	53
13	14
13	15
13	16
13	17
13	18
13	20
14	15
14	16
14	17
14	18
14	19
14	37
15	16
15	17
15	18
15	19
15	20
15	30
15	31
15	34
15	37
15	50
15	53
15	54
16	17
16	18
16	19
16	20
16	21
16	53
17	18
17	19
17	20
17	21
18	19
18	20
18	21
18	22
18	26
18	27
18	29
18	30
18	31
18	33
18	37
19	20
19	21
19	27
19	30
19	31
19	53
19	54
19	58
19	59
19	60
19	64
20	21
20	22
20	27
21	22
21	23
21	24
21	26
21	27
21	59
22	23
22	24
22	27
23	24
23	25
23	26
23	27
23	28
24	25
24	26
24	27
24	28
24	29
24	60
24	61
24	63
24	64
25	26
25	27
25	28
25	29
25	63
26	27
26	28
26	29
26	30
26	31
27	28
27	29
27	30
27	31
27	32
27	59
27	60
27	61
27	64
28	29
28	30
28	31
28	32
28	33
28	63
28	64
28	67
29	30
29	31
29	32
29	33
29	34
30	31
30	32
30	33
30	34
30	35
30	37
31	32
31	33
31	34
31	35
31	54
31	58
31	64
31	67
31	68
31	69
31	71
32	33
32	34
32	35
32	67
32	70
32	71
33	34
33	35
33	36
33	37
33	38
33	71
34	35
34	36
34	37
34	38
34	39
34	50
34	54
34	68
34	71
34	72
34	75
34	78
35	36
35	37
35	38
35	39
35	40
35	71
35	75
35	78
36	37
36	38
36	39
36	40
36	41
36	78
37	38
37	39
37	40
37	41
37	42
37	46
37	50
38	39
38	40
38	41
38	42
38	43
38	46
38	50
38	75
38	78
39	40
39	41
39	42
39	46
39	78
40	41
40	42
40	45
41	42
41	43
41	45
41	46
41	47
41	49
41	50
42	43
42	44
42	45
42	46
42	47
42	78
43	44
43	45
43	46
43	47
43	48
43	77
43	78
43	79
43	80
44	45
44	46
44	47
44	48
44	49
44	79
45	46
45	47
45	48
45	49
45	50
45	51
46	47
46	48
46	49
46	50
46	51
46	52
46	75
46	78
46	79
47	48
47	49
47	50
47	51
47	52
47	79
47	80
47	84
47	87
48	49
48	50
48	51
48	52
49	50
49	51
49	52
49	53
49	54
50	51
50	52
50	53
50	54
50	55
50	75
51	52
51	53
51	54
51	55
51	56
51	72
51	75
51	79
51	87
51	88
51	91
52	53
52	54
52	55
52	56
52	57
53	54
53	55
53	56
53	57
53	58
54	55
54	56
54	57
54	58
54	68
54	72
54	75
54	91
54	94
55	56
55	57
55	58
55	87
55	90
55	91
55	92
55	94
56	57
56	58
56	59
56	94
57	58
57	59
58	59
58	60
58	64
58	65
58	68
59	60
59	61
59	65
60	61
60	62
60	64
60	65
61	62
61	63
61	64
61	65
61	66
62	63
62	64
62	65
62	66
62	67
62	98
62	99
62	100
62	103
63	64
63	65
63	66
63	67
63	68
63	103
64	65
64	66
64	67
64	68
64	69
65	66
65	67
65	68
65	69
65	70
65	95
65	98
65	103
66	67
66	68
66	69
66	70
66	71
66	95
66	102
66	103
66	106
67	68
67	69
67	70
67	71
67	72
68	69
68	70
68	71
68	72
68	73
68	92
68	95
69	70
69	71
69	72
69	73
69	92
69	95
69	103
69	106
69	107
69	110
70	71
70	72
70	73
70	74
70	95
70	106
70	107
70	110
71	72
71	73
71	74
71	75
71	110
72	73
72	74
72	75
72	76
72	88
72	91
72	92
72	95
72	110
72	114
73	74
73	75
73	76
73	92
73	110
73	113
73	114
74	75
74	76
74	77
74	78
74	110
74	114
75	76
75	77
75	78
75	79
75	80
75	81
75	88
75	114
76	77
76	78
76	79
76	80
76	81
76	82
76	84
76	85
76	88
76	114
76	117
77	78
77	79
77	80
77	81
78	79
78	80
78	81
79	80
79	81
79	84
79	85
79	87
79	88
80	81
80	82
80	83
80	84
81	82
81	83
81	84
81	85
82	83
82	84
82	85
82	86
82	117
82	118
82	119
82	122
83	84
83	85
83	86
83	117
83	122
84	85
84	86
84	87
84	88
84	122
85	86
85	87
85	88
85	89
85	114
85	117
85	118
85	119
85	122
86	87
86	88
86	89
86	90
86	118
86	122
86	126
87	88
87	89
87	90
87	91
88	89
88	90
88	91
88	92
88	93
88	111
88	114
89	90
89	91
89	92
89	93
89	94
89	111
89	114
89	118
89	126
89	127
89	130
89	133
90	91
90	92
90	93
90	94
90	95
90	133
91	92
91	93
91	94
91	95
91	96
92	93
92	94
92	95
92	96
92	97
92	106
92	107
92	108
92	110
92	111
92	114
93	94
93	95
93	96
93	97
93	98
93	107
93	111
93	130
93	133
93	134
94	95
94	96
94	97
94	98
95	96
95	97
95	98
95	100
95	103
95	104
95	105
95	107
96	97
96	98
96	103
96	104
96	107
96	108
96	111
96	134
96	141
96	142
96	145
97	98
97	99
97	104
97	134
97	139
97	141
97	142
97	145
98	99
98	100
98	101
98	103
98	104
98	141
99	100
99	101
99	102
99	104
99	139
99	141
100	101
100	102
100	103
100	104
100	105
101	102
101	103
101	104
101	105
101	106
102	103
102	104
102	105
102	106
102	107
103	104
103	105
103	106
103	107
103	108
104	105
104	106
104	107
104	108
104	109
104	140
104	141
104	142
104	144
104	145
105	106
105	107
105	108
105	109
105	110
105	145
106	107
106	108
106	109
106	110
106	111
107	108
107	109
107	110
107	111
107	112
107	149
108	109
108	110
108	111
108	112
108	113
108	145
108	146
108	148
108	149
109	110
109	111
109	112
109	113
109	114
110	111
110	112
110	113
110	114
110	115
111	112
111	113
111	114
111	115
111	116
111	127
111	130
111	134
111	149
111	152
112	113
112	114
112	115
112	116
112	127
112	148
112	149
112	151
112	152
112	187
112	190
113	114
113	115
113	116
113	117
113	152
114	115
114	116
114	117
114	118
114	127
115	116
115	117
115	118
115	119
115	123
115	127
115	152
115	153
115	156
116	117
116	118
116	119
116	123
116	152
116	156
117	118
117	119
117	122
117	156
118	119
118	120
118	121
118	122
118	123
118	126
118	127
118	156
119	120
119	121
119	122
119	123
119	124
119	156
120	121
120	122
120	123
120	124
120	125
120	156
120	157
121	122
121	123
121	124
121	125
121	126
122	123
122	124
122	125
122	126
122	127
122	128
122	129
123	124
123	125
123	126
123	127
123	128
123	129
123	152
123	153
123	156
123	157
124	125
124	126
124	127
124	128
124	129
124	156
124	157
124	158
124	161
125	126
125	127
125	128
125	129
126	127
126	128
126	129
126	130
126	131
126	133
127	128
127	129
127	130
127	131
127	132
127	149
127	150
127	152
127	153
128	129
128	130
128	131
128	132
128	133
128	153
128	157
128	161
128	164
128	165
129	130
129	131
129	132
129	133
129	134
130	131
130	132
130	133
130	134
130	135
130	149
131	132
131	133
131	134
131	135
131	136
131	146
131	149
131	150
131	153
131	165
131	168
132	133
132	134
132	135
132	136
132	137
132	161
132	164
132	165
132	168
133	134
133	135
133	136
133	137
133	142
133	168
134	135
134	136
134	137
134	139
134	142
134	143
134	144
134	145
134	146
134	149
135	136
135	137
135	142
135	143
135	146
135	150
135	168
135	172
135	175
136	137
136	138
136	143
136	168
137	138
137	139
137	140
137	142
137	143
138	139
138	140
138	142
138	143
139	140
139	141
139	142
139	143
139	144
140	141
140	142
140	143
140	144
140	145
140	177
140	179
140	180
141	142
141	143
141	144
141	145
141	146
142	143
142	144
142	145
142	146
142	147
143	144
143	145
143	146
143	147
143	172
143	175
143	176
143	177
143	180
143	183
144	145
144	146
144	147
144	148
144	172
144	179
144	180
144	183
145	146
145	147
145	148
145	149
146	147
146	148
146	149
146	150
146	172
147	148
147	149
147	150
147	151
147	169
147	172
147	180
147	183
147	184
147	187
147	190
148	149
148	150
148	151
148	152
148	187
148	190
149	150
149	151
149	152
149	153
149	154
149	190
150	151
150	152
150	153
150	154
150	155
150	164
150	165
150	166
150	168
150	169
150	172
150	191
150	194
151	152
151	153
151	154
151	155
151	190
151	191
151	194
152	153
152	154
152	155
152	156
152	194
153	154
153	155
153	156
153	157
153	165
154	155
154	156
154	157
154	158
154	161
154	162
154	163
154	165
154	166
154	191
154	194
154	195
154	196
154	199
155	156
155	157
155	162
155	194
156	157
156	158
156	162
157	158
157	159
157	161
157	162
157	165
158	159
158	160
158	161
158	162
158	163
159	160
159	161
159	162
159	163
159	164
159	166
160	161
160	162
160	163
160	164
160	165
161	162
161	163
161	164
161	165
161	166
162	163
162	164
162	165
162	166
162	167
162	191
162	194
162	196
163	164
163	165
163	166
163	167
163	168
163	170
163	203
164	165
164	166
164	167
164	168
164	169
165	166
165	167
165	168
165	169
165	170
165	191
166	167
166	168
166	169
166	170
166	171
166	191
166	195
166	196
166	199
166	203
166	207
167	168
167	169
167	170
167	171
167	172
167	203
168	169
168	170
168	171
168	172
168	173
169	170
169	171
169	172
169	173
169	174
169	183
169	184
169	185
169	187
169	188
169	191
169	207
170	171
170	172
170	173
170	174
170	175
170	203
170	207
171	172
171	173
171	174
171	175
172	173
172	174
172	175
172	176
172	177
172	180
172	181
172	184
173	174
173	175
173	180
173	181
173	184
173	185
173	188
173	207
173	211
173	214
174	175
174	176
174	181
174	211
175	176
175	177
175	178
175	180
175	181
176	177
176	178
176	181
177	178
177	179
177	180
177	181
177	182
178	179
178	180
178	181
178	182
178	183
178	216
178	218
178	219
179	180
179	181
179	182
179	183
179	184
180	181
180	182
180	183
180	184
180	185
181	182
181	183
181	184
181	185
181	186
181	211
181	214
181	215
181	216
181	219
181	222
182	183
182	184
182	185
182	186
182	187
182	211
182	218
182	219
182	222
183	184
183	185
183	186
183	187
183	188
183	222
184	185
184	186
184	187
184	188
184	189
184	211
185	186
185	187
185	188
185	189
185	211
185	219
185	222
185	223
185	226
186	187
186	188
186	189
186	190
186	222
187	188
187	189
187	190
187	191
187	192
188	189
188	190
188	191
188	192
188	193
188	204
188	207
188	208
188	211
188	226
188	229
188	230
189	190
189	191
189	192
189	193
189	194
189	226
189	229
189	230
189	233
190	191
190	192
190	193
190	194
190	195
190	229
191	192
191	193
191	194
191	195
191	204
191	207
192	193
192	194
192	195
192	196
192	200
192	204
192	230
192	233
193	194
193	195
193	200
193	233
194	195
194	196
195	196
195	197
195	199
195	200
195	203
195	204
195	207
196	197
196	198
196	199
196	200
196	201
197	198
197	199
197	200
197	201
197	202
197	233
197	234
197	235
198	199
198	200
198	201
198	202
198	203
199	200
199	201
199	202
199	203
199	204
199	205
200	201
200	202
200	203
200	204
200	205
200	206
200	230
200	233
200	234
201	202
201	203
201	204
201	205
201	206
201	234
201	235
201	238
201	242
202	203
202	204
202	205
202	206
203	204
203	205
203	206
203	207
203	208
204	205
204	206
204	207
204	208
204	209
204	230
205	206
205	207
205	208
205	209
205	210
205	230
205	234
205	242
205	243
205	246
206	207
206	208
206	209
206	210
206	211
207	208
207	209
207	210
207	211
207	212
208	209
208	210
208	211
208	212
208	213
208	223
208	224
208	226
208	227
208	230
208	242
208	243
208	246
208	247
209	210
209	211
209	212
209	213
209	214
209	246
209	249
210	211
210	212
210	213
210	214
211	212
211	213
211	214
211	216
211	219
211	220
211	221
211	223
212	213
212	214
212	219
212	220
212	223
212	246
212	249
212	253
213	214
213	215
213	220
213	249
214	215
214	216
214	217
214	219
214	220
215	216
215	217
215	220
216	217
216	218
216	219
216	220
216	221
217	218
217	219
217	220
217	221
217	222
217	253
217	255
217	257
217	258
218	219
218	220
218	221
218	222
218	257
219	220
219	221
219	222
219	223
220	221
220	222
220	223
220	224
220	249
220	253
220	254
220	255
220	258
221	222
221	223
221	224
221	225
221	257
221	258
221	261
222	223
222	224
222	225
222	226
222	227
222	261
223	224
223	225
223	226
223	227
223	228
223	246
224	225
224	226
224	227
224	228
224	229
224	247
224	250
224	258
224	261
224	262
224	265
224	269
225	226
225	227
225	228
225	229
225	230
225	261
225	265
225	268
226	227
226	228
226	229
226	230
226	231
227	228
227	229
227	230
227	231
227	232
227	243
227	246
227	247
227	269
227	272
228	229
228	230
228	231
228	232
228	233
228	265
228	268
228	269
228	272
229	230
229	231
229	232
229	233
229	234
230	231
230	232
230	233
230	234
230	239
230	243
231	232
231	233
231	234
231	235
231	239
231	243
231	272
231	273
232	233
232	234
232	239
232	268
232	272
233	234
233	235
234	235
234	236
234	238
234	239
234	242
234	243
234	272
235	236
235	237
235	238
235	239
236	237
236	238
236	239
236	240
236	272
236	273
236	274
236	275
236	276
236	277
237	238
237	239
237	240
237	241
238	239
238	240
238	241
238	242
238	243
239	240
239	241
239	242
239	243
239	244
239	245
239	272
239	273
239	274
239	277
240	241
240	242
240	243
240	244
240	245
240	248
240	277
240	281
241	242
241	243
241	244
241	245
242	243
242	244
242	245
242	246
243	244
243	245
243	246
243	247
243	248
244	245
244	246
244	247
244	248
244	249
244	273
244	277
244	281
244	282
245	246
245	247
245	248
245	249
245	250
246	247
246	248
246	249
246	250
246	251
247	248
247	249
247	250
247	251
247	252
247	262
247	269
247	273
247	282
248	249
248	250
248	251
248	252
248	253
248	277
248	280
248	281
249	250
249	251
249	252
249	253
249	254
249	258
250	251
250	252
250	253
250	255
250	258
250	259
250	262
251	252
251	253
251	258
251	259
251	262
251	285
251	289
251	292
252	253
252	254
252	259
252	288
253	254
253	255
253	256
253	258
253	259
254	255
254	256
254	259
255	256
255	257
255	258
255	259
255	260
256	257
256	258
256	259
256	260
256	261
256	292
256	294
256	296
256	297
257	258
257	259
257	260
257	261
257	262
257	297
258	259
258	260
258	261
258	262
258	263
259	260
259	261
259	262
259	263
259	264
259	289
259	292
259	293
259	294
259	297
260	261
260	262
260	263
260	264
260	265
260	289
260	296
260	297
260	299
260	300
261	262
261	263
261	264
261	265
261	266
261	269
262	263
262	264
262	265
262	266
262	267
262	269
262	289
263	264
263	265
263	266
263	267
263	269
263	289
263	297
263	300
263	301
263	304
264	265
264	266
264	267
264	268
264	300
264	301
264	304
265	266
265	267
265	268
265	269
265	270
265	304
266	267
266	268
266	269
266	270
266	271
266	281
266	282
266	283
266	285
266	286
266	289
266	304
266	308
267	268
267	269
267	270
267	271
267	272
267	304
267	307
267	308
267	311
268	269
268	270
268	271
268	272
268	273
268	304
269	270
269	271
269	272
269	273
269	274
269	278
269	282
270	271
270	272
270	273
270	274
270	275
270	278
270	282
270	307
270	308
270	309
270	310
270	311
270	312
271	272
271	273
271	274
271	278
271	282
271	307
271	311
272	273
272	274
273	274
273	275
273	276
273	277
273	278
273	282
274	275
274	276
274	277
274	278
274	279
274	282
275	276
275	277
275	278
275	279
275	280
275	311
275	312
275	313
276	277
276	278
276	279
276	280
276	281
277	278
277	279
277	280
277	281
277	282
277	283
278	279
278	280
278	281
278	282
278	283
278	284
278	308
278	311
278	312
279	280
279	281
279	282
279	283
279	284
279	312
279	313
279	315
279	316
279	320
280	281
280	282
280	283
280	284
281	282
281	283
281	284
281	285
281	286
282	283
282	284
282	285
282	286
282	287
282	308
283	284
283	285
283	286
283	287
283	288
283	308
283	312
283	320
283	324
283	325
284	285
284	286
284	287
284	288
284	289
285	286
285	287
285	288
285	289
285	290
286	287
286	288
286	289
286	290
286	291
286	301
286	302
286	304
286	305
286	308
286	309
286	325
287	288
287	289
287	290
287	291
287	292
287	323
287	324
287	325
287	328
288	289
288	290
288	291
288	292
288	293
289	290
289	291
289	292
289	294
289	297
289	298
289	301
290	291
290	292
290	297
290	298
290	301
290	302
290	305
290	324
290	325
290	328
290	329
290	332
290	335
291	292
291	293
291	298
291	327
291	328
291	331
291	332
292	293
292	294
292	295
292	297
292	298
293	294
293	295
293	298
294	295
294	296
294	297
294	298
294	299
295	296
295	297
295	298
295	299
295	300
295	335
295	337
295	339
295	340
296	297
296	298
296	299
296	300
296	301
296	340
297	298
297	299
297	300
297	301
297	302
298	299
298	300
298	301
298	302
298	303
298	332
298	335
298	336
298	337
298	340
298	343
299	300
299	301
299	302
299	303
299	304
299	337
299	339
299	340
299	343
299	344
300	301
300	302
300	303
300	304
300	305
300	343
301	302
301	303
301	304
301	305
302	303
302	304
302	305
302	306
302	332
302	339
302	340
302	341
302	343
302	344
302	347
303	304
303	305
303	306
303	307
303	339
303	342
303	343
303	344
303	346
303	347
304	305
304	306
304	307
304	308
304	309
304	347
305	306
305	307
305	308
305	309
305	310
305	325
305	329
305	332
305	344
305	347
305	348
305	351
306	307
306	308
306	309
306	310
306	311
306	347
306	348
306	350
306	351
306	354
307	308
307	309
307	310
307	311
307	312
308	309
308	310
308	311
308	312
308	320
308	325
309	310
309	311
309	312
309	317
309	321
309	325
309	329
309	351
309	354
310	311
310	312
310	317
310	321
310	350
310	351
310	353
310	354
311	312
311	313
311	317
312	313
312	314
312	315
312	316
312	317
312	318
312	320
312	321
312	325
313	314
313	315
313	316
313	317
313	318
314	315
314	316
314	317
314	318
314	319
315	316
315	317
315	319
316	317
316	318
316	319
316	320
316	321
317	318
317	319
317	320
317	321
317	322
317	354
318	319
318	320
318	321
318	322
318	323
318	354
318	355
318	356
318	359
319	320
319	321
319	322
319	323
319	324
320	321
320	322
320	323
320	324
320	325
320	326
320	327
321	322
321	323
321	324
321	325
321	326
321	327
321	351
321	354
321	355
322	323
322	324
322	325
322	326
322	327
322	355
322	359
322	363
323	324
323	325
323	326
323	327
324	325
324	326
324	327
324	328
324	329
325	326
325	327
325	328
325	329
325	330
326	327
326	328
326	329
326	330
326	331
326	355
326	363
326	364
326	367
327	328
327	329
327	330
327	331
327	332
328	329
328	330
328	331
328	332
328	333
329	330
329	331
329	332
329	333
329	334
329	344
329	348
329	351
329	364
329	367
330	331
330	332
330	333
330	334
330	363
330	367
331	332
331	333
331	334
331	335
332	333
332	334
332	335
332	336
332	340
332	341
332	344
332	371
333	334
333	335
333	341
333	344
333	348
333	367
333	370
333	371
333	374
334	335
334	336
334	337
334	341
335	336
335	337
335	338
335	340
335	341
336	337
336	338
336	341
337	338
337	339
337	340
337	341
337	342
338	339
338	340
338	341
338	342
338	343
338	374
338	375
338	376
338	377
338	378
338	379
339	340
339	341
339	342
339	343
339	344
339	378
340	341
340	342
340	343
340	344
340	345
340	371
341	342
341	343
341	344
341	345
341	346
341	371
341	374
341	375
341	376
341	379
341	382
342	343
342	344
342	345
342	346
342	347
342	371
342	376
342	378
342	379
342	382
343	344
343	345
343	346
343	347
343	348
343	378
343	382
344	345
344	346
344	347
344	348
344	349
344	371
345	346
345	347
345	348
345	349
345	371
345	378
345	379
345	380
345	382
345	383
345	386
346	347
346	348
346	349
346	371
346	382
346	383
346	386
347	348
347	349
347	350
347	351
347	386
348	349
348	350
348	351
348	352
348	364
348	367
348	368
348	371
348	383
349	350
349	351
349	352
349	353
349	360
349	364
349	365
349	367
349	368
349	369
349	371
349	383
349	386
349	389
349	390
350	351
350	352
350	353
350	354
350	389
351	352
351	353
351	354
351	355
351	356
351	360
351	364
352	353
352	354
352	355
352	356
352	357
352	360
352	364
352	389
352	390
352	393
353	354
353	355
353	356
353	360
353	389
353	390
353	392
353	393
354	355
354	356
354	393
355	356
355	357
355	358
355	359
355	360
355	363
355	364
356	357
356	358
356	359
356	360
356	361
356	393
356	394
357	358
357	359
357	360
357	361
357	362
357	393
357	394
357	395
357	398
358	359
358	360
358	361
358	362
358	363
359	360
359	361
359	362
359	363
359	364
359	365
360	361
360	362
360	363
360	364
360	365
360	366
360	390
360	393
360	394
361	362
361	363
361	364
361	365
361	366
361	394
361	398
362	363
362	364
362	365
362	366
363	364
363	365
363	366
363	367
364	365
364	366
364	367
364	368
364	369
365	366
365	367
365	368
365	369
365	370
365	390
365	394
365	398
365	399
365	402
366	367
366	368
366	369
366	370
366	371
367	368
367	369
367	370
367	371
367	372
367	383
368	369
368	370
368	371
368	372
368	373
368	383
368	384
368	387
368	390
368	399
368	402
368	403
369	370
369	371
369	372
369	373
369	374
369	402
369	403
369	406
370	371
370	372
370	373
370	374
371	372
371	373
371	374
371	375
371	376
371	379
371	380
371	383
372	373
372	374
372	379
372	380
372	383
372	384
372	403
372	406
372	407
372	410
372	425
373	374
373	375
373	380
373	406
373	409
373	410
374	375
374	376
374	377
374	379
374	380
374	410
375	376
375	377
375	380
375	415
376	377
376	378
376	379
376	380
376	381
377	378
377	379
377	380
377	381
377	382
377	425
378	379
378	380
378	381
378	382
378	383
379	380
379	381
379	382
379	383
379	384
380	381
380	382
380	383
380	384
380	385
380	410
380	417
380	418
380	421
380	422
380	425
381	382
381	383
381	384
381	385
381	386
381	425
381	428
382	383
382	384
382	385
382	386
383	384
383	385
383	386
383	387
383	432
384	385
384	386
384	387
384	403
384	407
384	425
384	428
384	429
384	432
385	386
385	387
385	388
385	428
385	432
386	387
386	388
386	389
386	390
386	432
387	388
387	389
387	390
387	391
387	392
387	399
387	403
387	428
387	429
387	432
387	433
388	389
388	390
388	391
388	392
388	393
388	431
388	432
388	433
389	390
389	391
389	392
389	393
389	394
390	391
390	392
390	393
390	394
390	395
390	399
391	392
391	393
391	394
391	395
391	396
391	397
391	399
391	432
391	433
391	436
392	393
392	394
393	394
393	395
394	395
394	396
394	398
394	399
395	396
395	397
395	398
395	399
395	400
396	397
396	398
396	399
396	400
396	401
396	433
396	436
396	437
397	398
397	399
397	400
397	401
397	402
398	399
398	400
398	401
398	402
398	403
399	400
399	401
399	402
399	403
399	404
399	433
399	437
400	401
400	402
400	403
400	404
400	405
400	437
400	439
401	402
401	403
401	404
401	405
402	403
402	404
402	405
402	406
403	404
403	405
403	406
403	407
403	408
403	429
403	433
403	437
404	405
404	406
404	407
404	408
404	409
404	437
404	439
404	441
404	442
404	445
405	406
405	407
405	408
405	409
405	410
406	407
406	408
406	409
406	410
406	411
407	408
407	409
407	410
407	411
407	412
407	422
407	426
407	429
407	437
407	442
407	445
408	409
408	410
408	411
408	412
408	413
408	441
408	445
409	410
409	411
409	412
409	413
410	411
410	412
410	413
410	418
410	419
410	422
410	425
411	412
411	413
411	418
411	419
411	422
411	445
411	449
412	413
412	414
412	419
412	445
412	449
413	414
413	415
413	416
413	418
413	419
414	415
414	416
414	419
415	416
415	417
415	418
415	419
415	420
415	457
416	417
416	418
416	419
416	420
416	421
416	452
416	454
416	456
416	457
417	418
417	419
417	420
417	421
417	422
417	457
418	419
418	420
418	421
418	422
418	423
419	420
419	421
419	422
419	423
419	424
419	449
419	452
419	453
419	454
419	457
420	421
420	422
420	423
420	424
420	425
420	456
420	457
420	460
421	422
421	423
421	424
421	425
421	426
422	423
422	424
422	425
422	426
422	429
422	449
423	424
423	425
423	426
423	427
423	449
423	456
423	457
423	458
423	460
423	461
423	464
424	425
424	426
424	427
424	428
424	460
425	426
425	427
425	428
425	429
425	430
426	427
426	428
426	429
426	430
426	431
426	437
426	438
426	442
426	446
426	449
426	464
426	468
427	428
427	429
427	430
427	431
427	432
427	464
427	468
428	429
428	430
428	431
428	432
428	433
429	430
429	431
429	432
429	433
429	434
429	437
429	438
429	442
430	431
430	432
430	433
430	434
430	435
430	437
430	438
430	468
430	471
430	472
431	432
431	433
431	434
431	438
431	471
432	433
432	434
433	434
433	435
433	436
433	437
433	438
434	435
434	436
434	437
434	438
434	471
434	472
435	436
435	437
435	438
435	439
435	472
435	476
436	437
436	438
436	439
436	472
437	438
437	439
437	442
438	439
438	440
438	442
438	443
438	446
438	464
438	468
438	472
438	476
438	480
439	440
439	441
439	442
439	443
439	444
439	480
439	484
440	441
440	442
440	443
440	444
440	445
440	447
440	480
440	484
441	442
441	443
441	444
441	445
441	446
441	484
442	443
442	444
442	445
442	446
442	447
443	444
443	445
443	446
443	447
443	448
443	468
443	476
443	480
443	481
443	484
444	445
444	446
444	447
444	448
444	449
444	484
445	446
445	447
445	448
445	449
445	450
446	447
446	448
446	449
446	450
446	461
446	464
446	465
446	468
447	448
447	449
447	450
447	451
447	465
447	481
447	484
447	485
447	488
447	499
447	503
448	449
448	450
448	451
448	452
448	499
448	503
449	450
449	451
449	452
449	453
449	454
449	457
449	458
449	461
449	464
450	451
450	452
450	457
450	458
450	461
450	462
450	465
450	499
450	502
450	503
450	506
451	452
451	453
451	458
451	495
451	498
451	499
451	502
452	453
452	454
452	455
452	457
452	458
453	454
453	455
453	458
454	455
454	456
454	457
454	458
454	459
455	456
455	457
455	458
455	459
455	460
456	457
456	458
456	459
456	460
456	461
457	458
457	459
457	460
457	461
457	462
458	459
458	460
458	461
458	462
458	463
458	502
459	460
459	461
459	462
459	463
459	464
460	461
460	462
460	463
460	464
460	465
461	462
461	463
461	464
461	465
461	466
462	463
462	464
462	465
462	466
462	467
462	506
462	509
463	464
463	465
463	466
463	467
463	468
463	470
463	506
464	465
464	466
464	467
464	468
464	469
465	466
465	467
465	468
465	469
465	470
465	476
465	481
465	503
465	506
465	507
465	510
466	467
466	468
466	469
466	470
466	471
466	506
466	509
466	510
467	468
467	469
467	470
467	471
467	472
468	469
468	470
468	471
468	472
468	473
468	476
468	481
469	470
469	471
469	472
469	473
469	474
469	476
469	477
469	481
469	507
469	510
469	511
470	471
470	472
470	473
470	510
471	472
471	473
472	473
472	474
472	475
472	476
472	477
473	474
473	475
473	476
473	477
473	478
474	475
474	476
474	477
474	478
474	479
474	482
474	510
474	511
474	512
474	515
475	476
475	477
475	478
475	479
475	480
475	515
476	477
476	478
476	479
476	480
476	481
477	478
477	479
477	480
477	481
477	482
477	483
477	507
477	511
478	479
478	480
478	481
478	482
478	483
478	511
478	515
478	519
479	480
479	481
479	482
479	483
480	481
480	482
480	483
480	484
481	482
481	483
481	484
481	485
481	486
481	503
481	507
482	483
482	484
482	485
482	486
482	487
482	507
482	511
482	515
482	519
482	520
483	484
483	485
483	486
483	487
483	488
484	485
484	486
484	487
484	488
484	489
484	500
485	486
485	487
485	488
485	489
485	499
485	500
485	501
485	503
485	504
485	507
485	523
486	487
486	488
486	489
486	490
486	500
486	504
486	519
486	520
486	523
486	526
487	488
487	489
487	490
487	491
487	500
488	489
488	490
488	491
488	492
488	493
488	496
488	497
488	499
488	500
488	503
489	490
489	491
489	496
489	497
489	500
489	523
489	526
489	527
489	530
490	491
490	492
490	493
490	497
490	500
490	526
491	492
491	493
491	494
491	496
491	497
492	493
492	494
492	497
493	494
493	495
493	496
493	497
493	498
494	495
494	496
494	497
494	498
494	499
494	532
494	534
494	535
495	496
495	497
495	498
495	499
495	500
496	497
496	498
496	499
496	500
496	501
497	498
497	499
497	500
497	501
497	502
497	527
497	530
497	531
497	532
497	535
498	499
498	500
498	501
498	502
498	503
498	527
498	534
498	535
498	536
498	538
498	539
499	500
499	501
499	502
499	503
499	504
500	501
500	502
500	503
500	504
500	505
500	523
500	527
501	502
501	503
501	504
501	505
501	506
501	523
501	524
501	527
501	535
501	536
501	538
501	539
501	542
502	503
502	504
502	505
502	506
502	507
502	538
503	504
503	505
503	506
503	507
503	508
503	520
504	505
504	506
504	507
504	508
504	509
504	516
504	519
504	520
504	521
504	523
504	524
504	542
504	546
505	506
505	507
505	508
505	509
505	538
505	541
505	542
505	543
505	545
505	546
506	507
506	508
506	509
506	510
506	511
506	545
507	508
507	509
507	510
507	511
507	512
507	516
507	520
508	509
508	510
508	511
508	512
508	513
508	516
508	520
508	545
508	546
508	549
509	510
509	511
509	512
509	516
509	545
509	549
510	511
510	512
510	549
511	512
511	513
511	514
511	515
511	516
511	520
512	513
512	514
512	515
512	516
512	517
512	520
512	549
513	514
513	515
513	516
513	517
513	518
513	548
513	549
513	550
513	551
514	515
514	516
514	517
514	518
514	519
515	516
515	517
515	518
515	519
515	520
515	521
516	517
516	518
516	519
516	520
516	521
516	522
516	546
516	549
516	550
517	518
517	519
517	520
517	521
517	522
517	549
517	550
517	551
517	554
518	519
518	520
518	521
518	522
519	520
519	521
519	522
519	523
520	521
520	522
520	523
520	524
520	525
520	546
521	522
521	523
521	524
521	525
521	526
521	543
521	546
521	550
521	554
522	523
522	524
522	525
522	526
522	527
523	524
523	525
523	526
523	527
523	528
524	525
524	526
524	527
524	528
524	539
524	542
524	543
524	546
525	526
525	527
525	528
525	529
525	539
525	543
526	527
526	528
526	529
526	530
527	528
527	529
527	530
527	531
527	535
527	536
527	539
528	529
528	530
528	536
528	539
529	530
529	531
529	532
529	536
530	531
530	532
530	533
530	535
530	536
530	539
531	532
531	533
531	536
532	533
532	534
532	535
532	536
532	537
533	534
533	535
533	536
533	537
533	538
534	535
534	536
534	537
534	538
534	539
535	536
535	537
535	538
535	539
535	540
536	537
536	538
536	539
536	540
536	541
537	538
537	539
537	540
537	541
537	542
538	539
538	540
538	541
538	542
538	543
539	540
539	541
539	542
539	543
539	544
540	541
540	542
540	543
540	544
540	545
541	542
541	543
541	544
541	545
541	546
542	543
542	544
542	545
542	546
542	547
543	544
543	545
543	546
543	547
543	548
543	550
543	555
544	545
544	546
544	547
544	548
545	546
545	547
545	548
545	549
546	547
546	548
546	549
546	550
547	548
547	549
547	550
547	551
547	555
548	549
548	550
548	555
549	550
549	551
550	551
550	552
550	554
550	555
551	552
551	553
551	554
551	555
552	553
552	554
552	555
553	554
553	555
554	555
