1	2
1	3
1	4
1	5
1	44
1	45
2	3
2	4
2	5
3	4
3	5
3	7
4	5
4	6
4	7
4	8
4	9
4	40
4	45
5	6
5	7
5	8
6	7
6	8
6	10
7	8
7	9
7	10
7	11
7	45
8	9
8	10
8	11
8	41
8	45
8	49
9	10
9	11
9	12
9	13
9	14
9	41
9	45
9	49
10	11
10	12
10	13
10	14
10	15
10	41
10	45
11	12
11	13
11	14
11	15
11	16
11	37
11	40
11	41
11	45
12	13
12	14
12	15
12	16
12	17
12	37
12	41
12	45
12	49
12	50
12	53
13	14
13	15
13	16
13	17
13	18
13	20
14	15
14	16
14	17
14	18
14	19
14	37
15	16
15	17
15	18
15	19
15	20
15	30
15	31
15	34
15	37
15	50
15	53
15	54
16	17
16	18
16	19
16	20
16	21
16	53
17	18
17	19
17	20
17	21
18	19
18	20
18	21
18	22
18	26
18	27
18	29
18	30
18	31
18	33
18	37
19	20
19	21
19	27
19	30
19	31
19	53
19	54
19	58
19	59
19	60
19	64
20	21
20	22
20	27
21	22
21	23
21	24
21	26
21	27
21	59
22	23
22	24
22	27
23	24
23	25
23	26
23	27
23	28
24	25
24	26
24	27
24	28
24	29
24	60
24	61
24	63
24	64
25	26
25	27
25	28
25	29
25	63
26	27
26	28
26	29
26	30
26	31
27	28
27	29
27	30
27	31
27	32
27	59
27	60
27	61
27	64
28	29
28	30
28	31
28	32
28	33
28	63
28	64
28	67
29	30
29	31
29	32
29	33
29	34
30	31
30	32
30	33
30	34
30	35
30	37
31	32
31	33
31	34
31	35
31	54
31	58
31	64
31	67
31	68
31	69
31	71
32	33
32	34
32	35
32	67
32	70
32	71
33	34
33	35
33	36
33	37
33	38
33	71
34	35
34	36
34	37
34	38
34	39
34	50
34	54
34	68
34	71
34	72
34	75
34	78
35	36
35	37
35	38
35	39
35	40
35	71
35	75
35	78
36	37
36	38
36	39
36	40
36	41
36	78
37	38
37	39
37	40
37	41
37	42
37	46
37	50
38	39
38	40
38	41
38	42
38	43
38	46
38	50
38	75
38	78
39	40
39	41
39	42
39	46
39	78
40	41
40	42
40	45
41	42
41	43
41	45
41	46
41	47
41	49
41	50
42	43
42	44
42	45
42	46
42	47
42	78
43	44
43	45
43	46
43	47
43	48
43	77
43	78
43	79
43	80
44	45
44	46
44	47
44	48
44	49
44	79
45	46
45	47
45	48
45	49
45	50
45	51
46	47
46	48
46	49
46	50
46	51
46	52
46	75
46	78
46	79
47	48
47	49
47	50
47	51
47	52
47	79
47	80
47	84
47	87
48	49
48	50
48	51
48	52
49	50
49	51
49	52
49	53
49	54
50	51
50	52
50	53
50	54
50	55
50	75
51	52
51	53
51	54
51	55
51	56
51	72
51	75
51	79
51	87
51	88
51	91
52	53
52	54
52	55
52	56
52	57
53	54
53	55
53	56
53	57
53	58
54	55
54	56
54	57
54	58
54	68
54	72
54	75
54	91
54	94
55	56
55	57
55	58
55	87
55	90
55	91
55	92
55	94
56	57
56	58
56	59
56	94
57	58
57	59
58	59
58	60
58	64
58	65
58	68
59	60
59	61
59	65
60	61
60	62
60	64
60	65
61	62
61	63
61	64
61	65
61	66
62	63
62	64
62	65
62	66
62	67
62	98
62	99
62	100
62	103
63	64
63	65
63	66
63	67
63	68
63	103
64	65
64	66
64	67
64	68
64	69
65	66
65	67
65	68
65	69
65	70
65	95
65	98
65	103
66	67
66	68
66	69
66	70
66	71
66	95
66	102
66	103
66	106
67	68
67	69
67	70
67	71
67	72
68	69
68	70
68	71
68	72
68	73
68	92
68	95
69	70
69	71
69	72
69	73
69	92
69	95
69	103
69	106
69	107
69	110
70	71
70	72
70	73
70	74
70	95
70	106
70	107
70	110
71	72
71	73
71	74
71	75
71	110
72	73
72	74
72	75
72	76
72	88
72	91
72	92
72	95
72	110
72	114
73	74
73	75
73	76
73	92
73	110
73	113
73	114
74	75
74	76
74	77
74	78
74	110
74	114
75	76
75	77
75	78
75	79
75	80
75	81
75	88
75	114
76	77
76	78
76	79
76	80
76	81
76	82
76	84
76	85
76	88
76	114
76	117
77	78
77	79
77	80
77	81
78	79
78	80
78	81
79	80
79	81
79	84
79	85
79	87
79	88
80	81
80	82
80	83
80	84
81	82
81	83
81	84
81	85
82	83
82	84
82	85
82	86
82	117
82	118
82	119
82	122
83	84
83	85
83	86
83	117
83	122
84	85
84	86
84	87
84	88
84	122
85	86
85	87
85	88
85	89
85	114
85	117
85	118
85	119
85	122
86	87
86	88
86	89
86	90
86	118
86	122
86	126
87	88
87	89
87	90
87	91
88	89
88	90
88	91
88	92
88	93
88	111
88	114
89	90
89	91
89	92
89	93
89	94
89	111
89	114
89	118
89	126
89	127
89	130
89	133
90	91
90	92
90	93
90	94
90	95
90	133
91	92
91	93
91	94
91	95
91	96
92	93
92	94
92	95
92	96
92	97
92	106
92	107
92	108
92	110
92	111
92	114
93	94
93	95
93	96
93	97
93	98
93	107
93	111
93	130
93	133
93	134
94	95
94	96
94	97
94	98
95	96
95	97
95	98
95	100
95	103
95	104
95	105
95	107
96	97
96	98
96	103
96	104
96	107
96	108
96	111
96	134
97	98
97	99
97	104
97	134
97	139
98	99
98	100
98	101
98	103
98	104
99	100
99	101
99	102
99	104
99	139
100	101
100	102
100	103
100	104
100	105
101	102
101	103
101	104
101	105
101	106
102	103
102	104
102	105
102	106
102	107
103	104
103	105
103	106
103	107
103	108
104	105
104	106
104	107
104	108
104	109
104	140
105	106
105	107
105	108
105	109
105	110
106	107
106	108
106	109
106	110
106	111
107	108
107	109
107	110
107	111
107	112
108	109
108	110
108	111
108	112
108	113
109	110
109	111
109	112
109	113
109	114
110	111
110	112
110	113
110	114
110	115
111	112
111	113
111	114
111	115
111	116
111	127
111	130
111	134
112	113
112	114
112	115
112	116
112	127
113	114
113	115
113	116
113	117
114	115
114	116
114	117
114	118
114	127
115	116
115	117
115	118
115	119
115	123
115	127
116	117
116	118
116	119
116	123
117	118
117	119
117	122
118	119
118	120
118	121
118	122
118	123
118	126
118	127
119	120
119	121
119	122
119	123
119	124
120	121
120	122
120	123
120	124
120	125
121	122
121	123
121	124
121	125
121	126
122	123
122	124
122	125
122	126
122	127
122	128
122	129
123	124
123	125
123	126
123	127
123	128
123	129
124	125
124	126
124	127
124	128
124	129
125	126
125	127
125	128
125	129
126	127
126	128
126	129
126	130
126	131
126	133
127	128
127	129
127	130
127	131
127	132
128	129
128	130
128	131
128	132
128	133
129	130
129	131
129	132
129	133
129	134
130	131
130	132
130	133
130	134
130	135
131	132
131	133
131	134
131	135
131	136
132	133
132	134
132	135
132	136
132	137
133	134
133	135
133	136
133	137
134	135
134	136
134	137
134	139
135	136
135	137
136	137
136	138
137	138
137	139
137	140
138	139
138	140
139	140
