1	2
1	3
1	4
1	5
1	44
1	45
2	3
2	4
2	5
3	4
3	5
3	7
4	5
4	6
4	7
4	8
4	9
4	40
4	45
5	6
5	7
5	8
6	7
6	8
6	10
7	8
7	9
7	10
7	11
7	45
8	9
8	10
8	11
8	41
8	45
8	49
9	10
9	11
9	12
9	13
9	14
9	41
9	45
9	49
10	11
10	12
10	13
10	14
10	15
10	41
10	45
11	12
11	13
11	14
11	15
11	16
11	37
11	40
11	41
11	45
12	13
12	14
12	15
12	16
12	17
12	37
12	41
12	45
12	49
12	50
12	53
13	14
13	15
13	16
13	17
13	18
13	20
14	15
14	16
14	17
14	18
14	19
14	37
15	16
15	17
15	18
15	19
15	20
15	30
15	31
15	34
15	37
15	50
15	53
15	54
16	17
16	18
16	19
16	20
16	21
16	53
17	18
17	19
17	20
17	21
18	19
18	20
18	21
18	22
18	26
18	27
18	29
18	30
18	31
18	33
18	37
19	20
19	21
19	27
19	30
19	31
19	53
19	54
19	58
19	59
19	60
19	64
20	21
20	22
20	27
21	22
21	23
21	24
21	26
21	27
21	59
22	23
22	24
22	27
23	24
23	25
23	26
23	27
23	28
24	25
24	26
24	27
24	28
24	29
24	60
24	61
24	63
24	64
25	26
25	27
25	28
25	29
25	63
26	27
26	28
26	29
26	30
26	31
27	28
27	29
27	30
27	31
27	32
27	59
27	60
27	61
27	64
28	29
28	30
28	31
28	32
28	33
28	63
28	64
28	67
29	30
29	31
29	32
29	33
29	34
30	31
30	32
30	33
30	34
30	35
30	37
31	32
31	33
31	34
31	35
31	54
31	58
31	64
31	67
31	68
31	69
31	71
32	33
32	34
32	35
32	67
32	70
32	71
33	34
33	35
33	36
33	37
33	38
33	71
34	35
34	36
34	37
34	38
34	39
34	50
34	54
34	68
34	71
34	72
34	75
34	78
35	36
35	37
35	38
35	39
35	40
35	71
35	75
35	78
36	37
36	38
36	39
36	40
36	41
36	78
37	38
37	39
37	40
37	41
37	42
37	46
37	50
38	39
38	40
38	41
38	42
38	43
38	46
38	50
38	75
38	78
39	40
39	41
39	42
39	46
39	78
40	41
40	42
40	45
41	42
41	43
41	45
41	46
41	47
41	49
41	50
42	43
42	44
42	45
42	46
42	47
42	78
43	44
43	45
43	46
43	47
43	48
43	77
43	78
43	79
43	80
44	45
44	46
44	47
44	48
44	49
44	79
45	46
45	47
45	48
45	49
45	50
45	51
46	47
46	48
46	49
46	50
46	51
46	52
46	75
46	78
46	79
47	48
47	49
47	50
47	51
47	52
47	79
47	80
47	84
47	87
48	49
48	50
48	51
48	52
49	50
49	51
49	52
49	53
49	54
50	51
50	52
50	53
50	54
50	55
50	75
51	52
51	53
51	54
51	55
51	56
51	72
51	75
51	79
51	87
51	88
51	91
52	53
52	54
52	55
52	56
52	57
53	54
53	55
53	56
53	57
53	58
54	55
54	56
54	57
54	58
54	68
54	72
54	75
54	91
54	94
55	56
55	57
55	58
55	87
55	90
55	91
55	92
55	94
56	57
56	58
56	59
56	94
57	58
57	59
58	59
58	60
58	64
58	65
58	68
59	60
59	61
59	65
60	61
60	62
60	64
60	65
61	62
61	63
61	64
61	65
61	66
62	63
62	64
62	65
62	66
62	67
62	98
62	99
62	100
62	103
63	64
63	65
63	66
63	67
63	68
63	103
64	65
64	66
64	67
64	68
64	69
65	66
65	67
65	68
65	69
65	70
65	95
65	98
65	103
66	67
66	68
66	69
66	70
66	71
66	95
66	102
66	103
66	106
67	68
67	69
67	70
67	71
67	72
68	69
68	70
68	71
68	72
68	73
68	92
68	95
69	70
69	71
69	72
69	73
69	92
69	95
69	103
69	106
69	107
69	110
70	71
70	72
70	73
70	74
70	95
70	106
70	107
70	110
71	72
71	73
71	74
71	75
71	110
72	73
72	74
72	75
72	76
72	88
72	91
72	92
72	95
72	110
72	114
73	74
73	75
73	76
73	92
73	110
73	113
73	114
74	75
74	76
74	77
74	78
74	110
74	114
75	76
75	77
75	78
75	79
75	80
75	81
75	88
75	114
76	77
76	78
76	79
76	80
76	81
76	82
76	84
76	85
76	88
76	114
76	117
77	78
77	79
77	80
77	81
78	79
78	80
78	81
79	80
79	81
79	84
79	85
79	87
79	88
80	81
80	82
80	83
80	84
81	82
81	83
81	84
81	85
82	83
82	84
82	85
82	86
82	117
82	118
82	119
82	122
83	84
83	85
83	86
83	117
83	122
84	85
84	86
84	87
84	88
84	122
85	86
85	87
85	88
85	89
85	114
85	117
85	118
85	119
85	122
86	87
86	88
86	89
86	90
86	118
86	122
86	126
87	88
87	89
87	90
87	91
88	89
88	90
88	91
88	92
88	93
88	111
88	114
89	90
89	91
89	92
89	93
89	94
89	111
89	114
89	118
89	126
89	127
89	130
89	133
90	91
90	92
90	93
90	94
90	95
90	133
91	92
91	93
91	94
91	95
91	96
92	93
92	94
92	95
92	96
92	97
92	106
92	107
92	108
92	110
92	111
92	114
93	94
93	95
93	96
93	97
93	98
93	107
93	111
93	130
93	133
93	134
94	95
94	96
94	97
94	98
95	96
95	97
95	98
95	100
95	103
95	104
95	105
95	107
96	97
96	98
96	103
96	104
96	107
96	108
96	111
96	134
96	141
96	142
96	145
97	98
97	99
97	104
97	134
97	139
97	141
97	142
97	145
98	99
98	100
98	101
98	103
98	104
98	141
99	100
99	101
99	102
99	104
99	139
99	141
100	101
100	102
100	103
100	104
100	105
101	102
101	103
101	104
101	105
101	106
102	103
102	104
102	105
102	106
102	107
103	104
103	105
103	106
103	107
103	108
104	105
104	106
104	107
104	108
104	109
104	140
104	141
104	142
104	144
104	145
105	106
105	107
105	108
105	109
105	110
105	145
106	107
106	108
106	109
106	110
106	111
107	108
107	109
107	110
107	111
107	112
107	149
108	109
108	110
108	111
108	112
108	113
108	145
108	146
108	148
108	149
109	110
109	111
109	112
109	113
109	114
110	111
110	112
110	113
110	114
110	115
111	112
111	113
111	114
111	115
111	116
111	127
111	130
111	134
111	149
111	152
112	113
112	114
112	115
112	116
112	127
112	148
112	149
112	151
112	152
112	187
112	190
113	114
113	115
113	116
113	117
113	152
114	115
114	116
114	117
114	118
114	127
115	116
115	117
115	118
115	119
115	123
115	127
115	152
115	153
115	156
116	117
116	118
116	119
116	123
116	152
116	156
117	118
117	119
117	122
117	156
118	119
118	120
118	121
118	122
118	123
118	126
118	127
118	156
119	120
119	121
119	122
119	123
119	124
119	156
120	121
120	122
120	123
120	124
120	125
120	156
120	157
121	122
121	123
121	124
121	125
121	126
122	123
122	124
122	125
122	126
122	127
122	128
122	129
123	124
123	125
123	126
123	127
123	128
123	129
123	152
123	153
123	156
123	157
124	125
124	126
124	127
124	128
124	129
124	156
124	157
124	158
124	161
125	126
125	127
125	128
125	129
126	127
126	128
126	129
126	130
126	131
126	133
127	128
127	129
127	130
127	131
127	132
127	149
127	150
127	152
127	153
128	129
128	130
128	131
128	132
128	133
128	153
128	157
128	161
128	164
128	165
129	130
129	131
129	132
129	133
129	134
130	131
130	132
130	133
130	134
130	135
130	149
131	132
131	133
131	134
131	135
131	136
131	146
131	149
131	150
131	153
131	165
131	168
132	133
132	134
132	135
132	136
132	137
132	161
132	164
132	165
132	168
133	134
133	135
133	136
133	137
133	142
133	168
134	135
134	136
134	137
134	139
134	142
134	143
134	144
134	145
134	146
134	149
135	136
135	137
135	142
135	143
135	146
135	150
135	168
135	172
135	175
136	137
136	138
136	143
136	168
137	138
137	139
137	140
137	142
137	143
138	139
138	140
138	142
138	143
139	140
139	141
139	142
139	143
139	144
140	141
140	142
140	143
140	144
140	145
140	177
140	179
140	180
141	142
141	143
141	144
141	145
141	146
142	143
142	144
142	145
142	146
142	147
143	144
143	145
143	146
143	147
143	172
143	175
143	176
143	177
143	180
143	183
144	145
144	146
144	147
144	148
144	172
144	179
144	180
144	183
145	146
145	147
145	148
145	149
146	147
146	148
146	149
146	150
146	172
147	148
147	149
147	150
147	151
147	169
147	172
147	180
147	183
147	184
147	187
147	190
148	149
148	150
148	151
148	152
148	187
148	190
149	150
149	151
149	152
149	153
149	154
149	190
150	151
150	152
150	153
150	154
150	155
150	164
150	165
150	166
150	168
150	169
150	172
150	191
150	194
151	152
151	153
151	154
151	155
151	190
151	191
151	194
152	153
152	154
152	155
152	156
152	194
153	154
153	155
153	156
153	157
153	165
154	155
154	156
154	157
154	158
154	161
154	162
154	163
154	165
154	166
154	191
154	194
154	195
154	196
154	199
155	156
155	157
155	162
155	194
156	157
156	158
156	162
157	158
157	159
157	161
157	162
157	165
158	159
158	160
158	161
158	162
158	163
159	160
159	161
159	162
159	163
159	164
159	166
160	161
160	162
160	163
160	164
160	165
161	162
161	163
161	164
161	165
161	166
162	163
162	164
162	165
162	166
162	167
162	191
162	194
162	196
163	164
163	165
163	166
163	167
163	168
163	170
163	203
164	165
164	166
164	167
164	168
164	169
165	166
165	167
165	168
165	169
165	170
165	191
166	167
166	168
166	169
166	170
166	171
166	191
166	195
166	196
166	199
166	203
166	207
167	168
167	169
167	170
167	171
167	172
167	203
168	169
168	170
168	171
168	172
168	173
169	170
169	171
169	172
169	173
169	174
169	183
169	184
169	185
169	187
169	188
169	191
169	207
170	171
170	172
170	173
170	174
170	175
170	203
170	207
171	172
171	173
171	174
171	175
172	173
172	174
172	175
172	176
172	177
172	180
172	181
172	184
173	174
173	175
173	180
173	181
173	184
173	185
173	188
173	207
173	211
173	214
174	175
174	176
174	181
174	211
175	176
175	177
175	178
175	180
175	181
176	177
176	178
176	181
177	178
177	179
177	180
177	181
177	182
178	179
178	180
178	181
178	182
178	183
178	216
178	218
178	219
179	180
179	181
179	182
179	183
179	184
180	181
180	182
180	183
180	184
180	185
181	182
181	183
181	184
181	185
181	186
181	211
181	214
181	215
181	216
181	219
181	222
182	183
182	184
182	185
182	186
182	187
182	211
182	218
182	219
182	222
183	184
183	185
183	186
183	187
183	188
183	222
184	185
184	186
184	187
184	188
184	189
184	211
185	186
185	187
185	188
185	189
185	211
185	219
185	222
185	223
185	226
186	187
186	188
186	189
186	190
186	222
187	188
187	189
187	190
187	191
187	192
188	189
188	190
188	191
188	192
188	193
188	204
188	207
188	208
188	211
188	226
188	229
188	230
189	190
189	191
189	192
189	193
189	194
189	226
189	229
189	230
189	233
190	191
190	192
190	193
190	194
190	195
190	229
191	192
191	193
191	194
191	195
191	204
191	207
192	193
192	194
192	195
192	196
192	200
192	204
192	230
192	233
193	194
193	195
193	200
193	233
194	195
194	196
195	196
195	197
195	199
195	200
195	203
195	204
195	207
196	197
196	198
196	199
196	200
196	201
197	198
197	199
197	200
197	201
197	202
197	233
197	234
197	235
198	199
198	200
198	201
198	202
198	203
199	200
199	201
199	202
199	203
199	204
199	205
200	201
200	202
200	203
200	204
200	205
200	206
200	230
200	233
200	234
201	202
201	203
201	204
201	205
201	206
201	234
201	235
201	238
201	242
202	203
202	204
202	205
202	206
203	204
203	205
203	206
203	207
203	208
204	205
204	206
204	207
204	208
204	209
204	230
205	206
205	207
205	208
205	209
205	210
205	230
205	234
205	242
205	243
205	246
206	207
206	208
206	209
206	210
206	211
207	208
207	209
207	210
207	211
207	212
208	209
208	210
208	211
208	212
208	213
208	223
208	224
208	226
208	227
208	230
208	242
208	243
208	246
208	247
209	210
209	211
209	212
209	213
209	214
209	246
209	249
210	211
210	212
210	213
210	214
211	212
211	213
211	214
211	216
211	219
211	220
211	221
211	223
212	213
212	214
212	219
212	220
212	223
212	246
212	249
212	253
213	214
213	215
213	220
213	249
214	215
214	216
214	217
214	219
214	220
215	216
215	217
215	220
216	217
216	218
216	219
216	220
216	221
217	218
217	219
217	220
217	221
217	222
217	253
217	255
217	257
217	258
218	219
218	220
218	221
218	222
218	257
219	220
219	221
219	222
219	223
220	221
220	222
220	223
220	224
220	249
220	253
220	254
220	255
220	258
221	222
221	223
221	224
221	225
221	257
221	258
222	223
222	224
222	225
222	226
222	227
223	224
223	225
223	226
223	227
223	228
223	246
224	225
224	226
224	227
224	228
224	229
224	247
224	250
224	258
225	226
225	227
225	228
225	229
225	230
226	227
226	228
226	229
226	230
226	231
227	228
227	229
227	230
227	231
227	232
227	243
227	246
227	247
228	229
228	230
228	231
228	232
228	233
229	230
229	231
229	232
229	233
229	234
230	231
230	232
230	233
230	234
230	239
230	243
231	232
231	233
231	234
231	235
231	239
231	243
232	233
232	234
232	239
233	234
233	235
234	235
234	236
234	238
234	239
234	242
234	243
235	236
235	237
235	238
235	239
236	237
236	238
236	239
236	240
237	238
237	239
237	240
237	241
238	239
238	240
238	241
238	242
238	243
239	240
239	241
239	242
239	243
239	244
239	245
240	241
240	242
240	243
240	244
240	245
240	248
241	242
241	243
241	244
241	245
242	243
242	244
242	245
242	246
243	244
243	245
243	246
243	247
243	248
244	245
244	246
244	247
244	248
244	249
245	246
245	247
245	248
245	249
245	250
246	247
246	248
246	249
246	250
246	251
247	248
247	249
247	250
247	251
247	252
248	249
248	250
248	251
248	252
248	253
249	250
249	251
249	252
249	253
249	254
249	258
250	251
250	252
250	253
250	255
250	258
250	259
251	252
251	253
251	258
251	259
252	253
252	254
252	259
253	254
253	255
253	256
253	258
253	259
254	255
254	256
254	259
255	256
255	257
255	258
255	259
255	260
256	257
256	258
256	259
256	260
257	258
257	259
257	260
258	259
258	260
259	260
