148	149
148	150
149	150
149	151
149	152
149	153
150	151
150	152
150	153
151	152
151	153
151	156
152	153
152	154
152	155
152	156
152	157
153	154
153	155
153	156
153	157
153	158
154	155
154	156
154	157
154	158
154	159
154	162
155	156
155	157
155	158
155	159
155	160
156	157
156	158
156	159
156	160
156	161
156	163
156	165
157	158
157	159
157	160
157	161
157	162
157	163
157	164
157	165
158	159
158	160
158	161
158	162
158	163
159	160
159	161
159	162
160	161
160	162
160	163
160	164
160	165
160	166
161	162
161	163
162	163
162	164
163	164
163	165
164	165
164	166
165	166
165	167
166	167
