144	145
144	146
144	148
144	149
144	152
145	146
145	147
145	148
145	149
145	150
146	147
146	148
146	149
146	150
146	151
147	148
147	149
147	150
147	151
148	149
148	150
148	151
148	152
149	150
149	151
149	152
149	153
150	151
150	152
150	153
150	154
151	152
151	153
151	154
151	155
151	156
151	157
152	153
152	154
152	155
152	156
152	157
152	158
153	154
153	155
153	156
153	157
153	158
154	155
154	156
154	157
154	158
154	159
154	183
155	156
155	157
155	158
155	159
155	160
155	182
155	183
155	190
156	157
156	158
156	159
156	160
156	161
156	183
156	190
157	158
157	159
157	160
157	161
157	162
157	190
158	159
158	160
158	161
158	162
158	163
158	183
159	160
159	161
159	162
159	163
159	164
159	183
159	184
159	187
159	190
160	161
160	162
160	163
160	164
160	165
160	190
160	194
161	162
161	163
161	164
161	165
161	166
162	163
162	164
162	165
162	166
162	167
163	164
163	165
163	166
163	167
163	168
163	174
163	187
163	188
163	190
163	191
163	194
163	195
164	165
164	166
164	167
164	168
165	166
165	167
165	168
166	167
166	168
166	172
166	174
167	168
167	169
167	172
168	169
168	170
168	172
168	173
168	174
168	191
168	195
168	197
169	170
169	171
169	172
169	173
169	195
169	196
169	197
169	198
170	171
170	172
170	195
170	196
170	197
170	198
171	172
171	173
171	196
171	197
171	239
172	173
172	174
172	196
172	197
172	198
172	199
172	239
173	174
173	175
173	197
173	198
173	199
173	200
173	235
173	236
173	239
174	175
174	176
174	187
174	188
174	191
174	197
174	198
174	199
174	200
174	201
175	176
175	177
175	198
175	199
175	200
175	201
175	202
175	221
175	232
176	177
176	178
176	179
176	183
176	184
176	185
176	187
176	188
176	191
176	199
176	200
176	201
176	202
176	203
177	178
177	179
177	184
177	200
177	201
177	202
177	203
178	179
178	180
178	181
178	182
178	183
178	184
178	185
178	202
178	203
179	180
179	181
179	184
179	185
179	188
179	200
179	201
179	202
179	203
179	208
179	211
179	212
179	215
179	217
180	181
180	182
180	184
180	185
180	202
180	203
180	207
180	208
180	209
180	211
180	212
181	182
181	183
181	184
181	185
181	203
181	208
181	211
182	183
182	184
182	185
182	187
183	184
183	185
183	187
183	188
184	185
184	187
184	188
184	189
184	215
185	187
185	188
185	189
185	190
185	208
185	211
185	212
185	215
187	188
187	189
187	190
187	191
187	192
187	199
188	189
188	190
188	191
188	192
188	193
188	199
188	200
188	201
188	212
188	215
188	216
188	217
189	190
189	191
189	192
189	193
189	194
189	215
189	216
190	191
190	192
190	193
190	194
190	195
191	192
191	193
191	194
191	195
191	196
191	197
191	199
192	193
192	194
192	195
192	196
192	197
192	199
192	215
192	216
192	217
192	218
193	194
193	195
193	196
193	199
194	195
194	196
195	196
195	197
195	198
195	199
196	197
196	198
197	198
197	199
197	218
198	199
198	200
198	218
198	219
198	235
199	200
199	201
199	216
199	217
199	218
199	219
199	220
200	201
200	202
200	217
200	218
200	219
200	220
200	221
200	231
200	232
200	235
200	236
201	202
201	203
201	212
201	217
201	218
201	219
201	220
201	221
201	222
202	203
202	204
202	209
202	212
202	219
202	220
202	221
202	222
202	223
202	228
202	232
203	204
203	205
203	208
203	209
203	212
203	220
203	221
203	222
203	223
203	224
204	205
204	206
204	208
204	209
204	221
204	222
204	223
204	224
204	225
205	206
205	207
205	208
205	209
205	210
205	222
205	224
206	207
206	208
206	209
206	210
206	211
206	222
207	208
207	209
207	210
207	211
207	212
207	214
208	209
208	210
208	211
208	212
208	213
208	220
209	210
209	211
209	212
209	213
209	214
209	220
209	221
209	222
209	223
210	211
210	212
210	213
210	214
210	215
210	220
211	212
211	213
211	214
211	215
211	216
212	213
212	214
212	215
212	216
212	217
212	220
213	214
213	215
213	216
213	217
213	218
213	219
213	220
214	215
214	216
214	217
215	216
215	217
216	217
216	218
217	218
217	219
217	220
218	219
218	220
219	220
219	221
219	234
219	235
220	221
220	222
220	226
220	231
220	235
221	222
221	223
221	226
221	227
221	228
221	231
221	232
221	235
222	223
222	224
222	225
222	226
222	227
222	228
223	224
223	225
223	226
223	227
223	228
224	225
224	226
225	226
225	227
226	227
226	228
226	231
226	234
227	228
227	229
227	230
227	231
227	232
228	229
228	230
228	231
228	232
228	233
229	230
229	231
229	232
229	233
229	234
230	231
230	232
230	233
230	234
230	235
231	232
231	233
231	234
231	235
231	236
232	233
232	234
232	235
232	236
232	237
232	238
233	234
233	235
233	236
233	237
233	238
233	239
234	235
234	236
234	237
234	238
235	236
235	237
235	238
236	237
236	238
236	239
237	238
237	239
238	239
