152	153
152	154
153	154
153	155
153	156
153	189
153	192
153	194
154	155
154	156
154	157
154	158
154	159
154	189
155	156
155	157
155	158
155	159
155	160
155	189
155	190
155	192
155	193
156	157
156	158
156	159
156	160
156	161
156	189
156	193
156	195
157	158
157	159
157	160
157	161
157	162
158	159
158	160
158	161
158	162
158	163
158	185
158	189
159	160
159	161
159	162
159	163
159	164
159	185
159	186
159	187
159	189
159	190
160	161
160	162
160	163
160	164
160	165
161	162
161	163
161	164
161	165
161	166
162	163
162	164
162	165
162	166
162	167
162	182
162	185
162	186
162	189
163	164
163	165
163	166
163	167
163	168
163	186
164	165
164	166
164	167
164	168
164	169
165	166
165	167
165	168
165	169
165	170
165	182
166	167
166	168
166	169
166	170
166	171
166	179
166	182
166	183
166	186
167	168
167	169
167	170
167	171
167	172
168	169
168	170
168	171
168	172
168	173
168	174
169	170
169	171
169	172
169	173
169	174
169	175
169	178
169	179
169	182
170	171
170	172
170	173
170	174
170	175
170	179
171	172
171	173
171	174
171	179
172	173
172	174
173	174
173	175
174	175
174	176
174	179
175	176
175	177
175	179
175	180
176	177
176	178
176	179
176	180
176	181
177	178
177	179
177	180
177	181
177	182
178	179
178	180
178	181
178	182
178	183
179	180
179	181
179	182
179	183
179	184
180	181
180	182
180	183
180	184
180	185
181	182
181	183
181	184
181	185
181	186
182	183
182	184
182	185
182	186
182	187
183	184
183	185
183	186
183	187
183	188
183	199
184	185
184	186
184	187
184	188
184	189
185	186
185	187
185	188
185	189
185	190
186	187
186	188
186	189
186	190
186	191
186	199
187	188
187	189
187	190
187	191
187	192
187	195
187	198
187	199
187	200
188	189
188	190
188	191
188	192
188	193
188	199
189	190
189	191
189	192
189	193
189	194
190	191
190	192
190	193
190	194
190	195
190	196
190	198
190	199
191	192
191	193
191	194
191	195
191	196
191	199
192	193
192	194
192	195
193	194
193	195
194	195
194	196
194	197
195	196
195	197
195	198
195	199
195	200
196	197
196	198
196	199
196	200
196	201
197	198
197	199
197	200
197	201
198	199
198	200
198	201
199	200
199	201
200	201
