828	829
828	830
828	855
829	830
829	831
829	832
829	833
829	834
829	837
829	855
829	859
830	831
830	832
830	833
830	834
830	835
830	852
830	855
830	856
831	832
831	833
831	834
831	835
831	836
831	840
831	841
831	852
831	855
832	833
832	834
832	835
832	836
832	837
832	841
832	844
832	848
832	849
832	850
832	852
832	856
833	834
833	835
833	836
833	837
833	838
833	852
833	855
833	856
833	859
833	861
833	862
834	835
834	836
834	837
834	838
834	839
835	836
835	837
835	838
835	839
835	840
835	841
836	837
836	838
836	839
836	840
836	841
836	844
836	856
836	859
836	861
836	862
836	865
837	838
837	839
837	840
837	859
837	860
837	861
837	862
838	839
838	840
838	841
839	840
839	841
839	842
840	841
840	842
841	842
841	843
841	844
842	843
842	844
843	844
843	845
843	848
843	869
844	845
844	846
844	848
844	849
844	856
844	865
844	869
845	846
845	847
845	848
845	849
845	850
845	865
845	869
845	877
846	847
846	848
846	849
846	850
846	853
846	865
846	866
846	869
846	870
846	873
846	877
846	878
846	881
847	848
847	849
847	850
847	877
847	880
848	849
848	850
848	852
849	850
849	851
849	852
849	853
849	856
849	865
849	866
849	884
850	851
850	852
850	853
850	884
851	852
851	853
851	854
851	884
852	853
852	854
852	855
852	856
852	857
852	866
852	884
853	854
853	855
853	856
853	857
853	858
853	866
853	880
853	881
853	882
853	884
853	885
853	892
854	855
854	856
854	857
854	858
854	859
854	884
854	885
854	888
854	889
854	891
854	892
855	856
855	857
855	858
855	859
855	862
856	857
856	858
856	859
856	860
856	861
856	862
856	863
856	864
856	865
856	866
856	897
857	858
857	859
857	860
857	862
857	863
857	866
857	881
857	885
857	892
857	895
857	897
857	898
857	899
857	901
858	859
858	860
858	862
858	863
858	891
858	892
858	895
858	896
858	897
858	898
859	860
859	861
859	862
859	863
859	864
859	895
859	897
859	898
860	861
860	862
860	863
860	864
860	865
860	867
860	897
861	862
861	863
861	864
861	865
861	866
861	897
862	863
862	864
862	865
862	866
862	867
862	901
863	864
863	865
863	866
863	867
863	868
863	897
863	898
863	899
863	900
863	901
864	865
864	866
864	867
864	868
864	869
864	871
864	904
865	866
865	867
865	868
865	869
865	870
866	867
866	868
866	869
866	870
866	871
866	881
866	901
866	904
866	905
867	868
867	869
867	870
867	871
867	872
867	897
867	900
867	901
867	904
867	908
868	869
868	870
868	871
868	872
868	873
868	904
869	870
869	871
869	872
869	873
869	874
869	877
869	878
870	871
870	872
870	873
870	877
870	878
870	881
870	901
870	904
870	905
870	908
871	872
871	873
871	878
871	904
871	907
871	908
872	873
872	874
872	877
872	878
872	908
873	874
873	875
873	876
873	877
873	878
874	875
874	876
874	877
874	878
874	879
875	876
875	877
875	878
875	879
875	880
875	913
876	877
876	878
876	879
876	880
876	881
877	878
877	879
877	880
877	881
877	882
878	879
878	880
878	881
878	882
878	883
878	904
878	905
878	908
878	909
878	910
878	913
879	880
879	881
879	882
879	883
879	884
879	905
879	910
879	913
880	881
880	882
880	883
880	884
880	885
881	882
881	883
881	884
881	885
881	886
881	901
881	905
882	883
882	884
882	885
882	886
882	887
882	905
882	912
882	913
882	914
882	916
882	917
883	884
883	885
883	886
883	887
884	885
884	886
884	887
884	888
885	886
885	887
885	888
885	889
885	890
885	892
885	901
885	902
885	905
886	887
886	888
886	889
886	890
886	913
886	916
886	917
886	920
887	888
887	889
887	890
887	920
888	889
888	890
888	891
888	892
888	893
889	890
889	891
889	892
889	893
889	894
889	902
889	917
889	920
890	891
890	892
890	893
890	894
890	895
890	902
890	920
890	921
890	924
890	927
890	928
891	892
891	893
891	894
891	895
891	898
892	893
892	894
892	895
892	896
892	897
892	898
892	899
892	900
892	901
892	902
892	933
892	937
893	894
893	895
893	898
893	899
893	902
893	906
893	917
893	920
893	921
893	928
893	931
893	933
893	934
893	935
893	937
894	895
894	896
894	899
894	928
894	931
894	933
894	934
894	937
895	896
895	897
895	898
895	899
895	900
895	931
895	933
895	934
896	897
896	898
896	899
896	900
896	933
897	898
897	899
897	900
897	901
897	933
898	899
898	900
898	901
898	902
898	903
899	900
899	901
899	902
899	903
899	904
899	933
899	934
899	936
899	937
900	901
900	902
900	903
900	904
900	905
900	937
901	902
901	903
901	904
901	905
901	906
902	903
902	904
902	905
902	906
902	907
902	917
902	937
903	904
903	905
903	906
903	907
903	908
903	933
903	936
903	937
903	940
903	944
904	905
904	906
904	907
904	908
904	909
904	940
905	906
905	907
905	908
905	909
905	910
905	913
905	914
905	917
906	907
906	908
906	909
906	913
906	914
906	915
906	917
906	918
906	921
906	937
906	938
906	940
906	941
906	944
906	945
906	953
907	908
907	909
907	914
907	940
907	944
908	909
908	910
908	913
908	914
908	944
909	910
909	911
909	913
909	914
910	911
910	912
910	913
910	914
910	915
911	912
911	913
911	914
911	915
911	916
911	946
912	913
912	914
912	915
912	916
912	917
913	914
913	915
913	916
913	917
913	918
914	915
914	916
914	917
914	918
914	919
914	944
914	945
915	916
915	917
915	918
915	919
915	920
915	945
915	949
916	917
916	918
916	919
916	920
916	921
917	918
917	919
917	920
917	921
917	922
917	953
918	919
918	920
918	921
918	922
918	945
918	949
918	953
919	920
919	921
919	922
919	924
919	952
920	921
920	922
920	924
920	928
921	922
921	923
921	924
921	925
921	928
921	937
921	938
921	941
921	953
921	956
922	923
922	924
922	925
922	952
922	953
922	956
923	924
923	925
923	926
923	927
923	956
924	925
924	926
924	927
924	928
924	929
924	938
924	956
925	926
925	927
925	928
925	929
925	930
925	938
925	952
925	953
925	954
925	956
925	957
925	973
926	927
926	928
926	929
926	930
926	931
926	956
926	957
926	960
926	963
926	964
927	928
927	929
927	930
927	931
928	929
928	930
928	931
928	932
928	933
928	934
928	935
928	936
928	937
928	938
928	969
928	973
929	930
929	931
929	932
929	934
929	935
929	938
929	957
929	964
929	967
929	969
929	970
929	971
929	973
930	931
930	932
930	935
930	963
930	964
930	967
930	969
930	970
930	973
931	932
931	933
931	934
931	935
931	936
931	967
931	969
931	970
932	933
932	934
932	935
932	936
932	968
932	969
933	934
933	935
933	936
933	937
933	938
933	969
934	935
934	936
934	937
934	938
934	939
934	973
935	936
935	937
935	938
935	939
935	940
935	968
935	969
935	970
935	972
935	973
936	937
936	938
936	939
936	940
936	941
936	972
936	973
937	938
937	939
937	940
937	941
937	942
938	939
938	940
938	941
938	942
938	943
938	953
938	973
938	976
939	940
939	941
939	942
939	943
939	944
939	969
939	972
939	973
939	975
939	976
939	979
939	980
940	941
940	942
940	943
940	944
940	945
940	976
941	942
941	943
941	944
941	945
941	946
941	950
941	953
942	943
942	944
942	945
942	949
942	950
942	953
942	954
942	973
942	976
942	977
942	980
942	981
943	944
943	945
943	950
943	976
943	980
944	945
944	946
944	950
945	946
945	947
945	949
945	950
945	953
946	947
946	948
946	949
946	950
946	951
947	948
947	949
947	950
947	951
947	952
947	982
947	985
948	949
948	950
948	951
948	952
948	953
948	955
949	950
949	951
949	952
949	953
949	954
950	951
950	952
950	953
950	954
950	955
950	980
950	981
950	982
951	952
951	953
951	954
951	955
951	956
951	981
951	982
951	985
952	953
952	954
952	955
952	956
953	954
953	955
953	956
953	957
954	955
954	956
954	957
954	958
954	977
954	981
954	985
954	986
954	988
954	989
955	956
955	957
955	958
955	988
956	957
956	958
956	959
956	960
956	988
957	958
957	959
957	960
957	961
957	964
957	973
957	974
957	977
957	988
957	989
958	959
958	960
958	961
958	988
959	960
959	961
959	962
959	988
960	961
960	962
960	963
960	964
960	965
961	962
961	963
961	964
961	965
961	966
961	974
961	988
961	989
961	992
961	993
962	963
962	964
962	965
962	966
962	967
962	992
962	993
962	996
962	1000
963	964
963	965
963	966
963	967
963	970
964	965
964	966
964	967
964	968
964	969
964	970
964	971
964	972
964	974
965	966
965	967
965	970
965	971
965	974
965	989
965	993
965	1000
965	1003
965	1005
965	1006
965	1009
966	967
966	968
966	970
966	971
966	1000
966	1003
966	1005
966	1006
967	968
967	969
967	970
967	971
967	972
967	1003
967	1005
968	969
968	970
968	971
968	972
968	1005
969	970
969	971
969	972
969	973
970	971
970	972
970	973
970	974
970	975
971	972
971	973
971	974
971	975
971	976
971	1005
971	1006
971	1008
971	1009
972	973
972	974
972	975
972	976
972	977
972	979
973	974
973	975
973	976
973	977
973	978
974	975
974	976
974	977
974	978
974	979
974	986
974	989
974	993
974	1009
974	1012
975	976
975	977
975	978
975	979
975	980
975	1005
975	1008
975	1009
975	1012
976	977
976	978
976	979
976	980
976	981
976	1012
977	978
977	979
977	980
977	981
977	982
977	986
977	989
978	979
978	980
978	981
978	986
978	989
978	993
978	1009
978	1012
978	1013
978	1014
978	1016
978	1017
979	980
979	981
979	986
979	1012
979	1016
980	981
980	982
980	1016
981	982
981	983
981	984
981	985
981	986
982	983
982	984
982	985
982	986
982	987
983	984
983	985
983	986
983	987
983	1016
983	1017
983	1018
983	1021
984	985
984	986
984	987
984	988
984	1018
984	1021
985	986
985	987
985	988
985	989
985	1021
986	987
986	988
986	989
986	990
986	991
986	1017
986	1021
987	988
987	989
987	990
987	991
987	992
987	1020
987	1021
988	989
988	990
988	991
988	992
988	993
989	990
989	991
989	992
989	993
989	994
989	1009
989	1013
990	991
990	992
990	993
990	994
990	1013
990	1017
990	1020
990	1021
990	1022
990	1024
990	1025
991	992
991	993
991	994
992	993
992	994
992	995
992	996
992	1000
993	994
993	995
993	996
993	997
993	1000
993	1009
993	1010
993	1013
993	1025
993	1028
994	995
994	996
994	997
994	1024
994	1027
994	1028
995	996
995	997
995	998
995	999
995	1028
996	997
996	998
996	999
996	1000
996	1001
996	1010
996	1028
997	998
997	999
997	1000
997	1001
997	1002
997	1010
997	1024
997	1025
997	1028
997	1029
997	1036
998	999
998	1000
998	1001
998	1002
998	1003
998	1028
998	1029
998	1032
998	1035
998	1036
998	1039
999	1000
999	1001
999	1002
999	1003
1000	1001
1000	1002
1000	1003
1000	1004
1000	1005
1000	1006
1000	1007
1000	1008
1000	1010
1000	1045
1001	1002
1001	1003
1001	1006
1001	1007
1001	1010
1001	1029
1001	1036
1001	1039
1001	1041
1001	1042
1001	1043
1001	1045
1002	1003
1002	1004
1002	1007
1002	1035
1002	1036
1002	1039
1002	1040
1002	1041
1002	1042
1002	1045
1003	1004
1003	1005
1003	1006
1003	1007
1003	1008
1003	1039
1003	1041
1003	1042
1004	1005
1004	1006
1004	1007
1004	1008
1004	1041
1005	1006
1005	1007
1005	1008
1005	1009
1005	1010
1006	1007
1006	1008
1006	1009
1006	1010
1006	1011
1007	1008
1007	1009
1007	1010
1007	1011
1007	1012
1007	1041
1007	1042
1007	1044
1007	1045
1008	1009
1008	1010
1008	1011
1008	1012
1008	1013
1008	1045
1009	1010
1009	1011
1009	1012
1009	1013
1009	1014
1010	1011
1010	1012
1010	1013
1010	1014
1010	1015
1010	1025
1010	1029
1010	1045
1011	1012
1011	1013
1011	1014
1011	1015
1011	1016
1011	1044
1011	1045
1011	1048
1012	1013
1012	1014
1012	1015
1012	1016
1012	1017
1012	1048
1013	1014
1013	1015
1013	1016
1013	1017
1013	1018
1013	1021
1013	1022
1013	1025
1014	1015
1014	1016
1014	1017
1014	1022
1014	1025
1014	1026
1014	1029
1014	1045
1014	1048
1014	1049
1015	1016
1015	1017
1015	1022
1015	1048
1015	1052
1016	1017
1016	1018
1016	1021
1016	1022
1017	1018
1017	1019
1017	1021
1017	1022
1018	1019
1018	1020
1018	1021
1018	1022
1018	1023
1019	1020
1019	1021
1019	1022
1019	1023
1019	1024
1020	1021
1020	1022
1020	1023
1020	1024
1021	1022
1021	1023
1021	1024
1021	1025
1021	1026
1022	1023
1022	1024
1022	1025
1022	1026
1022	1027
1023	1024
1023	1025
1023	1026
1023	1027
1023	1028
1024	1025
1024	1026
1024	1027
1024	1028
1024	1029
1024	1031
1025	1026
1025	1027
1025	1028
1025	1029
1025	1030
1026	1027
1026	1028
1026	1029
1026	1030
1026	1031
1026	1049
1026	1057
1027	1028
1027	1029
1027	1030
1027	1031
1027	1032
1028	1029
1028	1030
1028	1031
1028	1032
1028	1033
1028	1036
1029	1030
1029	1031
1029	1032
1029	1033
1029	1034
1029	1036
1029	1045
1029	1046
1029	1049
1030	1031
1030	1032
1030	1033
1030	1034
1030	1036
1030	1046
1030	1049
1030	1056
1030	1057
1030	1058
1030	1060
1030	1061
1031	1032
1031	1033
1031	1034
1031	1035
1032	1033
1032	1034
1032	1035
1032	1036
1032	1037
1032	1046
1033	1034
1033	1035
1033	1036
1033	1037
1033	1038
1033	1046
1033	1060
1033	1061
1034	1035
1034	1036
1034	1037
1034	1038
1035	1036
1035	1037
1035	1038
1035	1039
1036	1037
1036	1038
1036	1039
1036	1040
1036	1041
1036	1042
1036	1043
1036	1044
1036	1045
1036	1046
1037	1038
1037	1039
1037	1042
1037	1043
1037	1046
1037	1061
1038	1039
1038	1040
1038	1043
1039	1040
1039	1041
1039	1042
1039	1043
1039	1044
1040	1041
1040	1042
1040	1043
1040	1044
1041	1042
1041	1043
1041	1044
1041	1045
1041	1046
1042	1043
1042	1044
1042	1045
1042	1046
1042	1047
1043	1044
1043	1045
1043	1046
1043	1047
1043	1048
1044	1045
1044	1046
1044	1047
1044	1048
1044	1049
1044	1051
1045	1046
1045	1047
1045	1048
1045	1049
1045	1050
1046	1047
1046	1048
1046	1049
1046	1050
1046	1051
1046	1061
1047	1048
1047	1049
1047	1050
1047	1051
1047	1052
1048	1049
1048	1050
1048	1051
1048	1052
1048	1053
1049	1050
1049	1051
1049	1052
1049	1053
1049	1054
1049	1057
1049	1058
1049	1061
1050	1051
1050	1052
1050	1053
1050	1057
1050	1058
1050	1059
1050	1061
1050	1062
1051	1052
1051	1053
1051	1058
1052	1053
1052	1054
1052	1058
1053	1054
1053	1055
1053	1057
1053	1058
1054	1055
1054	1056
1054	1057
1054	1058
1054	1059
1055	1056
1055	1057
1055	1058
1055	1059
1055	1060
1056	1057
1056	1058
1056	1059
1056	1060
1056	1061
1057	1058
1057	1059
1057	1060
1057	1061
1057	1062
1058	1059
1058	1060
1058	1061
1058	1062
1059	1060
1059	1061
1059	1062
1060	1061
1060	1062
1061	1062
