93	94
93	95
94	95
94	96
95	96
95	97
96	97
96	98
97	98
97	99
97	100
97	101
98	99
98	100
98	101
98	102
98	121
98	122
99	100
99	101
99	102
100	101
100	102
101	102
101	103
102	103
102	104
103	104
103	105
103	122
104	105
104	106
105	106
105	107
105	108
105	115
105	118
105	119
105	122
106	107
106	108
107	108
107	109
107	115
107	116
108	109
108	110
108	115
108	116
108	119
109	110
109	111
110	111
110	112
110	113
110	114
110	116
111	112
111	113
111	114
111	116
111	117
111	120
112	113
112	114
112	116
113	114
113	115
113	116
113	117
113	118
114	115
114	116
114	117
114	118
114	119
115	116
115	117
115	118
115	119
115	120
116	117
116	118
116	119
116	120
116	121
117	118
117	119
117	120
117	121
117	122
118	119
118	120
118	121
118	122
119	120
119	121
119	122
120	121
120	122
121	122
