276	277
276	278
276	281
277	278
277	279
277	280
277	281
277	282
278	279
278	280
278	281
278	282
278	283
279	280
279	281
279	282
279	283
279	284
280	281
280	282
280	283
280	284
280	285
281	282
281	283
281	284
281	285
281	286
282	283
282	284
282	285
282	286
282	287
283	284
283	285
283	286
283	287
283	288
284	285
284	286
284	287
284	288
284	289
285	286
285	287
285	288
285	289
285	290
285	294
285	295
285	296
285	297
285	298
285	299
286	287
286	288
286	289
286	290
286	291
287	288
287	289
287	290
287	291
287	292
287	293
288	289
288	290
288	291
288	292
288	293
288	294
288	295
289	290
289	291
289	292
289	293
289	294
289	295
289	296
289	297
290	291
290	292
290	293
290	294
291	292
291	293
292	293
292	294
293	294
293	295
294	295
294	296
294	297
294	298
295	296
295	297
295	298
296	297
296	298
296	299
296	300
296	301
296	303
297	298
297	299
297	300
297	303
298	299
298	300
298	303
299	300
299	301
299	302
299	303
299	304
300	301
300	302
300	303
300	304
300	305
301	302
301	303
301	304
301	305
302	303
302	304
302	305
303	304
303	305
304	305
