187	179	24	23	0	171	18	17	0	24	23	0	11	12	0	0	14	17	0	0	163	18	17	0	18	17	0	11	12	0	0	14	17	0	0	24	23	0	0	0	0	0	0	0	0	0	11	12	0	0	14	17	0	0	155	18	17	0	18	17	0	11	12	0	0	14	17	0	0	18	17	0	0	0	0	0	0	0	0	0	11	12	0	0	14	17	0	0	24	23	0	0	0	0	0	2	0	0	0	0	0	0	0	0	0	0	0	11	12	0	0	14	17	0	0	147	16	11	0	18	17	0	11	12	0	0	14	17	0	0	18	17	0	0	0	0	0	0	0	0	0	11	12	0	0	14	17	0	0	18	17	0	0	0	0	0	1	0	0	0	0	0	0	0	0	0	0	0	11	12	0	0	14	17	0	0	24	23	0	2	0	0	0	11	0	0	0	0	0	0	0	2	0	0	0	0	0	0	0	0	0	0	0	11	12	0	0	14	17	0	0
203	194	43	29	0	185	36	26	0	43	29	0	23	9	0	0	35	31	0	0	176	36	26	0	36	26	0	23	9	0	0	32	30	0	0	42	29	0	8	0	0	0	9	0	0	0	23	9	0	0	35	31	0	0	167	35	26	0	36	26	0	23	9	0	0	32	30	0	0	35	26	0	7	0	0	0	5	0	0	0	23	9	0	0	32	30	0	0	42	29	0	1	0	0	0	9	0	0	0	8	0	0	0	9	0	0	0	23	9	0	0	35	31	0	0	158	30	23	0	35	26	0	23	9	0	0	28	30	0	0	35	26	0	7	0	0	0	5	0	0	0	23	9	0	0	32	30	0	0	35	26	0	0	0	0	0	3	0	0	0	7	0	0	0	5	0	0	0	23	9	0	0	32	30	0	0	42	29	0	15	0	0	0	33	4	0	0	1	0	0	0	9	0	0	0	8	0	0	0	9	0	0	0	23	9	0	0	35	31	0	0
292	278	71	73	0	264	60	65	0	71	73	0	49	52	0	0	74	54	0	0	250	60	65	0	60	65	0	49	52	0	0	68	52	0	0	70	73	0	21	0	0	0	25	0	0	0	49	52	0	0	74	54	0	0	236	57	65	0	60	65	0	49	52	0	0	68	52	0	0	59	65	0	18	0	0	0	17	0	0	0	49	52	0	0	68	52	0	0	70	73	0	3	0	0	0	22	13	0	0	21	0	0	0	25	0	0	0	49	52	0	0	74	54	0	0	222	47	61	0	57	65	0	45	52	0	0	56	52	0	0	59	65	0	18	0	0	0	17	0	0	0	49	52	0	0	68	52	0	0	59	65	0	1	0	0	0	12	9	0	0	18	0	0	0	17	0	0	0	49	52	0	0	68	52	0	0	70	73	0	26	0	0	0	58	62	0	0	3	0	0	0	22	13	0	0	21	0	0	0	25	0	0	0	49	52	0	0	74	54	0	0
328	312	101	103	0	296	81	91	0	101	103	0	90	96	0	0	114	119	0	0	280	73	83	0	81	91	0	62	90	0	0	95	106	0	0	100	103	0	24	43	0	0	32	35	0	0	90	96	0	0	114	119	0	0	264	70	80	0	73	83	0	62	90	0	0	86	98	0	0	80	91	0	22	40	0	0	26	26	0	0	62	90	0	0	95	106	0	0	100	103	0	24	0	0	0	43	28	0	0	24	43	0	0	32	35	0	0	90	96	0	0	114	119	0	0	248	54	75	0	70	80	0	55	90	0	0	74	86	0	0	72	83	0	16	35	0	0	20	22	0	0	62	90	0	0	86	98	0	0	80	91	0	10	0	0	0	28	22	0	0	22	40	0	0	26	26	0	0	62	90	0	0	95	106	0	0	100	103	0	33	15	0	0	96	129	0	0	24	0	0	0	43	28	0	0	24	43	0	0	32	35	0	0	90	96	0	0	114	119	0	0
352	334	136	138	0	316	109	115	0	136	138	0	121	188	0	0	190	215	0	0	298	96	103	0	109	115	0	79	170	0	0	158	192	0	0	135	138	0	56	80	0	0	41	96	0	0	121	188	0	0	190	215	0	0	280	89	100	0	96	103	0	73	166	0	0	137	174	0	0	108	115	0	52	76	0	0	34	77	0	0	79	170	0	0	158	192	0	0	135	138	0	51	4	0	0	65	72	0	0	56	80	0	0	41	96	0	0	121	188	0	0	190	215	0	0	262	68	92	0	89	100	0	58	166	0	0	118	166	0	0	95	103	0	37	68	0	0	28	63	0	0	73	166	0	0	137	174	0	0	108	115	0	26	4	0	0	50	51	0	0	52	76	0	0	34	77	0	0	79	170	0	0	158	192	0	0	135	138	0	60	16	0	0	135	194	0	0	51	4	0	0	65	72	0	0	56	80	0	0	41	96	0	0	121	188	0	0	190	215	0	0
475	453	175	205	5	431	135	170	0	175	205	5	144	195	0	0	297	340	15	0	409	120	145	0	135	170	0	105	146	0	0	222	260	0	0	174	205	5	75	112	5	0	64	131	15	0	144	195	0	0	297	340	15	0	387	110	130	0	120	145	0	98	128	0	0	193	212	0	0	134	170	0	66	94	0	0	50	108	0	0	105	146	0	0	222	260	0	0	174	205	5	59	102	0	0	97	140	0	0	75	112	5	0	64	131	15	0	144	195	0	0	297	340	15	0	365	77	111	0	110	130	0	74	110	0	0	173	191	0	0	119	145	0	49	64	0	0	40	75	0	0	98	128	0	0	193	212	0	0	134	170	0	30	45	0	0	84	122	0	0	66	94	0	0	50	108	0	0	105	146	0	0	222	260	0	0	174	205	5	82	45	23	0	170	333	10	0	59	102	0	0	97	140	0	0	75	112	5	0	64	131	15	0	144	195	0	0	297	340	15	0
318	300	156	131	2	282	114	127	0	156	131	2	160	28	0	0	292	315	0	0	264	99	107	0	114	127	0	112	28	0	0	213	307	0	0	155	131	2	66	175	2	0	53	93	0	0	160	28	0	0	292	315	0	0	246	88	102	0	99	107	0	104	23	0	0	180	265	0	0	113	127	0	51	175	0	0	47	91	0	0	112	28	0	0	213	307	0	0	155	131	2	77	55	0	0	84	90	0	0	66	175	2	0	53	93	0	0	160	28	0	0	292	315	0	0	228	59	95	0	88	102	0	80	23	0	0	154	245	0	0	98	107	0	32	160	0	0	35	76	0	0	104	23	0	0	180	265	0	0	113	127	0	40	55	0	0	79	84	0	0	51	175	0	0	47	91	0	0	112	28	0	0	213	307	0	0	155	131	2	99	24	8	0	148	178	2	0	77	55	0	0	84	90	0	0	66	175	2	0	53	93	0	0	160	28	0	0	292	315	0	0
326	311	130	84	0	296	95	68	0	130	84	0	115	0	0	0	283	171	0	0	281	84	68	0	95	68	0	79	0	0	0	194	131	0	0	130	84	0	72	0	0	0	53	63	0	0	115	0	0	0	283	171	0	0	266	75	68	0	84	68	0	71	0	0	0	167	131	0	0	95	68	0	60	0	0	0	39	63	0	0	79	0	0	0	194	131	0	0	130	84	0	69	0	0	0	73	81	0	0	72	0	0	0	53	63	0	0	115	0	0	0	283	171	0	0	251	57	56	0	75	68	0	51	0	0	0	147	131	0	0	84	68	0	46	0	0	0	31	63	0	0	71	0	0	0	167	131	0	0	95	68	0	41	0	0	0	70	81	0	0	60	0	0	0	39	63	0	0	79	0	0	0	194	131	0	0	130	84	0	83	48	0	0	125	134	0	0	69	0	0	0	73	81	0	0	72	0	0	0	53	63	0	0	115	0	0	0	283	171	0	0
481	460	134	189	0	439	80	146	0	134	189	0	67	264	0	0	275	423	0	0	418	72	126	0	80	146	0	44	202	0	0	153	294	0	0	134	189	0	43	138	0	0	63	52	0	0	67	264	0	0	275	423	0	0	397	65	114	0	72	126	0	40	190	0	0	135	250	0	0	80	146	0	37	120	0	0	44	38	0	0	44	202	0	0	153	294	0	0	134	189	0	47	108	0	0	74	68	0	0	43	138	0	0	63	52	0	0	67	264	0	0	275	423	0	0	376	50	96	0	65	114	0	25	172	0	0	127	242	0	0	72	126	0	28	120	0	0	36	30	0	0	40	190	0	0	135	250	0	0	80	146	0	18	84	0	0	70	64	0	0	37	120	0	0	44	38	0	0	44	202	0	0	153	294	0	0	134	189	0	68	96	0	0	131	130	0	0	47	108	0	0	74	68	0	0	43	138	0	0	63	52	0	0	67	264	0	0	275	423	0	0
239	229	71	34	0	219	39	23	0	71	34	0	41	7	0	0	159	99	0	0	209	36	23	0	39	23	0	29	7	0	0	78	65	0	0	71	34	0	20	0	0	0	38	8	0	0	41	7	0	0	159	99	0	0	199	35	23	0	36	23	0	29	7	0	0	71	65	0	0	39	23	0	16	0	0	0	18	7	0	0	29	7	0	0	78	65	0	0	71	34	0	30	0	0	0	35	7	0	0	20	0	0	0	38	8	0	0	41	7	0	0	159	99	0	0	189	30	18	0	35	23	0	26	7	0	0	69	65	0	0	36	23	0	16	0	0	0	15	7	0	0	29	7	0	0	71	65	0	0	39	23	0	14	0	0	0	31	7	0	0	16	0	0	0	18	7	0	0	29	7	0	0	78	65	0	0	71	34	0	51	10	0	0	55	32	0	0	30	0	0	0	35	7	0	0	20	0	0	0	38	8	0	0	41	7	0	0	159	99	0	0
251	240	64	33	11	229	42	19	0	61	33	11	23	0	15	0	106	50	22	5	218	40	19	0	39	19	0	20	0	0	0	63	29	0	0	59	33	11	14	0	0	0	38	14	0	0	17	0	15	0	103	50	22	5	207	37	19	0	37	19	0	19	0	0	0	61	29	0	0	37	19	0	6	0	0	0	16	0	0	0	14	0	0	0	60	29	0	0	59	33	11	14	0	10	0	30	7	0	0	14	0	0	0	38	14	0	0	17	0	15	0	103	50	22	5	196	28	19	0	34	19	0	13	0	0	0	58	29	0	0	35	19	0	6	0	0	0	16	0	0	0	13	0	0	0	58	29	0	0	37	19	0	1	0	0	0	26	0	0	0	6	0	0	0	16	0	0	0	14	0	0	0	60	29	0	0	59	33	11	15	0	29	0	56	9	0	0	14	0	10	0	30	7	0	0	14	0	0	0	38	14	0	0	17	0	15	0	103	50	22	5
317	304	82	47	15	291	58	23	0	82	47	15	48	0	23	0	150	60	45	5	278	54	23	0	58	23	0	42	0	0	0	101	12	0	0	82	47	15	28	0	0	0	43	35	0	0	48	0	23	0	150	60	45	5	265	48	20	0	54	23	0	38	0	0	0	93	12	0	0	58	23	0	20	0	0	0	20	11	0	0	42	0	0	0	101	12	0	0	82	47	15	23	24	10	0	43	41	0	0	28	0	0	0	43	35	0	0	48	0	23	0	150	60	45	5	252	35	12	0	48	20	0	26	0	0	0	87	12	0	0	54	23	0	18	0	0	0	20	11	0	0	38	0	0	0	93	12	0	0	58	23	0	7	0	0	0	38	33	0	0	20	0	0	0	20	11	0	0	42	0	0	0	101	12	0	0	82	47	15	21	0	41	0	72	34	15	0	23	24	10	0	43	41	0	0	28	0	0	0	43	35	0	0	48	0	23	0	150	60	45	5
381	365	84	85	15	349	51	53	0	84	85	15	46	0	23	0	157	171	60	5	333	46	51	0	51	53	0	33	0	0	0	82	99	0	0	84	85	15	24	24	0	0	41	44	0	0	46	0	23	0	157	171	60	5	317	43	51	0	46	51	0	32	0	0	0	77	99	0	0	51	53	0	16	24	0	0	19	12	0	0	33	0	0	0	82	99	0	0	84	85	15	26	0	10	0	38	8	0	0	24	24	0	0	41	44	0	0	46	0	23	0	157	171	60	5	301	31	43	0	43	51	0	26	0	0	0	74	99	0	0	46	51	0	16	24	0	0	18	12	0	0	32	0	0	0	77	99	0	0	51	53	0	7	0	0	0	33	0	0	0	16	24	0	0	19	12	0	0	33	0	0	0	82	99	0	0	84	85	15	11	64	41	0	73	15	0	0	26	0	10	0	38	8	0	0	24	24	0	0	41	44	0	0	46	0	23	0	157	171	60	5
228	219	55	15	10	210	34	8	0	55	15	10	25	0	8	0	117	39	10	0	201	32	8	0	34	8	0	20	0	0	0	64	32	0	0	55	15	10	14	0	0	0	32	15	0	0	25	0	8	0	117	39	10	0	192	32	8	0	32	8	0	20	0	0	0	61	32	0	0	34	8	0	14	0	0	0	13	8	0	0	20	0	0	0	64	32	0	0	55	15	10	15	0	0	0	26	0	0	0	14	0	0	0	32	15	0	0	25	0	8	0	117	39	10	0	183	24	7	0	32	8	0	20	0	0	0	61	32	0	0	32	8	0	14	0	0	0	12	8	0	0	20	0	0	0	61	32	0	0	34	8	0	6	0	0	0	21	0	0	0	14	0	0	0	13	8	0	0	20	0	0	0	64	32	0	0	55	15	10	14	7	26	0	46	0	0	0	15	0	0	0	26	0	0	0	14	0	0	0	32	15	0	0	25	0	8	0	117	39	10	0
281	270	64	30	6	259	39	0	0	64	30	6	46	0	8	0	103	78	30	0	248	31	0	0	39	0	0	21	0	0	0	57	0	0	0	64	30	6	16	0	0	0	20	48	0	0	46	0	8	0	103	78	30	0	237	30	0	0	31	0	0	20	0	0	0	52	0	0	0	39	0	0	14	0	0	0	8	0	0	0	21	0	0	0	57	0	0	0	64	30	6	16	0	0	0	19	6	0	0	16	0	0	0	20	48	0	0	46	0	8	0	103	78	30	0	226	25	0	0	30	0	0	20	0	0	0	52	0	0	0	31	0	0	14	0	0	0	8	0	0	0	20	0	0	0	52	0	0	0	39	0	0	7	0	0	0	15	0	0	0	14	0	0	0	8	0	0	0	21	0	0	0	57	0	0	0	64	30	6	18	0	14	0	34	0	0	0	16	0	0	0	19	6	0	0	16	0	0	0	20	48	0	0	46	0	8	0	103	78	30	0
400	383	77	96	22	366	60	48	13	77	96	22	59	128	0	15	84	72	88	6	349	45	16	5	60	48	13	50	0	0	0	67	16	52	0	77	96	22	15	0	52	7	17	0	88	5	59	128	0	15	84	72	88	6	332	39	16	0	45	16	5	39	0	0	0	53	0	20	0	60	48	13	13	0	46	0	15	0	52	0	50	0	0	0	67	16	52	0	77	96	22	3	0	28	0	31	16	0	0	15	0	52	7	17	0	88	5	59	128	0	15	84	72	88	6	315	34	16	0	39	16	0	36	0	0	0	45	0	0	0	45	16	5	13	0	23	0	15	0	20	0	39	0	0	0	53	0	20	0	60	48	13	1	0	19	0	25	16	0	0	13	0	46	0	15	0	52	0	50	0	0	0	67	16	52	0	77	96	22	11	0	0	0	69	72	0	0	3	0	28	0	31	16	0	0	15	0	52	7	17	0	88	5	59	128	0	15	84	72	88	6
328	313	66	59	44	298	47	48	5	63	59	44	49	10	0	15	73	81	44	57	283	38	38	0	44	48	5	25	0	0	0	52	50	5	0	61	59	44	9	0	16	0	11	0	44	5	43	10	0	15	70	81	44	57	268	32	38	0	35	38	0	18	0	0	0	45	40	0	0	42	48	5	7	0	10	0	10	0	5	0	19	0	0	0	49	50	5	0	61	59	44	3	0	32	0	19	12	0	0	9	0	16	0	11	0	44	5	43	10	0	15	70	81	44	57	253	24	38	0	29	38	0	15	0	0	0	37	40	0	0	33	38	0	7	0	0	0	10	0	0	0	12	0	0	0	42	40	0	0	42	48	5	1	0	15	0	16	12	0	0	7	0	10	0	10	0	5	0	19	0	0	0	49	50	5	0	61	59	44	14	0	23	0	43	59	0	0	3	0	32	0	19	12	0	0	9	0	16	0	11	0	44	5	43	10	0	15	70	81	44	57
362	347	68	59	45	332	53	36	9	68	59	45	62	32	0	31	93	42	90	47	317	43	24	0	53	36	9	39	10	0	0	73	10	18	0	68	59	45	20	20	16	0	13	13	45	5	62	32	0	31	93	42	90	47	302	33	13	0	43	24	0	30	0	0	0	61	0	0	0	53	36	9	20	0	10	0	12	12	9	0	39	10	0	0	73	10	18	0	68	59	45	7	13	56	0	32	39	45	0	20	20	16	0	13	13	45	5	62	32	0	31	93	42	90	47	287	25	12	0	33	13	0	15	0	0	0	50	0	0	0	43	24	0	18	0	0	0	12	10	0	0	30	0	0	0	61	0	0	0	53	36	9	6	12	27	0	29	36	9	0	20	0	10	0	12	12	9	0	39	10	0	0	73	10	18	0	68	59	45	10	12	40	0	61	38	0	0	7	13	56	0	32	39	45	0	20	20	16	0	13	13	45	5	62	32	0	31	93	42	90	47
333	319	49	59	30	305	33	32	4	49	59	30	42	24	0	16	58	51	90	36	291	26	24	0	33	32	4	20	0	0	0	40	8	12	0	49	59	30	16	0	0	0	7	0	30	0	42	24	0	16	58	51	90	36	277	21	24	0	26	24	0	19	0	0	0	36	0	0	0	33	32	4	14	0	0	0	6	0	4	0	20	0	0	0	40	8	12	0	49	59	30	8	0	32	0	17	0	0	0	16	0	0	0	7	0	30	0	42	24	0	16	58	51	90	36	263	15	22	0	21	24	0	10	0	0	0	32	0	0	0	26	24	0	14	0	0	0	6	0	0	0	19	0	0	0	36	0	0	0	33	32	4	7	0	12	0	14	0	0	0	14	0	0	0	6	0	4	0	20	0	0	0	40	8	12	0	49	59	30	7	22	40	0	31	11	0	0	8	0	32	0	17	0	0	0	16	0	0	0	7	0	30	0	42	24	0	16	58	51	90	36
245	235	36	27	14	225	21	6	0	36	27	14	23	18	0	0	34	30	42	21	215	14	0	0	21	6	0	1	0	0	0	16	0	0	0	36	27	14	4	0	0	0	2	0	14	0	23	18	0	0	34	30	42	21	205	13	0	0	14	0	0	0	0	0	0	11	0	0	0	21	6	0	2	0	0	0	2	0	0	0	1	0	0	0	16	0	0	0	36	27	14	1	0	0	0	5	0	0	0	4	0	0	0	2	0	14	0	23	18	0	0	34	30	42	21	195	11	0	0	13	0	0	0	0	0	0	11	0	0	0	14	0	0	2	0	0	0	2	0	0	0	0	0	0	0	11	0	0	0	21	6	0	1	0	0	0	5	0	0	0	2	0	0	0	2	0	0	0	1	0	0	0	16	0	0	0	36	27	14	9	0	16	0	16	0	0	0	1	0	0	0	5	0	0	0	4	0	0	0	2	0	14	0	23	18	0	0	34	30	42	21
238	228	20	16	24	218	6	0	2	20	16	24	0	0	50	0	5	0	48	66	208	6	0	2	6	0	2	0	0	4	0	1	0	4	17	20	16	24	0	0	0	0	0	0	0	0	0	0	50	0	5	0	48	66	198	6	0	2	6	0	2	0	0	4	0	1	0	4	5	6	0	2	0	0	0	0	0	0	0	0	0	0	4	0	1	0	4	17	20	16	24	0	0	0	0	1	0	0	0	0	0	0	0	0	0	0	0	0	0	50	0	5	0	48	66	188	6	0	0	6	0	2	0	0	4	0	1	0	4	0	6	0	2	0	0	0	0	0	0	0	0	0	0	4	0	1	0	4	5	6	0	2	0	0	0	0	1	0	0	0	0	0	0	0	0	0	0	0	0	0	4	0	1	0	4	17	20	16	24	8	0	0	0	7	0	0	0	0	0	0	0	1	0	0	0	0	0	0	0	0	0	0	0	0	0	50	0	5	0	48	66
167	160	17	6	10	153	4	0	2	17	6	10	0	0	36	0	4	0	10	22	146	4	0	2	4	0	2	0	0	4	0	1	0	2	13	17	6	10	0	0	0	0	0	0	0	0	0	0	36	0	4	0	10	22	139	4	0	2	4	0	2	0	0	4	0	1	0	2	5	4	0	2	0	0	0	0	0	0	0	0	0	0	4	0	1	0	2	13	17	6	10	0	0	0	0	1	0	0	0	0	0	0	0	0	0	0	0	0	0	36	0	4	0	10	22	132	4	0	0	4	0	2	0	0	4	0	1	0	2	0	4	0	2	0	0	0	0	0	0	0	0	0	0	4	0	1	0	2	5	4	0	2	0	0	0	0	1	0	0	0	0	0	0	0	0	0	0	0	0	0	4	0	1	0	2	13	17	6	10	6	0	0	0	6	0	0	0	0	0	0	0	1	0	0	0	0	0	0	0	0	0	0	0	0	0	36	0	4	0	10	22
166	159	20	10	9	152	8	0	9	20	10	9	4	0	29	0	11	0	18	0	145	8	0	9	8	0	9	4	0	29	0	8	0	18	0	20	10	9	0	0	0	0	0	0	0	0	4	0	29	0	11	0	18	0	138	8	0	9	8	0	9	4	0	29	0	8	0	18	0	8	0	9	0	0	0	0	0	0	0	0	4	0	29	0	8	0	18	0	20	10	9	0	0	0	0	1	0	0	0	0	0	0	0	0	0	0	0	4	0	29	0	11	0	18	0	131	8	0	0	8	0	9	4	0	29	0	8	0	18	0	8	0	9	0	0	0	0	0	0	0	0	4	0	29	0	8	0	18	0	8	0	9	0	0	0	0	1	0	0	0	0	0	0	0	0	0	0	0	4	0	29	0	8	0	18	0	20	10	9	0	0	0	0	7	0	0	0	0	0	0	0	1	0	0	0	0	0	0	0	0	0	0	0	4	0	29	0	11	0	18	0
299	286	21	46	42	273	9	22	0	21	46	42	1	0	66	0	8	8	126	155	260	8	22	0	9	22	0	0	0	0	0	3	0	0	31	21	46	42	0	0	10	0	2	0	0	0	1	0	66	0	8	8	126	155	247	8	22	0	8	22	0	0	0	0	0	3	0	0	5	9	22	0	0	0	0	0	1	0	0	0	0	0	0	0	3	0	0	31	21	46	42	2	0	0	0	8	0	0	0	0	0	10	0	2	0	0	0	1	0	66	0	8	8	126	155	234	7	16	0	8	22	0	0	0	0	0	3	0	0	0	8	22	0	0	0	0	0	0	0	0	0	0	0	0	0	3	0	0	5	9	22	0	1	0	0	0	5	0	0	0	0	0	0	0	1	0	0	0	0	0	0	0	3	0	0	31	21	46	42	3	48	0	0	16	8	0	0	2	0	0	0	8	0	0	0	0	0	10	0	2	0	0	0	1	0	66	0	8	8	126	155
168	161	20	0	32	154	7	0	0	20	0	32	1	0	56	0	5	0	0	111	147	6	0	0	7	0	0	0	0	0	0	0	0	0	26	20	0	32	0	0	10	0	1	0	0	0	1	0	56	0	5	0	0	111	140	6	0	0	6	0	0	0	0	0	0	0	0	0	5	7	0	0	0	0	0	0	1	0	0	0	0	0	0	0	0	0	0	26	20	0	32	1	0	0	0	4	0	0	0	0	0	10	0	1	0	0	0	1	0	56	0	5	0	0	111	133	6	0	0	6	0	0	0	0	0	0	0	0	0	0	6	0	0	0	0	0	0	0	0	0	0	0	0	0	0	0	0	0	5	7	0	0	1	0	0	0	4	0	0	0	0	0	0	0	1	0	0	0	0	0	0	0	0	0	0	26	20	0	32	9	0	0	0	10	0	0	0	1	0	0	0	4	0	0	0	0	0	10	0	1	0	0	0	1	0	56	0	5	0	0	111
276	264	19	0	67	252	18	0	28	19	0	67	13	0	0	63	15	0	0	85	240	18	0	13	18	0	28	13	0	0	13	15	0	0	13	19	0	67	2	0	0	4	2	0	0	36	13	0	0	63	15	0	0	85	228	18	0	13	18	0	13	13	0	0	13	15	0	0	13	18	0	28	2	0	0	4	1	0	0	13	13	0	0	13	15	0	0	13	19	0	67	1	0	0	0	7	0	0	0	2	0	0	4	2	0	0	36	13	0	0	63	15	0	0	85	216	15	0	12	18	0	13	13	0	0	13	15	0	0	13	18	0	13	2	0	0	3	1	0	0	5	13	0	0	13	15	0	0	13	18	0	28	0	0	0	0	4	0	0	0	2	0	0	4	1	0	0	13	13	0	0	13	15	0	0	13	19	0	67	0	0	16	3	16	0	0	0	1	0	0	0	7	0	0	0	2	0	0	4	2	0	0	36	13	0	0	63	15	0	0	85
276	264	35	0	57	252	32	0	27	35	0	57	32	0	5	45	36	0	0	75	240	32	0	17	32	0	27	32	0	5	13	36	0	0	11	35	0	57	8	0	0	8	10	0	0	22	32	0	5	45	36	0	0	75	228	32	0	17	32	0	17	32	0	4	13	36	0	0	11	32	0	27	8	0	0	8	7	0	0	13	32	0	5	13	36	0	0	11	35	0	57	2	0	0	0	20	0	0	0	8	0	0	8	10	0	0	22	32	0	5	45	36	0	0	75	216	28	0	14	32	0	17	32	0	4	13	36	0	0	11	32	0	17	8	0	0	5	7	0	0	5	32	0	4	13	36	0	0	11	32	0	27	0	0	0	0	11	0	0	0	8	0	0	8	7	0	0	13	32	0	5	13	36	0	0	11	35	0	57	2	0	16	7	34	0	0	0	2	0	0	0	20	0	0	0	8	0	0	8	10	0	0	22	32	0	5	45	36	0	0	75
363	347	62	29	84	331	54	15	64	62	29	84	49	0	50	93	71	0	84	42	315	53	15	23	54	15	64	49	0	48	7	67	0	64	0	62	29	84	14	0	0	32	20	14	0	141	49	0	50	93	71	0	84	42	299	50	14	20	53	15	23	46	0	28	7	62	0	23	0	54	15	64	14	0	0	23	15	0	0	31	49	0	48	7	67	0	64	0	62	29	84	8	14	0	15	49	42	0	0	14	0	0	32	20	14	0	141	49	0	50	93	71	0	84	42	283	39	0	12	50	14	20	40	0	19	7	59	0	20	0	53	15	23	12	0	0	5	15	0	0	5	46	0	28	7	62	0	23	0	54	15	64	0	0	0	0	29	0	0	0	14	0	0	23	15	0	0	31	49	0	48	7	67	0	64	0	62	29	84	7	0	50	7	78	28	84	5	8	14	0	15	49	42	0	0	14	0	0	32	20	14	0	141	49	0	50	93	71	0	84	42
273	259	58	67	27	245	48	56	22	58	67	27	59	38	5	36	67	60	27	0	231	46	56	12	48	56	22	56	38	5	4	66	58	22	0	58	67	27	14	0	0	8	16	17	0	22	59	38	5	36	67	60	27	0	217	39	55	12	46	56	12	53	38	4	4	61	58	12	0	48	56	22	14	0	0	8	13	10	0	13	56	38	5	4	66	58	22	0	58	67	27	8	7	0	0	39	57	0	0	14	0	0	8	16	17	0	22	59	38	5	36	67	60	27	0	203	29	46	9	39	55	12	35	37	4	4	49	57	12	0	46	56	12	12	0	0	5	13	10	0	5	53	38	4	4	61	58	12	0	48	56	22	0	0	0	0	22	32	0	0	14	0	0	8	13	10	0	13	56	38	5	4	66	58	22	0	58	67	27	9	16	0	7	67	49	27	0	8	7	0	0	39	57	0	0	14	0	0	8	16	17	0	22	59	38	5	36	67	60	27	0
271	258	83	59	25	245	68	44	25	83	59	25	75	24	50	0	131	60	50	0	232	65	44	20	68	44	25	70	24	50	0	119	60	50	0	83	59	25	44	0	0	32	33	26	0	0	75	24	50	0	131	60	50	0	219	55	38	17	65	44	20	66	24	40	0	109	60	40	0	68	44	25	42	0	0	23	28	20	0	0	70	24	50	0	119	60	50	0	83	59	25	16	36	0	15	71	82	0	0	44	0	0	32	33	26	0	0	75	24	50	0	131	60	50	0	206	40	17	5	55	38	17	38	18	31	0	92	54	34	0	65	44	20	36	0	0	5	26	20	0	0	66	24	40	0	109	60	40	0	68	44	25	5	0	0	0	38	40	0	0	42	0	0	23	28	20	0	0	70	24	50	0	119	60	50	0	83	59	25	14	23	0	7	99	103	75	7	16	36	0	15	71	82	0	0	44	0	0	32	33	26	0	0	75	24	50	0	131	60	50	0
391	372	104	101	96	353	83	92	61	104	101	96	83	114	30	58	185	201	0	136	334	79	78	59	83	92	61	72	108	30	56	147	189	0	111	104	101	96	64	24	20	20	46	31	96	0	83	114	30	58	185	201	0	136	315	59	42	40	79	78	59	67	72	30	36	134	126	0	55	83	92	61	40	24	20	0	36	30	61	0	72	108	30	56	147	189	0	111	104	101	96	31	0	72	68	59	141	288	45	64	24	20	20	46	31	96	0	83	114	30	58	185	201	0	136	296	42	16	21	59	42	40	34	0	24	30	105	90	0	49	79	78	59	36	0	20	0	34	30	59	0	67	72	30	36	134	126	0	55	83	92	61	7	0	32	27	46	116	183	9	40	24	20	0	36	30	61	0	72	108	30	56	147	189	0	111	104	101	96	23	32	13	47	100	129	192	15	31	0	72	68	59	141	288	45	64	24	20	20	46	31	96	0	83	114	30	58	185	201	0	136
296	281	99	72	42	266	79	66	33	99	72	42	79	48	30	26	200	126	0	25	251	74	66	33	79	66	33	68	48	30	26	161	116	0	25	99	72	42	64	0	20	0	46	21	0	0	79	48	30	26	200	126	0	25	236	54	50	28	74	66	33	60	48	30	20	143	116	0	20	79	66	33	36	0	20	0	34	21	0	0	68	48	30	26	161	116	0	25	99	72	42	39	0	38	40	61	108	84	0	64	0	20	0	46	21	0	0	79	48	30	26	200	126	0	25	221	33	20	17	54	50	28	24	0	24	14	107	92	0	17	74	66	33	30	0	20	0	32	21	0	0	60	48	30	20	143	116	0	20	79	66	33	7	0	20	23	49	88	66	0	36	0	20	0	34	21	0	0	68	48	30	26	161	116	0	25	99	72	42	24	60	6	47	88	113	126	0	39	0	38	40	61	108	84	0	64	0	20	0	46	21	0	0	79	48	30	26	200	126	0	25
403	383	120	144	43	363	86	99	40	120	144	43	96	123	37	26	270	325	172	0	343	78	93	40	86	99	40	69	117	37	26	186	194	160	0	120	144	43	59	62	20	0	52	65	0	0	96	123	37	26	270	325	172	0	323	60	70	35	78	93	40	61	105	37	20	164	180	160	0	86	99	40	35	26	20	0	40	41	0	0	69	117	37	26	186	194	160	0	120	144	43	34	142	20	40	53	153	43	0	59	62	20	0	52	65	0	0	96	123	37	26	270	325	172	0	303	37	32	19	60	70	35	25	54	31	14	130	140	140	0	78	93	40	28	18	20	0	36	35	0	0	61	105	37	20	164	180	160	0	86	99	40	6	28	20	23	45	143	40	0	35	26	20	0	40	41	0	0	69	117	37	26	186	194	160	0	120	144	43	30	114	0	57	90	191	129	0	34	142	20	40	53	153	43	0	59	62	20	0	52	65	0	0	96	123	37	26	270	325	172	0
175	166	59	29	0	157	40	20	0	59	29	0	54	24	0	0	125	65	0	0	148	38	20	0	40	20	0	44	24	0	0	84	44	0	0	59	29	0	26	0	0	0	24	14	0	0	54	24	0	0	125	65	0	0	139	25	17	0	38	20	0	44	24	0	0	84	44	0	0	40	20	0	6	0	0	0	13	8	0	0	44	24	0	0	84	44	0	0	59	29	0	23	9	0	0	23	40	0	0	26	0	0	0	24	14	0	0	54	24	0	0	125	65	0	0	130	11	6	0	25	17	0	15	18	0	0	53	39	0	0	38	20	0	6	0	0	0	13	8	0	0	44	24	0	0	84	44	0	0	40	20	0	2	0	0	0	23	40	0	0	6	0	0	0	13	8	0	0	44	24	0	0	84	44	0	0	59	29	0	25	6	0	0	36	30	0	0	23	9	0	0	23	40	0	0	26	0	0	0	24	14	0	0	54	24	0	0	125	65	0	0
124	118	42	11	0	112	24	5	0	42	11	0	38	0	0	0	97	41	0	0	106	21	5	0	24	5	0	23	0	0	0	54	25	0	0	42	11	0	7	0	0	0	14	12	0	0	38	0	0	0	97	41	0	0	100	20	5	0	21	5	0	23	0	0	0	52	25	0	0	24	5	0	3	0	0	0	12	10	0	0	23	0	0	0	54	25	0	0	42	11	0	27	0	0	0	22	0	0	0	7	0	0	0	14	12	0	0	38	0	0	0	97	41	0	0	94	10	2	0	20	5	0	20	0	0	0	50	25	0	0	21	5	0	2	0	0	0	11	10	0	0	23	0	0	0	52	25	0	0	24	5	0	3	0	0	0	22	0	0	0	3	0	0	0	12	10	0	0	23	0	0	0	54	25	0	0	42	11	0	23	6	0	0	32	8	0	0	27	0	0	0	22	0	0	0	7	0	0	0	14	12	0	0	38	0	0	0	97	41	0	0
220	209	50	33	24	198	23	18	10	50	33	24	39	9	26	30	105	100	48	43	187	16	18	10	23	18	10	16	9	20	30	46	63	20	40	50	33	24	3	0	35	0	12	18	0	0	39	9	26	30	105	100	48	43	176	13	16	10	16	18	10	13	9	20	30	40	63	20	40	23	18	10	3	0	20	0	11	18	0	0	16	9	20	30	46	63	20	40	50	33	24	12	14	27	0	14	0	0	0	3	0	35	0	12	18	0	0	39	9	26	30	105	100	48	43	165	6	7	8	13	16	10	7	7	20	24	35	53	20	35	16	18	10	0	0	20	0	8	18	0	0	13	9	20	30	40	63	20	40	23	18	10	3	0	0	0	13	0	0	0	3	0	20	0	11	18	0	0	16	9	20	30	46	63	20	40	50	33	24	11	14	20	16	32	7	24	0	12	14	27	0	14	0	0	0	3	0	35	0	12	18	0	0	39	9	26	30	105	100	48	43
267	254	56	44	50	241	28	8	37	56	44	50	29	32	26	37	99	136	200	43	228	22	0	37	28	8	37	18	0	20	37	49	16	148	40	56	44	50	9	0	47	0	13	12	50	0	29	32	26	37	99	136	200	43	215	18	0	37	22	0	37	14	0	20	37	40	0	148	40	28	8	37	7	0	32	0	10	8	37	0	18	0	20	37	49	16	148	40	56	44	50	28	0	27	0	23	12	0	0	9	0	47	0	13	12	50	0	29	32	26	37	99	136	200	43	202	7	0	30	18	0	37	4	0	20	31	33	0	148	35	22	0	37	0	0	32	0	6	0	37	0	14	0	20	37	40	0	148	40	28	8	37	3	0	0	0	12	8	0	0	7	0	32	0	10	8	37	0	18	0	20	37	49	16	148	40	56	44	50	14	0	18	55	40	72	0	0	28	0	27	0	23	12	0	0	9	0	47	0	13	12	50	0	29	32	26	37	99	136	200	43
299	284	69	74	24	269	31	33	10	69	74	24	43	48	26	30	113	236	120	43	254	24	25	10	31	33	10	23	13	20	30	58	105	50	40	69	74	24	8	12	35	0	15	38	24	0	43	48	26	30	113	236	120	43	239	20	19	10	24	25	10	19	12	20	30	49	86	50	40	31	33	10	6	7	20	0	12	33	10	0	23	13	20	30	58	105	50	40	69	74	24	24	47	27	0	23	12	0	0	8	12	35	0	15	38	24	0	43	48	26	30	113	236	120	43	224	7	7	8	20	19	10	9	7	20	24	42	59	50	35	24	25	10	0	0	20	0	8	24	10	0	19	12	20	30	49	86	50	40	31	33	10	2	7	0	0	12	7	0	0	6	7	20	0	12	33	10	0	23	13	20	30	58	105	50	40	69	74	24	12	35	20	16	39	69	24	0	24	47	27	0	23	12	0	0	8	12	35	0	15	38	24	0	43	48	26	30	113	236	120	43
165	157	36	15	12	149	14	0	12	36	15	12	17	0	0	0	77	50	36	0	141	11	0	12	14	0	12	8	0	0	0	34	0	36	0	36	15	12	1	0	12	0	10	0	0	0	17	0	0	0	77	50	36	0	133	11	0	12	11	0	12	8	0	0	0	30	0	36	0	14	0	12	1	0	12	0	8	0	0	0	8	0	0	0	34	0	36	0	36	15	12	12	0	0	0	4	0	0	0	1	0	12	0	10	0	0	0	17	0	0	0	77	50	36	0	125	6	0	8	11	0	12	8	0	0	0	30	0	36	0	11	0	12	0	0	12	0	6	0	0	0	8	0	0	0	30	0	36	0	14	0	12	1	0	0	0	2	0	0	0	1	0	12	0	8	0	0	0	8	0	0	0	34	0	36	0	36	15	12	10	0	0	32	26	5	0	0	12	0	0	0	4	0	0	0	1	0	12	0	10	0	0	0	17	0	0	0	77	50	36	0
228	216	46	47	14	204	21	35	0	46	47	14	32	42	0	0	91	113	14	43	192	17	35	0	21	35	0	17	42	0	0	48	91	0	40	46	47	14	3	0	9	0	13	14	0	0	32	42	0	0	91	113	14	43	180	11	33	0	17	35	0	14	42	0	0	44	91	0	40	21	35	0	3	0	0	0	12	14	0	0	17	42	0	0	48	91	0	40	46	47	14	12	12	36	0	23	0	0	0	3	0	9	0	13	14	0	0	32	42	0	0	91	113	14	43	168	3	18	0	11	33	0	2	36	0	0	34	83	0	35	17	35	0	0	0	0	0	10	14	0	0	14	42	0	0	44	91	0	40	21	35	0	3	0	0	0	22	0	0	0	3	0	0	0	12	14	0	0	17	42	0	0	48	91	0	40	46	47	14	10	18	26	0	30	6	28	0	12	12	36	0	23	0	0	0	3	0	9	0	13	14	0	0	32	42	0	0	91	113	14	43
237	225	27	27	43	213	9	0	13	27	27	43	4	0	47	39	31	0	129	110	201	9	0	10	9	0	13	4	0	26	30	20	0	39	69	27	27	43	1	0	0	30	9	0	0	0	4	0	47	39	31	0	129	110	189	7	0	10	9	0	10	4	0	20	30	20	0	30	69	9	0	13	0	0	0	30	4	0	0	0	4	0	26	30	20	0	39	69	27	27	43	11	0	14	0	5	0	0	0	1	0	0	30	9	0	0	0	4	0	47	39	31	0	129	110	177	2	0	10	7	0	10	2	0	20	30	10	0	30	69	9	0	10	0	0	0	30	4	0	0	0	4	0	20	30	20	0	30	69	9	0	13	0	0	0	0	0	0	0	0	0	0	0	30	4	0	0	0	4	0	26	30	20	0	39	69	27	27	43	4	0	14	0	22	0	0	0	11	0	14	0	5	0	0	0	1	0	0	30	9	0	0	0	4	0	47	39	31	0	129	110
275	261	40	45	48	247	18	0	25	40	45	48	17	0	83	39	48	27	240	86	233	15	0	10	18	0	25	9	0	62	30	34	0	125	59	40	45	48	7	0	24	30	11	9	0	96	17	0	83	39	48	27	240	86	219	13	0	10	15	0	10	8	0	20	30	26	0	50	59	18	0	25	4	0	24	30	6	0	0	61	9	0	62	30	34	0	125	59	40	45	48	20	0	7	0	25	9	0	0	7	0	24	30	11	9	0	96	17	0	83	39	48	27	240	86	205	4	0	10	13	0	10	3	0	20	30	19	0	50	59	15	0	10	0	0	0	30	4	0	0	59	8	0	20	30	26	0	50	59	18	0	25	0	0	0	0	8	0	0	0	4	0	24	30	6	0	0	61	9	0	62	30	34	0	125	59	40	45	48	7	0	7	0	33	45	0	0	20	0	7	0	25	9	0	0	7	0	24	30	11	9	0	96	17	0	83	39	48	27	240	86
234	222	39	29	33	210	18	11	0	39	29	33	17	0	15	0	53	40	66	124	198	17	11	0	18	11	0	15	0	0	0	41	22	0	69	39	29	33	7	0	0	0	12	9	0	0	17	0	15	0	53	40	66	124	186	12	9	0	17	11	0	14	0	0	0	36	22	0	69	18	11	0	4	0	0	0	8	0	0	0	15	0	0	0	41	22	0	69	39	29	33	17	18	26	0	12	9	0	0	7	0	0	0	12	9	0	0	17	0	15	0	53	40	66	124	174	1	0	0	12	9	0	2	0	0	0	16	18	0	69	17	11	0	0	0	0	0	6	0	0	0	14	0	0	0	36	22	0	69	18	11	0	0	0	0	0	0	0	0	0	4	0	0	0	8	0	0	0	15	0	0	0	41	22	0	69	39	29	33	4	0	32	0	21	36	33	0	17	18	26	0	12	9	0	0	7	0	0	0	12	9	0	0	17	0	15	0	53	40	66	124
243	230	29	56	15	217	9	30	0	29	56	15	8	20	15	0	32	42	60	74	204	8	30	0	9	30	0	6	20	0	0	20	30	0	47	29	56	15	7	0	0	0	8	6	0	0	8	20	15	0	32	42	60	74	191	6	22	0	8	30	0	5	20	0	0	15	30	0	47	9	30	0	4	0	0	0	4	0	0	0	6	20	0	0	20	30	0	47	29	56	15	11	48	7	0	12	6	0	0	7	0	0	0	8	6	0	0	8	20	15	0	32	42	60	74	178	0	6	0	6	22	0	0	12	0	0	8	18	0	47	8	30	0	0	0	0	0	2	0	0	0	5	20	0	0	15	30	0	47	9	30	0	0	0	0	0	0	0	0	0	4	0	0	0	4	0	0	0	6	20	0	0	20	30	0	47	29	56	15	0	24	7	0	21	24	30	0	11	48	7	0	12	6	0	0	7	0	0	0	8	6	0	0	8	20	15	0	32	42	60	74
157	149	21	15	7	141	6	0	0	21	15	7	3	0	7	0	21	0	21	24	133	6	0	0	6	0	0	3	0	0	0	12	0	0	10	21	15	7	1	0	0	0	6	0	0	0	3	0	7	0	21	0	21	24	125	5	0	0	6	0	0	3	0	0	0	12	0	0	10	6	0	0	0	0	0	0	2	0	0	0	3	0	0	0	12	0	0	10	21	15	7	11	0	7	0	4	0	0	0	1	0	0	0	6	0	0	0	3	0	7	0	21	0	21	24	117	1	0	0	5	0	0	2	0	0	0	7	0	0	10	6	0	0	0	0	0	0	2	0	0	0	3	0	0	0	12	0	0	10	6	0	0	0	0	0	0	0	0	0	0	0	0	0	0	2	0	0	0	3	0	0	0	12	0	0	10	21	15	7	4	0	7	0	17	0	0	0	11	0	7	0	4	0	0	0	1	0	0	0	6	0	0	0	3	0	7	0	21	0	21	24
209	198	6	0	93	187	6	0	53	6	0	93	2	0	0	32	7	0	0	146	176	6	0	48	6	0	53	2	0	0	26	7	0	0	38	6	0	93	0	0	0	63	0	0	0	0	2	0	0	32	7	0	0	146	165	3	0	45	6	0	48	2	0	0	20	7	0	0	20	6	0	53	0	0	0	54	0	0	0	0	2	0	0	26	7	0	0	38	6	0	93	0	0	21	30	0	0	0	0	0	0	0	63	0	0	0	0	2	0	0	32	7	0	0	146	154	2	0	41	3	0	45	0	0	0	20	2	0	0	20	6	0	48	0	0	0	54	0	0	0	0	2	0	0	20	7	0	0	20	6	0	53	0	0	0	30	0	0	0	0	0	0	0	54	0	0	0	0	2	0	0	26	7	0	0	38	6	0	93	0	0	6	35	2	0	0	0	0	0	21	30	0	0	0	0	0	0	0	63	0	0	0	0	2	0	0	32	7	0	0	146
285	270	20	0	120	255	14	0	88	20	0	120	10	0	34	44	31	0	0	113	240	13	0	85	14	0	88	8	0	32	38	25	0	0	38	20	0	120	6	0	0	39	5	0	0	0	10	0	34	44	31	0	0	113	225	10	0	66	13	0	85	7	0	32	20	20	0	0	20	14	0	88	4	0	0	30	5	0	0	0	8	0	32	38	25	0	0	38	20	0	120	9	0	12	69	24	0	0	96	6	0	0	39	5	0	0	0	10	0	34	44	31	0	0	113	210	4	0	41	10	0	66	1	0	6	20	15	0	0	20	13	0	85	0	0	0	30	3	0	0	0	7	0	32	20	20	0	0	20	14	0	88	0	0	0	42	0	0	0	61	4	0	0	30	5	0	0	0	8	0	32	38	25	0	0	38	20	0	120	4	0	6	47	15	0	0	109	9	0	12	69	24	0	0	96	6	0	0	39	5	0	0	0	10	0	34	44	31	0	0	113
199	188	36	27	46	177	23	18	36	36	27	46	28	9	66	12	57	39	46	48	166	21	18	36	23	18	36	23	9	64	12	42	36	36	25	36	27	46	10	0	0	0	8	10	0	0	28	9	66	12	57	39	46	48	155	16	17	13	21	18	36	22	9	64	0	37	36	36	10	23	18	36	8	0	0	0	8	9	0	0	23	9	64	12	42	36	36	25	36	27	46	8	8	0	19	35	32	0	138	10	0	0	0	8	10	0	0	28	9	66	12	57	39	46	48	144	9	8	0	16	17	13	6	8	13	0	26	35	13	10	21	18	36	4	0	0	0	6	9	0	0	22	9	64	0	37	36	36	10	23	18	36	0	0	0	0	1	0	0	94	8	0	0	0	8	9	0	0	23	9	64	12	42	36	36	25	36	27	46	10	8	0	0	27	24	46	52	8	8	0	19	35	32	0	138	10	0	0	0	8	10	0	0	28	9	66	12	57	39	46	48
338	319	54	109	90	300	30	80	56	54	109	90	39	91	97	79	96	186	180	96	281	25	63	37	30	80	56	23	63	95	12	59	137	112	25	54	109	90	16	74	38	36	17	26	90	74	39	91	97	79	96	186	180	96	262	13	44	6	25	63	37	22	44	83	0	48	74	74	10	30	80	56	4	44	33	0	11	22	56	47	23	63	95	12	59	137	112	25	54	109	90	6	88	33	12	36	88	90	181	16	74	38	36	17	26	90	74	39	91	97	79	96	186	180	96	243	7	0	0	13	44	6	4	0	6	0	23	44	12	10	25	63	37	4	0	18	0	7	0	37	47	22	44	83	0	48	74	74	10	30	80	56	2	0	7	0	0	0	56	134	4	44	33	0	11	22	56	47	23	63	95	12	59	137	112	25	54	109	90	13	0	6	0	27	44	360	25	6	88	33	12	36	88	90	181	16	74	38	36	17	26	90	74	39	91	97	79	96	186	180	96
133	126	6	0	29	119	5	0	0	6	0	29	3	0	0	0	7	0	0	113	112	5	0	0	5	0	0	3	0	0	0	7	0	0	38	6	0	29	0	0	0	0	1	0	0	0	3	0	0	0	7	0	0	113	105	3	0	0	5	0	0	3	0	0	0	7	0	0	20	5	0	0	0	0	0	0	1	0	0	0	3	0	0	0	7	0	0	38	6	0	29	1	0	12	0	4	0	0	0	0	0	0	0	1	0	0	0	3	0	0	0	7	0	0	113	98	1	0	0	3	0	0	1	0	0	0	4	0	0	20	5	0	0	0	0	0	0	1	0	0	0	3	0	0	0	7	0	0	20	5	0	0	0	0	0	0	0	0	0	0	0	0	0	0	1	0	0	0	3	0	0	0	7	0	0	38	6	0	29	1	0	6	0	3	0	0	0	1	0	12	0	4	0	0	0	0	0	0	0	1	0	0	0	3	0	0	0	7	0	0	113
295	277	59	99	83	259	33	84	54	59	99	83	27	162	47	100	115	188	0	136	241	30	80	53	33	84	54	18	150	34	97	61	160	0	92	59	99	83	20	40	11	12	25	24	0	0	27	162	47	100	115	188	0	136	223	19	40	48	30	80	53	14	150	34	93	59	160	0	73	33	84	54	0	40	0	12	8	20	0	0	18	150	34	97	61	160	0	92	59	99	83	10	0	52	39	3	0	332	0	20	40	11	12	25	24	0	0	27	162	47	100	115	188	0	136	205	8	10	13	19	40	48	5	30	24	25	37	70	0	19	30	80	53	0	40	0	0	8	20	0	0	14	150	34	93	59	160	0	73	33	84	54	0	0	0	0	3	0	216	0	0	40	0	12	8	20	0	0	18	150	34	97	61	160	0	92	59	99	83	7	0	78	19	17	14	249	181	10	0	52	39	3	0	332	0	20	40	11	12	25	24	0	0	27	162	47	100	115	188	0	136
287	270	66	91	55	253	34	60	38	66	91	55	49	48	47	68	138	196	165	90	236	27	48	37	34	60	38	27	48	34	65	69	120	114	56	66	91	55	15	108	11	12	26	57	0	0	49	48	47	68	138	196	165	90	219	16	9	32	27	48	37	23	36	34	61	59	93	111	37	34	60	38	4	0	0	12	8	12	0	0	27	48	34	65	69	120	114	56	66	91	55	13	27	44	39	2	0	220	0	15	108	11	12	26	57	0	0	49	48	47	68	138	196	165	90	202	4	0	0	16	9	32	5	0	24	0	33	9	96	6	27	48	37	4	0	0	0	7	9	0	0	23	36	34	61	59	93	111	37	34	60	38	0	0	0	0	2	0	152	0	4	0	0	12	8	12	0	0	27	48	34	65	69	120	114	56	66	91	55	4	0	50	0	13	16	55	181	13	27	44	39	2	0	220	0	15	108	11	12	26	57	0	0	49	48	47	68	138	196	165	90
228	214	61	67	28	200	30	49	25	61	67	28	36	36	36	29	133	165	56	0	186	26	45	25	30	49	25	25	36	34	29	65	138	50	0	61	67	28	22	28	0	0	26	30	0	0	36	36	36	29	133	165	56	0	172	16	27	20	26	45	25	25	28	34	25	57	122	50	0	30	49	25	4	0	0	0	7	9	0	0	25	36	34	29	65	138	50	0	61	67	28	14	28	0	39	2	13	56	0	22	28	0	0	26	30	0	0	36	36	36	29	133	165	56	0	158	5	11	0	16	27	20	7	0	24	0	32	60	40	0	26	45	25	4	0	0	0	6	7	0	0	25	28	34	25	57	122	50	0	30	49	25	0	0	0	0	2	13	50	0	4	0	0	0	7	9	0	0	25	36	34	29	65	138	50	0	61	67	28	6	22	34	0	13	22	56	85	14	28	0	39	2	13	56	0	22	28	0	0	26	30	0	0	36	36	36	29	133	165	56	0
148	139	43	29	0	130	20	18	0	43	29	0	23	12	0	0	89	69	0	0	121	16	15	0	20	18	0	12	12	0	0	48	48	0	0	43	29	0	16	9	0	0	17	15	0	0	23	12	0	0	89	69	0	0	112	10	6	0	16	15	0	12	6	0	0	40	33	0	0	20	18	0	0	0	0	0	4	6	0	0	12	12	0	0	48	48	0	0	43	29	0	10	18	0	0	3	0	0	0	16	9	0	0	17	15	0	0	23	12	0	0	89	69	0	0	103	5	0	0	10	6	0	4	0	0	0	23	9	0	0	16	15	0	0	0	0	0	3	3	0	0	12	6	0	0	40	33	0	0	20	18	0	0	0	0	0	3	0	0	0	0	0	0	0	4	6	0	0	12	12	0	0	48	48	0	0	43	29	0	8	0	0	0	9	14	0	0	10	18	0	0	3	0	0	0	16	9	0	0	17	15	0	0	23	12	0	0	89	69	0	0
122	115	33	12	0	108	16	0	0	33	12	0	16	0	0	0	67	27	0	0	101	13	0	0	16	0	0	10	0	0	0	40	0	0	0	33	12	0	19	0	0	0	15	9	0	0	16	0	0	0	67	27	0	0	94	6	0	0	13	0	0	10	0	0	0	32	0	0	0	16	0	0	0	0	0	0	4	0	0	0	10	0	0	0	40	0	0	0	33	12	0	13	0	0	0	1	0	0	0	19	0	0	0	15	9	0	0	16	0	0	0	67	27	0	0	87	1	0	0	6	0	0	0	0	0	0	10	0	0	0	13	0	0	0	0	0	0	3	0	0	0	10	0	0	0	32	0	0	0	16	0	0	0	0	0	0	1	0	0	0	0	0	0	0	4	0	0	0	10	0	0	0	40	0	0	0	33	12	0	2	0	0	0	5	0	0	0	13	0	0	0	1	0	0	0	19	0	0	0	15	9	0	0	16	0	0	0	67	27	0	0
186	175	34	10	46	164	19	0	18	34	10	46	26	0	0	54	55	20	46	83	153	7	0	17	19	0	18	10	0	0	51	41	0	18	63	34	10	46	0	0	53	13	4	0	0	0	26	0	0	54	55	20	46	83	142	1	0	17	7	0	17	0	0	0	51	11	0	17	62	19	0	18	0	0	0	13	4	0	0	0	10	0	0	51	41	0	18	63	34	10	46	0	0	46	0	1	0	0	0	0	0	53	13	4	0	0	0	26	0	0	54	55	20	46	83	131	1	0	12	1	0	17	0	0	0	36	3	0	17	52	7	0	17	0	0	0	9	0	0	0	0	0	0	0	51	11	0	17	62	19	0	18	0	0	14	0	1	0	0	0	0	0	0	13	4	0	0	0	10	0	0	51	41	0	18	63	34	10	46	2	0	0	39	6	0	0	0	0	0	46	0	1	0	0	0	0	0	53	13	4	0	0	0	26	0	0	54	55	20	46	83
314	295	34	94	80	276	13	24	63	34	94	80	14	120	56	76	44	72	400	55	257	2	0	50	13	24	63	4	0	54	51	23	0	315	38	34	94	80	0	0	88	25	2	0	160	90	14	120	56	76	44	72	400	55	238	0	0	42	2	0	50	0	0	42	51	2	0	250	37	13	24	63	0	0	44	20	2	0	126	56	4	0	54	51	23	0	315	38	34	94	80	0	0	26	55	0	0	0	0	0	0	88	25	2	0	160	90	14	120	56	76	44	72	400	55	219	0	0	14	0	0	42	0	0	32	36	0	0	210	32	2	0	50	0	0	0	9	0	0	100	37	0	0	42	51	2	0	250	37	13	24	63	0	0	14	0	0	0	0	0	0	0	44	20	2	0	126	56	4	0	54	51	23	0	315	38	34	94	80	0	0	0	45	2	0	0	62	0	0	26	55	0	0	0	0	0	0	88	25	2	0	160	90	14	120	56	76	44	72	400	55
150	141	22	18	10	132	5	0	7	22	18	10	16	0	21	0	26	18	30	0	123	0	0	7	5	0	7	0	0	21	0	8	0	21	0	22	18	10	0	0	0	0	1	0	0	0	16	0	21	0	26	18	30	0	114	0	0	6	0	0	7	0	0	21	0	0	0	21	0	5	0	7	0	0	0	0	1	0	0	0	0	0	21	0	8	0	21	0	22	18	10	0	0	0	6	0	0	0	0	0	0	0	0	1	0	0	0	16	0	21	0	26	18	30	0	105	0	0	0	0	0	6	0	0	18	0	0	0	18	0	0	0	7	0	0	0	0	0	0	0	0	0	0	21	0	0	0	21	0	5	0	7	0	0	0	0	0	0	0	0	0	0	0	0	1	0	0	0	0	0	21	0	8	0	21	0	22	18	10	0	0	0	0	0	0	0	14	0	0	0	6	0	0	0	0	0	0	0	0	1	0	0	0	16	0	21	0	26	18	30	0
213	200	38	46	22	187	16	24	0	38	46	22	25	48	0	0	67	96	44	83	174	6	0	0	16	24	0	10	0	0	0	32	64	0	63	38	46	22	0	0	53	0	6	10	66	0	25	48	0	0	67	96	44	83	161	1	0	0	6	0	0	0	0	0	0	10	0	0	62	16	24	0	0	0	0	0	3	8	0	0	10	0	0	0	32	64	0	63	38	46	22	0	0	29	0	1	0	0	0	0	0	53	0	6	10	66	0	25	48	0	0	67	96	44	83	148	1	0	0	1	0	0	0	0	0	0	3	0	0	52	6	0	0	0	0	0	0	0	0	0	0	0	0	0	0	10	0	0	62	16	24	0	0	0	0	0	1	0	0	0	0	0	0	0	3	8	0	0	10	0	0	0	32	64	0	63	38	46	22	2	0	0	0	10	0	0	0	0	0	29	0	1	0	0	0	0	0	53	0	6	10	66	0	25	48	0	0	67	96	44	83
150	141	22	18	6	132	8	0	0	22	18	6	18	0	0	0	29	18	18	0	123	2	0	0	8	0	0	2	0	0	0	16	0	0	0	22	18	6	0	0	3	0	2	0	0	0	18	0	0	0	29	18	18	0	114	0	0	0	2	0	0	0	0	0	0	3	0	0	0	8	0	0	0	0	0	0	2	0	0	0	2	0	0	0	16	0	0	0	22	18	6	0	0	6	0	0	0	0	0	0	0	3	0	2	0	0	0	18	0	0	0	29	18	18	0	105	0	0	0	0	0	0	0	0	0	0	0	0	0	0	2	0	0	0	0	0	0	0	0	0	0	0	0	0	0	3	0	0	0	8	0	0	0	0	0	0	0	0	0	0	0	0	0	0	2	0	0	0	2	0	0	0	16	0	0	0	22	18	6	0	0	0	0	2	0	0	0	0	0	6	0	0	0	0	0	0	0	3	0	2	0	0	0	18	0	0	0	29	18	18	0
190	178	9	20	51	166	0	0	7	9	20	51	0	0	48	14	8	0	102	164	154	0	0	7	0	0	7	0	0	0	14	0	0	14	88	9	20	51	0	0	0	0	1	0	0	0	0	0	48	14	8	0	102	164	142	0	0	7	0	0	7	0	0	0	14	0	0	14	74	0	0	7	0	0	0	0	0	0	0	0	0	0	0	14	0	0	14	88	9	20	51	0	0	0	0	0	0	0	0	0	0	0	0	1	0	0	0	0	0	48	14	8	0	102	164	130	0	0	6	0	0	7	0	0	0	12	0	0	14	65	0	0	7	0	0	0	0	0	0	0	0	0	0	0	14	0	0	14	74	0	0	7	0	0	0	0	0	0	0	0	0	0	0	0	0	0	0	0	0	0	0	14	0	0	14	88	9	20	51	0	0	0	6	0	0	0	0	0	0	0	0	0	0	0	0	0	0	0	0	1	0	0	0	0	0	48	14	8	0	102	164
143	134	7	8	33	125	0	0	7	7	8	33	0	0	24	14	0	0	33	96	116	0	0	7	0	0	7	0	0	0	14	0	0	7	70	7	8	33	0	0	0	0	0	0	0	0	0	0	24	14	0	0	33	96	107	0	0	7	0	0	7	0	0	0	14	0	0	7	57	0	0	7	0	0	0	0	0	0	0	0	0	0	0	14	0	0	7	70	7	8	33	0	0	0	0	0	0	0	0	0	0	0	0	0	0	0	0	0	0	24	14	0	0	33	96	98	0	0	6	0	0	7	0	0	0	12	0	0	7	48	0	0	7	0	0	0	0	0	0	0	0	0	0	0	14	0	0	7	57	0	0	7	0	0	0	0	0	0	0	0	0	0	0	0	0	0	0	0	0	0	0	14	0	0	7	70	7	8	33	0	0	0	6	0	0	0	0	0	0	0	0	0	0	0	0	0	0	0	0	0	0	0	0	0	0	24	14	0	0	33	96
206	193	11	22	80	180	0	0	63	11	22	80	0	0	90	49	4	0	160	80	167	0	0	61	0	0	63	0	0	62	47	0	0	126	63	11	22	80	0	0	0	22	0	0	0	0	0	0	90	49	4	0	160	80	154	0	0	43	0	0	61	0	0	54	35	0	0	122	50	0	0	63	0	0	0	0	0	0	0	0	0	0	62	47	0	0	126	63	11	22	80	0	0	0	54	0	0	0	90	0	0	0	22	0	0	0	0	0	0	90	49	4	0	160	80	141	0	0	20	0	0	43	0	0	6	26	0	0	86	42	0	0	61	0	0	0	0	0	0	0	0	0	0	54	35	0	0	122	50	0	0	63	0	0	0	7	0	0	0	56	0	0	0	0	0	0	0	0	0	0	62	47	0	0	126	63	11	22	80	0	0	0	55	0	0	0	48	0	0	0	54	0	0	0	90	0	0	0	22	0	0	0	0	0	0	90	49	4	0	160	80
111	104	8	6	22	97	0	0	10	8	6	22	0	0	34	0	0	0	22	80	90	0	0	10	0	0	10	0	0	10	0	0	0	10	63	8	6	22	0	0	0	0	0	0	0	0	0	0	34	0	0	0	22	80	83	0	0	6	0	0	10	0	0	10	0	0	0	10	50	0	0	10	0	0	0	0	0	0	0	0	0	0	10	0	0	0	10	63	8	6	22	0	0	0	24	0	0	0	0	0	0	0	0	0	0	0	0	0	0	34	0	0	0	22	80	76	0	0	0	0	0	6	0	0	6	0	0	0	6	42	0	0	10	0	0	0	0	0	0	0	0	0	0	10	0	0	0	10	50	0	0	10	0	0	0	0	0	0	0	0	0	0	0	0	0	0	0	0	0	0	10	0	0	0	10	63	8	6	22	0	0	0	0	0	0	0	15	0	0	0	24	0	0	0	0	0	0	0	0	0	0	0	0	0	0	34	0	0	0	22	80
128	120	11	0	32	112	0	0	0	11	0	32	0	0	48	0	8	0	0	118	104	0	0	0	0	0	0	0	0	0	0	0	0	0	70	11	0	32	0	0	0	0	1	0	0	0	0	0	48	0	8	0	0	118	96	0	0	0	0	0	0	0	0	0	0	0	0	0	57	0	0	0	0	0	0	0	0	0	0	0	0	0	0	0	0	0	0	70	11	0	32	0	0	0	0	0	0	0	0	0	0	0	0	1	0	0	0	0	0	48	0	8	0	0	118	88	0	0	0	0	0	0	0	0	0	0	0	0	0	48	0	0	0	0	0	0	0	0	0	0	0	0	0	0	0	0	0	0	57	0	0	0	0	0	0	0	0	0	0	0	0	0	0	0	0	0	0	0	0	0	0	0	0	0	0	70	11	0	32	0	0	0	0	0	0	0	0	0	0	0	0	0	0	0	0	0	0	0	0	1	0	0	0	0	0	48	0	8	0	0	118
135	126	1	0	79	117	0	0	36	1	0	79	0	0	0	94	3	0	0	186	108	0	0	23	0	0	36	0	0	0	33	0	0	0	87	1	0	79	0	0	0	13	0	0	0	80	0	0	0	94	3	0	0	186	99	0	0	21	0	0	23	0	0	0	31	0	0	0	85	0	0	36	0	0	0	11	0	0	0	63	0	0	0	33	0	0	0	87	1	0	79	0	0	0	22	0	0	0	0	0	0	0	13	0	0	0	80	0	0	0	94	3	0	0	186	90	0	0	6	0	0	21	0	0	0	12	0	0	0	63	0	0	23	0	0	0	0	0	0	0	50	0	0	0	31	0	0	0	85	0	0	36	0	0	0	0	0	0	0	0	0	0	0	11	0	0	0	63	0	0	0	33	0	0	0	87	1	0	79	0	0	0	24	0	0	0	90	0	0	0	22	0	0	0	0	0	0	0	13	0	0	0	80	0	0	0	94	3	0	0	186
134	125	19	8	46	116	3	0	45	19	8	46	8	0	51	14	35	24	46	0	107	1	0	41	3	0	45	0	0	51	13	2	0	45	0	19	8	46	0	0	10	40	5	0	0	0	8	0	51	14	35	24	46	0	98	1	0	19	1	0	41	0	0	48	11	2	0	41	0	3	0	45	0	0	10	11	0	0	0	0	0	0	51	13	2	0	45	0	19	8	46	0	0	0	30	0	0	0	138	0	0	10	40	5	0	0	0	8	0	51	14	35	24	46	0	89	1	0	0	1	0	19	0	0	8	0	2	0	19	0	1	0	41	0	0	10	0	0	0	0	0	0	0	48	11	2	0	41	0	3	0	45	0	0	0	0	0	0	0	92	0	0	10	11	0	0	0	0	0	0	51	13	2	0	45	0	19	8	46	3	0	0	0	8	0	0	136	0	0	0	30	0	0	0	138	0	0	10	40	5	0	0	0	8	0	51	14	35	24	46	0
165	154	15	0	85	143	2	0	56	15	0	85	8	0	42	90	32	0	0	131	132	0	0	32	2	0	56	0	0	42	13	0	0	0	70	15	0	85	0	0	10	40	4	0	0	102	8	0	42	90	32	0	0	131	121	0	0	11	0	0	32	0	0	39	11	0	0	0	68	2	0	56	0	0	10	11	0	0	0	63	0	0	42	13	0	0	0	70	15	0	85	0	0	0	22	0	0	0	138	0	0	10	40	4	0	0	102	8	0	42	90	32	0	0	131	110	0	0	0	0	0	11	0	0	0	0	0	0	0	50	0	0	32	0	0	10	0	0	0	0	50	0	0	39	11	0	0	0	68	2	0	56	0	0	0	0	0	0	0	92	0	0	10	11	0	0	0	63	0	0	42	13	0	0	0	70	15	0	85	0	0	0	0	7	0	0	90	0	0	0	22	0	0	0	138	0	0	10	40	4	0	0	102	8	0	42	90	32	0	0	131
162	151	27	24	56	140	8	0	53	27	24	56	13	0	60	30	44	56	168	0	129	5	0	39	8	0	53	2	0	60	13	14	0	159	0	27	24	56	0	0	10	54	4	8	0	22	13	0	60	30	44	56	168	0	118	5	0	11	5	0	39	2	0	53	11	14	0	117	0	8	0	53	0	0	10	11	1	0	0	0	2	0	60	13	14	0	159	0	27	24	56	1	0	0	22	3	0	0	166	0	0	10	54	4	8	0	22	13	0	60	30	44	56	168	0	107	4	0	0	5	0	11	2	0	0	0	14	0	33	0	5	0	39	0	0	10	0	1	0	0	0	2	0	53	11	14	0	117	0	8	0	53	0	0	0	0	3	0	0	117	0	0	10	11	1	0	0	0	2	0	60	13	14	0	159	0	27	24	56	7	0	0	0	15	8	0	90	1	0	0	22	3	0	0	166	0	0	10	54	4	8	0	22	13	0	60	30	44	56	168	0
203	189	44	53	47	175	18	8	45	44	53	47	22	40	72	16	64	112	235	0	161	15	0	29	18	8	45	11	0	72	0	34	0	225	0	44	53	47	2	0	10	50	4	16	47	22	22	40	72	16	64	112	235	0	147	15	0	0	15	0	29	11	0	59	0	34	0	145	0	18	8	45	2	0	10	0	2	0	45	0	11	0	72	0	34	0	225	0	44	53	47	11	0	0	0	6	0	0	166	2	0	10	50	4	16	47	22	22	40	72	16	64	112	235	0	133	11	0	0	15	0	0	11	0	0	0	34	0	0	0	15	0	29	1	0	10	0	2	0	29	0	11	0	59	0	34	0	145	0	18	8	45	3	0	0	0	6	0	0	117	2	0	10	0	2	0	45	0	11	0	72	0	34	0	225	0	44	53	47	27	0	0	0	20	37	0	0	11	0	0	0	6	0	0	166	2	0	10	50	4	16	47	22	22	40	72	16	64	112	235	0
275	255	63	67	137	235	39	16	116	63	67	137	44	48	128	49	80	16	411	103	215	24	0	116	39	16	116	20	0	116	49	63	0	348	98	63	67	137	8	0	154	0	15	0	137	0	44	48	128	49	80	16	411	103	195	23	0	116	24	0	116	20	0	116	49	47	0	348	68	39	16	116	8	0	154	0	15	0	116	0	20	0	116	49	63	0	348	98	63	67	137	16	0	0	0	18	19	0	0	8	0	154	0	15	0	137	0	44	48	128	49	80	16	411	103	175	14	0	98	23	0	116	16	0	116	8	43	0	348	11	24	0	116	2	0	154	0	4	0	116	0	20	0	116	49	47	0	348	68	39	16	116	8	0	0	0	17	16	0	0	8	0	154	0	15	0	116	0	20	0	116	49	63	0	348	98	63	67	137	26	0	8	90	49	92	0	83	16	0	0	0	18	19	0	0	8	0	154	0	15	0	137	0	44	48	128	49	80	16	411	103
220	202	68	119	26	184	40	73	18	68	119	26	30	116	38	0	70	179	130	47	166	30	64	18	40	73	18	14	78	30	0	55	143	90	45	64	119	26	9	25	70	0	12	14	26	0	30	116	38	0	70	179	130	47	148	28	56	18	30	64	18	14	75	30	0	41	140	90	29	36	73	18	6	20	70	0	11	13	18	0	14	78	30	0	55	143	90	45	64	119	26	8	71	0	0	15	25	0	0	9	25	70	0	12	14	26	0	30	116	38	0	70	179	130	47	130	20	33	18	28	56	18	10	57	30	0	35	117	90	0	26	64	18	1	12	70	0	3	13	18	0	14	75	30	0	41	140	90	29	36	73	18	5	21	0	0	11	20	0	0	6	20	70	0	11	13	18	0	14	78	30	0	55	143	90	45	64	119	26	20	117	8	0	43	55	26	0	8	71	0	0	15	25	0	0	9	25	70	0	12	14	26	0	30	116	38	0	70	179	130	47
223	206	48	57	104	189	24	42	77	48	57	104	22	28	22	112	60	132	104	103	172	16	42	77	24	42	77	10	28	10	112	45	126	77	98	47	57	104	10	0	40	0	8	15	0	0	22	28	22	112	60	132	104	103	155	15	41	67	16	42	77	10	28	10	93	34	126	77	68	23	42	77	7	0	40	0	7	14	0	0	10	28	10	112	45	126	77	98	47	57	104	15	13	0	84	10	14	0	0	10	0	40	0	8	15	0	0	22	28	22	112	60	132	104	103	138	10	26	32	15	41	67	10	26	10	0	32	123	67	11	15	42	77	1	0	40	0	2	14	0	0	10	28	10	93	34	126	77	68	23	42	77	8	0	0	28	10	14	0	0	7	0	40	0	7	14	0	0	10	28	10	112	45	126	77	98	47	57	104	23	26	19	72	23	13	104	166	15	13	0	84	10	14	0	0	10	0	40	0	8	15	0	0	22	28	22	112	60	132	104	103
160	148	33	35	38	136	17	11	10	33	35	38	19	0	22	40	34	30	114	149	124	15	11	10	17	11	10	11	0	10	40	29	22	30	143	33	35	38	2	0	0	0	2	0	0	0	19	0	22	40	34	30	114	149	112	15	11	10	15	11	10	11	0	10	40	29	22	30	109	17	11	10	2	0	0	0	2	0	0	0	11	0	10	40	29	22	30	143	33	35	38	11	0	0	0	6	0	0	0	2	0	0	0	2	0	0	0	19	0	22	40	34	30	114	149	100	11	8	0	15	11	10	11	0	10	0	29	22	30	30	15	11	10	1	0	0	0	2	0	0	0	11	0	10	40	29	22	30	109	17	11	10	3	0	0	0	5	0	0	0	2	0	0	0	2	0	0	0	11	0	10	40	29	22	30	143	33	35	38	23	24	0	0	17	8	0	83	11	0	0	0	6	0	0	0	2	0	0	0	2	0	0	0	19	0	22	40	34	30	114	149
152	140	36	43	26	128	16	27	15	36	43	26	17	18	8	24	43	67	52	47	116	14	27	15	16	27	15	9	18	0	24	29	63	30	45	36	43	26	5	0	0	0	3	0	0	0	17	18	8	24	43	67	52	47	104	13	25	10	14	27	15	9	18	0	17	29	63	30	29	16	27	15	2	0	0	0	2	0	0	0	9	18	0	24	29	63	30	45	36	43	26	9	14	0	23	5	9	0	0	5	0	0	0	3	0	0	0	17	18	8	24	43	67	52	47	92	9	14	0	13	25	10	9	14	0	0	27	57	20	0	14	27	15	1	0	0	0	2	0	0	0	9	18	0	17	29	63	30	29	16	27	15	3	0	0	0	5	9	0	0	2	0	0	0	2	0	0	0	9	18	0	24	29	63	30	45	36	43	26	21	28	11	0	13	7	26	28	9	14	0	23	5	9	0	0	5	0	0	0	3	0	0	0	17	18	8	24	43	67	52	47
171	157	36	35	64	143	26	24	53	36	35	64	18	0	74	40	31	0	64	26	129	26	24	53	26	24	53	18	0	59	40	28	0	53	18	30	35	64	3	0	0	0	5	0	0	0	18	0	74	40	31	0	64	26	115	24	24	53	26	24	53	18	0	59	40	28	0	53	18	20	24	53	2	0	0	0	2	0	0	0	18	0	59	40	28	0	53	18	29	35	64	3	0	7	0	11	11	0	0	3	0	0	0	5	0	0	0	15	0	74	40	28	0	64	26	101	16	22	53	24	24	53	11	0	59	40	21	0	53	18	20	24	53	2	0	0	0	2	0	0	0	18	0	59	40	28	0	53	18	19	24	53	0	0	0	0	1	0	0	0	2	0	0	0	2	0	0	0	15	0	59	40	25	0	53	18	29	35	64	10	22	21	0	35	44	0	0	3	0	7	0	11	11	0	0	3	0	0	0	5	0	0	0	15	0	74	40	28	0	64	26
162	147	51	70	63	132	35	54	52	50	70	63	27	0	142	46	51	30	126	26	118	35	54	52	34	54	52	27	0	123	46	38	30	104	18	36	56	63	4	0	0	0	9	0	0	0	23	0	142	46	45	30	126	26	104	32	54	52	34	54	52	27	0	123	46	38	30	104	18	20	40	52	3	0	0	0	3	0	0	0	23	0	123	46	32	30	104	18	35	56	63	3	0	7	0	13	16	0	0	4	0	0	0	9	0	0	0	20	0	142	46	42	30	126	26	90	22	46	52	31	54	52	17	0	123	46	27	30	104	18	20	40	52	3	0	0	0	3	0	0	0	23	0	123	46	32	30	104	18	19	40	52	0	0	0	0	1	0	0	0	3	0	0	0	3	0	0	0	20	0	123	46	29	30	104	18	35	56	63	4	64	21	0	42	56	0	0	3	0	7	0	13	16	0	0	4	0	0	0	9	0	0	0	20	0	142	46	42	30	126	26
138	127	21	10	75	116	16	10	33	21	10	75	9	0	32	52	22	0	0	227	105	16	10	29	16	10	33	9	0	9	40	22	0	0	159	19	10	75	2	0	0	40	1	0	0	0	9	0	32	52	22	0	0	227	94	14	10	29	16	10	29	9	0	9	40	22	0	0	159	14	10	33	1	0	0	40	1	0	0	0	9	0	9	40	22	0	0	159	19	10	75	3	0	14	0	7	0	0	0	2	0	0	40	1	0	0	0	9	0	32	52	22	0	0	227	83	7	10	29	14	10	29	4	0	9	40	16	0	0	154	14	10	29	1	0	0	40	1	0	0	0	9	0	9	40	22	0	0	159	14	10	33	0	0	0	0	2	0	0	0	1	0	0	40	1	0	0	0	9	0	9	40	22	0	0	159	19	10	75	4	0	43	0	20	0	0	0	3	0	14	0	7	0	0	0	2	0	0	40	1	0	0	0	9	0	32	52	22	0	0	227
163	150	35	23	74	137	24	12	39	35	23	74	15	0	90	40	30	0	74	201	124	24	12	39	24	12	39	15	0	59	40	27	0	39	144	32	23	74	3	0	0	0	5	0	0	0	15	0	90	40	30	0	74	201	111	22	12	39	24	12	39	15	0	59	40	27	0	39	144	21	12	39	2	0	0	0	2	0	0	0	15	0	59	40	27	0	39	144	32	23	74	3	0	7	0	12	11	0	0	3	0	0	0	5	0	0	0	15	0	90	40	30	0	74	201	98	13	11	39	22	12	39	8	0	59	40	20	0	39	144	21	12	39	2	0	0	0	2	0	0	0	15	0	59	40	27	0	39	144	21	12	39	0	0	0	0	1	0	0	0	2	0	0	0	2	0	0	0	15	0	59	40	27	0	39	144	32	23	74	11	11	29	0	39	44	0	0	3	0	7	0	12	11	0	0	3	0	0	0	5	0	0	0	15	0	90	40	30	0	74	201
134	123	24	19	64	112	18	18	8	24	19	64	10	9	23	40	29	18	0	331	101	18	18	0	18	18	8	10	9	0	0	29	18	0	236	22	19	64	2	0	0	0	2	0	0	47	10	9	23	40	29	18	0	331	90	15	18	0	18	18	0	10	9	0	0	29	18	0	236	16	18	8	1	0	0	0	2	0	0	45	10	9	0	0	29	18	0	236	22	19	64	3	0	27	0	7	0	0	0	2	0	0	0	2	0	0	47	10	9	23	40	29	18	0	331	79	7	9	0	15	18	0	3	9	0	0	20	18	0	221	16	18	0	1	0	0	0	2	0	0	29	10	9	0	0	29	18	0	236	16	18	8	0	0	0	0	3	0	0	0	1	0	0	0	2	0	0	45	10	9	0	0	29	18	0	236	22	19	64	4	0	69	0	16	0	64	0	3	0	27	0	7	0	0	0	2	0	0	0	2	0	0	47	10	9	23	40	29	18	0	331
192	174	64	81	132	156	52	73	83	61	81	132	50	100	0	205	85	121	0	201	138	46	72	53	49	73	83	37	96	0	112	65	110	0	144	42	81	132	14	12	23	70	5	12	0	163	40	100	0	205	76	121	0	201	120	40	60	53	43	72	53	30	96	0	112	50	108	0	144	30	73	83	11	12	18	70	4	12	0	134	27	96	0	112	56	110	0	144	41	81	132	15	0	47	0	6	0	132	0	14	12	23	70	5	12	0	163	37	100	0	205	73	121	0	201	102	27	12	53	37	60	53	22	48	0	112	30	60	0	144	24	72	53	4	12	8	70	4	12	0	134	20	96	0	112	41	108	0	144	29	73	83	9	0	32	0	6	0	83	0	11	12	18	70	4	12	0	134	24	96	0	112	53	110	0	144	41	81	132	15	0	77	0	14	0	528	0	15	0	47	0	6	0	132	0	14	12	23	70	5	12	0	163	37	100	0	205	73	121	0	201
184	167	69	67	105	150	51	61	90	65	67	105	59	75	0	86	101	119	0	63	133	44	60	83	47	61	90	36	72	0	76	72	110	0	52	49	67	105	20	12	11	70	6	12	0	0	49	75	0	86	92	119	0	63	116	40	48	83	40	60	83	30	72	0	76	57	108	0	52	31	61	90	12	12	11	70	4	12	0	0	26	72	0	76	63	110	0	52	48	67	105	20	0	11	0	8	0	105	0	20	12	11	70	6	12	0	0	46	75	0	86	89	119	0	63	99	29	12	83	36	48	83	24	36	0	76	41	60	0	52	24	60	83	6	12	8	70	4	12	0	0	20	72	0	76	48	108	0	52	30	61	90	13	0	11	0	8	0	90	0	12	12	11	70	4	12	0	0	23	72	0	76	60	110	0	52	48	67	105	24	0	32	0	24	0	315	0	20	0	11	0	8	0	105	0	20	12	11	70	6	12	0	0	46	75	0	86	89	119	0	63
205	185	96	152	55	165	60	108	51	90	152	55	63	223	0	53	157	369	165	0	145	55	72	45	54	108	51	44	130	0	46	90	247	153	0	73	152	55	19	132	11	60	8	22	165	0	47	223	0	53	143	369	165	0	125	47	49	45	49	72	45	41	82	0	46	78	163	135	0	37	108	51	7	81	11	60	5	11	153	0	28	130	0	46	76	247	153	0	73	152	55	37	147	11	0	19	44	55	0	19	132	11	60	8	22	165	0	47	223	0	53	143	369	165	0	105	30	24	45	41	49	45	29	48	0	46	53	101	135	0	32	72	45	5	24	8	60	4	8	135	0	25	82	0	46	64	163	135	0	37	108	51	6	72	11	0	9	32	51	0	7	81	11	60	5	11	153	0	28	130	0	46	76	247	153	0	73	152	55	36	72	0	0	41	84	110	0	37	147	11	0	19	44	55	0	19	132	11	60	8	22	165	0	47	223	0	53	143	369	165	0
170	155	46	39	117	140	34	26	116	42	39	117	49	13	0	17	88	54	117	0	125	28	26	112	30	26	116	30	13	0	16	62	52	116	0	36	39	117	20	0	11	40	6	0	0	0	39	13	0	17	82	54	117	0	110	24	25	112	24	26	112	24	13	0	16	49	52	112	0	24	26	116	12	0	11	40	4	0	0	0	20	13	0	16	56	52	116	0	36	39	117	19	12	11	0	8	0	0	0	20	0	11	40	6	0	0	0	39	13	0	17	82	54	117	0	95	18	12	112	20	25	112	19	12	0	16	33	50	112	0	18	26	112	6	0	8	40	4	0	0	0	14	13	0	16	43	52	112	0	24	26	116	13	0	11	0	8	0	0	0	12	0	11	40	4	0	0	0	20	13	0	16	56	52	116	0	36	39	117	23	12	0	0	23	12	117	0	19	12	11	0	8	0	0	0	20	0	11	40	6	0	0	0	39	13	0	17	82	54	117	0
158	143	70	83	22	128	42	46	22	67	83	22	47	70	0	0	131	203	110	0	113	36	29	19	39	46	22	29	10	0	0	83	120	110	0	63	83	22	18	49	11	24	6	17	44	0	41	70	0	0	126	203	110	0	98	30	20	19	33	29	19	25	0	0	0	67	80	95	0	35	46	22	12	20	11	24	4	10	44	0	23	10	0	0	78	120	110	0	63	83	22	41	40	11	0	19	30	22	0	18	49	11	24	6	17	44	0	41	70	0	0	126	203	110	0	83	13	10	19	27	20	19	18	0	0	0	48	50	95	0	29	29	19	4	10	8	24	3	5	38	0	19	0	0	0	62	80	95	0	35	46	22	10	20	11	0	5	15	22	0	12	20	11	24	4	10	44	0	23	10	0	0	78	120	110	0	63	83	22	22	50	0	0	30	60	0	0	41	40	11	0	19	30	22	0	18	49	11	24	6	17	44	0	41	70	0	0	126	203	110	0
84	76	43	7	25	68	23	7	0	43	7	25	21	0	34	0	92	21	0	194	60	20	7	0	23	7	0	11	0	0	0	53	21	0	189	42	7	25	13	0	13	0	3	0	0	0	21	0	34	0	90	21	0	194	52	17	7	0	20	7	0	9	0	0	0	41	21	0	176	22	7	0	7	0	0	0	3	0	0	0	11	0	0	0	51	21	0	189	42	7	25	38	0	28	0	21	0	0	0	13	0	13	0	3	0	0	0	21	0	34	0	90	21	0	194	44	2	0	0	17	7	0	2	0	0	0	36	21	0	176	19	7	0	0	0	0	0	0	0	0	0	9	0	0	0	39	21	0	176	22	7	0	1	0	0	0	0	0	0	0	7	0	0	0	3	0	0	0	11	0	0	0	51	21	0	189	42	7	25	8	0	46	0	20	0	25	0	38	0	28	0	21	0	0	0	13	0	13	0	3	0	0	0	21	0	34	0	90	21	0	194
120	108	62	44	13	96	36	20	0	60	44	13	34	0	34	0	123	98	52	77	84	33	20	0	34	20	0	24	0	0	0	68	50	0	73	55	44	13	22	0	13	0	5	0	0	0	28	0	34	0	118	98	52	77	72	26	12	0	31	20	0	22	0	0	0	56	50	0	64	29	20	0	8	0	0	0	3	0	0	0	18	0	0	0	63	50	0	73	55	44	13	43	48	16	0	21	30	0	0	22	0	13	0	5	0	0	0	28	0	34	0	118	98	52	77	60	9	0	0	24	12	0	11	0	0	0	41	30	0	64	26	20	0	1	0	0	0	0	0	0	0	16	0	0	0	51	50	0	64	29	20	0	2	0	0	0	5	0	0	0	8	0	0	0	3	0	0	0	18	0	0	0	63	50	0	73	55	44	13	21	0	34	0	28	24	26	0	43	48	16	0	21	30	0	0	22	0	13	0	5	0	0	0	28	0	34	0	118	98	52	77
145	130	73	79	13	115	38	42	0	71	79	13	31	54	34	0	130	196	65	77	100	35	34	0	36	42	0	22	24	0	0	67	96	0	73	63	79	13	20	22	13	0	5	11	13	0	25	54	34	0	123	196	65	77	85	28	23	0	33	34	0	20	22	0	0	57	67	0	64	28	42	0	6	12	0	0	2	6	0	0	16	24	0	0	60	96	0	73	63	79	13	42	71	16	0	26	30	0	0	20	22	13	0	5	11	13	0	25	54	34	0	123	196	65	77	70	9	6	0	26	23	0	9	12	0	0	42	41	0	64	25	34	0	1	0	0	0	0	0	0	0	14	22	0	0	50	67	0	64	28	42	0	1	6	0	0	5	0	0	0	6	12	0	0	2	6	0	0	16	24	0	0	60	96	0	73	63	79	13	16	30	34	0	26	52	26	0	42	71	16	0	26	30	0	0	20	22	13	0	5	11	13	0	25	54	34	0	123	196	65	77
76	68	40	15	5	60	21	15	0	34	15	5	15	0	10	0	69	25	0	22	52	19	15	0	15	15	0	8	0	0	0	37	25	0	22	31	15	5	4	0	5	0	2	0	0	0	9	0	10	0	63	25	0	22	44	19	15	0	13	15	0	8	0	0	0	29	25	0	19	12	15	0	4	0	0	0	2	0	0	0	2	0	0	0	31	25	0	22	31	15	5	29	0	0	0	17	0	0	0	4	0	5	0	2	0	0	0	9	0	10	0	63	25	0	22	36	10	0	0	13	15	0	8	0	0	0	29	25	0	19	10	15	0	0	0	0	0	0	0	0	0	2	0	0	0	23	25	0	19	12	15	0	1	0	0	0	0	0	0	0	4	0	0	0	2	0	0	0	2	0	0	0	31	25	0	22	31	15	5	10	0	10	0	18	0	15	0	29	0	0	0	17	0	0	0	4	0	5	0	2	0	0	0	9	0	10	0	63	25	0	22
99	89	42	31	5	79	23	16	0	39	31	5	14	0	10	0	85	52	15	22	69	21	16	0	20	16	0	7	0	0	0	47	32	0	22	37	31	5	8	0	5	0	3	0	0	0	11	0	10	0	81	52	15	22	59	17	10	0	18	16	0	7	0	0	0	39	32	0	19	18	16	0	4	0	0	0	2	0	0	0	4	0	0	0	43	32	0	22	37	31	5	23	30	0	0	13	20	0	0	8	0	5	0	3	0	0	0	11	0	10	0	81	52	15	22	49	6	0	0	14	10	0	5	0	0	0	29	20	0	19	16	16	0	0	0	0	0	0	0	0	0	4	0	0	0	35	32	0	19	18	16	0	1	0	0	0	0	0	0	0	4	0	0	0	2	0	0	0	4	0	0	0	43	32	0	22	37	31	5	9	0	10	0	18	5	10	0	23	30	0	0	13	20	0	0	8	0	5	0	3	0	0	0	11	0	10	0	81	52	15	22
174	156	64	59	103	138	33	17	78	62	59	103	31	0	128	49	114	146	309	31	120	29	14	59	31	17	78	22	0	114	0	51	34	234	0	56	59	103	13	42	35	67	8	14	0	77	25	0	128	49	111	146	309	31	102	14	0	51	27	14	59	16	0	93	0	46	28	177	0	25	17	78	1	0	29	62	0	0	0	73	16	0	114	0	48	34	234	0	56	59	103	14	0	87	62	5	0	103	0	13	42	35	67	8	14	0	77	25	0	128	49	111	146	309	31	84	9	0	19	12	0	51	9	0	72	0	10	0	153	0	21	14	59	1	0	12	40	0	0	0	64	10	0	93	0	43	28	177	0	25	17	78	1	0	34	0	5	0	78	0	1	0	29	62	0	0	0	73	16	0	114	0	48	34	234	0	56	59	103	13	0	6	46	14	0	0	156	14	0	87	62	5	0	103	0	13	42	35	67	8	14	0	77	25	0	128	49	111	146	309	31
110	98	52	29	38	86	30	27	13	50	29	38	22	18	27	49	101	56	0	31	74	28	27	0	28	27	13	20	18	13	0	49	54	0	0	43	29	38	16	0	22	0	6	0	0	77	16	18	27	49	94	56	0	31	62	14	9	0	26	27	0	14	18	0	0	46	54	0	0	21	27	13	1	0	16	0	0	0	0	73	14	18	13	0	42	54	0	0	43	29	38	16	0	87	0	10	0	76	0	16	0	22	0	6	0	0	77	16	18	27	49	94	56	0	31	50	8	0	0	12	9	0	9	0	0	0	13	9	0	0	19	27	0	1	0	0	0	0	0	0	64	8	18	0	0	39	54	0	0	21	27	13	1	0	34	0	5	0	26	0	1	0	16	0	0	0	0	73	14	18	13	0	42	54	0	0	43	29	38	16	0	6	0	16	22	38	0	16	0	87	0	10	0	76	0	16	0	22	0	6	0	0	77	16	18	27	49	94	56	0	31
138	121	62	106	23	104	34	72	8	60	106	23	22	69	17	24	82	152	92	26	88	31	67	0	32	72	8	16	66	8	0	45	77	32	0	44	90	23	9	39	22	0	7	7	0	55	16	69	17	24	71	152	92	26	72	15	47	0	29	67	0	10	54	0	0	40	69	0	0	16	56	8	0	11	16	0	0	0	0	51	10	66	8	0	34	77	32	0	44	90	23	12	99	57	0	21	75	23	0	9	39	22	0	7	7	0	55	16	69	17	24	71	152	92	26	56	8	19	0	13	47	0	6	21	0	0	10	35	0	0	13	51	0	0	7	0	0	0	0	0	45	4	54	0	0	29	69	0	0	16	56	8	0	12	24	0	0	60	8	0	0	11	16	0	0	0	0	51	10	66	8	0	34	77	32	0	44	90	23	6	64	6	0	12	60	69	0	12	99	57	0	21	75	23	0	9	39	22	0	7	7	0	55	16	69	17	24	71	152	92	26
86	77	36	15	17	68	18	8	0	36	15	17	10	0	6	0	70	38	17	31	59	18	7	0	18	8	0	10	0	0	0	32	24	0	0	34	15	17	10	7	0	0	4	0	0	0	10	0	6	0	68	38	17	31	50	8	0	0	18	7	0	10	0	0	0	32	21	0	0	16	8	0	1	0	0	0	0	0	0	0	10	0	0	0	30	24	0	0	34	15	17	14	0	34	0	5	0	17	0	10	7	0	0	4	0	0	0	10	0	6	0	68	38	17	31	41	3	0	0	8	0	0	3	0	0	0	9	0	0	0	16	7	0	1	0	0	0	0	0	0	0	10	0	0	0	30	21	0	0	16	8	0	1	0	0	0	5	0	0	0	1	0	0	0	0	0	0	0	10	0	0	0	30	24	0	0	34	15	17	10	0	6	0	13	0	0	0	14	0	34	0	5	0	17	0	10	7	0	0	4	0	0	0	10	0	6	0	68	38	17	31
95	85	39	25	6	75	18	0	0	39	25	6	14	0	6	0	51	60	30	13	65	17	0	0	18	0	0	10	0	0	0	26	0	0	0	35	25	6	11	0	0	0	3	5	0	0	14	0	6	0	51	60	30	13	55	10	0	0	17	0	0	10	0	0	0	24	0	0	0	14	0	0	1	0	0	0	0	0	0	0	10	0	0	0	26	0	0	0	35	25	6	14	0	12	0	5	0	0	0	11	0	0	0	3	5	0	0	14	0	6	0	51	60	30	13	45	5	0	0	10	0	0	3	0	0	0	7	0	0	0	13	0	0	1	0	0	0	0	0	0	0	10	0	0	0	24	0	0	0	14	0	0	1	0	0	0	5	0	0	0	1	0	0	0	0	0	0	0	10	0	0	0	26	0	0	0	35	25	6	7	0	6	0	9	0	0	0	14	0	12	0	5	0	0	0	11	0	0	0	3	5	0	0	14	0	6	0	51	60	30	13
176	155	57	99	133	134	36	35	94	55	99	133	30	60	126	126	55	53	532	132	114	25	20	80	34	35	94	17	0	119	77	40	30	376	86	38	79	133	1	0	133	49	0	0	133	13	24	60	126	126	49	53	532	132	94	21	20	37	23	20	80	12	0	113	37	15	0	320	59	17	15	94	1	0	89	0	0	0	94	0	11	0	119	77	34	30	376	86	37	79	133	1	0	32	67	5	0	0	314	1	0	133	49	0	0	133	13	21	60	126	126	46	53	532	132	74	20	20	31	19	20	37	9	0	12	31	9	0	148	51	6	0	80	0	0	58	0	0	0	80	0	6	0	113	37	9	0	320	59	16	15	94	1	0	6	62	5	0	0	246	1	0	89	0	0	0	94	0	8	0	119	77	31	30	376	86	37	79	133	9	0	7	48	12	0	0	0	1	0	32	67	5	0	0	314	1	0	133	49	0	0	133	13	21	60	126	126	46	53	532	132
106	94	19	20	64	82	7	0	56	19	20	64	4	0	23	36	3	0	128	6	70	6	0	56	7	0	56	0	0	22	36	2	0	112	0	13	20	64	0	0	0	0	0	0	0	0	4	0	23	36	3	0	128	6	58	6	0	55	6	0	56	0	0	22	35	0	0	112	0	1	0	56	0	0	0	0	0	0	0	0	0	0	22	36	2	0	112	0	13	20	64	0	0	0	12	0	0	0	0	0	0	0	0	0	0	0	0	4	0	23	36	3	0	128	6	46	6	0	35	6	0	55	0	0	21	27	0	0	110	0	0	0	56	0	0	0	0	0	0	0	0	0	0	22	35	0	0	112	0	1	0	56	0	0	0	7	0	0	0	0	0	0	0	0	0	0	0	0	0	0	22	36	2	0	112	0	13	20	64	0	0	0	86	0	0	0	64	0	0	0	12	0	0	0	0	0	0	0	0	0	0	0	0	4	0	23	36	3	0	128	6
106	94	26	20	57	82	15	0	22	26	20	57	10	0	14	22	15	0	114	149	70	11	0	22	15	0	22	6	0	13	22	14	0	44	86	19	20	57	1	0	28	0	0	0	0	0	10	0	14	22	15	0	114	149	58	8	0	21	11	0	22	3	0	13	21	5	0	44	59	8	0	22	1	0	0	0	0	0	0	0	6	0	13	22	14	0	44	86	19	20	57	1	0	21	12	5	0	0	0	1	0	28	0	0	0	0	0	10	0	14	22	15	0	114	149	46	7	0	14	8	0	21	0	0	12	14	0	0	42	51	4	0	22	0	0	0	0	0	0	0	0	3	0	13	21	5	0	44	59	8	0	22	1	0	0	7	5	0	0	0	1	0	0	0	0	0	0	0	6	0	13	22	14	0	44	86	19	20	57	3	0	7	49	5	0	0	0	1	0	21	12	5	0	0	0	1	0	28	0	0	0	0	0	10	0	14	22	15	0	114	149
81	71	23	23	26	61	13	9	0	23	23	26	10	0	0	0	12	0	52	132	52	10	9	0	13	9	0	6	0	0	0	11	0	0	86	17	14	26	1	0	21	0	0	0	0	0	10	0	0	0	12	0	52	132	43	7	9	0	10	9	0	3	0	0	0	5	0	0	59	7	0	0	1	0	0	0	0	0	0	0	6	0	0	0	11	0	0	86	17	14	26	1	0	21	0	5	0	0	0	1	0	21	0	0	0	0	0	10	0	0	0	12	0	52	132	34	6	9	0	7	9	0	0	0	0	0	0	0	0	51	4	0	0	0	0	0	0	0	0	0	0	3	0	0	0	5	0	0	59	7	0	0	1	0	0	0	5	0	0	0	1	0	0	0	0	0	0	0	6	0	0	0	11	0	0	86	17	14	26	3	0	7	0	5	0	0	0	1	0	21	0	5	0	0	0	1	0	21	0	0	0	0	0	10	0	0	0	12	0	52	132
72	63	22	20	12	54	12	8	0	22	20	12	10	0	0	0	10	0	24	29	46	10	8	0	12	8	0	6	0	0	0	9	0	0	8	16	12	12	1	0	7	0	0	0	0	0	10	0	0	0	10	0	24	29	38	7	8	0	10	8	0	3	0	0	0	5	0	0	0	6	0	0	1	0	0	0	0	0	0	0	6	0	0	0	9	0	0	8	16	12	12	1	0	21	0	5	0	0	0	1	0	7	0	0	0	0	0	10	0	0	0	10	0	24	29	30	6	8	0	7	8	0	0	0	0	0	0	0	0	0	4	0	0	0	0	0	0	0	0	0	0	3	0	0	0	5	0	0	0	6	0	0	1	0	0	0	5	0	0	0	1	0	0	0	0	0	0	0	6	0	0	0	9	0	0	8	16	12	12	3	0	7	0	5	0	0	0	1	0	21	0	5	0	0	0	1	0	7	0	0	0	0	0	10	0	0	0	10	0	24	29
124	107	17	30	132	90	14	30	79	17	30	132	3	0	28	63	12	0	0	292	75	14	30	78	14	30	79	3	0	12	60	6	0	0	172	4	0	132	0	0	0	13	0	0	0	0	3	0	28	63	9	0	0	292	60	14	30	78	14	30	78	3	0	12	60	6	0	0	158	1	0	79	0	0	0	13	0	0	0	0	3	0	12	60	3	0	0	172	3	0	132	0	0	0	0	0	0	0	0	0	0	0	13	0	0	0	0	0	0	28	63	6	0	0	292	45	14	30	61	14	30	78	3	0	12	45	6	0	0	113	1	0	78	0	0	0	12	0	0	0	0	3	0	12	60	3	0	0	158	0	0	79	0	0	0	0	0	0	0	0	0	0	0	13	0	0	0	0	0	0	12	60	0	0	0	172	3	0	132	0	0	0	50	0	0	0	132	0	0	0	0	0	0	0	0	0	0	0	13	0	0	0	0	0	0	28	63	6	0	0	292
81	68	24	39	63	55	15	36	46	23	39	63	4	27	41	24	18	27	0	133	45	15	36	46	14	36	46	4	27	24	24	6	27	0	94	6	9	63	0	0	0	0	0	0	0	0	0	27	41	24	12	27	0	133	36	15	36	46	14	36	46	4	27	24	24	6	27	0	80	0	9	46	0	0	0	0	0	0	0	0	0	27	24	24	0	27	0	94	6	0	63	0	0	0	0	0	0	0	0	0	0	0	0	0	0	0	0	0	0	41	24	12	0	0	133	27	15	36	19	14	36	46	4	27	24	0	6	27	0	37	0	9	46	0	0	0	0	0	0	0	0	0	27	24	24	0	27	0	80	0	0	46	0	0	0	0	0	0	0	0	0	0	0	0	0	0	0	0	0	0	24	24	0	0	0	94	6	0	63	0	0	0	27	0	0	0	237	0	0	0	0	0	0	0	0	0	0	0	0	0	0	0	0	0	0	41	24	12	0	0	133
81	67	31	53	66	53	18	45	48	25	53	66	13	0	86	38	30	43	66	133	44	18	45	45	15	45	48	13	0	66	35	9	27	48	94	11	8	66	0	0	0	33	0	0	0	0	3	0	86	38	24	16	66	133	35	18	45	42	15	45	45	13	0	57	32	9	27	45	80	1	0	48	0	0	0	24	0	0	0	0	3	0	66	35	3	0	48	94	10	8	66	0	0	0	24	0	0	0	0	0	0	0	33	0	0	0	0	0	0	86	38	21	16	66	133	26	18	45	8	15	45	42	13	0	48	0	9	27	42	37	1	0	45	0	0	0	0	0	0	0	0	3	0	57	32	3	0	45	80	0	0	48	0	0	0	0	0	0	0	0	0	0	0	24	0	0	0	0	0	0	66	35	0	0	48	94	10	8	66	6	0	0	16	5	0	0	292	0	0	0	24	0	0	0	0	0	0	0	33	0	0	0	0	0	0	86	38	21	16	66	133
79	65	34	63	64	52	20	45	61	26	50	64	15	36	84	38	32	55	128	0	43	20	45	58	15	36	61	15	36	79	35	12	27	122	0	12	14	64	0	0	0	33	0	0	0	0	3	0	84	38	23	28	128	0	34	20	45	54	15	36	58	15	36	70	32	12	27	116	0	1	0	61	0	0	0	24	0	0	0	0	3	0	79	35	3	0	122	0	11	14	64	0	0	0	36	0	0	0	0	0	0	0	33	0	0	0	0	0	0	84	38	20	28	128	0	25	20	45	8	15	36	54	15	36	60	0	12	27	108	0	1	0	58	0	0	0	0	0	0	0	0	3	0	70	32	3	0	116	0	0	0	61	0	0	0	0	0	0	0	0	0	0	0	24	0	0	0	0	0	0	79	35	0	0	122	0	11	14	64	10	0	0	16	8	0	0	409	0	0	0	36	0	0	0	0	0	0	0	33	0	0	0	0	0	0	84	38	20	28	128	0
58	50	10	7	48	42	9	7	0	10	7	48	3	0	15	0	5	0	0	292	35	9	7	0	9	7	0	3	0	0	0	3	0	0	172	2	0	48	0	0	0	0	0	0	0	0	3	0	15	0	5	0	0	292	28	9	7	0	9	7	0	3	0	0	0	3	0	0	158	1	0	0	0	0	0	0	0	0	0	0	3	0	0	0	3	0	0	172	1	0	48	0	0	0	0	0	0	0	0	0	0	0	0	0	0	0	0	0	0	15	0	2	0	0	292	21	9	7	0	9	7	0	3	0	0	0	3	0	0	113	1	0	0	0	0	0	0	0	0	0	0	3	0	0	0	3	0	0	158	0	0	0	0	0	0	0	0	0	0	0	0	0	0	0	0	0	0	0	0	0	0	0	0	0	0	172	1	0	48	0	0	0	0	0	0	0	0	0	0	0	0	0	0	0	0	0	0	0	0	0	0	0	0	0	0	15	0	2	0	0	292
96	78	33	93	91	63	22	65	78	21	48	91	16	78	0	82	24	50	182	64	50	22	65	75	13	26	78	16	78	0	77	16	39	156	61	8	22	91	0	0	0	38	0	0	0	0	0	0	0	82	8	11	182	64	37	22	65	70	13	26	75	16	78	0	71	16	39	150	58	0	0	78	0	0	0	33	0	0	0	0	0	0	0	77	0	0	156	61	8	22	91	2	0	0	53	5	0	0	0	0	0	0	38	0	0	0	0	0	0	0	82	8	11	182	64	24	19	61	61	13	26	70	16	78	0	64	16	39	140	54	0	0	75	0	0	0	25	0	0	0	0	0	0	0	71	0	0	150	58	0	0	78	0	0	0	34	0	0	0	0	0	0	0	33	0	0	0	0	0	0	0	77	0	0	156	61	8	22	91	11	44	0	61	11	33	0	0	2	0	0	53	5	0	0	0	0	0	0	38	0	0	0	0	0	0	0	82	8	11	182	64
111	91	46	107	127	73	28	75	102	36	71	127	16	90	54	142	32	97	254	130	58	27	75	77	21	45	102	13	90	54	76	18	45	204	109	16	26	127	0	0	11	107	3	0	0	133	3	0	54	142	14	52	254	130	43	27	75	35	20	45	77	13	90	41	70	18	45	154	103	1	0	102	0	0	11	29	0	0	0	94	0	0	54	76	0	0	204	109	16	26	127	12	0	0	87	21	0	0	164	0	0	11	107	3	0	0	133	3	0	54	142	14	52	254	130	28	22	69	20	20	45	35	13	90	6	64	18	45	70	96	0	0	77	0	0	7	20	0	0	0	80	0	0	41	70	0	0	154	103	1	0	102	1	0	0	24	5	0	0	99	0	0	11	29	0	0	0	94	0	0	54	76	0	0	204	109	16	26	127	11	78	0	24	20	65	0	26	12	0	0	87	21	0	0	164	0	0	11	107	3	0	0	133	3	0	54	142	14	52	254	130
111	94	36	55	89	77	22	16	87	23	55	89	18	0	21	30	25	84	267	0	61	22	16	83	11	16	87	18	0	21	28	16	32	261	0	12	39	89	0	0	0	44	3	0	0	0	0	0	21	30	9	52	267	0	45	22	16	50	11	16	83	18	0	20	22	16	32	249	0	0	0	87	0	0	0	27	0	0	0	0	0	0	21	28	0	0	261	0	12	39	89	5	0	0	122	16	0	0	55	0	0	0	44	3	0	0	0	0	0	21	30	9	52	267	0	29	18	13	13	11	16	50	18	0	6	16	16	32	150	0	0	0	83	0	0	0	13	0	0	0	0	0	0	20	22	0	0	249	0	0	0	87	0	0	0	34	0	0	0	13	0	0	0	27	0	0	0	0	0	0	21	28	0	0	261	0	12	39	89	12	39	0	49	17	52	0	61	5	0	0	122	16	0	0	55	0	0	0	44	3	0	0	0	0	0	21	30	9	52	267	0
46	36	26	32	5	29	16	24	5	16	11	5	15	18	0	0	21	12	5	0	23	16	24	5	8	6	5	15	18	0	0	12	12	5	0	8	5	5	0	0	0	0	0	0	0	0	0	0	0	0	9	0	5	0	17	16	24	5	8	6	5	15	18	0	0	12	12	5	0	0	0	5	0	0	0	0	0	0	0	0	0	0	0	0	0	0	5	0	8	5	5	0	0	0	0	0	0	0	0	0	0	0	0	0	0	0	0	0	0	0	0	9	0	5	0	11	15	23	0	8	6	5	15	18	0	0	12	12	5	0	0	0	5	0	0	0	0	0	0	0	0	0	0	0	0	0	0	5	0	0	0	5	0	0	0	0	0	0	0	0	0	0	0	0	0	0	0	0	0	0	0	0	0	0	5	0	8	5	5	14	5	0	0	13	5	0	5	0	0	0	0	0	0	0	0	0	0	0	0	0	0	0	0	0	0	0	0	9	0	5	0
46	36	19	32	13	29	11	24	13	11	11	13	9	18	0	0	14	12	13	0	23	11	24	13	5	6	13	9	18	0	0	9	12	13	0	6	5	13	0	0	0	0	0	0	0	0	0	0	0	0	5	0	13	0	17	11	24	10	5	6	13	9	18	0	0	9	12	13	0	0	0	13	0	0	0	0	0	0	0	0	0	0	0	0	0	0	13	0	6	5	13	0	0	0	15	0	0	0	0	0	0	0	0	0	0	0	0	0	0	0	0	5	0	13	0	11	10	23	0	5	6	10	9	18	0	0	9	12	10	0	0	0	13	0	0	0	0	0	0	0	0	0	0	0	0	0	0	13	0	0	0	13	0	0	0	0	0	0	0	0	0	0	0	0	0	0	0	0	0	0	0	0	0	0	13	0	6	5	13	8	5	0	0	8	5	0	10	0	0	0	15	0	0	0	0	0	0	0	0	0	0	0	0	0	0	0	0	5	0	13	0
69	56	32	32	74	43	22	22	32	25	32	74	12	0	12	53	22	22	74	307	32	22	22	32	17	22	32	12	0	11	53	18	22	32	267	8	10	74	0	0	0	0	6	0	0	0	0	0	12	53	4	0	74	307	21	17	20	27	17	22	32	12	0	11	47	18	22	32	235	0	0	32	0	0	0	0	0	0	0	0	0	0	11	53	0	0	32	267	8	10	74	13	20	0	39	32	50	0	0	0	0	0	0	6	0	0	0	0	0	12	53	4	0	74	307	10	5	0	6	12	20	27	12	0	7	12	15	20	27	155	0	0	32	0	0	0	0	0	0	0	0	0	0	11	47	0	0	32	235	0	0	32	0	0	0	6	0	0	0	0	0	0	0	0	0	0	0	0	0	0	11	53	0	0	32	267	8	10	74	0	0	86	30	6	0	148	61	13	20	0	39	32	50	0	0	0	0	0	0	6	0	0	0	0	0	12	53	4	0	74	307
35	29	21	5	12	23	13	0	11	21	5	12	0	0	12	11	16	0	12	0	17	13	0	11	13	0	11	0	0	11	11	12	0	11	0	8	5	12	0	0	0	0	6	0	0	0	0	0	12	11	4	0	12	0	11	8	0	7	13	0	11	0	0	11	7	12	0	11	0	0	0	11	0	0	0	0	0	0	0	0	0	0	11	11	0	0	11	0	8	5	12	15	0	0	28	32	25	0	0	0	0	0	0	6	0	0	0	0	0	12	11	4	0	12	0	5	0	0	0	8	0	7	0	0	7	0	9	0	7	0	0	0	11	0	0	0	0	0	0	0	0	0	0	11	7	0	0	11	0	0	0	11	0	0	0	0	0	0	0	0	0	0	0	0	0	0	0	0	0	0	11	11	0	0	11	0	8	5	12	0	0	12	0	6	0	0	23	15	0	0	28	32	25	0	0	0	0	0	0	6	0	0	0	0	0	12	11	4	0	12	0
57	45	38	45	25	33	27	27	11	30	45	25	27	0	12	11	35	39	75	127	24	24	27	11	22	27	11	24	0	11	11	25	27	33	102	11	18	25	10	0	0	0	3	18	0	0	13	0	12	11	17	12	75	127	15	13	18	7	19	27	11	14	0	11	7	18	27	33	77	3	0	11	4	0	0	0	0	0	0	0	10	0	11	11	7	0	33	102	8	18	25	9	54	0	28	26	66	0	0	6	0	0	0	3	18	0	0	3	0	12	11	10	12	75	127	6	2	0	0	8	18	7	6	0	7	0	9	18	21	35	0	0	11	0	0	0	0	0	0	0	0	0	0	11	7	0	0	33	77	0	0	11	0	0	0	0	0	0	0	0	0	0	0	0	0	0	0	0	0	0	11	11	0	0	33	102	6	18	25	0	0	51	0	3	18	75	23	6	54	0	28	26	66	0	0	0	0	0	0	3	18	0	0	0	0	12	11	2	12	75	127
50	41	30	8	34	32	20	8	0	19	8	34	12	0	0	0	20	16	0	198	24	20	8	0	11	8	0	12	0	0	0	16	16	0	183	8	0	34	0	0	0	0	6	0	0	0	0	0	0	0	4	0	0	198	16	20	8	0	11	8	0	12	0	0	0	16	16	0	176	0	0	0	0	0	0	0	0	0	0	0	0	0	0	0	0	0	0	183	8	0	34	14	0	0	0	32	0	0	0	0	0	0	0	6	0	0	0	0	0	0	0	4	0	0	198	8	9	0	0	11	8	0	12	0	0	0	16	16	0	135	0	0	0	0	0	0	0	0	0	0	0	0	0	0	0	0	0	0	176	0	0	0	0	0	0	0	0	0	0	0	0	0	0	0	0	0	0	0	0	0	0	0	0	0	0	183	8	0	34	0	0	45	0	6	0	34	0	14	0	0	0	32	0	0	0	0	0	0	0	6	0	0	0	0	0	0	0	4	0	0	198
47	38	33	23	13	29	24	8	0	28	23	13	21	0	0	0	35	26	39	89	21	21	8	0	21	8	0	18	0	0	0	25	16	0	87	10	15	13	10	0	0	0	3	15	0	0	13	0	0	0	17	10	39	89	13	10	5	0	18	8	0	8	0	0	0	18	16	0	83	3	0	0	4	0	0	0	0	0	0	0	10	0	0	0	7	0	0	87	7	15	13	14	15	0	0	21	55	0	0	6	0	0	0	3	15	0	0	3	0	0	0	10	10	39	89	5	0	0	0	7	5	0	0	0	0	0	9	10	0	50	0	0	0	0	0	0	0	0	0	0	0	0	0	0	0	0	0	0	83	0	0	0	0	0	0	0	0	0	0	0	0	0	0	0	0	0	0	0	0	0	0	0	0	0	0	87	5	15	13	0	0	13	0	3	15	13	0	11	15	0	0	21	55	0	0	0	0	0	0	3	15	0	0	0	0	0	0	2	10	39	89
45	33	24	35	41	21	19	35	12	18	35	41	21	0	0	36	28	21	0	124	14	16	35	11	16	35	12	18	0	0	33	20	21	0	54	5	0	41	10	0	0	11	0	0	0	0	13	0	0	36	15	0	0	124	7	3	0	11	13	35	11	8	0	0	33	13	21	0	54	3	0	12	4	0	0	11	0	0	0	0	10	0	0	33	7	0	0	54	2	0	41	3	0	58	0	0	0	205	0	6	0	0	11	0	0	0	0	3	0	0	36	8	0	0	124	0	0	0	7	0	0	11	0	0	0	21	0	0	0	41	0	0	11	0	0	0	7	0	0	0	0	0	0	0	33	0	0	0	54	0	0	12	0	0	12	0	0	0	60	0	0	0	0	11	0	0	0	0	0	0	0	33	0	0	0	54	0	0	41	0	0	0	28	0	0	0	0	0	0	58	0	0	0	205	0	0	0	0	11	0	0	0	0	0	0	0	36	0	0	0	124
44	31	34	61	11	19	19	42	0	27	49	11	16	90	0	0	39	68	11	38	11	17	26	0	15	34	0	12	64	0	0	20	38	0	11	10	17	11	12	32	0	0	0	0	22	0	8	58	0	0	24	44	11	38	5	4	5	0	13	20	0	8	20	0	0	14	15	0	11	2	10	0	4	10	0	0	0	0	0	0	4	40	0	0	6	20	0	11	4	5	11	8	5	23	0	0	0	44	0	8	20	0	0	0	0	22	0	4	10	0	0	12	20	11	38	0	0	0	0	0	0	0	0	0	0	0	0	0	0	7	0	0	0	0	0	0	0	0	0	0	0	0	0	0	0	0	0	0	11	0	0	0	0	0	0	0	0	0	0	0	0	0	0	0	0	0	0	0	0	0	0	0	0	0	0	11	0	0	11	0	0	0	0	0	0	11	0	0	0	23	0	0	0	44	0	0	0	0	0	0	0	22	0	0	0	0	0	0	0	11	38
43	31	43	49	11	21	24	36	0	35	29	11	25	52	0	0	52	69	11	38	13	21	26	0	19	20	0	20	40	0	0	23	39	0	11	16	13	11	19	26	0	0	0	0	11	0	15	20	0	0	35	45	11	38	6	5	12	0	16	12	0	10	24	0	0	16	18	0	11	3	6	0	4	12	0	0	0	0	0	0	10	12	0	0	7	18	0	11	9	6	11	17	12	23	0	0	0	22	0	15	12	0	0	0	0	11	0	5	6	0	0	22	24	11	38	0	0	0	0	0	0	0	0	0	0	0	0	0	0	7	0	0	0	0	0	0	0	0	0	0	0	0	0	0	0	0	0	0	11	0	0	0	0	0	0	0	0	0	0	0	0	0	0	0	0	0	0	0	0	0	0	0	0	0	0	11	0	0	11	0	0	0	0	0	0	22	0	0	0	23	0	0	0	22	0	0	0	0	0	0	0	11	0	0	0	0	0	0	0	11	38
36	25	36	47	0	16	15	29	0	28	29	0	23	49	0	0	46	63	0	0	9	12	18	0	10	15	0	20	30	0	0	15	27	0	0	18	15	0	15	30	0	0	0	0	0	0	13	21	0	0	37	42	0	0	3	5	6	0	7	6	0	10	12	0	0	8	9	0	0	3	3	0	4	6	0	0	0	0	0	0	10	6	0	0	7	9	0	0	7	9	0	13	18	0	0	0	0	0	0	11	18	0	0	0	0	0	0	3	9	0	0	18	24	0	0	0	0	0	0	0	0	0	0	0	0	0	0	0	0	0	0	0	0	0	0	0	0	0	0	0	0	0	0	0	0	0	0	0	0	0	0	0	0	0	0	0	0	0	0	0	0	0	0	0	0	0	0	0	0	0	0	0	0	0	0	0	0	0	0	0	0	0	0	0	0	0	0	0	0	0	0	0	0	0	0	0	0	0	0	0	0	0	0	0	0	0	0	0	0	0	0
34	24	26	33	0	16	10	21	0	20	17	0	16	14	0	0	37	34	0	0	9	8	16	0	6	7	0	12	14	0	0	12	14	0	0	16	10	0	12	10	0	0	0	0	0	0	8	0	0	0	31	20	0	0	2	4	4	0	4	2	0	8	4	0	0	6	4	0	0	2	0	0	4	0	0	0	0	0	0	0	4	0	0	0	6	0	0	0	4	10	0	8	20	0	0	0	0	0	0	8	10	0	0	0	0	0	0	4	0	0	0	12	20	0	0	0	0	0	0	0	0	0	0	0	0	0	0	0	0	0	0	0	0	0	0	0	0	0	0	0	0	0	0	0	0	0	0	0	0	0	0	0	0	0	0	0	0	0	0	0	0	0	0	0	0	0	0	0	0	0	0	0	0	0	0	0	0	0	0	0	0	0	0	0	0	0	0	0	0	0	0	0	0	0	0	0	0	0	0	0	0	0	0	0	0	0	0	0	0	0	0
44	32	32	32	16	20	16	0	0	25	32	16	26	0	19	0	30	48	64	22	8	7	0	0	9	0	0	14	0	0	0	11	0	0	0	10	32	16	6	0	40	0	0	0	0	0	12	0	19	0	17	48	64	22	0	0	0	0	0	0	0	0	0	0	0	0	0	0	0	0	0	0	0	0	0	0	0	0	0	0	0	0	0	0	0	0	0	0	0	0	16	0	0	27	0	0	0	0	0	0	0	40	0	0	0	0	0	0	0	19	0	0	0	64	22	0	0	0	0	0	0	0	0	0	0	0	0	0	0	0	0	0	0	0	0	0	0	0	0	0	0	0	0	0	0	0	0	0	0	0	0	0	0	0	0	0	0	0	0	0	0	0	0	0	0	0	0	0	0	0	0	0	0	0	0	0	0	0	0	0	0	0	0	0	0	0	0	0	0	0	0	0	0	0	0	0	0	0	0	0	0	0	0	0	0	0	0	0	0	0	22
24	18	18	0	5	12	7	0	0	14	0	5	8	0	3	0	21	0	0	0	6	4	0	0	3	0	0	6	0	0	0	5	0	0	0	11	0	5	2	0	8	0	0	0	0	0	2	0	3	0	16	0	0	0	0	0	0	0	0	0	0	0	0	0	0	0	0	0	0	0	0	0	0	0	0	0	0	0	0	0	0	0	0	0	0	0	0	0	0	0	5	0	0	10	0	0	0	0	0	0	0	8	0	0	0	0	0	0	0	3	0	0	0	0	0	0	0	0	0	0	0	0	0	0	0	0	0	0	0	0	0	0	0	0	0	0	0	0	0	0	0	0	0	0	0	0	0	0	0	0	0	0	0	0	0	0	0	0	0	0	0	0	0	0	0	0	0	0	0	0	0	0	0	0	0	0	0	0	0	0	0	0	0	0	0	0	0	0	0	0	0	0	0	0	0	0	0	0	0	0	0	0	0	0	0	0	0	0	0	0	0
36	26	20	24	5	16	7	0	0	16	24	5	8	0	3	0	17	36	20	0	6	4	0	0	3	0	0	6	0	0	0	5	0	0	0	7	24	5	2	0	8	0	0	0	0	0	2	0	3	0	10	36	20	0	0	0	0	0	0	0	0	0	0	0	0	0	0	0	0	0	0	0	0	0	0	0	0	0	0	0	0	0	0	0	0	0	0	0	0	0	5	0	0	10	0	0	0	0	0	0	0	8	0	0	0	0	0	0	0	3	0	0	0	20	0	0	0	0	0	0	0	0	0	0	0	0	0	0	0	0	0	0	0	0	0	0	0	0	0	0	0	0	0	0	0	0	0	0	0	0	0	0	0	0	0	0	0	0	0	0	0	0	0	0	0	0	0	0	0	0	0	0	0	0	0	0	0	0	0	0	0	0	0	0	0	0	0	0	0	0	0	0	0	0	0	0	0	0	0	0	0	0	0	0	0	0	0	0	0	0	0
20	15	13	0	2	10	3	0	0	11	0	2	2	0	0	0	15	0	0	0	5	2	0	0	1	0	0	2	0	0	0	2	0	0	0	10	0	2	0	0	2	0	0	0	0	0	0	0	0	0	13	0	0	0	0	0	0	0	0	0	0	0	0	0	0	0	0	0	0	0	0	0	0	0	0	0	0	0	0	0	0	0	0	0	0	0	0	0	0	0	2	0	0	4	0	0	0	0	0	0	0	2	0	0	0	0	0	0	0	0	0	0	0	0	0	0	0	0	0	0	0	0	0	0	0	0	0	0	0	0	0	0	0	0	0	0	0	0	0	0	0	0	0	0	0	0	0	0	0	0	0	0	0	0	0	0	0	0	0	0	0	0	0	0	0	0	0	0	0	0	0	0	0	0	0	0	0	0	0	0	0	0	0	0	0	0	0	0	0	0	0	0	0	0	0	0	0	0	0	0	0	0	0	0	0	0	0	0	0	0	0
26	19	12	10	2	12	3	0	0	10	10	2	2	0	0	0	14	5	4	0	5	2	0	0	1	0	0	2	0	0	0	2	0	0	0	8	10	2	0	0	2	0	0	0	0	0	0	0	0	0	12	5	4	0	0	0	0	0	0	0	0	0	0	0	0	0	0	0	0	0	0	0	0	0	0	0	0	0	0	0	0	0	0	0	0	0	0	0	0	0	2	0	0	4	0	0	0	0	0	0	0	2	0	0	0	0	0	0	0	0	0	0	0	4	0	0	0	0	0	0	0	0	0	0	0	0	0	0	0	0	0	0	0	0	0	0	0	0	0	0	0	0	0	0	0	0	0	0	0	0	0	0	0	0	0	0	0	0	0	0	0	0	0	0	0	0	0	0	0	0	0	0	0	0	0	0	0	0	0	0	0	0	0	0	0	0	0	0	0	0	0	0	0	0	0	0	0	0	0	0	0	0	0	0	0	0	0	0	0	0	0
15	9	8	9	9	3	0	0	9	8	9	9	0	0	27	0	2	0	27	0	0	0	0	9	0	0	9	0	0	27	0	0	0	27	0	0	0	9	0	0	0	0	0	0	0	0	0	0	27	0	0	0	27	0	0	0	0	9	0	0	9	0	0	27	0	0	0	27	0	0	0	9	0	0	0	0	0	0	0	0	0	0	27	0	0	0	27	0	0	0	0	0	0	0	0	0	0	0	0	0	0	0	0	0	0	0	0	0	0	0	0	0	0	0	0	0	0	0	9	0	0	9	0	0	27	0	0	0	27	0	0	0	9	0	0	0	0	0	0	0	0	0	0	27	0	0	0	27	0	0	0	0	0	0	0	0	0	0	0	0	0	0	0	0	0	0	0	0	0	0	0	0	0	0	0	0	0	0	0	0	0	0	0	0	0	0	0	0	0	0	0	0	0	0	0	0	0	0	0	0	0	0	0	0	0	0	0	0	0	0	0
23	15	10	7	25	7	1	0	5	9	7	25	4	0	24	5	5	0	25	23	0	0	0	0	0	0	5	0	0	20	0	0	0	5	0	0	0	25	0	0	6	0	0	0	0	11	0	0	24	5	0	0	25	23	0	0	0	0	0	0	0	0	0	0	0	0	0	0	0	0	0	5	0	0	5	0	0	0	0	0	0	0	20	0	0	0	5	0	0	0	0	0	0	0	0	0	0	0	0	0	0	0	0	0	0	0	11	0	0	0	5	0	0	0	23	0	0	0	0	0	0	0	0	0	0	0	0	0	0	0	0	0	0	0	0	0	0	0	0	0	0	0	0	0	0	0	0	0	0	0	0	0	0	0	0	0	0	0	0	0	0	0	0	0	0	0	0	0	0	0	0	0	0	0	0	0	0	0	0	0	0	0	0	0	0	0	0	0	0	0	0	0	0	0	0	0	0	0	0	0	0	0	11	0	0	0	0	0	0	0	0
33	21	20	27	33	9	5	0	14	14	27	33	12	0	50	20	10	9	99	21	0	0	0	0	0	0	14	0	0	38	0	0	0	42	0	0	0	33	0	0	32	0	0	0	0	22	0	0	50	20	0	0	99	21	0	0	0	0	0	0	0	0	0	0	0	0	0	0	0	0	0	14	0	0	23	0	0	0	0	0	0	0	38	0	0	0	42	0	0	0	0	0	0	0	0	0	0	0	0	0	0	0	0	0	0	0	22	0	0	0	20	0	0	0	21	0	0	0	0	0	0	0	0	0	0	0	0	0	0	0	0	0	0	0	0	0	0	0	0	0	0	0	0	0	0	0	0	0	0	0	0	0	0	0	0	0	0	0	0	0	0	0	0	0	0	0	0	0	0	0	0	0	0	0	0	0	0	0	0	0	0	0	0	0	0	0	0	0	0	0	0	0	0	0	0	0	0	0	0	0	0	0	22	0	0	0	0	0	0	0	0
18	12	6	0	19	6	0	0	0	6	0	19	0	0	0	0	2	0	0	23	0	0	0	0	0	0	0	0	0	0	0	0	0	0	0	0	0	19	0	0	0	0	0	0	0	0	0	0	0	0	0	0	0	23	0	0	0	0	0	0	0	0	0	0	0	0	0	0	0	0	0	0	0	0	0	0	0	0	0	0	0	0	0	0	0	0	0	0	0	0	0	0	0	0	0	0	0	0	0	0	0	0	0	0	0	0	0	0	0	0	0	0	0	0	23	0	0	0	0	0	0	0	0	0	0	0	0	0	0	0	0	0	0	0	0	0	0	0	0	0	0	0	0	0	0	0	0	0	0	0	0	0	0	0	0	0	0	0	0	0	0	0	0	0	0	0	0	0	0	0	0	0	0	0	0	0	0	0	0	0	0	0	0	0	0	0	0	0	0	0	0	0	0	0	0	0	0	0	0	0	0	0	0	0	0	0	0	0	0	0	0
22	14	8	12	14	6	0	0	0	7	12	14	0	0	0	0	1	6	28	21	0	0	0	0	0	0	0	0	0	0	0	0	0	0	0	0	0	14	0	0	0	0	0	0	0	0	0	0	0	0	0	0	28	21	0	0	0	0	0	0	0	0	0	0	0	0	0	0	0	0	0	0	0	0	0	0	0	0	0	0	0	0	0	0	0	0	0	0	0	0	0	0	0	0	0	0	0	0	0	0	0	0	0	0	0	0	0	0	0	0	0	0	0	0	21	0	0	0	0	0	0	0	0	0	0	0	0	0	0	0	0	0	0	0	0	0	0	0	0	0	0	0	0	0	0	0	0	0	0	0	0	0	0	0	0	0	0	0	0	0	0	0	0	0	0	0	0	0	0	0	0	0	0	0	0	0	0	0	0	0	0	0	0	0	0	0	0	0	0	0	0	0	0	0	0	0	0	0	0	0	0	0	0	0	0	0	0	0	0	0	0
22	11	2	0	76	0	0	0	63	0	0	76	0	0	9	9	0	0	0	42	0	0	0	63	0	0	63	0	0	9	9	0	0	0	23	0	0	0	0	0	0	0	0	0	0	0	0	0	0	9	0	0	0	42	0	0	0	56	0	0	63	0	0	9	9	0	0	0	9	0	0	0	0	0	0	0	0	0	0	0	0	0	0	9	0	0	0	23	0	0	0	0	0	0	0	0	0	0	41	0	0	0	0	0	0	0	0	0	0	0	0	0	0	0	0	0	0	0	56	0	0	56	0	0	9	9	0	0	0	9	0	0	0	0	0	0	0	0	0	0	0	0	0	0	9	0	0	0	9	0	0	0	0	0	0	0	0	0	0	12	0	0	0	0	0	0	0	0	0	0	0	0	0	0	0	0	0	0	0	0	0	0	0	0	0	0	0	0	0	0	0	0	0	0	41	0	0	0	0	0	0	0	0	0	0	0	0	0	0	0	0
38	19	7	0	156	0	0	0	150	0	0	156	0	0	47	21	0	0	0	9	0	0	0	149	0	0	150	0	0	45	19	0	0	0	9	0	0	0	0	0	0	5	0	0	0	0	0	0	0	21	0	0	0	9	0	0	0	132	0	0	149	0	0	44	9	0	0	0	9	0	0	0	0	0	0	0	0	0	0	0	0	0	0	19	0	0	0	9	0	0	0	0	0	0	43	0	0	0	52	0	0	0	5	0	0	0	0	0	0	0	0	0	0	0	0	0	0	0	111	0	0	132	0	0	39	9	0	0	0	9	0	0	0	0	0	0	0	0	0	0	0	0	0	0	9	0	0	0	9	0	0	0	0	0	0	12	0	0	0	12	0	0	0	0	0	0	0	0	0	0	0	0	0	0	0	0	0	0	0	0	0	0	62	0	0	0	99	0	0	0	43	0	0	0	52	0	0	0	0	0	0	0	0	0	0	0	0	0	0	0	0
22	11	2	0	59	0	0	0	31	0	0	59	0	0	8	21	0	0	0	81	0	0	0	30	0	0	31	0	0	6	19	0	0	0	28	0	0	0	0	0	0	5	0	0	0	0	0	0	0	21	0	0	0	81	0	0	0	18	0	0	30	0	0	5	9	0	0	0	9	0	0	0	0	0	0	0	0	0	0	0	0	0	0	19	0	0	0	28	0	0	0	0	0	0	0	0	0	0	52	0	0	0	5	0	0	0	0	0	0	0	0	0	0	0	0	0	0	0	18	0	0	18	0	0	0	9	0	0	0	9	0	0	0	0	0	0	0	0	0	0	0	0	0	0	9	0	0	0	9	0	0	0	0	0	0	0	0	0	0	12	0	0	0	0	0	0	0	0	0	0	0	0	0	0	0	0	0	0	0	0	0	0	0	0	0	0	0	0	0	0	0	0	0	0	52	0	0	0	0	0	0	0	0	0	0	0	0	0	0	0	0
31	15	13	15	100	0	0	0	81	0	0	100	0	0	116	25	0	0	100	47	0	0	0	76	0	0	81	0	0	110	19	0	0	81	14	0	0	0	0	0	0	20	0	0	0	0	0	0	0	25	0	0	0	47	0	0	0	52	0	0	76	0	0	101	0	0	0	76	0	0	0	0	0	0	0	0	0	0	0	0	0	0	0	19	0	0	0	14	0	0	0	0	0	0	18	0	0	0	63	0	0	0	20	0	0	0	0	0	0	0	0	0	0	0	0	0	0	0	42	0	0	52	0	0	78	0	0	0	52	0	0	0	0	0	0	0	0	0	0	0	0	0	0	0	0	0	0	0	0	0	0	0	0	0	0	0	0	0	0	12	0	0	0	0	0	0	0	0	0	0	0	0	0	0	0	0	0	0	0	0	0	0	48	0	0	0	25	0	0	0	18	0	0	0	63	0	0	0	0	0	0	0	0	0	0	0	0	0	0	0	0
38	18	20	36	147	0	0	0	143	0	0	147	0	0	166	25	0	0	294	0	0	0	0	133	0	0	143	0	0	160	19	0	0	286	0	0	0	0	0	0	0	30	0	0	0	0	0	0	0	25	0	0	0	0	0	0	0	103	0	0	133	0	0	141	0	0	0	266	0	0	0	0	0	0	0	0	0	0	0	0	0	0	0	19	0	0	0	0	0	0	0	0	0	0	43	0	0	0	63	0	0	0	30	0	0	0	0	0	0	0	0	0	0	0	0	0	0	0	65	0	0	103	0	0	114	0	0	0	206	0	0	0	0	0	0	0	0	0	0	0	0	0	0	0	0	0	0	0	0	0	0	0	0	0	0	0	0	0	0	12	0	0	0	0	0	0	0	0	0	0	0	0	0	0	0	0	0	0	0	0	0	0	97	0	0	0	146	0	0	0	43	0	0	0	63	0	0	0	0	0	0	0	0	0	0	0	0	0	0	0	0
13	0	0	0	132	0	0	0	79	0	0	0	0	0	0	188	0	0	0	247	0	0	0	75	0	0	0	0	0	0	176	0	0	0	224	0	0	0	0	0	0	25	0	0	0	0	0	0	0	0	0	0	0	0	0	0	0	65	0	0	0	0	0	0	159	0	0	0	209	0	0	0	0	0	0	19	0	0	0	0	0	0	0	0	0	0	0	0	0	0	0	0	0	0	30	0	0	0	0	0	0	0	0	0	0	0	0	0	0	0	0	0	0	0	0	0	0	0	49	0	0	0	0	0	0	119	0	0	0	155	0	0	0	0	0	0	0	0	0	0	0	0	0	0	0	0	0	0	0	0	0	0	0	0	0	0	0	0	0	0	0	0	0	0	0	0	0	0	0	0	0	0	0	0	0	0	0	0	0	0	0	0	0	0	0	0	22	0	0	0	0	0	0	0	0	0	0	0	0	0	0	0	0	0	0	0	0	0	0	0	0
10	0	0	0	92	0	0	0	62	0	0	0	0	0	0	120	0	0	0	147	0	0	0	60	0	0	0	0	0	0	116	0	0	0	143	0	0	0	0	0	0	13	0	0	0	0	0	0	0	0	0	0	0	0	0	0	0	51	0	0	0	0	0	0	103	0	0	0	133	0	0	0	0	0	0	9	0	0	0	0	0	0	0	0	0	0	0	0	0	0	0	0	0	0	25	0	0	0	0	0	0	0	0	0	0	0	0	0	0	0	0	0	0	0	0	0	0	0	40	0	0	0	0	0	0	83	0	0	0	103	0	0	0	0	0	0	0	0	0	0	0	0	0	0	0	0	0	0	0	0	0	0	0	0	0	0	0	0	0	0	0	0	0	0	0	0	0	0	0	0	0	0	0	0	0	0	0	0	0	0	0	0	0	0	0	0	11	0	0	0	0	0	0	0	0	0	0	0	0	0	0	0	0	0	0	0	0	0	0	0	0
5	0	0	0	29	0	0	0	25	0	0	0	0	0	0	38	0	0	0	0	0	0	0	25	0	0	0	0	0	0	38	0	0	0	0	0	0	0	0	0	0	0	0	0	0	0	0	0	0	0	0	0	0	0	0	0	0	25	0	0	0	0	0	0	38	0	0	0	0	0	0	0	0	0	0	0	0	0	0	0	0	0	0	0	0	0	0	0	0	0	0	0	0	0	0	0	0	0	0	0	0	0	0	0	0	0	0	0	0	0	0	0	0	0	0	0	0	0	25	0	0	0	0	0	0	38	0	0	0	0	0	0	0	0	0	0	0	0	0	0	0	0	0	0	0	0	0	0	0	0	0	0	0	0	0	0	0	0	0	0	0	0	0	0	0	0	0	0	0	0	0	0	0	0	0	0	0	0	0	0	0	0	0	0	0	0	0	0	0	0	0	0	0	0	0	0	0	0	0	0	0	0	0	0	0	0	0	0	0	0	0
