142	136	14	12	0	131	5	8	0	7	7	0	2	4	0	0	6	12	0	0	127	5	8	0	1	4	0	2	4	0	0	3	12	0	0	6	3	0	0	0	0	0	0	0	0	0	0	0	0	0	3	0	0	0	123	5	8	0	1	4	0	2	4	0	0	3	12	0	0	0	0	0	0	0	0	0	0	0	0	0	0	0	0	0	0	0	0	0	6	3	0	0	0	0	0	0	0	0	0	0	0	0	0	0	0	0	0	0	0	0	0	3	0	0	0	119	5	8	0	1	4	0	2	4	0	0	3	12	0	0	0	0	0	0	0	0	0	0	0	0	0	0	0	0	0	0	0	0	0	0	0	0	0	0	0	0	0	0	0	0	0	0	0	0	0	0	0	0	0	0	0	0	0	0	0	0	6	3	0	0	0	0	0	0	0	0	0	0	0	0	0	0	0	0	0	0	0	0	0	0	0	0	0	0	0	0	0	3	0	0	0
210	202	16	20	0	196	6	12	0	12	8	0	3	0	0	0	18	4	0	0	190	6	12	0	2	0	0	3	0	0	0	6	0	0	0	10	8	0	0	0	0	0	0	0	0	0	0	0	0	0	12	4	0	0	184	6	12	0	2	0	0	3	0	0	0	6	0	0	0	0	0	0	0	0	0	0	0	0	0	0	0	0	0	0	0	0	0	0	10	8	0	0	0	0	0	0	0	0	0	0	0	0	0	0	0	0	0	0	0	0	0	12	4	0	0	178	6	12	0	2	0	0	3	0	0	0	6	0	0	0	0	0	0	0	0	0	0	0	0	0	0	0	0	0	0	0	0	0	0	0	0	0	0	0	0	0	0	0	0	0	0	0	0	0	0	0	0	0	0	0	0	0	0	0	0	0	10	8	0	0	0	0	0	0	0	0	0	0	0	0	0	0	0	0	0	0	0	0	0	0	0	0	0	0	0	0	0	12	4	0	0
208	202	18	8	0	196	8	0	0	12	8	0	3	0	0	0	18	4	0	0	190	8	0	0	2	0	0	3	0	0	0	6	0	0	0	10	8	0	0	0	0	0	0	0	0	0	0	0	0	0	12	4	0	0	184	8	0	0	2	0	0	3	0	0	0	6	0	0	0	0	0	0	0	0	0	0	0	0	0	0	0	0	0	0	0	0	0	0	10	8	0	0	0	0	0	0	0	0	0	0	0	0	0	0	0	0	0	0	0	0	0	12	4	0	0	178	8	0	0	2	0	0	3	0	0	0	6	0	0	0	0	0	0	0	0	0	0	0	0	0	0	0	0	0	0	0	0	0	0	0	0	0	0	0	0	0	0	0	0	0	0	0	0	0	0	0	0	0	0	0	0	0	0	0	0	0	10	8	0	0	0	0	0	0	0	0	0	0	0	0	0	0	0	0	0	0	0	0	0	0	0	0	0	0	0	0	0	12	4	0	0
208	202	18	8	0	196	8	0	0	12	8	0	3	0	0	0	18	4	0	0	190	8	0	0	2	0	0	3	0	0	0	6	0	0	0	10	8	0	0	0	0	0	0	0	0	0	0	0	0	0	12	4	0	0	184	8	0	0	2	0	0	3	0	0	0	6	0	0	0	0	0	0	0	0	0	0	0	0	0	0	0	0	0	0	0	0	0	0	10	8	0	0	0	0	0	0	0	0	0	0	0	0	0	0	0	0	0	0	0	0	0	12	4	0	0	178	8	0	0	2	0	0	3	0	0	0	6	0	0	0	0	0	0	0	0	0	0	0	0	0	0	0	0	0	0	0	0	0	0	0	0	0	0	0	0	0	0	0	0	0	0	0	0	0	0	0	0	0	0	0	0	0	0	0	0	0	10	8	0	0	0	0	0	0	0	0	0	0	0	0	0	0	0	0	0	0	0	0	0	0	0	0	0	0	0	0	0	12	4	0	0
242	234	26	19	0	227	11	7	0	21	12	0	6	0	0	0	45	27	0	0	220	11	7	0	6	0	0	6	0	0	0	21	0	0	0	18	12	0	2	0	0	0	3	0	0	0	2	0	0	0	37	27	0	0	213	11	7	0	6	0	0	6	0	0	0	21	0	0	0	3	0	0	2	0	0	0	1	0	0	0	2	0	0	0	13	0	0	0	17	12	0	2	0	0	0	0	0	0	0	1	0	0	0	3	0	0	0	0	0	0	0	33	27	0	0	206	11	7	0	6	0	0	6	0	0	0	21	0	0	0	3	0	0	2	0	0	0	1	0	0	0	2	0	0	0	13	0	0	0	2	0	0	2	0	0	0	0	0	0	0	1	0	0	0	1	0	0	0	0	0	0	0	9	0	0	0	17	12	0	1	0	0	0	0	0	0	0	2	0	0	0	0	0	0	0	1	0	0	0	3	0	0	0	0	0	0	0	33	27	0	0
310	298	28	29	18	288	13	27	0	20	9	18	5	18	0	0	58	27	0	0	279	13	27	0	8	9	0	5	18	0	0	30	27	0	0	17	0	18	3	0	0	0	5	0	0	0	2	0	0	0	50	0	0	0	270	13	27	0	8	9	0	5	18	0	0	30	27	0	0	5	0	0	3	0	0	0	2	0	0	0	2	0	0	0	22	0	0	0	15	0	18	2	0	0	0	0	0	0	0	2	0	0	0	5	0	0	0	0	0	0	0	42	0	0	0	261	13	27	0	8	9	0	5	18	0	0	30	27	0	0	5	0	0	3	0	0	0	2	0	0	0	2	0	0	0	22	0	0	0	3	0	0	2	0	0	0	0	0	0	0	2	0	0	0	2	0	0	0	0	0	0	0	14	0	0	0	15	0	18	1	0	0	0	0	0	0	0	2	0	0	0	0	0	0	0	2	0	0	0	5	0	0	0	0	0	0	0	42	0	0	0
305	296	27	8	15	287	15	0	0	21	8	15	6	0	0	0	63	8	15	0	278	15	0	0	9	0	0	6	0	0	0	35	0	0	0	18	8	15	3	0	0	0	6	0	0	0	2	0	0	0	55	8	15	0	269	15	0	0	9	0	0	6	0	0	0	35	0	0	0	6	0	0	3	0	0	0	3	0	0	0	2	0	0	0	27	0	0	0	16	8	15	2	0	0	0	0	0	0	0	2	0	0	0	6	0	0	0	0	0	0	0	47	8	15	0	260	15	0	0	9	0	0	6	0	0	0	35	0	0	0	6	0	0	3	0	0	0	3	0	0	0	2	0	0	0	27	0	0	0	4	0	0	2	0	0	0	0	0	0	0	2	0	0	0	3	0	0	0	0	0	0	0	19	0	0	0	16	8	15	1	0	0	0	2	0	0	0	2	0	0	0	0	0	0	0	2	0	0	0	6	0	0	0	0	0	0	0	47	8	15	0
330	320	55	29	3	310	33	9	0	51	29	3	29	0	0	0	146	86	12	0	300	32	9	0	29	9	0	25	0	0	0	95	36	0	0	46	29	3	11	0	0	0	9	5	0	0	25	0	0	0	134	86	12	0	290	32	9	0	28	9	0	25	0	0	0	95	36	0	0	24	9	0	11	0	0	0	7	0	0	0	21	0	0	0	83	36	0	0	42	29	3	3	0	0	0	2	0	0	0	10	0	0	0	9	5	0	0	21	0	0	0	119	86	12	0	280	32	9	0	28	9	0	25	0	0	0	95	36	0	0	23	9	0	11	0	0	0	7	0	0	0	21	0	0	0	83	36	0	0	20	9	0	3	0	0	0	1	0	0	0	10	0	0	0	7	0	0	0	17	0	0	0	68	36	0	0	38	29	3	16	0	0	0	12	0	0	0	3	0	0	0	2	0	0	0	6	0	0	0	7	5	0	0	15	0	0	0	113	86	12	0
315	301	61	74	3	288	29	50	0	53	61	3	30	42	0	0	149	190	12	0	277	27	48	0	26	39	0	21	40	0	0	84	135	0	0	46	39	3	9	19	0	0	9	14	0	0	28	20	0	0	131	135	12	0	267	27	46	0	24	38	0	21	38	0	0	80	131	0	0	23	19	0	9	19	0	0	6	9	0	0	19	20	0	0	77	85	0	0	42	29	3	1	18	0	0	1	0	0	0	9	9	0	0	9	14	0	0	26	0	0	0	116	95	12	0	257	27	45	0	24	36	0	21	36	0	0	80	126	0	0	21	18	0	9	18	0	0	6	9	0	0	19	18	0	0	73	81	0	0	19	9	0	1	18	0	0	1	0	0	0	9	9	0	0	6	9	0	0	17	0	0	0	62	45	0	0	33	29	3	11	9	0	0	11	0	0	0	1	18	0	0	1	0	0	0	5	9	0	0	6	14	0	0	15	0	0	0	97	95	12	0
243	234	49	27	0	225	24	15	0	46	27	0	28	0	0	0	128	95	0	0	216	22	14	0	21	15	0	19	0	0	0	67	67	0	0	38	27	0	7	7	0	0	8	11	0	0	24	0	0	0	107	95	0	0	208	22	14	0	19	14	0	19	0	0	0	63	63	0	0	17	15	0	7	7	0	0	5	7	0	0	15	0	0	0	57	67	0	0	34	19	0	3	0	0	0	0	0	0	0	6	7	0	0	8	11	0	0	20	0	0	0	92	63	0	0	200	22	14	0	19	14	0	19	0	0	0	63	63	0	0	15	14	0	7	7	0	0	5	7	0	0	15	0	0	0	53	63	0	0	13	7	0	3	0	0	0	0	0	0	0	6	7	0	0	5	7	0	0	11	0	0	0	42	35	0	0	26	19	0	6	0	0	0	8	0	0	0	3	0	0	0	0	0	0	0	3	7	0	0	6	11	0	0	9	0	0	0	76	63	0	0
301	291	69	17	22	281	49	9	0	68	17	22	54	0	0	0	192	53	22	21	271	47	9	0	48	9	0	45	0	0	0	139	45	0	0	64	17	22	13	0	0	0	12	9	0	0	52	0	0	0	183	53	22	21	261	47	9	0	46	9	0	45	0	0	0	135	45	0	0	44	9	0	13	0	0	0	10	9	0	0	43	0	0	0	130	45	0	0	59	17	22	5	0	0	0	5	0	0	0	12	0	0	0	12	9	0	0	48	0	0	0	164	53	22	21	251	45	9	0	46	9	0	45	0	0	0	135	45	0	0	42	9	0	13	0	0	0	10	9	0	0	43	0	0	0	126	45	0	0	39	9	0	3	0	0	0	5	0	0	0	12	0	0	0	10	9	0	0	39	0	0	0	111	45	0	0	46	17	22	21	0	0	0	13	16	0	0	5	0	0	0	5	0	0	0	8	0	0	0	8	9	0	0	37	0	0	0	142	53	22	21
383	370	93	55	14	357	60	39	0	92	55	14	62	18	0	0	244	195	28	6	344	58	39	0	59	39	0	53	18	0	0	161	168	0	0	87	55	14	19	0	0	0	16	12	0	0	60	18	0	0	233	195	28	6	331	58	39	0	57	39	0	53	18	0	0	157	168	0	0	54	39	0	19	0	0	0	13	12	0	0	51	18	0	0	150	168	0	0	82	55	14	7	0	0	0	11	0	0	0	18	0	0	0	16	12	0	0	56	18	0	0	214	195	28	6	318	55	35	0	57	39	0	53	18	0	0	157	168	0	0	52	39	0	19	0	0	0	13	12	0	0	51	18	0	0	146	168	0	0	49	39	0	3	0	0	0	6	0	0	0	18	0	0	0	13	12	0	0	47	18	0	0	131	168	0	0	67	55	14	25	28	0	0	14	21	0	0	7	0	0	0	11	0	0	0	12	0	0	0	11	12	0	0	45	18	0	0	189	195	28	6
436	420	108	100	10	404	67	76	0	105	100	10	62	58	0	0	248	285	30	6	389	65	73	0	66	76	0	55	54	0	0	162	227	0	0	99	85	10	19	32	0	0	20	14	0	0	60	58	0	0	235	255	30	6	374	64	73	0	64	73	0	55	54	0	0	160	223	0	0	60	61	0	15	32	0	0	16	14	0	0	53	54	0	0	149	197	0	0	93	85	10	7	0	0	0	14	11	0	0	18	32	0	0	20	14	0	0	53	58	0	0	215	255	30	6	360	61	67	0	63	73	0	55	54	0	0	160	223	0	0	59	59	0	15	32	0	0	16	14	0	0	53	54	0	0	149	195	0	0	57	61	0	3	0	0	0	9	9	0	0	14	32	0	0	16	14	0	0	49	54	0	0	138	197	0	0	81	71	10	29	36	0	0	17	18	0	0	7	0	0	0	14	11	0	0	13	18	0	0	16	0	0	0	47	58	0	0	203	213	30	6
442	422	116	159	14	402	73	116	0	113	159	14	67	185	0	0	269	384	56	6	383	71	104	0	72	116	0	59	145	0	0	188	272	0	0	101	140	14	14	68	0	0	22	27	14	0	65	185	0	0	241	346	56	6	366	71	103	0	70	104	0	59	143	0	0	182	259	0	0	67	99	0	14	65	0	0	19	26	0	0	57	145	0	0	177	238	0	0	95	106	14	6	13	0	0	7	0	0	0	13	68	0	0	22	27	14	0	60	151	0	0	220	227	56	6	352	68	102	0	70	103	0	59	143	0	0	182	257	0	0	66	90	0	14	65	0	0	19	26	0	0	57	143	0	0	173	231	0	0	64	71	0	2	13	0	0	7	0	0	0	13	65	0	0	19	26	0	0	55	117	0	0	165	140	0	0	74	64	14	33	11	0	0	16	21	0	0	6	13	0	0	7	0	0	0	10	26	0	0	15	13	14	0	55	67	0	0	189	185	56	6
384	366	123	131	0	348	74	101	0	123	131	0	78	117	0	0	255	319	0	0	330	70	101	0	74	101	0	61	117	0	0	174	239	0	0	119	131	0	19	0	0	0	21	31	0	0	78	117	0	0	247	319	0	0	312	70	101	0	70	101	0	61	117	0	0	167	239	0	0	70	101	0	19	0	0	0	18	24	0	0	61	117	0	0	166	239	0	0	113	131	0	8	0	0	0	15	0	0	0	19	0	0	0	21	31	0	0	73	117	0	0	227	319	0	0	297	67	96	0	70	101	0	61	117	0	0	167	239	0	0	67	101	0	19	0	0	0	18	24	0	0	61	117	0	0	161	239	0	0	67	101	0	4	0	0	0	11	0	0	0	19	0	0	0	18	24	0	0	59	117	0	0	155	239	0	0	89	86	0	47	20	0	0	20	12	0	0	8	0	0	0	15	0	0	0	13	0	0	0	14	16	0	0	62	117	0	0	196	274	0	0
553	532	141	166	32	511	96	145	0	141	166	32	76	128	7	0	265	340	32	60	490	93	143	0	96	145	0	69	120	0	0	198	297	0	0	138	166	32	40	20	0	0	31	34	0	0	76	128	7	0	259	340	32	60	469	89	141	0	93	143	0	69	120	0	0	192	293	0	0	93	145	0	21	20	0	0	26	34	0	0	69	120	0	0	192	297	0	0	136	166	32	22	18	0	0	26	48	0	0	40	20	0	0	31	34	0	0	74	128	7	0	252	340	32	60	449	82	119	0	89	141	0	69	112	0	0	192	284	0	0	90	143	0	20	20	0	0	26	34	0	0	69	120	0	0	186	293	0	0	91	145	0	20	0	0	0	21	40	0	0	21	20	0	0	26	34	0	0	67	120	0	0	185	297	0	0	120	146	32	53	36	30	0	34	17	64	0	22	18	0	0	26	48	0	0	34	20	0	0	25	34	0	0	68	128	7	0	234	340	32	60
514	494	129	153	24	474	86	127	0	126	153	24	78	108	7	0	232	341	48	38	455	83	121	0	85	127	0	67	100	0	0	179	308	0	0	122	134	24	17	74	0	0	26	30	0	0	78	108	7	0	224	303	48	38	436	82	119	0	82	121	0	67	100	0	0	176	295	0	0	81	108	0	13	74	0	0	23	28	0	0	67	100	0	0	171	270	0	0	117	134	24	6	16	0	0	22	11	0	0	17	74	0	0	26	30	0	0	73	108	7	0	208	303	48	38	419	75	107	0	81	119	0	67	96	0	0	176	285	0	0	79	104	0	13	74	0	0	23	27	0	0	67	100	0	0	170	261	0	0	79	108	0	4	0	0	0	18	10	0	0	13	74	0	0	23	28	0	0	65	100	0	0	164	270	0	0	99	100	24	38	32	30	0	17	0	24	0	6	16	0	0	22	11	0	0	13	40	0	0	20	13	0	0	67	108	7	0	190	252	48	38
397	380	118	105	17	363	89	71	0	118	105	17	92	72	7	0	221	173	68	24	346	86	71	0	89	71	0	79	72	0	0	181	153	0	0	114	105	17	19	0	0	0	22	26	0	0	92	72	7	0	213	173	68	24	329	86	71	0	86	71	0	79	72	0	0	174	153	0	0	85	71	0	19	0	0	0	20	24	0	0	79	72	0	0	173	153	0	0	108	105	17	8	0	0	0	15	0	0	0	19	0	0	0	22	26	0	0	87	72	7	0	193	173	68	24	315	80	67	0	86	71	0	79	72	0	0	174	153	0	0	83	71	0	19	0	0	0	20	24	0	0	79	72	0	0	168	153	0	0	82	71	0	4	0	0	0	15	0	0	0	19	0	0	0	20	24	0	0	77	72	0	0	162	153	0	0	82	63	17	37	28	16	0	21	0	0	0	8	0	0	0	15	0	0	0	13	0	0	0	15	12	0	0	76	72	7	0	162	131	68	24
441	420	133	178	11	399	101	142	0	133	178	11	100	96	7	0	224	247	55	14	378	96	142	0	101	142	0	87	96	0	0	180	217	0	0	130	178	11	22	0	0	0	24	59	0	0	100	96	7	0	218	247	55	14	357	95	142	0	96	142	0	87	96	0	0	169	217	0	0	98	142	0	18	0	0	0	21	57	0	0	87	96	0	0	174	217	0	0	124	178	11	16	0	0	0	20	11	0	0	22	0	0	0	24	59	0	0	95	96	7	0	198	247	55	14	339	87	137	0	95	142	0	87	96	0	0	169	217	0	0	94	142	0	16	0	0	0	20	57	0	0	87	96	0	0	165	217	0	0	95	142	0	12	0	0	0	20	11	0	0	18	0	0	0	21	57	0	0	85	96	0	0	163	217	0	0	99	124	11	38	30	4	0	30	51	0	0	16	0	0	0	20	11	0	0	17	0	0	0	18	41	0	0	84	96	7	0	170	193	55	14
522	503	131	147	4	484	97	109	0	131	147	4	76	119	0	0	191	232	20	0	465	95	101	0	97	109	0	73	88	0	0	150	192	0	0	130	147	4	31	33	0	0	31	31	4	0	76	119	0	0	189	232	20	0	446	91	98	0	95	101	0	73	88	0	0	146	187	0	0	96	109	0	12	33	0	0	26	28	0	0	73	88	0	0	148	192	0	0	130	147	4	19	30	0	0	31	44	0	0	31	33	0	0	31	31	4	0	76	119	0	0	189	232	20	0	428	84	81	0	91	98	0	73	82	0	0	146	175	0	0	94	101	0	11	33	0	0	26	28	0	0	73	88	0	0	144	187	0	0	96	109	0	13	15	0	0	30	44	0	0	12	33	0	0	26	28	0	0	73	88	0	0	148	192	0	0	113	129	4	33	95	4	0	49	37	0	0	19	30	0	0	31	44	0	0	29	33	0	0	26	31	4	0	76	119	0	0	174	232	20	0
296	283	77	39	37	270	64	36	7	77	39	37	62	27	5	28	142	75	0	56	257	62	36	0	64	36	7	54	27	0	0	114	72	0	0	74	39	37	14	0	0	0	16	19	0	14	62	27	5	28	136	75	0	56	244	61	36	0	62	36	0	54	27	0	0	108	72	0	0	61	36	7	14	0	0	0	15	18	0	0	54	27	0	0	108	72	0	0	68	39	37	4	0	8	0	11	0	0	0	14	0	0	0	16	19	0	14	57	27	5	28	116	75	0	56	234	53	36	0	61	36	0	52	27	0	0	103	72	0	0	60	36	0	14	0	0	0	15	18	0	0	54	27	0	0	104	72	0	0	58	36	7	1	0	0	0	11	0	0	0	14	0	0	0	15	18	0	0	52	27	0	0	97	72	0	0	49	9	37	8	0	55	0	25	0	0	0	4	0	8	0	11	0	0	0	9	0	0	0	11	9	0	14	46	27	5	28	91	45	0	56
412	398	89	52	35	384	76	40	0	88	52	35	64	30	5	0	128	89	35	88	370	75	40	0	75	40	0	61	30	0	0	121	80	0	0	87	52	35	11	0	0	0	19	10	0	0	64	30	5	0	126	89	35	88	356	72	40	0	74	40	0	61	30	0	0	121	80	0	0	74	40	0	11	0	0	0	19	10	0	0	61	30	0	0	119	80	0	0	87	52	35	5	0	26	0	21	0	0	0	11	0	0	0	19	10	0	0	64	30	5	0	126	89	35	88	342	59	37	0	71	40	0	51	30	0	0	107	80	0	0	73	40	0	11	0	0	0	19	10	0	0	61	30	0	0	119	80	0	0	74	40	0	0	0	0	0	20	0	0	0	11	0	0	0	19	10	0	0	61	30	0	0	119	80	0	0	72	52	35	10	27	80	0	33	18	0	0	5	0	26	0	21	0	0	0	9	0	0	0	15	10	0	0	64	30	5	0	114	89	35	88
266	251	61	77	18	236	49	68	0	61	77	18	36	79	5	0	80	59	0	32	221	49	68	0	49	68	0	36	79	0	0	71	59	0	0	61	77	18	3	0	0	0	14	0	0	0	36	79	5	0	80	59	0	32	206	49	68	0	49	68	0	36	79	0	0	71	59	0	0	49	68	0	3	0	0	0	13	0	0	0	36	79	0	0	71	59	0	0	61	77	18	3	0	0	0	10	0	0	0	3	0	0	0	14	0	0	0	36	79	5	0	80	59	0	32	193	42	68	0	49	68	0	36	79	0	0	71	59	0	0	49	68	0	3	0	0	0	13	0	0	0	36	79	0	0	71	59	0	0	49	68	0	0	0	0	0	10	0	0	0	3	0	0	0	13	0	0	0	36	79	0	0	71	59	0	0	46	51	18	14	0	28	0	27	16	0	0	3	0	0	0	10	0	0	0	3	0	0	0	10	0	0	0	36	79	5	0	68	59	0	32
318	304	83	67	18	290	76	59	0	83	67	18	68	11	5	0	109	29	18	32	276	74	59	0	76	59	0	68	11	0	0	104	22	0	0	83	67	18	12	0	0	0	17	16	0	0	68	11	5	0	109	29	18	32	262	70	59	0	74	59	0	65	11	0	0	96	22	0	0	76	59	0	12	0	0	0	17	16	0	0	68	11	0	0	104	22	0	0	83	67	18	11	0	0	0	12	32	0	0	12	0	0	0	17	16	0	0	68	11	5	0	109	29	18	32	248	56	56	0	70	59	0	59	11	0	0	90	22	0	0	74	59	0	10	0	0	0	17	16	0	0	65	11	0	0	96	22	0	0	76	59	0	6	0	0	0	11	32	0	0	12	0	0	0	17	16	0	0	68	11	0	0	104	22	0	0	71	67	18	14	24	28	0	39	78	0	0	11	0	0	0	12	32	0	0	12	0	0	0	14	16	0	0	68	11	5	0	100	29	18	32
266	256	63	29	11	246	57	17	0	63	29	11	42	0	5	0	74	18	22	15	236	57	17	0	57	17	0	42	0	0	0	71	0	0	0	63	29	11	4	0	0	0	14	0	0	0	42	0	5	0	74	18	22	15	226	56	17	0	57	17	0	42	0	0	0	71	0	0	0	57	17	0	4	0	0	0	14	0	0	0	42	0	0	0	71	0	0	0	63	29	11	5	0	0	0	13	8	0	0	4	0	0	0	14	0	0	0	42	0	5	0	74	18	22	15	216	47	17	0	56	17	0	39	0	0	0	68	0	0	0	57	17	0	4	0	0	0	14	0	0	0	42	0	0	0	71	0	0	0	57	17	0	0	0	0	0	11	8	0	0	4	0	0	0	14	0	0	0	42	0	0	0	71	0	0	0	54	29	11	19	0	21	0	37	36	0	0	5	0	0	0	13	8	0	0	4	0	0	0	12	0	0	0	42	0	5	0	68	18	22	15
396	381	71	79	32	366	61	66	5	71	79	32	44	48	0	25	61	50	32	64	351	59	66	0	61	66	5	41	48	0	0	60	48	5	0	71	79	32	8	0	0	0	13	21	0	4	44	48	0	25	61	50	32	64	336	54	64	0	59	66	0	41	48	0	0	56	48	0	0	61	66	5	8	0	0	0	13	21	0	0	41	48	0	0	60	48	5	0	71	79	32	4	14	30	0	40	20	0	0	8	0	0	0	13	21	0	4	44	48	0	25	61	50	32	64	321	43	47	0	54	64	0	30	42	0	0	38	43	0	0	59	66	0	7	0	0	0	13	21	0	0	41	48	0	0	56	48	0	0	61	66	5	4	0	15	0	34	13	0	0	8	0	0	0	13	21	0	0	41	48	0	0	60	48	5	0	70	79	32	21	21	47	0	67	66	64	0	4	14	30	0	40	20	0	0	8	0	0	0	13	21	0	4	44	48	0	25	61	50	32	64
323	311	60	49	6	299	54	39	0	60	49	6	46	0	0	0	50	14	12	11	287	54	39	0	54	39	0	46	0	0	0	50	14	0	0	60	49	6	6	0	0	0	9	0	0	0	46	0	0	0	50	14	12	11	275	52	39	0	54	39	0	46	0	0	0	50	14	0	0	54	39	0	6	0	0	0	9	0	0	0	46	0	0	0	50	14	0	0	60	49	6	3	0	0	0	41	16	0	0	6	0	0	0	9	0	0	0	46	0	0	0	50	14	12	11	263	41	31	0	52	39	0	41	0	0	0	44	14	0	0	54	39	0	6	0	0	0	9	0	0	0	46	0	0	0	50	14	0	0	54	39	0	0	0	0	0	31	11	0	0	6	0	0	0	9	0	0	0	46	0	0	0	50	14	0	0	60	49	6	16	40	0	0	76	65	0	0	3	0	0	0	41	16	0	0	6	0	0	0	9	0	0	0	46	0	0	0	50	14	12	11
220	212	34	16	0	204	26	16	0	34	16	0	11	0	0	0	22	8	0	0	196	26	16	0	26	16	0	11	0	0	0	22	8	0	0	34	16	0	0	0	0	0	2	0	0	0	11	0	0	0	22	8	0	0	188	26	16	0	26	16	0	11	0	0	0	22	8	0	0	26	16	0	0	0	0	0	2	0	0	0	11	0	0	0	22	8	0	0	34	16	0	3	0	0	0	18	0	0	0	0	0	0	0	2	0	0	0	11	0	0	0	22	8	0	0	180	23	16	0	26	16	0	11	0	0	0	22	8	0	0	26	16	0	0	0	0	0	2	0	0	0	11	0	0	0	22	8	0	0	26	16	0	0	0	0	0	7	0	0	0	0	0	0	0	2	0	0	0	11	0	0	0	22	8	0	0	34	16	0	24	0	0	0	40	4	0	0	3	0	0	0	18	0	0	0	0	0	0	0	2	0	0	0	11	0	0	0	22	8	0	0
333	320	76	65	0	307	66	52	0	76	65	0	59	35	0	0	68	46	0	0	294	66	52	0	66	52	0	59	35	0	0	68	46	0	0	76	65	0	8	0	0	0	11	0	0	0	59	35	0	0	68	46	0	0	281	60	52	0	66	52	0	59	35	0	0	68	46	0	0	66	52	0	8	0	0	0	10	0	0	0	59	35	0	0	68	46	0	0	76	65	0	11	0	0	0	48	56	0	0	8	0	0	0	11	0	0	0	59	35	0	0	68	46	0	0	268	44	44	0	60	52	0	46	35	0	0	58	46	0	0	66	52	0	8	0	0	0	10	0	0	0	59	35	0	0	68	46	0	0	66	52	0	2	0	0	0	28	35	0	0	8	0	0	0	10	0	0	0	59	35	0	0	68	46	0	0	76	65	0	26	32	0	0	79	110	0	0	11	0	0	0	48	56	0	0	8	0	0	0	11	0	0	0	59	35	0	0	68	46	0	0
260	250	48	32	0	240	38	29	0	48	32	0	30	0	0	0	42	34	0	0	230	38	29	0	38	29	0	30	0	0	0	42	34	0	0	48	32	0	4	0	0	0	3	0	0	0	30	0	0	0	42	34	0	0	220	38	29	0	38	29	0	30	0	0	0	42	34	0	0	38	29	0	4	0	0	0	2	0	0	0	30	0	0	0	42	34	0	0	48	32	0	9	0	0	0	38	0	0	0	4	0	0	0	3	0	0	0	30	0	0	0	42	34	0	0	210	31	24	0	38	29	0	30	0	0	0	42	34	0	0	38	29	0	4	0	0	0	2	0	0	0	30	0	0	0	42	34	0	0	38	29	0	2	0	0	0	18	0	0	0	4	0	0	0	2	0	0	0	30	0	0	0	42	34	0	0	48	32	0	26	15	0	0	58	35	0	0	9	0	0	0	38	0	0	0	4	0	0	0	3	0	0	0	30	0	0	0	42	34	0	0
399	382	131	113	16	365	118	99	0	131	113	16	124	126	0	0	169	87	0	38	348	109	96	0	118	99	0	109	120	0	0	158	84	0	5	131	113	16	42	18	0	0	42	52	0	0	124	126	0	0	169	87	0	38	331	92	90	0	109	96	0	98	120	0	0	131	84	0	0	118	99	0	37	18	0	0	40	44	0	0	109	120	0	0	158	84	0	5	131	113	16	53	0	14	0	84	140	16	0	42	18	0	0	42	52	0	0	124	126	0	0	169	87	0	38	314	57	78	0	92	90	0	60	108	0	0	98	66	0	0	109	96	0	27	18	0	0	35	42	0	0	98	120	0	0	131	84	0	0	118	99	0	41	0	0	0	66	116	0	0	37	18	0	0	40	44	0	0	109	120	0	0	158	84	0	5	131	113	16	41	0	57	0	123	218	32	0	53	0	14	0	84	140	16	0	42	18	0	0	42	52	0	0	124	126	0	0	169	87	0	38
363	347	104	102	12	331	92	87	0	104	102	12	85	126	0	0	120	104	0	6	315	91	85	0	92	87	0	85	120	0	0	118	100	0	0	104	102	12	26	20	0	0	24	14	0	0	85	126	0	0	120	104	0	6	299	78	85	0	91	85	0	82	120	0	0	114	100	0	0	92	87	0	24	20	0	0	22	11	0	0	85	120	0	0	118	100	0	0	104	102	12	30	0	0	0	65	115	0	0	26	20	0	0	24	14	0	0	85	126	0	0	120	104	0	6	283	43	70	0	78	85	0	56	120	0	0	90	100	0	0	91	85	0	23	20	0	0	22	10	0	0	82	120	0	0	114	100	0	0	92	87	0	17	0	0	0	42	84	0	0	24	20	0	0	22	11	0	0	85	120	0	0	118	100	0	0	104	102	12	30	0	51	0	101	194	36	0	30	0	0	0	65	115	0	0	26	20	0	0	24	14	0	0	85	126	0	0	120	104	0	6
368	351	146	118	0	334	125	108	0	146	118	0	140	78	0	0	210	138	0	0	317	111	100	0	125	108	0	110	70	0	0	182	129	0	0	146	118	0	62	56	0	0	51	82	0	0	140	78	0	0	210	138	0	0	300	96	92	0	111	100	0	99	70	0	0	145	124	0	0	125	108	0	57	56	0	0	50	74	0	0	110	70	0	0	182	129	0	0	146	118	0	82	48	0	0	88	107	0	0	62	56	0	0	51	82	0	0	140	78	0	0	210	138	0	0	283	68	87	0	96	92	0	66	66	0	0	117	112	0	0	111	100	0	42	56	0	0	41	66	0	0	99	70	0	0	145	124	0	0	125	108	0	69	44	0	0	74	94	0	0	57	56	0	0	50	74	0	0	110	70	0	0	182	129	0	0	146	118	0	72	11	0	0	139	182	0	0	82	48	0	0	88	107	0	0	62	56	0	0	51	82	0	0	140	78	0	0	210	138	0	0
500	479	179	178	0	458	141	153	0	179	178	0	138	60	0	0	292	283	0	0	437	129	133	0	141	153	0	114	12	0	0	214	205	0	0	179	178	0	89	59	0	0	81	150	0	0	138	60	0	0	292	283	0	0	416	111	110	0	129	133	0	107	0	0	0	186	155	0	0	141	153	0	70	30	0	0	77	146	0	0	114	12	0	0	214	205	0	0	179	178	0	96	120	0	0	89	176	0	0	89	59	0	0	81	150	0	0	138	60	0	0	292	283	0	0	395	80	95	0	111	110	0	76	0	0	0	162	126	0	0	129	133	0	52	15	0	0	64	139	0	0	107	0	0	0	186	155	0	0	141	153	0	64	60	0	0	74	164	0	0	70	30	0	0	77	146	0	0	114	12	0	0	214	205	0	0	179	178	0	71	45	0	0	142	288	0	0	96	120	0	0	89	176	0	0	89	59	0	0	81	150	0	0	138	60	0	0	292	283	0	0
373	354	137	157	0	335	101	140	0	137	157	0	92	139	0	0	215	300	0	0	316	89	121	0	101	140	0	61	120	0	0	155	271	0	0	137	157	0	53	170	0	0	64	70	0	0	92	139	0	0	215	300	0	0	297	80	109	0	89	121	0	54	104	0	0	123	227	0	0	101	140	0	42	162	0	0	57	70	0	0	61	120	0	0	155	271	0	0	137	157	0	95	93	0	0	62	70	0	0	53	170	0	0	64	70	0	0	92	139	0	0	215	300	0	0	278	59	99	0	80	109	0	44	97	0	0	110	215	0	0	89	121	0	32	150	0	0	49	64	0	0	54	104	0	0	123	227	0	0	101	140	0	63	86	0	0	50	68	0	0	42	162	0	0	57	70	0	0	61	120	0	0	155	271	0	0	137	157	0	72	47	0	0	139	113	0	0	95	93	0	0	62	70	0	0	53	170	0	0	64	70	0	0	92	139	0	0	215	300	0	0
327	315	66	39	37	303	33	11	37	66	39	37	24	0	67	0	159	125	148	0	291	31	11	37	33	11	37	18	0	67	0	72	55	148	0	65	39	37	12	0	19	0	32	0	0	0	24	0	67	0	157	125	148	0	279	30	11	36	31	11	37	18	0	67	0	69	55	148	0	32	11	37	8	0	19	0	22	0	0	0	18	0	67	0	70	55	148	0	65	39	37	14	0	0	9	19	7	0	0	12	0	19	0	32	0	0	0	24	0	67	0	157	125	148	0	267	25	7	22	30	11	36	18	0	63	0	69	55	144	0	30	11	37	8	0	19	0	22	0	0	0	18	0	67	0	67	55	148	0	32	11	37	0	0	0	0	7	0	0	0	8	0	19	0	22	0	0	0	18	0	67	0	70	55	148	0	63	39	37	15	28	0	32	24	7	0	32	14	0	0	9	19	7	0	0	11	0	19	0	31	0	0	0	24	0	67	0	154	125	148	0
440	423	120	81	50	406	76	31	47	120	81	50	53	0	108	0	243	196	250	0	389	68	31	47	76	31	47	33	0	96	0	138	46	235	0	118	81	50	39	0	62	0	48	15	0	0	53	0	108	0	239	196	250	0	372	64	31	44	68	31	47	33	0	96	0	122	46	235	0	74	31	47	20	0	59	0	43	15	0	0	33	0	96	0	134	46	235	0	118	81	50	50	0	0	25	41	40	0	0	39	0	62	0	48	15	0	0	53	0	108	0	239	196	250	0	355	52	31	17	64	31	44	33	0	88	0	122	46	220	0	66	31	47	15	0	59	0	41	15	0	0	33	0	96	0	118	46	235	0	74	31	47	12	0	0	0	27	0	0	0	20	0	59	0	43	15	0	0	33	0	96	0	134	46	235	0	111	81	50	32	0	15	52	74	10	0	56	50	0	0	25	41	40	0	0	36	0	62	0	45	15	0	0	53	0	108	0	230	196	250	0
299	286	99	65	5	273	71	52	0	99	65	5	50	29	14	0	196	91	10	0	260	66	50	0	71	52	0	39	27	0	0	137	73	0	0	99	65	5	43	18	3	0	53	32	0	0	50	29	14	0	196	91	10	0	247	66	46	0	66	50	0	39	27	0	0	125	71	0	0	71	52	0	43	18	0	0	52	32	0	0	39	27	0	0	137	73	0	0	99	65	5	78	20	0	0	48	0	0	0	43	18	3	0	53	32	0	0	50	29	14	0	196	91	10	0	234	42	36	0	66	46	0	39	27	0	0	125	61	0	0	66	50	0	29	18	0	0	43	32	0	0	39	27	0	0	125	71	0	0	71	52	0	22	0	0	0	29	0	0	0	43	18	0	0	52	32	0	0	39	27	0	0	137	73	0	0	99	65	5	31	0	21	0	73	92	10	0	78	20	0	0	48	0	0	0	43	18	3	0	53	32	0	0	50	29	14	0	196	91	10	0
440	422	132	130	5	404	84	101	0	132	130	5	66	118	14	0	257	312	15	0	386	73	95	0	84	101	0	42	106	0	0	157	231	0	0	132	130	5	65	54	3	0	74	122	0	0	66	118	14	0	257	312	15	0	368	67	86	0	73	95	0	38	106	0	0	133	210	0	0	84	101	0	49	54	0	0	61	112	0	0	42	106	0	0	157	231	0	0	132	130	5	78	54	0	0	54	48	0	0	65	54	3	0	74	122	0	0	66	118	14	0	257	312	15	0	350	41	62	0	67	86	0	30	88	0	0	126	195	0	0	73	95	0	28	54	0	0	43	97	0	0	38	106	0	0	133	210	0	0	84	101	0	27	0	0	0	37	27	0	0	49	54	0	0	61	112	0	0	42	106	0	0	157	231	0	0	132	130	5	34	36	21	0	73	148	15	0	78	54	0	0	54	48	0	0	65	54	3	0	74	122	0	0	66	118	14	0	257	312	15	0
255	245	65	36	0	235	34	23	0	65	36	0	29	7	0	0	145	110	0	0	225	32	23	0	34	23	0	23	7	0	0	72	81	0	0	65	36	0	12	0	0	0	34	16	0	0	29	7	0	0	145	110	0	0	215	32	20	0	32	23	0	23	7	0	0	69	81	0	0	34	23	0	12	0	0	0	26	16	0	0	23	7	0	0	72	81	0	0	65	36	0	31	12	0	0	18	0	0	0	12	0	0	0	34	16	0	0	29	7	0	0	145	110	0	0	205	23	13	0	32	20	0	23	4	0	0	69	69	0	0	32	23	0	9	0	0	0	22	16	0	0	23	7	0	0	69	81	0	0	34	23	0	4	0	0	0	5	0	0	0	12	0	0	0	26	16	0	0	23	7	0	0	72	81	0	0	65	36	0	26	12	0	0	36	25	0	0	31	12	0	0	18	0	0	0	12	0	0	0	34	16	0	0	29	7	0	0	145	110	0	0
504	485	86	63	110	466	60	18	81	86	63	110	41	0	89	75	151	90	330	87	447	58	18	81	60	18	81	36	0	81	75	108	0	243	84	82	63	110	31	0	11	0	30	15	0	0	41	0	89	75	143	90	330	87	428	53	18	80	58	18	81	36	0	81	75	108	0	243	84	56	18	81	12	0	11	0	24	0	0	0	36	0	81	75	100	0	243	84	80	63	110	12	0	4	10	16	0	0	0	31	0	11	0	30	15	0	0	39	0	89	75	136	90	330	87	409	50	18	67	53	18	80	35	0	79	71	104	0	240	80	54	18	81	12	0	11	0	24	0	0	0	36	0	81	75	100	0	243	84	54	18	81	10	0	0	5	16	0	0	0	12	0	11	0	24	0	0	0	34	0	81	75	93	0	243	84	66	63	110	15	0	11	89	20	0	0	0	12	0	4	10	16	0	0	0	25	0	11	0	25	15	0	0	33	0	89	75	121	90	330	87
482	463	105	98	79	444	74	50	54	105	98	79	37	0	95	57	134	142	316	87	425	69	46	51	74	50	54	27	0	84	48	88	34	216	84	102	98	79	28	48	11	0	34	58	0	0	37	0	95	57	128	142	316	87	406	57	34	50	69	46	51	27	0	81	48	83	34	204	84	71	50	54	8	0	11	0	28	34	0	0	27	0	84	48	82	34	216	84	102	98	79	21	0	30	10	31	64	79	0	28	48	11	0	34	58	0	0	37	0	95	57	128	142	316	87	387	52	34	37	57	34	50	19	0	79	44	74	34	200	80	66	46	51	7	0	11	0	28	34	0	0	27	0	81	48	77	34	204	84	71	50	54	19	0	15	5	31	64	54	0	8	0	11	0	28	34	0	0	27	0	84	48	82	34	216	84	94	98	79	30	0	7	80	53	49	0	0	21	0	30	10	31	64	79	0	25	48	11	0	31	58	0	0	37	0	95	57	119	142	316	87
365	351	91	25	54	337	72	13	15	91	25	54	37	0	18	33	159	38	54	97	323	71	13	10	72	13	15	35	0	13	20	122	26	15	84	90	25	54	53	0	0	0	50	13	0	0	37	0	18	33	157	38	54	97	309	53	13	10	71	13	10	35	0	10	20	121	26	10	84	71	13	15	29	0	0	0	44	13	0	0	35	0	13	20	120	26	15	84	90	25	54	23	0	74	0	34	0	0	0	53	0	0	0	50	13	0	0	37	0	18	33	157	38	54	97	295	48	13	9	53	13	10	28	0	10	18	97	26	10	80	70	13	10	29	0	0	0	44	13	0	0	35	0	10	20	119	26	10	84	71	13	15	21	0	21	0	34	0	0	0	29	0	0	0	44	13	0	0	35	0	13	20	120	26	15	84	89	25	54	23	0	23	9	84	0	0	0	23	0	74	0	34	0	0	0	53	0	0	0	50	13	0	0	37	0	18	33	157	38	54	97
530	509	106	158	45	488	73	110	24	105	158	45	59	51	40	29	134	229	225	55	467	67	92	21	72	110	24	46	51	35	20	98	119	120	47	104	158	45	24	177	11	0	45	63	0	0	59	51	40	29	132	229	225	55	446	50	56	20	66	92	21	42	42	32	20	91	104	105	47	71	110	24	15	42	11	0	40	45	0	0	46	51	35	20	96	119	120	47	104	158	45	14	126	48	10	36	112	135	0	24	177	11	0	45	63	0	0	59	51	40	29	132	229	225	55	425	38	51	14	49	56	20	14	42	30	18	69	98	100	44	65	92	21	7	27	11	0	35	32	0	0	42	42	32	20	89	104	105	47	71	110	24	12	126	15	5	35	112	72	0	15	42	11	0	40	45	0	0	46	51	35	20	96	119	120	47	102	158	45	28	45	12	34	49	126	0	0	14	126	48	10	36	112	135	0	24	177	11	0	45	63	0	0	59	51	40	29	132	229	225	55
432	415	83	87	38	398	49	61	3	83	87	38	27	75	6	9	126	246	76	97	381	47	60	0	49	61	3	18	72	3	0	73	204	6	84	82	87	38	35	12	0	0	46	26	0	0	27	75	6	9	124	246	76	97	364	32	58	0	47	60	0	18	72	0	0	73	204	0	84	48	61	3	11	12	0	0	33	24	0	0	18	72	3	0	71	204	6	84	82	87	38	9	20	62	0	27	0	0	0	35	12	0	0	46	26	0	0	27	75	6	9	124	246	76	97	347	28	42	0	32	58	0	11	66	0	0	54	194	0	80	46	60	0	11	12	0	0	33	24	0	0	18	72	0	0	71	204	0	84	48	61	3	9	0	15	0	27	0	0	0	11	12	0	0	33	24	0	0	18	72	3	0	71	204	6	84	82	87	38	9	60	23	0	62	0	38	0	9	20	62	0	27	0	0	0	35	12	0	0	46	26	0	0	27	75	6	9	124	246	76	97
355	340	43	49	84	325	30	38	22	40	49	84	15	0	0	44	43	28	84	326	311	24	38	19	29	38	22	9	0	0	38	40	28	22	177	38	35	84	7	0	39	28	11	0	0	0	15	0	0	44	39	0	84	326	297	23	38	19	23	38	19	9	0	0	38	40	28	19	163	27	24	22	7	0	0	28	11	0	0	0	9	0	0	38	36	0	22	177	38	35	84	12	0	10	0	20	0	0	0	7	0	39	28	11	0	0	0	15	0	0	44	39	0	84	326	283	19	36	19	22	38	19	6	0	0	38	35	28	19	160	21	24	19	4	0	0	28	9	0	0	0	9	0	0	38	36	0	19	163	27	24	22	12	0	0	0	20	0	0	0	7	0	0	28	11	0	0	0	9	0	0	38	36	0	22	177	35	35	84	11	22	39	0	17	0	0	0	12	0	10	0	20	0	0	0	4	0	39	28	9	0	0	0	15	0	0	44	33	0	84	326
409	393	52	41	107	377	37	15	52	51	41	107	15	0	48	103	42	0	214	272	361	31	15	49	36	15	52	9	0	45	93	38	0	104	162	49	41	107	6	0	39	30	13	0	0	0	15	0	48	103	38	0	214	272	345	30	15	48	30	15	49	9	0	45	93	38	0	98	153	34	15	52	6	0	0	30	13	0	0	0	9	0	45	93	34	0	104	162	49	41	107	12	0	10	7	21	0	0	0	6	0	39	30	13	0	0	0	15	0	48	103	38	0	214	272	329	26	13	39	29	15	48	6	0	42	90	33	0	96	150	28	15	49	3	0	0	30	11	0	0	0	9	0	45	93	34	0	98	153	34	15	52	12	0	0	0	21	0	0	0	6	0	0	30	13	0	0	0	9	0	45	93	34	0	104	162	45	41	107	11	26	39	19	23	0	0	32	12	0	10	7	21	0	0	0	4	0	39	30	12	0	0	0	15	0	48	103	35	0	214	272
478	459	86	77	101	440	68	32	56	85	77	101	39	42	64	79	63	14	303	234	421	50	18	52	67	32	56	26	0	61	65	55	0	168	159	83	77	101	10	0	123	19	31	18	101	0	39	42	64	79	59	14	303	234	402	46	18	38	49	18	52	26	0	61	53	45	0	156	153	65	32	56	10	0	64	10	31	18	56	0	26	0	61	65	51	0	168	159	83	77	101	20	0	0	7	62	68	0	16	10	0	123	19	31	18	101	0	39	42	64	79	59	14	303	234	383	42	18	29	45	18	38	18	0	42	50	41	0	114	150	47	18	52	6	0	49	10	20	18	52	0	26	0	61	53	41	0	156	153	65	32	56	20	0	0	0	58	56	0	0	10	0	64	10	31	18	56	0	26	0	61	65	51	0	168	159	80	77	101	14	0	9	19	91	52	0	32	20	0	0	7	62	68	0	16	8	0	123	19	30	18	101	0	39	42	64	79	56	14	303	234
258	247	31	31	32	237	20	10	21	31	21	32	9	0	10	22	18	7	96	45	227	15	10	20	20	0	21	3	0	10	20	16	0	63	24	29	21	32	5	0	27	10	5	0	0	0	9	0	10	22	14	7	96	45	217	15	10	20	15	0	20	3	0	10	20	16	0	60	21	18	0	21	5	0	0	10	5	0	0	0	3	0	10	20	12	0	63	24	29	21	32	12	0	0	0	20	0	0	0	5	0	27	10	5	0	0	0	9	0	10	22	14	7	96	45	207	14	10	19	15	0	20	3	0	10	20	16	0	60	20	13	0	20	2	0	0	10	3	0	0	0	3	0	10	20	12	0	60	21	18	0	21	12	0	0	0	16	0	0	0	5	0	0	10	5	0	0	0	3	0	10	20	12	0	63	24	27	21	32	13	0	9	9	16	0	0	0	12	0	0	0	20	0	0	0	3	0	27	10	4	0	0	0	9	0	10	22	11	7	96	45
318	305	35	57	21	292	23	36	0	34	57	21	14	18	0	0	17	26	63	124	279	18	30	0	22	36	0	11	0	0	0	15	20	0	78	33	57	21	3	0	39	0	6	0	21	0	14	18	0	0	15	26	63	124	266	14	27	0	17	30	0	11	0	0	0	15	20	0	72	21	36	0	3	0	0	0	6	0	0	0	11	0	0	0	13	20	0	78	33	57	21	9	27	0	0	22	36	0	0	3	0	39	0	6	0	21	0	14	18	0	0	15	26	63	124	253	11	18	0	13	27	0	3	0	0	0	11	18	0	70	16	30	0	0	0	0	0	4	0	0	0	11	0	0	0	13	20	0	72	21	36	0	9	18	0	0	17	24	0	0	3	0	0	0	6	0	0	0	11	0	0	0	13	20	0	78	33	57	21	4	54	9	0	17	18	0	0	9	27	0	0	22	36	0	0	3	0	39	0	6	0	21	0	14	18	0	0	15	26	63	124
325	312	18	0	105	299	15	0	47	17	0	105	0	0	20	74	6	0	0	345	286	15	0	44	14	0	47	0	0	0	68	6	0	0	151	16	0	105	0	0	0	33	3	0	0	0	0	0	20	74	4	0	0	345	273	15	0	44	14	0	44	0	0	0	68	6	0	0	140	13	0	47	0	0	0	33	3	0	0	0	0	0	0	68	4	0	0	151	16	0	105	3	0	0	0	14	0	0	0	0	0	0	33	3	0	0	0	0	0	20	74	4	0	0	345	260	9	0	40	14	0	44	0	0	0	66	6	0	0	125	13	0	44	0	0	0	33	3	0	0	0	0	0	0	68	4	0	0	140	13	0	47	0	0	0	0	2	0	0	0	0	0	0	33	3	0	0	0	0	0	0	68	4	0	0	151	15	0	105	0	0	53	20	17	0	0	0	3	0	0	0	14	0	0	0	0	0	0	33	3	0	0	0	0	0	20	74	4	0	0	345
300	288	18	0	71	276	13	0	29	17	0	71	1	0	26	16	8	0	0	261	264	13	0	29	12	0	29	1	0	6	16	8	0	0	129	17	0	71	0	0	0	0	2	0	0	0	1	0	26	16	8	0	0	261	252	13	0	29	12	0	29	1	0	6	16	8	0	0	121	12	0	29	0	0	0	0	2	0	0	0	1	0	6	16	8	0	0	129	17	0	71	4	0	0	0	23	0	0	0	0	0	0	0	2	0	0	0	1	0	26	16	8	0	0	261	240	8	0	23	12	0	29	1	0	6	14	8	0	0	106	12	0	29	0	0	0	0	2	0	0	0	1	0	6	16	8	0	0	121	12	0	29	0	0	0	0	3	0	0	0	0	0	0	0	2	0	0	0	1	0	6	16	8	0	0	129	17	0	71	0	0	31	28	25	0	0	0	4	0	0	0	23	0	0	0	0	0	0	0	2	0	0	0	1	0	26	16	8	0	0	261
374	359	44	14	70	344	33	0	40	43	14	70	25	0	57	22	31	0	70	154	329	33	0	40	32	0	40	25	0	34	22	31	0	40	77	43	14	70	2	0	0	0	7	0	0	0	25	0	57	22	31	0	70	154	314	29	0	40	32	0	40	25	0	34	22	31	0	40	72	32	0	40	2	0	0	0	5	0	0	0	25	0	34	22	31	0	40	77	43	14	70	8	0	0	0	51	56	0	0	2	0	0	0	7	0	0	0	25	0	57	22	31	0	70	154	299	22	0	23	28	0	40	17	0	34	14	27	0	40	58	32	0	40	2	0	0	0	5	0	0	0	25	0	34	22	31	0	40	72	32	0	40	2	0	0	0	15	0	0	0	2	0	0	0	5	0	0	0	25	0	34	22	31	0	40	77	43	14	70	4	0	18	28	64	28	0	28	8	0	0	0	51	56	0	0	2	0	0	0	7	0	0	0	25	0	57	22	31	0	70	154
245	235	28	17	26	225	20	9	26	28	17	26	19	0	16	0	23	18	26	0	215	20	9	26	20	9	26	19	0	16	0	23	18	26	0	28	17	26	2	0	0	0	1	0	0	0	19	0	16	0	23	18	26	0	205	16	8	26	20	9	26	19	0	16	0	23	18	26	0	20	9	26	2	0	0	0	1	0	0	0	19	0	16	0	23	18	26	0	28	17	26	4	8	0	0	30	32	0	0	2	0	0	0	1	0	0	0	19	0	16	0	23	18	26	0	195	13	0	16	16	8	26	11	0	16	0	19	16	26	0	20	9	26	2	0	0	0	1	0	0	0	19	0	16	0	23	18	26	0	20	9	26	2	0	0	0	9	0	0	0	2	0	0	0	1	0	0	0	19	0	16	0	23	18	26	0	28	17	26	4	0	0	21	36	16	26	12	4	8	0	0	30	32	0	0	2	0	0	0	1	0	0	0	19	0	16	0	23	18	26	0
298	285	58	55	27	272	39	40	25	58	55	27	38	9	57	10	52	73	54	0	259	39	40	25	39	40	25	38	9	50	10	49	73	50	0	58	55	27	6	0	0	0	15	0	0	0	38	9	57	10	52	73	54	0	246	32	36	25	39	40	25	38	9	50	10	49	73	50	0	39	40	25	6	0	0	0	10	0	0	0	38	9	50	10	49	73	50	0	58	55	27	14	34	0	0	57	52	0	0	6	0	0	0	15	0	0	0	38	9	57	10	52	73	54	0	233	26	25	7	32	36	25	24	7	50	0	40	64	50	0	39	40	25	6	0	0	0	10	0	0	0	38	9	50	10	49	73	50	0	39	40	25	13	18	0	0	21	9	0	0	6	0	0	0	10	0	0	0	38	9	50	10	49	73	50	0	58	55	27	14	32	0	11	86	35	27	28	14	34	0	0	57	52	0	0	6	0	0	0	15	0	0	0	38	9	57	10	52	73	54	0
460	440	62	92	129	420	58	84	84	62	92	129	46	112	0	118	82	56	0	123	400	55	84	52	58	84	84	46	112	0	55	82	56	0	91	62	92	129	14	0	14	113	28	0	0	122	46	112	0	118	82	56	0	123	380	42	28	27	55	84	52	39	112	0	55	70	56	0	91	58	84	84	14	0	14	16	28	0	0	56	46	112	0	55	82	56	0	91	62	92	129	15	0	84	24	30	18	516	124	14	0	14	113	28	0	0	122	46	112	0	118	82	56	0	123	360	34	0	24	42	28	27	24	0	0	55	53	0	0	91	55	84	52	6	0	9	13	22	0	0	52	39	112	0	55	70	56	0	91	58	84	84	15	0	60	12	28	14	336	78	14	0	14	16	28	0	0	56	46	112	0	55	82	56	0	91	62	92	129	12	0	7	9	45	0	258	0	15	0	84	24	30	18	516	124	14	0	14	113	28	0	0	122	46	112	0	118	82	56	0	123
409	390	95	119	60	371	78	110	47	95	119	60	75	105	0	34	136	223	0	27	352	72	110	39	78	110	47	72	105	0	31	128	215	0	25	95	119	60	48	0	14	65	39	24	0	0	75	105	0	34	136	223	0	27	333	58	81	25	72	110	39	61	105	0	31	107	215	0	25	78	110	47	44	0	14	16	38	20	0	0	72	105	0	31	128	215	0	25	95	119	60	31	108	49	28	45	54	120	45	48	0	14	65	39	24	0	0	75	105	0	34	136	223	0	27	314	43	42	20	58	81	25	41	36	0	31	85	148	0	25	72	110	39	31	0	9	13	28	20	0	0	61	105	0	31	107	215	0	25	78	110	47	20	90	42	14	34	45	94	24	44	0	14	16	38	20	0	0	72	105	0	31	128	215	0	25	95	119	60	22	96	7	13	67	54	180	0	31	108	49	28	45	54	120	45	48	0	14	65	39	24	0	0	75	105	0	34	136	223	0	27
382	365	86	92	49	348	64	80	46	86	92	49	67	124	18	19	137	159	0	0	331	51	54	38	64	80	46	40	108	18	16	109	143	0	0	86	92	49	19	72	32	65	42	84	98	0	67	124	18	19	137	159	0	0	314	39	36	22	51	54	38	33	72	18	16	75	72	0	0	64	80	46	17	72	32	16	42	78	92	0	40	108	18	16	109	143	0	0	86	92	49	36	0	42	42	37	39	98	45	19	72	32	65	42	84	98	0	67	124	18	19	137	159	0	0	297	26	0	13	39	36	22	19	0	12	16	59	36	0	0	51	54	38	9	0	27	13	24	27	76	0	33	72	18	16	75	72	0	0	64	80	46	19	0	42	12	26	33	92	24	17	72	32	16	42	78	92	0	40	108	18	16	109	143	0	0	86	92	49	15	0	0	9	30	0	196	5	36	0	42	42	37	39	98	45	19	72	32	65	42	84	98	0	67	124	18	19	137	159	0	0
372	355	95	98	38	338	71	88	37	95	98	38	78	23	18	5	177	210	38	0	321	58	70	35	71	88	37	52	15	18	4	133	196	37	0	95	98	38	39	95	18	14	56	76	38	0	78	23	18	5	177	210	38	0	304	48	60	25	58	70	35	44	10	18	4	97	161	35	0	71	88	37	34	90	18	10	51	72	37	0	52	15	18	4	133	196	37	0	95	98	38	36	90	0	56	34	54	0	0	39	95	18	14	56	76	38	0	78	23	18	5	177	210	38	0	287	37	19	9	48	60	25	27	10	12	4	74	132	25	0	58	70	35	23	45	18	7	33	36	35	0	44	10	18	4	97	161	35	0	71	88	37	23	50	0	14	27	30	0	0	34	90	18	10	51	72	37	0	52	15	18	4	133	196	37	0	95	98	38	24	9	0	13	37	8	190	10	36	90	0	56	34	54	0	0	39	95	18	14	56	76	38	0	78	23	18	5	177	210	38	0
361	345	81	90	39	329	57	55	39	81	90	39	58	64	25	0	169	193	156	0	313	44	45	38	57	55	39	35	36	25	0	116	122	156	0	81	90	39	45	33	18	10	68	92	39	0	58	64	25	0	169	193	156	0	297	35	32	25	44	45	38	27	33	25	0	80	99	152	0	57	55	39	37	21	18	6	47	76	39	0	35	36	25	0	116	122	156	0	81	90	39	20	95	0	68	23	59	0	0	45	33	18	10	68	92	39	0	58	64	25	0	169	193	156	0	281	25	7	5	35	32	25	16	21	16	0	56	63	100	0	44	45	38	24	0	18	3	29	44	38	0	27	33	25	0	80	99	152	0	57	55	39	14	7	0	14	19	24	0	0	37	21	18	6	47	76	39	0	35	36	25	0	116	122	156	0	81	90	39	5	28	0	13	15	7	117	10	20	95	0	68	23	59	0	0	45	33	18	10	68	92	39	0	58	64	25	0	169	193	156	0
180	172	35	13	19	164	16	7	9	35	13	19	18	0	31	27	78	33	19	39	156	11	6	9	16	7	9	7	0	18	27	35	21	9	39	35	13	19	8	6	0	0	44	31	0	0	18	0	31	27	78	33	19	39	148	4	0	9	11	6	9	7	0	18	27	24	18	9	38	16	7	9	0	0	0	0	14	7	0	0	7	0	18	27	35	21	9	39	35	13	19	2	0	21	0	6	0	19	0	8	6	0	0	44	31	0	0	18	0	31	27	78	33	19	39	140	2	0	6	4	0	9	1	0	18	18	3	0	9	25	11	6	9	0	0	0	0	10	6	0	0	7	0	18	27	24	18	9	38	16	7	9	0	0	0	0	6	0	9	0	0	0	0	0	14	7	0	0	7	0	18	27	35	21	9	39	35	13	19	0	0	7	18	2	0	0	0	2	0	21	0	6	0	19	0	8	6	0	0	44	31	0	0	18	0	31	27	78	33	19	39
294	281	45	40	50	268	17	0	39	45	40	50	26	0	67	34	71	128	250	39	255	9	0	39	17	0	39	4	0	54	34	29	0	195	39	45	40	50	6	0	12	0	37	56	0	0	26	0	67	34	71	128	250	39	242	4	0	37	9	0	39	4	0	54	34	20	0	195	38	17	0	39	0	0	12	0	12	0	0	0	4	0	54	34	29	0	195	39	45	40	50	1	0	21	20	4	0	0	0	6	0	12	0	37	56	0	0	26	0	67	34	71	128	250	39	229	3	0	17	4	0	37	1	0	48	22	5	0	185	25	9	0	39	0	0	12	0	8	0	0	0	4	0	54	34	20	0	195	38	17	0	39	0	0	0	0	4	0	0	0	0	0	12	0	12	0	0	0	4	0	54	34	29	0	195	39	45	40	50	0	0	7	58	2	0	0	38	1	0	21	20	4	0	0	0	6	0	12	0	37	56	0	0	26	0	67	34	71	128	250	39
193	184	39	27	15	175	23	20	0	39	27	15	26	15	15	0	82	53	15	77	166	15	17	0	23	20	0	8	15	0	0	55	45	0	76	39	27	15	18	12	0	0	32	36	0	0	26	15	15	0	82	53	15	77	157	3	4	0	15	17	0	4	12	0	0	35	36	0	73	23	20	0	5	0	0	0	14	20	0	0	8	15	0	0	55	45	0	76	39	27	15	6	4	61	0	7	10	45	0	18	12	0	0	32	36	0	0	26	15	15	0	82	53	15	77	148	2	0	0	3	4	0	1	0	0	0	6	0	0	50	15	17	0	5	0	0	0	10	16	0	0	4	12	0	0	35	36	0	73	23	20	0	5	0	0	0	7	10	0	0	5	0	0	0	14	20	0	0	8	15	0	0	55	45	0	76	39	27	15	1	0	7	0	0	0	15	0	6	4	61	0	7	10	45	0	18	12	0	0	32	36	0	0	26	15	15	0	82	53	15	77
179	171	33	17	7	163	15	7	0	33	17	7	19	0	7	0	66	41	14	39	155	9	5	0	15	7	0	6	0	0	0	32	21	0	39	33	17	7	7	10	0	0	37	32	0	0	19	0	7	0	66	41	14	39	147	2	0	0	9	5	0	6	0	0	0	21	15	0	38	15	7	0	0	0	0	0	13	7	0	0	6	0	0	0	32	21	0	39	33	17	7	2	0	21	0	6	0	7	0	7	10	0	0	37	32	0	0	19	0	7	0	66	41	14	39	139	0	0	0	2	0	0	0	0	0	0	0	0	0	25	9	5	0	0	0	0	0	9	5	0	0	6	0	0	0	21	15	0	38	15	7	0	0	0	0	0	6	0	0	0	0	0	0	0	13	7	0	0	6	0	0	0	32	21	0	39	33	17	7	0	0	7	0	0	0	0	0	2	0	21	0	6	0	7	0	7	10	0	0	37	32	0	0	19	0	7	0	66	41	14	39
135	129	22	9	0	123	7	0	0	22	9	0	10	0	0	0	39	21	0	0	117	2	0	0	7	0	0	0	0	0	0	15	0	0	0	22	9	0	3	0	0	0	22	15	0	0	10	0	0	0	39	21	0	0	111	0	0	0	2	0	0	0	0	0	0	6	0	0	0	7	0	0	0	0	0	0	6	0	0	0	0	0	0	0	15	0	0	0	22	9	0	0	0	0	0	2	0	0	0	3	0	0	0	22	15	0	0	10	0	0	0	39	21	0	0	105	0	0	0	0	0	0	0	0	0	0	0	0	0	0	2	0	0	0	0	0	0	2	0	0	0	0	0	0	0	6	0	0	0	7	0	0	0	0	0	0	2	0	0	0	0	0	0	0	6	0	0	0	0	0	0	0	15	0	0	0	22	9	0	0	0	0	0	0	0	0	0	0	0	0	0	2	0	0	0	3	0	0	0	22	15	0	0	10	0	0	0	39	21	0	0
408	389	59	86	69	370	32	52	36	59	86	69	41	104	18	60	87	161	138	91	351	8	0	9	32	52	36	12	0	18	18	62	117	72	48	59	86	69	7	0	137	27	19	60	276	126	41	104	18	60	87	161	138	91	332	4	0	9	8	0	9	2	0	0	18	14	0	18	48	32	52	36	5	0	97	27	18	52	144	122	12	0	18	18	62	117	72	48	59	86	69	5	0	15	0	11	30	0	0	7	0	137	27	19	60	276	126	41	104	18	60	87	161	138	91	313	3	0	9	4	0	9	2	0	0	18	9	0	18	46	8	0	9	0	0	0	27	1	0	36	111	2	0	0	18	14	0	18	48	32	52	36	5	0	7	0	10	26	0	0	5	0	97	27	18	52	144	122	12	0	18	18	62	117	72	48	59	86	69	0	0	9	0	2	0	0	0	5	0	15	0	11	30	0	0	7	0	137	27	19	60	276	126	41	104	18	60	87	161	138	91
323	308	33	59	61	293	12	9	50	33	59	61	23	45	82	36	26	36	305	50	278	2	0	35	12	9	50	1	0	81	30	16	0	250	39	33	59	61	0	0	36	69	8	0	61	49	23	45	82	36	26	36	305	50	263	2	0	35	2	0	35	1	0	54	30	3	0	175	39	12	9	50	0	0	36	69	8	0	50	46	1	0	81	30	16	0	250	39	33	59	61	0	0	0	0	7	0	0	0	0	0	36	69	8	0	61	49	23	45	82	36	26	36	305	50	248	2	0	28	2	0	35	1	0	54	28	3	0	175	37	2	0	35	0	0	0	54	1	0	35	38	1	0	54	30	3	0	175	39	12	9	50	0	0	0	0	5	0	0	0	0	0	36	69	8	0	50	46	1	0	81	30	16	0	250	39	33	59	61	0	0	0	65	2	0	0	0	0	0	0	0	7	0	0	0	0	0	36	69	8	0	61	49	23	45	82	36	26	36	305	50
217	207	21	21	24	197	7	0	12	21	21	24	19	0	13	12	17	0	72	50	187	0	0	12	7	0	12	0	0	12	12	9	0	36	39	21	21	24	0	0	0	0	4	0	0	0	19	0	13	12	17	0	72	50	177	0	0	12	0	0	12	0	0	12	12	0	0	36	39	7	0	12	0	0	0	0	4	0	0	0	0	0	12	12	9	0	36	39	21	21	24	0	0	0	0	2	0	0	0	0	0	0	0	4	0	0	0	19	0	13	12	17	0	72	50	167	0	0	10	0	0	12	0	0	12	10	0	0	36	37	0	0	12	0	0	0	0	0	0	0	0	0	0	12	12	0	0	36	39	7	0	12	0	0	0	0	2	0	0	0	0	0	0	0	4	0	0	0	0	0	12	12	9	0	36	39	21	21	24	0	0	0	20	0	0	0	0	0	0	0	0	2	0	0	0	0	0	0	0	4	0	0	0	19	0	13	12	17	0	72	50
236	225	21	34	21	214	6	6	12	21	34	21	15	24	13	12	15	12	84	50	203	0	0	12	6	6	12	0	0	12	12	9	0	48	39	21	34	21	0	0	0	0	4	0	21	0	15	24	13	12	15	12	84	50	192	0	0	12	0	0	12	0	0	12	12	0	0	48	39	6	6	12	0	0	0	0	4	0	12	0	0	0	12	12	9	0	48	39	21	34	21	0	0	0	0	3	0	0	0	0	0	0	0	4	0	21	0	15	24	13	12	15	12	84	50	181	0	0	10	0	0	12	0	0	12	10	0	0	48	37	0	0	12	0	0	0	0	0	0	12	0	0	0	12	12	0	0	48	39	6	6	12	0	0	0	0	2	0	0	0	0	0	0	0	4	0	12	0	0	0	12	12	9	0	48	39	21	34	21	0	0	0	20	0	0	0	0	0	0	0	0	3	0	0	0	0	0	0	0	4	0	21	0	15	24	13	12	15	12	84	50
216	206	21	23	16	196	7	7	0	21	23	16	17	14	0	0	20	0	32	57	186	0	0	0	7	7	0	0	0	0	0	12	0	0	39	21	23	16	0	0	5	0	5	0	16	0	17	14	0	0	20	0	32	57	176	0	0	0	0	0	0	0	0	0	0	0	0	0	39	7	7	0	0	0	0	0	5	0	0	0	0	0	0	0	12	0	0	39	21	23	16	0	0	0	0	2	0	0	0	0	0	5	0	5	0	16	0	17	14	0	0	20	0	32	57	166	0	0	0	0	0	0	0	0	0	0	0	0	0	37	0	0	0	0	0	0	0	0	0	0	0	0	0	0	0	0	0	0	39	7	7	0	0	0	0	0	2	0	0	0	0	0	0	0	5	0	0	0	0	0	0	0	12	0	0	39	21	23	16	0	0	0	0	0	0	0	0	0	0	0	0	2	0	0	0	0	0	5	0	5	0	16	0	17	14	0	0	20	0	32	57
294	280	8	0	132	266	1	0	99	8	0	132	0	0	50	56	2	0	0	122	252	1	0	98	1	0	99	0	0	28	53	2	0	0	74	7	0	132	0	0	0	12	0	0	0	0	0	0	50	56	0	0	0	122	238	1	0	80	1	0	98	0	0	28	50	2	0	0	59	0	0	99	0	0	0	12	0	0	0	0	0	0	28	53	0	0	0	74	7	0	132	0	0	0	51	2	0	0	129	0	0	0	12	0	0	0	0	0	0	50	56	0	0	0	122	224	1	0	74	1	0	80	0	0	0	50	2	0	0	59	0	0	98	0	0	0	12	0	0	0	0	0	0	28	50	0	0	0	59	0	0	99	0	0	0	48	0	0	0	84	0	0	0	12	0	0	0	0	0	0	28	53	0	0	0	74	7	0	132	0	0	0	55	0	0	0	0	0	0	0	51	2	0	0	129	0	0	0	12	0	0	0	0	0	0	50	56	0	0	0	122
231	220	9	0	76	209	1	0	53	9	0	76	0	0	43	17	2	0	0	106	198	1	0	53	1	0	53	0	0	28	17	2	0	0	74	8	0	76	0	0	0	0	0	0	0	0	0	0	43	17	0	0	0	106	187	1	0	35	1	0	53	0	0	28	14	2	0	0	59	0	0	53	0	0	0	0	0	0	0	0	0	0	28	17	0	0	0	74	8	0	76	0	0	0	51	3	0	0	129	0	0	0	0	0	0	0	0	0	0	43	17	0	0	0	106	176	1	0	31	1	0	35	0	0	0	14	2	0	0	59	0	0	53	0	0	0	0	0	0	0	0	0	0	28	14	0	0	0	59	0	0	53	0	0	0	48	0	0	0	84	0	0	0	0	0	0	0	0	0	0	28	17	0	0	0	74	8	0	76	0	0	0	29	0	0	0	0	0	0	0	51	3	0	0	129	0	0	0	0	0	0	0	0	0	0	43	17	0	0	0	106
292	278	22	24	91	264	5	0	60	22	24	91	3	0	169	35	26	0	182	151	250	5	0	60	5	0	60	3	0	94	35	12	0	120	98	22	24	91	0	0	0	0	9	0	0	0	3	0	169	35	26	0	182	151	236	4	0	23	5	0	60	3	0	94	14	12	0	120	56	5	0	60	0	0	0	0	0	0	0	0	3	0	94	35	12	0	120	98	22	24	91	9	0	0	51	11	12	0	238	0	0	0	0	9	0	0	0	3	0	169	35	26	0	182	151	222	1	0	20	4	0	23	3	0	0	14	11	0	46	56	5	0	60	0	0	0	0	0	0	0	0	3	0	94	14	12	0	120	56	5	0	60	0	0	0	48	1	0	0	177	0	0	0	0	0	0	0	0	3	0	94	35	12	0	120	98	22	24	91	3	0	30	18	3	0	0	0	9	0	0	51	11	12	0	238	0	0	0	0	9	0	0	0	3	0	169	35	26	0	182	151
208	198	20	16	62	188	7	0	51	20	16	62	3	0	120	18	22	0	124	61	178	7	0	51	7	0	51	3	0	103	18	17	0	102	50	20	16	62	0	0	0	0	5	0	0	0	3	0	120	18	22	0	124	61	168	6	0	15	7	0	51	3	0	103	0	17	0	102	35	7	0	51	0	0	0	0	0	0	0	0	3	0	103	18	17	0	102	50	20	16	62	11	0	0	22	10	8	0	238	0	0	0	0	5	0	0	0	3	0	120	18	22	0	124	61	158	1	0	0	6	0	15	3	0	7	0	16	0	30	35	7	0	51	0	0	0	0	0	0	0	0	3	0	103	0	17	0	102	35	7	0	51	0	0	0	0	1	0	0	177	0	0	0	0	0	0	0	0	3	0	103	18	17	0	102	50	20	16	62	3	0	48	0	3	0	0	53	11	0	0	22	10	8	0	238	0	0	0	0	5	0	0	0	3	0	120	18	22	0	124	61
168	160	9	0	42	152	0	0	0	9	0	42	0	0	74	0	9	0	0	191	144	0	0	0	0	0	0	0	0	0	0	0	0	0	110	9	0	42	0	0	0	0	4	0	0	0	0	0	74	0	9	0	0	191	136	0	0	0	0	0	0	0	0	0	0	0	0	0	68	0	0	0	0	0	0	0	0	0	0	0	0	0	0	0	0	0	0	110	9	0	42	0	0	0	0	3	0	0	0	0	0	0	0	4	0	0	0	0	0	74	0	9	0	0	191	128	0	0	0	0	0	0	0	0	0	0	0	0	0	68	0	0	0	0	0	0	0	0	0	0	0	0	0	0	0	0	0	0	68	0	0	0	0	0	0	0	0	0	0	0	0	0	0	0	0	0	0	0	0	0	0	0	0	0	0	110	9	0	42	0	0	0	0	0	0	0	0	0	0	0	0	3	0	0	0	0	0	0	0	4	0	0	0	0	0	74	0	9	0	0	191
197	187	14	9	83	177	12	9	54	14	9	83	10	0	0	107	37	9	0	153	167	9	9	51	12	9	54	8	0	0	103	34	9	0	111	14	9	83	2	0	10	27	0	0	0	0	10	0	0	107	37	9	0	153	157	1	0	50	9	9	51	3	0	0	103	25	9	0	111	12	9	54	0	0	10	26	0	0	0	0	8	0	0	103	34	9	0	111	14	9	83	0	0	66	8	1	0	83	0	2	0	10	27	0	0	0	0	10	0	0	107	37	9	0	153	147	0	0	7	1	0	50	0	0	0	7	2	0	0	38	9	9	51	0	0	9	0	0	0	0	0	3	0	0	103	25	9	0	111	12	9	54	0	0	58	0	1	0	54	0	0	0	10	26	0	0	0	0	8	0	0	103	34	9	0	111	14	9	83	0	0	12	14	4	0	0	276	0	0	66	8	1	0	83	0	2	0	10	27	0	0	0	0	10	0	0	107	37	9	0	153
260	247	16	0	121	234	12	0	80	16	0	121	13	0	0	207	38	0	0	153	221	8	0	42	12	0	80	8	0	0	94	32	0	0	111	16	0	121	2	0	10	27	0	0	0	167	13	0	0	207	38	0	0	153	208	1	0	41	8	0	42	3	0	0	94	21	0	0	111	12	0	80	0	0	10	26	0	0	0	98	8	0	0	94	32	0	0	111	16	0	121	0	0	46	8	1	0	0	0	2	0	10	27	0	0	0	167	13	0	0	207	38	0	0	153	195	0	0	0	1	0	41	0	0	0	0	2	0	0	38	8	0	42	0	0	9	0	0	0	0	56	3	0	0	94	21	0	0	111	12	0	80	0	0	40	0	1	0	0	0	0	0	10	26	0	0	0	98	8	0	0	94	32	0	0	111	16	0	121	0	0	12	0	3	0	0	276	0	0	46	8	1	0	0	0	2	0	10	27	0	0	0	167	13	0	0	207	38	0	0	153
289	274	37	58	67	259	12	42	61	37	58	67	13	64	17	68	72	172	67	0	244	9	20	43	12	42	61	5	40	17	38	26	125	61	0	37	58	67	0	20	10	42	1	0	134	69	13	64	17	68	72	172	67	0	229	4	0	34	9	20	43	4	0	15	38	20	50	43	0	12	42	61	0	0	10	33	0	0	122	36	5	40	17	38	26	125	61	0	37	58	67	0	0	46	36	2	0	134	15	0	20	10	42	1	0	134	69	13	64	17	68	72	172	67	0	214	3	0	0	4	0	34	1	0	7	0	6	0	34	0	9	20	43	0	0	9	0	0	0	86	9	4	0	15	38	20	50	43	0	12	42	61	0	0	40	0	1	0	122	0	0	0	10	33	0	0	122	36	5	40	17	38	26	125	61	0	37	58	67	6	0	12	0	15	0	0	186	0	0	46	36	2	0	134	15	0	20	10	42	1	0	134	69	13	64	17	68	72	172	67	0
275	261	22	43	69	247	9	10	65	22	43	69	13	30	17	48	52	56	207	0	233	5	0	44	9	10	65	6	0	17	18	24	20	195	0	22	43	69	2	0	10	58	1	0	69	69	13	30	17	48	52	56	207	0	219	2	0	24	5	0	44	1	0	15	18	13	0	132	0	9	10	65	0	0	10	33	0	0	65	36	6	0	17	18	24	20	195	0	22	43	69	0	0	10	36	0	0	0	41	2	0	10	58	1	0	69	69	13	30	17	48	52	56	207	0	205	2	0	0	2	0	24	1	0	7	0	4	0	72	0	5	0	44	0	0	9	0	0	0	44	9	1	0	15	18	13	0	132	0	9	10	65	0	0	10	0	0	0	0	9	0	0	10	33	0	0	65	36	6	0	17	18	24	20	195	0	22	43	69	2	0	0	0	0	0	0	126	0	0	10	36	0	0	0	41	2	0	10	58	1	0	69	69	13	30	17	48	52	56	207	0
233	221	27	41	42	209	10	6	40	27	41	42	16	30	17	26	65	76	210	0	197	5	0	24	10	6	40	6	0	17	0	27	12	200	0	27	41	42	2	0	10	24	0	6	42	69	16	30	17	26	65	76	210	0	185	2	0	15	5	0	24	1	0	15	0	13	0	120	0	10	6	40	0	0	10	15	0	0	40	36	6	0	17	0	27	12	200	0	27	41	42	0	0	10	36	0	0	0	15	2	0	10	24	0	6	42	69	16	30	17	26	65	76	210	0	173	2	0	0	2	0	15	1	0	7	0	4	0	75	0	5	0	24	0	0	9	0	0	0	24	9	1	0	15	0	13	0	120	0	10	6	40	0	0	10	0	0	0	0	0	0	0	10	15	0	0	40	36	6	0	17	0	27	12	200	0	27	41	42	2	0	0	0	0	0	0	77	0	0	10	36	0	0	0	15	2	0	10	24	0	6	42	69	16	30	17	26	65	76	210	0
133	126	6	0	39	119	0	0	17	6	0	39	0	0	16	51	13	0	0	111	112	0	0	17	0	0	17	0	0	0	51	0	0	0	105	6	0	39	0	0	0	0	0	0	0	0	0	0	16	51	13	0	0	111	105	0	0	15	0	0	17	0	0	0	45	0	0	0	68	0	0	17	0	0	0	0	0	0	0	0	0	0	0	51	0	0	0	105	6	0	39	0	0	0	15	0	0	0	0	0	0	0	0	0	0	0	0	0	0	16	51	13	0	0	111	98	0	0	7	0	0	15	0	0	0	21	0	0	0	39	0	0	17	0	0	0	0	0	0	0	0	0	0	0	45	0	0	0	68	0	0	17	0	0	0	7	0	0	0	0	0	0	0	0	0	0	0	0	0	0	0	51	0	0	0	105	6	0	39	0	0	0	28	0	0	0	15	0	0	0	15	0	0	0	0	0	0	0	0	0	0	0	0	0	0	16	51	13	0	0	111
187	177	23	21	26	167	5	0	0	23	21	26	10	0	36	0	67	56	78	178	157	2	0	0	5	0	0	1	0	0	0	12	0	0	166	23	21	26	0	0	20	0	0	0	0	0	10	0	36	0	67	56	78	178	147	2	0	0	2	0	0	1	0	0	0	4	0	0	111	5	0	0	0	0	0	0	0	0	0	0	1	0	0	0	12	0	0	166	23	21	26	0	0	0	0	0	0	0	0	0	0	20	0	0	0	0	0	10	0	36	0	67	56	78	178	137	2	0	0	2	0	0	1	0	0	0	4	0	0	73	2	0	0	0	0	0	0	0	0	0	0	1	0	0	0	4	0	0	111	5	0	0	0	0	0	0	0	0	0	0	0	0	0	0	0	0	0	0	1	0	0	0	12	0	0	166	23	21	26	2	0	0	0	0	0	0	0	0	0	0	0	0	0	0	0	0	0	20	0	0	0	0	0	10	0	36	0	67	56	78	178
95	90	6	0	16	85	0	0	0	6	0	16	0	0	16	0	13	0	0	111	80	0	0	0	0	0	0	0	0	0	0	0	0	0	105	6	0	16	0	0	0	0	0	0	0	0	0	0	16	0	13	0	0	111	75	0	0	0	0	0	0	0	0	0	0	0	0	0	68	0	0	0	0	0	0	0	0	0	0	0	0	0	0	0	0	0	0	105	6	0	16	0	0	0	0	0	0	0	0	0	0	0	0	0	0	0	0	0	0	16	0	13	0	0	111	70	0	0	0	0	0	0	0	0	0	0	0	0	0	39	0	0	0	0	0	0	0	0	0	0	0	0	0	0	0	0	0	0	68	0	0	0	0	0	0	0	0	0	0	0	0	0	0	0	0	0	0	0	0	0	0	0	0	0	0	105	6	0	16	0	0	0	0	0	0	0	0	0	0	0	0	0	0	0	0	0	0	0	0	0	0	0	0	0	0	16	0	13	0	0	111
113	107	11	5	6	101	1	0	0	11	5	6	5	0	6	0	32	5	6	42	95	0	0	0	1	0	0	0	0	0	0	3	0	0	40	11	5	6	0	0	0	0	0	0	0	0	5	0	6	0	32	5	6	42	89	0	0	0	0	0	0	0	0	0	0	0	0	0	24	1	0	0	0	0	0	0	0	0	0	0	0	0	0	0	3	0	0	40	11	5	6	0	0	0	0	0	0	0	0	0	0	0	0	0	0	0	0	5	0	6	0	32	5	6	42	83	0	0	0	0	0	0	0	0	0	0	0	0	0	15	0	0	0	0	0	0	0	0	0	0	0	0	0	0	0	0	0	0	24	1	0	0	0	0	0	0	0	0	0	0	0	0	0	0	0	0	0	0	0	0	0	0	3	0	0	40	11	5	6	0	0	0	0	0	0	0	0	0	0	0	0	0	0	0	0	0	0	0	0	0	0	0	0	5	0	6	0	32	5	6	42
164	155	29	23	6	146	6	3	0	29	23	6	3	15	6	0	70	69	30	42	137	6	0	0	6	3	0	3	0	0	0	8	9	0	40	29	23	6	0	0	0	0	1	0	6	0	3	15	6	0	70	69	30	42	128	6	0	0	6	0	0	3	0	0	0	8	0	0	24	6	3	0	0	0	0	0	1	0	0	0	3	0	0	0	8	9	0	40	29	23	6	0	0	0	0	0	0	0	0	0	0	0	0	1	0	6	0	3	15	6	0	70	69	30	42	119	6	0	0	6	0	0	3	0	0	0	8	0	0	15	6	0	0	0	0	0	0	1	0	0	0	3	0	0	0	8	0	0	24	6	3	0	0	0	0	0	0	0	0	0	0	0	0	0	1	0	0	0	3	0	0	0	8	9	0	40	29	23	6	5	0	0	0	11	0	0	0	0	0	0	0	0	0	0	0	0	0	0	0	1	0	6	0	3	15	6	0	70	69	30	42
257	242	47	49	68	227	17	26	49	47	49	68	12	13	48	70	86	140	136	32	212	17	26	18	17	26	49	12	13	43	0	20	52	98	0	47	49	68	17	0	0	50	11	0	0	178	12	13	48	70	86	140	136	32	197	13	26	18	17	26	18	12	13	18	0	20	52	36	0	17	26	49	13	0	0	50	8	0	0	166	12	13	43	0	20	52	98	0	47	49	68	5	0	32	0	7	0	0	0	17	0	0	50	11	0	0	178	12	13	48	70	86	140	136	32	182	12	24	17	13	26	18	8	13	18	0	14	52	36	0	17	26	18	13	0	0	45	8	0	0	111	12	13	18	0	20	52	36	0	17	26	49	4	0	32	0	5	0	0	0	13	0	0	50	8	0	0	166	12	13	43	0	20	52	98	0	47	49	68	18	22	8	9	37	0	0	0	5	0	32	0	7	0	0	0	17	0	0	50	11	0	0	178	12	13	48	70	86	140	136	32
211	199	39	35	21	187	10	0	10	39	35	21	3	0	25	10	57	112	105	32	175	10	0	0	10	0	10	3	0	20	0	8	0	50	0	39	35	21	0	0	0	0	2	0	0	67	3	0	25	10	57	112	105	32	163	10	0	0	10	0	0	3	0	0	0	8	0	0	0	10	0	10	0	0	0	0	2	0	0	61	3	0	20	0	8	0	50	0	39	35	21	0	0	0	0	3	0	0	0	0	0	0	0	2	0	0	67	3	0	25	10	57	112	105	32	151	10	0	0	10	0	0	3	0	0	0	8	0	0	0	10	0	0	0	0	0	0	2	0	0	43	3	0	0	0	8	0	0	0	10	0	10	0	0	0	0	0	0	0	0	0	0	0	0	2	0	0	61	3	0	20	0	8	0	50	0	39	35	21	21	0	0	0	48	0	0	0	0	0	0	0	3	0	0	0	0	0	0	0	2	0	0	67	3	0	25	10	57	112	105	32
143	135	26	7	15	127	7	0	0	26	7	15	3	0	3	0	60	28	15	38	119	7	0	0	7	0	0	3	0	0	0	8	0	0	0	26	7	15	0	0	0	0	1	0	0	0	3	0	3	0	60	28	15	38	111	7	0	0	7	0	0	3	0	0	0	8	0	0	0	7	0	0	0	0	0	0	1	0	0	0	3	0	0	0	8	0	0	0	26	7	15	0	0	0	0	1	0	0	0	0	0	0	0	1	0	0	0	3	0	3	0	60	28	15	38	103	7	0	0	7	0	0	3	0	0	0	8	0	0	0	7	0	0	0	0	0	0	1	0	0	0	3	0	0	0	8	0	0	0	7	0	0	0	0	0	0	0	0	0	0	0	0	0	0	1	0	0	0	3	0	0	0	8	0	0	0	26	7	15	9	0	0	0	14	0	0	0	0	0	0	0	1	0	0	0	0	0	0	0	1	0	0	0	3	0	3	0	60	28	15	38
178	167	41	41	3	156	13	24	0	41	41	3	5	16	3	0	65	87	9	6	145	12	24	0	13	24	0	5	16	0	0	15	32	0	0	41	41	3	6	0	0	0	6	9	0	0	5	16	3	0	65	87	9	6	134	12	24	0	12	24	0	5	16	0	0	15	32	0	0	13	24	0	6	0	0	0	3	8	0	0	5	16	0	0	15	32	0	0	41	41	3	1	0	0	0	2	0	0	0	6	0	0	0	6	9	0	0	5	16	3	0	65	87	9	6	123	9	21	0	12	24	0	5	16	0	0	15	32	0	0	12	24	0	3	0	0	0	3	8	0	0	5	16	0	0	15	32	0	0	13	24	0	1	0	0	0	0	0	0	0	6	0	0	0	3	8	0	0	5	16	0	0	15	32	0	0	41	41	3	15	15	0	0	40	27	0	0	1	0	0	0	2	0	0	0	6	0	0	0	6	9	0	0	5	16	3	0	65	87	9	6
170	160	33	29	3	150	9	9	0	33	29	3	3	0	3	0	54	60	12	6	140	9	9	0	9	9	0	3	0	0	0	8	0	0	0	33	29	3	0	0	0	0	2	0	0	0	3	0	3	0	54	60	12	6	130	9	9	0	9	9	0	3	0	0	0	8	0	0	0	9	9	0	0	0	0	0	2	0	0	0	3	0	0	0	8	0	0	0	33	29	3	0	0	0	0	2	0	0	0	0	0	0	0	2	0	0	0	3	0	3	0	54	60	12	6	120	9	9	0	9	9	0	3	0	0	0	8	0	0	0	9	9	0	0	0	0	0	2	0	0	0	3	0	0	0	8	0	0	0	9	9	0	0	0	0	0	0	0	0	0	0	0	0	0	2	0	0	0	3	0	0	0	8	0	0	0	33	29	3	17	0	0	0	37	0	0	0	0	0	0	0	2	0	0	0	0	0	0	0	2	0	0	0	3	0	3	0	54	60	12	6
212	199	42	44	43	186	24	12	36	42	44	43	25	0	45	0	46	16	172	21	173	22	12	36	24	12	36	19	0	45	0	36	0	144	10	42	44	43	5	0	20	0	7	0	0	0	25	0	45	0	46	16	172	21	160	21	12	32	22	12	36	19	0	45	0	36	0	144	0	24	12	36	3	0	20	0	6	0	0	0	19	0	45	0	36	0	144	10	42	44	43	6	0	0	46	14	8	0	0	5	0	20	0	7	0	0	0	25	0	45	0	46	16	172	21	147	10	8	29	21	12	32	16	0	42	0	32	0	128	0	22	12	36	3	0	20	0	5	0	0	0	19	0	45	0	36	0	144	0	24	12	36	0	0	0	39	6	0	0	0	3	0	20	0	6	0	0	0	19	0	45	0	36	0	144	10	42	44	43	18	32	0	29	56	88	0	0	6	0	0	46	14	8	0	0	5	0	20	0	7	0	0	0	25	0	45	0	46	16	172	21
314	295	58	74	98	276	42	18	59	58	74	98	36	0	25	45	72	28	392	110	257	34	18	58	42	18	59	32	0	25	43	64	0	236	59	58	74	98	18	0	76	10	18	0	0	0	36	0	25	45	72	28	392	110	238	32	18	40	34	18	58	28	0	25	18	54	0	232	18	42	18	59	16	0	72	0	17	0	0	0	32	0	25	43	64	0	236	59	58	74	98	14	0	9	86	19	14	0	67	18	0	76	10	18	0	0	0	36	0	25	45	72	28	392	110	219	16	14	38	32	18	40	22	0	22	18	49	0	160	18	34	18	58	4	0	72	0	6	0	0	0	28	0	25	18	54	0	232	18	42	18	59	8	0	8	80	11	0	0	61	16	0	72	0	17	0	0	0	32	0	25	43	64	0	236	59	58	74	98	19	56	43	20	59	154	0	0	14	0	9	86	19	14	0	67	18	0	76	10	18	0	0	0	36	0	25	45	72	28	392	110
186	175	22	10	60	164	6	0	46	22	10	60	0	0	15	22	13	0	60	24	153	6	0	45	6	0	46	0	0	15	20	5	0	46	10	22	10	60	0	0	0	10	1	0	0	0	0	0	15	22	13	0	60	24	142	6	0	22	6	0	45	0	0	15	0	5	0	45	0	6	0	46	0	0	0	0	1	0	0	0	0	0	15	20	5	0	46	10	22	10	60	0	0	0	46	4	0	0	150	0	0	0	10	1	0	0	0	0	0	15	22	13	0	60	24	131	5	0	19	6	0	22	0	0	12	0	5	0	22	0	6	0	45	0	0	0	0	1	0	0	0	0	0	15	0	5	0	45	0	6	0	46	0	0	0	39	0	0	0	115	0	0	0	0	1	0	0	0	0	0	15	20	5	0	46	10	22	10	60	16	0	0	29	47	10	0	0	0	0	0	46	4	0	0	150	0	0	0	10	1	0	0	0	0	0	15	22	13	0	60	24
184	173	32	24	25	162	19	0	3	32	24	25	9	0	0	15	31	0	75	27	151	19	0	0	19	0	3	9	0	0	0	25	0	9	10	32	24	25	0	0	0	0	5	0	0	6	9	0	0	15	31	0	75	27	140	19	0	0	19	0	0	9	0	0	0	25	0	0	0	19	0	3	0	0	0	0	5	0	0	0	9	0	0	0	25	0	9	10	32	24	25	0	0	0	0	3	0	0	0	0	0	0	0	5	0	0	6	9	0	0	15	31	0	75	27	129	10	0	0	19	0	0	9	0	0	0	25	0	0	0	19	0	0	0	0	0	0	5	0	0	0	9	0	0	0	25	0	0	0	19	0	3	0	0	0	0	0	0	0	0	0	0	0	0	5	0	0	0	9	0	0	0	25	0	9	10	32	24	25	16	0	5	0	43	64	0	0	0	0	0	0	3	0	0	0	0	0	0	0	5	0	0	6	9	0	0	15	31	0	75	27
224	210	47	56	28	196	33	24	0	47	56	28	26	0	0	0	59	16	112	95	182	32	24	0	33	24	0	26	0	0	0	55	0	0	59	47	56	28	11	0	0	0	8	12	0	0	26	0	0	0	59	16	112	95	168	31	24	0	32	24	0	26	0	0	0	55	0	0	18	33	24	0	9	0	0	0	7	12	0	0	26	0	0	0	55	0	0	59	47	56	28	7	0	0	0	8	8	0	0	11	0	0	0	8	12	0	0	26	0	0	0	59	16	112	95	154	15	16	0	31	24	0	23	0	0	0	51	0	0	18	32	24	0	6	0	0	0	7	12	0	0	26	0	0	0	55	0	0	18	33	24	0	1	0	0	0	2	0	0	0	9	0	0	0	7	12	0	0	26	0	0	0	55	0	0	59	47	56	28	15	64	16	0	43	124	0	0	7	0	0	0	8	8	0	0	11	0	0	0	8	12	0	0	26	0	0	0	59	16	112	95
193	179	63	71	43	165	44	50	42	63	71	43	40	78	69	10	57	94	86	0	151	42	48	42	44	50	42	37	72	67	10	51	88	84	0	63	71	43	13	16	0	0	9	14	0	0	40	78	69	10	57	94	86	0	137	37	44	42	42	48	42	34	72	67	10	47	88	84	0	44	50	42	11	16	0	0	5	8	0	0	37	72	67	10	51	88	84	0	63	71	43	9	24	0	0	17	24	0	0	13	16	0	0	9	14	0	0	40	78	69	10	57	94	86	0	123	25	26	42	37	44	42	25	60	67	10	37	72	84	0	42	48	42	10	16	0	0	5	8	0	0	34	72	67	10	47	88	84	0	44	50	42	3	0	0	0	4	0	0	0	11	16	0	0	5	8	0	0	37	72	67	10	51	88	84	0	63	71	43	20	36	0	0	32	50	86	0	9	24	0	0	17	24	0	0	13	16	0	0	9	14	0	0	40	78	69	10	57	94	86	0
191	178	47	39	49	165	33	36	10	47	39	49	29	27	22	10	48	72	0	194	152	32	36	10	33	36	10	26	27	20	10	42	72	0	98	47	39	49	7	0	0	0	8	9	0	0	29	27	22	10	48	72	0	194	139	31	36	10	32	36	10	26	27	20	10	42	72	0	94	33	36	10	5	0	0	0	5	9	0	0	26	27	20	10	42	72	0	98	47	39	49	11	0	0	0	14	0	0	0	7	0	0	0	8	9	0	0	29	27	22	10	48	72	0	194	126	17	9	10	31	36	10	23	27	20	10	38	72	0	72	32	36	10	5	0	0	0	5	9	0	0	26	27	20	10	42	72	0	94	33	36	10	1	0	0	0	2	0	0	0	5	0	0	0	5	9	0	0	26	27	20	10	42	72	0	98	47	39	49	16	0	38	0	22	0	147	0	11	0	0	0	14	0	0	0	7	0	0	0	8	9	0	0	29	27	22	10	48	72	0	194
272	253	79	119	82	234	53	87	47	79	119	82	37	153	102	65	65	200	164	169	215	51	82	47	53	87	47	34	144	96	65	52	183	94	95	79	119	82	18	56	0	0	20	23	0	0	37	153	102	65	65	200	164	169	196	45	66	47	51	82	47	31	138	96	65	48	172	94	94	53	87	47	10	36	0	0	8	12	0	0	34	144	96	65	52	183	94	95	79	119	82	11	60	0	0	18	64	82	0	18	56	0	0	20	23	0	0	37	153	102	65	65	200	164	169	177	27	30	44	45	66	47	25	90	96	56	42	116	94	72	51	82	47	9	30	0	0	8	12	0	0	31	138	96	65	48	172	94	94	53	87	47	3	0	0	0	2	24	47	0	10	36	0	0	8	12	0	0	34	144	96	65	52	183	94	95	79	119	82	20	60	49	36	51	40	246	0	11	60	0	0	18	64	82	0	18	56	0	0	20	23	0	0	37	153	102	65	65	200	164	169
124	116	21	7	48	108	16	7	0	21	7	48	7	0	0	0	19	35	0	254	100	16	7	0	16	7	0	7	0	0	0	16	35	0	144	21	7	48	0	0	0	0	4	0	0	0	7	0	0	0	19	35	0	254	92	16	7	0	16	7	0	7	0	0	0	16	35	0	139	16	7	0	0	0	0	0	4	0	0	0	7	0	0	0	16	35	0	144	21	7	48	0	0	0	0	0	0	0	0	0	0	0	0	4	0	0	0	7	0	0	0	19	35	0	254	84	5	0	0	16	7	0	7	0	0	0	16	35	0	94	16	7	0	0	0	0	0	4	0	0	0	7	0	0	0	16	35	0	139	16	7	0	0	0	0	0	0	0	0	0	0	0	0	0	4	0	0	0	7	0	0	0	16	35	0	144	21	7	48	0	0	38	0	6	0	48	0	0	0	0	0	0	0	0	0	0	0	0	0	4	0	0	0	7	0	0	0	19	35	0	254
177	164	41	51	38	151	31	47	0	41	51	38	23	28	0	0	48	56	0	194	138	29	47	0	31	47	0	20	28	0	0	42	56	0	98	41	51	38	11	0	0	0	6	14	0	0	23	28	0	0	48	56	0	194	125	28	47	0	29	47	0	20	28	0	0	42	56	0	94	31	47	0	9	0	0	0	5	14	0	0	20	28	0	0	42	56	0	98	41	51	38	8	0	0	0	6	0	0	0	11	0	0	0	6	14	0	0	23	28	0	0	48	56	0	194	112	14	19	0	28	47	0	17	28	0	0	38	56	0	72	29	47	0	6	0	0	0	5	14	0	0	20	28	0	0	42	56	0	94	31	47	0	2	0	0	0	2	0	0	0	9	0	0	0	5	14	0	0	20	28	0	0	42	56	0	98	41	51	38	11	0	38	0	11	21	152	0	8	0	0	0	6	0	0	0	11	0	0	0	6	14	0	0	23	28	0	0	48	56	0	194
304	282	83	105	163	260	68	101	160	83	105	163	64	68	19	35	89	116	0	0	238	58	84	158	68	101	160	46	68	19	34	73	115	0	0	83	105	163	18	16	39	19	11	18	163	0	64	68	19	35	89	116	0	0	216	50	80	157	58	84	158	40	64	18	34	51	49	0	0	68	101	160	9	16	39	18	8	17	160	0	46	68	19	34	73	115	0	0	83	105	163	24	64	22	8	9	32	0	0	18	16	39	19	11	18	163	0	64	68	19	35	89	116	0	0	194	40	64	157	50	80	157	34	64	17	34	45	48	0	0	58	84	158	7	0	36	18	7	17	158	0	40	64	18	34	51	49	0	0	68	101	160	24	64	21	8	9	32	0	0	9	16	39	18	8	17	160	0	46	68	19	34	73	115	0	0	78	105	163	37	0	8	0	48	90	163	0	24	64	22	8	9	32	0	0	18	16	39	19	10	18	163	0	64	68	19	35	86	116	0	0
236	219	50	77	122	202	37	53	122	50	77	122	40	22	35	0	57	77	244	0	185	29	42	121	37	53	122	24	0	35	0	42	53	244	0	50	77	122	2	0	39	9	3	0	122	0	40	22	35	0	57	77	244	0	168	28	39	120	29	42	121	21	0	34	0	21	42	242	0	37	53	122	1	0	39	8	2	0	122	0	24	0	35	0	42	53	244	0	50	77	122	23	39	10	8	12	0	0	0	2	0	39	9	3	0	122	0	40	22	35	0	57	77	244	0	151	21	33	120	28	39	120	21	0	33	0	21	39	240	0	29	42	121	0	0	36	8	2	0	121	0	21	0	34	0	21	42	242	0	37	53	122	19	33	10	8	9	0	0	0	1	0	39	8	2	0	122	0	24	0	35	0	42	53	244	0	49	77	122	28	66	0	0	27	72	0	0	23	39	10	8	12	0	0	0	2	0	39	9	3	0	122	0	40	22	35	0	57	77	244	0
250	232	56	72	124	214	50	66	101	56	72	124	45	81	0	79	60	81	0	125	196	46	65	99	50	66	101	42	78	0	75	57	78	0	89	56	72	124	13	13	10	20	5	13	0	0	45	81	0	79	60	81	0	125	178	37	52	99	46	65	99	36	78	0	75	45	78	0	89	50	66	101	13	13	0	20	5	13	0	0	42	78	0	75	57	78	0	89	56	72	124	7	0	54	0	6	0	124	0	13	13	10	20	5	13	0	0	45	81	0	79	60	81	0	125	160	26	13	99	37	52	99	18	39	0	75	26	39	0	89	46	65	99	8	13	0	20	5	13	0	0	36	78	0	75	45	78	0	89	50	66	101	7	0	11	0	6	0	101	0	13	13	0	20	5	13	0	0	42	78	0	75	57	78	0	89	56	72	124	14	0	56	0	23	34	372	0	7	0	54	0	6	0	124	0	13	13	10	20	5	13	0	0	45	81	0	79	60	81	0	125
245	227	82	94	90	209	68	86	68	82	94	90	82	99	10	68	104	110	0	125	191	58	68	65	68	86	68	64	90	10	64	88	101	0	89	82	94	90	24	83	40	29	10	24	90	0	82	99	10	68	104	110	0	125	173	48	33	64	58	68	65	58	55	9	64	64	55	0	89	68	86	68	15	77	30	28	7	22	68	0	64	90	10	64	88	101	0	89	82	94	90	22	22	64	8	11	22	270	0	24	83	40	29	10	24	90	0	82	99	10	68	104	110	0	125	155	31	22	64	48	33	64	40	22	8	64	45	22	0	89	58	68	65	9	66	27	28	7	22	65	0	58	55	9	64	64	55	0	89	68	86	68	22	22	21	8	11	22	204	0	15	77	30	28	7	22	68	0	64	90	10	64	88	101	0	89	82	94	90	36	0	56	0	42	88	90	0	22	22	64	8	11	22	270	0	24	83	40	29	10	24	90	0	82	99	10	68	104	110	0	125
244	225	85	137	38	206	63	96	37	85	137	38	56	137	10	11	85	163	152	0	187	56	78	35	63	96	37	51	65	10	10	60	81	148	0	85	137	38	28	0	30	19	14	13	114	0	56	137	10	11	85	163	152	0	168	46	63	34	56	78	35	45	65	9	10	42	39	140	0	63	96	37	13	0	30	18	8	13	111	0	51	65	10	10	60	81	148	0	85	137	38	26	150	22	8	15	50	0	0	28	0	30	19	14	13	114	0	56	137	10	11	85	163	152	0	149	32	40	34	46	63	34	36	50	8	10	37	30	136	0	56	78	35	10	0	27	18	7	13	105	0	45	65	9	10	42	39	140	0	63	96	37	15	90	21	8	6	30	0	0	13	0	30	18	8	13	111	0	51	65	10	10	60	81	148	0	85	137	38	30	150	0	0	44	115	0	0	26	150	22	8	15	50	0	0	28	0	30	19	14	13	114	0	56	137	10	11	85	163	152	0
140	129	35	33	59	118	19	24	35	35	33	59	14	16	82	74	39	31	59	160	107	18	24	35	19	24	35	11	16	39	74	13	24	35	159	35	33	59	0	0	14	0	2	0	0	0	14	16	82	74	39	31	59	160	96	18	22	34	18	24	35	11	16	39	70	13	24	35	156	19	24	35	0	0	10	0	1	0	0	0	11	16	39	74	13	24	35	159	35	33	59	23	14	0	9	13	0	0	0	0	0	14	0	2	0	0	0	14	16	82	74	39	31	59	160	85	7	7	33	18	22	34	11	14	36	66	13	21	34	154	18	24	35	0	0	10	0	1	0	0	0	11	16	39	70	13	24	35	156	19	24	35	0	0	0	8	0	0	0	0	0	0	10	0	1	0	0	0	11	16	39	74	13	24	35	159	35	33	59	13	7	63	8	15	0	118	0	23	14	0	9	13	0	0	0	0	0	14	0	2	0	0	0	14	16	82	74	39	31	59	160
121	111	46	33	17	101	29	24	0	46	33	17	23	24	29	0	44	28	17	160	91	29	24	0	29	24	0	23	24	0	0	19	18	0	159	46	33	17	10	0	0	0	7	0	0	0	23	24	29	0	44	28	17	160	81	26	22	0	29	24	0	23	24	0	0	19	18	0	156	29	24	0	4	0	0	0	5	0	0	0	23	24	0	0	19	18	0	159	46	33	17	29	10	0	0	11	15	0	0	10	0	0	0	7	0	0	0	23	24	29	0	44	28	17	160	71	13	10	0	26	22	0	17	20	0	0	17	15	0	154	29	24	0	4	0	0	0	5	0	0	0	23	24	0	0	19	18	0	156	29	24	0	2	0	0	0	0	0	0	0	4	0	0	0	5	0	0	0	23	24	0	0	19	18	0	159	46	33	17	25	10	63	0	21	10	34	0	29	10	0	0	11	15	0	0	10	0	0	0	7	0	0	0	23	24	29	0	44	28	17	160
137	126	52	41	6	115	30	24	0	52	41	6	25	16	18	0	59	46	18	38	104	30	24	0	30	24	0	25	16	0	0	25	16	0	37	52	41	6	14	0	0	0	13	0	0	0	25	16	18	0	59	46	18	38	93	27	21	0	30	24	0	25	16	0	0	25	16	0	35	30	24	0	8	0	0	0	8	0	0	0	25	16	0	0	25	16	0	37	52	41	6	25	15	0	0	16	15	0	0	14	0	0	0	13	0	0	0	25	16	18	0	59	46	18	38	82	16	10	0	27	21	0	19	10	0	0	23	10	0	34	30	24	0	8	0	0	0	8	0	0	0	25	16	0	0	25	16	0	35	30	24	0	2	0	0	0	0	0	0	0	8	0	0	0	8	0	0	0	25	16	0	0	25	16	0	37	52	41	6	31	30	30	0	28	10	6	0	25	15	0	0	16	15	0	0	14	0	0	0	13	0	0	0	25	16	18	0	59	46	18	38
150	137	51	62	6	124	27	40	0	51	62	6	19	48	18	0	58	56	24	38	111	25	40	0	27	40	0	19	48	0	0	26	16	0	37	51	62	6	14	0	0	0	15	20	0	0	19	48	18	0	58	56	24	38	98	22	40	0	25	40	0	19	48	0	0	22	16	0	35	27	40	0	8	0	0	0	6	16	0	0	19	48	0	0	26	16	0	37	51	62	6	26	0	0	0	16	12	0	0	14	0	0	0	15	20	0	0	19	48	18	0	58	56	24	38	85	12	32	0	22	40	0	13	48	0	0	20	16	0	34	25	40	0	8	0	0	0	6	16	0	0	19	48	0	0	22	16	0	35	27	40	0	2	0	0	0	0	0	0	0	8	0	0	0	6	16	0	0	19	48	0	0	26	16	0	37	51	62	6	28	32	30	0	33	8	0	0	26	0	0	0	16	12	0	0	14	0	0	0	15	20	0	0	19	48	18	0	58	56	24	38
93	86	43	10	0	79	22	0	0	43	10	0	16	0	0	0	40	28	0	0	72	22	0	0	22	0	0	16	0	0	0	18	0	0	0	43	10	0	22	0	0	0	18	0	0	0	16	0	0	0	40	28	0	0	65	17	0	0	22	0	0	16	0	0	0	18	0	0	0	22	0	0	8	0	0	0	7	0	0	0	16	0	0	0	18	0	0	0	43	10	0	9	0	0	0	6	10	0	0	22	0	0	0	18	0	0	0	16	0	0	0	40	28	0	0	58	14	0	0	17	0	0	10	0	0	0	16	0	0	0	22	0	0	8	0	0	0	7	0	0	0	16	0	0	0	18	0	0	0	22	0	0	2	0	0	0	0	0	0	0	8	0	0	0	7	0	0	0	16	0	0	0	18	0	0	0	43	10	0	31	0	0	0	33	4	0	0	9	0	0	0	6	10	0	0	22	0	0	0	18	0	0	0	16	0	0	0	40	28	0	0
168	155	56	12	68	142	42	0	42	56	12	68	33	0	15	71	47	0	68	71	129	41	0	19	42	0	42	33	0	14	19	41	0	42	35	56	12	68	30	0	0	58	20	12	0	160	33	0	15	71	47	0	68	71	116	25	0	19	41	0	19	33	0	10	19	41	0	19	35	42	0	42	16	0	0	58	10	0	0	159	33	0	14	19	41	0	42	35	56	12	68	8	0	108	0	0	0	0	0	30	0	0	58	20	12	0	160	33	0	15	71	47	0	68	71	103	15	0	18	25	0	19	18	0	10	18	28	0	19	34	41	0	19	14	0	0	54	10	0	0	156	33	0	10	19	41	0	19	35	42	0	42	4	0	63	0	0	0	0	0	16	0	0	58	10	0	0	159	33	0	14	19	41	0	42	35	56	12	68	20	0	35	9	36	24	0	0	8	0	108	0	0	0	0	0	30	0	0	58	20	12	0	160	33	0	15	71	47	0	68	71
165	152	54	36	42	139	37	0	35	54	36	42	32	0	44	14	50	27	168	6	126	34	0	31	37	0	35	29	0	43	10	44	0	140	0	54	36	42	36	0	0	40	20	27	0	0	32	0	44	14	50	27	168	6	113	29	0	31	34	0	31	29	0	39	10	44	0	124	0	37	0	35	22	0	0	40	11	0	0	0	29	0	43	10	44	0	140	0	54	36	42	10	0	0	0	0	0	0	0	36	0	0	40	20	27	0	0	32	0	44	14	50	27	168	6	100	20	0	25	29	0	31	23	0	39	9	42	0	124	0	34	0	31	17	0	0	36	11	0	0	0	29	0	39	10	44	0	124	0	37	0	35	6	0	0	0	0	0	0	0	22	0	0	40	11	0	0	0	29	0	43	10	44	0	140	0	54	36	42	25	0	8	46	33	45	0	0	10	0	0	0	0	0	0	0	36	0	0	40	20	27	0	0	32	0	44	14	50	27	168	6
198	182	76	68	66	166	56	28	59	76	68	66	59	0	84	38	78	30	264	0	150	48	20	20	56	28	59	44	0	83	10	61	0	236	0	76	68	66	34	80	63	60	22	30	0	291	59	0	84	38	78	30	264	0	134	34	0	10	48	20	20	38	0	40	10	54	0	80	0	56	28	59	22	0	63	40	11	0	0	265	44	0	83	10	61	0	236	0	76	68	66	10	0	136	0	0	0	132	82	34	80	63	60	22	30	0	291	59	0	84	38	78	30	264	0	118	22	0	9	34	0	10	27	0	10	9	48	0	40	0	48	20	20	17	0	30	36	11	0	0	258	38	0	40	10	54	0	80	0	56	28	59	6	0	116	0	0	0	118	47	22	0	63	40	11	0	0	265	44	0	83	10	61	0	236	0	76	68	66	25	0	10	9	42	106	0	0	10	0	136	0	0	0	132	82	34	80	63	60	22	30	0	291	59	0	84	38	78	30	264	0
203	185	66	112	26	167	50	86	6	66	112	26	39	94	0	24	63	56	52	29	149	46	76	0	50	86	6	39	88	0	0	57	56	12	0	66	112	26	27	103	0	0	20	45	0	38	39	94	0	24	63	56	52	29	131	36	43	0	46	76	0	39	76	0	0	55	50	0	0	50	86	6	19	47	0	0	11	25	0	37	39	88	0	0	57	56	12	0	66	112	26	7	64	65	0	0	0	78	0	27	103	0	0	20	45	0	38	39	94	0	24	63	56	52	29	113	21	20	0	36	43	0	28	18	0	0	47	28	0	0	46	76	0	13	38	0	0	10	20	0	35	39	76	0	0	55	50	0	0	50	86	6	7	22	30	0	0	0	18	0	19	47	0	0	11	25	0	37	39	88	0	0	57	56	12	0	66	112	26	16	51	38	0	30	78	52	0	7	64	65	0	0	0	78	0	27	103	0	0	20	45	0	38	39	94	0	24	63	56	52	29
165	150	56	75	11	135	35	54	0	56	75	11	33	0	0	0	69	108	33	12	120	30	50	0	35	54	0	30	0	0	0	39	108	0	0	56	75	11	32	40	0	0	17	44	0	0	33	0	0	0	69	108	33	12	105	24	50	0	30	50	0	30	0	0	0	33	100	0	0	35	54	0	18	40	0	0	8	30	0	0	30	0	0	0	39	108	0	0	56	75	11	9	0	5	0	0	0	0	0	32	40	0	0	17	44	0	0	33	0	0	0	69	108	33	12	90	13	38	0	24	50	0	22	0	0	0	29	100	0	0	30	50	0	13	40	0	0	8	30	0	0	30	0	0	0	33	100	0	0	35	54	0	5	0	0	0	0	0	0	0	18	40	0	0	8	30	0	0	30	0	0	0	39	108	0	0	56	75	11	9	84	18	0	28	35	0	0	9	0	5	0	0	0	0	0	32	40	0	0	17	44	0	0	33	0	0	0	69	108	33	12
234	214	43	19	175	194	29	19	142	43	19	175	20	0	67	89	49	0	0	119	174	22	19	141	29	19	142	15	0	63	86	38	0	0	94	43	19	175	18	0	44	14	7	0	0	0	20	0	67	89	49	0	0	119	154	22	19	120	22	19	141	15	0	63	61	38	0	0	51	29	19	142	18	0	22	10	7	0	0	0	15	0	63	86	38	0	0	94	43	19	175	4	0	0	108	0	0	0	90	18	0	44	14	7	0	0	0	20	0	67	89	49	0	0	119	134	13	19	81	22	19	120	15	0	46	51	38	0	0	41	22	19	141	13	0	22	10	7	0	0	0	15	0	63	61	38	0	0	51	29	19	142	4	0	0	84	0	0	0	68	18	0	22	10	7	0	0	0	15	0	63	86	38	0	0	94	43	19	175	8	0	28	131	14	0	0	169	4	0	0	108	0	0	0	90	18	0	44	14	7	0	0	0	20	0	67	89	49	0	0	119
179	162	55	78	63	145	35	74	27	55	78	63	29	51	7	8	68	141	0	145	128	26	57	27	35	74	27	23	48	7	8	38	132	0	100	55	78	63	16	69	47	0	7	24	63	0	29	51	7	8	68	141	0	145	111	24	56	27	26	57	27	17	45	7	8	32	124	0	51	35	74	27	16	69	0	0	7	24	27	0	23	48	7	8	38	132	0	100	55	78	63	5	11	18	0	0	0	0	0	16	69	47	0	7	24	63	0	29	51	7	8	68	141	0	145	94	15	22	16	24	56	27	15	44	7	8	32	121	0	41	26	57	27	11	33	0	0	6	22	27	0	17	45	7	8	32	124	0	51	35	74	27	5	11	0	0	0	0	0	0	16	69	0	0	7	24	27	0	23	48	7	8	38	132	0	100	55	78	63	10	11	37	32	11	22	189	38	5	11	18	0	0	0	0	0	16	69	47	0	7	24	63	0	29	51	7	8	68	141	0	145
175	159	52	73	44	143	38	28	43	52	73	44	24	0	79	12	44	27	220	0	127	34	28	43	38	28	43	18	0	76	12	35	0	215	0	52	73	44	14	0	8	0	4	0	0	0	24	0	79	12	44	27	220	0	111	34	28	39	34	28	43	18	0	76	10	35	0	215	0	38	28	43	14	0	8	0	4	0	0	0	18	0	76	12	35	0	215	0	52	73	44	4	0	0	32	0	0	0	0	14	0	8	0	4	0	0	0	24	0	79	12	44	27	220	0	95	29	28	0	34	28	39	18	0	64	0	35	0	195	0	34	28	43	9	0	8	0	4	0	0	0	18	0	76	10	35	0	215	0	38	28	43	4	0	0	0	0	0	0	0	14	0	8	0	4	0	0	0	18	0	76	12	35	0	215	0	52	73	44	18	0	0	0	14	0	0	260	4	0	0	32	0	0	0	0	14	0	8	0	4	0	0	0	24	0	79	12	44	27	220	0
200	182	62	84	81	164	39	44	60	62	84	81	29	52	130	23	48	84	243	108	146	31	32	60	39	44	60	21	16	126	23	34	48	180	94	62	84	81	14	0	65	0	4	0	81	0	29	52	130	23	48	84	243	108	128	31	31	32	31	32	60	21	16	126	10	34	48	180	51	39	44	60	14	0	43	0	4	0	60	0	21	16	126	23	34	48	180	94	62	84	81	3	15	0	32	0	0	0	214	14	0	65	0	4	0	81	0	29	52	130	23	48	84	243	108	110	24	27	0	31	31	32	21	15	64	0	34	45	96	41	31	32	60	9	0	43	0	4	0	60	0	21	16	126	10	34	48	180	51	39	44	60	3	12	0	0	0	0	0	169	14	0	43	0	4	0	60	0	21	16	126	23	34	48	180	94	62	84	81	14	51	0	0	22	30	0	212	3	15	0	32	0	0	0	214	14	0	65	0	4	0	81	0	29	52	130	23	48	84	243	108
178	160	57	103	59	142	34	93	11	57	103	59	25	122	12	11	55	182	0	213	124	23	75	11	34	93	11	17	110	11	11	35	160	0	142	57	103	59	14	86	71	0	7	22	59	0	25	122	12	11	55	182	0	213	106	21	73	0	23	75	11	11	106	11	0	29	151	0	70	34	93	11	14	86	22	0	7	22	11	0	17	110	11	11	35	160	0	142	57	103	59	4	20	18	0	0	0	0	90	14	86	71	0	7	22	59	0	25	122	12	11	55	182	0	213	88	11	50	0	21	73	0	9	100	0	0	29	143	0	60	23	75	11	8	60	22	0	6	20	11	0	11	106	11	0	29	151	0	70	34	93	11	4	20	0	0	0	0	0	68	14	86	22	0	7	22	11	0	17	110	11	11	35	160	0	142	57	103	59	8	30	37	0	15	20	118	0	4	20	18	0	0	0	0	90	14	86	71	0	7	22	59	0	25	122	12	11	55	182	0	213
164	147	43	77	111	130	28	52	81	43	77	111	19	39	152	104	21	39	222	125	113	28	52	78	28	52	81	19	39	131	98	20	39	162	103	43	77	111	0	0	0	39	1	0	0	0	19	39	152	104	21	39	222	125	96	28	52	78	28	52	78	19	39	125	98	20	39	156	103	28	52	81	0	0	0	39	0	0	0	0	19	39	131	98	20	39	162	103	43	77	111	1	0	0	0	0	0	0	0	0	0	0	39	1	0	0	0	19	39	152	104	21	39	222	125	79	23	46	31	28	52	78	19	39	125	42	20	39	156	71	28	52	78	0	0	0	10	0	0	0	0	19	39	125	98	20	39	156	103	28	52	81	0	0	0	0	0	0	0	0	0	0	0	39	0	0	0	0	19	39	131	98	20	39	162	103	41	77	111	5	66	12	56	21	44	0	377	1	0	0	0	0	0	0	0	0	0	0	39	1	0	0	0	19	39	152	104	21	39	222	125
95	85	18	21	44	75	16	21	16	18	21	44	1	0	12	55	7	0	0	125	65	16	21	16	16	21	16	1	0	0	55	7	0	0	103	18	21	44	0	0	0	0	0	0	0	0	1	0	12	55	7	0	0	125	55	16	21	16	16	21	16	1	0	0	55	7	0	0	103	16	21	16	0	0	0	0	0	0	0	0	1	0	0	55	7	0	0	103	18	21	44	1	0	0	0	0	0	0	0	0	0	0	0	0	0	0	0	1	0	12	55	7	0	0	125	45	15	21	16	16	21	16	1	0	0	55	7	0	0	71	16	21	16	0	0	0	0	0	0	0	0	1	0	0	55	7	0	0	103	16	21	16	0	0	0	0	0	0	0	0	0	0	0	0	0	0	0	0	1	0	0	55	7	0	0	103	18	21	44	5	0	12	0	4	0	0	0	1	0	0	0	0	0	0	0	0	0	0	0	0	0	0	0	1	0	12	55	7	0	0	125
112	100	22	32	49	88	16	32	34	22	32	49	3	0	24	68	6	8	0	44	76	16	32	33	16	32	34	3	0	21	65	6	8	0	43	22	32	49	0	0	0	12	0	0	0	0	3	0	24	68	6	8	0	44	64	16	32	33	16	32	33	3	0	21	65	6	8	0	43	16	32	34	0	0	0	12	0	0	0	0	3	0	21	65	6	8	0	43	22	32	49	0	0	0	0	0	0	0	0	0	0	0	12	0	0	0	0	3	0	24	68	6	8	0	44	52	16	32	16	16	32	33	3	0	21	42	6	8	0	39	16	32	33	0	0	0	10	0	0	0	0	3	0	21	65	6	8	0	43	16	32	34	0	0	0	0	0	0	0	0	0	0	0	12	0	0	0	0	3	0	21	65	6	8	0	43	22	32	49	10	0	0	32	10	0	0	124	0	0	0	0	0	0	0	0	0	0	0	12	0	0	0	0	3	0	24	68	6	8	0	44
133	119	30	49	61	105	22	40	34	30	49	61	8	0	36	68	10	30	61	125	91	22	40	33	22	40	34	8	0	21	65	10	30	34	103	30	49	61	0	0	0	12	0	0	0	0	8	0	36	68	10	30	61	125	77	22	40	33	22	40	33	8	0	21	65	10	30	33	103	22	40	34	0	0	0	12	0	0	0	0	8	0	21	65	10	30	34	103	30	49	61	1	0	0	0	0	0	0	0	0	0	0	12	0	0	0	0	8	0	36	68	10	30	61	125	63	19	36	16	22	40	33	8	0	21	42	10	30	33	71	22	40	33	0	0	0	10	0	0	0	0	8	0	21	65	10	30	33	103	22	40	34	0	0	0	0	0	0	0	0	0	0	0	12	0	0	0	0	8	0	21	65	10	30	34	103	30	49	61	7	36	12	32	10	18	0	124	1	0	0	0	0	0	0	0	0	0	0	12	0	0	0	0	8	0	36	68	10	30	61	125
62	55	14	12	9	48	13	12	0	14	12	9	0	0	0	0	4	0	0	44	41	13	12	0	13	12	0	0	0	0	0	4	0	0	43	14	12	9	0	0	0	0	0	0	0	0	0	0	0	0	4	0	0	44	34	13	12	0	13	12	0	0	0	0	0	4	0	0	43	13	12	0	0	0	0	0	0	0	0	0	0	0	0	0	4	0	0	43	14	12	9	0	0	0	0	0	0	0	0	0	0	0	0	0	0	0	0	0	0	0	0	4	0	0	44	27	13	12	0	13	12	0	0	0	0	0	4	0	0	39	13	12	0	0	0	0	0	0	0	0	0	0	0	0	0	4	0	0	43	13	12	0	0	0	0	0	0	0	0	0	0	0	0	0	0	0	0	0	0	0	0	0	4	0	0	43	14	12	9	4	0	0	0	2	0	0	0	0	0	0	0	0	0	0	0	0	0	0	0	0	0	0	0	0	0	0	0	4	0	0	44
139	124	31	38	118	109	23	26	117	31	38	118	25	0	33	17	35	26	118	0	94	22	26	117	23	26	117	25	0	33	17	35	26	117	0	31	38	118	1	0	0	0	5	0	0	0	25	0	33	17	35	26	118	0	79	22	26	110	22	26	117	25	0	33	16	35	26	117	0	23	26	117	1	0	0	0	5	0	0	0	25	0	33	17	35	26	117	0	31	38	118	4	0	0	71	0	0	0	0	1	0	0	0	5	0	0	0	25	0	33	17	35	26	118	0	64	19	24	92	22	26	110	25	0	27	16	35	26	110	0	22	26	117	0	0	0	0	4	0	0	0	25	0	33	16	35	26	117	0	23	26	117	4	0	0	45	0	0	0	0	1	0	0	0	5	0	0	0	25	0	33	17	35	26	117	0	22	38	118	0	24	0	46	0	0	0	76	4	0	0	71	0	0	0	0	1	0	0	0	3	0	0	0	25	0	33	17	29	26	118	0
147	130	35	66	119	113	28	60	104	35	66	119	25	72	13	50	30	64	0	111	96	27	60	97	28	60	104	25	72	13	47	30	60	0	81	35	66	119	1	0	0	76	3	0	0	0	25	72	13	50	30	64	0	111	79	27	60	81	27	60	97	25	72	13	45	30	60	0	78	28	60	104	1	0	0	33	3	0	0	0	25	72	13	47	30	60	0	81	35	66	119	4	0	0	70	0	0	0	66	1	0	0	76	3	0	0	0	25	72	13	50	30	64	0	111	62	21	36	75	27	60	81	25	72	10	45	30	60	0	78	27	60	97	0	0	0	33	2	0	0	0	25	72	13	45	30	60	0	78	28	60	104	4	0	0	56	0	0	0	59	1	0	0	33	3	0	0	0	25	72	13	47	30	60	0	81	28	66	119	2	0	33	46	0	0	238	0	4	0	0	70	0	0	0	66	1	0	0	76	2	0	0	0	25	72	13	50	27	64	0	111
114	100	32	57	55	86	19	53	54	32	57	55	18	36	35	17	27	68	0	0	72	17	44	52	19	53	54	16	36	35	17	24	63	0	0	32	57	55	1	8	11	18	4	8	55	0	18	36	35	17	27	68	0	0	58	17	40	39	17	44	52	16	32	31	16	22	61	0	0	19	53	54	1	8	11	0	3	8	54	0	16	36	35	17	24	63	0	0	32	57	55	2	32	0	46	0	0	0	26	1	8	11	18	4	8	55	0	18	36	35	17	27	68	0	0	44	12	32	35	17	40	39	16	32	10	16	22	56	0	0	17	44	52	0	0	9	0	2	0	52	0	16	32	31	16	22	61	0	0	19	53	54	0	32	0	34	0	0	0	6	1	8	11	0	3	8	54	0	16	36	35	17	24	63	0	0	24	57	55	2	0	11	24	0	0	55	0	2	32	0	46	0	0	0	26	1	8	11	18	2	8	55	0	18	36	35	17	21	68	0	0
162	144	41	60	158	126	35	56	127	41	60	158	30	56	35	140	48	42	0	172	108	28	56	82	35	56	127	28	56	35	92	48	42	0	115	41	60	158	11	0	64	123	6	0	0	203	30	56	35	140	48	42	0	172	90	24	56	58	28	56	82	21	56	31	90	37	42	0	111	35	56	127	11	0	64	62	6	0	0	98	28	56	35	92	48	42	0	115	41	60	158	6	0	46	57	0	0	0	92	11	0	64	123	6	0	0	203	30	56	35	140	48	42	0	172	72	8	28	54	24	56	58	13	56	10	90	23	42	0	111	28	56	82	0	0	9	62	0	0	0	98	21	56	31	90	37	42	0	111	35	56	127	4	0	43	45	0	0	0	65	11	0	64	62	6	0	0	98	28	56	35	92	48	42	0	115	41	60	158	0	0	136	24	0	0	316	0	6	0	46	57	0	0	0	92	11	0	64	123	6	0	0	203	30	56	35	140	48	42	0	172
98	88	19	16	60	78	10	0	60	19	16	60	6	0	71	0	11	0	120	0	68	8	0	58	10	0	60	4	0	71	0	11	0	120	0	19	16	60	2	0	11	18	2	0	0	0	6	0	71	0	11	0	120	0	58	8	0	40	8	0	58	4	0	67	0	11	0	116	0	10	0	60	2	0	11	0	2	0	0	0	4	0	71	0	11	0	120	0	19	16	60	6	0	0	70	0	0	0	26	2	0	11	18	2	0	0	0	6	0	71	0	11	0	120	0	48	6	0	17	8	0	40	4	0	37	0	11	0	80	0	8	0	58	0	0	9	0	0	0	0	0	4	0	67	0	11	0	116	0	10	0	60	4	0	0	29	0	0	0	6	2	0	11	0	2	0	0	0	4	0	71	0	11	0	120	0	19	16	60	2	0	11	46	0	0	0	82	6	0	0	70	0	0	0	26	2	0	11	18	2	0	0	0	6	0	71	0	11	0	120	0
81	72	4	0	79	63	3	0	46	4	0	79	0	0	14	134	4	0	0	178	54	3	0	46	3	0	46	0	0	11	134	4	0	0	177	4	0	79	1	0	0	0	1	0	0	0	0	0	14	134	4	0	0	178	45	2	0	44	3	0	46	0	0	11	128	4	0	0	175	3	0	46	0	0	0	0	0	0	0	0	0	0	11	134	4	0	0	177	4	0	79	0	0	14	18	0	0	0	0	1	0	0	0	1	0	0	0	0	0	14	134	4	0	0	178	36	0	0	27	2	0	44	0	0	9	79	2	0	0	150	3	0	46	0	0	0	0	0	0	0	0	0	0	11	128	4	0	0	175	3	0	46	0	0	11	0	0	0	0	0	0	0	0	0	0	0	0	0	0	0	11	134	4	0	0	177	4	0	79	0	0	24	57	0	0	0	26	0	0	14	18	0	0	0	0	1	0	0	0	1	0	0	0	0	0	14	134	4	0	0	178
81	72	8	0	47	63	1	0	33	8	0	47	0	0	38	53	2	0	0	60	54	1	0	33	1	0	33	0	0	35	53	2	0	0	60	8	0	47	1	0	0	0	4	0	0	0	0	0	38	53	2	0	0	60	45	0	0	31	1	0	33	0	0	35	47	2	0	0	58	1	0	33	0	0	0	0	0	0	0	0	0	0	35	53	2	0	0	60	8	0	47	0	0	14	18	0	0	0	0	1	0	0	0	4	0	0	0	0	0	38	53	2	0	0	60	36	0	0	14	0	0	31	0	0	33	15	0	0	0	40	1	0	33	0	0	0	0	0	0	0	0	0	0	35	47	2	0	0	58	1	0	33	0	0	11	0	0	0	0	0	0	0	0	0	0	0	0	0	0	0	35	53	2	0	0	60	8	0	47	0	0	0	36	0	0	0	26	0	0	14	18	0	0	0	0	1	0	0	0	4	0	0	0	0	0	38	53	2	0	0	60
52	46	5	8	8	40	1	0	8	5	8	8	0	0	24	0	2	0	16	0	34	0	0	8	1	0	8	0	0	24	0	2	0	16	0	5	8	8	0	0	0	0	2	4	0	0	0	0	24	0	2	0	16	0	28	0	0	8	0	0	8	0	0	24	0	0	0	16	0	1	0	8	0	0	0	0	0	0	0	0	0	0	24	0	2	0	16	0	5	8	8	0	0	0	0	0	0	0	0	0	0	0	0	2	4	0	0	0	0	24	0	2	0	16	0	22	0	0	4	0	0	8	0	0	24	0	0	0	16	0	0	0	8	0	0	0	0	0	0	0	0	0	0	24	0	0	0	16	0	1	0	8	0	0	0	0	0	0	0	0	0	0	0	0	0	0	0	0	0	0	24	0	2	0	16	0	5	8	8	0	0	0	16	0	0	0	0	0	0	0	0	0	0	0	0	0	0	0	0	2	4	0	0	0	0	24	0	2	0	16	0
36	32	3	0	0	28	0	0	0	3	0	0	0	0	0	0	0	0	0	0	24	0	0	0	0	0	0	0	0	0	0	0	0	0	0	3	0	0	0	0	0	0	1	0	0	0	0	0	0	0	0	0	0	0	20	0	0	0	0	0	0	0	0	0	0	0	0	0	0	0	0	0	0	0	0	0	0	0	0	0	0	0	0	0	0	0	0	0	3	0	0	0	0	0	0	0	0	0	0	0	0	0	0	1	0	0	0	0	0	0	0	0	0	0	0	16	0	0	0	0	0	0	0	0	0	0	0	0	0	0	0	0	0	0	0	0	0	0	0	0	0	0	0	0	0	0	0	0	0	0	0	0	0	0	0	0	0	0	0	0	0	0	0	0	0	0	0	0	0	0	0	0	0	0	0	0	3	0	0	0	0	0	0	0	0	0	0	0	0	0	0	0	0	0	0	0	0	0	0	1	0	0	0	0	0	0	0	0	0	0	0
35	31	2	3	0	27	0	0	0	2	3	0	0	0	0	0	0	0	0	0	23	0	0	0	0	0	0	0	0	0	0	0	0	0	0	2	3	0	0	0	0	0	1	0	0	0	0	0	0	0	0	0	0	0	19	0	0	0	0	0	0	0	0	0	0	0	0	0	0	0	0	0	0	0	0	0	0	0	0	0	0	0	0	0	0	0	0	0	2	3	0	0	0	0	0	0	0	0	0	0	0	0	0	1	0	0	0	0	0	0	0	0	0	0	0	15	0	0	0	0	0	0	0	0	0	0	0	0	0	0	0	0	0	0	0	0	0	0	0	0	0	0	0	0	0	0	0	0	0	0	0	0	0	0	0	0	0	0	0	0	0	0	0	0	0	0	0	0	0	0	0	0	0	0	0	0	2	3	0	0	0	0	0	0	0	0	0	0	0	0	0	0	0	0	0	0	0	0	0	1	0	0	0	0	0	0	0	0	0	0	0
40	35	2	0	17	30	2	0	8	2	0	17	0	0	0	16	4	0	0	8	25	0	0	8	2	0	8	0	0	0	16	4	0	0	8	2	0	17	0	0	0	0	0	0	0	0	0	0	0	16	4	0	0	8	20	0	0	8	0	0	8	0	0	0	16	0	0	0	8	2	0	8	0	0	0	0	0	0	0	0	0	0	0	16	4	0	0	8	2	0	17	0	0	0	0	0	0	0	0	0	0	0	0	0	0	0	0	0	0	0	16	4	0	0	8	15	0	0	8	0	0	8	0	0	0	16	0	0	0	8	0	0	8	0	0	0	0	0	0	0	0	0	0	0	16	0	0	0	8	2	0	8	0	0	0	0	0	0	0	0	0	0	0	0	0	0	0	0	0	0	0	16	4	0	0	8	2	0	17	0	0	0	0	0	0	0	0	0	0	0	0	0	0	0	0	0	0	0	0	0	0	0	0	0	0	0	16	4	0	0	8
70	61	14	8	48	52	9	8	40	14	8	48	7	0	0	44	24	16	0	8	43	4	0	29	9	8	40	4	0	0	38	15	16	0	8	14	8	48	0	0	34	33	0	0	48	55	7	0	0	44	24	16	0	8	34	0	0	29	4	0	29	0	0	0	38	5	0	0	8	9	8	40	0	0	32	33	0	0	40	54	4	0	0	38	15	16	0	8	14	8	48	0	0	32	0	0	0	0	0	0	0	34	33	0	0	48	55	7	0	0	44	24	16	0	8	25	0	0	24	0	0	29	0	0	0	34	0	0	0	8	4	0	29	0	0	21	27	0	0	29	52	0	0	0	38	5	0	0	8	9	8	40	0	0	32	0	0	0	0	0	0	0	32	33	0	0	40	54	4	0	0	38	15	16	0	8	14	8	48	0	0	0	39	0	0	0	0	0	0	32	0	0	0	0	0	0	0	34	33	0	0	48	55	7	0	0	44	24	16	0	8
70	61	20	8	43	52	7	8	41	20	8	43	10	0	34	16	44	16	0	0	43	0	0	39	7	8	41	0	0	34	16	9	16	0	0	20	8	43	0	0	55	21	0	0	43	0	10	0	34	16	44	16	0	0	34	0	0	39	0	0	39	0	0	31	16	0	0	0	0	7	8	41	0	0	55	21	0	0	41	0	0	0	34	16	9	16	0	0	20	8	43	0	0	0	0	0	0	0	0	0	0	55	21	0	0	43	0	10	0	34	16	44	16	0	0	25	0	0	15	0	0	39	0	0	31	16	0	0	0	0	0	0	39	0	0	51	0	0	0	39	0	0	0	31	16	0	0	0	0	7	8	41	0	0	0	0	0	0	0	0	0	0	55	21	0	0	41	0	0	0	34	16	9	16	0	0	20	8	43	0	0	0	21	0	0	0	122	0	0	0	0	0	0	0	0	0	0	55	21	0	0	43	0	10	0	34	16	44	16	0	0
75	65	26	27	33	55	7	6	33	26	27	33	7	18	34	0	38	72	99	0	45	0	0	31	7	6	33	0	0	34	0	9	12	99	0	26	27	33	0	0	55	21	0	0	33	0	7	18	34	0	38	72	99	0	35	0	0	31	0	0	31	0	0	31	0	0	0	93	0	7	6	33	0	0	55	21	0	0	33	0	0	0	34	0	9	12	99	0	26	27	33	0	0	0	0	0	0	0	0	0	0	55	21	0	0	33	0	7	18	34	0	38	72	99	0	25	0	0	7	0	0	31	0	0	31	0	0	0	93	0	0	0	31	0	0	51	0	0	0	31	0	0	0	31	0	0	0	93	0	7	6	33	0	0	0	0	0	0	0	0	0	0	55	21	0	0	33	0	0	0	34	0	9	12	99	0	26	27	33	0	0	0	21	0	0	0	122	0	0	0	0	0	0	0	0	0	0	55	21	0	0	33	0	7	18	34	0	38	72	99	0
67	58	23	20	22	49	4	0	22	23	20	22	4	0	12	0	21	60	110	0	40	0	0	21	4	0	22	0	0	12	0	6	0	110	0	23	20	22	0	0	22	11	0	0	0	0	4	0	12	0	21	60	110	0	31	0	0	21	0	0	21	0	0	11	0	0	0	105	0	4	0	22	0	0	22	11	0	0	0	0	0	0	12	0	6	0	110	0	23	20	22	0	0	0	0	0	0	0	0	0	0	22	11	0	0	0	0	4	0	12	0	21	60	110	0	22	0	0	7	0	0	21	0	0	11	0	0	0	105	0	0	0	21	0	0	21	0	0	0	0	0	0	0	11	0	0	0	105	0	4	0	22	0	0	0	0	0	0	0	0	0	0	22	11	0	0	0	0	0	0	12	0	6	0	110	0	23	20	22	0	0	0	21	0	0	0	63	0	0	0	0	0	0	0	0	0	0	22	11	0	0	0	0	4	0	12	0	21	60	110	0
81	69	18	27	54	57	0	0	39	18	27	54	0	0	76	58	8	0	162	55	45	0	0	39	0	0	39	0	0	61	58	0	0	117	55	18	27	54	0	0	0	0	0	0	0	0	0	0	76	58	8	0	162	55	33	0	0	36	0	0	39	0	0	61	53	0	0	117	52	0	0	39	0	0	0	0	0	0	0	0	0	0	61	58	0	0	117	55	18	27	54	0	0	0	36	0	0	0	0	0	0	0	0	0	0	0	0	0	0	76	58	8	0	162	55	21	0	0	33	0	0	36	0	0	56	53	0	0	108	52	0	0	39	0	0	0	0	0	0	0	0	0	0	61	53	0	0	117	52	0	0	39	0	0	0	33	0	0	0	0	0	0	0	0	0	0	0	0	0	0	61	58	0	0	117	55	18	27	54	0	0	0	36	0	0	0	0	0	0	0	36	0	0	0	0	0	0	0	0	0	0	0	0	0	0	76	58	8	0	162	55
79	67	17	35	23	55	0	0	11	17	35	23	0	0	45	22	5	21	115	55	43	0	0	11	0	0	11	0	0	33	22	0	0	55	55	17	35	23	0	0	0	0	0	0	0	0	0	0	45	22	5	21	115	55	31	0	0	10	0	0	11	0	0	33	20	0	0	55	52	0	0	11	0	0	0	0	0	0	0	0	0	0	33	22	0	0	55	55	17	35	23	0	0	0	10	0	0	0	0	0	0	0	0	0	0	0	0	0	0	45	22	5	21	115	55	19	0	0	10	0	0	10	0	0	30	20	0	0	50	52	0	0	11	0	0	0	0	0	0	0	0	0	0	33	20	0	0	55	52	0	0	11	0	0	0	10	0	0	0	0	0	0	0	0	0	0	0	0	0	0	33	22	0	0	55	55	17	35	23	0	0	0	0	0	0	0	0	0	0	0	10	0	0	0	0	0	0	0	0	0	0	0	0	0	0	45	22	5	21	115	55
48	41	15	6	10	34	0	0	0	15	6	10	0	0	6	0	5	0	10	55	27	0	0	0	0	0	0	0	0	0	0	0	0	0	55	15	6	10	0	0	0	0	0	0	0	0	0	0	6	0	5	0	10	55	20	0	0	0	0	0	0	0	0	0	0	0	0	0	52	0	0	0	0	0	0	0	0	0	0	0	0	0	0	0	0	0	0	55	15	6	10	0	0	0	0	0	0	0	0	0	0	0	0	0	0	0	0	0	0	6	0	5	0	10	55	13	0	0	0	0	0	0	0	0	0	0	0	0	0	52	0	0	0	0	0	0	0	0	0	0	0	0	0	0	0	0	0	0	52	0	0	0	0	0	0	0	0	0	0	0	0	0	0	0	0	0	0	0	0	0	0	0	0	0	0	55	15	6	10	0	0	0	0	0	0	0	0	0	0	0	0	0	0	0	0	0	0	0	0	0	0	0	0	0	0	6	0	5	0	10	55
53	45	12	15	4	37	0	0	0	12	15	4	0	0	0	0	3	0	12	22	29	0	0	0	0	0	0	0	0	0	0	0	0	0	22	12	15	4	0	0	0	0	0	0	0	0	0	0	0	0	3	0	12	22	21	0	0	0	0	0	0	0	0	0	0	0	0	0	21	0	0	0	0	0	0	0	0	0	0	0	0	0	0	0	0	0	0	22	12	15	4	0	0	0	0	0	0	0	0	0	0	0	0	0	0	0	0	0	0	0	0	3	0	12	22	13	0	0	0	0	0	0	0	0	0	0	0	0	0	21	0	0	0	0	0	0	0	0	0	0	0	0	0	0	0	0	0	0	21	0	0	0	0	0	0	0	0	0	0	0	0	0	0	0	0	0	0	0	0	0	0	0	0	0	0	22	12	15	4	0	0	0	0	0	0	0	0	0	0	0	0	0	0	0	0	0	0	0	0	0	0	0	0	0	0	0	0	3	0	12	22
53	45	12	15	4	37	0	0	0	12	15	4	0	0	0	0	3	0	12	22	29	0	0	0	0	0	0	0	0	0	0	0	0	0	22	12	15	4	0	0	0	0	0	0	0	0	0	0	0	0	3	0	12	22	21	0	0	0	0	0	0	0	0	0	0	0	0	0	21	0	0	0	0	0	0	0	0	0	0	0	0	0	0	0	0	0	0	22	12	15	4	0	0	0	0	0	0	0	0	0	0	0	0	0	0	0	0	0	0	0	0	3	0	12	22	13	0	0	0	0	0	0	0	0	0	0	0	0	0	21	0	0	0	0	0	0	0	0	0	0	0	0	0	0	0	0	0	0	21	0	0	0	0	0	0	0	0	0	0	0	0	0	0	0	0	0	0	0	0	0	0	0	0	0	0	22	12	15	4	0	0	0	0	0	0	0	0	0	0	0	0	0	0	0	0	0	0	0	0	0	0	0	0	0	0	0	0	3	0	12	22
114	95	4	0	161	76	0	0	131	4	0	161	0	0	13	57	0	0	0	85	57	0	0	126	0	0	131	0	0	13	50	0	0	0	50	4	0	161	0	0	0	58	0	0	0	0	0	0	13	57	0	0	0	85	38	0	0	126	0	0	126	0	0	13	50	0	0	0	50	0	0	131	0	0	0	58	0	0	0	0	0	0	13	50	0	0	0	50	4	0	161	0	0	0	0	0	0	0	0	0	0	0	58	0	0	0	0	0	0	13	57	0	0	0	85	19	0	0	120	0	0	126	0	0	13	46	0	0	0	46	0	0	126	0	0	0	53	0	0	0	0	0	0	13	50	0	0	0	50	0	0	131	0	0	0	0	0	0	0	0	0	0	0	58	0	0	0	0	0	0	13	50	0	0	0	50	4	0	161	0	0	0	67	0	0	0	0	0	0	0	0	0	0	0	0	0	0	0	58	0	0	0	0	0	0	13	57	0	0	0	85
94	78	11	28	136	62	0	0	124	11	28	136	0	0	113	44	7	0	272	23	46	0	0	94	0	0	124	0	0	113	22	0	0	248	11	11	28	136	0	0	0	86	0	0	0	124	0	0	113	44	7	0	272	23	30	0	0	92	0	0	94	0	0	109	22	0	0	188	11	0	0	124	0	0	0	84	0	0	0	114	0	0	113	22	0	0	248	11	11	28	136	0	0	0	28	0	0	0	0	0	0	0	86	0	0	0	124	0	0	113	44	7	0	272	23	14	0	0	51	0	0	92	0	0	109	20	0	0	184	10	0	0	94	0	0	0	71	0	0	0	99	0	0	109	22	0	0	188	11	0	0	124	0	0	0	22	0	0	0	0	0	0	0	84	0	0	0	114	0	0	113	22	0	0	248	11	11	28	136	0	0	0	74	0	0	0	332	0	0	0	28	0	0	0	0	0	0	0	86	0	0	0	124	0	0	113	44	7	0	272	23
65	54	8	10	79	43	0	0	70	8	10	79	0	0	77	26	2	0	79	23	32	0	0	68	0	0	70	0	0	77	22	0	0	70	11	8	10	79	0	0	0	22	0	0	0	0	0	0	77	26	2	0	79	23	21	0	0	68	0	0	68	0	0	77	22	0	0	68	11	0	0	70	0	0	0	22	0	0	0	0	0	0	77	22	0	0	70	11	8	10	79	0	0	0	0	0	0	0	0	0	0	0	22	0	0	0	0	0	0	77	26	2	0	79	23	10	0	0	38	0	0	68	0	0	77	20	0	0	68	10	0	0	68	0	0	0	20	0	0	0	0	0	0	77	22	0	0	68	11	0	0	70	0	0	0	0	0	0	0	0	0	0	0	22	0	0	0	0	0	0	77	22	0	0	70	11	8	10	79	0	0	0	41	0	0	0	277	0	0	0	0	0	0	0	0	0	0	0	22	0	0	0	0	0	0	77	26	2	0	79	23
72	60	1	0	69	48	0	0	43	1	0	69	0	0	0	0	0	0	0	85	36	0	0	43	0	0	43	0	0	0	0	0	0	0	50	1	0	69	0	0	0	0	0	0	0	0	0	0	0	0	0	0	0	85	24	0	0	43	0	0	43	0	0	0	0	0	0	0	50	0	0	43	0	0	0	0	0	0	0	0	0	0	0	0	0	0	0	50	1	0	69	0	0	0	0	0	0	0	0	0	0	0	0	0	0	0	0	0	0	0	0	0	0	0	85	12	0	0	42	0	0	43	0	0	0	0	0	0	0	46	0	0	43	0	0	0	0	0	0	0	0	0	0	0	0	0	0	0	50	0	0	43	0	0	0	0	0	0	0	0	0	0	0	0	0	0	0	0	0	0	0	0	0	0	0	50	1	0	69	0	0	0	9	0	0	0	0	0	0	0	0	0	0	0	0	0	0	0	0	0	0	0	0	0	0	0	0	0	0	0	85
60	50	0	0	51	40	0	0	19	0	0	51	0	0	0	0	0	0	0	95	30	0	0	19	0	0	19	0	0	0	0	0	0	0	50	0	0	51	0	0	0	0	0	0	0	0	0	0	0	0	0	0	0	95	20	0	0	19	0	0	19	0	0	0	0	0	0	0	50	0	0	19	0	0	0	0	0	0	0	0	0	0	0	0	0	0	0	50	0	0	51	0	0	0	0	0	0	0	0	0	0	0	0	0	0	0	0	0	0	0	0	0	0	0	95	10	0	0	19	0	0	19	0	0	0	0	0	0	0	46	0	0	19	0	0	0	0	0	0	0	0	0	0	0	0	0	0	0	50	0	0	19	0	0	0	0	0	0	0	0	0	0	0	0	0	0	0	0	0	0	0	0	0	0	0	50	0	0	51	0	0	0	0	0	0	0	0	0	0	0	0	0	0	0	0	0	0	0	0	0	0	0	0	0	0	0	0	0	0	0	95
78	61	46	71	99	44	9	11	99	45	71	99	15	55	186	0	90	207	495	0	27	4	0	99	8	11	99	6	0	186	0	24	44	495	0	37	71	99	4	0	42	0	6	11	99	0	13	55	186	0	70	207	495	0	11	1	0	99	3	0	99	2	0	186	0	7	0	495	0	4	11	99	1	0	42	0	0	0	99	0	4	0	186	0	15	44	495	0	20	55	99	0	0	31	0	0	0	0	0	3	0	42	0	6	11	99	0	6	55	186	0	18	143	495	0	0	0	0	99	0	0	99	0	0	186	0	0	0	495	0	0	0	99	0	0	42	0	0	0	99	0	0	0	186	0	0	0	495	0	0	0	99	0	0	31	0	0	0	0	0	0	0	42	0	0	0	99	0	0	0	186	0	0	0	495	0	0	0	99	0	0	9	0	0	0	0	0	0	0	31	0	0	0	0	0	0	0	42	0	0	0	99	0	0	0	186	0	0	0	495	0
63	50	20	22	86	37	1	0	83	20	22	86	5	0	138	33	29	0	172	0	24	0	0	83	1	0	83	0	0	138	33	4	0	166	0	20	22	86	0	0	0	0	5	0	0	0	5	0	138	33	29	0	172	0	11	0	0	82	0	0	83	0	0	138	32	0	0	166	0	1	0	83	0	0	0	0	0	0	0	0	0	0	138	33	4	0	166	0	19	22	86	0	0	0	8	0	0	0	0	0	0	0	0	5	0	0	0	5	0	138	33	25	0	172	0	0	0	0	81	0	0	82	0	0	138	32	0	0	164	0	0	0	83	0	0	0	0	0	0	0	0	0	0	138	32	0	0	166	0	0	0	83	0	0	0	8	0	0	0	0	0	0	0	0	0	0	0	0	0	0	138	33	0	0	166	0	0	0	86	0	0	0	12	0	0	0	0	0	0	0	8	0	0	0	0	0	0	0	0	0	0	0	0	0	0	138	33	0	0	172	0
42	33	17	18	31	24	2	0	30	17	18	31	8	0	54	9	31	18	93	0	15	0	0	30	2	0	30	0	0	54	9	6	0	90	0	16	18	31	0	0	0	0	2	6	0	0	8	0	54	9	29	18	93	0	6	0	0	29	0	0	30	0	0	54	8	0	0	90	0	1	0	30	0	0	0	0	0	0	0	0	0	0	54	9	4	0	90	0	12	18	31	0	0	0	8	0	0	0	0	0	0	0	0	2	6	0	0	5	0	54	9	16	18	93	0	0	0	0	29	0	0	29	0	0	54	8	0	0	87	0	0	0	30	0	0	0	0	0	0	0	0	0	0	54	8	0	0	90	0	0	0	30	0	0	0	8	0	0	0	0	0	0	0	0	0	0	0	0	0	0	54	9	0	0	90	0	0	0	31	0	0	0	0	0	0	0	0	0	0	0	8	0	0	0	0	0	0	0	0	0	0	0	0	0	0	54	9	0	0	93	0
55	44	4	0	111	33	0	0	79	4	0	111	0	0	18	100	0	0	0	215	22	0	0	79	0	0	79	0	0	18	100	0	0	0	194	4	0	111	0	0	0	0	0	0	0	0	0	0	18	100	0	0	0	215	11	0	0	78	0	0	79	0	0	18	99	0	0	0	162	0	0	79	0	0	0	0	0	0	0	0	0	0	18	100	0	0	0	194	4	0	111	0	0	0	8	0	0	0	0	0	0	0	0	0	0	0	0	0	0	18	100	0	0	0	215	0	0	0	78	0	0	78	0	0	18	99	0	0	0	160	0	0	79	0	0	0	0	0	0	0	0	0	0	18	99	0	0	0	162	0	0	79	0	0	0	8	0	0	0	0	0	0	0	0	0	0	0	0	0	0	18	100	0	0	0	194	0	0	111	0	0	0	0	0	0	0	0	0	0	0	8	0	0	0	0	0	0	0	0	0	0	0	0	0	0	18	100	0	0	0	215
45	36	7	0	76	27	0	0	57	7	0	76	0	0	18	61	3	0	0	136	18	0	0	57	0	0	57	0	0	18	61	0	0	0	124	7	0	76	0	0	0	0	1	0	0	0	0	0	18	61	3	0	0	136	9	0	0	56	0	0	57	0	0	18	60	0	0	0	94	0	0	57	0	0	0	0	0	0	0	0	0	0	18	61	0	0	0	124	7	0	76	0	0	0	8	0	0	0	0	0	0	0	0	1	0	0	0	0	0	18	61	3	0	0	136	0	0	0	55	0	0	56	0	0	18	60	0	0	0	92	0	0	57	0	0	0	0	0	0	0	0	0	0	18	60	0	0	0	94	0	0	57	0	0	0	8	0	0	0	0	0	0	0	0	0	0	0	0	0	0	18	61	0	0	0	124	0	0	76	0	0	0	12	0	0	0	0	0	0	0	8	0	0	0	0	0	0	0	0	0	0	0	0	0	0	18	61	0	0	0	136
63	46	27	55	119	29	3	13	93	25	55	119	2	39	39	114	65	149	357	130	13	0	0	93	3	13	93	0	0	26	114	6	26	279	129	13	39	119	0	0	45	0	0	0	119	0	2	39	39	114	39	117	357	130	0	0	0	93	0	0	93	0	0	26	114	0	0	279	129	0	0	93	0	0	44	0	0	0	93	0	0	0	26	114	0	0	279	129	0	0	119	0	0	0	0	0	0	0	0	0	0	45	0	0	0	119	0	0	0	39	114	0	0	357	130	0	0	0	93	0	0	93	0	0	26	114	0	0	279	128	0	0	93	0	0	44	0	0	0	93	0	0	0	26	114	0	0	279	129	0	0	93	0	0	0	0	0	0	0	0	0	0	44	0	0	0	93	0	0	0	26	114	0	0	279	129	0	0	0	0	0	0	0	0	0	0	0	0	0	0	0	0	0	0	0	0	0	0	0	0	0	0	0	0	0	0	114	0	0	0	130
56	42	9	0	167	28	3	0	126	9	0	167	5	0	39	150	26	0	0	216	14	0	0	126	3	0	126	0	0	26	150	6	0	0	212	6	0	167	0	0	31	0	0	0	0	0	5	0	39	150	20	0	0	216	0	0	0	126	0	0	126	0	0	26	150	0	0	0	212	0	0	126	0	0	30	0	0	0	0	0	0	0	26	150	0	0	0	212	0	0	167	0	0	0	0	0	0	0	0	0	0	31	0	0	0	0	0	0	0	39	150	0	0	0	216	0	0	0	126	0	0	126	0	0	26	150	0	0	0	210	0	0	126	0	0	30	0	0	0	0	0	0	0	26	150	0	0	0	212	0	0	126	0	0	0	0	0	0	0	0	0	0	30	0	0	0	0	0	0	0	26	150	0	0	0	212	0	0	0	0	0	0	0	0	0	0	0	0	0	0	0	0	0	0	0	0	0	0	0	0	0	0	0	0	0	0	150	0	0	0	216
48	36	13	0	112	24	2	0	71	13	0	112	5	0	39	150	38	0	0	216	12	0	0	71	2	0	71	0	0	26	150	4	0	0	212	11	0	112	0	0	14	0	0	0	0	0	5	0	39	150	34	0	0	216	0	0	0	71	0	0	71	0	0	26	150	0	0	0	212	0	0	71	0	0	13	0	0	0	0	0	0	0	26	150	0	0	0	212	0	0	112	0	0	0	0	0	0	0	0	0	0	14	0	0	0	0	0	0	0	39	150	0	0	0	216	0	0	0	71	0	0	71	0	0	26	150	0	0	0	210	0	0	71	0	0	13	0	0	0	0	0	0	0	26	150	0	0	0	212	0	0	71	0	0	0	0	0	0	0	0	0	0	13	0	0	0	0	0	0	0	26	150	0	0	0	212	0	0	0	0	0	0	0	0	0	0	0	0	0	0	0	0	0	0	0	0	0	0	0	0	0	0	0	0	0	0	150	0	0	0	216
31	22	24	20	11	13	1	0	0	24	20	11	3	0	11	0	65	56	55	99	4	0	0	0	1	0	0	0	0	0	0	2	0	0	99	9	20	11	0	0	0	0	0	0	0	0	3	0	11	0	27	56	55	99	0	0	0	0	0	0	0	0	0	0	0	0	0	0	99	0	0	0	0	0	0	0	0	0	0	0	0	0	0	0	0	0	0	99	0	0	11	0	0	0	0	0	0	0	0	0	0	0	0	0	0	0	0	0	0	11	0	0	0	55	99	0	0	0	0	0	0	0	0	0	0	0	0	0	0	99	0	0	0	0	0	0	0	0	0	0	0	0	0	0	0	0	0	0	99	0	0	0	0	0	0	0	0	0	0	0	0	0	0	0	0	0	0	0	0	0	0	0	0	0	0	99	0	0	0	0	0	0	0	0	0	0	0	0	0	0	0	0	0	0	0	0	0	0	0	0	0	0	0	0	0	0	0	0	0	0	99
27	19	24	15	11	11	1	0	0	24	15	11	3	0	11	0	65	42	55	99	3	0	0	0	1	0	0	0	0	0	0	2	0	0	99	9	15	11	0	0	0	0	0	0	0	0	3	0	11	0	27	42	55	99	0	0	0	0	0	0	0	0	0	0	0	0	0	0	99	0	0	0	0	0	0	0	0	0	0	0	0	0	0	0	0	0	0	99	0	0	11	0	0	0	0	0	0	0	0	0	0	0	0	0	0	0	0	0	0	11	0	0	0	55	99	0	0	0	0	0	0	0	0	0	0	0	0	0	0	99	0	0	0	0	0	0	0	0	0	0	0	0	0	0	0	0	0	0	99	0	0	0	0	0	0	0	0	0	0	0	0	0	0	0	0	0	0	0	0	0	0	0	0	0	0	99	0	0	0	0	0	0	0	0	0	0	0	0	0	0	0	0	0	0	0	0	0	0	0	0	0	0	0	0	0	0	0	0	0	0	99
41	26	26	44	71	11	1	0	43	14	44	71	2	0	50	97	34	121	284	141	0	0	0	29	0	0	43	0	0	34	39	0	0	172	93	0	0	71	0	0	10	29	0	0	0	99	0	0	50	97	0	0	284	141	0	0	0	29	0	0	29	0	0	31	39	0	0	116	93	0	0	43	0	0	10	29	0	0	0	99	0	0	34	39	0	0	172	93	0	0	0	0	0	0	0	0	0	0	0	0	0	0	29	0	0	0	99	0	0	0	97	0	0	0	141	0	0	0	29	0	0	29	0	0	31	39	0	0	116	93	0	0	29	0	0	9	29	0	0	0	99	0	0	31	39	0	0	116	93	0	0	0	0	0	0	0	0	0	0	0	0	0	0	29	0	0	0	99	0	0	0	39	0	0	0	93	0	0	0	0	0	0	0	0	0	0	0	0	0	0	0	0	0	0	0	0	0	0	29	0	0	0	99	0	0	0	0	0	0	0	0
30	19	19	24	37	8	0	0	14	13	24	37	0	0	30	42	34	48	111	141	0	0	0	13	0	0	14	0	0	14	39	0	0	42	93	0	0	37	0	0	0	13	0	0	0	0	0	0	30	42	0	0	111	141	0	0	0	13	0	0	13	0	0	13	39	0	0	39	93	0	0	14	0	0	0	13	0	0	0	0	0	0	14	39	0	0	42	93	0	0	0	0	0	0	0	0	0	0	0	0	0	0	13	0	0	0	0	0	0	0	42	0	0	0	141	0	0	0	13	0	0	13	0	0	13	39	0	0	39	93	0	0	13	0	0	0	13	0	0	0	0	0	0	13	39	0	0	39	93	0	0	0	0	0	0	0	0	0	0	0	0	0	0	13	0	0	0	0	0	0	0	39	0	0	0	93	0	0	0	0	0	0	0	0	0	0	0	0	0	0	0	0	0	0	0	0	0	0	13	0	0	0	0	0	0	0	0	0	0	0	0
25	16	16	14	20	7	0	0	0	13	14	20	0	0	13	0	35	21	40	141	0	0	0	0	0	0	0	0	0	0	0	0	0	0	93	0	0	20	0	0	0	0	0	0	0	0	0	0	13	0	0	0	40	141	0	0	0	0	0	0	0	0	0	0	0	0	0	0	93	0	0	0	0	0	0	0	0	0	0	0	0	0	0	0	0	0	0	93	0	0	0	0	0	0	0	0	0	0	0	0	0	0	0	0	0	0	0	0	0	0	0	0	0	0	141	0	0	0	0	0	0	0	0	0	0	0	0	0	0	93	0	0	0	0	0	0	0	0	0	0	0	0	0	0	0	0	0	0	93	0	0	0	0	0	0	0	0	0	0	0	0	0	0	0	0	0	0	0	0	0	0	0	0	0	0	93	0	0	0	0	0	0	0	0	0	0	0	0	0	0	0	0	0	0	0	0	0	0	0	0	0	0	0	0	0	0	0	0	0	0	0
18	12	14	0	7	6	0	0	0	14	0	7	0	0	0	0	36	0	0	22	0	0	0	0	0	0	0	0	0	0	0	0	0	0	0	0	0	7	0	0	0	0	0	0	0	0	0	0	0	0	0	0	0	22	0	0	0	0	0	0	0	0	0	0	0	0	0	0	0	0	0	0	0	0	0	0	0	0	0	0	0	0	0	0	0	0	0	0	0	0	0	0	0	0	0	0	0	0	0	0	0	0	0	0	0	0	0	0	0	0	0	0	0	0	22	0	0	0	0	0	0	0	0	0	0	0	0	0	0	0	0	0	0	0	0	0	0	0	0	0	0	0	0	0	0	0	0	0	0	0	0	0	0	0	0	0	0	0	0	0	0	0	0	0	0	0	0	0	0	0	0	0	0	0	0	0	0	0	0	0	0	0	0	0	0	0	0	0	0	0	0	0	0	0	0	0	0	0	0	0	0	0	0	0	0	0	0	0	0	0	0
28	17	25	30	7	6	0	0	0	9	30	7	0	0	0	0	20	96	35	22	0	0	0	0	0	0	0	0	0	0	0	0	0	0	0	0	0	7	0	0	0	0	0	0	0	0	0	0	0	0	0	0	35	22	0	0	0	0	0	0	0	0	0	0	0	0	0	0	0	0	0	0	0	0	0	0	0	0	0	0	0	0	0	0	0	0	0	0	0	0	0	0	0	0	0	0	0	0	0	0	0	0	0	0	0	0	0	0	0	0	0	0	0	0	22	0	0	0	0	0	0	0	0	0	0	0	0	0	0	0	0	0	0	0	0	0	0	0	0	0	0	0	0	0	0	0	0	0	0	0	0	0	0	0	0	0	0	0	0	0	0	0	0	0	0	0	0	0	0	0	0	0	0	0	0	0	0	0	0	0	0	0	0	0	0	0	0	0	0	0	0	0	0	0	0	0	0	0	0	0	0	0	0	0	0	0	0	0	0	0	0
23	10	17	30	49	0	0	0	23	0	0	49	0	0	33	10	0	0	147	115	0	0	0	23	0	0	23	0	0	32	10	0	0	69	57	0	0	0	0	0	0	0	0	0	0	0	0	0	0	10	0	0	0	115	0	0	0	22	0	0	23	0	0	32	9	0	0	69	42	0	0	0	0	0	0	0	0	0	0	0	0	0	0	10	0	0	0	57	0	0	0	0	0	0	9	0	0	0	0	0	0	0	0	0	0	0	0	0	0	0	0	0	0	0	0	0	0	0	22	0	0	22	0	0	31	9	0	0	66	42	0	0	0	0	0	0	0	0	0	0	0	0	0	0	9	0	0	0	42	0	0	0	0	0	0	9	0	0	0	0	0	0	0	0	0	0	0	0	0	0	0	0	0	0	0	0	0	0	0	0	0	0	0	0	0	0	0	0	0	0	9	0	0	0	0	0	0	0	0	0	0	0	0	0	0	0	0	0	0	0	0
30	14	15	28	126	0	0	0	88	0	0	126	0	0	11	83	0	0	252	135	0	0	0	69	0	0	88	0	0	10	38	0	0	176	57	0	0	0	0	0	0	90	0	0	0	119	0	0	0	83	0	0	0	135	0	0	0	67	0	0	69	0	0	10	35	0	0	138	42	0	0	0	0	0	0	87	0	0	0	93	0	0	0	38	0	0	0	57	0	0	0	0	0	0	22	0	0	0	0	0	0	0	90	0	0	0	119	0	0	0	0	0	0	0	0	0	0	0	67	0	0	67	0	0	9	35	0	0	134	42	0	0	0	0	0	0	87	0	0	0	93	0	0	0	35	0	0	0	42	0	0	0	0	0	0	22	0	0	0	0	0	0	0	87	0	0	0	93	0	0	0	0	0	0	0	0	0	0	0	0	0	0	0	0	0	0	0	0	0	0	22	0	0	0	0	0	0	0	0	0	0	0	0	0	0	0	0	0	0	0	0
17	8	15	8	32	0	0	0	0	0	0	32	0	0	0	0	0	0	32	135	0	0	0	0	0	0	0	0	0	0	0	0	0	0	57	0	0	0	0	0	0	0	0	0	0	0	0	0	0	0	0	0	0	135	0	0	0	0	0	0	0	0	0	0	0	0	0	0	42	0	0	0	0	0	0	0	0	0	0	0	0	0	0	0	0	0	0	57	0	0	0	0	0	0	0	0	0	0	0	0	0	0	0	0	0	0	0	0	0	0	0	0	0	0	0	0	0	0	0	0	0	0	0	0	0	0	0	0	0	42	0	0	0	0	0	0	0	0	0	0	0	0	0	0	0	0	0	0	42	0	0	0	0	0	0	0	0	0	0	0	0	0	0	0	0	0	0	0	0	0	0	0	0	0	0	0	0	0	0	0	0	0	0	0	0	0	0	0	0	0	0	0	0	0	0	0	0	0	0	0	0	0	0	0	0	0	0	0	0	0	0
17	6	11	30	17	0	0	0	0	0	0	17	0	0	0	0	0	0	85	78	0	0	0	0	0	0	0	0	0	0	0	0	0	0	43	0	0	0	0	0	0	0	0	0	0	0	0	0	0	0	0	0	0	78	0	0	0	0	0	0	0	0	0	0	0	0	0	0	29	0	0	0	0	0	0	0	0	0	0	0	0	0	0	0	0	0	0	43	0	0	0	0	0	0	0	0	0	0	0	0	0	0	0	0	0	0	0	0	0	0	0	0	0	0	0	0	0	0	0	0	0	0	0	0	0	0	0	0	0	29	0	0	0	0	0	0	0	0	0	0	0	0	0	0	0	0	0	0	29	0	0	0	0	0	0	0	0	0	0	0	0	0	0	0	0	0	0	0	0	0	0	0	0	0	0	0	0	0	0	0	0	0	0	0	0	0	0	0	0	0	0	0	0	0	0	0	0	0	0	0	0	0	0	0	0	0	0	0	0	0	0
15	5	11	25	6	0	0	0	0	0	0	6	0	0	0	0	0	0	30	7	0	0	0	0	0	0	0	0	0	0	0	0	0	0	0	0	0	0	0	0	0	0	0	0	0	0	0	0	0	0	0	0	0	7	0	0	0	0	0	0	0	0	0	0	0	0	0	0	0	0	0	0	0	0	0	0	0	0	0	0	0	0	0	0	0	0	0	0	0	0	0	0	0	0	0	0	0	0	0	0	0	0	0	0	0	0	0	0	0	0	0	0	0	0	0	0	0	0	0	0	0	0	0	0	0	0	0	0	0	0	0	0	0	0	0	0	0	0	0	0	0	0	0	0	0	0	0	0	0	0	0	0	0	0	0	0	0	0	0	0	0	0	0	0	0	0	0	0	0	0	0	0	0	0	0	0	0	0	0	0	0	0	0	0	0	0	0	0	0	0	0	0	0	0	0	0	0	0	0	0	0	0	0	0	0	0	0	0	0	0	0
11	0	0	0	56	0	0	0	19	0	0	0	0	0	0	13	0	0	0	198	0	0	0	19	0	0	0	0	0	0	13	0	0	0	111	0	0	0	0	0	0	0	0	0	0	0	0	0	0	0	0	0	0	0	0	0	0	19	0	0	0	0	0	0	13	0	0	0	92	0	0	0	0	0	0	0	0	0	0	0	0	0	0	0	0	0	0	0	0	0	0	0	0	0	0	0	0	0	0	0	0	0	0	0	0	0	0	0	0	0	0	0	0	0	0	0	0	0	19	0	0	0	0	0	0	13	0	0	0	89	0	0	0	0	0	0	0	0	0	0	0	0	0	0	0	0	0	0	0	0	0	0	0	0	0	0	0	0	0	0	0	0	0	0	0	0	0	0	0	0	0	0	0	0	0	0	0	0	0	0	0	0	0	0	0	0	0	0	0	0	0	0	0	0	0	0	0	0	0	0	0	0	0	0	0	0	0	0	0	0	0
13	0	0	0	79	0	0	0	33	0	0	0	0	0	0	31	0	0	0	230	0	0	0	32	0	0	0	0	0	0	29	0	0	0	111	0	0	0	0	0	0	10	0	0	0	0	0	0	0	0	0	0	0	0	0	0	0	32	0	0	0	0	0	0	29	0	0	0	92	0	0	0	0	0	0	10	0	0	0	0	0	0	0	0	0	0	0	0	0	0	0	0	0	0	0	0	0	0	0	0	0	0	0	0	0	0	0	0	0	0	0	0	0	0	0	0	0	0	31	0	0	0	0	0	0	27	0	0	0	89	0	0	0	0	0	0	9	0	0	0	0	0	0	0	0	0	0	0	0	0	0	0	0	0	0	0	0	0	0	0	0	0	0	0	0	0	0	0	0	0	0	0	0	0	0	0	0	0	0	0	0	0	9	0	0	0	0	0	0	0	0	0	0	0	0	0	0	0	0	0	0	0	0	0	0	0	0	0	0	0	0
7	0	0	0	21	0	0	0	10	0	0	0	0	0	0	0	0	0	0	23	0	0	0	10	0	0	0	0	0	0	0	0	0	0	0	0	0	0	0	0	0	0	0	0	0	0	0	0	0	0	0	0	0	0	0	0	0	10	0	0	0	0	0	0	0	0	0	0	0	0	0	0	0	0	0	0	0	0	0	0	0	0	0	0	0	0	0	0	0	0	0	0	0	0	0	0	0	0	0	0	0	0	0	0	0	0	0	0	0	0	0	0	0	0	0	0	0	0	10	0	0	0	0	0	0	0	0	0	0	0	0	0	0	0	0	0	0	0	0	0	0	0	0	0	0	0	0	0	0	0	0	0	0	0	0	0	0	0	0	0	0	0	0	0	0	0	0	0	0	0	0	0	0	0	0	0	0	0	0	0	0	0	0	0	0	0	0	0	0	0	0	0	0	0	0	0	0	0	0	0	0	0	0	0	0	0	0	0	0	0	0
7	0	0	0	21	0	0	0	0	0	0	0	0	0	0	0	0	0	0	72	0	0	0	0	0	0	0	0	0	0	0	0	0	0	23	0	0	0	0	0	0	0	0	0	0	0	0	0	0	0	0	0	0	0	0	0	0	0	0	0	0	0	0	0	0	0	0	0	23	0	0	0	0	0	0	0	0	0	0	0	0	0	0	0	0	0	0	0	0	0	0	0	0	0	0	0	0	0	0	0	0	0	0	0	0	0	0	0	0	0	0	0	0	0	0	0	0	0	0	0	0	0	0	0	0	0	0	0	0	22	0	0	0	0	0	0	0	0	0	0	0	0	0	0	0	0	0	0	0	0	0	0	0	0	0	0	0	0	0	0	0	0	0	0	0	0	0	0	0	0	0	0	0	0	0	0	0	0	0	0	0	0	0	0	0	0	0	0	0	0	0	0	0	0	0	0	0	0	0	0	0	0	0	0	0	0	0	0	0	0	0
6	0	0	0	11	0	0	0	0	0	0	0	0	0	0	0	0	0	0	23	0	0	0	0	0	0	0	0	0	0	0	0	0	0	0	0	0	0	0	0	0	0	0	0	0	0	0	0	0	0	0	0	0	0	0	0	0	0	0	0	0	0	0	0	0	0	0	0	0	0	0	0	0	0	0	0	0	0	0	0	0	0	0	0	0	0	0	0	0	0	0	0	0	0	0	0	0	0	0	0	0	0	0	0	0	0	0	0	0	0	0	0	0	0	0	0	0	0	0	0	0	0	0	0	0	0	0	0	0	0	0	0	0	0	0	0	0	0	0	0	0	0	0	0	0	0	0	0	0	0	0	0	0	0	0	0	0	0	0	0	0	0	0	0	0	0	0	0	0	0	0	0	0	0	0	0	0	0	0	0	0	0	0	0	0	0	0	0	0	0	0	0	0	0	0	0	0	0	0	0	0	0	0	0	0	0	0	0	0	0	0
