34	29	25	4	0	24	10	0	0	24	4	0	5	0	0	0	56	4	0	0	19	10	0	0	9	0	0	5	0	0	0	19	0	0	0	16	4	0	1	0	0	0	7	0	0	0	2	0	0	0	39	4	0	0	14	9	0	0	9	0	0	5	0	0	0	19	0	0	0	1	0	0	0	0	0	0	0	0	0	0	2	0	0	0	2	0	0	0	15	4	0	2	0	0	0	23	4	0	0	1	0	0	0	7	0	0	0	0	0	0	0	37	4	0	0	9	7	0	0	8	0	0	3	0	0	0	17	0	0	0	1	0	0	0	0	0	0	0	0	0	0	2	0	0	0	2	0	0	0	0	0	0	0	0	0	0	0	0	0	0	0	0	0	0	0	0	0	0	0	0	0	0	0	0	0	0	15	4	0	17	0	0	0	17	8	0	0	2	0	0	0	23	4	0	0	1	0	0	0	7	0	0	0	0	0	0	0	37	4	0	0
44	36	34	20	0	28	14	12	0	29	20	0	16	0	0	0	69	36	0	0	22	13	12	0	13	12	0	14	0	0	0	33	24	0	0	21	8	0	9	0	0	0	7	4	0	0	13	0	0	0	51	12	0	0	16	9	12	0	12	12	0	11	0	0	0	29	24	0	0	5	0	0	2	0	0	0	0	0	0	0	11	0	0	0	15	0	0	0	17	8	0	6	0	0	0	20	16	0	0	9	0	0	0	7	4	0	0	5	0	0	0	40	12	0	0	10	5	8	0	8	12	0	3	0	0	0	18	24	0	0	4	0	0	0	0	0	0	0	0	0	0	8	0	0	0	11	0	0	0	1	0	0	0	0	0	0	0	0	0	0	2	0	0	0	0	0	0	0	3	0	0	0	4	0	0	0	16	8	0	13	16	0	0	15	16	0	0	6	0	0	0	20	16	0	0	7	0	0	0	7	4	0	0	2	0	0	0	36	12	0	0
53	42	38	43	0	32	13	28	0	31	33	0	13	21	0	0	67	73	0	0	25	12	28	0	13	21	0	11	21	0	0	32	49	0	0	24	12	0	12	0	0	0	8	4	0	0	13	0	0	0	52	24	0	0	18	7	28	0	12	21	0	8	21	0	0	28	49	0	0	6	0	0	2	0	0	0	0	0	0	0	11	0	0	0	17	0	0	0	19	12	0	6	0	0	0	19	20	0	0	12	0	0	0	8	4	0	0	5	0	0	0	39	24	0	0	11	3	19	0	7	21	0	0	21	0	0	15	49	0	0	5	0	0	0	0	0	0	0	0	0	0	8	0	0	0	13	0	0	0	1	0	0	0	0	0	0	0	0	0	0	2	0	0	0	0	0	0	0	3	0	0	0	4	0	0	0	18	12	0	8	36	0	0	15	16	0	0	6	0	0	0	19	20	0	0	10	0	0	0	8	4	0	0	2	0	0	0	35	24	0	0
54	45	40	24	0	36	16	8	0	37	24	0	16	0	0	0	73	60	0	0	28	15	8	0	15	8	0	14	0	0	0	37	16	0	0	28	16	0	12	0	0	0	9	4	0	0	13	0	0	0	53	44	0	0	20	10	8	0	14	8	0	11	0	0	0	33	16	0	0	6	0	0	2	0	0	0	0	0	0	0	11	0	0	0	17	0	0	0	23	16	0	6	0	0	0	19	20	0	0	12	0	0	0	9	4	0	0	5	0	0	0	40	44	0	0	12	6	4	0	9	8	0	3	0	0	0	20	16	0	0	5	0	0	0	0	0	0	0	0	0	0	8	0	0	0	13	0	0	0	1	0	0	0	0	0	0	0	0	0	0	2	0	0	0	0	0	0	0	3	0	0	0	4	0	0	0	22	16	0	13	16	0	0	15	16	0	0	6	0	0	0	19	20	0	0	10	0	0	0	9	4	0	0	2	0	0	0	36	44	0	0
58	49	50	20	0	40	24	0	0	49	20	0	38	0	0	0	91	64	0	0	31	21	0	0	23	0	0	26	0	0	0	54	0	0	0	38	20	0	34	0	0	0	8	12	0	0	35	0	0	0	67	64	0	0	22	12	0	0	20	0	0	15	0	0	0	48	0	0	0	12	0	0	4	0	0	0	0	0	0	0	23	0	0	0	30	0	0	0	29	20	0	11	0	0	0	15	36	0	0	34	0	0	0	8	12	0	0	23	0	0	0	43	64	0	0	13	7	0	0	11	0	0	3	0	0	0	24	0	0	0	9	0	0	0	0	0	0	0	0	0	0	12	0	0	0	24	0	0	0	3	0	0	0	0	0	0	0	0	0	0	4	0	0	0	0	0	0	0	11	0	0	0	6	0	0	0	26	20	0	17	0	0	0	14	20	0	0	11	0	0	0	15	36	0	0	30	0	0	0	8	12	0	0	12	0	0	0	37	64	0	0
66	53	44	41	20	40	22	30	0	39	41	20	37	20	0	0	72	73	20	0	29	18	29	0	21	30	0	24	20	0	0	50	60	0	0	28	19	20	33	9	0	0	4	9	0	0	34	20	0	0	47	29	20	0	19	10	18	0	17	29	0	13	18	0	0	42	58	0	0	12	10	0	4	0	0	0	0	0	0	0	21	20	0	0	30	20	0	0	19	9	20	9	18	0	0	0	0	20	0	33	9	0	0	4	9	0	0	24	0	0	0	23	9	20	0	9	1	0	0	9	18	0	3	0	0	0	20	36	0	0	8	9	0	0	0	0	0	0	0	0	0	10	18	0	0	22	18	0	0	3	0	0	0	0	0	0	0	0	0	0	4	0	0	0	0	0	0	0	11	0	0	0	6	0	0	0	15	9	20	0	0	24	0	0	0	40	0	9	18	0	0	0	0	20	0	29	9	0	0	4	9	0	0	12	0	0	0	15	9	20	0
75	59	52	87	16	43	19	60	0	46	87	16	28	112	0	0	86	217	32	0	29	16	44	0	18	60	0	17	84	0	0	38	177	0	0	28	59	16	26	68	0	0	4	8	16	0	25	112	0	0	46	147	32	0	18	10	16	0	15	44	0	9	48	0	0	34	122	0	0	9	38	0	2	16	0	0	0	0	0	0	14	84	0	0	19	122	0	0	17	26	16	7	32	0	0	0	0	48	0	26	68	0	0	4	8	16	0	19	46	0	0	19	48	32	0	8	1	0	0	9	16	0	3	0	0	0	19	40	0	0	6	24	0	0	0	0	0	0	0	0	0	6	48	0	0	15	72	0	0	2	8	0	0	0	0	0	0	0	0	0	2	16	0	0	0	0	0	0	8	24	0	0	2	32	0	0	14	16	16	0	0	24	0	0	0	32	0	7	32	0	0	0	0	48	0	24	48	0	0	4	8	16	0	10	16	0	0	15	8	32	0
60	49	39	31	12	38	22	10	0	38	31	12	39	0	0	0	73	34	36	0	27	18	7	0	21	10	0	26	0	0	0	50	20	0	0	27	31	12	31	21	0	0	4	7	0	0	36	0	0	0	48	34	36	0	17	10	0	0	17	7	0	15	0	0	0	42	14	0	0	12	10	0	4	0	0	0	0	0	0	0	23	0	0	0	30	20	0	0	18	21	12	11	0	0	0	0	0	12	0	31	21	0	0	4	7	0	0	24	0	0	0	24	14	36	0	7	1	0	0	9	0	0	3	0	0	0	20	0	0	0	8	7	0	0	0	0	0	0	0	0	0	12	0	0	0	22	14	0	0	3	0	0	0	0	0	0	0	0	0	0	4	0	0	0	0	0	0	0	11	0	0	0	6	0	0	0	13	21	12	0	0	16	0	0	0	0	0	11	0	0	0	0	0	12	0	27	21	0	0	4	7	0	0	12	0	0	0	14	14	36	0
61	50	36	30	8	39	19	0	0	36	30	8	36	0	0	0	63	36	40	0	28	15	0	0	19	0	0	23	0	0	0	45	0	0	0	30	30	8	34	0	0	0	4	6	0	0	36	0	0	0	50	36	40	0	17	6	0	0	15	0	0	12	0	0	0	37	0	0	0	13	0	0	4	0	0	0	0	0	0	0	23	0	0	0	32	0	0	0	20	30	8	11	0	0	0	0	0	0	0	34	0	0	0	4	6	0	0	24	0	0	0	24	36	40	0	6	0	0	0	6	0	0	0	0	0	0	13	0	0	0	9	0	0	0	0	0	0	0	0	0	0	12	0	0	0	24	0	0	0	3	0	0	0	0	0	0	0	0	0	0	4	0	0	0	0	0	0	0	11	0	0	0	6	0	0	0	11	30	8	0	0	4	0	0	0	0	0	11	0	0	0	0	0	0	0	30	0	0	0	4	6	0	0	12	0	0	0	10	36	40	0
77	60	43	109	4	43	11	62	0	41	109	4	14	178	0	0	74	214	20	0	27	9	30	0	11	62	0	11	80	0	0	28	144	0	0	26	93	4	12	120	0	0	4	5	8	0	14	178	0	0	40	182	20	0	15	4	5	0	9	30	0	8	20	0	0	22	75	0	0	7	50	0	2	10	0	0	0	0	0	0	11	80	0	0	19	120	0	0	18	45	4	6	25	0	0	0	0	16	0	12	120	0	0	4	5	8	0	6	130	0	0	22	50	20	0	5	0	0	0	4	5	0	0	0	0	0	9	10	0	0	5	20	0	0	0	0	0	0	0	0	0	8	20	0	0	13	55	0	0	1	10	0	0	0	0	0	0	0	0	0	2	10	0	0	0	0	0	0	3	40	0	0	4	10	0	0	11	25	4	0	0	0	0	0	0	4	0	6	25	0	0	0	0	16	0	10	100	0	0	4	5	8	0	2	50	0	0	10	30	20	0
52	41	26	19	35	30	14	9	0	26	19	35	23	9	18	0	55	38	35	60	19	5	0	0	14	9	0	12	0	0	0	35	18	0	0	19	19	35	4	0	60	0	0	0	35	0	23	9	18	0	39	38	35	60	9	0	0	0	5	0	0	0	0	0	0	11	0	0	0	9	9	0	0	0	0	0	0	0	0	0	12	0	0	0	24	18	0	0	8	9	35	0	0	39	0	0	0	0	0	4	0	60	0	0	0	35	0	11	9	18	0	12	18	35	60	0	0	0	0	0	0	0	0	0	0	0	0	0	0	0	0	0	0	0	0	0	0	0	0	0	0	0	0	0	0	0	0	0	0	0	0	0	0	0	0	0	0	0	0	0	0	0	0	0	0	0	0	0	0	0	0	0	0	0	0	0	0	0	35	0	0	0	0	0	0	0	0	0	0	39	0	0	0	0	0	0	0	60	0	0	0	35	0	0	0	18	0	0	0	35	60
40	32	21	0	26	24	12	0	0	21	0	26	22	0	18	0	45	0	0	40	16	3	0	0	12	0	0	10	0	0	0	31	0	0	0	18	0	26	4	0	51	0	0	0	0	0	22	0	18	0	38	0	0	40	8	0	0	0	3	0	0	0	0	0	0	7	0	0	0	9	0	0	0	0	0	0	0	0	0	0	10	0	0	0	24	0	0	0	9	0	26	0	0	21	0	0	0	0	0	4	0	51	0	0	0	0	0	12	0	18	0	14	0	0	40	0	0	0	0	0	0	0	0	0	0	0	0	0	0	0	0	0	0	0	0	0	0	0	0	0	0	0	0	0	0	0	0	0	0	0	0	0	0	0	0	0	0	0	0	0	0	0	0	0	0	0	0	0	0	0	0	0	0	0	0	0	0	0	26	0	0	0	0	0	0	0	0	0	0	21	0	0	0	0	0	0	0	51	0	0	0	0	0	0	0	18	0	0	0	0	40
39	31	16	7	18	23	7	0	0	16	7	18	13	0	10	0	28	14	18	24	15	1	0	0	7	0	0	4	0	0	0	17	0	0	0	15	7	18	2	0	27	0	0	0	0	0	13	0	10	0	26	14	18	24	7	0	0	0	1	0	0	0	0	0	0	2	0	0	0	6	0	0	0	0	0	0	0	0	0	0	4	0	0	0	15	0	0	0	7	7	18	0	0	5	0	0	0	0	0	2	0	27	0	0	0	0	0	9	0	10	0	8	14	18	24	0	0	0	0	0	0	0	0	0	0	0	0	0	0	0	0	0	0	0	0	0	0	0	0	0	0	0	0	0	0	0	0	0	0	0	0	0	0	0	0	0	0	0	0	0	0	0	0	0	0	0	0	0	0	0	0	0	0	0	0	0	0	0	18	0	0	0	0	0	0	0	0	0	0	5	0	0	0	0	0	0	0	27	0	0	0	0	0	0	0	10	0	0	0	18	24
38	30	14	12	11	22	6	0	0	14	12	11	13	0	10	0	26	12	22	12	14	1	0	0	6	0	0	4	0	0	0	15	0	0	0	13	12	11	2	0	20	0	0	0	0	0	13	0	10	0	24	12	22	12	6	0	0	0	1	0	0	0	0	0	0	2	0	0	0	5	0	0	0	0	0	0	0	0	0	0	4	0	0	0	13	0	0	0	6	12	11	0	0	5	0	0	0	0	0	2	0	20	0	0	0	0	0	9	0	10	0	8	12	22	12	0	0	0	0	0	0	0	0	0	0	0	0	0	0	0	0	0	0	0	0	0	0	0	0	0	0	0	0	0	0	0	0	0	0	0	0	0	0	0	0	0	0	0	0	0	0	0	0	0	0	0	0	0	0	0	0	0	0	0	0	0	0	0	11	0	0	0	0	0	0	0	0	0	0	5	0	0	0	0	0	0	0	20	0	0	0	0	0	0	0	10	0	0	0	22	12
38	30	14	12	11	22	6	0	0	14	12	11	13	0	10	0	26	12	22	12	14	1	0	0	6	0	0	4	0	0	0	15	0	0	0	13	12	11	2	0	20	0	0	0	0	0	13	0	10	0	24	12	22	12	6	0	0	0	1	0	0	0	0	0	0	2	0	0	0	5	0	0	0	0	0	0	0	0	0	0	4	0	0	0	13	0	0	0	6	12	11	0	0	5	0	0	0	0	0	2	0	20	0	0	0	0	0	9	0	10	0	8	12	22	12	0	0	0	0	0	0	0	0	0	0	0	0	0	0	0	0	0	0	0	0	0	0	0	0	0	0	0	0	0	0	0	0	0	0	0	0	0	0	0	0	0	0	0	0	0	0	0	0	0	0	0	0	0	0	0	0	0	0	0	0	0	0	0	11	0	0	0	0	0	0	0	0	0	0	5	0	0	0	0	0	0	0	20	0	0	0	0	0	0	0	10	0	0	0	22	12
32	23	25	20	10	14	2	0	8	25	20	10	6	0	30	16	61	50	40	0	5	0	0	0	2	0	8	0	0	24	0	5	0	32	0	13	20	10	0	0	20	0	0	0	0	16	6	0	30	16	33	50	40	0	0	0	0	0	0	0	0	0	0	0	0	0	0	0	0	0	0	8	0	0	16	0	0	0	0	0	0	0	24	0	0	0	32	0	0	0	10	0	0	0	0	0	0	0	0	0	0	20	0	0	0	0	16	0	0	30	16	0	0	40	0	0	0	0	0	0	0	0	0	0	0	0	0	0	0	0	0	0	0	0	0	0	0	0	0	0	0	0	0	0	0	0	0	0	0	0	0	8	0	0	0	0	0	0	0	0	0	0	16	0	0	0	0	0	0	0	24	0	0	0	32	0	0	0	0	0	0	0	0	0	0	0	0	0	0	0	0	0	0	0	0	0	0	0	0	0	0	0	16	0	0	0	16	0	0	0	0
38	28	16	16	38	18	1	0	5	16	16	38	4	0	49	25	38	24	76	75	8	0	0	0	1	0	5	0	0	20	0	2	0	10	0	12	16	38	0	0	10	0	0	0	0	4	4	0	49	25	29	24	76	75	0	0	0	0	0	0	0	0	0	0	0	0	0	0	0	0	0	5	0	0	5	0	0	0	0	0	0	0	20	0	0	0	10	0	0	0	38	0	0	0	0	0	0	0	0	0	0	10	0	0	0	0	4	0	0	49	25	0	0	76	75	0	0	0	0	0	0	0	0	0	0	0	0	0	0	0	0	0	0	0	0	0	0	0	0	0	0	0	0	0	0	0	0	0	0	0	0	5	0	0	0	0	0	0	0	0	0	0	5	0	0	0	0	0	0	0	20	0	0	0	10	0	0	0	0	0	0	0	0	0	0	0	0	0	0	0	0	0	0	0	0	0	0	0	0	0	0	0	4	0	0	0	25	0	0	0	75
24	18	14	0	22	12	1	0	5	14	0	22	4	0	40	25	32	0	0	22	6	0	0	0	1	0	5	0	0	20	0	2	0	0	0	13	0	22	0	0	10	0	0	0	0	4	4	0	40	25	30	0	0	22	0	0	0	0	0	0	0	0	0	0	0	0	0	0	0	0	0	5	0	0	5	0	0	0	0	0	0	0	20	0	0	0	0	0	0	0	22	0	0	0	0	0	0	0	0	0	0	10	0	0	0	0	4	0	0	40	25	0	0	0	22	0	0	0	0	0	0	0	0	0	0	0	0	0	0	0	0	0	0	0	0	0	0	0	0	0	0	0	0	0	0	0	0	0	0	0	0	5	0	0	0	0	0	0	0	0	0	0	5	0	0	0	0	0	0	0	20	0	0	0	0	0	0	0	0	0	0	0	0	0	0	0	0	0	0	0	0	0	0	0	0	0	0	0	0	0	0	0	4	0	0	0	25	0	0	0	22
25	18	17	12	0	11	0	0	0	17	12	0	0	0	0	0	42	24	0	0	4	0	0	0	0	0	0	0	0	0	0	0	0	0	0	11	12	0	0	0	0	0	0	0	0	0	0	0	0	0	28	24	0	0	0	0	0	0	0	0	0	0	0	0	0	0	0	0	0	0	0	0	0	0	0	0	0	0	0	0	0	0	0	0	0	0	0	0	0	0	0	0	0	0	0	0	0	0	0	0	0	0	0	0	0	0	0	0	0	0	0	0	0	0	0	0	0	0	0	0	0	0	0	0	0	0	0	0	0	0	0	0	0	0	0	0	0	0	0	0	0	0	0	0	0	0	0	0	0	0	0	0	0	0	0	0	0	0	0	0	0	0	0	0	0	0	0	0	0	0	0	0	0	0	0	0	0	0	0	0	0	0	0	0	0	0	0	0	0	0	0	0	0	0	0	0	0	0	0	0	0	0	0	0	0	0	0	0	0	0	0
23	16	22	10	0	9	0	0	0	22	10	0	0	0	0	0	50	30	0	0	2	0	0	0	0	0	0	0	0	0	0	0	0	0	0	7	10	0	0	0	0	0	0	0	0	0	0	0	0	0	16	30	0	0	0	0	0	0	0	0	0	0	0	0	0	0	0	0	0	0	0	0	0	0	0	0	0	0	0	0	0	0	0	0	0	0	0	0	0	0	0	0	0	0	0	0	0	0	0	0	0	0	0	0	0	0	0	0	0	0	0	0	0	0	0	0	0	0	0	0	0	0	0	0	0	0	0	0	0	0	0	0	0	0	0	0	0	0	0	0	0	0	0	0	0	0	0	0	0	0	0	0	0	0	0	0	0	0	0	0	0	0	0	0	0	0	0	0	0	0	0	0	0	0	0	0	0	0	0	0	0	0	0	0	0	0	0	0	0	0	0	0	0	0	0	0	0	0	0	0	0	0	0	0	0	0	0	0	0	0	0
43	28	23	26	72	13	0	0	49	18	26	72	0	0	54	39	40	65	144	48	0	0	0	29	0	0	49	0	0	50	18	0	0	98	13	0	0	72	0	0	0	71	0	0	0	35	0	0	54	39	0	0	144	48	0	0	0	0	0	0	29	0	0	39	0	0	0	58	0	0	0	49	0	0	0	0	0	0	0	0	0	0	50	18	0	0	98	13	0	0	0	0	0	0	0	0	0	0	52	0	0	0	71	0	0	0	35	0	0	0	39	0	0	0	48	0	0	0	0	0	0	0	0	0	0	0	0	0	0	0	0	0	29	0	0	0	0	0	0	0	0	0	0	39	0	0	0	58	0	0	0	0	0	0	0	0	0	0	0	0	0	0	0	0	0	0	0	0	0	0	0	18	0	0	0	13	0	0	0	0	0	0	0	0	0	0	0	0	0	0	0	0	0	0	52	0	0	0	71	0	0	0	35	0	0	0	0	0	0	0	0
33	21	22	27	34	9	0	0	20	15	27	34	0	0	34	30	34	63	102	10	0	0	0	13	0	0	20	0	0	30	18	0	0	60	8	0	0	34	0	0	0	41	0	0	0	0	0	0	34	30	0	0	102	10	0	0	0	0	0	0	13	0	0	21	0	0	0	39	0	0	0	20	0	0	0	0	0	0	0	0	0	0	30	18	0	0	60	8	0	0	0	0	0	0	0	0	0	0	20	0	0	0	41	0	0	0	0	0	0	0	30	0	0	0	10	0	0	0	0	0	0	0	0	0	0	0	0	0	0	0	0	0	13	0	0	0	0	0	0	0	0	0	0	21	0	0	0	39	0	0	0	0	0	0	0	0	0	0	0	0	0	0	0	0	0	0	0	0	0	0	0	18	0	0	0	8	0	0	0	0	0	0	0	0	0	0	0	0	0	0	0	0	0	0	20	0	0	0	41	0	0	0	0	0	0	0	0	0	0	0	0
29	18	22	28	18	7	0	0	10	13	28	18	0	0	22	10	30	63	72	10	0	0	0	8	0	0	10	0	0	20	8	0	0	40	8	0	0	18	0	0	0	16	0	0	0	0	0	0	22	10	0	0	72	10	0	0	0	0	0	0	8	0	0	16	0	0	0	32	0	0	0	10	0	0	0	0	0	0	0	0	0	0	20	8	0	0	40	8	0	0	0	0	0	0	0	0	0	0	16	0	0	0	16	0	0	0	0	0	0	0	10	0	0	0	10	0	0	0	0	0	0	0	0	0	0	0	0	0	0	0	0	0	8	0	0	0	0	0	0	0	0	0	0	16	0	0	0	32	0	0	0	0	0	0	0	0	0	0	0	0	0	0	0	0	0	0	0	0	0	0	0	8	0	0	0	8	0	0	0	0	0	0	0	0	0	0	0	0	0	0	0	0	0	0	16	0	0	0	16	0	0	0	0	0	0	0	0	0	0	0	0
29	19	17	9	31	9	0	0	10	15	9	31	0	0	12	20	34	18	31	48	0	0	0	5	0	0	10	0	0	10	10	0	0	10	13	0	0	31	0	0	0	25	0	0	0	0	0	0	12	20	0	0	31	48	0	0	0	0	0	0	5	0	0	5	0	0	0	5	0	0	0	10	0	0	0	0	0	0	0	0	0	0	10	10	0	0	10	13	0	0	0	0	0	0	0	0	0	0	4	0	0	0	25	0	0	0	0	0	0	0	20	0	0	0	48	0	0	0	0	0	0	0	0	0	0	0	0	0	0	0	0	0	5	0	0	0	0	0	0	0	0	0	0	5	0	0	0	5	0	0	0	0	0	0	0	0	0	0	0	0	0	0	0	0	0	0	0	0	0	0	0	10	0	0	0	13	0	0	0	0	0	0	0	0	0	0	0	0	0	0	0	0	0	0	4	0	0	0	25	0	0	0	0	0	0	0	0	0	0	0	0
28	17	22	30	14	6	0	0	10	11	30	14	0	0	12	20	25	66	70	0	0	0	0	5	0	0	10	0	0	10	10	0	0	50	0	0	0	14	0	0	0	25	0	0	0	0	0	0	12	20	0	0	70	0	0	0	0	0	0	0	5	0	0	5	0	0	0	25	0	0	0	10	0	0	0	0	0	0	0	0	0	0	10	10	0	0	50	0	0	0	0	0	0	0	0	0	0	0	4	0	0	0	25	0	0	0	0	0	0	0	20	0	0	0	0	0	0	0	0	0	0	0	0	0	0	0	0	0	0	0	0	0	5	0	0	0	0	0	0	0	0	0	0	5	0	0	0	25	0	0	0	0	0	0	0	0	0	0	0	0	0	0	0	0	0	0	0	0	0	0	0	10	0	0	0	0	0	0	0	0	0	0	0	0	0	0	0	0	0	0	0	0	0	0	4	0	0	0	25	0	0	0	0	0	0	0	0	0	0	0	0
32	15	10	30	106	0	0	0	54	0	0	106	0	0	7	91	0	0	212	169	0	0	0	51	0	0	54	0	0	7	80	0	0	108	99	0	0	0	0	0	0	30	0	0	0	0	0	0	0	91	0	0	0	169	0	0	0	43	0	0	51	0	0	7	53	0	0	102	60	0	0	0	0	0	0	18	0	0	0	0	0	0	0	80	0	0	0	99	0	0	0	0	0	0	50	0	0	0	0	0	0	0	30	0	0	0	0	0	0	0	0	0	0	0	0	0	0	0	12	0	0	43	0	0	7	0	0	0	86	0	0	0	0	0	0	0	0	0	0	0	0	0	0	0	53	0	0	0	60	0	0	0	0	0	0	0	0	0	0	0	0	0	0	18	0	0	0	0	0	0	0	0	0	0	0	0	0	0	0	0	0	0	36	0	0	0	40	0	0	0	50	0	0	0	0	0	0	0	0	0	0	0	0	0	0	0	0	0	0	0	0
18	8	10	16	30	0	0	0	23	0	0	30	0	0	7	10	0	0	60	14	0	0	0	23	0	0	23	0	0	7	10	0	0	46	10	0	0	0	0	0	0	0	0	0	0	0	0	0	0	10	0	0	0	14	0	0	0	22	0	0	23	0	0	7	9	0	0	46	5	0	0	0	0	0	0	0	0	0	0	0	0	0	0	10	0	0	0	10	0	0	0	0	0	0	9	0	0	0	0	0	0	0	0	0	0	0	0	0	0	0	0	0	0	0	0	0	0	0	8	0	0	22	0	0	7	0	0	0	44	0	0	0	0	0	0	0	0	0	0	0	0	0	0	0	9	0	0	0	5	0	0	0	0	0	0	0	0	0	0	0	0	0	0	0	0	0	0	0	0	0	0	0	0	0	0	0	0	0	0	0	0	0	20	0	0	0	20	0	0	0	9	0	0	0	0	0	0	0	0	0	0	0	0	0	0	0	0	0	0	0	0
23	10	9	30	56	0	0	0	18	0	0	56	0	0	7	33	0	0	168	138	0	0	0	17	0	0	18	0	0	7	30	0	0	54	89	0	0	0	0	0	0	10	0	0	0	0	0	0	0	33	0	0	0	138	0	0	0	15	0	0	17	0	0	7	24	0	0	51	55	0	0	0	0	0	0	8	0	0	0	0	0	0	0	30	0	0	0	89	0	0	0	0	0	0	16	0	0	0	0	0	0	0	10	0	0	0	0	0	0	0	0	0	0	0	0	0	0	0	4	0	0	15	0	0	7	0	0	0	45	0	0	0	0	0	0	0	0	0	0	0	0	0	0	0	24	0	0	0	55	0	0	0	0	0	0	0	0	0	0	0	0	0	0	8	0	0	0	0	0	0	0	0	0	0	0	0	0	0	0	0	0	0	12	0	0	0	16	0	0	0	16	0	0	0	0	0	0	0	0	0	0	0	0	0	0	0	0	0	0	0	0
16	7	9	14	22	0	0	0	0	0	0	22	0	0	0	0	0	0	44	66	0	0	0	0	0	0	0	0	0	0	0	0	0	0	40	0	0	0	0	0	0	0	0	0	0	0	0	0	0	0	0	0	0	66	0	0	0	0	0	0	0	0	0	0	0	0	0	0	26	0	0	0	0	0	0	0	0	0	0	0	0	0	0	0	0	0	0	40	0	0	0	0	0	0	0	0	0	0	0	0	0	0	0	0	0	0	0	0	0	0	0	0	0	0	0	0	0	0	0	0	0	0	0	0	0	0	0	0	0	0	0	0	0	0	0	0	0	0	0	0	0	0	0	0	0	0	0	0	26	0	0	0	0	0	0	0	0	0	0	0	0	0	0	0	0	0	0	0	0	0	0	0	0	0	0	0	0	0	0	0	0	0	0	0	0	0	0	0	0	0	0	0	0	0	0	0	0	0	0	0	0	0	0	0	0	0	0	0	0	0	0
14	6	9	12	13	0	0	0	0	0	0	13	0	0	0	0	0	0	26	32	0	0	0	0	0	0	0	0	0	0	0	0	0	0	20	0	0	0	0	0	0	0	0	0	0	0	0	0	0	0	0	0	0	32	0	0	0	0	0	0	0	0	0	0	0	0	0	0	13	0	0	0	0	0	0	0	0	0	0	0	0	0	0	0	0	0	0	20	0	0	0	0	0	0	0	0	0	0	0	0	0	0	0	0	0	0	0	0	0	0	0	0	0	0	0	0	0	0	0	0	0	0	0	0	0	0	0	0	0	0	0	0	0	0	0	0	0	0	0	0	0	0	0	0	0	0	0	0	13	0	0	0	0	0	0	0	0	0	0	0	0	0	0	0	0	0	0	0	0	0	0	0	0	0	0	0	0	0	0	0	0	0	0	0	0	0	0	0	0	0	0	0	0	0	0	0	0	0	0	0	0	0	0	0	0	0	0	0	0	0	0
8	0	0	0	56	0	0	0	7	0	0	0	0	0	0	21	0	0	0	227	0	0	0	7	0	0	0	0	0	0	21	0	0	0	95	0	0	0	0	0	0	0	0	0	0	0	0	0	0	0	0	0	0	0	0	0	0	7	0	0	0	0	0	0	21	0	0	0	91	0	0	0	0	0	0	0	0	0	0	0	0	0	0	0	0	0	0	0	0	0	0	0	0	0	0	0	0	0	0	0	0	0	0	0	0	0	0	0	0	0	0	0	0	0	0	0	0	0	7	0	0	0	0	0	0	21	0	0	0	80	0	0	0	0	0	0	0	0	0	0	0	0	0	0	0	0	0	0	0	0	0	0	0	0	0	0	0	0	0	0	0	0	0	0	0	0	0	0	0	0	0	0	0	0	0	0	0	0	0	0	0	0	0	0	0	0	0	0	0	0	0	0	0	0	0	0	0	0	0	0	0	0	0	0	0	0	0	0	0	0	0
7	0	0	0	46	0	0	0	0	0	0	0	0	0	0	0	0	0	0	227	0	0	0	0	0	0	0	0	0	0	0	0	0	0	95	0	0	0	0	0	0	0	0	0	0	0	0	0	0	0	0	0	0	0	0	0	0	0	0	0	0	0	0	0	0	0	0	0	91	0	0	0	0	0	0	0	0	0	0	0	0	0	0	0	0	0	0	0	0	0	0	0	0	0	0	0	0	0	0	0	0	0	0	0	0	0	0	0	0	0	0	0	0	0	0	0	0	0	0	0	0	0	0	0	0	0	0	0	0	80	0	0	0	0	0	0	0	0	0	0	0	0	0	0	0	0	0	0	0	0	0	0	0	0	0	0	0	0	0	0	0	0	0	0	0	0	0	0	0	0	0	0	0	0	0	0	0	0	0	0	0	0	0	0	0	0	0	0	0	0	0	0	0	0	0	0	0	0	0	0	0	0	0	0	0	0	0	0	0	0	0
3	0	0	0	10	0	0	0	0	0	0	0	0	0	0	0	0	0	0	56	0	0	0	0	0	0	0	0	0	0	0	0	0	0	18	0	0	0	0	0	0	0	0	0	0	0	0	0	0	0	0	0	0	0	0	0	0	0	0	0	0	0	0	0	0	0	0	0	17	0	0	0	0	0	0	0	0	0	0	0	0	0	0	0	0	0	0	0	0	0	0	0	0	0	0	0	0	0	0	0	0	0	0	0	0	0	0	0	0	0	0	0	0	0	0	0	0	0	0	0	0	0	0	0	0	0	0	0	0	15	0	0	0	0	0	0	0	0	0	0	0	0	0	0	0	0	0	0	0	0	0	0	0	0	0	0	0	0	0	0	0	0	0	0	0	0	0	0	0	0	0	0	0	0	0	0	0	0	0	0	0	0	0	0	0	0	0	0	0	0	0	0	0	0	0	0	0	0	0	0	0	0	0	0	0	0	0	0	0	0	0
