35	31	10	3	0	27	0	0	0	10	3	0	0	0	0	0	20	3	0	0	23	0	0	0	0	0	0	0	0	0	0	0	0	0	0	10	3	0	0	0	0	0	0	0	0	0	0	0	0	0	20	3	0	0	19	0	0	0	0	0	0	0	0	0	0	0	0	0	0	0	0	0	0	0	0	0	0	0	0	0	0	0	0	0	0	0	0	0	10	3	0	0	0	0	0	0	0	0	0	0	0	0	0	0	0	0	0	0	0	0	0	20	3	0	0	15	0	0	0	0	0	0	0	0	0	0	0	0	0	0	0	0	0	0	0	0	0	0	0	0	0	0	0	0	0	0	0	0	0	0	0	0	0	0	0	0	0	0	0	0	0	0	0	0	0	0	0	0	0	0	0	0	0	0	0	0	10	3	0	0	0	0	0	0	0	0	0	0	0	0	0	0	0	0	0	0	0	0	0	0	0	0	0	0	0	0	0	20	3	0	0
52	46	16	8	0	40	0	0	0	16	8	0	0	0	0	0	37	12	0	0	34	0	0	0	0	0	0	0	0	0	0	0	0	0	0	16	8	0	0	0	0	0	1	0	0	0	0	0	0	0	37	12	0	0	28	0	0	0	0	0	0	0	0	0	0	0	0	0	0	0	0	0	0	0	0	0	0	0	0	0	0	0	0	0	0	0	0	0	16	8	0	0	0	0	0	0	0	0	0	0	0	0	0	1	0	0	0	0	0	0	0	37	12	0	0	22	0	0	0	0	0	0	0	0	0	0	0	0	0	0	0	0	0	0	0	0	0	0	0	0	0	0	0	0	0	0	0	0	0	0	0	0	0	0	0	0	0	0	0	0	0	0	0	0	0	0	0	0	0	0	0	0	0	0	0	0	16	8	0	0	0	0	0	1	0	0	0	0	0	0	0	0	0	0	0	0	0	0	0	1	0	0	0	0	0	0	0	37	12	0	0
60	53	18	12	0	46	0	0	0	18	12	0	0	0	0	0	42	24	0	0	39	0	0	0	0	0	0	0	0	0	0	0	0	0	0	18	12	0	0	0	0	0	1	0	0	0	0	0	0	0	42	24	0	0	32	0	0	0	0	0	0	0	0	0	0	0	0	0	0	0	0	0	0	0	0	0	0	0	0	0	0	0	0	0	0	0	0	0	18	12	0	0	0	0	0	0	0	0	0	0	0	0	0	1	0	0	0	0	0	0	0	42	24	0	0	25	0	0	0	0	0	0	0	0	0	0	0	0	0	0	0	0	0	0	0	0	0	0	0	0	0	0	0	0	0	0	0	0	0	0	0	0	0	0	0	0	0	0	0	0	0	0	0	0	0	0	0	0	0	0	0	0	0	0	0	0	18	12	0	0	0	0	0	1	0	0	0	0	0	0	0	0	0	0	0	0	0	0	0	1	0	0	0	0	0	0	0	42	24	0	0
68	60	21	16	0	52	0	0	0	21	16	0	0	0	0	0	50	40	0	0	44	0	0	0	0	0	0	0	0	0	0	0	0	0	0	21	16	0	0	0	0	0	2	0	0	0	0	0	0	0	50	40	0	0	36	0	0	0	0	0	0	0	0	0	0	0	0	0	0	0	0	0	0	0	0	0	0	0	0	0	0	0	0	0	0	0	0	0	21	16	0	0	0	0	0	1	0	0	0	0	0	0	0	2	0	0	0	0	0	0	0	50	40	0	0	28	0	0	0	0	0	0	0	0	0	0	0	0	0	0	0	0	0	0	0	0	0	0	0	0	0	0	0	0	0	0	0	0	0	0	0	0	0	0	0	0	0	0	0	0	0	0	0	0	0	0	0	0	0	0	0	0	0	0	0	0	21	16	0	0	0	0	0	1	0	0	0	0	0	0	0	1	0	0	0	0	0	0	0	2	0	0	0	0	0	0	0	50	40	0	0
67	59	26	15	0	51	2	0	0	26	15	0	5	0	0	0	64	45	0	0	43	1	0	0	2	0	0	0	0	0	0	5	0	0	0	26	15	0	1	0	0	0	2	3	0	0	5	0	0	0	64	45	0	0	35	1	0	0	1	0	0	0	0	0	0	2	0	0	0	2	0	0	1	0	0	0	0	0	0	0	0	0	0	0	5	0	0	0	26	15	0	5	0	0	0	2	0	0	0	1	0	0	0	2	3	0	0	5	0	0	0	64	45	0	0	27	0	0	0	1	0	0	0	0	0	0	2	0	0	0	1	0	0	0	0	0	0	0	0	0	0	0	0	0	0	2	0	0	0	2	0	0	0	0	0	0	0	0	0	0	1	0	0	0	0	0	0	0	0	0	0	0	5	0	0	0	25	15	0	0	0	0	0	0	3	0	0	5	0	0	0	2	0	0	0	1	0	0	0	2	3	0	0	5	0	0	0	62	45	0	0
79	69	17	9	18	59	2	0	0	17	9	18	5	0	0	0	44	9	18	0	49	1	0	0	2	0	0	0	0	0	0	5	0	0	0	17	9	18	1	0	0	0	2	0	0	0	5	0	0	0	44	9	18	0	39	1	0	0	1	0	0	0	0	0	0	2	0	0	0	2	0	0	1	0	0	0	0	0	0	0	0	0	0	0	5	0	0	0	17	9	18	5	0	0	0	2	0	0	0	1	0	0	0	2	0	0	0	5	0	0	0	44	9	18	0	29	0	0	0	1	0	0	0	0	0	0	2	0	0	0	1	0	0	0	0	0	0	0	0	0	0	0	0	0	0	2	0	0	0	2	0	0	0	0	0	0	0	0	0	0	1	0	0	0	0	0	0	0	0	0	0	0	5	0	0	0	16	9	18	0	0	0	0	0	0	0	0	5	0	0	0	2	0	0	0	1	0	0	0	2	0	0	0	5	0	0	0	42	9	18	0
78	68	19	16	15	58	2	0	0	19	16	15	5	0	0	0	42	32	30	0	48	1	0	0	2	0	0	0	0	0	0	5	0	0	0	19	16	15	1	0	0	0	2	0	0	0	5	0	0	0	42	32	30	0	38	1	0	0	1	0	0	0	0	0	0	2	0	0	0	2	0	0	1	0	0	0	0	0	0	0	0	0	0	0	5	0	0	0	19	16	15	5	0	0	0	2	0	0	0	1	0	0	0	2	0	0	0	5	0	0	0	42	32	30	0	28	0	0	0	1	0	0	0	0	0	0	2	0	0	0	1	0	0	0	0	0	0	0	0	0	0	0	0	0	0	2	0	0	0	2	0	0	0	0	0	0	0	0	0	0	1	0	0	0	0	0	0	0	0	0	0	0	5	0	0	0	18	16	15	0	0	0	0	0	0	0	0	5	0	0	0	2	0	0	0	1	0	0	0	2	0	0	0	5	0	0	0	40	32	30	0
77	67	22	21	11	57	2	0	0	22	21	11	5	0	0	0	42	56	33	0	47	1	0	0	2	0	0	0	0	0	0	5	0	0	0	22	21	11	1	0	0	0	2	0	0	0	5	0	0	0	42	56	33	0	37	1	0	0	1	0	0	0	0	0	0	2	0	0	0	2	0	0	1	0	0	0	0	0	0	0	0	0	0	0	5	0	0	0	22	21	11	5	0	0	0	2	0	0	0	1	0	0	0	2	0	0	0	5	0	0	0	42	56	33	0	27	0	0	0	1	0	0	0	0	0	0	2	0	0	0	1	0	0	0	0	0	0	0	0	0	0	0	0	0	0	2	0	0	0	2	0	0	0	0	0	0	0	0	0	0	1	0	0	0	0	0	0	0	0	0	0	0	5	0	0	0	21	21	11	0	0	0	0	0	0	0	0	5	0	0	0	2	0	0	0	1	0	0	0	2	0	0	0	5	0	0	0	40	56	33	0
76	66	27	24	7	56	4	0	0	27	24	7	10	0	0	0	48	72	28	0	46	2	0	0	4	0	0	1	0	0	0	11	0	0	0	27	24	7	5	0	0	0	1	6	0	0	10	0	0	0	48	72	28	0	36	1	0	0	2	0	0	0	0	0	0	4	0	0	0	4	0	0	1	0	0	0	0	0	0	0	1	0	0	0	11	0	0	0	27	24	7	5	0	0	0	1	6	0	0	5	0	0	0	1	6	0	0	10	0	0	0	48	72	28	0	26	0	0	0	1	0	0	0	0	0	0	2	0	0	0	2	0	0	0	0	0	0	0	0	0	0	0	0	0	0	4	0	0	0	4	0	0	0	0	0	0	0	0	0	0	1	0	0	0	0	0	0	0	1	0	0	0	11	0	0	0	25	24	7	0	0	0	0	0	0	0	0	5	0	0	0	1	6	0	0	5	0	0	0	1	6	0	0	10	0	0	0	44	72	28	0
85	73	32	46	3	61	2	16	0	32	46	3	5	25	0	0	52	127	15	0	49	1	10	0	2	16	0	1	0	0	0	6	37	0	0	32	46	3	4	10	0	0	1	5	3	0	5	25	0	0	52	127	15	0	37	0	5	0	1	10	0	0	0	0	0	2	20	0	0	2	16	0	0	5	0	0	0	0	0	0	1	0	0	0	6	37	0	0	30	46	3	0	25	0	0	1	5	0	0	4	10	0	0	1	5	3	0	5	25	0	0	49	127	15	0	26	0	0	0	0	5	0	0	0	0	0	0	10	0	0	1	10	0	0	0	0	0	0	0	0	0	0	0	0	0	2	20	0	0	2	16	0	0	0	0	0	0	0	0	0	0	5	0	0	0	0	0	0	1	0	0	0	6	37	0	0	29	35	3	0	0	0	0	0	0	3	0	0	25	0	0	1	5	0	0	4	10	0	0	1	5	3	0	5	25	0	0	47	105	15	0
69	59	18	9	35	49	3	0	0	18	9	35	5	0	5	0	21	0	35	54	39	2	0	0	3	0	0	1	0	0	0	8	0	0	0	18	9	35	5	0	0	0	0	0	0	0	5	0	5	0	21	0	35	54	29	0	0	0	2	0	0	0	0	0	0	4	0	0	0	3	0	0	0	0	0	0	0	0	0	0	1	0	0	0	8	0	0	0	18	9	35	0	0	5	0	0	0	0	0	5	0	0	0	0	0	0	0	5	0	5	0	21	0	35	54	19	0	0	0	0	0	0	0	0	0	0	0	0	0	0	2	0	0	0	0	0	0	0	0	0	0	0	0	0	0	4	0	0	0	3	0	0	0	0	0	0	0	0	0	0	0	0	0	0	0	0	0	0	1	0	0	0	8	0	0	0	16	9	35	0	0	0	0	0	0	0	0	0	0	5	0	0	0	0	0	5	0	0	0	0	0	0	0	5	0	5	0	17	0	35	54
74	63	17	24	26	52	3	0	0	17	24	26	5	0	5	0	24	8	78	36	41	2	0	0	3	0	0	1	0	0	0	8	0	0	0	17	24	26	5	0	0	0	0	0	0	0	5	0	5	0	24	8	78	36	30	0	0	0	2	0	0	0	0	0	0	4	0	0	0	3	0	0	0	0	0	0	0	0	0	0	1	0	0	0	8	0	0	0	17	24	26	0	0	5	0	0	0	0	0	5	0	0	0	0	0	0	0	5	0	5	0	24	8	78	36	19	0	0	0	0	0	0	0	0	0	0	0	0	0	0	2	0	0	0	0	0	0	0	0	0	0	0	0	0	0	4	0	0	0	3	0	0	0	0	0	0	0	0	0	0	0	0	0	0	0	0	0	0	1	0	0	0	8	0	0	0	15	24	26	0	0	0	0	0	0	0	0	0	0	5	0	0	0	0	0	5	0	0	0	0	0	0	0	5	0	5	0	20	8	78	36
73	62	19	28	18	51	3	0	0	19	28	18	5	0	5	0	29	28	72	21	40	2	0	0	3	0	0	1	0	0	0	8	0	0	0	19	28	18	5	0	0	0	0	0	0	0	5	0	5	0	29	28	72	21	29	0	0	0	2	0	0	0	0	0	0	4	0	0	0	3	0	0	0	0	0	0	0	0	0	0	1	0	0	0	8	0	0	0	19	28	18	0	0	5	0	0	0	0	0	5	0	0	0	0	0	0	0	5	0	5	0	29	28	72	21	18	0	0	0	0	0	0	0	0	0	0	0	0	0	0	2	0	0	0	0	0	0	0	0	0	0	0	0	0	0	4	0	0	0	3	0	0	0	0	0	0	0	0	0	0	0	0	0	0	0	0	0	0	1	0	0	0	8	0	0	0	17	28	18	0	0	0	0	0	0	0	0	0	0	5	0	0	0	0	0	5	0	0	0	0	0	0	0	5	0	5	0	25	28	72	21
75	63	23	45	11	51	1	16	0	23	45	11	0	34	5	0	36	86	44	10	39	1	6	0	1	16	0	0	6	0	0	2	44	0	0	23	45	11	1	24	0	0	0	0	11	0	0	34	5	0	36	86	44	10	27	0	0	0	1	6	0	0	0	0	0	2	12	0	0	1	16	0	0	0	0	0	0	0	0	0	0	6	0	0	2	44	0	0	21	45	11	0	0	5	0	0	0	11	0	1	24	0	0	0	0	11	0	0	34	5	0	33	86	44	10	16	0	0	0	0	0	0	0	0	0	0	0	0	0	0	1	6	0	0	0	0	0	0	0	0	0	0	0	0	0	2	12	0	0	1	16	0	0	0	0	0	0	0	0	0	0	0	0	0	0	0	0	0	0	6	0	0	2	44	0	0	16	34	11	0	0	0	0	0	0	0	0	0	0	5	0	0	0	11	0	1	24	0	0	0	0	11	0	0	34	5	0	21	64	44	10
53	45	17	15	5	37	3	0	0	17	15	5	5	0	5	0	24	5	15	3	29	2	0	0	3	0	0	1	0	0	0	8	0	0	0	17	15	5	5	0	0	0	0	0	0	0	5	0	5	0	24	5	15	3	21	0	0	0	2	0	0	0	0	0	0	4	0	0	0	3	0	0	0	0	0	0	0	0	0	0	1	0	0	0	8	0	0	0	17	15	5	0	0	5	0	0	0	0	0	5	0	0	0	0	0	0	0	5	0	5	0	24	5	15	3	13	0	0	0	0	0	0	0	0	0	0	0	0	0	0	2	0	0	0	0	0	0	0	0	0	0	0	0	0	0	4	0	0	0	3	0	0	0	0	0	0	0	0	0	0	0	0	0	0	0	0	0	0	1	0	0	0	8	0	0	0	15	15	5	0	0	0	0	0	0	0	0	0	0	5	0	0	0	0	0	5	0	0	0	0	0	0	0	5	0	5	0	20	5	15	3
57	47	17	21	23	37	2	0	5	17	21	23	1	0	6	25	44	56	69	29	27	0	0	0	2	0	5	0	0	0	0	4	0	15	0	17	21	23	0	0	16	0	0	0	0	3	1	0	6	25	44	56	69	29	17	0	0	0	0	0	0	0	0	0	0	0	0	0	0	2	0	5	0	0	5	0	0	0	0	0	0	0	0	0	4	0	15	0	17	21	23	0	0	0	0	0	0	0	0	0	0	16	0	0	0	0	3	1	0	6	25	44	56	69	29	7	0	0	0	0	0	0	0	0	0	0	0	0	0	0	0	0	0	0	0	0	0	0	0	0	0	0	0	0	0	0	0	0	0	2	0	5	0	0	0	0	0	0	0	0	0	0	5	0	0	0	0	0	0	0	0	0	4	0	15	0	7	21	23	0	0	0	0	0	0	0	0	0	0	0	0	0	0	0	0	0	0	16	0	0	0	0	3	1	0	6	25	23	56	69	29
48	40	6	0	35	32	1	0	0	6	0	35	1	0	6	0	18	0	0	95	24	0	0	0	1	0	0	0	0	0	0	2	0	0	0	6	0	35	0	0	6	0	0	0	0	0	1	0	6	0	18	0	0	95	16	0	0	0	0	0	0	0	0	0	0	0	0	0	0	1	0	0	0	0	0	0	0	0	0	0	0	0	0	0	2	0	0	0	6	0	35	0	0	0	0	0	0	0	0	0	0	6	0	0	0	0	0	1	0	6	0	18	0	0	95	8	0	0	0	0	0	0	0	0	0	0	0	0	0	0	0	0	0	0	0	0	0	0	0	0	0	0	0	0	0	0	0	0	0	1	0	0	0	0	0	0	0	0	0	0	0	0	0	0	0	0	0	0	0	0	0	0	2	0	0	0	5	0	35	0	0	0	0	0	0	0	0	0	0	0	0	0	0	0	0	0	0	6	0	0	0	0	0	1	0	6	0	16	0	0	95
47	39	9	7	26	31	1	0	0	9	7	26	1	0	6	0	24	28	26	60	23	0	0	0	1	0	0	0	0	0	0	2	0	0	0	9	7	26	0	0	6	0	0	0	0	0	1	0	6	0	24	28	26	60	15	0	0	0	0	0	0	0	0	0	0	0	0	0	0	1	0	0	0	0	0	0	0	0	0	0	0	0	0	0	2	0	0	0	9	7	26	0	0	0	0	0	0	0	0	0	0	6	0	0	0	0	0	1	0	6	0	24	28	26	60	7	0	0	0	0	0	0	0	0	0	0	0	0	0	0	0	0	0	0	0	0	0	0	0	0	0	0	0	0	0	0	0	0	0	1	0	0	0	0	0	0	0	0	0	0	0	0	0	0	0	0	0	0	0	0	0	0	2	0	0	0	4	7	26	0	0	0	0	0	0	0	0	0	0	0	0	0	0	0	0	0	0	6	0	0	0	0	0	1	0	6	0	12	28	26	60
48	40	11	0	26	32	1	0	0	11	0	26	1	0	6	0	33	0	0	60	24	0	0	0	1	0	0	0	0	0	0	2	0	0	0	11	0	26	0	0	6	0	0	0	0	0	1	0	6	0	33	0	0	60	16	0	0	0	0	0	0	0	0	0	0	0	0	0	0	1	0	0	0	0	0	0	0	0	0	0	0	0	0	0	2	0	0	0	11	0	26	0	0	0	0	0	0	0	0	0	0	6	0	0	0	0	0	1	0	6	0	33	0	0	60	8	0	0	0	0	0	0	0	0	0	0	0	0	0	0	0	0	0	0	0	0	0	0	0	0	0	0	0	0	0	0	0	0	0	1	0	0	0	0	0	0	0	0	0	0	0	0	0	0	0	0	0	0	0	0	0	0	2	0	0	0	10	0	26	0	0	0	0	0	0	0	0	0	0	0	0	0	0	0	0	0	0	6	0	0	0	0	0	1	0	6	0	31	0	0	60
37	30	18	10	0	23	0	0	0	18	10	0	0	0	0	0	43	30	0	0	16	0	0	0	0	0	0	0	0	0	0	0	0	0	0	18	10	0	0	0	0	0	0	0	0	0	0	0	0	0	43	30	0	0	9	0	0	0	0	0	0	0	0	0	0	0	0	0	0	0	0	0	0	0	0	0	0	0	0	0	0	0	0	0	0	0	0	0	18	10	0	0	0	0	0	0	0	0	0	0	0	0	0	0	0	0	0	0	0	0	0	43	30	0	0	2	0	0	0	0	0	0	0	0	0	0	0	0	0	0	0	0	0	0	0	0	0	0	0	0	0	0	0	0	0	0	0	0	0	0	0	0	0	0	0	0	0	0	0	0	0	0	0	0	0	0	0	0	0	0	0	0	0	0	0	0	3	10	0	0	0	0	0	0	0	0	0	0	0	0	0	0	0	0	0	0	0	0	0	0	0	0	0	0	0	0	0	8	30	0	0
56	44	22	32	26	32	0	0	6	22	32	26	0	0	10	24	47	80	104	49	20	0	0	0	0	0	6	0	0	6	0	0	0	24	5	22	32	26	0	0	0	0	0	0	0	11	0	0	10	24	47	80	104	49	8	0	0	0	0	0	0	0	0	0	0	0	0	0	0	0	0	6	0	0	0	0	0	0	0	0	0	0	6	0	0	0	24	5	12	32	26	0	0	0	0	0	0	0	0	0	0	0	0	0	0	0	11	0	0	10	24	27	80	104	49	0	0	0	0	0	0	0	0	0	0	0	0	0	0	0	0	0	0	0	0	0	0	0	0	0	0	0	0	0	0	0	0	0	0	0	0	6	0	0	0	0	0	0	0	0	0	0	0	0	0	0	0	0	0	0	6	0	0	0	24	5	0	0	26	0	0	0	0	0	0	0	0	0	0	0	0	0	0	0	0	0	0	0	0	0	0	0	11	0	0	10	24	0	0	104	49
34	27	15	6	9	20	0	0	0	15	6	9	0	0	0	0	35	6	9	23	13	0	0	0	0	0	0	0	0	0	0	0	0	0	5	15	6	9	0	0	0	0	0	0	0	0	0	0	0	0	35	6	9	23	6	0	0	0	0	0	0	0	0	0	0	0	0	0	0	0	0	0	0	0	0	0	0	0	0	0	0	0	0	0	0	0	0	5	14	6	9	0	0	0	0	0	0	0	0	0	0	0	0	0	0	0	0	0	0	0	0	34	6	9	23	0	0	0	0	0	0	0	0	0	0	0	0	0	0	0	0	0	0	0	0	0	0	0	0	0	0	0	0	0	0	0	0	0	0	0	0	0	0	0	0	0	0	0	0	0	0	0	0	0	0	0	0	0	0	0	0	0	0	0	0	5	0	0	9	0	0	0	0	0	0	0	0	0	0	0	0	0	0	0	0	0	0	0	0	0	0	0	0	0	0	0	0	0	0	9	23
42	33	18	18	9	24	0	0	0	18	18	9	0	0	0	0	39	36	27	23	15	0	0	0	0	0	0	0	0	0	0	0	0	0	5	18	18	9	0	0	0	0	0	0	0	0	0	0	0	0	39	36	27	23	6	0	0	0	0	0	0	0	0	0	0	0	0	0	0	0	0	0	0	0	0	0	0	0	0	0	0	0	0	0	0	0	0	5	12	18	9	0	0	0	0	0	0	0	0	0	0	0	0	0	0	0	0	0	0	0	0	29	36	27	23	0	0	0	0	0	0	0	0	0	0	0	0	0	0	0	0	0	0	0	0	0	0	0	0	0	0	0	0	0	0	0	0	0	0	0	0	0	0	0	0	0	0	0	0	0	0	0	0	0	0	0	0	0	0	0	0	0	0	0	0	5	0	0	9	0	0	0	0	0	0	0	0	0	0	0	0	0	0	0	0	0	0	0	0	0	0	0	0	0	0	0	0	0	0	27	23
33	26	16	10	2	19	0	0	0	16	10	2	0	0	0	0	36	15	4	0	12	0	0	0	0	0	0	0	0	0	0	0	0	0	0	16	10	2	0	0	0	0	0	0	0	0	0	0	0	0	36	15	4	0	5	0	0	0	0	0	0	0	0	0	0	0	0	0	0	0	0	0	0	0	0	0	0	0	0	0	0	0	0	0	0	0	0	0	13	10	2	0	0	0	0	0	0	0	0	0	0	0	0	0	0	0	0	0	0	0	0	32	15	4	0	0	0	0	0	0	0	0	0	0	0	0	0	0	0	0	0	0	0	0	0	0	0	0	0	0	0	0	0	0	0	0	0	0	0	0	0	0	0	0	0	0	0	0	0	0	0	0	0	0	0	0	0	0	0	0	0	0	0	0	0	0	0	0	2	0	0	0	0	0	0	0	0	0	0	0	0	0	0	0	0	0	0	0	0	0	0	0	0	0	0	0	0	0	0	4	0
45	35	25	25	2	25	0	0	0	25	25	2	0	0	0	0	55	75	10	0	15	0	0	0	0	0	0	0	0	0	0	0	0	0	0	25	25	2	0	0	0	0	0	0	0	0	0	0	0	0	55	75	10	0	5	0	0	0	0	0	0	0	0	0	0	0	0	0	0	0	0	0	0	0	0	0	0	0	0	0	0	0	0	0	0	0	0	0	10	25	2	0	0	0	0	0	0	0	0	0	0	0	0	0	0	0	0	0	0	0	0	20	75	10	0	0	0	0	0	0	0	0	0	0	0	0	0	0	0	0	0	0	0	0	0	0	0	0	0	0	0	0	0	0	0	0	0	0	0	0	0	0	0	0	0	0	0	0	0	0	0	0	0	0	0	0	0	0	0	0	0	0	0	0	0	0	0	0	2	0	0	0	0	0	0	0	0	0	0	0	0	0	0	0	0	0	0	0	0	0	0	0	0	0	0	0	0	0	0	10	0
46	34	16	20	46	22	0	0	21	16	20	46	0	0	0	10	36	30	92	39	10	0	0	16	0	0	21	0	0	0	6	0	0	42	6	13	20	46	0	0	0	34	0	0	0	0	0	0	0	10	32	30	92	39	0	0	0	5	0	0	16	0	0	0	0	0	0	32	0	0	0	21	0	0	0	5	0	0	0	0	0	0	0	6	0	0	42	6	0	0	46	0	0	0	25	0	0	0	11	0	0	0	34	0	0	0	0	0	0	0	10	0	0	92	39	0	0	0	0	0	0	5	0	0	0	0	0	0	10	0	0	0	16	0	0	0	0	0	0	0	0	0	0	0	0	0	0	32	0	0	0	21	0	0	0	0	0	0	0	0	0	0	0	5	0	0	0	0	0	0	0	6	0	0	42	6	0	0	0	0	0	0	0	0	0	0	3	0	0	0	25	0	0	0	11	0	0	0	34	0	0	0	0	0	0	0	10	0	0	0	39
39	29	15	9	30	19	0	0	0	15	9	30	0	0	0	0	35	9	30	48	9	0	0	0	0	0	0	0	0	0	0	0	0	0	6	14	9	30	0	0	0	0	0	0	0	0	0	0	0	0	34	9	30	48	0	0	0	0	0	0	0	0	0	0	0	0	0	0	0	0	0	0	0	0	0	0	0	0	0	0	0	0	0	0	0	0	0	6	0	0	30	0	0	0	0	0	0	0	0	0	0	0	0	0	0	0	0	0	0	0	0	0	0	30	48	0	0	0	0	0	0	0	0	0	0	0	0	0	0	0	0	0	0	0	0	0	0	0	0	0	0	0	0	0	0	0	0	0	0	0	0	0	0	0	0	0	0	0	0	0	0	0	0	0	0	0	0	0	0	0	0	0	0	0	0	6	0	0	0	0	0	0	0	0	0	0	0	0	0	0	0	0	0	0	0	0	0	0	0	0	0	0	0	0	0	0	0	0	0	0	48
37	27	18	21	19	17	0	0	0	18	21	19	0	0	0	0	39	42	57	37	7	0	0	0	0	0	0	0	0	0	0	0	0	0	6	12	21	19	0	0	0	0	0	0	0	0	0	0	0	0	29	42	57	37	0	0	0	0	0	0	0	0	0	0	0	0	0	0	0	0	0	0	0	0	0	0	0	0	0	0	0	0	0	0	0	0	0	6	0	0	19	0	0	0	0	0	0	0	0	0	0	0	0	0	0	0	0	0	0	0	0	0	0	57	37	0	0	0	0	0	0	0	0	0	0	0	0	0	0	0	0	0	0	0	0	0	0	0	0	0	0	0	0	0	0	0	0	0	0	0	0	0	0	0	0	0	0	0	0	0	0	0	0	0	0	0	0	0	0	0	0	0	0	0	0	6	0	0	0	0	0	0	0	0	0	0	0	0	0	0	0	0	0	0	0	0	0	0	0	0	0	0	0	0	0	0	0	0	0	0	37
36	26	21	24	13	16	0	0	0	21	24	13	0	0	0	0	45	60	52	28	6	0	0	0	0	0	0	0	0	0	0	0	0	0	6	11	24	13	0	0	0	0	0	0	0	0	0	0	0	0	25	60	52	28	0	0	0	0	0	0	0	0	0	0	0	0	0	0	0	0	0	0	0	0	0	0	0	0	0	0	0	0	0	0	0	0	0	6	0	0	13	0	0	0	0	0	0	0	0	0	0	0	0	0	0	0	0	0	0	0	0	0	0	52	28	0	0	0	0	0	0	0	0	0	0	0	0	0	0	0	0	0	0	0	0	0	0	0	0	0	0	0	0	0	0	0	0	0	0	0	0	0	0	0	0	0	0	0	0	0	0	0	0	0	0	0	0	0	0	0	0	0	0	0	0	6	0	0	0	0	0	0	0	0	0	0	0	0	0	0	0	0	0	0	0	0	0	0	0	0	0	0	0	0	0	0	0	0	0	0	28
35	25	25	25	5	15	0	0	0	25	25	5	0	0	0	0	55	75	25	2	5	0	0	0	0	0	0	0	0	0	0	0	0	0	0	10	25	5	0	0	0	0	0	0	0	0	0	0	0	0	20	75	25	2	0	0	0	0	0	0	0	0	0	0	0	0	0	0	0	0	0	0	0	0	0	0	0	0	0	0	0	0	0	0	0	0	0	0	0	0	5	0	0	0	0	0	0	0	0	0	0	0	0	0	0	0	0	0	0	0	0	0	0	25	2	0	0	0	0	0	0	0	0	0	0	0	0	0	0	0	0	0	0	0	0	0	0	0	0	0	0	0	0	0	0	0	0	0	0	0	0	0	0	0	0	0	0	0	0	0	0	0	0	0	0	0	0	0	0	0	0	0	0	0	0	0	0	0	0	0	0	0	0	0	0	0	0	0	0	0	0	0	0	0	0	0	0	0	0	0	0	0	0	0	0	0	0	0	0	0	2
29	19	15	9	37	9	0	0	0	14	9	37	0	0	0	0	34	9	37	113	0	0	0	0	0	0	0	0	0	0	0	0	0	0	21	0	0	37	0	0	0	0	0	0	0	0	0	0	0	0	0	0	37	113	0	0	0	0	0	0	0	0	0	0	0	0	0	0	16	0	0	0	0	0	0	0	0	0	0	0	0	0	0	0	0	0	0	21	0	0	0	0	0	0	0	0	0	0	0	0	0	0	0	0	0	0	0	0	0	0	0	0	0	0	113	0	0	0	0	0	0	0	0	0	0	0	0	0	0	5	0	0	0	0	0	0	0	0	0	0	0	0	0	0	0	0	0	0	16	0	0	0	0	0	0	0	0	0	0	0	0	0	0	0	0	0	0	0	0	0	0	0	0	0	0	21	0	0	0	0	0	0	0	0	0	0	0	0	0	0	0	0	0	0	0	0	0	0	0	0	0	0	0	0	0	0	0	0	0	0	0
28	18	16	16	28	8	0	0	0	13	16	28	0	0	0	0	32	24	56	83	0	0	0	0	0	0	0	0	0	0	0	0	0	0	21	0	0	28	0	0	0	0	0	0	0	0	0	0	0	0	0	0	56	83	0	0	0	0	0	0	0	0	0	0	0	0	0	0	16	0	0	0	0	0	0	0	0	0	0	0	0	0	0	0	0	0	0	21	0	0	0	0	0	0	0	0	0	0	0	0	0	0	0	0	0	0	0	0	0	0	0	0	0	0	83	0	0	0	0	0	0	0	0	0	0	0	0	0	0	5	0	0	0	0	0	0	0	0	0	0	0	0	0	0	0	0	0	0	16	0	0	0	0	0	0	0	0	0	0	0	0	0	0	0	0	0	0	0	0	0	0	0	0	0	0	21	0	0	0	0	0	0	0	0	0	0	0	0	0	0	0	0	0	0	0	0	0	0	0	0	0	0	0	0	0	0	0	0	0	0	0
27	17	18	21	18	7	0	0	0	12	21	18	0	0	0	0	29	42	54	37	0	0	0	0	0	0	0	0	0	0	0	0	0	0	0	0	0	18	0	0	0	0	0	0	0	0	0	0	0	0	0	0	54	37	0	0	0	0	0	0	0	0	0	0	0	0	0	0	0	0	0	0	0	0	0	0	0	0	0	0	0	0	0	0	0	0	0	0	0	0	0	0	0	0	0	0	0	0	0	0	0	0	0	0	0	0	0	0	0	0	0	0	0	0	37	0	0	0	0	0	0	0	0	0	0	0	0	0	0	0	0	0	0	0	0	0	0	0	0	0	0	0	0	0	0	0	0	0	0	0	0	0	0	0	0	0	0	0	0	0	0	0	0	0	0	0	0	0	0	0	0	0	0	0	0	0	0	0	0	0	0	0	0	0	0	0	0	0	0	0	0	0	0	0	0	0	0	0	0	0	0	0	0	0	0	0	0	0	0	0	0
26	16	21	24	11	6	0	0	0	11	24	11	0	0	0	0	25	60	44	18	0	0	0	0	0	0	0	0	0	0	0	0	0	0	0	0	0	11	0	0	0	0	0	0	0	0	0	0	0	0	0	0	44	18	0	0	0	0	0	0	0	0	0	0	0	0	0	0	0	0	0	0	0	0	0	0	0	0	0	0	0	0	0	0	0	0	0	0	0	0	0	0	0	0	0	0	0	0	0	0	0	0	0	0	0	0	0	0	0	0	0	0	0	0	18	0	0	0	0	0	0	0	0	0	0	0	0	0	0	0	0	0	0	0	0	0	0	0	0	0	0	0	0	0	0	0	0	0	0	0	0	0	0	0	0	0	0	0	0	0	0	0	0	0	0	0	0	0	0	0	0	0	0	0	0	0	0	0	0	0	0	0	0	0	0	0	0	0	0	0	0	0	0	0	0	0	0	0	0	0	0	0	0	0	0	0	0	0	0	0	0
25	15	25	25	5	5	0	0	0	10	25	5	0	0	0	0	20	75	25	5	0	0	0	0	0	0	0	0	0	0	0	0	0	0	0	0	0	5	0	0	0	0	0	0	0	0	0	0	0	0	0	0	25	5	0	0	0	0	0	0	0	0	0	0	0	0	0	0	0	0	0	0	0	0	0	0	0	0	0	0	0	0	0	0	0	0	0	0	0	0	0	0	0	0	0	0	0	0	0	0	0	0	0	0	0	0	0	0	0	0	0	0	0	0	5	0	0	0	0	0	0	0	0	0	0	0	0	0	0	0	0	0	0	0	0	0	0	0	0	0	0	0	0	0	0	0	0	0	0	0	0	0	0	0	0	0	0	0	0	0	0	0	0	0	0	0	0	0	0	0	0	0	0	0	0	0	0	0	0	0	0	0	0	0	0	0	0	0	0	0	0	0	0	0	0	0	0	0	0	0	0	0	0	0	0	0	0	0	0	0	0
19	9	14	9	35	0	0	0	0	0	0	35	0	0	0	0	0	0	35	99	0	0	0	0	0	0	0	0	0	0	0	0	0	0	0	0	0	0	0	0	0	0	0	0	0	0	0	0	0	0	0	0	0	99	0	0	0	0	0	0	0	0	0	0	0	0	0	0	0	0	0	0	0	0	0	0	0	0	0	0	0	0	0	0	0	0	0	0	0	0	0	0	0	0	0	0	0	0	0	0	0	0	0	0	0	0	0	0	0	0	0	0	0	0	0	0	0	0	0	0	0	0	0	0	0	0	0	0	0	0	0	0	0	0	0	0	0	0	0	0	0	0	0	0	0	0	0	0	0	0	0	0	0	0	0	0	0	0	0	0	0	0	0	0	0	0	0	0	0	0	0	0	0	0	0	0	0	0	0	0	0	0	0	0	0	0	0	0	0	0	0	0	0	0	0	0	0	0	0	0	0	0	0	0	0	0	0	0	0	0	0
18	8	13	16	26	0	0	0	0	0	0	26	0	0	0	0	0	0	52	62	0	0	0	0	0	0	0	0	0	0	0	0	0	0	0	0	0	0	0	0	0	0	0	0	0	0	0	0	0	0	0	0	0	62	0	0	0	0	0	0	0	0	0	0	0	0	0	0	0	0	0	0	0	0	0	0	0	0	0	0	0	0	0	0	0	0	0	0	0	0	0	0	0	0	0	0	0	0	0	0	0	0	0	0	0	0	0	0	0	0	0	0	0	0	0	0	0	0	0	0	0	0	0	0	0	0	0	0	0	0	0	0	0	0	0	0	0	0	0	0	0	0	0	0	0	0	0	0	0	0	0	0	0	0	0	0	0	0	0	0	0	0	0	0	0	0	0	0	0	0	0	0	0	0	0	0	0	0	0	0	0	0	0	0	0	0	0	0	0	0	0	0	0	0	0	0	0	0	0	0	0	0	0	0	0	0	0	0	0	0	0
17	7	12	21	18	0	0	0	0	0	0	18	0	0	0	0	0	0	54	34	0	0	0	0	0	0	0	0	0	0	0	0	0	0	0	0	0	0	0	0	0	0	0	0	0	0	0	0	0	0	0	0	0	34	0	0	0	0	0	0	0	0	0	0	0	0	0	0	0	0	0	0	0	0	0	0	0	0	0	0	0	0	0	0	0	0	0	0	0	0	0	0	0	0	0	0	0	0	0	0	0	0	0	0	0	0	0	0	0	0	0	0	0	0	0	0	0	0	0	0	0	0	0	0	0	0	0	0	0	0	0	0	0	0	0	0	0	0	0	0	0	0	0	0	0	0	0	0	0	0	0	0	0	0	0	0	0	0	0	0	0	0	0	0	0	0	0	0	0	0	0	0	0	0	0	0	0	0	0	0	0	0	0	0	0	0	0	0	0	0	0	0	0	0	0	0	0	0	0	0	0	0	0	0	0	0	0	0	0	0	0
16	6	11	24	11	0	0	0	0	0	0	11	0	0	0	0	0	0	44	16	0	0	0	0	0	0	0	0	0	0	0	0	0	0	0	0	0	0	0	0	0	0	0	0	0	0	0	0	0	0	0	0	0	16	0	0	0	0	0	0	0	0	0	0	0	0	0	0	0	0	0	0	0	0	0	0	0	0	0	0	0	0	0	0	0	0	0	0	0	0	0	0	0	0	0	0	0	0	0	0	0	0	0	0	0	0	0	0	0	0	0	0	0	0	0	0	0	0	0	0	0	0	0	0	0	0	0	0	0	0	0	0	0	0	0	0	0	0	0	0	0	0	0	0	0	0	0	0	0	0	0	0	0	0	0	0	0	0	0	0	0	0	0	0	0	0	0	0	0	0	0	0	0	0	0	0	0	0	0	0	0	0	0	0	0	0	0	0	0	0	0	0	0	0	0	0	0	0	0	0	0	0	0	0	0	0	0	0	0	0	0
15	5	10	25	5	0	0	0	0	0	0	5	0	0	0	0	0	0	25	5	0	0	0	0	0	0	0	0	0	0	0	0	0	0	0	0	0	0	0	0	0	0	0	0	0	0	0	0	0	0	0	0	0	5	0	0	0	0	0	0	0	0	0	0	0	0	0	0	0	0	0	0	0	0	0	0	0	0	0	0	0	0	0	0	0	0	0	0	0	0	0	0	0	0	0	0	0	0	0	0	0	0	0	0	0	0	0	0	0	0	0	0	0	0	0	0	0	0	0	0	0	0	0	0	0	0	0	0	0	0	0	0	0	0	0	0	0	0	0	0	0	0	0	0	0	0	0	0	0	0	0	0	0	0	0	0	0	0	0	0	0	0	0	0	0	0	0	0	0	0	0	0	0	0	0	0	0	0	0	0	0	0	0	0	0	0	0	0	0	0	0	0	0	0	0	0	0	0	0	0	0	0	0	0	0	0	0	0	0	0	0
9	0	0	0	35	0	0	0	0	0	0	0	0	0	0	0	0	0	0	95	0	0	0	0	0	0	0	0	0	0	0	0	0	0	0	0	0	0	0	0	0	0	0	0	0	0	0	0	0	0	0	0	0	0	0	0	0	0	0	0	0	0	0	0	0	0	0	0	0	0	0	0	0	0	0	0	0	0	0	0	0	0	0	0	0	0	0	0	0	0	0	0	0	0	0	0	0	0	0	0	0	0	0	0	0	0	0	0	0	0	0	0	0	0	0	0	0	0	0	0	0	0	0	0	0	0	0	0	0	0	0	0	0	0	0	0	0	0	0	0	0	0	0	0	0	0	0	0	0	0	0	0	0	0	0	0	0	0	0	0	0	0	0	0	0	0	0	0	0	0	0	0	0	0	0	0	0	0	0	0	0	0	0	0	0	0	0	0	0	0	0	0	0	0	0	0	0	0	0	0	0	0	0	0	0	0	0	0	0	0	0
8	0	0	0	26	0	0	0	0	0	0	0	0	0	0	0	0	0	0	60	0	0	0	0	0	0	0	0	0	0	0	0	0	0	0	0	0	0	0	0	0	0	0	0	0	0	0	0	0	0	0	0	0	0	0	0	0	0	0	0	0	0	0	0	0	0	0	0	0	0	0	0	0	0	0	0	0	0	0	0	0	0	0	0	0	0	0	0	0	0	0	0	0	0	0	0	0	0	0	0	0	0	0	0	0	0	0	0	0	0	0	0	0	0	0	0	0	0	0	0	0	0	0	0	0	0	0	0	0	0	0	0	0	0	0	0	0	0	0	0	0	0	0	0	0	0	0	0	0	0	0	0	0	0	0	0	0	0	0	0	0	0	0	0	0	0	0	0	0	0	0	0	0	0	0	0	0	0	0	0	0	0	0	0	0	0	0	0	0	0	0	0	0	0	0	0	0	0	0	0	0	0	0	0	0	0	0	0	0	0	0
7	0	0	0	18	0	0	0	0	0	0	0	0	0	0	0	0	0	0	34	0	0	0	0	0	0	0	0	0	0	0	0	0	0	0	0	0	0	0	0	0	0	0	0	0	0	0	0	0	0	0	0	0	0	0	0	0	0	0	0	0	0	0	0	0	0	0	0	0	0	0	0	0	0	0	0	0	0	0	0	0	0	0	0	0	0	0	0	0	0	0	0	0	0	0	0	0	0	0	0	0	0	0	0	0	0	0	0	0	0	0	0	0	0	0	0	0	0	0	0	0	0	0	0	0	0	0	0	0	0	0	0	0	0	0	0	0	0	0	0	0	0	0	0	0	0	0	0	0	0	0	0	0	0	0	0	0	0	0	0	0	0	0	0	0	0	0	0	0	0	0	0	0	0	0	0	0	0	0	0	0	0	0	0	0	0	0	0	0	0	0	0	0	0	0	0	0	0	0	0	0	0	0	0	0	0	0	0	0	0	0
6	0	0	0	11	0	0	0	0	0	0	0	0	0	0	0	0	0	0	16	0	0	0	0	0	0	0	0	0	0	0	0	0	0	0	0	0	0	0	0	0	0	0	0	0	0	0	0	0	0	0	0	0	0	0	0	0	0	0	0	0	0	0	0	0	0	0	0	0	0	0	0	0	0	0	0	0	0	0	0	0	0	0	0	0	0	0	0	0	0	0	0	0	0	0	0	0	0	0	0	0	0	0	0	0	0	0	0	0	0	0	0	0	0	0	0	0	0	0	0	0	0	0	0	0	0	0	0	0	0	0	0	0	0	0	0	0	0	0	0	0	0	0	0	0	0	0	0	0	0	0	0	0	0	0	0	0	0	0	0	0	0	0	0	0	0	0	0	0	0	0	0	0	0	0	0	0	0	0	0	0	0	0	0	0	0	0	0	0	0	0	0	0	0	0	0	0	0	0	0	0	0	0	0	0	0	0	0	0	0	0
5	0	0	0	5	0	0	0	0	0	0	0	0	0	0	0	0	0	0	5	0	0	0	0	0	0	0	0	0	0	0	0	0	0	0	0	0	0	0	0	0	0	0	0	0	0	0	0	0	0	0	0	0	0	0	0	0	0	0	0	0	0	0	0	0	0	0	0	0	0	0	0	0	0	0	0	0	0	0	0	0	0	0	0	0	0	0	0	0	0	0	0	0	0	0	0	0	0	0	0	0	0	0	0	0	0	0	0	0	0	0	0	0	0	0	0	0	0	0	0	0	0	0	0	0	0	0	0	0	0	0	0	0	0	0	0	0	0	0	0	0	0	0	0	0	0	0	0	0	0	0	0	0	0	0	0	0	0	0	0	0	0	0	0	0	0	0	0	0	0	0	0	0	0	0	0	0	0	0	0	0	0	0	0	0	0	0	0	0	0	0	0	0	0	0	0	0	0	0	0	0	0	0	0	0	0	0	0	0	0	0
