178	169	46	31	0	160	43	28	0	46	31	0	39	6	0	0	40	6	0	0	151	43	28	0	43	28	0	39	6	0	0	40	6	0	0	42	31	0	0	0	0	0	4	0	0	0	39	6	0	0	39	6	0	0	142	40	28	0	43	28	0	39	6	0	0	40	6	0	0	39	28	0	0	0	0	0	4	0	0	0	39	6	0	0	39	6	0	0	41	31	0	3	0	0	0	21	15	0	0	0	0	0	0	4	0	0	0	35	6	0	0	36	6	0	0	133	33	28	0	40	28	0	36	6	0	0	34	6	0	0	39	28	0	0	0	0	0	4	0	0	0	39	6	0	0	39	6	0	0	38	28	0	0	0	0	0	14	6	0	0	0	0	0	0	4	0	0	0	35	6	0	0	36	6	0	0	41	31	0	1	0	0	0	30	29	0	0	3	0	0	0	21	15	0	0	0	0	0	0	4	0	0	0	35	6	0	0	36	6	0	0
239	227	70	57	0	215	62	47	0	70	57	0	48	54	0	0	71	37	0	0	203	61	47	0	62	47	0	48	54	0	0	71	37	0	0	70	57	0	8	0	0	0	11	9	0	0	48	54	0	0	71	37	0	0	191	56	47	0	61	47	0	47	54	0	0	70	37	0	0	62	47	0	8	0	0	0	10	7	0	0	48	54	0	0	71	37	0	0	70	57	0	9	0	0	0	30	29	0	0	8	0	0	0	11	9	0	0	48	54	0	0	71	37	0	0	179	47	47	0	56	47	0	41	54	0	0	56	37	0	0	61	47	0	7	0	0	0	10	7	0	0	47	54	0	0	70	37	0	0	62	47	0	6	0	0	0	22	19	0	0	8	0	0	0	10	7	0	0	48	54	0	0	71	37	0	0	70	57	0	6	0	0	0	50	57	0	0	9	0	0	0	30	29	0	0	8	0	0	0	11	9	0	0	48	54	0	0	71	37	0	0
307	292	110	86	0	277	98	74	0	110	86	0	99	72	0	0	138	59	0	0	262	95	74	0	98	74	0	99	72	0	0	130	56	0	0	110	86	0	43	0	0	0	30	23	0	0	99	72	0	0	138	59	0	0	247	84	74	0	95	74	0	92	72	0	0	124	56	0	0	98	74	0	34	0	0	0	28	18	0	0	99	72	0	0	130	56	0	0	110	86	0	31	0	0	0	42	53	0	0	43	0	0	0	30	23	0	0	99	72	0	0	138	59	0	0	232	67	74	0	84	74	0	74	72	0	0	97	56	0	0	95	74	0	25	0	0	0	23	18	0	0	92	72	0	0	124	56	0	0	98	74	0	24	0	0	0	32	38	0	0	34	0	0	0	28	18	0	0	99	72	0	0	130	56	0	0	110	86	0	21	0	0	0	70	118	0	0	31	0	0	0	42	53	0	0	43	0	0	0	30	23	0	0	99	72	0	0	138	59	0	0
298	283	122	86	0	268	109	74	0	122	86	0	126	61	0	0	162	80	0	0	253	104	74	0	109	74	0	120	61	0	0	150	75	0	0	122	86	0	51	0	0	0	31	40	0	0	126	61	0	0	162	80	0	0	238	93	74	0	104	74	0	113	61	0	0	141	75	0	0	109	74	0	42	0	0	0	29	35	0	0	120	61	0	0	150	75	0	0	122	86	0	40	0	0	0	47	45	0	0	51	0	0	0	31	40	0	0	126	61	0	0	162	80	0	0	223	77	73	0	93	74	0	95	61	0	0	114	75	0	0	104	74	0	33	0	0	0	24	35	0	0	113	61	0	0	141	75	0	0	109	74	0	34	0	0	0	40	37	0	0	42	0	0	0	29	35	0	0	120	61	0	0	150	75	0	0	122	86	0	36	3	0	0	88	99	0	0	40	0	0	0	47	45	0	0	51	0	0	0	31	40	0	0	126	61	0	0	162	80	0	0
424	404	157	166	0	384	124	146	0	157	166	0	138	140	0	0	206	244	0	0	364	114	131	0	124	146	0	114	140	0	0	161	214	0	0	157	166	0	46	48	0	0	42	90	0	0	138	140	0	0	206	244	0	0	344	105	110	0	114	131	0	106	110	0	0	143	178	0	0	124	146	0	44	30	0	0	39	81	0	0	114	140	0	0	161	214	0	0	157	166	0	49	75	0	0	61	91	0	0	46	48	0	0	42	90	0	0	138	140	0	0	206	244	0	0	324	85	104	0	105	110	0	88	110	0	0	125	145	0	0	114	131	0	35	12	0	0	33	69	0	0	106	110	0	0	143	178	0	0	124	146	0	26	75	0	0	41	76	0	0	44	30	0	0	39	81	0	0	114	140	0	0	161	214	0	0	157	166	0	62	12	0	0	124	204	0	0	49	75	0	0	61	91	0	0	46	48	0	0	42	90	0	0	138	140	0	0	206	244	0	0
333	315	133	136	5	297	107	121	0	133	136	5	100	148	0	0	220	145	0	0	279	99	113	0	107	121	0	87	133	0	0	173	134	0	0	129	136	5	42	80	6	0	41	33	0	0	100	148	0	0	217	145	0	0	261	92	109	0	99	113	0	86	125	0	0	156	126	0	0	103	121	0	37	75	0	0	37	30	0	0	87	133	0	0	170	134	0	0	129	136	5	61	44	0	0	53	68	0	0	42	80	6	0	41	33	0	0	100	148	0	0	217	145	0	0	243	71	105	0	92	109	0	77	123	0	0	135	123	0	0	95	113	0	30	72	0	0	31	27	0	0	86	125	0	0	153	126	0	0	103	121	0	40	41	0	0	38	57	0	0	37	75	0	0	37	30	0	0	87	133	0	0	170	134	0	0	129	136	5	61	45	7	0	96	142	0	0	61	44	0	0	53	68	0	0	42	80	6	0	41	33	0	0	100	148	0	0	217	145	0	0
305	291	100	73	2	277	72	49	0	100	73	2	78	40	0	0	173	111	8	0	263	65	49	0	72	49	0	65	40	0	0	106	59	0	0	100	73	2	34	0	6	0	31	20	0	0	78	40	0	0	173	111	8	0	249	65	49	0	65	49	0	65	40	0	0	90	59	0	0	72	49	0	34	0	0	0	24	20	0	0	65	40	0	0	106	59	0	0	100	73	2	39	0	0	0	36	0	0	0	34	0	6	0	31	20	0	0	78	40	0	0	173	111	8	0	235	56	45	0	65	49	0	65	40	0	0	90	59	0	0	65	49	0	28	0	0	0	18	20	0	0	65	40	0	0	90	59	0	0	72	49	0	34	0	0	0	30	0	0	0	34	0	0	0	24	20	0	0	65	40	0	0	106	59	0	0	100	73	2	47	20	4	0	74	72	0	0	39	0	0	0	36	0	0	0	34	0	6	0	31	20	0	0	78	40	0	0	173	111	8	0
416	397	117	150	2	378	78	123	0	117	150	2	101	61	0	0	191	220	8	0	359	66	110	0	78	123	0	85	39	0	0	105	142	0	0	117	150	2	36	86	6	0	41	94	2	0	101	61	0	0	191	220	8	0	340	62	104	0	66	110	0	78	33	0	0	87	117	0	0	78	123	0	34	86	0	0	31	90	0	0	85	39	0	0	105	142	0	0	117	150	2	40	57	0	0	39	39	0	0	36	86	6	0	41	94	2	0	101	61	0	0	191	220	8	0	321	46	87	0	62	104	0	66	30	0	0	83	112	0	0	66	110	0	20	80	0	0	21	70	0	0	78	33	0	0	87	117	0	0	78	123	0	23	45	0	0	24	35	0	0	34	86	0	0	31	90	0	0	85	39	0	0	105	142	0	0	117	150	2	26	122	4	0	74	161	0	0	40	57	0	0	39	39	0	0	36	86	6	0	41	94	2	0	101	61	0	0	191	220	8	0
223	214	56	27	0	205	33	12	0	56	27	0	29	12	0	0	98	46	0	0	196	31	8	0	33	12	0	23	0	0	0	37	8	0	0	56	27	0	18	0	0	0	20	7	0	0	29	12	0	0	98	46	0	0	187	30	8	0	31	8	0	22	0	0	0	33	0	0	0	33	12	0	16	0	0	0	15	4	0	0	23	0	0	0	37	8	0	0	56	27	0	11	0	0	0	16	7	0	0	18	0	0	0	20	7	0	0	29	12	0	0	98	46	0	0	178	29	7	0	30	8	0	22	0	0	0	33	0	0	0	31	8	0	16	0	0	0	14	0	0	0	22	0	0	0	33	0	0	0	33	12	0	11	0	0	0	14	4	0	0	16	0	0	0	15	4	0	0	23	0	0	0	37	8	0	0	56	27	0	26	7	0	0	51	8	0	0	11	0	0	0	16	7	0	0	18	0	0	0	20	7	0	0	29	12	0	0	98	46	0	0
203	195	46	15	0	187	20	0	0	46	15	0	14	0	0	0	96	45	0	0	179	18	0	0	20	0	0	7	0	0	0	22	0	0	0	46	15	0	8	0	0	0	22	0	0	0	14	0	0	0	96	45	0	0	171	18	0	0	18	0	0	7	0	0	0	18	0	0	0	20	0	0	8	0	0	0	11	0	0	0	7	0	0	0	22	0	0	0	46	15	0	6	0	0	0	9	0	0	0	8	0	0	0	22	0	0	0	14	0	0	0	96	45	0	0	163	18	0	0	18	0	0	7	0	0	0	18	0	0	0	18	0	0	8	0	0	0	9	0	0	0	7	0	0	0	18	0	0	0	20	0	0	6	0	0	0	5	0	0	0	8	0	0	0	11	0	0	0	7	0	0	0	22	0	0	0	46	15	0	22	0	0	0	26	0	0	0	6	0	0	0	9	0	0	0	8	0	0	0	22	0	0	0	14	0	0	0	96	45	0	0
199	191	29	7	12	183	12	0	0	29	7	12	7	0	4	0	57	14	12	2	175	11	0	0	12	0	0	5	0	0	0	10	0	0	0	29	7	12	0	0	0	0	13	7	0	0	7	0	4	0	57	14	12	2	167	11	0	0	11	0	0	5	0	0	0	8	0	0	0	12	0	0	0	0	0	0	2	0	0	0	5	0	0	0	10	0	0	0	29	7	12	0	0	0	0	5	0	0	0	0	0	0	0	13	7	0	0	7	0	4	0	57	14	12	2	159	10	0	0	11	0	0	5	0	0	0	8	0	0	0	11	0	0	0	0	0	0	2	0	0	0	5	0	0	0	8	0	0	0	12	0	0	0	0	0	0	0	0	0	0	0	0	0	0	2	0	0	0	5	0	0	0	10	0	0	0	29	7	12	1	0	5	0	17	0	0	0	0	0	0	0	5	0	0	0	0	0	0	0	13	7	0	0	7	0	4	0	57	14	12	2
244	233	48	33	13	222	29	19	0	46	33	13	21	0	5	0	82	38	26	4	211	27	19	0	27	19	0	17	0	0	0	33	10	0	0	44	33	13	10	0	0	0	21	14	0	0	17	0	5	0	79	38	26	4	200	26	19	0	25	19	0	16	0	0	0	29	10	0	0	25	19	0	8	0	0	0	11	0	0	0	13	0	0	0	30	10	0	0	44	33	13	7	0	0	0	11	7	0	0	10	0	0	0	21	14	0	0	17	0	5	0	79	38	26	4	189	20	19	0	24	19	0	16	0	0	0	29	10	0	0	23	19	0	8	0	0	0	11	0	0	0	12	0	0	0	26	10	0	0	25	19	0	4	0	0	0	7	0	0	0	8	0	0	0	11	0	0	0	13	0	0	0	30	10	0	0	44	33	13	6	0	20	0	35	18	0	0	7	0	0	0	11	7	0	0	10	0	0	0	21	14	0	0	17	0	5	0	79	38	26	4
285	273	49	35	17	261	28	11	0	49	35	17	17	0	9	0	78	56	51	4	249	26	11	0	28	11	0	13	0	0	0	31	0	0	0	49	35	17	10	0	0	0	22	16	0	0	17	0	9	0	78	56	51	4	237	25	11	0	26	11	0	12	0	0	0	27	0	0	0	28	11	0	8	0	0	0	11	0	0	0	13	0	0	0	31	0	0	0	49	35	17	7	0	0	0	12	8	0	0	10	0	0	0	22	16	0	0	17	0	9	0	78	56	51	4	225	19	11	0	25	11	0	12	0	0	0	27	0	0	0	26	11	0	8	0	0	0	11	0	0	0	12	0	0	0	27	0	0	0	28	11	0	4	0	0	0	7	0	0	0	8	0	0	0	11	0	0	0	13	0	0	0	31	0	0	0	49	35	17	7	0	20	0	36	22	0	0	7	0	0	0	12	8	0	0	10	0	0	0	22	16	0	0	17	0	9	0	78	56	51	4
296	284	50	32	17	272	25	0	0	50	32	17	13	0	9	0	74	96	68	4	260	23	0	0	25	0	0	9	0	0	0	23	0	0	0	50	32	17	10	0	0	0	22	16	0	0	13	0	9	0	74	96	68	4	248	22	0	0	23	0	0	8	0	0	0	19	0	0	0	25	0	0	8	0	0	0	11	0	0	0	9	0	0	0	23	0	0	0	50	32	17	7	0	0	0	11	8	0	0	10	0	0	0	22	16	0	0	13	0	9	0	74	96	68	4	236	18	0	0	22	0	0	8	0	0	0	19	0	0	0	23	0	0	8	0	0	0	11	0	0	0	8	0	0	0	19	0	0	0	25	0	0	4	0	0	0	6	0	0	0	8	0	0	0	11	0	0	0	9	0	0	0	23	0	0	0	50	32	17	7	0	20	0	38	0	0	0	7	0	0	0	11	8	0	0	10	0	0	0	22	16	0	0	13	0	9	0	74	96	68	4
270	259	50	30	8	248	22	0	0	50	30	8	19	0	5	0	74	102	40	2	237	18	0	0	22	0	0	5	0	0	0	21	0	0	0	50	30	8	10	0	0	0	17	24	0	0	19	0	5	0	74	102	40	2	226	17	0	0	18	0	0	4	0	0	0	14	0	0	0	22	0	0	8	0	0	0	9	0	0	0	5	0	0	0	21	0	0	0	50	30	8	7	0	0	0	10	6	0	0	10	0	0	0	17	24	0	0	19	0	5	0	74	102	40	2	215	14	0	0	17	0	0	4	0	0	0	14	0	0	0	18	0	0	8	0	0	0	9	0	0	0	4	0	0	0	14	0	0	0	22	0	0	4	0	0	0	6	0	0	0	8	0	0	0	9	0	0	0	5	0	0	0	21	0	0	0	50	30	8	6	0	15	0	34	0	0	0	7	0	0	0	10	6	0	0	10	0	0	0	17	24	0	0	19	0	5	0	74	102	40	2
335	320	58	59	41	305	35	36	5	58	59	41	31	33	0	0	64	87	82	67	290	30	26	2	35	36	5	19	13	0	0	38	33	10	0	58	59	41	2	0	10	6	9	0	41	0	31	33	0	0	64	87	82	67	275	24	26	0	30	26	2	8	13	0	0	30	13	4	0	35	36	5	0	0	10	0	7	0	5	0	19	13	0	0	38	33	10	0	58	59	41	7	0	25	0	19	0	0	0	2	0	10	6	9	0	41	0	31	33	0	0	64	87	82	67	260	19	26	0	24	26	0	8	13	0	0	25	13	0	0	30	26	2	0	0	4	0	7	0	2	0	8	13	0	0	30	13	4	0	35	36	5	1	0	25	0	13	0	0	0	0	0	10	0	7	0	5	0	19	13	0	0	38	33	10	0	58	59	41	7	0	0	0	51	64	0	0	7	0	25	0	19	0	0	0	2	0	10	6	9	0	41	0	31	33	0	0	64	87	82	67
371	355	64	64	50	339	46	39	14	64	64	50	48	35	0	32	77	37	100	55	323	39	26	2	46	39	14	36	11	0	0	50	22	28	0	64	64	50	16	22	10	6	22	28	50	2	48	35	0	32	77	37	100	55	307	28	14	0	39	26	2	20	0	0	0	37	0	4	0	46	39	14	16	0	10	0	20	26	14	0	36	11	0	0	50	22	28	0	64	64	50	9	14	52	0	17	42	50	0	16	22	10	6	22	28	50	2	48	35	0	32	77	37	100	55	291	20	13	0	28	14	0	8	0	0	0	23	0	0	0	39	26	2	8	0	4	0	15	22	2	0	20	0	0	0	37	0	4	0	46	39	14	3	13	40	0	11	39	14	0	16	0	10	0	20	26	14	0	36	11	0	0	50	22	28	0	64	64	50	7	13	7	0	56	95	0	0	9	14	52	0	17	42	50	0	16	22	10	6	22	28	50	2	48	35	0	32	77	37	100	55
317	303	55	65	11	289	30	25	5	55	65	11	20	60	0	0	56	100	55	8	275	26	13	2	30	25	5	16	0	0	0	30	31	25	0	55	65	11	2	0	10	6	9	0	22	0	20	60	0	0	56	100	55	8	261	20	13	0	26	13	2	5	0	0	0	23	13	10	0	30	25	5	0	0	10	0	7	0	10	0	16	0	0	0	30	31	25	0	55	65	11	8	0	25	0	21	0	0	0	2	0	10	6	9	0	22	0	20	60	0	0	56	100	55	8	247	16	13	0	20	13	0	5	0	0	0	18	13	0	0	26	13	2	0	0	4	0	7	0	4	0	5	0	0	0	23	13	10	0	30	25	5	1	0	25	0	12	0	0	0	0	0	10	0	7	0	10	0	16	0	0	0	30	31	25	0	55	65	11	8	0	0	0	57	44	0	0	8	0	25	0	21	0	0	0	2	0	10	6	9	0	22	0	20	60	0	0	56	100	55	8
255	244	28	31	22	233	12	10	0	28	31	22	16	0	0	0	37	14	66	42	222	8	10	0	12	10	0	2	0	0	0	9	0	0	0	28	31	22	2	0	0	0	2	0	0	0	16	0	0	0	37	14	66	42	211	7	10	0	8	10	0	1	0	0	0	2	0	0	0	12	10	0	0	0	0	0	2	0	0	0	2	0	0	0	9	0	0	0	28	31	22	1	0	0	0	3	0	0	0	2	0	0	0	2	0	0	0	16	0	0	0	37	14	66	42	200	7	10	0	7	10	0	1	0	0	0	2	0	0	0	8	10	0	0	0	0	0	2	0	0	0	1	0	0	0	2	0	0	0	12	10	0	1	0	0	0	3	0	0	0	0	0	0	0	2	0	0	0	2	0	0	0	9	0	0	0	28	31	22	3	0	0	0	24	0	0	0	1	0	0	0	3	0	0	0	2	0	0	0	2	0	0	0	16	0	0	0	37	14	66	42
259	248	33	30	14	237	12	0	0	33	30	14	16	0	0	0	35	54	70	25	226	8	0	0	12	0	0	2	0	0	0	9	0	0	0	33	30	14	2	0	0	0	2	0	0	0	16	0	0	0	35	54	70	25	215	7	0	0	8	0	0	1	0	0	0	2	0	0	0	12	0	0	0	0	0	0	2	0	0	0	2	0	0	0	9	0	0	0	33	30	14	1	0	0	0	3	0	0	0	2	0	0	0	2	0	0	0	16	0	0	0	35	54	70	25	204	7	0	0	7	0	0	1	0	0	0	2	0	0	0	8	0	0	0	0	0	0	2	0	0	0	1	0	0	0	2	0	0	0	12	0	0	1	0	0	0	3	0	0	0	0	0	0	0	2	0	0	0	2	0	0	0	9	0	0	0	33	30	14	3	0	0	0	33	0	0	0	1	0	0	0	3	0	0	0	2	0	0	0	2	0	0	0	16	0	0	0	35	54	70	25
265	253	23	29	40	241	9	20	0	23	29	40	2	0	33	0	17	18	40	138	229	8	20	0	9	20	0	1	0	0	0	3	0	0	24	23	29	40	0	0	11	0	4	0	0	0	2	0	33	0	17	18	40	138	217	8	20	0	8	20	0	1	0	0	0	3	0	0	6	9	20	0	0	0	0	0	2	0	0	0	1	0	0	0	3	0	0	24	23	29	40	7	0	0	0	9	0	0	0	0	0	11	0	4	0	0	0	2	0	33	0	17	18	40	138	205	5	18	0	8	20	0	1	0	0	0	3	0	0	0	8	20	0	0	0	0	0	0	0	0	0	1	0	0	0	3	0	0	6	9	20	0	1	0	0	0	3	0	0	0	0	0	0	0	2	0	0	0	1	0	0	0	3	0	0	24	23	29	40	1	18	0	0	35	27	0	0	7	0	0	0	9	0	0	0	0	0	11	0	4	0	0	0	2	0	33	0	17	18	40	138
249	238	23	28	22	227	12	0	0	23	28	22	1	0	22	0	18	21	88	66	216	12	0	0	12	0	0	1	0	0	0	7	0	0	10	23	28	22	0	0	0	0	2	0	0	0	1	0	22	0	18	21	88	66	205	12	0	0	12	0	0	1	0	0	0	7	0	0	4	12	0	0	0	0	0	0	0	0	0	0	1	0	0	0	7	0	0	10	23	28	22	7	0	0	0	9	0	0	0	0	0	0	0	2	0	0	0	1	0	22	0	18	21	88	66	194	6	0	0	12	0	0	1	0	0	0	7	0	0	0	12	0	0	0	0	0	0	0	0	0	0	1	0	0	0	7	0	0	4	12	0	0	0	0	0	0	0	0	0	0	0	0	0	0	0	0	0	0	1	0	0	0	7	0	0	10	23	28	22	3	0	0	0	26	42	0	0	7	0	0	0	9	0	0	0	0	0	0	0	2	0	0	0	1	0	22	0	18	21	88	66
184	176	18	0	30	168	6	0	0	18	0	30	1	0	23	0	15	0	0	97	160	5	0	0	6	0	0	0	0	0	0	1	0	0	19	18	0	30	0	0	11	0	2	0	0	0	1	0	23	0	15	0	0	97	152	5	0	0	5	0	0	0	0	0	0	1	0	0	4	6	0	0	0	0	0	0	2	0	0	0	0	0	0	0	1	0	0	19	18	0	30	1	0	0	0	3	0	0	0	0	0	11	0	2	0	0	0	1	0	23	0	15	0	0	97	144	5	0	0	5	0	0	0	0	0	0	1	0	0	0	5	0	0	0	0	0	0	0	0	0	0	0	0	0	0	1	0	0	4	6	0	0	1	0	0	0	3	0	0	0	0	0	0	0	2	0	0	0	0	0	0	0	1	0	0	19	18	0	30	3	0	0	0	28	0	0	0	1	0	0	0	3	0	0	0	0	0	11	0	2	0	0	0	1	0	23	0	15	0	0	97
183	175	19	7	19	167	7	0	0	19	7	19	0	0	12	0	12	14	19	47	159	7	0	0	7	0	0	0	0	0	0	2	0	0	5	19	7	19	0	0	0	0	2	0	0	0	0	0	12	0	12	14	19	47	151	7	0	0	7	0	0	0	0	0	0	2	0	0	2	7	0	0	0	0	0	0	0	0	0	0	0	0	0	0	2	0	0	5	19	7	19	6	0	0	0	6	0	0	0	0	0	0	0	2	0	0	0	0	0	12	0	12	14	19	47	143	4	0	0	7	0	0	0	0	0	0	2	0	0	0	7	0	0	0	0	0	0	0	0	0	0	0	0	0	0	2	0	0	2	7	0	0	0	0	0	0	0	0	0	0	0	0	0	0	0	0	0	0	0	0	0	0	2	0	0	5	19	7	19	2	0	0	0	23	21	0	0	6	0	0	0	6	0	0	0	0	0	0	0	2	0	0	0	0	0	12	0	12	14	19	47
204	195	18	18	12	186	8	0	0	18	18	12	0	0	12	0	14	12	36	25	177	8	0	0	8	0	0	0	0	0	0	4	0	0	5	18	18	12	0	0	0	0	2	0	0	0	0	0	12	0	14	12	36	25	168	8	0	0	8	0	0	0	0	0	0	4	0	0	2	8	0	0	0	0	0	0	0	0	0	0	0	0	0	0	4	0	0	5	18	18	12	6	0	0	0	6	0	0	0	0	0	0	0	2	0	0	0	0	0	12	0	14	12	36	25	159	3	0	0	8	0	0	0	0	0	0	4	0	0	0	8	0	0	0	0	0	0	0	0	0	0	0	0	0	0	4	0	0	2	8	0	0	0	0	0	0	0	0	0	0	0	0	0	0	0	0	0	0	0	0	0	0	4	0	0	5	18	18	12	2	0	0	0	21	30	0	0	6	0	0	0	6	0	0	0	0	0	0	0	2	0	0	0	0	0	12	0	14	12	36	25
172	164	17	7	15	156	10	7	2	17	7	15	0	0	2	0	5	7	0	34	148	10	7	2	10	7	2	0	0	2	0	5	7	0	0	17	7	15	0	0	0	0	2	0	0	0	0	0	2	0	5	7	0	34	140	10	7	2	10	7	2	0	0	2	0	5	7	0	0	10	7	2	0	0	0	0	0	0	0	0	0	0	2	0	5	7	0	0	17	7	15	9	0	0	0	16	0	0	0	0	0	0	0	2	0	0	0	0	0	2	0	5	7	0	34	132	4	0	2	10	7	2	0	0	2	0	5	7	0	0	10	7	2	0	0	0	0	0	0	0	0	0	0	2	0	5	7	0	0	10	7	2	0	0	0	0	0	0	0	0	0	0	0	0	0	0	0	0	0	0	2	0	5	7	0	0	17	7	15	1	0	0	0	13	0	15	0	9	0	0	0	16	0	0	0	0	0	0	0	2	0	0	0	0	0	2	0	5	7	0	34
273	260	51	33	35	247	33	23	23	51	33	35	17	0	64	30	39	23	35	22	234	33	23	14	33	23	23	17	0	64	0	33	23	23	0	51	33	35	0	0	0	15	11	0	0	11	17	0	64	30	39	23	35	22	221	30	22	14	33	23	14	17	0	49	0	33	23	14	0	33	23	23	0	0	0	15	5	0	0	5	17	0	64	0	33	23	23	0	51	33	35	8	10	0	0	35	30	0	0	0	0	0	15	11	0	0	11	17	0	64	30	39	23	35	22	208	23	11	11	30	22	14	14	0	49	0	27	22	14	0	33	23	14	0	0	0	6	5	0	0	2	17	0	49	0	33	23	14	0	33	23	23	0	0	0	0	4	0	0	0	0	0	0	15	5	0	0	5	17	0	64	0	33	23	23	0	51	33	35	4	11	0	6	52	10	35	0	8	10	0	0	35	30	0	0	0	0	0	15	11	0	0	11	17	0	64	30	39	23	35	22
214	204	48	23	13	194	33	9	13	48	23	13	20	0	40	0	35	9	26	0	184	33	9	13	33	9	13	20	0	40	0	33	9	26	0	48	23	13	2	0	0	0	12	0	0	0	20	0	40	0	35	9	26	0	174	29	7	13	33	9	13	20	0	40	0	33	9	26	0	33	9	13	2	0	0	0	6	0	0	0	20	0	40	0	33	9	26	0	48	23	13	8	14	0	0	33	28	0	0	2	0	0	0	12	0	0	0	20	0	40	0	35	9	26	0	164	21	0	12	29	7	13	15	0	40	0	24	7	26	0	33	9	13	2	0	0	0	6	0	0	0	20	0	40	0	33	9	26	0	33	9	13	1	0	0	0	3	0	0	0	2	0	0	0	6	0	0	0	20	0	40	0	33	9	26	0	48	23	13	1	0	0	3	47	21	13	0	8	14	0	0	33	28	0	0	2	0	0	0	12	0	0	0	20	0	40	0	35	9	26	0
360	343	39	66	73	326	29	42	35	39	66	73	26	0	53	72	40	14	146	93	309	27	42	5	29	42	35	26	0	51	0	35	14	70	0	39	66	73	8	0	0	15	15	24	0	102	26	0	53	72	40	14	146	93	292	21	36	5	27	42	5	20	0	25	0	30	14	10	0	29	42	35	8	0	0	15	11	0	0	24	26	0	51	0	35	14	70	0	39	66	73	4	72	0	0	18	72	0	0	8	0	0	15	15	24	0	102	26	0	53	72	40	14	146	93	275	9	0	2	21	36	5	5	0	25	0	20	12	10	0	27	42	5	0	0	0	6	6	0	0	6	20	0	25	0	30	14	10	0	29	42	35	0	0	0	0	1	0	0	0	8	0	0	15	11	0	0	24	26	0	51	0	35	14	70	0	39	66	73	1	0	31	6	26	60	219	0	4	72	0	0	18	72	0	0	8	0	0	15	15	24	0	102	26	0	53	72	40	14	146	93
128	122	10	5	13	116	6	5	0	10	5	13	0	0	0	0	4	5	0	34	110	6	5	0	6	5	0	0	0	0	0	4	5	0	0	10	5	13	0	0	0	0	2	0	0	0	0	0	0	0	4	5	0	34	104	6	5	0	6	5	0	0	0	0	0	4	5	0	0	6	5	0	0	0	0	0	0	0	0	0	0	0	0	0	4	5	0	0	10	5	13	7	0	0	0	9	0	0	0	0	0	0	0	2	0	0	0	0	0	0	0	4	5	0	34	98	1	0	0	6	5	0	0	0	0	0	4	5	0	0	6	5	0	0	0	0	0	0	0	0	0	0	0	0	0	4	5	0	0	6	5	0	0	0	0	0	0	0	0	0	0	0	0	0	0	0	0	0	0	0	0	0	4	5	0	0	10	5	13	1	0	0	0	6	0	13	0	7	0	0	0	9	0	0	0	0	0	0	0	2	0	0	0	0	0	0	0	4	5	0	34
281	267	49	43	60	253	43	40	21	49	43	60	39	30	0	40	51	60	0	121	239	41	40	21	43	40	21	39	30	0	40	49	60	0	71	49	43	60	10	0	0	0	18	0	0	0	39	30	0	40	51	60	0	121	225	32	10	18	41	40	21	33	30	0	34	44	60	0	32	43	40	21	10	0	0	0	17	0	0	0	39	30	0	40	49	60	0	71	49	43	60	1	0	53	15	4	0	180	0	10	0	0	0	18	0	0	0	39	30	0	40	51	60	0	121	211	26	0	18	32	10	18	19	0	0	34	34	0	0	32	41	40	21	2	0	0	0	12	0	0	0	33	30	0	34	44	60	0	32	43	40	21	1	0	0	15	4	0	63	0	10	0	0	0	17	0	0	0	39	30	0	40	49	60	0	71	49	43	60	1	0	0	0	17	0	60	0	1	0	53	15	4	0	180	0	10	0	0	0	18	0	0	0	39	30	0	40	51	60	0	121
256	243	69	41	38	230	59	39	24	69	41	38	77	18	5	34	78	83	0	13	217	56	37	24	59	39	24	75	18	5	34	74	81	0	13	69	41	38	28	20	0	0	24	10	0	0	77	18	5	34	78	83	0	13	204	49	27	21	56	37	24	69	18	5	28	69	75	0	13	59	39	24	28	18	0	0	22	9	0	0	75	18	5	34	74	81	0	13	69	41	38	11	9	7	15	16	0	38	0	28	20	0	0	24	10	0	0	77	18	5	34	78	83	0	13	191	40	9	21	49	27	21	54	0	5	28	58	45	0	13	56	37	24	20	18	0	0	17	9	0	0	69	18	5	28	69	75	0	13	59	39	24	7	9	0	15	11	0	24	0	28	18	0	0	22	9	0	0	75	18	5	34	74	81	0	13	69	41	38	13	0	0	0	40	0	76	0	11	9	7	15	16	0	38	0	28	20	0	0	24	10	0	0	77	18	5	34	78	83	0	13
370	351	78	116	57	332	58	98	39	78	116	57	69	204	0	41	90	188	0	73	313	48	70	37	58	98	39	48	180	0	39	66	162	0	35	78	116	57	16	80	20	22	20	95	114	0	69	204	0	41	90	188	0	73	294	39	40	22	48	70	37	46	120	0	22	59	100	0	5	58	98	39	16	80	20	0	19	86	78	0	48	180	0	39	66	162	0	35	78	116	57	20	0	60	24	18	0	171	50	16	80	20	22	20	95	114	0	69	204	0	41	90	188	0	73	275	28	0	18	39	40	22	40	0	0	22	49	60	0	5	48	70	37	14	0	20	0	14	30	74	0	46	120	0	22	59	100	0	5	58	98	39	4	0	23	20	8	0	117	14	16	80	20	0	19	86	78	0	48	180	0	39	66	162	0	35	78	116	57	16	0	10	20	43	0	228	0	20	0	60	24	18	0	171	50	16	80	20	22	20	95	114	0	69	204	0	41	90	188	0	73
382	361	98	162	45	340	76	132	40	98	162	45	79	246	5	28	137	235	45	0	319	69	120	40	76	132	40	69	210	5	28	116	200	40	0	98	162	45	28	120	20	0	36	30	0	0	79	246	5	28	137	235	45	0	298	59	113	36	69	120	40	61	210	5	22	104	180	40	0	76	132	40	23	120	20	0	33	30	0	0	69	210	5	28	116	200	40	0	98	162	45	28	87	10	24	35	72	0	0	28	120	20	0	36	30	0	0	79	246	5	28	137	235	45	0	277	41	71	28	59	113	36	40	198	5	22	84	171	36	0	69	120	40	13	120	20	0	23	30	0	0	61	210	5	22	104	180	40	0	76	132	40	9	42	10	20	16	48	0	0	23	120	20	0	33	30	0	0	69	210	5	28	116	200	40	0	98	162	45	23	69	10	40	66	105	180	0	28	87	10	24	35	72	0	0	28	120	20	0	36	30	0	0	79	246	5	28	137	235	45	0
268	254	74	71	25	240	62	45	23	74	71	25	77	54	5	16	107	88	100	0	226	55	45	23	62	45	23	67	54	5	16	92	72	92	0	74	71	25	36	0	20	0	35	27	0	0	77	54	5	16	107	88	100	0	212	43	33	19	55	45	23	59	54	5	10	80	72	92	0	62	45	23	30	0	20	0	29	27	0	0	67	54	5	16	92	72	92	0	74	71	25	19	60	10	24	23	40	0	0	36	0	20	0	35	27	0	0	77	54	5	16	107	88	100	0	198	25	10	15	43	33	19	38	30	5	10	62	48	76	0	55	45	23	20	0	20	0	19	27	0	0	59	54	5	10	80	72	92	0	62	45	23	9	0	10	20	15	0	0	0	30	0	20	0	29	27	0	0	67	54	5	16	92	72	92	0	74	71	25	16	40	10	20	48	80	75	0	19	60	10	24	23	40	0	0	36	0	20	0	35	27	0	0	77	54	5	16	107	88	100	0
211	199	57	49	22	187	45	44	5	57	49	22	55	34	0	15	88	73	0	70	175	42	44	5	45	44	5	45	34	0	15	70	68	0	63	57	49	22	27	0	0	0	20	18	0	0	55	34	0	15	88	73	0	70	163	28	30	5	42	44	5	45	34	0	15	68	68	0	63	45	44	5	20	0	0	0	13	18	0	0	45	34	0	15	70	68	0	63	57	49	22	14	16	51	0	19	11	44	0	27	0	0	0	20	18	0	0	55	34	0	15	88	73	0	70	151	14	14	5	28	30	5	23	8	0	15	47	30	0	55	42	44	5	20	0	0	0	13	18	0	0	45	34	0	15	68	68	0	63	45	44	5	7	12	0	0	13	10	10	0	20	0	0	0	13	18	0	0	45	34	0	15	70	68	0	63	57	49	22	8	28	45	0	40	50	44	0	14	16	51	0	19	11	44	0	27	0	0	0	20	18	0	0	55	34	0	15	88	73	0	70
116	110	24	5	13	104	21	5	8	24	5	13	15	0	0	0	38	5	0	25	98	21	5	8	21	5	8	15	0	0	0	36	5	0	23	24	5	13	6	0	0	0	16	0	0	0	15	0	0	0	38	5	0	25	92	10	5	8	21	5	8	15	0	0	0	36	5	0	23	21	5	8	0	0	0	0	10	0	0	0	15	0	0	0	36	5	0	23	24	5	13	6	0	15	0	5	0	0	0	6	0	0	0	16	0	0	0	15	0	0	0	38	5	0	25	86	2	0	7	10	5	8	1	0	0	0	16	5	0	19	21	5	8	0	0	0	0	10	0	0	0	15	0	0	0	36	5	0	23	21	5	8	2	0	0	0	3	0	0	0	0	0	0	0	10	0	0	0	15	0	0	0	36	5	0	23	24	5	13	4	0	10	7	14	15	13	0	6	0	15	0	5	0	0	0	6	0	0	0	16	0	0	0	15	0	0	0	38	5	0	25
153	145	29	17	5	137	24	12	0	29	17	5	17	0	0	0	30	12	5	25	129	20	10	0	24	12	0	15	0	0	0	28	12	0	23	29	17	5	10	10	0	0	19	21	0	0	17	0	0	0	30	12	5	25	121	8	0	0	20	10	0	15	0	0	0	28	10	0	23	24	12	0	0	0	0	0	10	6	0	0	15	0	0	0	28	12	0	23	29	17	5	3	0	15	0	1	0	10	0	10	10	0	0	19	21	0	0	17	0	0	0	30	12	5	25	113	2	0	0	8	0	0	1	0	0	0	8	0	0	19	20	10	0	0	0	0	0	10	5	0	0	15	0	0	0	28	10	0	23	24	12	0	2	0	0	0	1	0	0	0	0	0	0	0	10	6	0	0	15	0	0	0	28	12	0	23	29	17	5	4	0	10	0	21	0	0	0	3	0	15	0	1	0	10	0	10	10	0	0	19	21	0	0	17	0	0	0	30	12	5	25
203	192	35	39	5	181	25	30	0	35	39	5	21	24	0	0	44	46	5	25	170	19	26	0	25	30	0	11	24	0	0	31	42	0	23	35	39	5	8	20	0	0	17	33	0	0	21	24	0	0	44	46	5	25	159	9	5	0	19	26	0	11	20	0	0	29	36	0	23	25	30	0	0	0	0	0	8	18	0	0	11	24	0	0	31	42	0	23	35	39	5	4	5	15	0	7	0	20	0	8	20	0	0	17	33	0	0	21	24	0	0	44	46	5	25	148	2	0	0	9	5	0	1	0	0	0	13	5	0	19	19	26	0	0	0	0	0	8	15	0	0	11	20	0	0	29	36	0	23	25	30	0	2	0	0	0	5	0	0	0	0	0	0	0	8	18	0	0	11	24	0	0	31	42	0	23	35	39	5	4	0	10	0	28	20	5	0	4	5	15	0	7	0	20	0	8	20	0	0	17	33	0	0	21	24	0	0	44	46	5	25
129	122	18	16	0	115	14	12	0	18	16	0	6	0	0	0	11	8	0	0	108	7	6	0	14	12	0	4	0	0	0	9	8	0	0	18	16	0	6	12	0	0	10	16	0	0	6	0	0	0	11	8	0	0	101	1	0	0	7	6	0	4	0	0	0	9	4	0	0	14	12	0	0	0	0	0	4	4	0	0	4	0	0	0	9	8	0	0	18	16	0	1	0	0	0	0	0	0	0	6	12	0	0	10	16	0	0	6	0	0	0	11	8	0	0	94	0	0	0	1	0	0	0	0	0	0	1	0	0	0	7	6	0	0	0	0	0	4	2	0	0	4	0	0	0	9	4	0	0	14	12	0	0	0	0	0	0	0	0	0	0	0	0	0	4	4	0	0	4	0	0	0	9	8	0	0	18	16	0	0	0	0	0	7	0	0	0	1	0	0	0	0	0	0	0	6	12	0	0	10	16	0	0	6	0	0	0	11	8	0	0
183	173	31	27	23	163	15	18	23	31	27	23	21	18	43	0	25	18	23	0	153	2	0	10	15	18	23	0	0	43	0	7	0	23	0	31	27	23	0	0	53	30	4	0	69	57	21	18	43	0	25	18	23	0	143	2	0	10	2	0	10	0	0	10	0	1	0	10	0	15	18	23	0	0	53	30	3	0	69	39	0	0	43	0	7	0	23	0	31	27	23	0	0	0	0	0	0	0	0	0	0	53	30	4	0	69	57	21	18	43	0	25	18	23	0	133	2	0	10	2	0	10	0	0	10	0	1	0	10	0	2	0	10	0	0	10	30	0	0	30	37	0	0	10	0	1	0	10	0	15	18	23	0	0	0	0	0	0	0	0	0	0	53	30	3	0	69	39	0	0	43	0	7	0	23	0	31	27	23	2	0	0	0	3	0	0	0	0	0	0	0	0	0	0	0	0	0	53	30	4	0	69	57	21	18	43	0	25	18	23	0
201	190	29	38	23	179	13	10	23	29	38	23	16	40	43	0	22	30	92	0	168	2	0	10	13	10	23	0	0	43	0	7	0	92	0	29	38	23	0	0	53	30	4	0	46	57	16	40	43	0	22	30	92	0	157	2	0	10	2	0	10	0	0	10	0	1	0	40	0	13	10	23	0	0	53	30	3	0	46	39	0	0	43	0	7	0	92	0	29	38	23	0	0	0	0	0	0	0	0	0	0	53	30	4	0	46	57	16	40	43	0	22	30	92	0	146	2	0	10	2	0	10	0	0	10	0	1	0	40	0	2	0	10	0	0	10	30	0	0	20	37	0	0	10	0	1	0	40	0	13	10	23	0	0	0	0	0	0	0	0	0	0	53	30	3	0	46	39	0	0	43	0	7	0	92	0	29	38	23	2	0	0	0	3	0	0	0	0	0	0	0	0	0	0	0	0	0	53	30	4	0	46	57	16	40	43	0	22	30	92	0
146	138	17	15	12	130	16	15	0	17	15	12	7	0	0	0	14	0	0	10	122	1	0	0	16	15	0	4	0	0	0	11	0	0	0	17	15	12	0	0	36	0	5	0	36	0	7	0	0	0	14	0	0	10	114	0	0	0	1	0	0	0	0	0	0	1	0	0	0	16	15	0	0	0	0	0	5	0	0	0	4	0	0	0	11	0	0	0	17	15	12	0	0	5	0	0	0	0	0	0	0	36	0	5	0	36	0	7	0	0	0	14	0	0	10	106	0	0	0	0	0	0	0	0	0	0	0	0	0	0	1	0	0	0	0	0	0	0	0	0	0	0	0	0	0	1	0	0	0	16	15	0	0	0	0	0	0	0	0	0	0	0	0	0	5	0	0	0	4	0	0	0	11	0	0	0	17	15	12	0	0	0	0	2	0	0	0	0	0	5	0	0	0	0	0	0	0	36	0	5	0	36	0	7	0	0	0	14	0	0	10
127	120	16	12	2	113	11	12	0	16	12	2	11	0	0	0	11	0	0	0	106	0	0	0	11	12	0	0	0	0	0	2	0	0	0	16	12	2	0	0	6	0	1	0	6	0	11	0	0	0	11	0	0	0	99	0	0	0	0	0	0	0	0	0	0	0	0	0	0	11	12	0	0	0	0	0	1	0	0	0	0	0	0	0	2	0	0	0	16	12	2	0	0	0	0	0	0	0	0	0	0	6	0	1	0	6	0	11	0	0	0	11	0	0	0	92	0	0	0	0	0	0	0	0	0	0	0	0	0	0	0	0	0	0	0	0	0	0	0	0	0	0	0	0	0	0	0	0	0	11	12	0	0	0	0	0	0	0	0	0	0	0	0	0	1	0	0	0	0	0	0	0	2	0	0	0	16	12	2	0	0	0	0	0	0	0	0	0	0	0	0	0	0	0	0	0	0	6	0	1	0	6	0	11	0	0	0	11	0	0	0
128	121	16	10	0	114	5	0	0	16	10	0	11	0	0	0	11	12	0	0	107	0	0	0	5	0	0	0	0	0	0	0	0	0	0	16	10	0	0	0	0	0	1	0	0	0	11	0	0	0	11	12	0	0	100	0	0	0	0	0	0	0	0	0	0	0	0	0	0	5	0	0	0	0	0	0	0	0	0	0	0	0	0	0	0	0	0	0	16	10	0	0	0	0	0	0	0	0	0	0	0	0	0	1	0	0	0	11	0	0	0	11	12	0	0	93	0	0	0	0	0	0	0	0	0	0	0	0	0	0	0	0	0	0	0	0	0	0	0	0	0	0	0	0	0	0	0	0	0	5	0	0	0	0	0	0	0	0	0	0	0	0	0	0	0	0	0	0	0	0	0	0	0	0	0	0	16	10	0	0	0	0	0	0	0	0	0	0	0	0	0	0	0	0	0	0	0	0	0	1	0	0	0	11	0	0	0	11	12	0	0
180	170	10	0	83	160	2	0	72	10	0	83	0	0	73	46	7	0	0	23	150	2	0	72	2	0	72	0	0	53	46	1	0	0	23	10	0	83	0	0	0	0	3	0	0	0	0	0	73	46	7	0	0	23	140	2	0	56	2	0	72	0	0	53	20	1	0	0	10	2	0	72	0	0	0	0	0	0	0	0	0	0	53	46	1	0	0	23	10	0	83	0	0	0	68	0	0	0	57	0	0	0	0	3	0	0	0	0	0	73	46	7	0	0	23	130	2	0	42	2	0	56	0	0	10	20	1	0	0	10	2	0	72	0	0	0	0	0	0	0	0	0	0	53	20	1	0	0	10	2	0	72	0	0	0	43	0	0	0	39	0	0	0	0	0	0	0	0	0	0	53	46	1	0	0	23	10	0	83	2	0	0	22	3	0	0	73	0	0	0	68	0	0	0	57	0	0	0	0	3	0	0	0	0	0	73	46	7	0	0	23
108	102	3	0	26	96	0	0	24	3	0	26	0	0	0	0	0	0	0	0	90	0	0	24	0	0	24	0	0	0	0	0	0	0	0	3	0	26	0	0	0	0	0	0	0	0	0	0	0	0	0	0	0	0	84	0	0	22	0	0	24	0	0	0	0	0	0	0	0	0	0	24	0	0	0	0	0	0	0	0	0	0	0	0	0	0	0	0	3	0	26	0	0	0	24	0	0	0	0	0	0	0	0	0	0	0	0	0	0	0	0	0	0	0	0	78	0	0	9	0	0	22	0	0	0	0	0	0	0	0	0	0	24	0	0	0	0	0	0	0	0	0	0	0	0	0	0	0	0	0	0	24	0	0	0	0	0	0	0	0	0	0	0	0	0	0	0	0	0	0	0	0	0	0	0	0	3	0	26	0	0	0	9	0	0	0	73	0	0	0	24	0	0	0	0	0	0	0	0	0	0	0	0	0	0	0	0	0	0	0	0
251	237	13	13	75	223	1	0	66	13	13	75	0	0	68	20	9	0	75	23	209	1	0	66	1	0	66	0	0	50	20	1	0	66	23	13	13	75	0	0	0	0	4	0	0	0	0	0	68	20	9	0	75	23	195	1	0	41	1	0	66	0	0	50	0	1	0	66	10	1	0	66	0	0	0	0	0	0	0	0	0	0	50	20	1	0	66	23	13	13	75	0	0	0	48	0	0	0	117	0	0	0	0	4	0	0	0	0	0	68	20	9	0	75	23	181	0	0	0	1	0	41	0	0	0	0	1	0	41	10	1	0	66	0	0	0	0	0	0	0	0	0	0	50	0	1	0	66	10	1	0	66	0	0	0	0	0	0	0	60	0	0	0	0	0	0	0	0	0	0	50	20	1	0	66	23	13	13	75	0	0	11	0	0	0	0	149	0	0	0	48	0	0	0	117	0	0	0	0	4	0	0	0	0	0	68	20	9	0	75	23
142	134	7	12	17	126	0	0	10	7	12	17	0	0	20	0	2	0	34	23	118	0	0	10	0	0	10	0	0	10	0	0	0	20	23	7	12	17	0	0	0	0	1	0	0	0	0	0	20	0	2	0	34	23	110	0	0	0	0	0	10	0	0	10	0	0	0	20	10	0	0	10	0	0	0	0	0	0	0	0	0	0	10	0	0	0	20	23	7	12	17	0	0	0	0	0	0	0	60	0	0	0	0	1	0	0	0	0	0	20	0	2	0	34	23	102	0	0	0	0	0	0	0	0	0	0	0	0	0	10	0	0	10	0	0	0	0	0	0	0	0	0	0	10	0	0	0	20	10	0	0	10	0	0	0	0	0	0	0	21	0	0	0	0	0	0	0	0	0	0	10	0	0	0	20	23	7	12	17	0	0	0	0	0	0	0	0	0	0	0	0	0	0	0	60	0	0	0	0	1	0	0	0	0	0	20	0	2	0	34	23
195	184	19	24	44	173	2	0	29	19	24	44	2	0	104	20	13	16	132	46	162	1	0	29	2	0	29	0	0	68	20	3	0	87	46	19	24	44	2	0	0	0	4	8	0	0	2	0	104	20	13	16	132	46	151	0	0	0	1	0	29	0	0	68	0	3	0	87	20	2	0	29	0	0	0	0	0	0	0	0	0	0	68	20	3	0	87	46	19	24	44	0	0	9	0	0	0	0	155	2	0	0	0	4	8	0	0	2	0	104	20	13	16	132	46	140	0	0	0	0	0	0	0	0	0	0	0	0	0	20	1	0	29	0	0	0	0	0	0	0	0	0	0	68	0	3	0	87	20	2	0	29	0	0	9	0	0	0	0	84	0	0	0	0	0	0	0	0	0	0	68	20	3	0	87	46	19	24	44	0	0	0	0	5	0	0	0	0	0	9	0	0	0	0	155	2	0	0	0	4	8	0	0	2	0	104	20	13	16	132	46
255	240	21	0	91	225	9	0	82	21	0	91	19	0	54	77	28	0	0	0	210	3	0	54	9	0	82	0	0	54	43	9	0	0	0	21	0	91	0	0	30	60	0	0	0	60	19	0	54	77	28	0	0	0	195	3	0	37	3	0	54	0	0	53	43	2	0	0	0	9	0	82	0	0	30	46	0	0	0	46	0	0	54	43	9	0	0	0	21	0	91	3	0	0	29	5	0	0	10	0	0	30	60	0	0	0	60	19	0	54	77	28	0	0	0	180	1	0	10	3	0	37	0	0	37	10	2	0	0	0	3	0	54	0	0	30	20	0	0	0	20	0	0	53	43	2	0	0	0	9	0	82	3	0	0	0	5	0	0	0	0	0	30	46	0	0	0	46	0	0	54	43	9	0	0	0	21	0	91	3	0	32	30	29	0	0	127	3	0	0	29	5	0	0	10	0	0	30	60	0	0	0	60	19	0	54	77	28	0	0	0
187	176	3	0	65	165	1	0	30	3	0	65	2	0	0	56	2	0	0	136	154	0	0	10	1	0	30	0	0	0	30	0	0	0	105	3	0	65	0	0	0	0	0	0	0	60	2	0	0	56	2	0	0	136	143	0	0	10	0	0	10	0	0	0	30	0	0	0	105	1	0	30	0	0	0	0	0	0	0	46	0	0	0	30	0	0	0	105	3	0	65	0	0	0	0	0	0	0	0	0	0	0	0	0	0	0	60	2	0	0	56	2	0	0	136	132	0	0	0	0	0	10	0	0	0	0	0	0	0	41	0	0	10	0	0	0	0	0	0	0	20	0	0	0	30	0	0	0	105	1	0	30	0	0	0	0	0	0	0	0	0	0	0	0	0	0	0	46	0	0	0	30	0	0	0	105	3	0	65	0	0	0	0	5	0	0	60	0	0	0	0	0	0	0	0	0	0	0	0	0	0	0	60	2	0	0	56	2	0	0	136
238	224	18	0	75	210	8	0	56	18	0	75	19	0	36	51	28	0	0	61	196	1	0	36	8	0	56	0	0	36	39	11	0	0	39	18	0	75	0	0	40	29	0	0	0	37	19	0	36	51	28	0	0	61	182	1	0	28	1	0	36	0	0	35	39	1	0	0	39	8	0	56	0	0	39	20	0	0	0	23	0	0	36	39	11	0	0	39	18	0	75	3	0	0	9	5	0	0	5	0	0	40	29	0	0	0	37	19	0	36	51	28	0	0	61	168	1	0	0	1	0	28	0	0	27	0	1	0	0	0	1	0	36	0	0	39	0	0	0	0	10	0	0	35	39	1	0	0	39	8	0	56	3	0	0	0	5	0	0	0	0	0	39	20	0	0	0	23	0	0	36	39	11	0	0	39	18	0	75	3	0	0	0	21	0	0	140	3	0	0	9	5	0	0	5	0	0	40	29	0	0	0	37	19	0	36	51	28	0	0	61
268	252	28	41	74	236	14	13	62	28	41	74	18	26	66	45	51	26	148	44	220	8	0	56	14	13	62	1	0	66	39	28	0	124	29	28	41	74	0	0	40	34	0	0	74	0	18	26	66	45	51	26	148	44	204	8	0	33	8	0	56	1	0	65	39	18	0	112	29	14	13	62	0	0	39	20	0	0	62	0	1	0	66	39	28	0	124	29	28	41	74	10	0	0	29	14	0	0	32	0	0	40	34	0	0	74	0	18	26	66	45	51	26	148	44	188	2	0	0	8	0	33	1	0	37	0	18	0	66	0	8	0	56	0	0	39	0	0	0	56	0	1	0	65	39	18	0	112	29	14	13	62	3	0	0	0	10	0	0	5	0	0	39	20	0	0	62	0	1	0	66	39	28	0	124	29	28	41	74	5	0	6	0	29	65	0	165	10	0	0	29	14	0	0	32	0	0	40	34	0	0	74	0	18	26	66	45	51	26	148	44
230	216	43	56	46	202	22	16	43	43	56	46	22	64	66	36	75	96	184	0	188	18	0	40	22	16	43	11	0	66	30	54	16	172	0	43	56	46	9	0	30	25	3	0	92	0	22	64	66	36	75	96	184	0	174	16	0	24	18	0	40	11	0	65	30	49	0	160	0	22	16	43	5	0	30	20	2	0	86	0	11	0	66	30	54	16	172	0	43	56	46	22	0	0	29	20	24	0	27	9	0	30	25	3	0	92	0	22	64	66	36	75	96	184	0	160	7	0	0	16	0	24	9	0	37	0	43	0	96	0	18	0	40	5	0	30	0	2	0	80	0	11	0	65	30	49	0	160	0	22	16	43	5	0	0	0	11	16	0	5	5	0	30	20	2	0	86	0	11	0	66	30	54	16	172	0	43	56	46	15	0	6	0	33	68	0	127	22	0	0	29	20	24	0	27	9	0	30	25	3	0	92	0	22	64	66	36	75	96	184	0
183	171	39	29	74	159	20	20	40	39	29	74	16	0	80	103	68	78	74	120	147	17	20	40	20	20	40	13	0	39	103	36	60	40	105	39	29	74	18	0	27	0	11	0	0	0	16	0	80	103	68	78	74	120	135	10	18	39	17	20	40	7	0	39	99	32	60	40	96	20	20	40	6	0	27	0	4	0	0	0	13	0	39	103	36	60	40	105	39	29	74	12	18	26	5	21	38	0	0	18	0	27	0	11	0	0	0	16	0	80	103	68	78	74	120	123	3	0	22	10	18	39	2	0	39	51	22	54	39	57	17	20	40	3	0	27	0	1	0	0	0	7	0	39	99	32	60	40	96	20	20	40	3	0	24	0	8	20	0	0	6	0	27	0	4	0	0	0	13	0	39	103	36	60	40	105	39	29	74	4	0	31	37	18	9	148	27	12	18	26	5	21	38	0	0	18	0	27	0	11	0	0	0	16	0	80	103	68	78	74	120
195	182	42	39	60	169	17	30	30	42	39	60	11	0	71	79	82	108	60	120	156	17	30	30	17	30	30	11	0	30	79	42	90	30	105	42	39	60	15	0	0	0	10	0	0	0	11	0	71	79	82	108	60	120	143	12	27	30	17	30	30	11	0	30	79	42	90	30	96	17	30	30	5	0	0	0	2	0	0	0	11	0	30	79	42	90	30	105	42	39	60	17	27	8	0	21	38	0	0	15	0	0	0	10	0	0	0	11	0	71	79	82	108	60	120	130	5	0	14	12	27	30	8	0	30	51	33	81	30	57	17	30	30	5	0	0	0	2	0	0	0	11	0	30	79	42	90	30	96	17	30	30	2	0	6	0	7	20	0	0	5	0	0	0	2	0	0	0	11	0	30	79	42	90	30	105	42	39	60	10	0	22	29	17	9	180	35	17	27	8	0	21	38	0	0	15	0	0	0	10	0	0	0	11	0	71	79	82	108	60	120
141	132	38	18	22	123	20	0	10	38	18	22	13	0	58	40	75	12	66	46	114	20	0	10	20	0	10	13	0	30	40	55	0	30	43	38	18	22	9	0	0	0	4	0	0	0	13	0	58	40	75	12	66	46	105	18	0	10	20	0	10	13	0	30	40	55	0	30	40	20	0	10	5	0	0	0	3	0	0	0	13	0	30	40	55	0	30	43	38	18	22	20	0	0	0	21	12	0	0	9	0	0	0	4	0	0	0	13	0	58	40	75	12	66	46	96	8	0	9	18	0	10	11	0	30	36	49	0	30	24	20	0	10	5	0	0	0	3	0	0	0	13	0	30	40	55	0	30	40	20	0	10	2	0	0	0	8	0	0	0	5	0	0	0	3	0	0	0	13	0	30	40	55	0	30	43	38	18	22	10	0	14	9	11	12	0	0	20	0	0	0	21	12	0	0	9	0	0	0	4	0	0	0	13	0	58	40	75	12	66	46
180	167	45	64	8	154	15	42	0	45	64	8	12	52	16	0	78	156	32	46	141	14	40	0	15	42	0	7	48	0	0	37	128	0	43	45	64	8	12	16	0	0	9	10	0	0	12	52	16	0	78	156	32	46	128	11	32	0	14	40	0	7	48	0	0	36	128	0	40	15	42	0	3	16	0	0	2	8	0	0	7	48	0	0	37	128	0	43	45	64	8	7	32	0	0	15	16	0	0	12	16	0	0	9	10	0	0	12	52	16	0	78	156	32	46	115	6	16	0	11	32	0	5	32	0	0	29	96	0	24	14	40	0	3	16	0	0	2	8	0	0	7	48	0	0	36	128	0	40	15	42	0	2	0	0	0	4	8	0	0	3	16	0	0	2	8	0	0	7	48	0	0	37	128	0	43	45	64	8	3	32	0	0	15	8	16	0	7	32	0	0	15	16	0	0	12	16	0	0	9	10	0	0	12	52	16	0	78	156	32	46
107	100	31	10	0	93	18	0	0	31	10	0	15	0	0	0	50	12	0	0	86	18	0	0	18	0	0	15	0	0	0	45	0	0	0	31	10	0	9	0	0	0	5	0	0	0	15	0	0	0	50	12	0	0	79	16	0	0	18	0	0	15	0	0	0	45	0	0	0	18	0	0	5	0	0	0	3	0	0	0	15	0	0	0	45	0	0	0	31	10	0	12	0	0	0	9	4	0	0	9	0	0	0	5	0	0	0	15	0	0	0	50	12	0	0	72	12	0	0	16	0	0	13	0	0	0	39	0	0	0	18	0	0	5	0	0	0	3	0	0	0	15	0	0	0	45	0	0	0	18	0	0	2	0	0	0	3	0	0	0	5	0	0	0	3	0	0	0	15	0	0	0	45	0	0	0	31	10	0	14	0	0	0	13	4	0	0	12	0	0	0	9	4	0	0	9	0	0	0	5	0	0	0	15	0	0	0	50	12	0	0
129	120	34	15	13	111	23	8	7	34	15	13	21	0	21	0	49	24	13	8	102	23	8	7	23	8	7	21	0	21	0	48	24	7	0	33	15	13	9	0	0	0	6	0	0	0	21	0	21	0	49	24	13	8	93	19	8	7	23	8	7	21	0	21	0	48	24	7	0	22	8	7	5	0	0	0	3	0	0	0	21	0	21	0	48	24	7	0	33	15	13	4	0	8	0	6	0	0	0	9	0	0	0	6	0	0	0	21	0	21	0	49	24	13	8	84	13	7	7	19	8	7	15	0	21	0	34	24	7	0	22	8	7	5	0	0	0	3	0	0	0	21	0	21	0	48	24	7	0	22	8	7	2	0	0	0	3	0	0	0	5	0	0	0	3	0	0	0	21	0	21	0	48	24	7	0	33	15	13	5	7	8	0	11	14	0	0	4	0	8	0	6	0	0	0	9	0	0	0	6	0	0	0	21	0	21	0	49	24	13	8
235	218	59	77	72	201	37	42	67	59	77	72	28	28	166	42	68	42	216	0	184	36	42	61	37	42	67	28	28	166	30	58	42	201	0	52	77	72	13	0	0	60	12	11	0	0	28	28	166	42	67	42	216	0	167	32	42	60	36	42	61	27	28	166	30	57	42	183	0	30	42	67	9	0	0	58	3	0	0	0	28	28	166	30	57	42	201	0	51	77	72	9	0	17	9	11	11	0	0	13	0	0	60	12	11	0	0	24	28	166	42	64	42	216	0	150	26	39	60	32	42	60	24	28	166	30	45	42	180	0	29	42	61	8	0	0	58	3	0	0	0	27	28	166	30	56	42	183	0	29	42	67	7	0	14	9	6	0	0	0	9	0	0	58	3	0	0	0	24	28	166	30	54	42	201	0	51	77	72	3	33	0	0	19	44	0	0	9	0	17	9	11	11	0	0	13	0	0	60	12	11	0	0	24	28	166	42	64	42	216	0
262	243	66	103	69	224	44	75	31	66	103	69	37	61	30	83	110	233	138	164	205	40	68	19	44	75	31	26	58	27	39	77	219	62	80	61	103	69	17	92	20	40	15	28	0	46	37	61	30	83	107	233	138	164	186	28	40	19	40	68	19	23	52	27	39	74	200	38	80	39	75	31	8	42	18	40	3	14	0	43	26	58	27	39	74	219	62	80	61	103	69	6	52	80	0	13	40	138	0	17	92	20	40	15	28	0	46	37	61	30	83	107	233	138	164	167	22	26	19	28	40	19	18	26	27	39	42	116	38	79	35	68	19	7	38	18	40	3	14	0	40	23	52	27	39	71	200	38	80	39	75	31	6	28	23	0	9	28	62	0	8	42	18	40	3	14	0	43	26	58	27	39	74	219	62	80	61	103	69	6	24	8	0	14	36	69	0	6	52	80	0	13	40	138	0	17	92	20	40	15	28	0	46	37	61	30	83	107	233	138	164
150	140	25	0	56	130	19	0	35	25	0	56	15	0	0	100	46	0	0	30	120	19	0	10	19	0	35	15	0	0	30	46	0	0	10	25	0	56	9	0	0	40	5	0	0	120	15	0	0	100	46	0	0	30	110	14	0	10	19	0	10	15	0	0	30	46	0	0	10	19	0	35	5	0	0	40	3	0	0	105	15	0	0	30	46	0	0	10	25	0	56	4	0	25	0	6	0	0	0	9	0	0	40	5	0	0	120	15	0	0	100	46	0	0	30	100	10	0	10	14	0	10	9	0	0	30	31	0	0	10	19	0	10	5	0	0	40	3	0	0	96	15	0	0	30	46	0	0	10	19	0	35	2	0	14	0	4	0	0	0	5	0	0	40	3	0	0	105	15	0	0	30	46	0	0	10	25	0	56	6	0	8	0	9	0	0	0	4	0	25	0	6	0	0	0	9	0	0	40	5	0	0	120	15	0	0	100	46	0	0	30
146	135	30	31	12	124	16	28	0	30	31	12	17	21	0	0	44	59	0	30	113	15	28	0	16	28	0	12	21	0	0	38	56	0	10	29	31	12	9	0	0	0	4	7	0	0	17	21	0	0	44	59	0	30	102	11	28	0	15	28	0	12	21	0	0	37	56	0	10	15	28	0	5	0	0	0	2	7	0	0	12	21	0	0	38	56	0	10	29	31	12	4	0	8	0	5	0	0	0	9	0	0	0	4	7	0	0	17	21	0	0	44	59	0	30	91	8	21	0	11	28	0	6	21	0	0	23	56	0	10	14	28	0	5	0	0	0	2	7	0	0	12	21	0	0	37	56	0	10	15	28	0	2	0	0	0	3	0	0	0	5	0	0	0	2	7	0	0	12	21	0	0	38	56	0	10	29	31	12	6	0	8	0	9	0	12	0	4	0	8	0	5	0	0	0	9	0	0	0	4	7	0	0	17	21	0	0	44	59	0	30
173	159	43	51	66	145	37	45	32	43	51	66	22	54	0	33	57	56	0	154	131	34	45	32	37	45	32	22	54	0	33	52	54	0	105	31	51	66	9	0	24	0	4	0	0	0	22	54	0	33	53	56	0	154	117	32	45	32	34	45	32	19	54	0	33	45	54	0	87	25	45	32	9	0	0	0	2	0	0	0	22	54	0	33	48	54	0	105	29	51	66	7	0	12	0	5	0	0	0	9	0	24	0	4	0	0	0	17	54	0	33	47	56	0	154	103	27	27	32	32	45	32	17	54	0	33	35	54	0	86	22	45	32	6	0	0	0	2	0	0	0	19	54	0	33	41	54	0	87	23	45	32	7	0	0	0	5	0	0	0	9	0	0	0	2	0	0	0	17	54	0	33	42	54	0	105	29	51	66	0	0	30	0	0	0	132	0	7	0	12	0	5	0	0	0	9	0	24	0	4	0	0	0	17	54	0	33	47	56	0	154
172	158	44	49	63	144	38	45	47	44	49	63	19	36	0	48	50	47	0	72	130	37	45	47	38	45	47	19	36	0	48	44	45	0	67	29	49	63	7	0	0	0	4	0	0	0	19	36	0	48	43	47	0	72	116	35	45	47	37	45	47	18	36	0	48	43	45	0	61	23	45	47	6	0	0	0	2	0	0	0	19	36	0	48	37	45	0	67	28	49	63	5	0	0	0	3	10	0	0	7	0	0	0	4	0	0	0	15	36	0	48	40	47	0	72	102	31	36	47	35	45	47	17	36	0	48	36	45	0	60	22	45	47	5	0	0	0	2	0	0	0	18	36	0	48	36	45	0	61	22	45	47	5	0	0	0	3	9	0	0	6	0	0	0	2	0	0	0	15	36	0	48	34	45	0	67	28	49	63	8	0	11	0	4	0	63	0	5	0	0	0	3	10	0	0	7	0	0	0	4	0	0	0	15	36	0	48	40	47	0	72
232	213	76	106	80	194	54	99	51	75	106	80	42	88	22	58	96	208	0	141	175	48	82	50	53	99	51	29	82	20	57	67	193	0	98	57	106	80	5	71	35	9	7	12	80	0	39	88	22	58	86	208	0	141	156	45	66	50	47	82	50	27	66	18	57	56	172	0	80	35	99	51	3	66	10	9	2	11	51	0	26	82	20	57	57	193	0	98	56	106	80	9	55	12	0	10	25	80	0	5	71	35	9	7	12	80	0	35	88	22	58	83	208	0	141	137	40	55	50	44	66	50	26	55	18	57	48	110	0	79	29	82	50	1	55	9	9	2	11	50	0	24	66	18	57	46	172	0	80	34	99	51	9	55	0	0	9	24	51	0	3	66	10	9	2	11	51	0	22	82	20	57	54	193	0	98	56	106	80	23	0	23	0	16	0	80	0	9	55	12	0	10	25	80	0	5	71	35	9	7	12	80	0	35	88	22	58	83	208	0	141
203	187	59	59	96	171	44	48	92	58	59	96	36	0	55	44	80	84	96	0	155	40	48	91	43	48	92	28	0	53	43	58	84	92	0	43	59	96	7	0	11	9	6	0	0	0	33	0	55	44	70	84	96	0	139	38	48	91	39	48	91	27	0	51	43	53	84	91	0	28	48	92	6	0	10	9	2	0	0	0	25	0	53	43	48	84	92	0	42	59	96	12	0	0	0	9	12	0	0	7	0	11	9	6	0	0	0	29	0	55	44	67	84	96	0	123	34	44	90	37	48	91	26	0	51	43	46	84	91	0	24	48	91	5	0	9	9	2	0	0	0	24	0	51	43	43	84	91	0	27	48	92	12	0	0	0	9	12	0	0	6	0	10	9	2	0	0	0	21	0	53	43	45	84	92	0	42	59	96	19	44	0	11	17	22	0	0	12	0	0	0	9	12	0	0	7	0	11	9	6	0	0	0	29	0	55	44	67	84	96	0
190	174	70	97	47	158	49	67	44	66	97	47	31	102	42	34	117	156	141	0	142	47	55	43	45	67	44	29	66	40	33	80	117	132	0	52	97	47	12	0	11	9	10	0	94	0	23	102	42	34	103	156	141	0	126	42	49	43	43	55	43	28	66	38	33	78	99	129	0	31	67	44	6	0	10	9	4	0	88	0	21	66	40	33	66	117	132	0	52	97	47	16	54	0	0	11	38	0	0	12	0	11	9	10	0	94	0	23	102	42	34	103	156	141	0	110	34	36	43	38	49	43	21	54	38	33	64	85	129	0	29	55	43	5	0	9	9	4	0	86	0	20	66	38	33	64	99	129	0	31	67	44	6	36	0	0	5	29	0	0	6	0	10	9	4	0	88	0	21	66	40	33	66	117	132	0	52	97	47	18	90	0	0	18	51	0	0	16	54	0	0	11	38	0	0	12	0	11	9	10	0	94	0	23	102	42	34	103	156	141	0
164	150	47	44	94	136	32	40	71	43	44	94	18	40	26	66	76	84	0	143	122	32	40	70	28	40	71	18	40	11	63	47	80	0	136	33	44	94	1	0	0	10	3	0	0	0	10	40	26	66	65	84	0	143	108	31	40	69	28	40	70	18	40	10	60	47	80	0	134	18	40	71	0	0	0	9	1	0	0	0	10	40	11	63	36	80	0	136	33	44	94	11	0	0	9	10	10	0	0	1	0	0	10	3	0	0	0	10	40	26	66	65	84	0	143	94	21	20	68	27	40	69	18	40	9	60	45	80	0	134	18	40	70	0	0	0	9	1	0	0	0	10	40	10	60	36	80	0	134	18	40	71	0	0	0	9	2	10	0	0	0	0	0	9	1	0	0	0	10	40	11	63	36	80	0	136	33	44	94	16	0	76	16	9	0	188	0	11	0	0	9	10	10	0	0	1	0	0	10	3	0	0	0	10	40	26	66	65	84	0	143
141	129	47	37	59	117	28	27	48	43	37	59	23	18	36	53	86	73	59	47	105	28	27	47	24	27	48	23	18	21	50	47	63	48	44	37	37	59	1	0	0	10	3	0	0	0	15	18	36	53	78	73	59	47	93	27	26	44	24	27	47	23	18	20	47	47	63	47	43	18	27	48	0	0	0	9	0	0	0	0	15	18	21	50	39	63	48	44	37	37	59	14	8	0	25	14	8	0	0	1	0	0	10	3	0	0	0	15	18	36	53	78	73	59	47	81	19	16	41	23	26	44	23	16	17	47	46	58	44	43	18	27	47	0	0	0	9	0	0	0	0	15	18	20	47	39	63	47	43	18	27	48	0	0	0	21	2	0	0	0	0	0	0	9	0	0	0	0	15	18	21	50	39	63	48	44	37	37	59	22	16	32	28	13	0	59	0	14	8	0	25	14	8	0	0	1	0	0	10	3	0	0	0	15	18	36	53	78	73	59	47
126	115	58	41	6	104	31	24	0	56	41	6	25	16	12	0	124	106	18	47	93	31	24	0	29	24	0	25	16	0	0	63	72	0	44	51	41	6	5	0	0	0	7	0	0	0	21	16	12	0	117	106	18	47	82	28	21	0	29	24	0	25	16	0	0	63	72	0	43	24	24	0	0	0	0	0	2	0	0	0	21	16	0	0	56	72	0	44	51	41	6	20	15	0	0	16	15	0	0	5	0	0	0	7	0	0	0	21	16	12	0	117	106	18	47	71	17	10	0	26	21	0	19	10	0	0	56	57	0	43	24	24	0	0	0	0	0	2	0	0	0	21	16	0	0	56	72	0	43	24	24	0	0	0	0	0	2	0	0	0	0	0	0	0	2	0	0	0	21	16	0	0	56	72	0	44	51	41	6	23	30	18	0	17	20	6	0	20	15	0	0	16	15	0	0	5	0	0	0	7	0	0	0	21	16	12	0	117	106	18	47
120	109	52	43	0	98	23	28	0	49	43	0	15	21	0	0	113	110	0	0	87	23	28	0	20	28	0	15	21	0	0	46	77	0	0	43	43	0	5	0	0	0	8	0	0	0	10	21	0	0	104	110	0	0	76	20	24	0	20	28	0	15	21	0	0	46	77	0	0	14	28	0	0	0	0	0	2	0	0	0	10	21	0	0	37	77	0	0	43	43	0	13	12	0	0	12	9	0	0	5	0	0	0	8	0	0	0	10	21	0	0	104	110	0	0	65	14	9	0	17	24	0	9	9	0	0	39	57	0	0	14	28	0	0	0	0	0	2	0	0	0	10	21	0	0	37	77	0	0	14	28	0	0	0	0	0	0	0	0	0	0	0	0	0	2	0	0	0	10	21	0	0	37	77	0	0	43	43	0	13	36	0	0	16	12	0	0	13	12	0	0	12	9	0	0	5	0	0	0	8	0	0	0	10	21	0	0	104	110	0	0
94	86	40	17	0	78	16	7	0	40	17	0	11	0	0	0	100	49	0	0	70	16	7	0	16	7	0	11	0	0	0	41	21	0	0	39	17	0	10	0	0	0	11	0	0	0	11	0	0	0	98	49	0	0	62	12	7	0	16	7	0	11	0	0	0	41	21	0	0	15	7	0	0	0	0	0	2	0	0	0	11	0	0	0	39	21	0	0	39	17	0	16	0	0	0	11	8	0	0	10	0	0	0	11	0	0	0	11	0	0	0	98	49	0	0	54	6	2	0	12	7	0	5	0	0	0	33	21	0	0	15	7	0	0	0	0	0	2	0	0	0	11	0	0	0	39	21	0	0	15	7	0	0	0	0	0	0	0	0	0	0	0	0	0	2	0	0	0	11	0	0	0	39	21	0	0	39	17	0	18	10	0	0	18	8	0	0	16	0	0	0	11	8	0	0	10	0	0	0	11	0	0	0	11	0	0	0	98	49	0	0
212	194	60	33	119	176	42	17	95	60	33	119	32	0	25	56	136	49	119	65	158	39	16	73	42	17	95	28	0	25	32	84	17	95	48	54	33	119	19	16	25	57	16	16	0	127	32	0	25	56	133	49	119	65	140	22	0	55	39	16	73	21	0	12	30	77	16	73	47	36	17	95	2	0	25	30	4	0	0	95	28	0	25	32	81	17	95	48	54	33	119	13	0	128	79	6	16	119	69	19	16	25	57	16	16	0	127	32	0	25	56	133	49	119	65	122	6	0	31	22	0	55	0	0	0	26	35	0	55	44	33	16	73	0	0	12	27	4	0	0	93	21	0	12	30	74	16	73	47	36	17	95	0	0	101	51	2	0	95	31	2	0	25	30	4	0	0	95	28	0	25	32	81	17	95	48	54	33	119	0	0	55	67	8	32	0	134	13	0	128	79	6	16	119	69	19	16	25	57	16	16	0	127	32	0	25	56	133	49	119	65
172	157	57	59	44	142	27	14	42	57	59	44	35	0	30	0	89	167	220	0	127	20	9	40	27	14	42	10	0	30	0	39	14	210	0	49	59	44	10	45	22	24	12	45	0	0	35	0	30	0	86	167	220	0	112	15	0	22	20	9	40	8	0	28	0	33	9	200	0	19	14	42	2	0	22	0	4	0	0	0	10	0	30	0	36	14	210	0	49	59	44	13	0	14	34	4	9	44	69	10	45	22	24	12	45	0	0	35	0	30	0	86	167	220	0	97	8	0	0	15	0	22	0	0	8	0	21	0	110	0	12	9	40	0	0	20	0	4	0	0	0	8	0	28	0	30	9	200	0	19	14	42	0	0	14	0	0	0	42	31	2	0	22	0	4	0	0	0	10	0	30	0	36	14	210	0	49	59	44	0	0	2	0	8	18	0	142	13	0	14	34	4	9	44	69	10	45	22	24	12	45	0	0	35	0	30	0	86	167	220	0
129	118	40	24	23	107	20	0	18	40	24	23	16	0	16	0	83	56	69	0	96	18	0	18	20	0	18	12	0	16	0	42	0	54	0	38	24	23	14	0	8	0	13	8	0	0	16	0	16	0	83	56	69	0	85	12	0	13	18	0	18	11	0	16	0	41	0	54	0	18	0	18	2	0	8	0	4	0	0	0	12	0	16	0	42	0	54	0	38	24	23	13	0	3	25	4	8	0	0	14	0	8	0	13	8	0	0	16	0	16	0	83	56	69	0	74	2	0	0	12	0	13	0	0	8	0	24	0	39	0	16	0	18	0	0	8	0	4	0	0	0	11	0	16	0	41	0	54	0	18	0	18	0	0	0	0	0	0	0	0	2	0	8	0	4	0	0	0	12	0	16	0	42	0	54	0	38	24	23	0	0	11	0	8	16	0	68	13	0	3	25	4	8	0	0	14	0	8	0	13	8	0	0	16	0	16	0	83	56	69	0
160	145	67	72	19	130	37	50	6	65	72	19	28	60	0	18	128	188	38	6	115	34	46	0	35	50	6	18	60	0	0	59	140	12	0	52	72	19	10	32	0	0	17	32	0	47	24	60	0	18	116	188	38	6	100	26	24	0	32	46	0	17	48	0	0	57	128	0	0	22	50	6	2	0	0	0	5	20	0	44	14	60	0	0	47	140	12	0	52	72	19	7	48	35	0	7	8	38	0	10	32	0	0	17	32	0	47	24	60	0	18	116	188	38	6	85	15	0	0	24	24	0	4	0	0	0	34	64	0	0	19	46	0	0	0	0	0	2	20	0	43	13	48	0	0	45	128	0	0	22	50	6	0	0	18	0	3	0	12	0	2	0	0	0	5	20	0	44	14	60	0	0	47	140	12	0	52	72	19	4	0	39	0	16	16	57	0	7	48	35	0	7	8	38	0	10	32	0	0	17	32	0	47	24	60	0	18	116	188	38	6
125	114	43	31	10	103	22	10	0	43	31	10	16	0	0	0	90	79	30	6	92	21	10	0	22	10	0	14	0	0	0	50	30	0	0	40	31	10	14	0	0	0	12	7	0	0	16	0	0	0	88	79	30	6	81	14	7	0	21	10	0	13	0	0	0	49	30	0	0	19	10	0	2	0	0	0	4	0	0	0	14	0	0	0	48	30	0	0	40	31	10	10	21	8	0	4	7	0	0	14	0	0	0	12	7	0	0	16	0	0	0	88	79	30	6	70	3	0	0	14	7	0	0	0	0	0	27	21	0	0	18	10	0	0	0	0	0	4	0	0	0	13	0	0	0	47	30	0	0	19	10	0	0	0	0	0	0	0	0	0	2	0	0	0	4	0	0	0	14	0	0	0	48	30	0	0	40	31	10	0	0	21	0	8	14	10	0	10	21	8	0	4	7	0	0	14	0	0	0	12	7	0	0	16	0	0	0	88	79	30	6
118	107	29	24	34	96	14	0	8	29	24	34	25	0	10	16	28	0	102	77	85	8	0	8	14	0	8	3	0	8	16	15	0	24	60	25	24	34	4	0	9	0	2	0	0	0	25	0	10	16	28	0	102	77	74	6	0	8	8	0	8	2	0	8	16	11	0	24	58	10	0	8	2	0	0	0	2	0	0	0	3	0	8	16	15	0	24	60	25	24	34	4	0	7	0	0	0	0	0	4	0	9	0	2	0	0	0	25	0	10	16	28	0	102	77	63	4	0	4	6	0	8	0	0	8	8	4	0	24	35	4	0	8	0	0	0	0	2	0	0	0	2	0	8	16	11	0	24	58	10	0	8	0	0	0	0	0	0	0	0	2	0	0	0	2	0	0	0	3	0	8	16	15	0	24	60	25	24	34	0	0	0	16	0	0	0	0	4	0	7	0	0	0	0	0	4	0	9	0	2	0	0	0	25	0	10	16	28	0	102	77
158	143	49	59	54	128	25	9	40	49	59	54	27	45	59	55	47	59	270	44	113	14	0	40	25	9	40	4	0	54	55	25	9	200	42	39	59	54	4	0	85	0	4	0	54	0	27	45	59	55	44	59	270	44	98	13	0	27	14	0	40	3	0	54	40	14	0	200	40	15	9	40	2	0	69	0	2	0	40	0	4	0	54	55	22	9	200	42	38	59	54	4	0	0	24	1	0	0	80	4	0	85	0	4	0	54	0	26	45	59	55	41	59	270	44	83	11	0	4	13	0	27	1	0	41	8	10	0	135	22	4	0	40	0	0	69	0	2	0	40	0	3	0	54	40	11	0	200	40	14	9	40	0	0	0	0	1	0	0	51	2	0	69	0	2	0	40	0	3	0	54	55	19	9	200	42	38	59	54	0	0	0	16	0	0	0	81	4	0	0	24	1	0	0	80	4	0	85	0	4	0	54	0	26	45	59	55	41	59	270	44
154	137	54	97	48	120	27	74	0	54	97	48	34	53	0	0	53	138	96	215	105	17	61	0	27	74	0	6	31	0	0	28	101	0	161	41	67	48	0	40	41	0	13	24	48	0	34	53	0	0	47	138	96	215	90	13	48	0	17	61	0	0	18	0	0	17	80	0	131	14	44	0	0	18	0	0	5	22	0	0	6	31	0	0	22	101	0	161	41	67	48	0	36	31	0	6	0	48	0	0	40	41	0	13	24	48	0	34	53	0	0	47	138	96	215	75	13	30	0	13	48	0	0	0	0	0	6	36	0	90	4	31	0	0	0	0	0	2	18	0	0	0	18	0	0	11	80	0	131	14	44	0	0	0	0	0	2	0	0	0	0	18	0	0	5	22	0	0	6	31	0	0	22	101	0	161	41	67	48	12	0	0	0	24	0	96	0	0	36	31	0	6	0	48	0	0	40	41	0	13	24	48	0	34	53	0	0	47	138	96	215
108	98	34	16	32	88	19	0	0	34	16	32	31	0	0	0	42	0	64	96	78	11	0	0	19	0	0	9	0	0	0	29	0	0	66	30	16	32	4	0	25	0	4	0	0	0	31	0	0	0	42	0	64	96	68	6	0	0	11	0	0	2	0	0	0	19	0	0	58	15	0	0	2	0	0	0	4	0	0	0	9	0	0	0	29	0	0	66	30	16	32	4	0	31	0	0	0	0	0	4	0	25	0	4	0	0	0	31	0	0	0	42	0	64	96	58	4	0	0	6	0	0	0	0	0	0	4	0	0	35	7	0	0	0	0	0	0	4	0	0	0	2	0	0	0	19	0	0	58	15	0	0	0	0	0	0	0	0	0	0	2	0	0	0	4	0	0	0	9	0	0	0	29	0	0	66	30	16	32	0	0	0	0	0	0	0	0	4	0	31	0	0	0	0	0	4	0	25	0	4	0	0	0	31	0	0	0	42	0	64	96
136	121	40	81	9	106	22	41	0	40	81	9	15	75	0	0	34	35	45	44	93	19	26	0	22	41	0	8	0	0	0	21	5	0	42	26	55	9	4	0	9	0	4	0	27	0	15	75	0	0	30	35	45	44	80	18	26	0	19	26	0	7	0	0	0	18	0	0	40	8	15	0	2	0	0	0	2	0	0	0	8	0	0	0	17	5	0	42	24	55	9	4	0	0	0	0	0	0	0	4	0	9	0	4	0	27	0	10	75	0	0	24	35	45	44	67	16	26	0	18	26	0	5	0	0	0	14	0	0	22	5	0	0	0	0	0	0	2	0	0	0	7	0	0	0	14	0	0	40	6	15	0	0	0	0	0	0	0	0	0	2	0	0	0	2	0	0	0	3	0	0	0	11	5	0	42	24	55	9	0	0	0	0	0	0	0	0	4	0	0	0	0	0	0	0	4	0	9	0	4	0	27	0	10	75	0	0	24	35	45	44
90	81	10	0	50	72	3	0	17	10	0	50	0	0	24	27	3	0	0	129	63	3	0	15	3	0	17	0	0	0	23	0	0	0	48	7	0	50	0	0	0	16	0	0	0	0	0	0	24	27	3	0	0	129	54	3	0	15	3	0	15	0	0	0	23	0	0	0	48	0	0	17	0	0	0	16	0	0	0	0	0	0	0	23	0	0	0	48	7	0	50	0	0	0	0	0	0	0	0	0	0	0	16	0	0	0	0	0	0	24	27	3	0	0	129	45	3	0	15	3	0	15	0	0	0	23	0	0	0	35	0	0	15	0	0	0	16	0	0	0	0	0	0	0	23	0	0	0	48	0	0	17	0	0	0	0	0	0	0	0	0	0	0	16	0	0	0	0	0	0	0	23	0	0	0	48	7	0	50	0	0	0	0	0	0	0	0	0	0	0	0	0	0	0	0	0	0	0	16	0	0	0	0	0	0	24	27	3	0	0	129
169	151	43	59	101	133	20	17	75	43	59	101	8	0	206	35	36	14	303	111	116	19	17	72	20	17	75	7	0	167	32	18	0	225	40	28	42	101	2	0	9	39	4	0	0	0	8	0	206	35	32	14	303	111	99	17	17	72	19	17	72	5	0	160	32	14	0	216	40	5	0	75	0	0	0	39	2	0	0	0	7	0	167	32	14	0	225	40	26	42	101	0	0	18	0	2	0	0	0	2	0	9	39	4	0	0	0	3	0	206	35	26	14	303	111	82	17	17	37	17	17	72	5	0	160	19	10	0	216	27	4	0	72	0	0	0	24	0	0	0	0	5	0	160	32	10	0	216	40	3	0	75	0	0	0	0	0	0	0	0	0	0	0	39	2	0	0	0	2	0	167	32	8	0	225	40	26	42	101	0	0	0	64	0	0	0	209	0	0	18	0	2	0	0	0	2	0	9	39	4	0	0	0	3	0	206	35	26	14	303	111
80	72	14	0	30	64	5	0	7	14	0	30	1	0	24	7	6	0	0	97	56	5	0	7	5	0	7	1	0	0	7	3	0	0	48	10	0	30	0	0	0	0	0	0	0	0	1	0	24	7	6	0	0	97	48	5	0	7	5	0	7	1	0	0	7	3	0	0	48	1	0	7	0	0	0	0	0	0	0	0	1	0	0	7	3	0	0	48	9	0	30	0	0	0	0	0	0	0	0	0	0	0	0	0	0	0	0	0	0	24	7	3	0	0	97	40	5	0	7	5	0	7	1	0	0	7	3	0	0	35	1	0	7	0	0	0	0	0	0	0	0	1	0	0	7	3	0	0	48	0	0	7	0	0	0	0	0	0	0	0	0	0	0	0	0	0	0	0	0	0	0	7	0	0	0	48	9	0	30	0	0	0	0	0	0	0	0	0	0	0	0	0	0	0	0	0	0	0	0	0	0	0	0	0	0	24	7	3	0	0	97
73	64	23	25	23	55	10	14	9	23	25	23	4	7	51	0	8	21	46	63	47	10	14	9	10	14	9	4	7	27	0	4	21	18	40	11	17	23	0	0	0	0	0	0	0	0	4	7	51	0	7	21	46	63	40	10	14	9	10	14	9	4	7	27	0	4	21	18	40	1	7	9	0	0	0	0	0	0	0	0	4	7	27	0	3	21	18	40	10	10	23	0	0	0	0	0	0	0	0	0	0	0	0	0	0	0	0	0	0	51	0	4	0	46	63	33	10	14	0	10	14	9	4	7	27	0	4	21	18	27	1	7	9	0	0	0	0	0	0	0	0	4	7	27	0	3	21	18	40	0	0	9	0	0	0	0	0	0	0	0	0	0	0	0	0	0	0	0	0	0	27	0	0	0	18	40	10	10	23	0	0	0	0	0	0	0	66	0	0	0	0	0	0	0	0	0	0	0	0	0	0	0	0	0	0	51	0	4	0	46	63
80	72	16	0	39	64	8	0	0	16	0	39	3	0	33	0	12	0	0	177	56	7	0	0	8	0	0	2	0	0	0	8	0	0	48	11	0	39	2	0	9	0	2	0	0	0	3	0	33	0	12	0	0	177	48	5	0	0	7	0	0	0	0	0	0	4	0	0	48	3	0	0	0	0	0	0	2	0	0	0	2	0	0	0	8	0	0	48	11	0	39	0	0	18	0	0	0	0	0	2	0	9	0	2	0	0	0	3	0	33	0	12	0	0	177	40	5	0	0	5	0	0	0	0	0	0	0	0	0	35	2	0	0	0	0	0	0	0	0	0	0	0	0	0	0	4	0	0	48	3	0	0	0	0	0	0	0	0	0	0	0	0	0	0	2	0	0	0	2	0	0	0	8	0	0	48	11	0	39	0	0	0	0	0	0	0	0	0	0	18	0	0	0	0	0	2	0	9	0	2	0	0	0	3	0	33	0	12	0	0	177
119	102	22	64	99	85	16	60	70	21	64	99	1	48	0	79	17	49	0	124	72	16	60	64	16	60	70	1	48	0	53	11	48	0	84	4	12	99	1	0	0	12	3	0	0	9	1	48	0	79	10	36	0	124	60	15	60	63	16	60	64	1	48	0	52	11	48	0	81	2	12	70	0	0	0	11	1	0	0	0	1	48	0	53	5	36	0	84	3	0	99	0	0	0	11	0	0	0	0	1	0	0	12	3	0	0	9	0	0	0	79	7	0	0	124	48	15	60	62	15	60	63	1	48	0	52	9	48	0	81	2	12	64	0	0	0	11	1	0	0	0	1	48	0	52	5	36	0	81	1	0	70	0	0	0	11	0	0	0	0	0	0	0	11	1	0	0	0	0	0	0	53	2	0	0	84	3	0	99	4	0	0	11	2	0	0	0	0	0	0	11	0	0	0	0	1	0	0	12	3	0	0	9	0	0	0	79	7	0	0	124
178	155	46	94	183	132	27	76	152	42	94	183	17	0	63	145	53	129	183	101	113	23	76	119	26	76	152	7	0	61	55	19	57	152	75	22	18	183	1	0	22	105	10	36	0	111	14	0	63	145	44	72	183	101	94	22	76	80	22	76	119	7	0	46	52	14	57	119	72	6	0	152	0	0	18	25	4	0	0	40	4	0	61	55	10	0	152	75	21	18	183	0	0	0	73	2	0	0	182	1	0	22	105	10	36	0	111	10	0	63	145	41	72	183	101	75	22	76	74	21	76	80	7	0	18	52	12	57	80	72	2	0	119	0	0	0	25	1	0	0	40	4	0	46	52	5	0	119	72	5	0	152	0	0	0	65	2	0	0	143	0	0	18	25	4	0	0	40	0	0	61	55	7	0	152	75	21	18	183	8	0	0	57	10	0	0	0	0	0	0	73	2	0	0	182	1	0	22	105	10	36	0	111	10	0	63	145	41	72	183	101
85	74	15	18	79	63	14	18	50	15	18	79	5	0	0	79	14	0	0	124	54	14	18	44	14	18	50	5	0	0	53	10	0	0	84	3	0	79	0	0	0	12	2	0	0	9	5	0	0	79	10	0	0	124	45	14	18	43	14	18	44	5	0	0	52	10	0	0	81	2	0	50	0	0	0	11	0	0	0	0	5	0	0	53	6	0	0	84	1	0	79	0	0	0	11	0	0	0	0	0	0	0	12	2	0	0	9	0	0	0	79	4	0	0	124	36	14	18	43	14	18	43	5	0	0	52	10	0	0	81	2	0	44	0	0	0	11	0	0	0	0	5	0	0	52	6	0	0	81	0	0	50	0	0	0	11	0	0	0	0	0	0	0	11	0	0	0	0	0	0	0	53	0	0	0	84	1	0	79	0	0	0	0	0	0	0	0	0	0	0	11	0	0	0	0	0	0	0	12	2	0	0	9	0	0	0	79	4	0	0	124
94	80	38	57	57	66	22	49	55	30	57	57	17	0	42	22	47	56	57	0	56	21	48	54	17	49	55	15	0	42	21	19	48	55	0	15	17	57	2	8	0	12	5	9	0	0	6	0	42	22	34	26	57	0	46	21	40	51	16	48	54	15	0	42	20	16	46	54	0	2	9	55	2	0	0	11	1	9	0	0	4	0	42	21	6	18	55	0	14	17	57	6	0	0	29	0	0	57	0	2	8	0	12	5	9	0	0	2	0	42	22	31	26	57	0	36	19	36	37	16	40	51	15	0	38	20	16	30	51	0	1	8	54	0	0	0	11	0	8	0	0	4	0	42	20	3	16	54	0	1	9	55	2	0	0	23	0	0	55	0	2	0	0	11	1	9	0	0	0	0	42	21	3	18	55	0	13	17	57	4	36	0	29	0	18	0	94	4	0	0	29	0	0	57	0	0	8	0	12	4	9	0	0	2	0	42	22	28	26	57	0
137	118	52	113	81	100	22	60	80	45	95	81	14	45	127	13	75	155	405	0	85	20	60	77	18	45	80	6	45	127	12	20	45	400	0	30	50	81	1	0	0	28	8	20	0	0	8	0	127	13	58	110	405	0	70	19	60	58	16	45	77	6	45	121	11	19	45	385	0	3	0	80	0	0	0	11	4	0	0	0	0	0	127	12	3	0	400	0	30	50	81	0	0	0	64	2	0	0	19	1	0	0	28	8	20	0	0	8	0	127	13	58	110	405	0	55	19	60	28	15	45	58	6	45	73	11	17	45	290	0	1	0	77	0	0	0	11	1	0	0	0	0	0	121	11	2	0	385	0	3	0	80	0	0	0	23	2	0	0	6	0	0	0	11	4	0	0	0	0	0	127	12	3	0	400	0	30	50	81	8	0	0	29	10	0	0	159	0	0	0	64	2	0	0	19	1	0	0	28	8	20	0	0	8	0	127	13	58	110	405	0
77	64	25	48	64	53	16	36	40	17	26	64	7	36	0	62	24	51	64	138	44	15	36	40	11	18	40	7	36	0	62	14	27	40	135	7	8	64	0	0	8	0	6	0	0	0	0	0	0	62	12	24	64	138	35	15	36	40	10	18	40	7	36	0	62	12	27	40	131	1	0	40	0	0	0	0	1	0	0	0	0	0	0	62	2	0	40	135	7	8	64	0	0	0	0	2	0	0	0	0	0	8	0	6	0	0	0	0	0	0	62	12	24	64	138	26	15	36	37	10	18	40	7	36	0	55	12	27	40	109	0	0	40	0	0	0	0	0	0	0	0	0	0	0	62	0	0	40	131	1	0	40	0	0	0	0	0	0	0	0	0	0	0	0	1	0	0	0	0	0	0	62	2	0	40	135	7	8	64	7	0	0	26	13	0	0	0	0	0	0	0	2	0	0	0	0	0	8	0	6	0	0	0	0	0	0	62	12	24	64	138
98	84	33	36	75	71	18	24	55	25	23	75	18	12	0	97	40	57	75	81	59	16	24	55	12	12	55	10	12	0	97	15	24	55	80	15	11	75	0	0	0	0	8	0	0	0	8	0	0	97	26	33	75	81	47	16	24	53	10	12	55	10	12	0	93	14	24	55	77	2	0	55	0	0	0	0	3	0	0	0	0	0	0	97	1	0	55	80	15	11	75	0	0	0	16	4	0	0	0	0	0	0	0	8	0	0	0	8	0	0	97	26	33	75	81	35	16	24	35	10	12	53	10	12	0	63	14	24	53	58	0	0	55	0	0	0	0	0	0	0	0	0	0	0	93	0	0	55	77	2	0	55	0	0	0	0	2	0	0	0	0	0	0	0	3	0	0	0	0	0	0	97	1	0	55	80	15	11	75	7	0	0	53	19	0	0	19	0	0	0	16	4	0	0	0	0	0	0	0	8	0	0	0	8	0	0	97	26	33	75	81
95	82	31	39	56	69	15	12	42	24	39	56	15	0	0	35	32	87	168	81	57	13	12	42	10	12	42	7	0	0	35	12	24	126	80	16	27	56	0	0	0	0	13	0	0	0	8	0	0	35	21	63	168	81	45	13	12	37	8	12	42	7	0	0	31	11	24	126	77	2	0	42	0	0	0	0	3	0	0	0	0	0	0	35	1	0	126	80	16	27	56	0	0	0	37	6	0	0	0	0	0	0	0	13	0	0	0	8	0	0	35	21	63	168	81	33	13	12	10	8	12	37	7	0	0	8	11	24	111	58	0	0	42	0	0	0	0	0	0	0	0	0	0	0	31	0	0	126	77	2	0	42	0	0	0	0	2	0	0	0	0	0	0	0	3	0	0	0	0	0	0	35	1	0	126	80	16	27	56	7	0	0	37	34	0	0	29	0	0	0	37	6	0	0	0	0	0	0	0	13	0	0	0	8	0	0	35	21	63	168	81
65	55	34	29	18	46	18	16	7	26	20	18	18	8	0	7	39	46	36	81	38	16	16	7	12	8	7	10	8	0	7	15	16	14	80	16	12	18	0	0	0	0	10	0	0	0	8	0	0	7	25	30	36	81	30	16	16	7	10	8	7	10	8	0	7	14	16	14	77	2	0	7	0	0	0	0	3	0	0	0	0	0	0	7	1	0	14	80	16	12	18	0	0	0	0	4	0	0	0	0	0	0	0	10	0	0	0	8	0	0	7	25	30	36	81	22	16	16	3	10	8	7	10	8	0	3	14	16	14	58	0	0	7	0	0	0	0	0	0	0	0	0	0	0	7	0	0	14	77	2	0	7	0	0	0	0	2	0	0	0	0	0	0	0	3	0	0	0	0	0	0	7	1	0	14	80	16	12	18	7	0	0	12	26	0	0	0	0	0	0	0	4	0	0	0	0	0	0	0	10	0	0	0	8	0	0	7	25	30	36	81
100	85	51	76	52	70	32	40	21	43	76	52	28	56	24	31	63	93	208	264	57	29	26	19	26	40	21	25	0	22	29	36	33	84	232	22	50	52	16	0	0	18	13	33	104	0	17	56	24	31	43	67	208	264	44	27	26	8	23	26	19	19	0	18	16	26	26	76	196	5	14	21	14	0	0	0	3	21	42	0	14	0	22	29	16	7	84	232	20	50	52	7	0	0	16	4	22	0	48	14	0	0	18	13	33	104	0	9	56	24	31	37	67	208	264	31	19	22	0	21	26	8	11	0	0	0	20	26	32	138	2	0	19	2	0	0	0	0	0	38	0	8	0	18	16	6	0	76	196	3	14	21	3	0	0	0	0	14	0	0	12	0	0	0	3	21	42	0	6	0	22	29	10	7	84	232	17	50	52	4	44	0	0	30	88	0	19	4	0	0	16	4	22	0	48	2	0	0	18	10	33	104	0	3	56	24	31	27	67	208	264
61	52	37	14	29	43	26	0	12	34	14	29	23	0	14	12	38	7	58	108	34	23	0	11	23	0	12	20	0	0	11	29	0	24	63	16	14	29	16	0	0	11	16	21	0	0	17	0	14	12	25	7	58	108	25	21	0	9	20	0	11	14	0	0	9	19	0	22	61	5	0	12	14	0	0	9	3	0	0	0	14	0	0	11	16	0	24	63	14	14	29	7	0	0	18	6	14	0	0	14	0	0	11	16	21	0	0	9	0	14	12	19	7	58	108	16	13	0	0	18	0	9	6	0	0	0	13	0	18	45	2	0	11	2	0	0	0	0	0	0	0	8	0	0	9	6	0	22	61	3	0	12	3	0	0	0	0	0	0	0	12	0	0	9	3	0	0	0	6	0	0	11	10	0	24	63	11	14	29	16	0	0	0	38	56	0	48	4	0	0	18	6	14	0	0	2	0	0	11	13	21	0	0	3	0	14	12	9	7	58	108
41	32	21	26	13	23	16	20	12	19	26	13	21	0	0	12	27	8	26	0	18	13	20	11	15	20	12	18	0	0	11	22	5	24	0	9	6	13	16	0	0	11	6	9	0	0	17	0	0	12	21	3	26	0	13	11	20	9	12	20	11	12	0	0	9	12	5	22	0	5	0	12	14	0	0	9	3	0	0	0	14	0	0	11	16	0	24	0	7	6	13	7	0	0	18	2	6	0	0	14	0	0	11	6	9	0	0	9	0	0	12	15	3	26	0	8	3	12	0	10	20	9	4	0	0	0	6	5	18	0	2	0	11	2	0	0	0	0	0	0	0	8	0	0	9	6	0	22	0	3	0	12	3	0	0	0	0	0	0	0	12	0	0	9	3	0	0	0	6	0	0	11	10	0	24	0	4	6	13	1	24	0	0	12	24	0	48	4	0	0	18	2	6	0	0	2	0	0	11	3	9	0	0	3	0	0	12	5	3	26	0
71	58	42	53	41	47	32	30	0	33	31	41	35	20	14	0	52	34	123	265	37	27	30	0	25	10	0	30	20	0	0	41	20	0	165	15	21	41	22	0	0	0	13	35	0	0	19	0	14	0	32	14	123	265	27	25	30	0	20	10	0	24	20	0	0	26	20	0	163	7	0	0	20	0	0	0	5	0	0	0	14	0	0	0	21	0	0	165	13	21	41	14	0	0	0	4	14	0	0	20	0	0	0	13	35	0	0	11	0	14	0	26	14	123	265	17	14	27	0	18	10	0	16	20	0	0	20	20	0	145	2	0	0	2	0	0	0	0	0	0	0	8	0	0	0	6	0	0	163	5	0	0	7	0	0	0	0	0	0	0	18	0	0	0	5	0	0	0	6	0	0	0	15	0	0	165	8	21	41	7	21	0	0	23	77	0	0	7	0	0	0	4	14	0	0	2	0	0	0	8	35	0	0	5	0	14	0	11	14	123	265
54	46	28	12	22	38	19	0	0	23	12	22	11	0	14	0	27	6	44	126	30	17	0	0	14	0	0	9	0	0	0	19	0	0	70	11	12	22	6	0	0	0	13	12	0	0	2	0	14	0	13	6	44	126	22	17	0	0	12	0	0	9	0	0	0	14	0	0	68	2	0	0	6	0	0	0	2	0	0	0	0	0	0	0	5	0	0	70	11	12	22	7	0	0	0	6	0	0	0	6	0	0	0	13	12	0	0	2	0	14	0	13	6	44	126	14	10	0	0	12	0	0	9	0	0	0	14	0	0	52	0	0	0	0	0	0	0	0	0	0	0	0	0	0	0	0	0	0	68	2	0	0	4	0	0	0	0	0	0	0	6	0	0	0	2	0	0	0	0	0	0	0	5	0	0	70	9	12	22	9	0	0	0	31	42	0	0	3	0	0	0	6	0	0	0	0	0	0	0	11	12	0	0	2	0	14	0	8	6	44	126
34	29	18	4	7	24	10	0	0	18	4	7	0	0	14	0	10	0	7	52	19	10	0	0	10	0	0	0	0	0	0	6	0	0	21	8	4	7	0	0	0	0	11	0	0	0	0	0	14	0	4	0	7	52	14	10	0	0	10	0	0	0	0	0	0	6	0	0	19	0	0	0	0	0	0	0	0	0	0	0	0	0	0	0	0	0	0	21	8	4	7	0	0	0	0	6	0	0	0	0	0	0	0	11	0	0	0	0	0	14	0	4	0	7	52	9	6	0	0	10	0	0	0	0	0	0	6	0	0	8	0	0	0	0	0	0	0	0	0	0	0	0	0	0	0	0	0	0	19	0	0	0	0	0	0	0	0	0	0	0	0	0	0	0	0	0	0	0	0	0	0	0	0	0	0	21	8	4	7	12	0	0	0	31	16	0	0	0	0	0	0	6	0	0	0	0	0	0	0	11	0	0	0	0	0	14	0	4	0	7	52
44	33	43	46	9	24	24	32	9	37	28	9	37	36	0	0	77	63	18	0	17	17	26	8	21	18	9	24	28	0	0	36	33	18	0	24	14	9	23	12	0	8	10	6	9	0	27	8	0	0	65	42	18	0	10	15	20	0	14	12	8	18	24	0	0	17	18	16	0	8	4	9	21	8	0	0	6	4	9	0	14	0	0	0	24	12	18	0	19	14	9	19	28	0	0	0	0	0	57	21	12	0	8	10	6	9	0	16	8	0	0	52	42	18	0	4	3	8	0	12	8	0	10	16	0	0	11	12	0	0	2	0	8	2	0	0	0	0	0	8	0	8	0	0	0	6	0	16	0	6	4	9	7	8	0	0	0	0	0	55	19	8	0	0	6	4	9	0	6	0	0	0	18	12	18	0	7	8	9	3	16	36	0	0	0	18	0	12	16	0	0	0	0	0	57	2	0	0	8	0	0	9	0	10	8	0	0	20	24	18	0
56	44	31	32	38	32	26	32	7	23	32	38	31	0	0	28	40	24	0	112	24	21	32	0	21	32	7	26	0	0	0	32	24	0	24	9	0	38	22	0	0	0	5	0	0	52	19	0	0	28	29	0	0	112	16	19	32	0	16	32	0	20	0	0	0	17	24	0	22	7	0	7	20	0	0	0	5	0	0	21	14	0	0	0	21	0	0	24	7	0	38	14	0	0	0	0	0	0	0	20	0	0	0	5	0	0	52	11	0	0	28	23	0	0	112	8	5	0	0	14	32	0	12	0	0	0	11	24	0	18	2	0	0	2	0	0	0	0	0	0	19	8	0	0	0	6	0	0	22	5	0	7	7	0	0	0	0	0	0	0	18	0	0	0	5	0	0	21	6	0	0	0	15	0	0	24	2	0	38	3	0	41	0	0	0	152	0	7	0	0	0	0	0	0	0	2	0	0	0	0	0	0	52	5	0	0	28	8	0	0	112
74	56	54	122	28	39	28	94	7	45	105	28	26	209	0	28	70	213	28	83	26	22	57	0	22	81	7	12	150	0	0	24	151	7	24	20	53	28	8	132	0	0	6	24	84	52	14	157	0	28	52	174	28	83	15	22	36	0	16	46	0	12	88	0	0	14	66	0	22	3	37	7	8	100	0	0	3	21	21	21	0	106	0	0	8	118	7	24	10	31	28	13	52	0	0	0	0	56	0	8	110	0	0	6	24	84	52	4	69	0	28	28	108	28	83	7	6	7	0	16	28	0	12	28	0	0	14	21	0	18	0	14	0	0	14	0	0	0	0	0	19	0	56	0	0	0	42	0	22	3	21	7	6	21	0	0	0	0	14	0	8	84	0	0	3	21	21	21	0	42	0	0	8	70	7	24	3	7	28	6	7	41	0	0	0	112	0	7	28	0	0	0	0	56	0	0	14	0	0	0	0	84	52	4	21	0	28	10	28	28	83
57	43	46	71	13	31	26	57	0	38	47	13	39	66	0	0	82	86	13	63	22	19	39	0	21	39	0	24	54	0	0	37	57	0	0	24	20	13	19	42	0	0	8	14	26	0	29	12	0	0	67	59	13	63	13	17	32	0	14	21	0	18	42	0	0	19	21	0	0	7	12	0	17	36	0	0	5	12	0	0	14	0	0	0	22	30	0	0	17	20	13	18	46	0	0	0	0	0	0	17	42	0	0	8	14	26	0	16	12	0	0	48	59	13	63	6	5	12	0	12	18	0	10	36	0	0	13	18	0	0	2	0	0	2	0	0	0	0	0	0	0	8	0	0	0	6	0	0	0	5	12	0	5	24	0	0	0	0	0	0	15	36	0	0	5	12	0	0	6	0	0	0	16	30	0	0	8	6	13	5	12	7	0	0	0	39	0	13	18	0	0	0	0	0	0	2	0	0	0	0	0	26	0	10	12	0	0	22	24	13	63
43	34	33	25	0	25	13	10	0	27	25	0	17	10	0	0	62	61	0	0	17	9	7	0	9	10	0	10	0	0	0	15	22	0	0	21	17	0	8	7	0	0	11	7	0	0	7	10	0	0	55	45	0	0	9	9	2	0	5	7	0	10	0	0	0	6	14	0	0	3	2	0	8	2	0	0	3	2	0	0	0	0	0	0	8	6	0	0	18	17	0	13	10	0	0	0	0	0	0	8	7	0	0	11	7	0	0	4	10	0	0	48	45	0	0	2	4	0	0	5	2	0	10	0	0	0	6	4	0	0	0	0	0	0	0	0	0	0	0	0	0	0	0	0	0	0	0	0	0	3	2	0	6	0	0	0	0	0	0	0	8	2	0	0	3	2	0	0	0	0	0	0	8	6	0	0	3	10	0	6	0	0	0	0	0	0	0	7	10	0	0	0	0	0	0	0	0	0	0	0	0	0	0	4	10	0	0	10	24	0	0
56	44	45	32	19	32	20	0	0	40	32	19	37	0	39	0	85	80	76	50	20	15	0	0	15	0	0	22	0	0	0	20	0	0	16	27	32	19	23	0	14	0	12	24	0	0	23	0	39	0	71	80	76	50	8	5	0	0	10	0	0	14	0	0	0	11	0	0	8	2	0	0	2	0	0	0	0	0	0	0	8	0	0	0	6	0	0	16	15	32	19	9	0	56	0	0	0	0	0	21	0	14	0	12	24	0	0	6	0	39	0	41	80	76	50	0	0	0	0	0	0	0	0	0	0	0	0	0	0	0	0	0	0	0	0	0	0	0	0	0	0	0	0	0	0	0	0	0	8	0	0	0	0	0	0	0	0	0	0	0	0	0	0	0	0	0	0	0	0	0	0	0	0	0	0	16	0	0	19	0	0	27	0	0	0	0	0	0	0	56	0	0	0	0	0	0	0	14	0	0	0	0	0	0	0	39	0	0	0	76	50
38	30	22	12	6	22	6	0	0	20	12	6	7	0	6	0	48	24	12	9	14	5	0	0	4	0	0	4	0	0	0	6	0	0	9	16	12	6	3	0	0	0	9	6	0	0	3	0	6	0	42	24	12	9	6	2	0	0	3	0	0	4	0	0	0	5	0	0	8	0	0	0	0	0	0	0	0	0	0	0	0	0	0	0	0	0	0	9	12	12	6	2	0	10	0	0	0	0	0	3	0	0	0	9	6	0	0	0	0	6	0	32	24	12	9	0	0	0	0	0	0	0	0	0	0	0	0	0	0	0	0	0	0	0	0	0	0	0	0	0	0	0	0	0	0	0	0	0	8	0	0	0	0	0	0	0	0	0	0	0	0	0	0	0	0	0	0	0	0	0	0	0	0	0	0	9	0	0	6	0	0	8	0	0	0	0	0	0	0	10	0	0	0	0	0	0	0	0	0	0	0	0	0	0	0	6	0	0	0	12	9
25	20	14	0	2	15	1	0	0	14	0	2	0	0	2	0	35	0	0	0	10	1	0	0	1	0	0	0	0	0	0	2	0	0	0	13	0	2	1	0	0	0	9	0	0	0	0	0	2	0	33	0	0	0	5	0	0	0	1	0	0	0	0	0	0	2	0	0	0	0	0	0	0	0	0	0	0	0	0	0	0	0	0	0	0	0	0	0	13	0	2	0	0	2	0	0	0	0	0	1	0	0	0	9	0	0	0	0	0	2	0	33	0	0	0	0	0	0	0	0	0	0	0	0	0	0	0	0	0	0	0	0	0	0	0	0	0	0	0	0	0	0	0	0	0	0	0	0	0	0	0	0	0	0	0	0	0	0	0	0	0	0	0	0	0	0	0	0	0	0	0	0	0	0	0	0	0	0	2	0	0	0	0	0	0	0	0	0	0	2	0	0	0	0	0	0	0	0	0	0	0	0	0	0	0	2	0	0	0	0	0
29	23	14	5	2	17	1	0	0	14	5	2	0	0	2	0	37	5	2	0	11	1	0	0	1	0	0	0	0	0	0	2	0	0	0	13	5	2	1	0	0	0	9	0	0	0	0	0	2	0	35	5	2	0	5	0	0	0	1	0	0	0	0	0	0	2	0	0	0	0	0	0	0	0	0	0	0	0	0	0	0	0	0	0	0	0	0	0	12	5	2	0	0	2	0	0	0	0	0	1	0	0	0	9	0	0	0	0	0	2	0	32	5	2	0	0	0	0	0	0	0	0	0	0	0	0	0	0	0	0	0	0	0	0	0	0	0	0	0	0	0	0	0	0	0	0	0	0	0	0	0	0	0	0	0	0	0	0	0	0	0	0	0	0	0	0	0	0	0	0	0	0	0	0	0	0	0	0	2	0	0	0	0	0	0	0	0	0	0	2	0	0	0	0	0	0	0	0	0	0	0	0	0	0	0	2	0	0	0	2	0
45	35	28	25	2	25	5	0	0	28	25	2	14	0	2	0	58	75	10	0	15	1	0	0	5	0	0	0	0	0	0	5	0	0	0	23	25	2	1	0	0	0	5	20	0	0	14	0	2	0	53	75	10	0	5	0	0	0	1	0	0	0	0	0	0	2	0	0	0	0	0	0	0	0	0	0	0	0	0	0	0	0	0	0	0	0	0	0	8	25	2	0	0	2	0	0	0	0	0	1	0	0	0	5	20	0	0	0	0	2	0	18	75	10	0	0	0	0	0	0	0	0	0	0	0	0	0	0	0	0	0	0	0	0	0	0	0	0	0	0	0	0	0	0	0	0	0	0	0	0	0	0	0	0	0	0	0	0	0	0	0	0	0	0	0	0	0	0	0	0	0	0	0	0	0	0	0	0	2	0	0	0	0	0	0	0	0	0	0	2	0	0	0	0	0	0	0	0	0	0	0	0	0	0	0	2	0	0	0	10	0
40	29	35	26	28	18	13	8	13	31	26	28	30	16	16	13	45	58	56	21	8	3	0	0	10	8	13	10	0	14	0	8	8	26	0	15	16	28	2	0	53	0	0	0	28	41	20	16	16	13	35	48	56	21	0	0	0	0	0	0	0	0	0	0	0	0	0	0	0	0	0	13	0	0	46	0	0	0	13	7	0	0	14	0	0	0	26	0	0	0	28	0	0	22	0	0	0	0	0	0	0	53	0	0	0	28	41	0	0	16	13	0	0	56	21	0	0	0	0	0	0	0	0	0	0	0	0	0	0	0	0	0	0	0	0	0	0	0	0	0	0	0	0	0	0	0	0	0	0	0	0	13	0	0	19	0	0	0	0	0	0	0	46	0	0	0	13	7	0	0	14	0	0	0	26	0	0	0	0	0	0	0	0	0	0	0	0	0	0	0	0	0	0	0	0	0	0	0	0	0	0	0	41	0	0	0	13	0	0	0	21
55	40	40	47	47	25	18	11	19	34	47	47	33	33	16	31	49	91	141	27	11	5	0	0	13	11	19	14	0	14	0	13	11	57	0	14	33	47	2	0	72	0	0	0	47	50	19	33	16	31	34	77	141	27	0	0	0	0	0	0	0	0	0	0	0	0	0	0	0	0	0	19	0	0	56	0	0	0	19	16	0	0	14	0	0	0	57	0	0	0	47	0	0	34	0	0	0	0	0	0	0	72	0	0	0	47	50	0	0	16	31	0	0	141	27	0	0	0	0	0	0	0	0	0	0	0	0	0	0	0	0	0	0	0	0	0	0	0	0	0	8	0	0	0	0	0	0	0	0	0	0	19	0	0	27	0	0	0	0	0	0	0	56	0	0	0	19	16	0	0	14	0	0	0	57	0	0	0	0	0	0	0	0	0	0	0	0	0	0	0	0	0	0	0	0	0	0	0	0	0	0	0	50	0	0	0	31	0	0	0	27
41	29	31	41	13	17	8	6	7	30	41	13	21	30	16	7	38	66	65	2	6	1	0	0	7	6	7	4	0	14	0	6	0	35	0	12	30	13	2	0	32	0	0	0	13	28	17	30	16	7	30	66	65	2	0	0	0	0	0	0	0	0	0	0	0	0	0	0	0	0	0	7	0	0	28	0	0	0	7	7	0	0	14	0	0	0	35	0	0	0	13	0	0	8	0	0	0	0	0	0	0	32	0	0	0	13	28	0	0	16	7	0	0	65	2	0	0	0	0	0	0	0	0	0	0	0	0	0	0	0	0	0	0	0	0	0	0	0	0	0	0	0	0	0	0	0	0	0	0	0	0	7	0	0	7	0	0	0	0	0	0	0	28	0	0	0	7	7	0	0	14	0	0	0	35	0	0	0	0	0	0	0	0	0	0	0	0	0	0	0	0	0	0	0	0	0	0	0	0	0	0	0	28	0	0	0	7	0	0	0	2
35	26	21	8	24	17	4	0	0	21	8	24	14	0	0	0	36	24	24	29	8	0	0	0	4	0	0	0	0	0	0	3	0	0	0	14	8	24	0	0	0	0	0	0	0	0	14	0	0	0	32	24	24	29	0	0	0	0	0	0	0	0	0	0	0	0	0	0	0	0	0	0	0	0	0	0	0	0	0	0	0	0	0	0	0	0	0	0	0	0	24	0	0	0	0	0	0	0	0	0	0	0	0	0	0	0	0	0	0	0	0	0	0	24	29	0	0	0	0	0	0	0	0	0	0	0	0	0	0	0	0	0	0	0	0	0	0	0	0	0	0	0	0	0	0	0	0	0	0	0	0	0	0	0	0	0	0	0	0	0	0	0	0	0	0	0	0	0	0	0	0	0	0	0	0	0	0	0	0	0	0	0	0	0	0	0	0	0	0	0	0	0	0	0	0	0	0	0	0	0	0	0	0	0	0	0	0	0	0	0	29
38	27	23	34	13	16	3	6	0	22	34	13	10	24	0	0	31	58	52	21	6	0	0	0	3	6	0	0	0	0	0	2	6	0	0	11	24	13	0	0	0	0	0	0	13	0	10	24	0	0	27	48	52	21	0	0	0	0	0	0	0	0	0	0	0	0	0	0	0	0	0	0	0	0	0	0	0	0	0	0	0	0	0	0	0	0	0	0	0	0	13	0	0	0	0	0	0	0	0	0	0	0	0	0	0	13	0	0	0	0	0	0	0	52	21	0	0	0	0	0	0	0	0	0	0	0	0	0	0	0	0	0	0	0	0	0	0	0	0	0	0	0	0	0	0	0	0	0	0	0	0	0	0	0	0	0	0	0	0	0	0	0	0	0	0	0	0	0	0	0	0	0	0	0	0	0	0	0	0	0	0	0	0	0	0	0	0	0	0	0	0	0	0	0	0	0	0	0	0	0	0	0	0	0	0	0	0	0	0	0	21
24	15	10	18	13	6	0	0	7	10	18	13	0	0	13	0	2	0	39	13	0	0	0	7	0	0	7	0	0	7	0	0	0	21	7	0	0	13	0	0	0	0	0	0	0	0	0	0	13	0	0	0	39	13	0	0	0	7	0	0	7	0	0	7	0	0	0	21	0	0	0	7	0	0	0	0	0	0	0	0	0	0	7	0	0	0	21	7	0	0	0	0	0	0	0	0	0	0	0	0	0	0	0	0	0	0	0	0	0	0	0	0	0	0	13	0	0	0	7	0	0	7	0	0	7	0	0	0	21	0	0	0	7	0	0	0	0	0	0	0	0	0	0	7	0	0	0	21	0	0	0	0	0	0	0	0	0	0	0	0	0	0	0	0	0	0	0	0	0	0	0	0	0	0	0	7	0	0	0	0	0	0	0	0	0	0	0	0	0	0	0	0	0	0	0	0	0	0	0	0	0	0	0	0	0	0	0	0	0	0	0
36	23	22	30	54	10	1	0	20	20	30	54	4	0	123	24	8	10	162	101	0	0	0	19	0	0	20	0	0	80	21	0	0	60	39	0	0	54	0	0	11	7	0	0	0	0	0	0	123	24	0	0	162	101	0	0	0	12	0	0	19	0	0	76	0	0	0	57	0	0	0	20	0	0	8	0	0	0	0	0	0	0	80	21	0	0	60	39	0	0	0	0	0	0	0	0	0	0	28	0	0	0	7	0	0	0	0	0	0	0	24	0	0	0	101	0	0	0	12	0	0	12	0	0	48	0	0	0	36	0	0	0	19	0	0	7	0	0	0	0	0	0	0	76	0	0	0	57	0	0	0	0	0	0	0	0	0	0	0	7	0	0	0	0	0	0	0	0	0	0	0	21	0	0	0	39	0	0	0	0	0	0	0	0	0	0	0	0	0	0	0	0	0	0	28	0	0	0	7	0	0	0	0	0	0	0	0	0	0	0	0
36	23	18	30	50	10	1	0	8	16	30	50	4	0	75	24	7	10	150	125	0	0	0	7	0	0	8	0	0	32	21	0	0	24	39	0	0	50	0	0	11	7	0	0	0	0	0	0	75	24	0	0	150	125	0	0	0	0	0	0	7	0	0	28	0	0	0	21	0	0	0	8	0	0	8	0	0	0	0	0	0	0	32	21	0	0	24	39	0	0	0	0	0	0	0	0	0	0	28	0	0	0	7	0	0	0	0	0	0	0	24	0	0	0	125	0	0	0	0	0	0	0	0	0	0	0	0	0	0	0	0	0	7	0	0	7	0	0	0	0	0	0	0	28	0	0	0	21	0	0	0	0	0	0	0	0	0	0	0	7	0	0	0	0	0	0	0	0	0	0	0	21	0	0	0	39	0	0	0	0	0	0	0	0	0	0	0	0	0	0	0	0	0	0	28	0	0	0	7	0	0	0	0	0	0	0	0	0	0	0	0
23	15	13	7	23	7	0	0	0	13	7	23	0	0	23	0	4	0	23	73	0	0	0	0	0	0	0	0	0	0	0	0	0	0	26	0	0	23	0	0	0	0	0	0	0	0	0	0	23	0	0	0	23	73	0	0	0	0	0	0	0	0	0	0	0	0	0	0	0	0	0	0	0	0	0	0	0	0	0	0	0	0	0	0	0	0	0	26	0	0	0	0	0	0	0	0	0	0	0	0	0	0	0	0	0	0	0	0	0	0	0	0	0	0	73	0	0	0	0	0	0	0	0	0	0	0	0	0	0	0	0	0	0	0	0	0	0	0	0	0	0	0	0	0	0	0	0	0	0	0	0	0	0	0	0	0	0	0	0	0	0	0	0	0	0	0	0	0	0	0	0	0	0	0	0	26	0	0	0	0	0	0	0	0	0	0	0	0	0	0	0	0	0	0	0	0	0	0	0	0	0	0	0	0	0	0	0	0	0	0	0
20	13	12	6	12	6	0	0	0	12	6	12	0	0	12	0	3	0	12	26	0	0	0	0	0	0	0	0	0	0	0	0	0	0	7	0	0	12	0	0	0	0	0	0	0	0	0	0	12	0	0	0	12	26	0	0	0	0	0	0	0	0	0	0	0	0	0	0	0	0	0	0	0	0	0	0	0	0	0	0	0	0	0	0	0	0	0	7	0	0	0	0	0	0	0	0	0	0	0	0	0	0	0	0	0	0	0	0	0	0	0	0	0	0	26	0	0	0	0	0	0	0	0	0	0	0	0	0	0	0	0	0	0	0	0	0	0	0	0	0	0	0	0	0	0	0	0	0	0	0	0	0	0	0	0	0	0	0	0	0	0	0	0	0	0	0	0	0	0	0	0	0	0	0	0	7	0	0	0	0	0	0	0	0	0	0	0	0	0	0	0	0	0	0	0	0	0	0	0	0	0	0	0	0	0	0	0	0	0	0	0
30	15	1	0	135	0	0	0	107	0	0	135	0	0	0	19	0	0	0	117	0	0	0	107	0	0	107	0	0	0	19	0	0	0	35	0	0	0	0	0	0	0	0	0	0	0	0	0	0	19	0	0	0	117	0	0	0	107	0	0	107	0	0	0	19	0	0	0	33	0	0	0	0	0	0	0	0	0	0	0	0	0	0	19	0	0	0	35	0	0	0	0	0	0	0	0	0	0	0	0	0	0	0	0	0	0	0	0	0	0	0	0	0	0	0	0	0	0	104	0	0	107	0	0	0	19	0	0	0	19	0	0	0	0	0	0	0	0	0	0	0	0	0	0	19	0	0	0	33	0	0	0	0	0	0	0	0	0	0	0	0	0	0	0	0	0	0	0	0	0	0	0	0	0	0	0	0	0	0	0	0	0	15	0	0	0	0	0	0	0	0	0	0	0	0	0	0	0	0	0	0	0	0	0	0	0	0	0	0	0	0
34	17	7	0	148	0	0	0	139	0	0	148	0	0	46	34	0	0	0	13	0	0	0	134	0	0	139	0	0	44	28	0	0	0	7	0	0	0	0	0	0	38	0	0	0	0	0	0	0	34	0	0	0	13	0	0	0	132	0	0	134	0	0	37	26	0	0	0	7	0	0	0	0	0	0	33	0	0	0	0	0	0	0	28	0	0	0	7	0	0	0	0	0	0	13	0	0	0	0	0	0	0	38	0	0	0	0	0	0	0	0	0	0	0	0	0	0	0	106	0	0	132	0	0	34	12	0	0	0	7	0	0	0	0	0	0	0	0	0	0	0	0	0	0	26	0	0	0	7	0	0	0	0	0	0	0	0	0	0	0	0	0	0	33	0	0	0	0	0	0	0	0	0	0	0	0	0	0	0	0	0	0	37	0	0	0	79	0	0	0	13	0	0	0	0	0	0	0	0	0	0	0	0	0	0	0	0	0	0	0	0
26	13	2	0	89	0	0	0	42	0	0	89	0	0	13	64	0	0	0	152	0	0	0	33	0	0	42	0	0	11	28	0	0	0	35	0	0	0	0	0	0	24	0	0	0	13	0	0	0	64	0	0	0	152	0	0	0	32	0	0	33	0	0	8	26	0	0	0	33	0	0	0	0	0	0	21	0	0	0	7	0	0	0	28	0	0	0	35	0	0	0	0	0	0	7	0	0	0	0	0	0	0	24	0	0	0	13	0	0	0	0	0	0	0	0	0	0	0	15	0	0	32	0	0	7	12	0	0	0	19	0	0	0	0	0	0	0	0	0	0	0	0	0	0	26	0	0	0	33	0	0	0	0	0	0	0	0	0	0	0	0	0	0	21	0	0	0	7	0	0	0	0	0	0	0	0	0	0	0	0	0	0	6	0	0	0	66	0	0	0	7	0	0	0	0	0	0	0	0	0	0	0	0	0	0	0	0	0	0	0	0
39	19	10	19	162	0	0	0	130	0	0	162	0	0	78	107	0	0	162	104	0	0	0	99	0	0	130	0	0	76	28	0	0	130	28	0	0	0	0	0	0	44	0	0	0	88	0	0	0	107	0	0	0	104	0	0	0	95	0	0	99	0	0	67	26	0	0	99	26	0	0	0	0	0	0	37	0	0	0	32	0	0	0	28	0	0	0	28	0	0	0	0	0	0	21	0	0	0	0	0	0	0	44	0	0	0	88	0	0	0	0	0	0	0	0	0	0	0	67	0	0	95	0	0	60	12	0	0	95	12	0	0	0	0	0	0	0	0	0	0	0	0	0	0	26	0	0	0	26	0	0	0	0	0	0	0	0	0	0	0	0	0	0	37	0	0	0	32	0	0	0	0	0	0	0	0	0	0	0	0	0	0	15	0	0	0	88	0	0	0	21	0	0	0	0	0	0	0	0	0	0	0	0	0	0	0	0	0	0	0	0
34	16	13	32	153	0	0	0	151	0	0	153	0	0	118	22	0	0	306	0	0	0	0	144	0	0	151	0	0	116	16	0	0	302	0	0	0	0	0	0	0	51	0	0	0	0	0	0	0	22	0	0	0	0	0	0	0	135	0	0	144	0	0	107	14	0	0	288	0	0	0	0	0	0	0	39	0	0	0	0	0	0	0	16	0	0	0	0	0	0	0	0	0	0	31	0	0	0	0	0	0	0	51	0	0	0	0	0	0	0	0	0	0	0	0	0	0	0	102	0	0	135	0	0	100	0	0	0	270	0	0	0	0	0	0	0	0	0	0	0	0	0	0	0	14	0	0	0	0	0	0	0	0	0	0	0	0	0	0	0	0	0	0	39	0	0	0	0	0	0	0	0	0	0	0	0	0	0	0	0	0	0	52	0	0	0	88	0	0	0	31	0	0	0	0	0	0	0	0	0	0	0	0	0	0	0	0	0	0	0	0
11	0	0	0	135	0	0	0	83	0	0	0	0	0	0	186	0	0	0	315	0	0	0	81	0	0	0	0	0	0	178	0	0	0	281	0	0	0	0	0	0	22	0	0	0	0	0	0	0	0	0	0	0	0	0	0	0	75	0	0	0	0	0	0	158	0	0	0	243	0	0	0	0	0	0	16	0	0	0	0	0	0	0	0	0	0	0	0	0	0	0	0	0	0	44	0	0	0	0	0	0	0	0	0	0	0	0	0	0	0	0	0	0	0	0	0	0	0	71	0	0	0	0	0	0	147	0	0	0	230	0	0	0	0	0	0	14	0	0	0	0	0	0	0	0	0	0	0	0	0	0	0	0	0	0	37	0	0	0	0	0	0	0	0	0	0	0	0	0	0	0	0	0	0	0	0	0	0	0	0	0	0	21	0	0	0	0	0	0	0	0	0	0	0	0	0	0	0	0	0	0	0	0	0	0	0	0	0	0	0	0
6	0	0	0	59	0	0	0	35	0	0	0	0	0	0	69	0	0	0	153	0	0	0	35	0	0	0	0	0	0	69	0	0	0	151	0	0	0	0	0	0	0	0	0	0	0	0	0	0	0	0	0	0	0	0	0	0	32	0	0	0	0	0	0	61	0	0	0	144	0	0	0	0	0	0	0	0	0	0	0	0	0	0	0	0	0	0	0	0	0	0	0	0	0	20	0	0	0	0	0	0	0	0	0	0	0	0	0	0	0	0	0	0	0	0	0	0	0	29	0	0	0	0	0	0	54	0	0	0	135	0	0	0	0	0	0	0	0	0	0	0	0	0	0	0	0	0	0	0	0	0	0	0	0	0	16	0	0	0	0	0	0	0	0	0	0	0	0	0	0	0	0	0	0	0	0	0	0	0	0	0	0	14	0	0	0	0	0	0	0	0	0	0	0	0	0	0	0	0	0	0	0	0	0	0	0	0	0	0	0	0
