99	94	14	4	0	89	0	0	0	14	4	0	0	0	0	0	32	4	0	0	84	0	0	0	0	0	0	0	0	0	0	0	0	0	0	14	4	0	0	0	0	0	0	0	0	0	0	0	0	0	32	4	0	0	79	0	0	0	0	0	0	0	0	0	0	0	0	0	0	0	0	0	0	0	0	0	0	0	0	0	0	0	0	0	0	0	0	0	14	4	0	0	0	0	0	0	0	0	0	0	0	0	0	0	0	0	0	0	0	0	0	32	4	0	0	74	0	0	0	0	0	0	0	0	0	0	0	0	0	0	0	0	0	0	0	0	0	0	0	0	0	0	0	0	0	0	0	0	0	0	0	0	0	0	0	0	0	0	0	0	0	0	0	0	0	0	0	0	0	0	0	0	0	0	0	0	14	4	0	0	0	0	0	0	0	0	0	0	0	0	0	0	0	0	0	0	0	0	0	0	0	0	0	0	0	0	0	32	4	0	0
118	112	16	8	0	106	1	0	0	16	8	0	0	0	0	0	35	12	0	0	100	1	0	0	1	0	0	0	0	0	0	2	0	0	0	16	8	0	0	0	0	0	0	0	0	0	0	0	0	0	35	12	0	0	94	1	0	0	1	0	0	0	0	0	0	2	0	0	0	1	0	0	0	0	0	0	0	0	0	0	0	0	0	0	2	0	0	0	16	8	0	0	0	0	0	0	0	0	0	0	0	0	0	0	0	0	0	0	0	0	0	35	12	0	0	88	1	0	0	1	0	0	0	0	0	0	2	0	0	0	1	0	0	0	0	0	0	0	0	0	0	0	0	0	0	2	0	0	0	1	0	0	0	0	0	0	0	0	0	0	0	0	0	0	0	0	0	0	0	0	0	0	2	0	0	0	16	8	0	0	0	0	0	2	0	0	0	0	0	0	0	0	0	0	0	0	0	0	0	0	0	0	0	0	0	0	0	35	12	0	0
118	112	16	8	0	106	1	0	0	16	8	0	0	0	0	0	35	12	0	0	100	1	0	0	1	0	0	0	0	0	0	2	0	0	0	16	8	0	0	0	0	0	0	0	0	0	0	0	0	0	35	12	0	0	94	1	0	0	1	0	0	0	0	0	0	2	0	0	0	1	0	0	0	0	0	0	0	0	0	0	0	0	0	0	2	0	0	0	16	8	0	0	0	0	0	0	0	0	0	0	0	0	0	0	0	0	0	0	0	0	0	35	12	0	0	88	1	0	0	1	0	0	0	0	0	0	2	0	0	0	1	0	0	0	0	0	0	0	0	0	0	0	0	0	0	2	0	0	0	1	0	0	0	0	0	0	0	0	0	0	0	0	0	0	0	0	0	0	0	0	0	0	2	0	0	0	16	8	0	0	0	0	0	2	0	0	0	0	0	0	0	0	0	0	0	0	0	0	0	0	0	0	0	0	0	0	0	35	12	0	0
156	148	24	16	0	140	4	0	0	24	16	0	0	0	0	0	49	40	0	0	132	4	0	0	4	0	0	0	0	0	0	7	0	0	0	24	16	0	0	0	0	0	0	0	0	0	0	0	0	0	49	40	0	0	124	4	0	0	4	0	0	0	0	0	0	7	0	0	0	4	0	0	0	0	0	0	0	0	0	0	0	0	0	0	7	0	0	0	24	16	0	0	0	0	0	0	0	0	0	0	0	0	0	0	0	0	0	0	0	0	0	49	40	0	0	116	4	0	0	4	0	0	0	0	0	0	7	0	0	0	4	0	0	0	0	0	0	0	0	0	0	0	0	0	0	7	0	0	0	4	0	0	0	0	0	0	0	0	0	0	0	0	0	0	0	0	0	0	0	0	0	0	7	0	0	0	24	16	0	0	0	0	0	10	0	0	0	0	0	0	0	0	0	0	0	0	0	0	0	0	0	0	0	0	0	0	0	49	40	0	0
175	166	28	20	0	157	4	0	0	28	20	0	0	0	0	0	59	60	0	0	148	4	0	0	4	0	0	0	0	0	0	7	0	0	0	28	20	0	0	0	0	0	0	0	0	0	0	0	0	0	59	60	0	0	139	4	0	0	4	0	0	0	0	0	0	7	0	0	0	4	0	0	0	0	0	0	0	0	0	0	0	0	0	0	7	0	0	0	28	20	0	0	0	0	0	0	0	0	0	0	0	0	0	0	0	0	0	0	0	0	0	59	60	0	0	130	4	0	0	4	0	0	0	0	0	0	7	0	0	0	4	0	0	0	0	0	0	0	0	0	0	0	0	0	0	7	0	0	0	4	0	0	0	0	0	0	0	0	0	0	0	0	0	0	0	0	0	0	0	0	0	0	7	0	0	0	28	20	0	0	0	0	0	10	0	0	0	0	0	0	0	0	0	0	0	0	0	0	0	0	0	0	0	0	0	0	0	59	60	0	0
189	179	22	9	20	169	7	0	0	22	9	20	0	0	0	0	46	9	20	0	159	7	0	0	7	0	0	0	0	0	0	11	0	0	0	22	9	20	0	0	0	0	0	0	0	0	0	0	0	0	46	9	20	0	149	7	0	0	7	0	0	0	0	0	0	11	0	0	0	7	0	0	0	0	0	0	0	0	0	0	0	0	0	0	11	0	0	0	22	9	20	0	0	0	0	0	0	0	0	0	0	0	0	0	0	0	0	0	0	0	0	46	9	20	0	139	7	0	0	7	0	0	0	0	0	0	11	0	0	0	7	0	0	0	0	0	0	0	0	0	0	0	0	0	0	11	0	0	0	7	0	0	0	0	0	0	0	0	0	0	0	0	0	0	0	0	0	0	0	0	0	0	11	0	0	0	22	9	20	0	0	0	0	16	0	0	0	0	0	0	0	0	0	0	0	0	0	0	0	0	0	0	0	0	0	0	0	46	9	20	0
199	188	30	26	16	177	12	10	0	30	26	16	4	0	0	0	56	44	32	0	166	12	10	0	12	10	0	4	0	0	0	20	20	0	0	30	26	16	0	0	0	0	3	0	0	0	4	0	0	0	56	44	32	0	155	12	10	0	12	10	0	4	0	0	0	20	20	0	0	12	10	0	0	0	0	0	1	0	0	0	4	0	0	0	20	20	0	0	30	26	16	4	0	0	0	2	0	0	0	0	0	0	0	3	0	0	0	4	0	0	0	56	44	32	0	144	10	10	0	12	10	0	4	0	0	0	20	20	0	0	12	10	0	0	0	0	0	1	0	0	0	4	0	0	0	20	20	0	0	12	10	0	0	0	0	0	1	0	0	0	0	0	0	0	1	0	0	0	4	0	0	0	20	20	0	0	30	26	16	2	0	0	0	16	20	0	0	4	0	0	0	2	0	0	0	0	0	0	0	3	0	0	0	4	0	0	0	56	44	32	0
190	179	37	36	8	168	16	18	0	37	36	8	8	0	0	0	72	63	24	0	157	16	18	0	16	18	0	8	0	0	0	34	27	0	0	37	36	8	0	0	0	0	4	0	0	0	8	0	0	0	72	63	24	0	146	16	18	0	16	18	0	8	0	0	0	34	27	0	0	16	18	0	0	0	0	0	1	0	0	0	8	0	0	0	34	27	0	0	37	36	8	8	0	0	0	3	0	0	0	0	0	0	0	4	0	0	0	8	0	0	0	72	63	24	0	135	10	18	0	16	18	0	8	0	0	0	34	27	0	0	16	18	0	0	0	0	0	1	0	0	0	8	0	0	0	34	27	0	0	16	18	0	0	0	0	0	1	0	0	0	0	0	0	0	1	0	0	0	8	0	0	0	34	27	0	0	37	36	8	3	0	0	0	13	54	0	0	8	0	0	0	3	0	0	0	0	0	0	0	4	0	0	0	8	0	0	0	72	63	24	0
197	186	35	34	8	175	12	10	0	35	34	8	4	0	0	0	62	80	32	0	164	12	10	0	12	10	0	4	0	0	0	20	20	0	0	35	34	8	0	0	0	0	3	0	0	0	4	0	0	0	62	80	32	0	153	12	10	0	12	10	0	4	0	0	0	20	20	0	0	12	10	0	0	0	0	0	1	0	0	0	4	0	0	0	20	20	0	0	35	34	8	4	0	0	0	2	0	0	0	0	0	0	0	3	0	0	0	4	0	0	0	62	80	32	0	142	10	10	0	12	10	0	4	0	0	0	20	20	0	0	12	10	0	0	0	0	0	1	0	0	0	4	0	0	0	20	20	0	0	12	10	0	0	0	0	0	1	0	0	0	0	0	0	0	1	0	0	0	4	0	0	0	20	20	0	0	35	34	8	2	0	0	0	20	20	0	0	4	0	0	0	2	0	0	0	0	0	0	0	3	0	0	0	4	0	0	0	62	80	32	0
185	175	42	25	4	165	17	0	0	42	25	4	7	0	0	0	73	75	20	0	155	17	0	0	17	0	0	7	0	0	0	26	0	0	0	42	25	4	0	0	0	0	3	0	0	0	7	0	0	0	73	75	20	0	145	17	0	0	17	0	0	7	0	0	0	26	0	0	0	17	0	0	0	0	0	0	3	0	0	0	7	0	0	0	26	0	0	0	42	25	4	0	0	0	0	1	0	0	0	0	0	0	0	3	0	0	0	7	0	0	0	73	75	20	0	135	17	0	0	17	0	0	7	0	0	0	26	0	0	0	17	0	0	0	0	0	0	3	0	0	0	7	0	0	0	26	0	0	0	17	0	0	0	0	0	0	1	0	0	0	0	0	0	0	3	0	0	0	7	0	0	0	26	0	0	0	42	25	4	0	0	0	0	30	0	0	0	0	0	0	0	1	0	0	0	0	0	0	0	3	0	0	0	7	0	0	0	73	75	20	0
212	199	44	39	34	186	25	30	0	44	39	34	14	0	0	0	78	49	34	56	173	25	30	0	25	30	0	14	0	0	0	52	40	0	0	44	39	34	0	0	0	0	9	0	0	0	14	0	0	0	78	49	34	56	160	25	30	0	25	30	0	14	0	0	0	52	40	0	0	25	30	0	0	0	0	0	5	0	0	0	14	0	0	0	52	40	0	0	44	39	34	8	0	0	0	4	0	0	0	0	0	0	0	9	0	0	0	14	0	0	0	78	49	34	56	147	19	30	0	25	30	0	14	0	0	0	52	40	0	0	25	30	0	0	0	0	0	5	0	0	0	14	0	0	0	52	40	0	0	25	30	0	0	0	0	0	1	0	0	0	0	0	0	0	5	0	0	0	14	0	0	0	52	40	0	0	44	39	34	5	0	0	0	24	60	0	0	8	0	0	0	4	0	0	0	0	0	0	0	9	0	0	0	14	0	0	0	78	49	34	56
210	197	41	48	25	184	22	30	0	41	48	25	9	20	0	0	70	54	50	36	171	21	30	0	22	30	0	9	20	0	0	46	30	0	0	41	48	25	0	0	0	0	7	12	0	0	9	20	0	0	70	54	50	36	158	20	30	0	21	30	0	8	20	0	0	42	30	0	0	22	30	0	0	0	0	0	4	10	0	0	9	20	0	0	46	30	0	0	41	48	25	4	0	0	0	5	12	0	0	0	0	0	0	7	12	0	0	9	20	0	0	70	54	50	36	145	18	30	0	20	30	0	8	20	0	0	38	30	0	0	21	30	0	0	0	0	0	4	10	0	0	8	20	0	0	42	30	0	0	22	30	0	0	0	0	0	0	10	0	0	0	0	0	0	4	10	0	0	9	20	0	0	46	30	0	0	41	48	25	4	0	0	0	28	20	0	0	4	0	0	0	5	12	0	0	0	0	0	0	7	12	0	0	9	20	0	0	70	54	50	36
177	167	39	21	17	157	22	0	0	39	21	17	8	0	0	0	60	35	51	20	147	22	0	0	22	0	0	8	0	0	0	38	0	0	0	39	21	17	0	0	0	0	6	0	0	0	8	0	0	0	60	35	51	20	137	22	0	0	22	0	0	8	0	0	0	38	0	0	0	22	0	0	0	0	0	0	6	0	0	0	8	0	0	0	38	0	0	0	39	21	17	2	0	0	0	7	0	0	0	0	0	0	0	6	0	0	0	8	0	0	0	60	35	51	20	127	21	0	0	22	0	0	8	0	0	0	38	0	0	0	22	0	0	0	0	0	0	6	0	0	0	8	0	0	0	38	0	0	0	22	0	0	0	0	0	0	1	0	0	0	0	0	0	0	6	0	0	0	8	0	0	0	38	0	0	0	39	21	17	1	0	0	0	27	7	0	0	2	0	0	0	7	0	0	0	0	0	0	0	6	0	0	0	8	0	0	0	60	35	51	20
176	166	45	24	11	156	26	0	0	45	24	11	12	0	0	0	65	48	44	12	146	26	0	0	26	0	0	12	0	0	0	46	0	0	0	45	24	11	4	0	0	0	9	0	0	0	12	0	0	0	65	48	44	12	136	26	0	0	26	0	0	12	0	0	0	46	0	0	0	26	0	0	4	0	0	0	9	0	0	0	12	0	0	0	46	0	0	0	45	24	11	8	0	0	0	14	0	0	0	4	0	0	0	9	0	0	0	12	0	0	0	65	48	44	12	126	23	0	0	26	0	0	12	0	0	0	46	0	0	0	26	0	0	4	0	0	0	9	0	0	0	12	0	0	0	46	0	0	0	26	0	0	0	0	0	0	1	0	0	0	4	0	0	0	9	0	0	0	12	0	0	0	46	0	0	0	45	24	11	4	0	0	0	20	18	0	0	8	0	0	0	14	0	0	0	4	0	0	0	9	0	0	0	12	0	0	0	65	48	44	12
236	219	62	112	5	202	30	82	0	62	112	5	19	58	0	0	91	200	25	4	185	28	82	0	30	82	0	13	58	0	0	61	144	0	0	62	112	5	5	0	0	0	14	20	0	0	19	58	0	0	91	200	25	4	168	28	82	0	28	82	0	13	58	0	0	59	144	0	0	30	82	0	5	0	0	0	10	20	0	0	13	58	0	0	61	144	0	0	62	112	5	16	0	0	0	21	0	0	0	5	0	0	0	14	20	0	0	19	58	0	0	91	200	25	4	151	20	82	0	28	82	0	13	58	0	0	59	144	0	0	28	82	0	5	0	0	0	8	20	0	0	13	58	0	0	59	144	0	0	30	82	0	0	0	0	0	2	0	0	0	5	0	0	0	10	20	0	0	13	58	0	0	61	144	0	0	59	112	5	7	0	0	0	16	58	0	0	16	0	0	0	21	0	0	0	5	0	0	0	14	20	0	0	19	58	0	0	91	200	25	4
192	180	41	30	35	168	28	20	0	41	30	35	17	10	0	0	56	41	35	92	156	26	20	0	28	20	0	11	10	0	0	51	40	0	0	41	30	35	4	0	0	0	11	20	0	0	17	10	0	0	56	41	35	92	144	26	20	0	26	20	0	11	10	0	0	49	40	0	0	28	20	0	4	0	0	0	10	20	0	0	11	10	0	0	51	40	0	0	41	30	35	12	0	0	0	20	0	0	0	4	0	0	0	11	20	0	0	17	10	0	0	56	41	35	92	132	21	19	0	26	20	0	11	10	0	0	49	40	0	0	26	20	0	4	0	0	0	8	20	0	0	11	10	0	0	49	40	0	0	28	20	0	0	0	0	0	2	0	0	0	4	0	0	0	10	20	0	0	11	10	0	0	51	40	0	0	41	30	35	4	9	0	0	15	0	0	0	12	0	0	0	20	0	0	0	4	0	0	0	11	20	0	0	17	10	0	0	56	41	35	92
168	158	37	16	26	148	29	0	0	37	16	26	12	0	0	0	56	0	52	58	138	29	0	0	29	0	0	12	0	0	0	56	0	0	0	37	16	26	4	0	0	0	11	0	0	0	12	0	0	0	56	0	52	58	128	26	0	0	29	0	0	12	0	0	0	56	0	0	0	29	0	0	4	0	0	0	11	0	0	0	12	0	0	0	56	0	0	0	37	16	26	12	0	0	0	14	24	0	0	4	0	0	0	11	0	0	0	12	0	0	0	56	0	52	58	118	21	0	0	26	0	0	12	0	0	0	50	0	0	0	29	0	0	4	0	0	0	11	0	0	0	12	0	0	0	56	0	0	0	29	0	0	0	0	0	0	1	0	0	0	4	0	0	0	11	0	0	0	12	0	0	0	56	0	0	0	37	16	26	4	0	0	0	6	0	0	0	12	0	0	0	14	24	0	0	4	0	0	0	11	0	0	0	12	0	0	0	56	0	52	58
179	166	42	53	18	153	24	39	0	42	53	18	14	0	0	0	48	96	36	33	140	23	39	0	24	39	0	10	0	0	0	44	96	0	0	42	53	18	4	0	0	0	12	9	0	0	14	0	0	0	48	96	36	33	127	20	37	0	23	39	0	10	0	0	0	44	96	0	0	24	39	0	4	0	0	0	9	9	0	0	10	0	0	0	44	96	0	0	42	53	18	10	14	0	0	18	21	0	0	4	0	0	0	12	9	0	0	14	0	0	0	48	96	36	33	114	16	30	0	20	37	0	10	0	0	0	38	88	0	0	23	39	0	4	0	0	0	9	9	0	0	10	0	0	0	44	96	0	0	24	39	0	0	0	0	0	0	0	0	0	4	0	0	0	9	9	0	0	10	0	0	0	44	96	0	0	36	53	18	4	0	0	0	5	0	18	0	10	14	0	0	18	21	0	0	4	0	0	0	12	9	0	0	14	0	0	0	48	96	36	33
215	200	51	85	11	185	33	63	0	51	85	11	20	40	0	0	73	113	33	16	170	30	59	0	33	63	0	10	36	0	0	64	106	0	0	51	85	11	1	36	0	0	14	31	0	0	20	40	0	0	73	113	33	16	155	23	53	0	30	59	0	10	36	0	0	62	104	0	0	33	63	0	1	36	0	0	10	27	0	0	10	36	0	0	64	106	0	0	51	85	11	6	36	0	0	20	42	0	0	1	36	0	0	14	31	0	0	20	40	0	0	73	113	33	16	140	19	38	0	23	53	0	10	30	0	0	50	86	0	0	30	59	0	1	36	0	0	8	27	0	0	10	36	0	0	62	104	0	0	33	63	0	0	0	0	0	1	0	0	0	1	36	0	0	10	27	0	0	10	36	0	0	64	106	0	0	50	85	11	2	18	0	0	7	12	22	0	6	36	0	0	20	42	0	0	1	36	0	0	14	31	0	0	20	40	0	0	73	113	33	16
143	134	40	24	5	125	26	14	0	40	24	5	14	0	0	0	52	42	10	5	116	25	14	0	26	14	0	10	0	0	0	48	42	0	0	40	24	5	4	0	0	0	12	7	0	0	14	0	0	0	52	42	10	5	107	22	10	0	25	14	0	10	0	0	0	48	42	0	0	26	14	0	4	0	0	0	9	7	0	0	10	0	0	0	48	42	0	0	40	24	5	8	20	0	0	21	15	0	0	4	0	0	0	12	7	0	0	14	0	0	0	52	42	10	5	98	19	0	0	22	10	0	10	0	0	0	42	30	0	0	25	14	0	4	0	0	0	9	7	0	0	10	0	0	0	48	42	0	0	26	14	0	0	0	0	0	0	0	0	0	4	0	0	0	9	7	0	0	10	0	0	0	48	42	0	0	40	24	5	4	0	0	0	5	0	10	0	8	20	0	0	21	15	0	0	4	0	0	0	12	7	0	0	14	0	0	0	52	42	10	5
112	105	23	0	35	98	23	0	0	23	0	35	5	0	0	0	47	0	0	95	91	23	0	0	23	0	0	5	0	0	0	47	0	0	0	23	0	35	4	0	0	0	9	0	0	0	5	0	0	0	47	0	0	95	84	11	0	0	23	0	0	5	0	0	0	47	0	0	0	23	0	0	4	0	0	0	9	0	0	0	5	0	0	0	47	0	0	0	23	0	35	0	0	29	0	0	0	0	0	4	0	0	0	9	0	0	0	5	0	0	0	47	0	0	95	77	9	0	0	11	0	0	3	0	0	0	19	0	0	0	23	0	0	4	0	0	0	9	0	0	0	5	0	0	0	47	0	0	0	23	0	0	0	0	0	0	0	0	0	0	4	0	0	0	9	0	0	0	5	0	0	0	47	0	0	0	23	0	35	0	0	15	0	1	0	0	0	0	0	29	0	0	0	0	0	4	0	0	0	9	0	0	0	5	0	0	0	47	0	0	95
161	149	35	41	26	137	24	41	0	35	41	26	13	0	0	0	46	82	0	60	125	23	41	0	24	41	0	9	0	0	0	40	82	0	0	35	41	26	9	0	0	0	12	7	0	0	13	0	0	0	46	82	0	60	113	9	20	0	23	41	0	9	0	0	0	40	82	0	0	24	41	0	4	0	0	0	7	7	0	0	9	0	0	0	40	82	0	0	35	41	26	1	0	29	0	11	0	78	0	9	0	0	0	12	7	0	0	13	0	0	0	46	82	0	60	101	7	20	0	9	20	0	2	0	0	0	12	40	0	0	23	41	0	4	0	0	0	7	7	0	0	9	0	0	0	40	82	0	0	24	41	0	0	0	0	0	3	0	0	0	4	0	0	0	7	7	0	0	9	0	0	0	40	82	0	0	31	41	26	0	0	6	0	2	0	0	0	1	0	29	0	11	0	78	0	9	0	0	0	12	7	0	0	13	0	0	0	46	82	0	60
132	123	34	20	6	114	25	20	0	34	20	6	28	0	0	0	41	30	0	11	105	21	20	0	25	20	0	18	0	0	0	31	30	0	0	34	20	6	15	0	0	0	12	5	0	0	28	0	0	0	41	30	0	11	96	8	0	0	21	20	0	9	0	0	0	28	30	0	0	25	20	0	4	0	0	0	5	5	0	0	18	0	0	0	31	30	0	0	34	20	6	1	0	12	0	11	0	24	0	15	0	0	0	12	5	0	0	28	0	0	0	41	30	0	11	87	6	0	0	8	0	0	2	0	0	0	10	0	0	0	21	20	0	4	0	0	0	5	5	0	0	9	0	0	0	28	30	0	0	25	20	0	0	0	0	0	3	0	0	0	4	0	0	0	5	5	0	0	18	0	0	0	31	30	0	0	34	20	6	0	0	6	0	2	0	0	0	1	0	12	0	11	0	24	0	15	0	0	0	12	5	0	0	28	0	0	0	41	30	0	11
140	130	32	32	0	120	22	24	0	32	32	0	23	20	0	0	35	30	0	0	110	16	19	0	22	24	0	9	20	0	0	24	24	0	0	32	32	0	6	15	0	0	7	10	0	0	23	20	0	0	35	30	0	0	100	3	3	0	16	19	0	0	15	0	0	21	18	0	0	22	24	0	0	0	0	0	2	4	0	0	9	20	0	0	24	24	0	0	32	32	0	0	3	0	0	8	27	0	0	6	15	0	0	7	10	0	0	23	20	0	0	35	30	0	0	90	3	0	0	3	3	0	0	0	0	0	5	0	0	0	16	19	0	0	0	0	0	2	3	0	0	0	15	0	0	21	18	0	0	22	24	0	0	0	0	0	0	12	0	0	0	0	0	0	2	4	0	0	9	20	0	0	24	24	0	0	32	32	0	0	0	0	0	1	0	0	0	0	3	0	0	8	27	0	0	6	15	0	0	7	10	0	0	23	20	0	0	35	30	0	0
143	133	20	37	0	123	12	18	0	20	37	0	9	48	0	0	18	20	0	0	113	10	6	0	12	18	0	5	18	0	0	12	6	0	0	20	37	0	5	12	0	0	4	4	0	0	9	48	0	0	18	20	0	0	103	1	0	0	10	6	0	5	0	0	0	12	0	0	0	12	18	0	0	0	0	0	2	0	0	0	5	18	0	0	12	6	0	0	20	37	0	1	0	0	0	3	0	0	0	5	12	0	0	4	4	0	0	9	48	0	0	18	20	0	0	93	0	0	0	1	0	0	0	0	0	0	0	0	0	0	10	6	0	0	0	0	0	2	0	0	0	5	0	0	0	12	0	0	0	12	18	0	0	0	0	0	3	0	0	0	0	0	0	0	2	0	0	0	5	18	0	0	12	6	0	0	20	37	0	0	0	0	0	0	0	0	0	1	0	0	0	3	0	0	0	5	12	0	0	4	4	0	0	9	48	0	0	18	20	0	0
114	106	20	20	5	98	9	8	0	20	20	5	14	16	6	0	11	12	10	0	90	1	0	0	9	8	0	5	0	0	0	6	0	0	0	20	20	5	0	0	21	0	1	0	10	0	14	16	6	0	11	12	10	0	82	0	0	0	1	0	0	0	0	0	0	0	0	0	0	9	8	0	0	0	0	0	1	0	0	0	5	0	0	0	6	0	0	0	20	20	5	0	0	3	0	3	0	0	0	0	0	21	0	1	0	10	0	14	16	6	0	11	12	10	0	74	0	0	0	0	0	0	0	0	0	0	0	0	0	0	1	0	0	0	0	0	0	0	0	0	0	0	0	0	0	0	0	0	0	9	8	0	0	0	0	0	3	0	0	0	0	0	0	0	1	0	0	0	5	0	0	0	6	0	0	0	20	20	5	0	0	0	0	0	0	0	0	0	0	3	0	3	0	0	0	0	0	21	0	1	0	10	0	14	16	6	0	11	12	10	0
88	82	16	8	2	76	5	0	0	16	8	2	13	0	6	0	7	4	4	0	70	0	0	0	5	0	0	0	0	0	0	0	0	0	0	16	8	2	0	0	6	0	0	0	0	0	13	0	6	0	7	4	4	0	64	0	0	0	0	0	0	0	0	0	0	0	0	0	0	5	0	0	0	0	0	0	0	0	0	0	0	0	0	0	0	0	0	0	16	8	2	0	0	0	0	0	0	0	0	0	0	6	0	0	0	0	0	13	0	6	0	7	4	4	0	58	0	0	0	0	0	0	0	0	0	0	0	0	0	0	0	0	0	0	0	0	0	0	0	0	0	0	0	0	0	0	0	0	0	5	0	0	0	0	0	0	0	0	0	0	0	0	0	0	0	0	0	0	0	0	0	0	0	0	0	0	16	8	2	0	0	0	0	0	0	0	0	0	0	0	0	0	0	0	0	0	0	6	0	0	0	0	0	13	0	6	0	7	4	4	0
102	95	11	12	0	88	2	0	0	11	12	0	4	0	0	0	4	4	0	0	81	0	0	0	2	0	0	0	0	0	0	0	0	0	0	11	12	0	0	0	0	0	0	0	0	0	4	0	0	0	4	4	0	0	74	0	0	0	0	0	0	0	0	0	0	0	0	0	0	2	0	0	0	0	0	0	0	0	0	0	0	0	0	0	0	0	0	0	11	12	0	0	0	0	0	0	0	0	0	0	0	0	0	0	0	0	0	4	0	0	0	4	4	0	0	67	0	0	0	0	0	0	0	0	0	0	0	0	0	0	0	0	0	0	0	0	0	0	0	0	0	0	0	0	0	0	0	0	0	2	0	0	0	0	0	0	0	0	0	0	0	0	0	0	0	0	0	0	0	0	0	0	0	0	0	0	11	12	0	0	0	0	0	0	0	0	0	0	0	0	0	0	0	0	0	0	0	0	0	0	0	0	0	4	0	0	0	4	4	0	0
73	68	7	6	0	63	0	0	0	7	6	0	0	0	0	0	2	0	0	0	58	0	0	0	0	0	0	0	0	0	0	0	0	0	0	7	6	0	0	0	0	0	0	0	0	0	0	0	0	0	2	0	0	0	53	0	0	0	0	0	0	0	0	0	0	0	0	0	0	0	0	0	0	0	0	0	0	0	0	0	0	0	0	0	0	0	0	0	7	6	0	0	0	0	0	0	0	0	0	0	0	0	0	0	0	0	0	0	0	0	0	2	0	0	0	48	0	0	0	0	0	0	0	0	0	0	0	0	0	0	0	0	0	0	0	0	0	0	0	0	0	0	0	0	0	0	0	0	0	0	0	0	0	0	0	0	0	0	0	0	0	0	0	0	0	0	0	0	0	0	0	0	0	0	0	0	7	6	0	0	0	0	0	0	0	0	0	0	0	0	0	0	0	0	0	0	0	0	0	0	0	0	0	0	0	0	0	2	0	0	0
58	54	5	4	0	50	0	0	0	5	4	0	0	0	0	0	1	0	0	0	46	0	0	0	0	0	0	0	0	0	0	0	0	0	0	5	4	0	0	0	0	0	0	0	0	0	0	0	0	0	1	0	0	0	42	0	0	0	0	0	0	0	0	0	0	0	0	0	0	0	0	0	0	0	0	0	0	0	0	0	0	0	0	0	0	0	0	0	5	4	0	0	0	0	0	0	0	0	0	0	0	0	0	0	0	0	0	0	0	0	0	1	0	0	0	38	0	0	0	0	0	0	0	0	0	0	0	0	0	0	0	0	0	0	0	0	0	0	0	0	0	0	0	0	0	0	0	0	0	0	0	0	0	0	0	0	0	0	0	0	0	0	0	0	0	0	0	0	0	0	0	0	0	0	0	0	5	4	0	0	0	0	0	0	0	0	0	0	0	0	0	0	0	0	0	0	0	0	0	0	0	0	0	0	0	0	0	1	0	0	0
70	65	6	0	4	60	0	0	2	6	0	4	0	0	12	4	0	0	0	0	55	0	0	0	0	0	2	0	0	6	0	0	0	0	0	6	0	4	0	0	0	0	0	0	0	0	0	0	12	4	0	0	0	0	50	0	0	0	0	0	0	0	0	0	0	0	0	0	0	0	0	2	0	0	0	0	0	0	0	0	0	0	6	0	0	0	0	0	6	0	4	0	0	0	0	0	0	0	0	0	0	0	0	0	0	0	0	0	0	12	4	0	0	0	0	45	0	0	0	0	0	0	0	0	0	0	0	0	0	0	0	0	0	0	0	0	0	0	0	0	0	0	0	0	0	0	0	0	0	0	0	2	0	0	0	0	0	0	0	0	0	0	0	0	0	0	0	0	0	0	6	0	0	0	0	0	6	0	4	0	0	0	0	0	0	0	0	0	0	0	0	0	0	0	0	0	0	0	0	0	0	0	0	0	0	12	4	0	0	0	0
125	116	7	8	16	107	0	0	2	7	8	16	0	0	20	4	0	0	16	7	98	0	0	0	0	0	2	0	0	6	0	0	0	2	0	7	8	16	0	0	0	0	0	0	0	0	0	0	20	4	0	0	16	7	89	0	0	0	0	0	0	0	0	0	0	0	0	0	0	0	0	2	0	0	0	0	0	0	0	0	0	0	6	0	0	0	2	0	7	8	16	0	0	0	0	0	0	0	0	0	0	0	0	0	0	0	0	0	0	20	4	0	0	16	7	80	0	0	0	0	0	0	0	0	0	0	0	0	0	0	0	0	0	0	0	0	0	0	0	0	0	0	0	0	0	0	0	0	0	0	0	2	0	0	0	0	0	0	0	0	0	0	0	0	0	0	0	0	0	0	6	0	0	0	2	0	7	8	16	0	0	0	0	0	0	0	0	0	0	0	0	0	0	0	0	0	0	0	0	0	0	0	0	0	0	20	4	0	0	16	7
96	89	6	10	8	82	0	0	2	6	10	8	0	0	20	4	0	0	16	5	75	0	0	0	0	0	2	0	0	6	0	0	0	4	0	6	10	8	0	0	0	0	0	0	0	0	0	0	20	4	0	0	16	5	68	0	0	0	0	0	0	0	0	0	0	0	0	0	0	0	0	2	0	0	0	0	0	0	0	0	0	0	6	0	0	0	4	0	6	10	8	0	0	0	0	0	0	0	0	0	0	0	0	0	0	0	0	0	0	20	4	0	0	16	5	61	0	0	0	0	0	0	0	0	0	0	0	0	0	0	0	0	0	0	0	0	0	0	0	0	0	0	0	0	0	0	0	0	0	0	0	2	0	0	0	0	0	0	0	0	0	0	0	0	0	0	0	0	0	0	6	0	0	0	4	0	6	10	8	0	0	0	0	0	0	0	0	0	0	0	0	0	0	0	0	0	0	0	0	0	0	0	0	0	0	20	4	0	0	16	5
112	104	3	0	13	96	0	0	0	3	0	13	0	0	0	0	0	0	0	2	88	0	0	0	0	0	0	0	0	0	0	0	0	0	0	3	0	13	0	0	0	0	0	0	0	0	0	0	0	0	0	0	0	2	80	0	0	0	0	0	0	0	0	0	0	0	0	0	0	0	0	0	0	0	0	0	0	0	0	0	0	0	0	0	0	0	0	0	3	0	13	0	0	0	0	0	0	0	0	0	0	0	0	0	0	0	0	0	0	0	0	0	0	0	2	72	0	0	0	0	0	0	0	0	0	0	0	0	0	0	0	0	0	0	0	0	0	0	0	0	0	0	0	0	0	0	0	0	0	0	0	0	0	0	0	0	0	0	0	0	0	0	0	0	0	0	0	0	0	0	0	0	0	0	0	0	3	0	13	0	0	0	0	0	0	0	0	0	0	0	0	0	0	0	0	0	0	0	0	0	0	0	0	0	0	0	0	0	0	0	2
84	78	1	0	9	72	0	0	0	1	0	9	0	0	0	0	0	0	0	0	66	0	0	0	0	0	0	0	0	0	0	0	0	0	0	1	0	9	0	0	0	0	0	0	0	0	0	0	0	0	0	0	0	0	60	0	0	0	0	0	0	0	0	0	0	0	0	0	0	0	0	0	0	0	0	0	0	0	0	0	0	0	0	0	0	0	0	0	1	0	9	0	0	0	0	0	0	0	0	0	0	0	0	0	0	0	0	0	0	0	0	0	0	0	0	54	0	0	0	0	0	0	0	0	0	0	0	0	0	0	0	0	0	0	0	0	0	0	0	0	0	0	0	0	0	0	0	0	0	0	0	0	0	0	0	0	0	0	0	0	0	0	0	0	0	0	0	0	0	0	0	0	0	0	0	0	1	0	9	0	0	0	0	0	0	0	0	0	0	0	0	0	0	0	0	0	0	0	0	0	0	0	0	0	0	0	0	0	0	0	0
168	154	29	57	41	140	20	21	41	29	57	41	15	32	13	0	42	45	164	0	126	15	13	40	20	21	41	6	0	13	0	34	13	164	0	29	57	41	3	0	18	3	5	24	41	0	15	32	13	0	42	45	164	0	112	10	13	18	15	13	40	4	0	12	0	29	13	160	0	20	21	41	1	0	18	0	3	0	41	0	6	0	13	0	34	13	164	0	29	57	41	0	0	0	42	8	40	0	32	3	0	18	3	5	24	41	0	15	32	13	0	42	45	164	0	98	9	13	0	10	13	18	4	0	6	0	21	13	72	0	15	13	40	1	0	18	0	0	0	40	0	4	0	12	0	29	13	160	0	20	21	41	0	0	0	0	1	0	0	0	1	0	18	0	3	0	41	0	6	0	13	0	34	13	164	0	28	57	41	0	0	0	0	5	12	0	34	0	0	0	42	8	40	0	32	3	0	18	3	5	24	41	0	15	32	13	0	42	45	164	0
128	118	16	16	32	108	10	0	32	16	16	32	6	0	13	0	18	0	64	0	98	7	0	31	10	0	32	0	0	13	0	11	0	64	0	16	16	32	0	0	18	3	5	0	0	0	6	0	13	0	18	0	64	0	88	4	0	11	7	0	31	0	0	12	0	10	0	62	0	10	0	32	0	0	18	0	0	0	0	0	0	0	13	0	11	0	64	0	16	16	32	0	0	0	28	8	24	0	32	0	0	18	3	5	0	0	0	6	0	13	0	18	0	64	0	78	4	0	0	4	0	11	0	0	6	0	6	0	22	0	7	0	31	0	0	18	0	0	0	0	0	0	0	12	0	10	0	62	0	10	0	32	0	0	0	0	0	0	0	0	0	0	18	0	0	0	0	0	0	0	13	0	11	0	64	0	16	16	32	0	0	0	0	2	0	0	16	0	0	0	28	8	24	0	32	0	0	18	3	5	0	0	0	6	0	13	0	18	0	64	0
117	108	11	0	29	99	4	0	24	11	0	29	4	0	4	20	9	0	0	0	90	3	0	17	4	0	24	0	0	4	6	5	0	0	0	11	0	29	0	0	0	7	3	0	0	5	4	0	4	20	9	0	0	0	81	3	0	0	3	0	17	0	0	3	0	5	0	0	0	4	0	24	0	0	0	0	0	0	0	0	0	0	4	6	5	0	0	0	11	0	29	0	0	0	0	11	0	0	32	0	0	0	7	3	0	0	5	4	0	4	20	9	0	0	0	72	3	0	0	3	0	0	0	0	0	0	5	0	0	0	3	0	17	0	0	0	0	0	0	0	0	0	0	3	0	5	0	0	0	4	0	24	0	0	0	0	0	0	0	0	0	0	0	0	0	0	0	0	0	0	4	6	5	0	0	0	11	0	29	0	0	0	0	1	0	0	0	0	0	0	0	11	0	0	32	0	0	0	7	3	0	0	5	4	0	4	20	9	0	0	0
91	84	3	0	21	77	0	0	13	3	0	21	0	0	4	12	0	0	0	8	70	0	0	10	0	0	13	0	0	4	6	0	0	0	2	3	0	21	0	0	0	7	0	0	0	0	0	0	4	12	0	0	0	8	63	0	0	0	0	0	10	0	0	3	0	0	0	0	0	0	0	13	0	0	0	0	0	0	0	0	0	0	4	6	0	0	0	2	3	0	21	0	0	0	0	6	0	0	6	0	0	0	7	0	0	0	0	0	0	4	12	0	0	0	8	56	0	0	0	0	0	0	0	0	0	0	0	0	0	0	0	0	10	0	0	0	0	0	0	0	0	0	0	3	0	0	0	0	0	0	0	13	0	0	0	0	0	0	0	0	0	0	0	0	0	0	0	0	0	0	4	6	0	0	0	2	3	0	21	0	0	0	0	0	0	0	0	0	0	0	0	6	0	0	6	0	0	0	7	0	0	0	0	0	0	4	12	0	0	0	8
91	84	1	0	30	77	0	0	12	1	0	30	0	0	4	20	0	0	0	24	70	0	0	5	0	0	12	0	0	4	6	0	0	0	4	1	0	30	0	0	0	7	0	0	0	5	0	0	4	20	0	0	0	24	63	0	0	0	0	0	5	0	0	3	0	0	0	0	0	0	0	12	0	0	0	0	0	0	0	0	0	0	4	6	0	0	0	4	1	0	30	0	0	0	0	3	0	0	0	0	0	0	7	0	0	0	5	0	0	4	20	0	0	0	24	56	0	0	0	0	0	0	0	0	0	0	0	0	0	0	0	0	5	0	0	0	0	0	0	0	0	0	0	3	0	0	0	0	0	0	0	12	0	0	0	0	0	0	0	0	0	0	0	0	0	0	0	0	0	0	4	6	0	0	0	4	1	0	30	0	0	0	0	0	0	0	0	0	0	0	0	3	0	0	0	0	0	0	7	0	0	0	5	0	0	4	20	0	0	0	24
149	136	45	46	39	123	26	16	29	45	46	39	26	48	70	18	71	62	117	41	110	21	0	29	26	16	29	15	0	58	18	53	16	87	41	45	46	39	15	0	0	0	12	22	78	0	26	48	70	18	71	62	117	41	97	12	0	29	21	0	29	8	0	58	18	44	0	87	40	26	16	29	1	0	0	0	5	16	58	0	15	0	58	18	53	16	87	41	45	46	39	8	0	0	0	5	19	0	0	15	0	0	0	12	22	78	0	26	48	70	18	71	62	117	41	84	9	0	25	12	0	29	6	0	58	12	26	0	87	18	21	0	29	1	0	0	0	0	0	58	0	8	0	58	18	44	0	87	40	26	16	29	0	0	0	0	1	8	0	0	1	0	0	0	5	16	58	0	15	0	58	18	53	16	87	41	45	46	39	1	0	0	27	13	24	0	0	8	0	0	0	5	19	0	0	15	0	0	0	12	22	78	0	26	48	70	18	71	62	117	41
111	101	23	21	25	91	10	21	4	23	21	25	21	0	8	20	29	28	0	73	81	5	21	4	10	21	4	6	0	0	20	16	28	0	73	23	21	25	10	0	0	0	7	0	0	0	21	0	8	20	29	28	0	73	71	1	0	3	5	21	4	0	0	0	15	9	28	0	71	10	21	4	0	0	0	0	7	0	0	0	6	0	0	20	16	28	0	73	23	21	25	0	0	0	3	4	0	75	0	10	0	0	0	7	0	0	0	21	0	8	20	29	28	0	73	61	1	0	0	1	0	3	0	0	0	0	1	0	0	29	5	21	4	0	0	0	0	0	0	0	0	0	0	0	15	9	28	0	71	10	21	4	0	0	0	0	2	0	12	0	0	0	0	0	7	0	0	0	6	0	0	20	16	28	0	73	23	21	25	0	0	0	0	12	0	0	0	0	0	0	3	4	0	75	0	10	0	0	0	7	0	0	0	21	0	8	20	29	28	0	73
60	55	14	0	16	50	9	0	0	14	0	16	9	0	8	0	18	0	0	73	45	6	0	0	9	0	0	2	0	0	0	13	0	0	73	14	0	16	2	0	0	0	3	0	0	0	9	0	8	0	18	0	0	73	40	1	0	0	6	0	0	0	0	0	0	9	0	0	71	9	0	0	0	0	0	0	3	0	0	0	2	0	0	0	13	0	0	73	14	0	16	0	0	0	0	2	0	0	0	2	0	0	0	3	0	0	0	9	0	8	0	18	0	0	73	35	1	0	0	1	0	0	0	0	0	0	1	0	0	29	6	0	0	0	0	0	0	0	0	0	0	0	0	0	0	9	0	0	71	9	0	0	0	0	0	0	1	0	0	0	0	0	0	0	3	0	0	0	2	0	0	0	13	0	0	73	14	0	16	0	0	0	0	5	0	0	0	0	0	0	0	2	0	0	0	2	0	0	0	3	0	0	0	9	0	8	0	18	0	0	73
99	90	29	25	8	81	15	17	0	29	25	8	24	17	8	0	41	40	8	41	72	10	10	0	15	17	0	8	10	0	0	24	34	0	41	29	25	8	9	10	0	0	6	6	8	0	24	17	8	0	41	40	8	41	63	5	0	0	10	10	0	4	0	0	0	19	20	0	40	15	17	0	1	0	0	0	6	5	0	0	8	10	0	0	24	34	0	41	29	25	8	0	0	0	0	4	0	16	0	9	10	0	0	6	6	8	0	24	17	8	0	41	40	8	41	54	4	0	0	5	0	0	4	0	0	0	11	0	0	18	10	10	0	1	0	0	0	0	0	0	0	4	0	0	0	19	20	0	40	15	17	0	0	0	0	0	2	0	0	0	1	0	0	0	6	5	0	0	8	10	0	0	24	34	0	41	29	25	8	0	0	0	0	11	5	0	0	0	0	0	0	4	0	16	0	9	10	0	0	6	6	8	0	24	17	8	0	41	40	8	41
118	107	43	44	0	96	26	20	0	43	44	0	27	52	0	0	74	75	0	0	85	19	6	0	26	20	0	15	12	0	0	57	37	0	0	43	44	0	8	24	0	0	11	28	0	0	27	52	0	0	74	75	0	0	74	12	0	0	19	6	0	10	0	0	0	47	12	0	0	26	20	0	1	0	0	0	3	12	0	0	15	12	0	0	57	37	0	0	43	44	0	12	0	0	0	6	10	0	0	8	24	0	0	11	28	0	0	27	52	0	0	74	75	0	0	63	5	0	0	12	0	0	8	0	0	0	33	0	0	0	19	6	0	1	0	0	0	0	0	0	0	10	0	0	0	47	12	0	0	26	20	0	0	0	0	0	1	3	0	0	1	0	0	0	3	12	0	0	15	12	0	0	57	37	0	0	43	44	0	2	0	0	0	4	21	0	0	12	0	0	0	6	10	0	0	8	24	0	0	11	28	0	0	27	52	0	0	74	75	0	0
150	135	34	58	60	120	19	36	59	34	58	60	13	24	10	10	75	102	120	0	105	17	36	59	19	36	59	13	24	10	10	53	96	118	0	34	58	60	5	0	0	0	10	20	0	0	13	24	10	10	75	102	120	0	90	15	32	59	17	36	59	12	24	10	10	45	96	118	0	19	36	59	1	0	0	0	0	0	0	0	13	24	10	10	53	96	118	0	34	58	60	12	40	0	0	6	10	0	0	5	0	0	0	10	20	0	0	13	24	10	10	75	102	120	0	75	8	10	59	15	32	59	10	20	10	10	39	86	118	0	17	36	59	1	0	0	0	0	0	0	0	12	24	10	10	45	96	118	0	19	36	59	0	0	0	0	0	0	0	0	1	0	0	0	0	0	0	0	13	24	10	10	53	96	118	0	34	58	60	2	20	0	0	0	0	120	0	12	40	0	0	6	10	0	0	5	0	0	0	10	20	0	0	13	24	10	10	75	102	120	0
121	108	39	51	22	95	15	40	19	39	51	22	13	32	6	0	83	132	22	0	82	12	40	19	15	40	19	9	32	0	0	40	120	19	0	39	51	22	5	0	6	0	17	7	0	0	13	32	6	0	83	132	22	0	69	10	36	19	12	40	19	8	32	0	0	32	120	19	0	15	40	19	1	0	0	0	0	0	0	0	9	32	0	0	40	120	19	0	39	51	22	12	28	0	0	8	7	0	0	5	0	6	0	17	7	0	0	13	32	6	0	83	132	22	0	56	5	7	19	10	36	19	6	28	0	0	26	108	19	0	12	40	19	1	0	0	0	0	0	0	0	8	32	0	0	32	120	19	0	15	40	19	0	0	0	0	0	0	0	0	1	0	0	0	0	0	0	0	9	32	0	0	40	120	19	0	39	51	22	3	7	0	0	0	0	88	0	12	28	0	0	8	7	0	0	5	0	6	0	17	7	0	0	13	32	6	0	83	132	22	0
137	124	38	23	65	111	23	12	51	38	23	65	19	0	32	31	75	36	65	39	98	20	12	49	23	12	51	15	0	10	29	59	36	51	29	38	23	65	5	0	6	18	17	11	0	0	19	0	32	31	75	36	65	39	85	18	12	49	20	12	49	14	0	10	29	51	36	49	29	23	12	51	1	0	0	18	0	0	0	0	15	0	10	29	59	36	51	29	38	23	65	16	0	0	0	7	11	0	0	5	0	6	18	17	11	0	0	19	0	32	31	75	36	65	39	72	9	11	49	18	12	49	12	0	10	29	45	36	49	29	20	12	49	1	0	0	18	0	0	0	0	14	0	10	29	51	36	49	29	23	12	51	0	0	0	0	0	0	0	0	1	0	0	18	0	0	0	0	15	0	10	29	59	36	51	29	38	23	65	3	11	0	0	0	0	0	0	16	0	0	0	7	11	0	0	5	0	6	18	17	11	0	0	19	0	32	31	75	36	65	39
134	120	44	45	51	106	21	41	29	44	45	51	16	42	27	53	80	108	0	47	92	17	40	19	21	41	29	10	40	0	19	49	101	0	29	44	45	51	4	10	16	18	18	0	0	41	16	42	27	53	80	108	0	47	78	16	40	19	17	40	19	10	40	0	19	41	100	0	29	21	41	29	0	10	0	18	0	0	0	41	10	40	0	19	49	101	0	29	44	45	51	16	0	0	0	8	0	0	0	4	10	16	18	18	0	0	41	16	42	27	53	80	108	0	47	64	8	30	19	16	40	19	8	40	0	19	39	100	0	29	17	40	19	0	10	0	18	0	0	0	40	10	40	0	19	41	100	0	29	21	41	29	0	0	0	0	0	0	0	0	0	10	0	18	0	0	0	41	10	40	0	19	49	101	0	29	43	45	51	4	0	0	0	0	0	51	0	16	0	0	0	8	0	0	0	4	10	16	18	18	0	0	41	16	42	27	53	80	108	0	47
128	115	41	56	11	102	23	30	0	41	56	11	23	20	22	0	92	93	44	39	89	15	26	0	23	30	0	14	20	0	0	62	70	0	29	41	56	11	2	24	6	0	10	36	0	0	23	20	22	0	92	93	44	39	76	13	12	0	15	26	0	10	12	0	0	44	62	0	29	23	30	0	1	0	0	0	0	0	0	0	14	20	0	0	62	70	0	29	41	56	11	8	48	0	0	6	12	11	0	2	24	6	0	10	36	0	0	23	20	22	0	92	93	44	39	63	6	0	0	13	12	0	10	0	0	0	36	30	0	29	15	26	0	1	0	0	0	0	0	0	0	10	12	0	0	44	62	0	29	23	30	0	0	0	0	0	0	0	0	0	1	0	0	0	0	0	0	0	14	20	0	0	62	70	0	29	41	56	11	4	0	0	0	0	0	22	0	8	48	0	0	6	12	11	0	2	24	6	0	10	36	0	0	23	20	22	0	92	93	44	39
105	94	28	19	57	83	19	18	18	28	19	57	14	9	0	44	74	76	0	158	72	12	9	10	19	18	18	11	9	0	20	51	72	0	129	28	19	57	1	0	6	0	0	0	57	39	14	9	0	44	74	76	0	158	61	3	0	10	12	9	10	6	0	0	20	35	36	0	127	19	18	18	0	0	0	0	0	0	18	29	11	9	0	20	51	72	0	129	28	19	57	0	0	60	0	1	0	57	0	1	0	6	0	0	0	57	39	14	9	0	44	74	76	0	158	50	0	0	10	3	0	10	0	0	0	20	9	0	0	127	12	9	10	0	0	0	0	0	0	10	29	6	0	0	20	35	36	0	127	19	18	18	0	0	0	0	0	0	18	0	0	0	0	0	0	0	18	29	11	9	0	20	51	72	0	129	28	19	57	0	0	28	0	0	0	0	0	0	0	60	0	1	0	57	0	1	0	6	0	0	0	57	39	14	9	0	44	74	76	0	158
86	77	18	20	30	68	9	6	16	18	20	30	8	12	26	41	34	24	60	11	59	3	0	0	9	6	16	5	0	16	0	21	0	32	0	18	20	30	1	0	6	0	0	0	30	47	8	12	26	41	34	24	60	11	50	0	0	0	3	0	0	0	0	0	0	9	0	0	0	9	6	16	0	0	0	0	0	0	16	29	5	0	16	0	21	0	32	0	18	20	30	0	0	12	0	0	0	0	0	1	0	6	0	0	0	30	47	8	12	26	41	34	24	60	11	41	0	0	0	0	0	0	0	0	0	0	0	0	0	0	3	0	0	0	0	0	0	0	0	0	29	0	0	0	0	9	0	0	0	9	6	16	0	0	0	0	0	0	0	0	0	0	0	0	0	0	16	29	5	0	16	0	21	0	32	0	18	20	30	0	0	0	0	0	0	0	0	0	0	12	0	0	0	0	0	1	0	6	0	0	0	30	47	8	12	26	41	34	24	60	11
100	89	26	37	13	78	9	25	3	26	37	13	5	39	14	12	60	100	13	11	67	3	6	0	9	25	3	3	18	6	0	23	64	3	0	26	37	13	0	6	6	0	0	0	39	0	5	39	14	12	60	100	13	11	56	0	0	0	3	6	0	0	0	0	0	9	24	0	0	9	25	3	0	0	0	0	0	0	9	0	3	18	6	0	23	64	3	0	26	37	13	0	0	12	0	1	0	13	0	0	6	6	0	0	0	39	0	5	39	14	12	60	100	13	11	45	0	0	0	0	0	0	0	0	0	0	0	0	0	0	3	6	0	0	0	0	0	0	0	0	0	0	0	0	0	9	24	0	0	9	25	3	0	0	0	0	0	0	3	0	0	0	0	0	0	0	9	0	3	18	6	0	23	64	3	0	26	37	13	0	0	0	0	0	0	0	0	0	0	12	0	1	0	13	0	0	6	6	0	0	0	39	0	5	39	14	12	60	100	13	11
58	52	19	5	16	46	14	5	0	19	5	16	11	0	0	0	50	20	0	71	40	7	0	0	14	5	0	8	0	0	0	37	20	0	59	19	5	16	1	0	6	0	0	0	16	0	11	0	0	0	50	20	0	71	34	1	0	0	7	0	0	2	0	0	0	21	0	0	59	14	5	0	0	0	0	0	0	0	0	0	8	0	0	0	37	20	0	59	19	5	16	0	0	32	0	0	0	0	0	1	0	6	0	0	0	16	0	11	0	0	0	50	20	0	71	28	0	0	0	1	0	0	0	0	0	0	3	0	0	59	7	0	0	0	0	0	0	0	0	0	0	2	0	0	0	21	0	0	59	14	5	0	0	0	0	0	0	0	0	0	0	0	0	0	0	0	0	0	8	0	0	0	37	20	0	59	19	5	16	0	0	10	0	0	0	0	0	0	0	32	0	0	0	0	0	1	0	6	0	0	0	16	0	11	0	0	0	50	20	0	71
56	50	15	8	0	44	8	8	0	15	8	0	9	0	0	0	39	16	0	0	38	2	0	0	8	8	0	4	0	0	0	22	16	0	0	15	8	0	1	0	0	0	0	0	0	0	9	0	0	0	39	16	0	0	32	0	0	0	2	0	0	0	0	0	0	8	0	0	0	8	8	0	0	0	0	0	0	0	0	0	4	0	0	0	22	16	0	0	15	8	0	0	0	0	0	0	0	0	0	1	0	0	0	0	0	0	0	9	0	0	0	39	16	0	0	26	0	0	0	0	0	0	0	0	0	0	0	0	0	0	2	0	0	0	0	0	0	0	0	0	0	0	0	0	0	8	0	0	0	8	8	0	0	0	0	0	0	0	0	0	0	0	0	0	0	0	0	0	4	0	0	0	22	16	0	0	15	8	0	0	0	0	0	0	0	0	0	0	0	0	0	0	0	0	0	1	0	0	0	0	0	0	0	9	0	0	0	39	16	0	0
105	93	11	27	35	81	1	0	20	11	27	35	3	0	24	20	17	18	105	43	69	0	0	15	1	0	20	0	0	0	11	4	0	60	19	11	27	35	0	0	6	17	0	0	0	0	3	0	24	20	17	18	105	43	57	0	0	0	0	0	15	0	0	0	0	0	0	45	0	1	0	20	0	0	0	0	0	0	0	0	0	0	0	11	4	0	60	19	11	27	35	0	0	0	0	0	0	0	33	0	0	6	17	0	0	0	0	3	0	24	20	17	18	105	43	45	0	0	0	0	0	0	0	0	0	0	0	0	0	0	0	0	15	0	0	0	0	0	0	0	0	0	0	0	0	0	0	45	0	1	0	20	0	0	0	0	0	0	0	4	0	0	0	0	0	0	0	0	0	0	0	11	4	0	60	19	11	27	35	0	0	0	0	0	0	0	0	0	0	0	0	0	0	0	33	0	0	6	17	0	0	0	0	3	0	24	20	17	18	105	43
80	71	7	8	29	62	0	0	20	7	8	29	0	0	6	20	2	0	29	30	53	0	0	15	0	0	20	0	0	0	11	0	0	20	16	7	8	29	0	0	0	17	0	0	0	0	0	0	6	20	2	0	29	30	44	0	0	0	0	0	15	0	0	0	0	0	0	15	0	0	0	20	0	0	0	0	0	0	0	0	0	0	0	11	0	0	20	16	7	8	29	0	0	0	0	0	0	0	33	0	0	0	17	0	0	0	0	0	0	6	20	2	0	29	30	35	0	0	0	0	0	0	0	0	0	0	0	0	0	0	0	0	15	0	0	0	0	0	0	0	0	0	0	0	0	0	0	15	0	0	0	20	0	0	0	0	0	0	0	4	0	0	0	0	0	0	0	0	0	0	0	11	0	0	20	16	7	8	29	0	0	0	0	0	0	0	0	0	0	0	0	0	0	0	33	0	0	0	17	0	0	0	0	0	0	6	20	2	0	29	30
45	40	7	0	7	35	0	0	7	7	0	7	0	0	0	0	2	0	0	0	30	0	0	7	0	0	7	0	0	0	0	0	0	0	0	7	0	7	0	0	0	0	0	0	0	0	0	0	0	0	2	0	0	0	25	0	0	0	0	0	7	0	0	0	0	0	0	0	0	0	0	7	0	0	0	0	0	0	0	0	0	0	0	0	0	0	0	0	7	0	7	0	0	0	0	0	0	0	25	0	0	0	0	0	0	0	0	0	0	0	0	2	0	0	0	20	0	0	0	0	0	0	0	0	0	0	0	0	0	0	0	0	7	0	0	0	0	0	0	0	0	0	0	0	0	0	0	0	0	0	0	7	0	0	0	0	0	0	0	4	0	0	0	0	0	0	0	0	0	0	0	0	0	0	0	0	7	0	7	0	0	0	0	0	0	0	0	0	0	0	0	0	0	0	25	0	0	0	0	0	0	0	0	0	0	0	0	2	0	0	0
44	39	6	4	0	34	0	0	0	6	4	0	0	0	0	0	2	0	0	0	29	0	0	0	0	0	0	0	0	0	0	0	0	0	0	6	4	0	0	0	0	0	0	0	0	0	0	0	0	0	2	0	0	0	24	0	0	0	0	0	0	0	0	0	0	0	0	0	0	0	0	0	0	0	0	0	0	0	0	0	0	0	0	0	0	0	0	0	6	4	0	0	0	0	0	0	0	0	0	0	0	0	0	0	0	0	0	0	0	0	0	2	0	0	0	19	0	0	0	0	0	0	0	0	0	0	0	0	0	0	0	0	0	0	0	0	0	0	0	0	0	0	0	0	0	0	0	0	0	0	0	0	0	0	0	0	0	0	0	0	0	0	0	0	0	0	0	0	0	0	0	0	0	0	0	0	6	4	0	0	0	0	0	0	0	0	0	0	0	0	0	0	0	0	0	0	0	0	0	0	0	0	0	0	0	0	0	2	0	0	0
52	46	5	8	0	40	0	0	0	5	8	0	0	0	0	0	2	0	0	0	34	0	0	0	0	0	0	0	0	0	0	0	0	0	0	5	8	0	0	0	0	0	0	0	0	0	0	0	0	0	2	0	0	0	28	0	0	0	0	0	0	0	0	0	0	0	0	0	0	0	0	0	0	0	0	0	0	0	0	0	0	0	0	0	0	0	0	0	5	8	0	0	0	0	0	0	0	0	0	0	0	0	0	0	0	0	0	0	0	0	0	2	0	0	0	22	0	0	0	0	0	0	0	0	0	0	0	0	0	0	0	0	0	0	0	0	0	0	0	0	0	0	0	0	0	0	0	0	0	0	0	0	0	0	0	0	0	0	0	0	0	0	0	0	0	0	0	0	0	0	0	0	0	0	0	0	5	8	0	0	0	0	0	0	0	0	0	0	0	0	0	0	0	0	0	0	0	0	0	0	0	0	0	0	0	0	0	2	0	0	0
70	61	19	14	26	52	0	0	16	19	14	26	0	0	27	6	50	49	52	35	43	0	0	6	0	0	16	0	0	26	0	0	0	32	20	19	14	26	0	0	0	24	0	0	0	13	0	0	27	6	50	49	52	35	34	0	0	0	0	0	6	0	0	12	0	0	0	12	15	0	0	16	0	0	0	0	0	0	0	3	0	0	26	0	0	0	32	20	19	14	26	0	0	0	0	1	0	0	11	0	0	0	24	0	0	0	13	0	0	27	6	50	49	52	35	25	0	0	0	0	0	0	0	0	0	0	0	0	0	0	0	0	6	0	0	0	0	0	0	0	0	0	0	12	0	0	0	12	15	0	0	16	0	0	0	0	0	0	0	0	0	0	0	0	0	0	0	3	0	0	26	0	0	0	32	20	19	14	26	0	0	0	0	0	0	0	0	0	0	0	0	1	0	0	11	0	0	0	24	0	0	0	13	0	0	27	6	50	49	52	35
84	73	19	28	25	62	0	0	24	19	28	25	0	0	16	6	50	70	100	0	51	0	0	0	0	0	24	0	0	15	0	0	0	96	0	19	28	25	0	0	0	0	0	0	0	86	0	0	16	6	50	70	100	0	40	0	0	0	0	0	0	0	0	0	0	0	0	0	0	0	0	24	0	0	0	0	0	0	0	21	0	0	15	0	0	0	96	0	19	28	25	0	0	0	0	1	0	0	0	0	0	0	0	0	0	0	86	0	0	16	6	50	70	100	0	29	0	0	0	0	0	0	0	0	0	0	0	0	0	0	0	0	0	0	0	0	0	0	0	0	10	0	0	0	0	0	0	0	0	0	0	24	0	0	0	0	0	0	0	0	0	0	0	0	0	0	0	21	0	0	15	0	0	0	96	0	19	28	25	0	0	0	0	0	0	0	0	0	0	0	0	1	0	0	0	0	0	0	0	0	0	0	86	0	0	16	6	50	70	100	0
64	56	7	0	32	48	0	0	16	7	0	32	0	0	7	18	21	0	0	35	40	0	0	0	0	0	16	0	0	6	0	0	0	0	20	7	0	32	0	0	0	0	0	0	0	43	0	0	7	18	21	0	0	35	32	0	0	0	0	0	0	0	0	0	0	0	0	0	15	0	0	16	0	0	0	0	0	0	0	19	0	0	6	0	0	0	0	20	7	0	32	0	0	0	0	0	0	0	0	0	0	0	0	0	0	0	43	0	0	7	18	21	0	0	35	24	0	0	0	0	0	0	0	0	0	0	0	0	0	0	0	0	0	0	0	0	0	0	0	0	0	0	0	0	0	0	0	0	15	0	0	16	0	0	0	0	0	0	0	0	0	0	0	0	0	0	0	19	0	0	6	0	0	0	0	20	7	0	32	0	0	0	0	0	0	0	0	0	0	0	0	0	0	0	0	0	0	0	0	0	0	0	43	0	0	7	18	21	0	0	35
48	42	2	0	25	36	0	0	0	2	0	25	0	0	0	0	7	0	0	64	30	0	0	0	0	0	0	0	0	0	0	0	0	0	40	2	0	25	0	0	0	0	0	0	0	0	0	0	0	0	7	0	0	64	24	0	0	0	0	0	0	0	0	0	0	0	0	0	30	0	0	0	0	0	0	0	0	0	0	0	0	0	0	0	0	0	0	40	2	0	25	0	0	0	0	0	0	0	0	0	0	0	0	0	0	0	0	0	0	0	0	7	0	0	64	18	0	0	0	0	0	0	0	0	0	0	0	0	0	0	0	0	0	0	0	0	0	0	0	0	0	0	0	0	0	0	0	0	30	0	0	0	0	0	0	0	0	0	0	0	0	0	0	0	0	0	0	0	0	0	0	0	0	0	0	40	2	0	25	0	0	0	0	0	0	0	0	0	0	0	0	0	0	0	0	0	0	0	0	0	0	0	0	0	0	0	0	7	0	0	64
51	44	21	10	0	37	0	0	0	21	10	0	0	0	0	0	52	30	0	0	30	0	0	0	0	0	0	0	0	0	0	0	0	0	0	21	10	0	0	0	0	0	3	0	0	0	0	0	0	0	52	30	0	0	23	0	0	0	0	0	0	0	0	0	0	0	0	0	0	0	0	0	0	0	0	0	0	0	0	0	0	0	0	0	0	0	0	0	21	10	0	0	0	0	0	3	0	0	0	0	0	0	0	3	0	0	0	0	0	0	0	52	30	0	0	16	0	0	0	0	0	0	0	0	0	0	0	0	0	0	0	0	0	0	0	0	0	0	0	0	0	0	0	0	0	0	0	0	0	0	0	0	0	0	0	0	0	0	0	0	0	0	0	0	0	0	0	0	0	0	0	0	0	0	0	0	21	10	0	0	0	0	0	0	0	0	0	0	0	0	0	3	0	0	0	0	0	0	0	3	0	0	0	0	0	0	0	52	30	0	0
115	98	27	52	77	81	2	0	56	27	52	77	2	0	40	40	61	130	308	51	64	1	0	55	2	0	56	0	0	40	37	1	0	224	40	27	52	77	4	0	10	6	5	0	0	0	2	0	40	40	61	130	308	51	47	0	0	33	1	0	55	0	0	40	6	0	0	220	6	2	0	56	0	0	10	0	0	0	0	0	0	0	40	37	1	0	224	40	26	52	77	0	0	0	51	2	13	0	70	4	0	10	6	5	0	0	0	2	0	40	40	61	130	308	51	30	0	0	0	0	0	33	0	0	37	0	0	0	132	0	1	0	55	0	0	10	0	0	0	0	0	0	0	40	6	0	0	220	6	1	0	56	0	0	0	0	0	0	0	21	0	0	10	0	0	0	0	0	0	0	40	37	1	0	224	40	26	52	77	0	0	0	0	0	0	0	144	0	0	0	51	2	13	0	70	4	0	10	6	5	0	0	0	2	0	40	40	61	130	308	51
69	59	17	9	40	49	0	0	30	17	9	40	0	0	20	10	41	9	40	25	39	0	0	30	0	0	30	0	0	20	10	0	0	30	24	17	9	40	0	0	0	0	3	0	0	0	0	0	20	10	41	9	40	25	29	0	0	23	0	0	30	0	0	20	6	0	0	30	0	0	0	30	0	0	0	0	0	0	0	0	0	0	20	10	0	0	30	24	17	9	40	0	0	0	51	3	0	0	0	0	0	0	0	3	0	0	0	0	0	20	10	41	9	40	25	19	0	0	0	0	0	23	0	0	17	0	0	0	23	0	0	0	30	0	0	0	0	0	0	0	0	0	0	20	6	0	0	30	0	0	0	30	0	0	0	0	0	0	0	0	0	0	0	0	0	0	0	0	0	0	20	10	0	0	30	24	17	9	40	0	0	0	0	0	0	0	93	0	0	0	51	3	0	0	0	0	0	0	0	3	0	0	0	0	0	20	10	41	9	40	25
61	52	17	14	17	43	0	0	8	17	14	17	0	0	8	0	39	21	34	25	34	0	0	8	0	0	8	0	0	8	0	0	0	16	24	17	14	17	0	0	0	0	3	0	0	0	0	0	8	0	39	21	34	25	25	0	0	7	0	0	8	0	0	8	0	0	0	16	0	0	0	8	0	0	0	0	0	0	0	0	0	0	8	0	0	0	16	24	17	14	17	0	0	0	7	3	0	0	0	0	0	0	0	3	0	0	0	0	0	8	0	39	21	34	25	16	0	0	0	0	0	7	0	0	7	0	0	0	14	0	0	0	8	0	0	0	0	0	0	0	0	0	0	8	0	0	0	16	0	0	0	8	0	0	0	0	0	0	0	0	0	0	0	0	0	0	0	0	0	0	8	0	0	0	16	24	17	14	17	0	0	0	0	0	0	0	22	0	0	0	7	3	0	0	0	0	0	0	0	3	0	0	0	0	0	8	0	39	21	34	25
72	61	31	30	10	50	5	0	8	31	30	10	18	0	8	0	67	90	50	0	39	2	0	8	5	0	8	3	0	8	0	5	0	40	0	31	30	10	9	0	0	0	3	18	0	0	18	0	8	0	67	90	50	0	28	0	0	7	2	0	8	0	0	8	0	0	0	40	0	5	0	8	0	0	0	0	0	0	0	0	3	0	8	0	5	0	40	0	29	30	10	0	0	0	7	1	12	0	0	9	0	0	0	3	18	0	0	18	0	8	0	67	90	50	0	17	0	0	0	0	0	7	0	0	7	0	0	0	35	0	2	0	8	0	0	0	0	0	0	0	0	0	0	8	0	0	0	40	0	3	0	8	0	0	0	0	0	0	0	0	0	0	0	0	0	0	0	0	3	0	8	0	5	0	40	0	26	30	10	0	0	0	0	0	0	0	22	0	0	0	7	1	12	0	0	9	0	0	0	3	18	0	0	15	0	8	0	62	90	50	0
67	57	18	21	16	47	0	0	0	18	21	16	0	0	0	0	41	42	48	51	37	0	0	0	0	0	0	0	0	0	0	0	0	0	40	18	21	16	0	0	0	0	4	0	0	0	0	0	0	0	41	42	48	51	27	0	0	0	0	0	0	0	0	0	0	0	0	0	6	0	0	0	0	0	0	0	0	0	0	0	0	0	0	0	0	0	0	40	18	21	16	0	0	0	0	3	0	0	0	0	0	0	0	4	0	0	0	0	0	0	0	41	42	48	51	17	0	0	0	0	0	0	0	0	0	0	0	0	0	0	0	0	0	0	0	0	0	0	0	0	0	0	0	0	0	0	0	0	6	0	0	0	0	0	0	0	0	0	0	0	0	0	0	0	0	0	0	0	0	0	0	0	0	0	0	40	18	21	16	0	0	0	0	0	0	0	0	0	0	0	0	3	0	0	0	0	0	0	0	4	0	0	0	0	0	0	0	41	42	48	51
87	72	29	36	89	57	6	0	56	29	36	89	23	0	39	66	45	96	267	103	42	2	0	56	6	0	56	3	0	38	66	5	0	168	64	29	36	89	9	0	0	0	2	12	0	0	23	0	39	66	45	96	267	103	27	0	0	56	2	0	56	0	0	38	66	0	0	168	63	6	0	56	0	0	0	0	0	0	0	0	3	0	38	66	5	0	168	64	26	36	89	0	0	0	0	0	0	0	0	9	0	0	0	2	12	0	0	23	0	39	66	45	96	267	103	12	0	0	52	0	0	56	0	0	38	58	0	0	168	40	2	0	56	0	0	0	0	0	0	0	0	0	0	38	66	0	0	168	63	3	0	56	0	0	0	0	0	0	0	0	0	0	0	0	0	0	0	0	3	0	38	66	5	0	168	64	15	36	89	0	0	0	38	0	0	0	0	0	0	0	0	0	0	0	0	9	0	0	0	2	12	0	0	15	0	39	66	35	96	267	103
64	53	22	18	44	42	5	0	10	22	18	44	18	0	11	10	42	27	88	120	31	2	0	10	5	0	10	3	0	10	10	5	0	20	72	22	18	44	9	0	0	0	3	0	0	0	18	0	11	10	42	27	88	120	20	0	0	10	2	0	10	0	0	10	10	0	0	20	71	5	0	10	0	0	0	0	0	0	0	0	3	0	10	10	5	0	20	72	20	18	44	0	0	0	0	0	0	0	0	9	0	0	0	3	0	0	0	18	0	11	10	42	27	88	120	9	0	0	10	0	0	10	0	0	10	10	0	0	20	47	2	0	10	0	0	0	0	0	0	0	0	0	0	10	10	0	0	20	71	3	0	10	0	0	0	0	0	0	0	0	0	0	0	0	0	0	0	0	3	0	10	10	5	0	20	72	14	18	44	0	0	0	0	0	0	0	0	0	0	0	0	0	0	0	0	9	0	0	0	3	0	0	0	15	0	11	10	37	27	88	120
59	49	20	9	42	39	5	0	0	20	9	42	18	0	0	0	43	9	42	160	29	2	0	0	5	0	0	3	0	0	0	5	0	0	102	20	9	42	9	0	0	0	3	0	0	0	18	0	0	0	43	9	42	160	19	0	0	0	2	0	0	0	0	0	0	0	0	0	101	5	0	0	0	0	0	0	0	0	0	0	3	0	0	0	5	0	0	102	18	9	42	0	0	0	0	0	0	0	0	9	0	0	0	3	0	0	0	18	0	0	0	43	9	42	160	9	0	0	0	0	0	0	0	0	0	0	0	0	0	70	2	0	0	0	0	0	0	0	0	0	0	0	0	0	0	0	0	0	101	3	0	0	0	0	0	0	0	0	0	0	0	0	0	0	0	0	0	0	3	0	0	0	5	0	0	102	14	9	42	0	0	0	0	0	0	0	0	0	0	0	0	0	0	0	0	9	0	0	0	3	0	0	0	15	0	0	0	38	9	42	160
59	48	28	34	19	37	5	10	0	28	34	19	23	0	0	0	39	72	76	87	26	1	6	0	5	10	0	3	0	0	0	5	0	0	64	28	34	19	5	24	0	0	2	6	0	0	23	0	0	0	39	72	76	87	16	0	0	0	1	6	0	0	0	0	0	0	0	0	63	5	10	0	0	0	0	0	0	0	0	0	3	0	0	0	5	0	0	64	26	24	19	0	0	0	0	0	0	19	0	5	24	0	0	2	6	0	0	23	0	0	0	39	72	76	87	6	0	0	0	0	0	0	0	0	0	0	0	0	0	40	1	6	0	0	0	0	0	0	0	0	0	0	0	0	0	0	0	0	63	3	0	0	0	0	0	0	0	0	0	0	0	0	0	0	0	0	0	0	3	0	0	0	5	0	0	64	11	24	19	0	0	0	0	0	0	0	0	0	0	0	0	0	0	19	0	5	24	0	0	2	6	0	0	15	0	0	0	27	72	76	87
70	56	32	68	6	42	2	25	0	32	68	6	5	105	0	0	32	125	30	10	28	1	5	0	2	25	0	0	15	0	0	0	25	0	8	32	68	6	4	25	0	0	2	5	18	0	5	105	0	0	32	125	30	10	15	0	0	0	1	5	0	0	0	0	0	0	0	0	8	2	25	0	0	0	0	0	0	0	0	0	0	15	0	0	0	25	0	8	25	55	6	0	0	0	0	0	0	6	0	4	25	0	0	2	5	18	0	5	105	0	0	31	125	30	10	5	0	0	0	0	0	0	0	0	0	0	0	0	0	7	1	5	0	0	0	0	0	0	0	0	0	0	0	0	0	0	0	0	8	0	15	0	0	0	0	0	0	0	0	0	0	0	0	0	0	0	0	0	0	15	0	0	0	25	0	8	10	25	6	0	0	0	0	0	0	0	0	0	0	0	0	0	0	6	0	4	25	0	0	2	5	18	0	0	75	0	0	24	75	30	10
79	63	20	15	116	47	3	0	72	20	15	116	8	0	15	36	12	0	116	200	31	0	0	71	3	0	72	0	0	0	34	0	0	72	66	20	15	116	0	0	11	10	0	0	0	0	8	0	15	36	12	0	116	200	15	0	0	71	0	0	71	0	0	0	34	0	0	71	66	3	0	72	0	0	0	10	0	0	0	0	0	0	0	34	0	0	72	66	17	15	116	0	0	0	0	0	0	0	0	0	0	11	10	0	0	0	0	8	0	15	36	12	0	116	200	0	0	0	71	0	0	71	0	0	0	34	0	0	71	66	0	0	71	0	0	0	10	0	0	0	0	0	0	0	34	0	0	71	66	0	0	72	0	0	0	0	0	0	0	0	0	0	0	10	0	0	0	0	0	0	0	34	0	0	72	66	0	0	116	0	0	0	0	0	0	0	0	0	0	0	0	0	0	0	0	0	0	11	10	0	0	0	0	0	0	15	36	0	0	116	200
58	46	19	20	57	34	3	0	24	19	20	57	8	0	15	14	12	0	114	158	22	0	0	24	3	0	24	0	0	0	14	0	0	48	66	19	20	57	0	0	11	0	0	0	0	0	8	0	15	14	12	0	114	158	10	0	0	24	0	0	24	0	0	0	14	0	0	48	66	3	0	24	0	0	0	0	0	0	0	0	0	0	0	14	0	0	48	66	16	20	57	0	0	0	0	0	0	0	0	0	0	11	0	0	0	0	0	8	0	15	14	12	0	114	158	0	0	0	24	0	0	24	0	0	0	14	0	0	48	66	0	0	24	0	0	0	0	0	0	0	0	0	0	0	14	0	0	48	66	0	0	24	0	0	0	0	0	0	0	0	0	0	0	0	0	0	0	0	0	0	0	14	0	0	48	66	0	0	57	0	0	0	0	0	0	0	0	0	0	0	0	0	0	0	0	0	0	11	0	0	0	0	0	0	0	15	14	0	0	114	158
47	37	17	21	25	27	2	0	20	17	21	25	8	0	15	0	12	0	75	6	17	0	0	20	2	0	20	0	0	0	0	0	0	60	0	17	21	25	0	0	5	0	0	0	0	0	8	0	15	0	12	0	75	6	7	0	0	20	0	0	20	0	0	0	0	0	0	60	0	2	0	20	0	0	0	0	0	0	0	0	0	0	0	0	0	0	60	0	15	21	25	0	0	0	0	0	0	0	0	0	0	5	0	0	0	0	0	8	0	15	0	12	0	75	6	0	0	0	20	0	0	20	0	0	0	0	0	0	60	0	0	0	20	0	0	0	0	0	0	0	0	0	0	0	0	0	0	60	0	0	0	20	0	0	0	0	0	0	0	0	0	0	0	0	0	0	0	0	0	0	0	0	0	0	60	0	0	0	25	0	0	0	0	0	0	0	0	0	0	0	0	0	0	0	0	0	0	5	0	0	0	0	0	0	0	15	0	0	0	75	6
58	45	20	47	23	32	2	7	0	20	47	23	3	35	15	0	8	35	115	114	19	0	0	0	2	7	0	0	0	0	0	0	0	0	56	20	47	23	0	0	11	0	0	0	23	0	3	35	15	0	8	35	115	114	7	0	0	0	0	0	0	0	0	0	0	0	0	0	56	2	7	0	0	0	0	0	0	0	0	0	0	0	0	0	0	0	0	56	13	35	23	0	0	0	0	0	0	0	0	0	0	11	0	0	0	23	0	3	35	15	0	7	35	115	114	0	0	0	0	0	0	0	0	0	0	0	0	0	0	56	0	0	0	0	0	0	0	0	0	0	0	0	0	0	0	0	0	0	56	0	0	0	0	0	0	0	0	0	0	0	0	0	0	0	0	0	0	0	0	0	0	0	0	0	0	56	0	0	23	0	0	0	0	0	0	0	0	0	0	0	0	0	0	0	0	0	0	11	0	0	0	23	0	0	0	15	0	0	0	115	114
46	36	19	24	11	26	3	0	0	19	24	11	8	0	15	0	10	12	44	25	16	0	0	0	3	0	0	0	0	0	0	0	0	0	0	19	24	11	0	0	11	0	0	0	0	0	8	0	15	0	10	12	44	25	6	0	0	0	0	0	0	0	0	0	0	0	0	0	0	3	0	0	0	0	0	0	0	0	0	0	0	0	0	0	0	0	0	0	14	24	11	0	0	0	0	0	0	0	0	0	0	11	0	0	0	0	0	8	0	15	0	10	12	44	25	0	0	0	0	0	0	0	0	0	0	0	0	0	0	0	0	0	0	0	0	0	0	0	0	0	0	0	0	0	0	0	0	0	0	0	0	0	0	0	0	0	0	0	0	0	0	0	0	0	0	0	0	0	0	0	0	0	0	0	0	0	0	0	11	0	0	0	0	0	0	0	0	0	0	0	0	0	0	0	0	0	0	11	0	0	0	0	0	0	0	15	0	0	0	44	25
32	24	7	0	30	16	0	0	5	7	0	30	0	0	17	25	1	0	0	59	8	0	0	0	0	0	5	0	0	5	0	0	0	0	20	7	0	30	0	0	0	0	0	0	0	6	0	0	17	25	1	0	0	59	0	0	0	0	0	0	0	0	0	0	0	0	0	0	20	0	0	5	0	0	0	0	0	0	0	0	0	0	5	0	0	0	0	20	0	0	30	0	0	0	0	0	0	0	0	0	0	0	0	0	0	0	6	0	0	17	25	0	0	0	59	0	0	0	0	0	0	0	0	0	0	0	0	0	0	20	0	0	0	0	0	0	0	0	0	0	0	0	0	0	0	0	0	0	20	0	0	5	0	0	0	0	0	0	0	0	0	0	0	0	0	0	0	0	0	0	5	0	0	0	0	20	0	0	0	0	0	0	0	0	0	0	0	0	0	0	0	0	0	0	0	0	0	0	0	0	0	0	6	0	0	0	25	0	0	0	59
30	22	5	12	23	14	0	0	5	5	12	23	0	0	17	25	1	0	46	34	6	0	0	0	0	0	5	0	0	5	0	0	0	10	0	5	12	23	0	0	0	0	0	0	0	6	0	0	17	25	1	0	46	34	0	0	0	0	0	0	0	0	0	0	0	0	0	0	0	0	0	5	0	0	0	0	0	0	0	0	0	0	5	0	0	0	10	0	0	0	23	0	0	0	0	0	0	0	0	0	0	0	0	0	0	0	6	0	0	17	25	0	0	46	34	0	0	0	0	0	0	0	0	0	0	0	0	0	0	0	0	0	0	0	0	0	0	0	0	0	0	0	0	0	0	0	0	0	0	0	0	5	0	0	0	0	0	0	0	0	0	0	0	0	0	0	0	0	0	0	5	0	0	0	10	0	0	0	0	0	0	0	0	0	0	0	0	0	0	0	0	0	0	0	0	0	0	0	0	0	0	0	6	0	0	0	25	0	0	0	34
25	18	5	12	17	11	0	0	5	5	12	17	0	0	17	25	1	4	51	23	4	0	0	0	0	0	5	0	0	5	0	0	0	15	0	4	12	17	0	0	0	0	0	0	0	6	0	0	17	25	0	4	51	23	0	0	0	0	0	0	0	0	0	0	0	0	0	0	0	0	0	5	0	0	0	0	0	0	0	0	0	0	5	0	0	0	15	0	0	0	17	0	0	0	0	0	0	0	0	0	0	0	0	0	0	0	6	0	0	17	25	0	0	51	23	0	0	0	0	0	0	0	0	0	0	0	0	0	0	0	0	0	0	0	0	0	0	0	0	0	0	0	0	0	0	0	0	0	0	0	0	5	0	0	0	0	0	0	0	0	0	0	0	0	0	0	0	0	0	0	5	0	0	0	15	0	0	0	0	0	0	0	0	0	0	0	0	0	0	0	0	0	0	0	0	0	0	0	0	0	0	0	6	0	0	0	25	0	0	0	23
28	21	1	0	45	14	0	0	0	1	0	45	0	0	7	0	0	0	0	232	7	0	0	0	0	0	0	0	0	0	0	0	0	0	116	1	0	45	0	0	0	0	0	0	0	0	0	0	7	0	0	0	0	232	0	0	0	0	0	0	0	0	0	0	0	0	0	0	115	0	0	0	0	0	0	0	0	0	0	0	0	0	0	0	0	0	0	116	0	0	45	0	0	0	0	0	0	0	0	0	0	0	0	0	0	0	0	0	0	7	0	0	0	0	232	0	0	0	0	0	0	0	0	0	0	0	0	0	0	115	0	0	0	0	0	0	0	0	0	0	0	0	0	0	0	0	0	0	115	0	0	0	0	0	0	0	0	0	0	0	0	0	0	0	0	0	0	0	0	0	0	0	0	0	0	116	0	0	0	0	0	0	0	0	0	0	0	0	0	0	0	0	0	0	0	0	0	0	0	0	0	0	0	0	0	0	0	0	0	0	232
28	21	3	0	30	14	0	0	0	3	0	30	0	0	7	0	0	0	0	116	7	0	0	0	0	0	0	0	0	0	0	0	0	0	44	3	0	30	0	0	0	0	0	0	0	0	0	0	7	0	0	0	0	116	0	0	0	0	0	0	0	0	0	0	0	0	0	0	44	0	0	0	0	0	0	0	0	0	0	0	0	0	0	0	0	0	0	44	0	0	30	0	0	0	0	0	0	0	0	0	0	0	0	0	0	0	0	0	0	7	0	0	0	0	116	0	0	0	0	0	0	0	0	0	0	0	0	0	0	44	0	0	0	0	0	0	0	0	0	0	0	0	0	0	0	0	0	0	44	0	0	0	0	0	0	0	0	0	0	0	0	0	0	0	0	0	0	0	0	0	0	0	0	0	0	44	0	0	0	0	0	0	0	0	0	0	0	0	0	0	0	0	0	0	0	0	0	0	0	0	0	0	0	0	0	0	0	0	0	0	116
21	14	1	0	45	7	0	0	27	1	0	45	0	0	0	65	1	0	0	40	0	0	0	11	0	0	27	0	0	0	15	0	0	0	10	0	0	45	0	0	0	49	0	0	0	23	0	0	0	65	0	0	0	40	0	0	0	0	0	0	11	0	0	0	0	0	0	0	0	0	0	27	0	0	0	0	0	0	0	0	0	0	0	15	0	0	0	10	0	0	0	0	0	0	0	0	0	0	25	0	0	0	49	0	0	0	23	0	0	0	65	0	0	0	40	0	0	0	0	0	0	0	0	0	0	0	0	0	0	0	0	0	11	0	0	0	0	0	0	0	0	0	0	0	0	0	0	0	0	0	0	0	0	0	0	0	0	0	0	0	0	0	0	0	0	0	0	0	0	0	0	15	0	0	0	10	0	0	0	0	0	0	0	0	0	0	0	0	0	0	0	0	0	0	25	0	0	0	49	0	0	0	23	0	0	0	0	0	0	0	0
18	12	9	0	10	6	0	0	0	9	0	10	0	0	0	0	9	0	0	40	0	0	0	0	0	0	0	0	0	0	0	0	0	0	10	0	0	10	0	0	0	0	0	0	0	0	0	0	0	0	0	0	0	40	0	0	0	0	0	0	0	0	0	0	0	0	0	0	0	0	0	0	0	0	0	0	0	0	0	0	0	0	0	0	0	0	0	10	0	0	0	0	0	0	0	0	0	0	0	0	0	0	0	0	0	0	0	0	0	0	0	0	0	0	40	0	0	0	0	0	0	0	0	0	0	0	0	0	0	0	0	0	0	0	0	0	0	0	0	0	0	0	0	0	0	0	0	0	0	0	0	0	0	0	0	0	0	0	0	0	0	0	0	0	0	0	0	0	0	0	0	0	0	0	0	10	0	0	0	0	0	0	0	0	0	0	0	0	0	0	0	0	0	0	0	0	0	0	0	0	0	0	0	0	0	0	0	0	0	0	0
17	11	9	5	4	5	0	0	0	8	5	4	0	0	0	0	8	5	4	17	0	0	0	0	0	0	0	0	0	0	0	0	0	0	5	0	0	4	0	0	0	0	0	0	0	0	0	0	0	0	0	0	4	17	0	0	0	0	0	0	0	0	0	0	0	0	0	0	0	0	0	0	0	0	0	0	0	0	0	0	0	0	0	0	0	0	0	5	0	0	0	0	0	0	0	0	0	0	0	0	0	0	0	0	0	0	0	0	0	0	0	0	0	0	17	0	0	0	0	0	0	0	0	0	0	0	0	0	0	0	0	0	0	0	0	0	0	0	0	0	0	0	0	0	0	0	0	0	0	0	0	0	0	0	0	0	0	0	0	0	0	0	0	0	0	0	0	0	0	0	0	0	0	0	0	5	0	0	0	0	0	0	0	0	0	0	0	0	0	0	0	0	0	0	0	0	0	0	0	0	0	0	0	0	0	0	0	0	0	0	0
15	9	9	9	0	3	0	0	0	6	9	0	0	0	0	0	6	9	0	0	0	0	0	0	0	0	0	0	0	0	0	0	0	0	0	0	0	0	0	0	0	0	0	0	0	0	0	0	0	0	0	0	0	0	0	0	0	0	0	0	0	0	0	0	0	0	0	0	0	0	0	0	0	0	0	0	0	0	0	0	0	0	0	0	0	0	0	0	0	0	0	0	0	0	0	0	0	0	0	0	0	0	0	0	0	0	0	0	0	0	0	0	0	0	0	0	0	0	0	0	0	0	0	0	0	0	0	0	0	0	0	0	0	0	0	0	0	0	0	0	0	0	0	0	0	0	0	0	0	0	0	0	0	0	0	0	0	0	0	0	0	0	0	0	0	0	0	0	0	0	0	0	0	0	0	0	0	0	0	0	0	0	0	0	0	0	0	0	0	0	0	0	0	0	0	0	0	0	0	0	0	0	0	0	0	0	0	0	0	0	0
19	11	9	15	0	3	0	0	0	4	15	0	0	0	0	0	4	15	0	0	0	0	0	0	0	0	0	0	0	0	0	0	0	0	0	0	0	0	0	0	0	0	0	0	0	0	0	0	0	0	0	0	0	0	0	0	0	0	0	0	0	0	0	0	0	0	0	0	0	0	0	0	0	0	0	0	0	0	0	0	0	0	0	0	0	0	0	0	0	0	0	0	0	0	0	0	0	0	0	0	0	0	0	0	0	0	0	0	0	0	0	0	0	0	0	0	0	0	0	0	0	0	0	0	0	0	0	0	0	0	0	0	0	0	0	0	0	0	0	0	0	0	0	0	0	0	0	0	0	0	0	0	0	0	0	0	0	0	0	0	0	0	0	0	0	0	0	0	0	0	0	0	0	0	0	0	0	0	0	0	0	0	0	0	0	0	0	0	0	0	0	0	0	0	0	0	0	0	0	0	0	0	0	0	0	0	0	0	0	0	0
15	7	4	7	11	0	0	0	0	0	0	11	0	0	0	0	0	0	11	4	0	0	0	0	0	0	0	0	0	0	0	0	0	0	0	0	0	0	0	0	0	0	0	0	0	0	0	0	0	0	0	0	0	4	0	0	0	0	0	0	0	0	0	0	0	0	0	0	0	0	0	0	0	0	0	0	0	0	0	0	0	0	0	0	0	0	0	0	0	0	0	0	0	0	0	0	0	0	0	0	0	0	0	0	0	0	0	0	0	0	0	0	0	0	0	0	0	0	0	0	0	0	0	0	0	0	0	0	0	0	0	0	0	0	0	0	0	0	0	0	0	0	0	0	0	0	0	0	0	0	0	0	0	0	0	0	0	0	0	0	0	0	0	0	0	0	0	0	0	0	0	0	0	0	0	0	0	0	0	0	0	0	0	0	0	0	0	0	0	0	0	0	0	0	0	0	0	0	0	0	0	0	0	0	0	0	0	0	0	0	0
13	6	4	6	6	0	0	0	0	0	0	6	0	0	0	0	0	0	6	0	0	0	0	0	0	0	0	0	0	0	0	0	0	0	0	0	0	0	0	0	0	0	0	0	0	0	0	0	0	0	0	0	0	0	0	0	0	0	0	0	0	0	0	0	0	0	0	0	0	0	0	0	0	0	0	0	0	0	0	0	0	0	0	0	0	0	0	0	0	0	0	0	0	0	0	0	0	0	0	0	0	0	0	0	0	0	0	0	0	0	0	0	0	0	0	0	0	0	0	0	0	0	0	0	0	0	0	0	0	0	0	0	0	0	0	0	0	0	0	0	0	0	0	0	0	0	0	0	0	0	0	0	0	0	0	0	0	0	0	0	0	0	0	0	0	0	0	0	0	0	0	0	0	0	0	0	0	0	0	0	0	0	0	0	0	0	0	0	0	0	0	0	0	0	0	0	0	0	0	0	0	0	0	0	0	0	0	0	0	0	0
13	6	4	6	6	0	0	0	0	0	0	6	0	0	0	0	0	0	6	0	0	0	0	0	0	0	0	0	0	0	0	0	0	0	0	0	0	0	0	0	0	0	0	0	0	0	0	0	0	0	0	0	0	0	0	0	0	0	0	0	0	0	0	0	0	0	0	0	0	0	0	0	0	0	0	0	0	0	0	0	0	0	0	0	0	0	0	0	0	0	0	0	0	0	0	0	0	0	0	0	0	0	0	0	0	0	0	0	0	0	0	0	0	0	0	0	0	0	0	0	0	0	0	0	0	0	0	0	0	0	0	0	0	0	0	0	0	0	0	0	0	0	0	0	0	0	0	0	0	0	0	0	0	0	0	0	0	0	0	0	0	0	0	0	0	0	0	0	0	0	0	0	0	0	0	0	0	0	0	0	0	0	0	0	0	0	0	0	0	0	0	0	0	0	0	0	0	0	0	0	0	0	0	0	0	0	0	0	0	0	0
11	5	4	5	3	0	0	0	0	0	0	3	0	0	0	0	0	0	3	0	0	0	0	0	0	0	0	0	0	0	0	0	0	0	0	0	0	0	0	0	0	0	0	0	0	0	0	0	0	0	0	0	0	0	0	0	0	0	0	0	0	0	0	0	0	0	0	0	0	0	0	0	0	0	0	0	0	0	0	0	0	0	0	0	0	0	0	0	0	0	0	0	0	0	0	0	0	0	0	0	0	0	0	0	0	0	0	0	0	0	0	0	0	0	0	0	0	0	0	0	0	0	0	0	0	0	0	0	0	0	0	0	0	0	0	0	0	0	0	0	0	0	0	0	0	0	0	0	0	0	0	0	0	0	0	0	0	0	0	0	0	0	0	0	0	0	0	0	0	0	0	0	0	0	0	0	0	0	0	0	0	0	0	0	0	0	0	0	0	0	0	0	0	0	0	0	0	0	0	0	0	0	0	0	0	0	0	0	0	0	0
11	5	4	5	3	0	0	0	0	0	0	3	0	0	0	0	0	0	3	0	0	0	0	0	0	0	0	0	0	0	0	0	0	0	0	0	0	0	0	0	0	0	0	0	0	0	0	0	0	0	0	0	0	0	0	0	0	0	0	0	0	0	0	0	0	0	0	0	0	0	0	0	0	0	0	0	0	0	0	0	0	0	0	0	0	0	0	0	0	0	0	0	0	0	0	0	0	0	0	0	0	0	0	0	0	0	0	0	0	0	0	0	0	0	0	0	0	0	0	0	0	0	0	0	0	0	0	0	0	0	0	0	0	0	0	0	0	0	0	0	0	0	0	0	0	0	0	0	0	0	0	0	0	0	0	0	0	0	0	0	0	0	0	0	0	0	0	0	0	0	0	0	0	0	0	0	0	0	0	0	0	0	0	0	0	0	0	0	0	0	0	0	0	0	0	0	0	0	0	0	0	0	0	0	0	0	0	0	0	0	0
5	0	0	0	29	0	0	0	0	0	0	0	0	0	0	0	0	0	0	29	0	0	0	0	0	0	0	0	0	0	0	0	0	0	0	0	0	0	0	0	0	0	0	0	0	0	0	0	0	0	0	0	0	0	0	0	0	0	0	0	0	0	0	0	0	0	0	0	0	0	0	0	0	0	0	0	0	0	0	0	0	0	0	0	0	0	0	0	0	0	0	0	0	0	0	0	0	0	0	0	0	0	0	0	0	0	0	0	0	0	0	0	0	0	0	0	0	0	0	0	0	0	0	0	0	0	0	0	0	0	0	0	0	0	0	0	0	0	0	0	0	0	0	0	0	0	0	0	0	0	0	0	0	0	0	0	0	0	0	0	0	0	0	0	0	0	0	0	0	0	0	0	0	0	0	0	0	0	0	0	0	0	0	0	0	0	0	0	0	0	0	0	0	0	0	0	0	0	0	0	0	0	0	0	0	0	0	0	0	0	0
