94	89	13	4	0	84	0	0	0	13	4	0	0	0	0	0	30	4	0	0	79	0	0	0	0	0	0	0	0	0	0	0	0	0	0	13	4	0	0	0	0	0	0	0	0	0	0	0	0	0	30	4	0	0	74	0	0	0	0	0	0	0	0	0	0	0	0	0	0	0	0	0	0	0	0	0	0	0	0	0	0	0	0	0	0	0	0	0	13	4	0	0	0	0	0	0	0	0	0	0	0	0	0	0	0	0	0	0	0	0	0	30	4	0	0	69	0	0	0	0	0	0	0	0	0	0	0	0	0	0	0	0	0	0	0	0	0	0	0	0	0	0	0	0	0	0	0	0	0	0	0	0	0	0	0	0	0	0	0	0	0	0	0	0	0	0	0	0	0	0	0	0	0	0	0	0	13	4	0	0	0	0	0	0	0	0	0	0	0	0	0	0	0	0	0	0	0	0	0	0	0	0	0	0	0	0	0	30	4	0	0
94	89	13	4	0	84	0	0	0	13	4	0	0	0	0	0	30	4	0	0	79	0	0	0	0	0	0	0	0	0	0	0	0	0	0	13	4	0	0	0	0	0	0	0	0	0	0	0	0	0	30	4	0	0	74	0	0	0	0	0	0	0	0	0	0	0	0	0	0	0	0	0	0	0	0	0	0	0	0	0	0	0	0	0	0	0	0	0	13	4	0	0	0	0	0	0	0	0	0	0	0	0	0	0	0	0	0	0	0	0	0	30	4	0	0	69	0	0	0	0	0	0	0	0	0	0	0	0	0	0	0	0	0	0	0	0	0	0	0	0	0	0	0	0	0	0	0	0	0	0	0	0	0	0	0	0	0	0	0	0	0	0	0	0	0	0	0	0	0	0	0	0	0	0	0	0	13	4	0	0	0	0	0	0	0	0	0	0	0	0	0	0	0	0	0	0	0	0	0	0	0	0	0	0	0	0	0	30	4	0	0
112	106	15	8	0	100	1	0	0	15	8	0	0	0	0	0	31	12	0	0	94	1	0	0	1	0	0	0	0	0	0	0	0	0	0	15	8	0	0	0	0	0	0	0	0	0	0	0	0	0	31	12	0	0	88	1	0	0	1	0	0	0	0	0	0	0	0	0	0	1	0	0	0	0	0	0	0	0	0	0	0	0	0	0	0	0	0	0	15	8	0	0	0	0	0	1	0	0	0	0	0	0	0	0	0	0	0	0	0	0	0	31	12	0	0	82	1	0	0	1	0	0	0	0	0	0	0	0	0	0	1	0	0	0	0	0	0	0	0	0	0	0	0	0	0	0	0	0	0	1	0	0	0	0	0	0	1	0	0	0	0	0	0	0	0	0	0	0	0	0	0	0	0	0	0	0	15	8	0	0	0	0	0	2	0	0	0	0	0	0	0	1	0	0	0	0	0	0	0	0	0	0	0	0	0	0	0	31	12	0	0
148	140	20	16	0	132	1	0	0	20	16	0	0	0	0	0	42	40	0	0	124	1	0	0	1	0	0	0	0	0	0	0	0	0	0	20	16	0	0	0	0	0	0	0	0	0	0	0	0	0	42	40	0	0	116	1	0	0	1	0	0	0	0	0	0	0	0	0	0	1	0	0	0	0	0	0	0	0	0	0	0	0	0	0	0	0	0	0	20	16	0	0	0	0	0	1	0	0	0	0	0	0	0	0	0	0	0	0	0	0	0	42	40	0	0	108	1	0	0	1	0	0	0	0	0	0	0	0	0	0	1	0	0	0	0	0	0	0	0	0	0	0	0	0	0	0	0	0	0	1	0	0	0	0	0	0	1	0	0	0	0	0	0	0	0	0	0	0	0	0	0	0	0	0	0	0	20	16	0	0	0	0	0	2	0	0	0	0	0	0	0	1	0	0	0	0	0	0	0	0	0	0	0	0	0	0	0	42	40	0	0
166	157	26	20	0	148	3	0	0	26	20	0	1	0	0	0	56	60	0	0	139	3	0	0	3	0	0	1	0	0	0	3	0	0	0	26	20	0	0	0	0	0	0	0	0	0	1	0	0	0	56	60	0	0	130	3	0	0	3	0	0	1	0	0	0	3	0	0	0	3	0	0	0	0	0	0	0	0	0	0	1	0	0	0	3	0	0	0	26	20	0	0	0	0	0	2	0	0	0	0	0	0	0	0	0	0	0	1	0	0	0	56	60	0	0	121	3	0	0	3	0	0	1	0	0	0	3	0	0	0	3	0	0	0	0	0	0	0	0	0	0	1	0	0	0	3	0	0	0	3	0	0	0	0	0	0	2	0	0	0	0	0	0	0	0	0	0	0	1	0	0	0	3	0	0	0	26	20	0	0	0	0	0	4	0	0	0	0	0	0	0	2	0	0	0	0	0	0	0	0	0	0	0	1	0	0	0	56	60	0	0
179	169	21	9	20	159	6	0	0	21	9	20	3	0	0	0	46	9	20	0	149	6	0	0	6	0	0	3	0	0	0	8	0	0	0	21	9	20	0	0	0	0	0	0	0	0	3	0	0	0	46	9	20	0	139	6	0	0	6	0	0	3	0	0	0	8	0	0	0	6	0	0	0	0	0	0	0	0	0	0	3	0	0	0	8	0	0	0	21	9	20	0	0	0	0	4	0	0	0	0	0	0	0	0	0	0	0	3	0	0	0	46	9	20	0	129	6	0	0	6	0	0	3	0	0	0	8	0	0	0	6	0	0	0	0	0	0	0	0	0	0	3	0	0	0	8	0	0	0	6	0	0	0	0	0	0	4	0	0	0	0	0	0	0	0	0	0	0	3	0	0	0	8	0	0	0	21	9	20	1	0	0	0	7	0	0	0	0	0	0	0	4	0	0	0	0	0	0	0	0	0	0	0	3	0	0	0	46	9	20	0
171	161	24	23	12	151	8	9	0	24	23	12	5	0	0	0	55	21	24	0	141	8	9	0	8	9	0	5	0	0	0	17	0	0	0	24	23	12	0	0	0	0	0	0	0	0	5	0	0	0	55	21	24	0	131	7	9	0	8	9	0	5	0	0	0	17	0	0	0	8	9	0	0	0	0	0	0	0	0	0	5	0	0	0	17	0	0	0	24	23	12	0	0	0	0	3	9	0	0	0	0	0	0	0	0	0	0	5	0	0	0	55	21	24	0	121	5	9	0	7	9	0	3	0	0	0	14	0	0	0	8	9	0	0	0	0	0	0	0	0	0	5	0	0	0	17	0	0	0	8	9	0	0	0	0	0	3	9	0	0	0	0	0	0	0	0	0	0	5	0	0	0	17	0	0	0	24	23	12	1	0	0	0	5	18	0	0	0	0	0	0	3	9	0	0	0	0	0	0	0	0	0	0	5	0	0	0	55	21	24	0
159	150	25	18	8	141	6	0	0	25	18	8	3	0	0	0	48	42	24	0	132	6	0	0	6	0	0	3	0	0	0	8	0	0	0	25	18	8	0	0	0	0	0	0	0	0	3	0	0	0	48	42	24	0	123	6	0	0	6	0	0	3	0	0	0	8	0	0	0	6	0	0	0	0	0	0	0	0	0	0	3	0	0	0	8	0	0	0	25	18	8	0	0	0	0	6	0	0	0	0	0	0	0	0	0	0	0	3	0	0	0	48	42	24	0	114	6	0	0	6	0	0	3	0	0	0	8	0	0	0	6	0	0	0	0	0	0	0	0	0	0	3	0	0	0	8	0	0	0	6	0	0	0	0	0	0	4	0	0	0	0	0	0	0	0	0	0	0	3	0	0	0	8	0	0	0	25	18	8	1	0	0	0	9	0	0	0	0	0	0	0	6	0	0	0	0	0	0	0	0	0	0	0	3	0	0	0	48	42	24	0
176	166	35	24	8	156	13	0	0	35	24	8	10	0	0	0	65	66	32	0	146	13	0	0	13	0	0	10	0	0	0	24	0	0	0	35	24	8	0	0	0	0	2	0	0	0	10	0	0	0	65	66	32	0	136	13	0	0	13	0	0	10	0	0	0	24	0	0	0	13	0	0	0	0	0	0	2	0	0	0	10	0	0	0	24	0	0	0	35	24	8	0	0	0	0	10	0	0	0	0	0	0	0	2	0	0	0	10	0	0	0	65	66	32	0	126	13	0	0	13	0	0	10	0	0	0	24	0	0	0	13	0	0	0	0	0	0	2	0	0	0	10	0	0	0	24	0	0	0	13	0	0	0	0	0	0	6	0	0	0	0	0	0	0	2	0	0	0	10	0	0	0	24	0	0	0	35	24	8	15	0	0	0	17	0	0	0	0	0	0	0	10	0	0	0	0	0	0	0	2	0	0	0	10	0	0	0	65	66	32	0
198	186	45	46	4	174	16	20	0	45	46	4	11	10	0	0	79	110	20	0	162	16	20	0	16	20	0	11	10	0	0	34	30	0	0	45	46	4	0	0	0	0	4	0	0	0	11	10	0	0	79	110	20	0	150	15	20	0	16	20	0	11	10	0	0	34	30	0	0	16	20	0	0	0	0	0	4	0	0	0	11	10	0	0	34	30	0	0	45	46	4	0	0	0	0	14	11	0	0	0	0	0	0	4	0	0	0	11	10	0	0	79	110	20	0	138	13	20	0	15	20	0	9	10	0	0	31	30	0	0	16	20	0	0	0	0	0	4	0	0	0	11	10	0	0	34	30	0	0	16	20	0	0	0	0	0	5	10	0	0	0	0	0	0	4	0	0	0	11	10	0	0	34	30	0	0	45	46	4	25	0	0	0	24	22	0	0	0	0	0	0	14	11	0	0	0	0	0	0	4	0	0	0	11	10	0	0	79	110	20	0
203	190	38	41	33	177	17	30	0	38	41	33	11	20	0	0	60	61	33	52	164	17	30	0	17	30	0	11	20	0	0	34	50	0	0	38	41	33	2	0	0	0	7	0	0	0	11	20	0	0	60	61	33	52	151	15	30	0	17	30	0	11	20	0	0	34	50	0	0	17	30	0	0	0	0	0	4	0	0	0	11	20	0	0	34	50	0	0	38	41	33	2	0	0	0	14	22	0	0	2	0	0	0	7	0	0	0	11	20	0	0	60	61	33	52	138	12	29	0	15	30	0	8	20	0	0	30	50	0	0	17	30	0	0	0	0	0	4	0	0	0	11	20	0	0	34	50	0	0	17	30	0	0	0	0	0	4	20	0	0	0	0	0	0	4	0	0	0	11	20	0	0	34	50	0	0	38	41	33	24	9	0	0	23	33	0	0	2	0	0	0	14	22	0	0	2	0	0	0	7	0	0	0	11	20	0	0	60	61	33	52
168	158	34	16	24	148	18	0	0	34	16	24	12	0	0	0	59	16	48	32	138	18	0	0	18	0	0	12	0	0	0	38	0	0	0	34	16	24	1	0	0	0	8	0	0	0	12	0	0	0	59	16	48	32	128	18	0	0	18	0	0	12	0	0	0	38	0	0	0	18	0	0	1	0	0	0	4	0	0	0	12	0	0	0	38	0	0	0	34	16	24	0	0	0	0	12	0	0	0	1	0	0	0	8	0	0	0	12	0	0	0	59	16	48	32	118	18	0	0	18	0	0	12	0	0	0	38	0	0	0	18	0	0	1	0	0	0	4	0	0	0	12	0	0	0	38	0	0	0	18	0	0	0	0	0	0	6	0	0	0	1	0	0	0	4	0	0	0	12	0	0	0	38	0	0	0	34	16	24	25	0	0	0	20	0	0	0	0	0	0	0	12	0	0	0	1	0	0	0	8	0	0	0	12	0	0	0	59	16	48	32
183	172	39	28	17	161	21	0	0	39	28	17	16	0	0	0	66	42	68	20	150	21	0	0	21	0	0	16	0	0	0	43	0	0	0	39	28	17	5	0	0	0	18	0	0	0	16	0	0	0	66	42	68	20	139	19	0	0	21	0	0	16	0	0	0	43	0	0	0	21	0	0	1	0	0	0	6	0	0	0	16	0	0	0	43	0	0	0	39	28	17	4	0	0	0	9	14	0	0	5	0	0	0	18	0	0	0	16	0	0	0	66	42	68	20	128	17	0	0	19	0	0	12	0	0	0	41	0	0	0	21	0	0	1	0	0	0	6	0	0	0	16	0	0	0	43	0	0	0	21	0	0	0	0	0	0	5	0	0	0	1	0	0	0	6	0	0	0	16	0	0	0	43	0	0	0	39	28	17	25	0	0	0	16	14	0	0	4	0	0	0	9	14	0	0	5	0	0	0	18	0	0	0	16	0	0	0	66	42	68	20
237	220	61	111	11	203	28	80	0	61	111	11	19	75	0	0	111	245	44	12	186	26	80	0	28	80	0	17	75	0	0	65	210	0	0	61	111	11	5	0	0	0	21	20	0	0	19	75	0	0	111	245	44	12	169	22	80	0	26	80	0	17	75	0	0	61	210	0	0	28	80	0	1	0	0	0	6	20	0	0	17	75	0	0	65	210	0	0	61	111	11	5	0	0	0	13	38	0	0	5	0	0	0	21	20	0	0	19	75	0	0	111	245	44	12	152	14	66	0	22	80	0	8	75	0	0	53	210	0	0	26	80	0	1	0	0	0	6	20	0	0	17	75	0	0	61	210	0	0	28	80	0	0	0	0	0	3	20	0	0	1	0	0	0	6	20	0	0	17	75	0	0	65	210	0	0	61	111	11	17	98	0	0	22	83	0	0	5	0	0	0	13	38	0	0	5	0	0	0	21	20	0	0	19	75	0	0	111	245	44	12
189	177	44	45	5	165	22	20	0	44	45	5	18	0	0	0	71	75	25	4	153	20	20	0	22	20	0	16	0	0	0	44	40	0	0	44	45	5	5	0	0	0	20	20	0	0	18	0	0	0	71	75	25	4	141	18	20	0	20	20	0	16	0	0	0	40	40	0	0	22	20	0	1	0	0	0	6	20	0	0	16	0	0	0	44	40	0	0	44	45	5	5	0	0	0	13	10	0	0	5	0	0	0	20	20	0	0	18	0	0	0	71	75	25	4	129	15	10	0	18	20	0	12	0	0	0	38	40	0	0	20	20	0	1	0	0	0	6	20	0	0	16	0	0	0	40	40	0	0	22	20	0	0	0	0	0	5	0	0	0	1	0	0	0	6	20	0	0	16	0	0	0	44	40	0	0	44	45	5	15	50	0	0	22	15	0	0	5	0	0	0	13	10	0	0	5	0	0	0	20	20	0	0	18	0	0	0	71	75	25	4
159	149	31	9	35	139	24	0	0	31	9	35	18	0	0	0	56	9	35	90	129	22	0	0	24	0	0	16	0	0	0	46	0	0	0	31	9	35	5	0	0	0	20	18	0	0	18	0	0	0	56	9	35	90	119	20	0	0	22	0	0	16	0	0	0	44	0	0	0	24	0	0	1	0	0	0	8	0	0	0	16	0	0	0	46	0	0	0	31	9	35	5	0	0	0	4	0	0	0	5	0	0	0	20	18	0	0	18	0	0	0	56	9	35	90	109	11	0	0	20	0	0	12	0	0	0	42	0	0	0	22	0	0	1	0	0	0	8	0	0	0	16	0	0	0	44	0	0	0	24	0	0	0	0	0	0	4	0	0	0	1	0	0	0	8	0	0	0	16	0	0	0	46	0	0	0	31	9	35	2	0	37	0	8	0	0	0	5	0	0	0	4	0	0	0	5	0	0	0	20	18	0	0	18	0	0	0	56	9	35	90
161	149	35	38	26	137	18	28	0	35	38	26	14	19	0	0	61	103	26	57	125	16	27	0	18	28	0	12	18	0	0	31	90	0	0	35	38	26	4	9	0	0	25	16	0	0	14	19	0	0	61	103	26	57	113	14	27	0	16	27	0	12	18	0	0	29	90	0	0	18	28	0	0	9	0	0	8	0	0	0	12	18	0	0	31	90	0	0	35	38	26	5	0	0	0	2	0	0	0	4	9	0	0	25	16	0	0	14	19	0	0	61	103	26	57	101	6	27	0	14	27	0	8	18	0	0	27	90	0	0	16	27	0	0	9	0	0	8	0	0	0	12	18	0	0	29	90	0	0	18	28	0	0	0	0	0	2	0	0	0	0	9	0	0	8	0	0	0	12	18	0	0	31	90	0	0	35	38	26	2	0	28	0	5	0	0	0	5	0	0	0	2	0	0	0	4	9	0	0	25	16	0	0	14	19	0	0	61	103	26	57
192	179	41	54	18	166	28	36	0	41	54	18	22	36	0	0	74	72	36	33	153	22	32	0	28	36	0	14	36	0	0	58	45	0	0	41	54	18	1	28	0	0	18	50	0	0	22	36	0	0	74	72	36	33	140	22	14	0	22	32	0	14	28	0	0	50	41	0	0	28	36	0	1	0	0	0	6	18	0	0	14	36	0	0	58	45	0	0	41	54	18	1	28	0	0	5	0	36	0	1	28	0	0	18	50	0	0	22	36	0	0	74	72	36	33	127	16	0	0	22	14	0	14	0	0	0	50	21	0	0	22	32	0	1	0	0	0	6	18	0	0	14	28	0	0	50	41	0	0	28	36	0	0	0	0	0	2	0	0	0	1	0	0	0	6	18	0	0	14	36	0	0	58	45	0	0	41	54	18	8	0	28	0	11	0	36	0	1	28	0	0	5	0	36	0	1	28	0	0	18	50	0	0	22	36	0	0	74	72	36	33
126	118	25	12	12	110	17	0	0	25	12	12	13	0	0	0	38	18	24	22	102	13	0	0	17	0	0	7	0	0	0	27	0	0	0	25	12	12	5	0	0	0	16	24	0	0	13	0	0	0	38	18	24	22	94	11	0	0	13	0	0	7	0	0	0	23	0	0	0	17	0	0	1	0	0	0	6	0	0	0	7	0	0	0	27	0	0	0	25	12	12	5	0	0	0	0	0	0	0	5	0	0	0	16	24	0	0	13	0	0	0	38	18	24	22	86	6	0	0	11	0	0	3	0	0	0	21	0	0	0	13	0	0	1	0	0	0	6	0	0	0	7	0	0	0	23	0	0	0	17	0	0	0	0	0	0	0	0	0	0	1	0	0	0	6	0	0	0	7	0	0	0	27	0	0	0	25	12	12	0	0	10	0	0	0	0	0	5	0	0	0	0	0	0	0	5	0	0	0	16	24	0	0	13	0	0	0	38	18	24	22
123	115	30	13	11	107	22	7	0	30	13	11	18	0	0	0	56	13	11	16	99	18	7	0	22	7	0	14	0	0	0	44	7	0	0	30	13	11	5	0	0	0	18	26	0	0	18	0	0	0	56	13	11	16	91	16	6	0	18	7	0	14	0	0	0	38	7	0	0	22	7	0	1	0	0	0	6	14	0	0	14	0	0	0	44	7	0	0	30	13	11	4	6	0	0	3	0	0	0	5	0	0	0	18	26	0	0	18	0	0	0	56	13	11	16	83	9	0	0	16	6	0	10	0	0	0	36	6	0	0	18	7	0	1	0	0	0	6	14	0	0	14	0	0	0	38	7	0	0	22	7	0	0	0	0	0	2	0	0	0	1	0	0	0	6	14	0	0	14	0	0	0	44	7	0	0	30	13	11	2	0	28	0	6	0	11	0	4	6	0	0	3	0	0	0	5	0	0	0	18	26	0	0	18	0	0	0	56	13	11	16
156	144	28	44	36	132	16	34	0	28	44	36	20	24	0	0	36	60	36	102	120	9	20	0	16	34	0	7	10	0	0	24	44	0	0	28	44	36	1	0	14	0	6	0	72	0	20	24	0	0	36	60	36	102	108	6	20	0	9	20	0	3	10	0	0	17	30	0	0	16	34	0	1	0	0	0	4	0	0	0	7	10	0	0	24	44	0	0	28	44	36	0	0	20	0	3	0	0	0	1	0	14	0	6	0	72	0	20	24	0	0	36	60	36	102	96	6	20	0	6	20	0	3	10	0	0	13	30	0	0	9	20	0	1	0	0	0	4	0	0	0	3	10	0	0	17	30	0	0	16	34	0	0	0	0	0	3	0	0	0	1	0	0	0	4	0	0	0	7	10	0	0	24	44	0	0	28	44	36	0	0	0	0	0	0	0	0	0	0	20	0	3	0	0	0	1	0	14	0	6	0	72	0	20	24	0	0	36	60	36	102
134	124	27	33	13	114	13	19	0	27	33	13	17	20	0	0	29	29	26	30	104	6	9	0	13	19	0	6	0	0	0	16	10	0	0	27	33	13	0	0	14	0	4	0	26	0	17	20	0	0	29	29	26	30	94	4	9	0	6	9	0	2	0	0	0	9	0	0	0	13	19	0	0	0	0	0	2	0	0	0	6	0	0	0	16	10	0	0	27	33	13	0	0	14	0	3	0	0	0	0	0	14	0	4	0	26	0	17	20	0	0	29	29	26	30	84	4	9	0	4	9	0	2	0	0	0	6	0	0	0	6	9	0	0	0	0	0	2	0	0	0	2	0	0	0	9	0	0	0	13	19	0	0	0	0	0	3	0	0	0	0	0	0	0	2	0	0	0	6	0	0	0	16	10	0	0	27	33	13	0	0	0	0	0	0	0	0	0	0	14	0	3	0	0	0	0	0	14	0	4	0	26	0	17	20	0	0	29	29	26	30
141	131	31	33	0	121	12	12	0	31	33	0	8	36	0	0	37	33	0	0	111	8	0	0	12	12	0	2	0	0	0	20	12	0	0	31	33	0	3	0	0	0	4	0	0	0	8	36	0	0	37	33	0	0	101	5	0	0	8	0	0	2	0	0	0	16	0	0	0	12	12	0	0	0	0	0	0	0	0	0	2	0	0	0	20	12	0	0	31	33	0	0	0	0	0	0	21	0	0	3	0	0	0	4	0	0	0	8	36	0	0	37	33	0	0	91	5	0	0	5	0	0	2	0	0	0	6	0	0	0	8	0	0	0	0	0	0	0	0	0	0	2	0	0	0	16	0	0	0	12	12	0	0	0	0	0	0	12	0	0	0	0	0	0	0	0	0	0	2	0	0	0	20	12	0	0	31	33	0	0	0	0	0	0	0	0	0	0	0	0	0	0	21	0	0	3	0	0	0	4	0	0	0	8	36	0	0	37	33	0	0
115	107	19	15	0	99	6	0	0	19	15	0	13	0	0	0	16	9	0	0	91	1	0	0	6	0	0	0	0	0	0	5	0	0	0	19	15	0	0	0	0	0	0	0	0	0	13	0	0	0	16	9	0	0	83	1	0	0	1	0	0	0	0	0	0	0	0	0	0	6	0	0	0	0	0	0	0	0	0	0	0	0	0	0	5	0	0	0	19	15	0	0	0	0	0	3	0	0	0	0	0	0	0	0	0	0	0	13	0	0	0	16	9	0	0	75	1	0	0	1	0	0	0	0	0	0	0	0	0	0	1	0	0	0	0	0	0	0	0	0	0	0	0	0	0	0	0	0	0	6	0	0	0	0	0	0	3	0	0	0	0	0	0	0	0	0	0	0	0	0	0	0	5	0	0	0	19	15	0	0	0	0	0	0	0	0	0	0	0	0	0	3	0	0	0	0	0	0	0	0	0	0	0	13	0	0	0	16	9	0	0
100	93	14	10	0	86	3	0	0	14	10	0	9	0	0	0	11	6	0	0	79	0	0	0	3	0	0	0	0	0	0	3	0	0	0	14	10	0	0	0	0	0	0	0	0	0	9	0	0	0	11	6	0	0	72	0	0	0	0	0	0	0	0	0	0	0	0	0	0	3	0	0	0	0	0	0	0	0	0	0	0	0	0	0	3	0	0	0	14	10	0	0	0	0	0	3	0	0	0	0	0	0	0	0	0	0	0	9	0	0	0	11	6	0	0	65	0	0	0	0	0	0	0	0	0	0	0	0	0	0	0	0	0	0	0	0	0	0	0	0	0	0	0	0	0	0	0	0	0	3	0	0	0	0	0	0	3	0	0	0	0	0	0	0	0	0	0	0	0	0	0	0	3	0	0	0	14	10	0	0	0	0	0	0	0	0	0	0	0	0	0	3	0	0	0	0	0	0	0	0	0	0	0	9	0	0	0	11	6	0	0
138	128	15	16	21	118	5	0	0	15	16	21	2	0	36	0	16	16	42	49	108	5	0	0	5	0	0	2	0	0	0	6	0	0	0	15	16	21	0	0	0	0	2	0	0	0	2	0	36	0	16	16	42	49	98	5	0	0	5	0	0	2	0	0	0	6	0	0	0	5	0	0	0	0	0	0	0	0	0	0	2	0	0	0	6	0	0	0	15	16	21	0	0	0	0	3	0	0	0	0	0	0	0	2	0	0	0	2	0	36	0	16	16	42	49	88	5	0	0	5	0	0	2	0	0	0	6	0	0	0	5	0	0	0	0	0	0	0	0	0	0	2	0	0	0	6	0	0	0	5	0	0	0	0	0	0	0	0	0	0	0	0	0	0	0	0	0	0	2	0	0	0	6	0	0	0	15	16	21	0	0	0	0	0	0	0	0	0	0	0	0	3	0	0	0	0	0	0	0	2	0	0	0	2	0	36	0	16	16	42	49
111	103	8	7	14	95	1	0	0	8	7	14	0	0	22	0	7	0	14	13	87	1	0	0	1	0	0	0	0	0	0	0	0	0	0	8	7	14	0	0	0	0	0	0	0	0	0	0	22	0	7	0	14	13	79	1	0	0	1	0	0	0	0	0	0	0	0	0	0	1	0	0	0	0	0	0	0	0	0	0	0	0	0	0	0	0	0	0	8	7	14	0	0	0	0	3	0	0	0	0	0	0	0	0	0	0	0	0	0	22	0	7	0	14	13	71	1	0	0	1	0	0	0	0	0	0	0	0	0	0	1	0	0	0	0	0	0	0	0	0	0	0	0	0	0	0	0	0	0	1	0	0	0	0	0	0	0	0	0	0	0	0	0	0	0	0	0	0	0	0	0	0	0	0	0	0	8	7	14	0	0	0	0	0	0	0	0	0	0	0	0	3	0	0	0	0	0	0	0	0	0	0	0	0	0	22	0	7	0	14	13
98	91	6	0	9	84	0	0	0	6	0	9	0	0	12	0	5	0	0	0	77	0	0	0	0	0	0	0	0	0	0	0	0	0	0	6	0	9	0	0	0	0	0	0	0	0	0	0	12	0	5	0	0	0	70	0	0	0	0	0	0	0	0	0	0	0	0	0	0	0	0	0	0	0	0	0	0	0	0	0	0	0	0	0	0	0	0	0	6	0	9	0	0	0	0	3	0	0	0	0	0	0	0	0	0	0	0	0	0	12	0	5	0	0	0	63	0	0	0	0	0	0	0	0	0	0	0	0	0	0	0	0	0	0	0	0	0	0	0	0	0	0	0	0	0	0	0	0	0	0	0	0	0	0	0	0	0	0	0	0	0	0	0	0	0	0	0	0	0	0	0	0	0	0	0	0	6	0	9	0	0	0	0	0	0	0	0	0	0	0	0	3	0	0	0	0	0	0	0	0	0	0	0	0	0	12	0	5	0	0	0
70	65	2	0	5	60	0	0	0	2	0	5	0	0	0	0	2	0	0	0	55	0	0	0	0	0	0	0	0	0	0	0	0	0	0	2	0	5	0	0	0	0	0	0	0	0	0	0	0	0	2	0	0	0	50	0	0	0	0	0	0	0	0	0	0	0	0	0	0	0	0	0	0	0	0	0	0	0	0	0	0	0	0	0	0	0	0	0	2	0	5	0	0	0	0	0	0	0	0	0	0	0	0	0	0	0	0	0	0	0	0	2	0	0	0	45	0	0	0	0	0	0	0	0	0	0	0	0	0	0	0	0	0	0	0	0	0	0	0	0	0	0	0	0	0	0	0	0	0	0	0	0	0	0	0	0	0	0	0	0	0	0	0	0	0	0	0	0	0	0	0	0	0	0	0	0	2	0	5	0	0	0	0	0	0	0	0	0	0	0	0	0	0	0	0	0	0	0	0	0	0	0	0	0	0	0	0	2	0	0	0
70	65	1	0	5	60	0	0	0	1	0	5	0	0	0	0	0	0	0	0	55	0	0	0	0	0	0	0	0	0	0	0	0	0	0	1	0	5	0	0	0	0	0	0	0	0	0	0	0	0	0	0	0	0	50	0	0	0	0	0	0	0	0	0	0	0	0	0	0	0	0	0	0	0	0	0	0	0	0	0	0	0	0	0	0	0	0	0	1	0	5	0	0	0	0	0	0	0	0	0	0	0	0	0	0	0	0	0	0	0	0	0	0	0	0	45	0	0	0	0	0	0	0	0	0	0	0	0	0	0	0	0	0	0	0	0	0	0	0	0	0	0	0	0	0	0	0	0	0	0	0	0	0	0	0	0	0	0	0	0	0	0	0	0	0	0	0	0	0	0	0	0	0	0	0	0	1	0	5	0	0	0	0	0	0	0	0	0	0	0	0	0	0	0	0	0	0	0	0	0	0	0	0	0	0	0	0	0	0	0	0
104	96	13	0	46	88	8	0	25	13	0	46	2	0	18	29	23	0	0	35	80	8	0	7	8	0	25	2	0	18	0	16	0	0	0	13	0	46	3	0	0	14	6	0	0	49	2	0	18	29	23	0	0	35	72	5	0	0	8	0	7	2	0	14	0	16	0	0	0	8	0	25	0	0	0	0	0	0	0	0	2	0	18	0	16	0	0	0	13	0	46	0	0	0	0	0	0	0	18	3	0	0	14	6	0	0	49	2	0	18	29	23	0	0	35	64	5	0	0	5	0	0	2	0	0	0	6	0	0	0	8	0	7	0	0	0	0	0	0	0	0	2	0	14	0	16	0	0	0	8	0	25	0	0	0	0	0	0	0	0	0	0	0	0	0	0	0	0	2	0	18	0	16	0	0	0	13	0	46	0	0	0	0	0	0	0	0	0	0	0	0	0	0	0	18	3	0	0	14	6	0	0	49	2	0	18	29	23	0	0	35
152	139	29	41	39	126	16	22	25	29	41	39	6	11	18	29	53	60	78	21	113	14	22	7	16	22	25	4	11	18	0	41	33	50	0	29	41	39	15	0	0	14	12	18	0	49	6	11	18	29	53	60	78	21	100	7	22	0	14	22	7	4	11	14	0	37	33	14	0	16	22	25	0	0	0	0	0	0	0	0	4	11	18	0	41	33	50	0	29	41	39	0	0	0	0	4	0	0	18	15	0	0	14	12	18	0	49	6	11	18	29	53	60	78	21	87	7	22	0	7	22	0	4	11	0	0	16	33	0	0	14	22	7	0	0	0	0	0	0	0	0	4	11	14	0	37	33	14	0	16	22	25	0	0	0	0	0	0	0	0	0	0	0	0	0	0	0	0	4	11	18	0	41	33	50	0	29	41	39	6	0	0	0	6	0	0	0	0	0	0	0	4	0	0	18	15	0	0	14	12	18	0	49	6	11	18	29	53	60	78	21
107	98	25	23	7	89	8	18	4	25	23	7	3	0	0	12	32	65	7	0	80	6	15	0	8	18	4	1	0	0	0	18	60	4	0	25	23	7	12	15	0	0	12	10	0	0	3	0	0	12	32	65	7	0	71	2	0	0	6	15	0	1	0	0	0	14	50	0	0	8	18	4	0	0	0	0	0	0	0	0	1	0	0	0	18	60	4	0	25	23	7	0	0	0	0	2	0	21	0	12	15	0	0	12	10	0	0	3	0	0	12	32	65	7	0	62	2	0	0	2	0	0	1	0	0	0	3	0	0	0	6	15	0	0	0	0	0	0	0	0	0	1	0	0	0	14	50	0	0	8	18	4	0	0	0	0	0	0	12	0	0	0	0	0	0	0	0	0	1	0	0	0	18	60	4	0	25	23	7	0	0	0	0	1	0	0	0	0	0	0	0	2	0	21	0	12	15	0	0	12	10	0	0	3	0	0	12	32	65	7	0
51	47	18	3	0	43	11	0	0	18	3	0	3	0	0	0	38	3	0	0	39	9	0	0	11	0	0	1	0	0	0	28	0	0	0	18	3	0	15	0	0	0	10	6	0	0	3	0	0	0	38	3	0	0	35	2	0	0	9	0	0	1	0	0	0	24	0	0	0	11	0	0	0	0	0	0	0	0	0	0	1	0	0	0	28	0	0	0	18	3	0	0	0	0	0	2	0	0	0	15	0	0	0	10	6	0	0	3	0	0	0	38	3	0	0	31	2	0	0	2	0	0	1	0	0	0	3	0	0	0	9	0	0	0	0	0	0	0	0	0	0	1	0	0	0	24	0	0	0	11	0	0	0	0	0	0	0	0	0	0	0	0	0	0	0	0	0	0	1	0	0	0	28	0	0	0	18	3	0	0	0	0	0	1	0	0	0	0	0	0	0	2	0	0	0	15	0	0	0	10	6	0	0	3	0	0	0	38	3	0	0
115	105	35	33	0	95	16	24	0	35	33	0	14	0	0	0	53	78	0	0	85	10	12	0	16	24	0	8	0	0	0	41	66	0	0	35	33	0	4	36	0	0	9	18	0	0	14	0	0	0	53	78	0	0	75	6	0	0	10	12	0	4	0	0	0	26	33	0	0	16	24	0	0	0	0	0	1	0	0	0	8	0	0	0	41	66	0	0	35	33	0	0	0	0	0	5	3	0	0	4	36	0	0	9	18	0	0	14	0	0	0	53	78	0	0	65	6	0	0	6	0	0	4	0	0	0	16	0	0	0	10	12	0	0	0	0	0	0	0	0	0	4	0	0	0	26	33	0	0	16	24	0	0	0	0	0	1	0	0	0	0	0	0	0	1	0	0	0	8	0	0	0	41	66	0	0	35	33	0	6	0	0	0	9	0	0	0	0	0	0	0	5	3	0	0	4	36	0	0	9	18	0	0	14	0	0	0	53	78	0	0
129	118	42	24	40	107	27	0	40	42	24	40	35	0	50	0	82	16	120	0	96	18	0	40	27	0	40	17	0	50	0	72	0	120	0	42	24	40	8	0	0	0	5	0	0	0	35	0	50	0	82	16	120	0	85	13	0	40	18	0	40	10	0	50	0	49	0	120	0	27	0	40	1	0	0	0	4	0	0	0	17	0	50	0	72	0	120	0	42	24	40	5	0	0	0	16	24	0	0	8	0	0	0	5	0	0	0	35	0	50	0	82	16	120	0	74	7	0	30	13	0	40	4	0	50	0	39	0	120	0	18	0	40	1	0	0	0	2	0	0	0	10	0	50	0	49	0	120	0	27	0	40	3	0	0	0	2	0	0	0	1	0	0	0	4	0	0	0	17	0	50	0	72	0	120	0	42	24	40	12	0	0	58	25	48	0	0	5	0	0	0	16	24	0	0	8	0	0	0	5	0	0	0	35	0	50	0	82	16	120	0
175	160	45	38	58	145	27	24	36	45	38	58	29	24	20	18	81	76	58	46	130	13	0	36	27	24	36	13	0	20	18	72	48	36	29	45	38	58	8	0	27	0	5	0	116	0	29	24	20	18	81	76	58	46	115	10	0	33	13	0	36	6	0	20	14	32	0	36	7	27	24	36	1	0	0	0	4	0	72	0	13	0	20	18	72	48	36	29	45	38	58	5	0	0	20	15	12	0	0	8	0	27	0	5	0	116	0	29	24	20	18	81	76	58	46	100	9	0	11	10	0	33	5	0	20	0	28	0	33	0	13	0	36	1	0	0	0	2	0	72	0	6	0	20	14	32	0	36	7	27	24	36	3	0	0	0	2	0	0	0	1	0	0	0	4	0	72	0	13	0	20	18	72	48	36	29	45	38	58	12	0	0	49	25	12	0	29	5	0	0	20	15	12	0	0	8	0	27	0	5	0	116	0	29	24	20	18	81	76	58	46
145	131	51	59	33	117	27	40	19	51	59	33	32	30	20	18	107	139	66	39	103	14	40	19	27	40	19	14	30	20	18	71	130	38	25	51	59	33	6	0	12	0	12	0	0	0	32	30	20	18	107	139	66	39	89	10	40	17	14	40	19	7	30	20	14	37	130	38	7	27	40	19	1	0	0	0	4	0	0	0	14	30	20	18	71	130	38	25	51	59	33	3	0	0	14	13	16	0	0	6	0	12	0	12	0	0	0	32	30	20	18	107	139	66	39	75	5	34	6	10	40	17	2	30	20	0	28	130	34	0	14	40	19	1	0	0	0	2	0	0	0	7	30	20	14	37	130	38	7	27	40	19	3	0	0	0	2	0	0	0	1	0	0	0	4	0	0	0	14	30	20	18	71	130	38	25	51	59	33	6	48	0	24	21	40	0	18	3	0	0	14	13	16	0	0	6	0	12	0	12	0	0	0	32	30	20	18	107	139	66	39
120	109	42	39	3	98	21	26	0	42	39	3	26	44	0	0	69	66	3	0	87	11	5	0	21	26	0	10	20	0	0	53	55	0	0	42	39	3	7	5	12	0	7	6	12	0	26	44	0	0	69	66	3	0	76	8	0	0	11	5	0	6	0	0	0	29	0	0	0	21	26	0	1	0	0	0	3	5	0	0	10	20	0	0	53	55	0	0	42	39	3	3	0	0	0	11	11	3	0	7	5	12	0	7	6	12	0	26	44	0	0	69	66	3	0	65	5	0	0	8	0	0	3	0	0	0	22	0	0	0	11	5	0	1	0	0	0	2	0	0	0	6	0	0	0	29	0	0	0	21	26	0	3	0	0	0	1	5	0	0	1	0	0	0	3	5	0	0	10	20	0	0	53	55	0	0	42	39	3	10	0	0	0	18	15	0	0	3	0	0	0	11	11	3	0	7	5	12	0	7	6	12	0	26	44	0	0	69	66	3	0
138	125	47	63	0	112	25	32	0	47	63	0	28	72	0	0	85	121	0	0	99	16	15	0	25	32	0	14	12	0	0	58	68	0	0	47	63	0	6	27	0	0	7	30	0	0	28	72	0	0	85	121	0	0	86	10	8	0	16	15	0	9	0	0	0	37	23	0	0	25	32	0	0	8	0	0	1	20	0	0	14	12	0	0	58	68	0	0	47	63	0	2	24	0	0	10	24	0	0	6	27	0	0	7	30	0	0	28	72	0	0	85	121	0	0	73	4	4	0	10	8	0	3	0	0	0	28	8	0	0	16	15	0	0	4	0	0	0	8	0	0	9	0	0	0	37	23	0	0	25	32	0	0	12	0	0	1	4	0	0	0	8	0	0	1	20	0	0	14	12	0	0	58	68	0	0	47	63	0	6	16	0	0	15	24	0	0	2	24	0	0	10	24	0	0	6	27	0	0	7	30	0	0	28	72	0	0	85	121	0	0
132	119	30	32	64	106	15	30	39	30	32	64	11	20	12	50	77	96	0	73	93	14	30	39	15	30	39	8	20	0	50	41	90	0	59	30	32	64	4	0	4	0	10	0	0	0	11	20	12	50	77	96	0	73	80	11	20	39	14	30	39	8	20	0	50	38	90	0	59	15	30	39	1	0	0	0	2	0	0	0	8	20	0	50	41	90	0	59	30	32	64	5	0	0	0	3	0	64	0	4	0	4	0	10	0	0	0	11	20	12	50	77	96	0	73	67	2	0	39	11	20	39	4	0	0	50	33	60	0	57	14	30	39	0	0	0	0	0	0	0	0	8	20	0	50	38	90	0	59	15	30	39	0	0	0	0	0	0	39	0	1	0	0	0	2	0	0	0	8	20	0	50	41	90	0	59	30	32	64	0	0	41	0	0	0	128	0	5	0	0	0	3	0	64	0	4	0	4	0	10	0	0	0	11	20	12	50	77	96	0	73
123	111	26	37	35	99	13	20	10	26	37	35	11	10	36	10	52	45	70	98	87	11	18	10	13	20	10	6	10	0	10	28	20	20	76	26	37	35	6	16	4	0	7	8	0	0	11	10	36	10	52	45	70	98	75	6	8	10	11	18	10	5	8	0	10	24	18	20	76	13	20	10	1	0	0	0	2	0	0	0	6	10	0	10	28	20	20	76	26	37	35	3	16	0	0	3	8	35	0	6	16	4	0	7	8	0	0	11	10	36	10	52	45	70	98	63	0	0	10	6	8	10	0	0	0	10	15	8	20	73	11	18	10	0	0	0	0	0	0	0	0	5	8	0	10	24	18	20	76	13	20	10	0	0	0	0	0	0	10	0	1	0	0	0	2	0	0	0	6	10	0	10	28	20	20	76	26	37	35	0	0	4	0	0	0	35	0	3	16	0	0	3	8	35	0	6	16	4	0	7	8	0	0	11	10	36	10	52	45	70	98
106	95	34	31	38	84	14	28	10	34	31	38	14	21	32	30	86	85	0	76	73	12	28	10	14	28	10	7	21	0	30	38	77	0	59	34	31	38	3	0	9	0	13	0	0	0	14	21	32	30	86	85	0	76	62	10	21	10	12	28	10	7	21	0	30	35	77	0	59	14	28	10	1	0	0	0	2	0	0	0	7	21	0	30	38	77	0	59	34	31	38	5	0	0	0	3	0	38	0	3	0	9	0	13	0	0	0	14	21	32	30	86	85	0	76	51	2	0	10	10	21	10	4	0	0	30	31	56	0	57	12	28	10	0	0	0	0	0	0	0	0	7	21	0	30	35	77	0	59	14	28	10	0	0	0	0	0	0	10	0	1	0	0	0	2	0	0	0	7	21	0	30	38	77	0	59	34	31	38	0	0	41	0	0	0	114	0	5	0	0	0	3	0	38	0	3	0	9	0	13	0	0	0	14	21	32	30	86	85	0	76
62	56	20	9	4	50	10	5	0	20	9	4	9	0	12	0	37	13	4	0	44	8	4	0	10	5	0	4	0	0	0	18	5	0	0	20	9	4	7	4	4	0	7	4	0	0	9	0	12	0	37	13	4	0	38	4	0	0	8	4	0	3	0	0	0	14	4	0	0	10	5	0	1	0	0	0	2	0	0	0	4	0	0	0	18	5	0	0	20	9	4	5	0	0	0	3	4	4	0	7	4	4	0	7	4	0	0	9	0	12	0	37	13	4	0	32	0	0	0	4	0	0	0	0	0	0	8	0	0	0	8	4	0	0	0	0	0	0	0	0	0	3	0	0	0	14	4	0	0	10	5	0	0	0	0	0	0	0	0	0	1	0	0	0	2	0	0	0	4	0	0	0	18	5	0	0	20	9	4	0	0	4	0	0	0	0	0	5	0	0	0	3	4	4	0	7	4	4	0	7	4	0	0	9	0	12	0	37	13	4	0
50	45	12	8	0	40	5	4	0	12	8	0	4	0	0	0	16	10	0	0	35	4	2	0	5	4	0	2	0	0	0	5	4	0	0	12	8	0	5	4	0	0	4	2	0	0	4	0	0	0	16	10	0	0	30	1	0	0	4	2	0	1	0	0	0	4	2	0	0	5	4	0	0	0	0	0	0	0	0	0	2	0	0	0	5	4	0	0	12	8	0	2	0	0	0	2	2	0	0	5	4	0	0	4	2	0	0	4	0	0	0	16	10	0	0	25	0	0	0	1	0	0	0	0	0	0	1	0	0	0	4	2	0	0	0	0	0	0	0	0	0	1	0	0	0	4	2	0	0	5	4	0	0	0	0	0	0	0	0	0	0	0	0	0	0	0	0	0	2	0	0	0	5	4	0	0	12	8	0	0	0	0	0	0	0	0	0	2	0	0	0	2	2	0	0	5	4	0	0	4	2	0	0	4	0	0	0	16	10	0	0
125	112	19	40	26	99	5	0	21	19	40	26	9	0	14	21	25	32	130	0	86	2	0	8	5	0	21	1	0	9	0	8	0	105	0	19	40	26	3	0	0	14	4	16	0	3	9	0	14	21	25	32	130	0	73	0	0	0	2	0	8	0	0	0	0	2	0	40	0	5	0	21	0	0	0	0	0	0	0	0	1	0	9	0	8	0	105	0	19	40	26	0	0	8	0	0	0	0	7	3	0	0	14	4	16	0	3	9	0	14	21	25	32	130	0	60	0	0	0	0	0	0	0	0	0	0	0	0	0	0	2	0	8	0	0	0	0	0	0	0	0	0	0	0	0	2	0	40	0	5	0	21	0	0	4	0	0	0	0	4	0	0	0	0	0	0	0	0	1	0	9	0	8	0	105	0	19	40	26	0	0	0	0	0	0	0	0	0	0	8	0	0	0	0	7	3	0	0	14	4	16	0	3	9	0	14	21	25	32	130	0
97	87	9	21	31	77	0	0	29	9	21	31	0	0	6	17	5	0	93	0	67	0	0	8	0	0	29	0	0	5	0	0	0	87	0	9	21	31	0	0	0	14	2	0	0	61	0	0	6	17	5	0	93	0	57	0	0	0	0	0	8	0	0	0	0	0	0	24	0	0	0	29	0	0	0	0	0	0	0	36	0	0	5	0	0	0	87	0	9	21	31	0	0	0	0	0	0	0	7	0	0	0	14	2	0	0	61	0	0	6	17	5	0	93	0	47	0	0	0	0	0	0	0	0	0	0	0	0	0	0	0	0	8	0	0	0	0	0	0	0	36	0	0	0	0	0	0	24	0	0	0	29	0	0	0	0	0	0	0	4	0	0	0	0	0	0	0	36	0	0	5	0	0	0	87	0	9	21	31	0	0	0	0	0	0	0	0	0	0	0	0	0	0	0	7	0	0	0	14	2	0	0	61	0	0	6	17	5	0	93	0
58	52	8	8	12	46	0	0	12	8	8	12	0	0	0	0	4	0	24	0	40	0	0	8	0	0	12	0	0	0	0	0	0	24	0	8	8	12	0	0	0	14	2	0	0	0	0	0	0	0	4	0	24	0	34	0	0	0	0	0	8	0	0	0	0	0	0	16	0	0	0	12	0	0	0	0	0	0	0	0	0	0	0	0	0	0	24	0	8	8	12	0	0	0	0	0	0	0	7	0	0	0	14	2	0	0	0	0	0	0	0	4	0	24	0	28	0	0	0	0	0	0	0	0	0	0	0	0	0	0	0	0	8	0	0	0	0	0	0	0	0	0	0	0	0	0	0	16	0	0	0	12	0	0	0	0	0	0	0	4	0	0	0	0	0	0	0	0	0	0	0	0	0	0	24	0	8	8	12	0	0	0	0	0	0	0	0	0	0	0	0	0	0	0	7	0	0	0	14	2	0	0	0	0	0	0	0	4	0	24	0
99	89	19	9	43	79	6	0	27	19	9	43	4	0	14	33	18	9	43	35	69	3	0	3	6	0	27	2	0	9	0	6	0	27	10	19	9	43	3	0	10	9	6	0	0	61	4	0	14	33	18	9	43	35	59	0	0	0	3	0	3	0	0	0	0	3	0	3	10	6	0	27	0	0	0	0	0	0	0	36	2	0	9	0	6	0	27	10	19	9	43	0	0	16	0	0	0	0	0	3	0	10	9	6	0	0	61	4	0	14	33	18	9	43	35	49	0	0	0	0	0	0	0	0	0	0	0	0	0	10	3	0	3	0	0	0	0	0	0	0	36	0	0	0	0	3	0	3	10	6	0	27	0	0	4	0	0	0	0	0	0	0	0	0	0	0	0	36	2	0	9	0	6	0	27	10	19	9	43	0	0	0	0	0	0	0	0	0	0	16	0	0	0	0	0	3	0	10	9	6	0	0	61	4	0	14	33	18	9	43	35
103	92	21	33	28	81	7	16	9	21	33	28	7	23	14	21	29	47	56	39	70	2	7	0	7	16	9	1	7	9	0	10	16	18	10	21	33	28	1	14	14	0	4	14	28	3	7	23	14	21	29	47	56	39	59	0	0	0	2	7	0	0	0	0	0	2	7	0	10	7	16	9	0	0	0	0	0	0	9	0	1	7	9	0	10	16	18	10	21	33	28	0	0	16	0	0	0	28	0	1	14	14	0	4	14	28	3	7	23	14	21	29	47	56	39	48	0	0	0	0	0	0	0	0	0	0	0	0	0	10	2	7	0	0	0	0	0	0	0	0	0	0	0	0	0	2	7	0	10	7	16	9	0	0	4	0	0	0	9	0	0	0	0	0	0	0	9	0	1	7	9	0	10	16	18	10	21	33	28	0	0	0	0	0	0	0	0	0	0	16	0	0	0	28	0	1	14	14	0	4	14	28	3	7	23	14	21	29	47	56	39
63	56	1	0	29	49	0	0	6	1	0	29	0	0	0	24	1	0	0	69	42	0	0	5	0	0	6	0	0	0	20	0	0	0	62	1	0	29	0	0	0	5	0	0	0	0	0	0	0	24	1	0	0	69	35	0	0	0	0	0	5	0	0	0	0	0	0	0	24	0	0	6	0	0	0	0	0	0	0	0	0	0	0	20	0	0	0	62	1	0	29	0	0	0	0	0	0	0	3	0	0	0	5	0	0	0	0	0	0	0	24	1	0	0	69	28	0	0	0	0	0	0	0	0	0	0	0	0	0	0	0	0	5	0	0	0	0	0	0	0	0	0	0	0	0	0	0	0	24	0	0	6	0	0	0	0	0	0	0	0	0	0	0	0	0	0	0	0	0	0	0	20	0	0	0	62	1	0	29	0	0	0	0	0	0	0	0	0	0	0	0	0	0	0	3	0	0	0	5	0	0	0	0	0	0	0	24	1	0	0	69
83	73	17	31	26	63	2	10	8	17	31	26	1	30	7	24	35	80	78	54	53	0	0	4	2	10	8	0	0	0	12	2	25	24	30	17	31	26	0	0	18	16	3	0	52	0	1	30	7	24	35	80	78	54	43	0	0	0	0	0	4	0	0	0	0	0	0	12	8	2	10	8	0	0	8	0	0	0	16	0	0	0	0	12	2	25	24	30	17	31	26	0	0	0	0	0	0	0	0	0	0	18	16	3	0	52	0	1	30	7	24	35	80	78	54	33	0	0	0	0	0	0	0	0	0	0	0	0	0	0	0	0	4	0	0	4	0	0	0	8	0	0	0	0	0	0	0	12	8	2	10	8	0	0	0	0	0	0	0	0	0	0	8	0	0	0	16	0	0	0	0	12	2	25	24	30	17	31	26	0	0	0	0	0	0	0	0	0	0	0	0	0	0	0	0	0	0	18	16	3	0	52	0	1	30	7	24	35	80	78	54
62	55	8	6	24	48	3	0	0	8	6	24	7	0	7	0	16	6	24	97	41	0	0	0	3	0	0	0	0	0	0	6	0	0	57	8	6	24	0	0	7	0	0	0	0	0	7	0	7	0	16	6	24	97	34	0	0	0	0	0	0	0	0	0	0	0	0	0	11	3	0	0	0	0	0	0	0	0	0	0	0	0	0	0	6	0	0	57	8	6	24	0	0	0	0	0	0	0	0	0	0	7	0	0	0	0	0	7	0	7	0	16	6	24	97	27	0	0	0	0	0	0	0	0	0	0	0	0	0	0	0	0	0	0	0	0	0	0	0	0	0	0	0	0	0	0	0	0	11	3	0	0	0	0	0	0	0	0	0	0	0	0	0	0	0	0	0	0	0	0	0	0	6	0	0	57	8	6	24	0	0	0	0	0	0	0	0	0	0	0	0	0	0	0	0	0	0	7	0	0	0	0	0	7	0	7	0	16	6	24	97
45	40	0	0	19	35	0	0	0	0	0	19	0	0	0	0	0	0	0	69	30	0	0	0	0	0	0	0	0	0	0	0	0	0	62	0	0	19	0	0	0	0	0	0	0	0	0	0	0	0	0	0	0	69	25	0	0	0	0	0	0	0	0	0	0	0	0	0	24	0	0	0	0	0	0	0	0	0	0	0	0	0	0	0	0	0	0	62	0	0	19	0	0	0	0	0	0	0	0	0	0	0	0	0	0	0	0	0	0	0	0	0	0	0	69	20	0	0	0	0	0	0	0	0	0	0	0	0	0	0	0	0	0	0	0	0	0	0	0	0	0	0	0	0	0	0	0	0	24	0	0	0	0	0	0	0	0	0	0	0	0	0	0	0	0	0	0	0	0	0	0	0	0	0	0	62	0	0	19	0	0	0	0	0	0	0	0	0	0	0	0	0	0	0	0	0	0	0	0	0	0	0	0	0	0	0	0	0	0	0	69
54	48	6	0	15	42	2	0	0	6	0	15	6	0	0	0	14	0	0	57	36	0	0	0	2	0	0	0	0	0	0	5	0	0	50	6	0	15	0	0	0	0	0	0	0	0	6	0	0	0	14	0	0	57	30	0	0	0	0	0	0	0	0	0	0	0	0	0	16	2	0	0	0	0	0	0	0	0	0	0	0	0	0	0	5	0	0	50	6	0	15	0	0	0	0	0	0	0	0	0	0	0	0	0	0	0	0	6	0	0	0	14	0	0	57	24	0	0	0	0	0	0	0	0	0	0	0	0	0	0	0	0	0	0	0	0	0	0	0	0	0	0	0	0	0	0	0	0	16	2	0	0	0	0	0	0	0	0	0	0	0	0	0	0	0	0	0	0	0	0	0	0	5	0	0	50	6	0	15	0	0	0	0	0	0	0	0	0	0	0	0	0	0	0	0	0	0	0	0	0	0	0	0	6	0	0	0	14	0	0	57
69	60	23	18	17	51	0	0	17	23	18	17	0	0	41	0	53	36	51	0	42	0	0	17	0	0	17	0	0	41	0	0	0	51	0	23	18	17	0	0	0	0	6	0	0	0	0	0	41	0	53	36	51	0	33	0	0	0	0	0	17	0	0	41	0	0	0	51	0	0	0	17	0	0	0	0	0	0	0	0	0	0	41	0	0	0	51	0	23	18	17	0	0	0	0	0	0	0	102	0	0	0	0	6	0	0	0	0	0	41	0	53	36	51	0	24	0	0	0	0	0	0	0	0	0	0	0	0	0	0	0	0	17	0	0	0	0	0	0	0	0	0	0	41	0	0	0	51	0	0	0	17	0	0	0	0	0	0	0	49	0	0	0	0	0	0	0	0	0	0	41	0	0	0	51	0	23	18	17	0	0	0	0	0	0	0	0	0	0	0	0	0	0	0	102	0	0	0	0	6	0	0	0	0	0	41	0	53	36	51	0
71	62	10	8	39	53	0	0	26	10	8	39	0	0	29	14	17	8	39	50	44	0	0	14	0	0	26	0	0	17	0	0	0	26	8	10	8	39	0	0	0	24	0	0	0	28	0	0	29	14	17	8	39	50	35	0	0	0	0	0	14	0	0	8	0	0	0	14	4	0	0	26	0	0	0	0	0	0	0	9	0	0	17	0	0	0	26	8	10	8	39	0	0	0	0	0	0	0	39	0	0	0	24	0	0	0	28	0	0	29	14	17	8	39	50	26	0	0	0	0	0	0	0	0	0	0	0	0	0	0	0	0	14	0	0	0	0	0	0	0	0	0	0	8	0	0	0	14	4	0	0	26	0	0	0	0	0	0	0	10	0	0	0	0	0	0	0	9	0	0	17	0	0	0	26	8	10	8	39	0	0	0	0	0	0	0	0	0	0	0	0	0	0	0	39	0	0	0	24	0	0	0	28	0	0	29	14	17	8	39	50
54	47	18	10	5	40	0	0	0	18	10	5	0	0	10	0	41	15	10	26	33	0	0	0	0	0	0	0	0	0	0	0	0	0	8	18	10	5	0	0	0	0	3	0	0	0	0	0	10	0	41	15	10	26	26	0	0	0	0	0	0	0	0	0	0	0	0	0	4	0	0	0	0	0	0	0	0	0	0	0	0	0	0	0	0	0	0	8	18	10	5	0	0	0	0	0	0	0	0	0	0	0	0	3	0	0	0	0	0	10	0	41	15	10	26	19	0	0	0	0	0	0	0	0	0	0	0	0	0	0	0	0	0	0	0	0	0	0	0	0	0	0	0	0	0	0	0	0	4	0	0	0	0	0	0	0	0	0	0	0	0	0	0	0	0	0	0	0	0	0	0	0	0	0	0	8	18	10	5	0	0	0	0	0	0	0	0	0	0	0	0	0	0	0	0	0	0	0	0	3	0	0	0	0	0	10	0	41	15	10	26
67	58	26	20	5	49	0	0	0	26	20	5	0	0	10	0	61	60	25	26	40	0	0	0	0	0	0	0	0	0	0	0	0	0	8	26	20	5	0	0	0	0	14	0	0	0	0	0	10	0	61	60	25	26	31	0	0	0	0	0	0	0	0	0	0	0	0	0	4	0	0	0	0	0	0	0	0	0	0	0	0	0	0	0	0	0	0	8	26	20	5	0	0	0	0	0	0	0	0	0	0	0	0	14	0	0	0	0	0	10	0	61	60	25	26	22	0	0	0	0	0	0	0	0	0	0	0	0	0	0	0	0	0	0	0	0	0	0	0	0	0	0	0	0	0	0	0	0	4	0	0	0	0	0	0	0	0	0	0	0	0	0	0	0	0	0	0	0	0	0	0	0	0	0	0	8	26	20	5	0	0	0	0	0	0	0	0	0	0	0	0	0	0	0	0	0	0	0	0	14	0	0	0	0	0	10	0	61	60	25	26
52	45	20	12	0	38	0	0	0	20	12	0	0	0	0	0	45	30	0	0	31	0	0	0	0	0	0	0	0	0	0	0	0	0	0	20	12	0	0	0	0	0	9	0	0	0	0	0	0	0	45	30	0	0	24	0	0	0	0	0	0	0	0	0	0	0	0	0	0	0	0	0	0	0	0	0	0	0	0	0	0	0	0	0	0	0	0	0	20	12	0	0	0	0	0	0	0	0	0	0	0	0	0	9	0	0	0	0	0	0	0	45	30	0	0	17	0	0	0	0	0	0	0	0	0	0	0	0	0	0	0	0	0	0	0	0	0	0	0	0	0	0	0	0	0	0	0	0	0	0	0	0	0	0	0	0	0	0	0	0	0	0	0	0	0	0	0	0	0	0	0	0	0	0	0	0	20	12	0	0	0	0	0	0	0	0	0	0	0	0	0	0	0	0	0	0	0	0	0	9	0	0	0	0	0	0	0	45	30	0	0
100	85	35	50	57	70	6	0	51	35	50	57	17	0	34	17	48	160	285	5	55	0	0	51	6	0	51	0	0	34	17	3	0	255	0	35	50	57	0	0	9	0	9	50	0	0	17	0	34	17	48	160	285	5	40	0	0	51	0	0	51	0	0	34	17	0	0	255	0	6	0	51	0	0	9	0	0	0	0	0	0	0	34	17	3	0	255	0	35	50	57	0	0	0	0	0	0	0	0	0	0	9	0	9	50	0	0	17	0	34	17	48	160	285	5	25	0	0	30	0	0	51	0	0	34	0	0	0	255	0	0	0	51	0	0	9	0	0	0	0	0	0	0	34	17	0	0	255	0	6	0	51	0	0	0	0	0	0	0	0	0	0	9	0	0	0	0	0	0	0	34	17	3	0	255	0	30	50	57	0	0	0	42	0	0	0	102	0	0	0	0	0	0	0	0	0	0	9	0	9	50	0	0	17	0	34	17	45	160	285	5
118	101	16	16	96	84	0	0	63	16	16	96	0	0	10	51	40	16	96	66	67	0	0	55	0	0	63	0	0	10	34	0	0	63	43	16	16	96	0	0	0	25	14	0	0	26	0	0	10	51	40	16	96	66	50	0	0	43	0	0	55	0	0	10	25	0	0	55	31	0	0	63	0	0	0	8	0	0	0	8	0	0	10	34	0	0	63	43	16	16	96	0	0	0	40	0	0	0	28	0	0	0	25	14	0	0	26	0	0	10	51	40	16	96	66	33	0	0	12	0	0	43	0	0	10	0	0	0	43	0	0	0	55	0	0	0	4	0	0	0	4	0	0	10	25	0	0	55	31	0	0	63	0	0	0	12	0	0	0	9	0	0	0	8	0	0	0	8	0	0	10	34	0	0	63	43	16	16	96	0	0	0	32	0	0	0	137	0	0	0	40	0	0	0	28	0	0	0	25	14	0	0	26	0	0	10	51	40	16	96	66
80	68	26	32	25	56	3	0	15	26	32	25	6	0	10	15	39	88	100	5	44	0	0	10	3	0	15	0	0	10	0	3	0	60	0	26	32	25	0	0	0	0	11	24	0	26	6	0	10	15	39	88	100	5	32	0	0	10	0	0	10	0	0	10	0	0	0	40	0	3	0	15	0	0	0	0	0	0	0	8	0	0	10	0	3	0	60	0	26	32	25	0	0	0	0	0	0	0	0	0	0	0	0	11	24	0	26	6	0	10	15	39	88	100	5	20	0	0	8	0	0	10	0	0	10	0	0	0	40	0	0	0	10	0	0	0	0	0	0	0	4	0	0	10	0	0	0	40	0	3	0	15	0	0	0	0	0	0	0	0	0	0	0	0	0	0	0	8	0	0	10	0	3	0	60	0	23	32	25	0	0	0	16	0	0	0	0	0	0	0	0	0	0	0	0	0	0	0	0	11	24	0	26	6	0	10	15	36	88	100	5
75	64	19	18	26	53	3	0	7	19	18	26	6	0	0	7	39	27	52	27	42	0	0	7	3	0	7	0	0	0	7	3	0	14	17	19	18	26	0	0	0	0	11	27	0	0	6	0	0	7	39	27	52	27	31	0	0	7	0	0	7	0	0	0	7	0	0	14	17	3	0	7	0	0	0	0	0	0	0	0	0	0	0	7	3	0	14	17	19	18	26	0	0	0	0	0	0	0	0	0	0	0	0	11	27	0	0	6	0	0	7	39	27	52	27	20	0	0	0	0	0	7	0	0	0	0	0	0	14	0	0	0	7	0	0	0	0	0	0	0	0	0	0	0	7	0	0	14	17	3	0	7	0	0	0	0	0	0	0	0	0	0	0	0	0	0	0	0	0	0	0	7	3	0	14	17	16	18	26	0	0	0	0	0	0	0	38	0	0	0	0	0	0	0	0	0	0	0	0	11	27	0	0	6	0	0	7	36	27	52	27
67	57	21	21	13	47	3	0	0	21	21	13	6	0	0	0	37	42	39	22	37	0	0	0	3	0	0	0	0	0	0	3	0	0	17	21	21	13	0	0	0	0	11	21	0	0	6	0	0	0	37	42	39	22	27	0	0	0	0	0	0	0	0	0	0	0	0	0	17	3	0	0	0	0	0	0	0	0	0	0	0	0	0	0	3	0	0	17	21	21	13	0	0	0	0	0	0	0	0	0	0	0	0	11	21	0	0	6	0	0	0	37	42	39	22	17	0	0	0	0	0	0	0	0	0	0	0	0	0	0	0	0	0	0	0	0	0	0	0	0	0	0	0	0	0	0	0	0	17	3	0	0	0	0	0	0	0	0	0	0	0	0	0	0	0	0	0	0	0	0	0	0	3	0	0	17	18	21	13	0	0	0	0	0	0	0	0	0	0	0	0	0	0	0	0	0	0	0	0	11	21	0	0	6	0	0	0	34	42	39	22
73	60	21	40	44	47	5	0	24	21	40	44	16	0	10	24	10	32	220	82	34	0	0	24	5	0	24	0	0	9	24	3	0	120	66	21	40	44	0	0	0	0	0	0	0	0	16	0	10	24	10	32	220	82	21	0	0	24	0	0	24	0	0	9	24	0	0	120	61	5	0	24	0	0	0	0	0	0	0	0	0	0	9	24	3	0	120	66	21	40	44	0	0	0	0	0	0	0	0	0	0	0	0	0	0	0	0	16	0	10	24	10	32	220	82	8	0	0	24	0	0	24	0	0	9	24	0	0	120	61	0	0	24	0	0	0	0	0	0	0	0	0	0	9	24	0	0	120	61	5	0	24	0	0	0	0	0	0	0	0	0	0	0	0	0	0	0	0	0	0	9	24	3	0	120	66	12	40	44	0	0	0	0	0	0	0	0	0	0	0	0	0	0	0	0	0	0	0	0	0	0	0	0	16	0	10	24	7	32	220	82
75	62	21	30	59	49	5	0	31	21	30	59	16	0	21	30	13	10	177	95	36	0	0	31	5	0	31	0	0	21	30	3	0	93	66	21	30	59	0	0	0	0	0	0	0	0	16	0	21	30	13	10	177	95	23	0	0	31	0	0	31	0	0	21	30	0	0	93	61	5	0	31	0	0	0	0	0	0	0	0	0	0	21	30	3	0	93	66	21	30	59	0	0	0	0	0	0	0	0	0	0	0	0	0	0	0	0	16	0	21	30	13	10	177	95	10	0	0	31	0	0	31	0	0	21	30	0	0	93	61	0	0	31	0	0	0	0	0	0	0	0	0	0	21	30	0	0	93	61	5	0	31	0	0	0	0	0	0	0	0	0	0	0	0	0	0	0	0	0	0	21	30	3	0	93	66	15	30	59	0	0	0	0	0	0	0	0	0	0	0	0	0	0	0	0	0	0	0	0	0	0	0	0	16	0	21	30	10	10	177	95
59	49	21	9	50	39	5	0	0	21	9	50	16	0	0	0	13	9	50	217	29	0	0	0	5	0	0	0	0	0	0	3	0	0	136	21	9	50	0	0	0	0	0	0	0	0	16	0	0	0	13	9	50	217	19	0	0	0	0	0	0	0	0	0	0	0	0	0	123	5	0	0	0	0	0	0	0	0	0	0	0	0	0	0	3	0	0	136	21	9	50	0	0	0	0	0	0	0	0	0	0	0	0	0	0	0	0	16	0	0	0	13	9	50	217	9	0	0	0	0	0	0	0	0	0	0	0	0	0	111	0	0	0	0	0	0	0	0	0	0	0	0	0	0	0	0	0	0	123	5	0	0	0	0	0	0	0	0	0	0	0	0	0	0	0	0	0	0	0	0	0	0	3	0	0	136	15	9	50	0	0	0	0	0	0	0	0	0	0	0	0	0	0	0	0	0	0	0	0	0	0	0	0	16	0	0	0	10	9	50	217
70	57	20	46	34	44	2	24	0	20	46	34	10	48	0	0	16	38	68	121	31	0	0	0	2	24	0	0	0	0	0	0	24	0	73	20	46	34	0	0	0	0	0	0	102	0	10	48	0	0	16	38	68	121	18	0	0	0	0	0	0	0	0	0	0	0	0	0	68	2	24	0	0	0	0	0	0	0	0	0	0	0	0	0	0	24	0	73	17	46	34	0	0	0	0	0	0	0	0	0	0	0	0	0	0	102	0	10	48	0	0	10	38	68	121	8	0	0	0	0	0	0	0	0	0	0	0	0	0	68	0	0	0	0	0	0	0	0	0	0	0	0	0	0	0	0	0	0	68	2	24	0	0	0	0	0	0	0	0	0	0	0	0	0	0	0	0	0	0	0	0	0	0	24	0	73	14	16	34	0	0	0	0	0	0	0	0	0	0	0	0	0	0	0	0	0	0	0	0	0	0	102	0	10	48	0	0	10	8	68	121
63	51	18	45	10	39	3	10	0	18	45	10	6	50	0	0	10	20	50	57	27	0	0	0	3	10	0	0	0	0	0	3	0	0	51	18	45	10	0	0	0	0	0	0	20	0	6	50	0	0	10	20	50	57	15	0	0	0	0	0	0	0	0	0	0	0	0	0	51	3	10	0	0	0	0	0	0	0	0	0	0	0	0	0	3	0	0	51	18	45	10	0	0	0	0	0	0	0	0	0	0	0	0	0	0	20	0	6	50	0	0	10	20	50	57	5	0	0	0	0	0	0	0	0	0	0	0	0	0	51	0	0	0	0	0	0	0	0	0	0	0	0	0	0	0	0	0	0	51	3	10	0	0	0	0	0	0	0	0	0	0	0	0	0	0	0	0	0	0	0	0	0	3	0	0	51	11	25	10	0	0	0	0	0	0	0	0	0	0	0	0	0	0	0	0	0	0	0	0	0	0	20	0	6	50	0	0	7	20	50	57
60	48	9	0	74	36	0	0	40	9	0	74	0	0	34	31	3	0	0	147	24	0	0	39	0	0	40	0	0	0	30	0	0	0	55	9	0	74	0	0	0	9	0	0	0	0	0	0	34	31	3	0	0	147	12	0	0	39	0	0	39	0	0	0	30	0	0	0	55	0	0	40	0	0	0	9	0	0	0	0	0	0	0	30	0	0	0	55	9	0	74	0	0	0	0	0	0	0	0	0	0	0	9	0	0	0	0	0	0	34	31	3	0	0	147	0	0	0	39	0	0	39	0	0	0	30	0	0	0	55	0	0	39	0	0	0	9	0	0	0	0	0	0	0	30	0	0	0	55	0	0	40	0	0	0	0	0	0	0	0	0	0	0	9	0	0	0	0	0	0	0	30	0	0	0	55	0	0	74	0	0	0	0	0	0	0	0	0	0	0	0	0	0	0	0	0	0	0	9	0	0	0	0	0	0	34	31	0	0	0	147
49	39	8	9	40	29	0	0	0	8	9	40	0	0	34	0	3	0	40	197	19	0	0	0	0	0	0	0	0	0	0	0	0	0	55	8	9	40	0	0	0	0	0	0	0	0	0	0	34	0	3	0	40	197	9	0	0	0	0	0	0	0	0	0	0	0	0	0	55	0	0	0	0	0	0	0	0	0	0	0	0	0	0	0	0	0	0	55	8	9	40	0	0	0	0	0	0	0	0	0	0	0	0	0	0	0	0	0	0	34	0	3	0	40	197	0	0	0	0	0	0	0	0	0	0	0	0	0	0	55	0	0	0	0	0	0	0	0	0	0	0	0	0	0	0	0	0	0	55	0	0	0	0	0	0	0	0	0	0	0	0	0	0	0	0	0	0	0	0	0	0	0	0	0	0	55	0	0	40	0	0	0	0	0	0	0	0	0	0	0	0	0	0	0	0	0	0	0	0	0	0	0	0	0	0	34	0	0	0	40	197
35	28	6	0	23	21	0	0	0	6	0	23	0	0	10	0	0	0	0	113	14	0	0	0	0	0	0	0	0	0	0	0	0	0	55	6	0	23	0	0	0	0	0	0	0	0	0	0	10	0	0	0	0	113	7	0	0	0	0	0	0	0	0	0	0	0	0	0	55	0	0	0	0	0	0	0	0	0	0	0	0	0	0	0	0	0	0	55	6	0	23	0	0	0	0	0	0	0	0	0	0	0	0	0	0	0	0	0	0	10	0	0	0	0	113	0	0	0	0	0	0	0	0	0	0	0	0	0	0	55	0	0	0	0	0	0	0	0	0	0	0	0	0	0	0	0	0	0	55	0	0	0	0	0	0	0	0	0	0	0	0	0	0	0	0	0	0	0	0	0	0	0	0	0	0	55	0	0	23	0	0	0	0	0	0	0	0	0	0	0	0	0	0	0	0	0	0	0	0	0	0	0	0	0	0	10	0	0	0	0	113
34	27	5	6	13	20	0	0	0	5	6	13	0	0	10	0	0	0	13	54	13	0	0	0	0	0	0	0	0	0	0	0	0	0	24	5	6	13	0	0	0	0	0	0	0	0	0	0	10	0	0	0	13	54	6	0	0	0	0	0	0	0	0	0	0	0	0	0	24	0	0	0	0	0	0	0	0	0	0	0	0	0	0	0	0	0	0	24	5	6	13	0	0	0	0	0	0	0	0	0	0	0	0	0	0	0	0	0	0	10	0	0	0	13	54	0	0	0	0	0	0	0	0	0	0	0	0	0	0	24	0	0	0	0	0	0	0	0	0	0	0	0	0	0	0	0	0	0	24	0	0	0	0	0	0	0	0	0	0	0	0	0	0	0	0	0	0	0	0	0	0	0	0	0	0	24	0	0	13	0	0	0	0	0	0	0	0	0	0	0	0	0	0	0	0	0	0	0	0	0	0	0	0	0	0	10	0	0	0	13	54
38	30	4	12	13	22	0	0	0	4	12	13	0	0	10	0	0	0	26	54	14	0	0	0	0	0	0	0	0	0	0	0	0	0	24	4	12	13	0	0	0	0	0	0	0	0	0	0	10	0	0	0	26	54	6	0	0	0	0	0	0	0	0	0	0	0	0	0	24	0	0	0	0	0	0	0	0	0	0	0	0	0	0	0	0	0	0	24	4	12	13	0	0	0	0	0	0	0	0	0	0	0	0	0	0	0	0	0	0	10	0	0	0	26	54	0	0	0	0	0	0	0	0	0	0	0	0	0	0	24	0	0	0	0	0	0	0	0	0	0	0	0	0	0	0	0	0	0	24	0	0	0	0	0	0	0	0	0	0	0	0	0	0	0	0	0	0	0	0	0	0	0	0	0	0	24	0	0	13	0	0	0	0	0	0	0	0	0	0	0	0	0	0	0	0	0	0	0	0	0	0	0	0	0	0	10	0	0	0	26	54
28	21	3	0	41	14	0	0	13	3	0	41	0	0	0	41	6	0	0	66	7	0	0	0	0	0	13	0	0	0	0	0	0	0	0	3	0	41	0	0	0	0	0	0	0	44	0	0	0	41	6	0	0	66	0	0	0	0	0	0	0	0	0	0	0	0	0	0	0	0	0	13	0	0	0	0	0	0	0	0	0	0	0	0	0	0	0	0	0	0	41	0	0	0	0	0	0	0	0	0	0	0	0	0	0	0	44	0	0	0	41	0	0	0	66	0	0	0	0	0	0	0	0	0	0	0	0	0	0	0	0	0	0	0	0	0	0	0	0	0	0	0	0	0	0	0	0	0	0	0	0	13	0	0	0	0	0	0	0	0	0	0	0	0	0	0	0	0	0	0	0	0	0	0	0	0	0	0	0	0	0	0	0	0	0	0	0	0	0	0	0	0	0	0	0	0	0	0	0	0	0	0	44	0	0	0	41	0	0	0	66
28	21	7	0	26	14	0	0	13	7	0	26	0	0	0	41	10	0	0	13	7	0	0	0	0	0	13	0	0	0	0	0	0	0	0	7	0	26	0	0	0	0	0	0	0	44	0	0	0	41	10	0	0	13	0	0	0	0	0	0	0	0	0	0	0	0	0	0	0	0	0	13	0	0	0	0	0	0	0	0	0	0	0	0	0	0	0	0	0	0	26	0	0	0	0	0	0	0	0	0	0	0	0	0	0	0	44	0	0	0	41	0	0	0	13	0	0	0	0	0	0	0	0	0	0	0	0	0	0	0	0	0	0	0	0	0	0	0	0	0	0	0	0	0	0	0	0	0	0	0	0	13	0	0	0	0	0	0	0	0	0	0	0	0	0	0	0	0	0	0	0	0	0	0	0	0	0	0	0	0	0	0	0	0	0	0	0	0	0	0	0	0	0	0	0	0	0	0	0	0	0	0	44	0	0	0	41	0	0	0	13
29	21	10	15	10	13	0	0	8	10	15	10	0	0	0	16	5	30	30	0	5	0	0	0	0	0	8	0	0	0	0	0	0	24	0	4	15	10	0	0	0	0	0	0	0	34	0	0	0	16	4	30	30	0	0	0	0	0	0	0	0	0	0	0	0	0	0	0	0	0	0	8	0	0	0	0	0	0	0	0	0	0	0	0	0	0	24	0	0	0	10	0	0	0	0	0	0	0	0	0	0	0	0	0	0	0	34	0	0	0	16	0	0	30	0	0	0	0	0	0	0	0	0	0	0	0	0	0	0	0	0	0	0	0	0	0	0	0	0	0	0	0	0	0	0	0	0	0	0	0	0	8	0	0	0	0	0	0	0	0	0	0	0	0	0	0	0	0	0	0	0	0	0	0	24	0	0	0	0	0	0	0	0	0	0	0	0	0	0	0	0	0	0	0	0	0	0	0	0	0	0	0	34	0	0	0	16	0	0	0	0
18	13	7	6	0	8	0	0	0	7	6	0	0	0	0	0	8	6	0	0	3	0	0	0	0	0	0	0	0	0	0	0	0	0	0	5	6	0	0	0	0	0	0	0	0	0	0	0	0	0	8	6	0	0	0	0	0	0	0	0	0	0	0	0	0	0	0	0	0	0	0	0	0	0	0	0	0	0	0	0	0	0	0	0	0	0	0	0	0	0	0	0	0	0	0	0	0	0	0	0	0	0	0	0	0	0	0	0	0	0	0	0	0	0	0	0	0	0	0	0	0	0	0	0	0	0	0	0	0	0	0	0	0	0	0	0	0	0	0	0	0	0	0	0	0	0	0	0	0	0	0	0	0	0	0	0	0	0	0	0	0	0	0	0	0	0	0	0	0	0	0	0	0	0	0	0	0	0	0	0	0	0	0	0	0	0	0	0	0	0	0	0	0	0	0	0	0	0	0	0	0	0	0	0	0	0	0	0	0	0	0
18	13	7	6	0	8	0	0	0	7	6	0	0	0	0	0	8	6	0	0	3	0	0	0	0	0	0	0	0	0	0	0	0	0	0	5	6	0	0	0	0	0	0	0	0	0	0	0	0	0	8	6	0	0	0	0	0	0	0	0	0	0	0	0	0	0	0	0	0	0	0	0	0	0	0	0	0	0	0	0	0	0	0	0	0	0	0	0	0	0	0	0	0	0	0	0	0	0	0	0	0	0	0	0	0	0	0	0	0	0	0	0	0	0	0	0	0	0	0	0	0	0	0	0	0	0	0	0	0	0	0	0	0	0	0	0	0	0	0	0	0	0	0	0	0	0	0	0	0	0	0	0	0	0	0	0	0	0	0	0	0	0	0	0	0	0	0	0	0	0	0	0	0	0	0	0	0	0	0	0	0	0	0	0	0	0	0	0	0	0	0	0	0	0	0	0	0	0	0	0	0	0	0	0	0	0	0	0	0	0	0
20	13	9	6	11	6	0	0	0	9	6	11	0	0	0	0	2	0	11	10	0	0	0	0	0	0	0	0	0	0	0	0	0	0	8	0	0	11	0	0	0	0	0	0	0	0	0	0	0	0	0	0	11	10	0	0	0	0	0	0	0	0	0	0	0	0	0	0	0	0	0	0	0	0	0	0	0	0	0	0	0	0	0	0	0	0	0	8	0	0	0	0	0	0	0	0	0	0	0	0	0	0	0	0	0	0	0	0	0	0	0	0	0	0	10	0	0	0	0	0	0	0	0	0	0	0	0	0	0	0	0	0	0	0	0	0	0	0	0	0	0	0	0	0	0	0	0	0	0	0	0	0	0	0	0	0	0	0	0	0	0	0	0	0	0	0	0	0	0	0	0	0	0	0	0	8	0	0	0	0	0	0	0	0	0	0	0	0	0	0	0	0	0	0	0	0	0	0	0	0	0	0	0	0	0	0	0	0	0	0	0
23	15	11	7	11	7	0	0	0	11	7	11	0	0	0	0	2	0	11	10	0	0	0	0	0	0	0	0	0	0	0	0	0	0	8	0	0	11	0	0	0	0	0	0	0	0	0	0	0	0	0	0	11	10	0	0	0	0	0	0	0	0	0	0	0	0	0	0	0	0	0	0	0	0	0	0	0	0	0	0	0	0	0	0	0	0	0	8	0	0	0	0	0	0	0	0	0	0	0	0	0	0	0	0	0	0	0	0	0	0	0	0	0	0	10	0	0	0	0	0	0	0	0	0	0	0	0	0	0	0	0	0	0	0	0	0	0	0	0	0	0	0	0	0	0	0	0	0	0	0	0	0	0	0	0	0	0	0	0	0	0	0	0	0	0	0	0	0	0	0	0	0	0	0	0	8	0	0	0	0	0	0	0	0	0	0	0	0	0	0	0	0	0	0	0	0	0	0	0	0	0	0	0	0	0	0	0	0	0	0	0
23	14	9	20	5	5	0	0	0	8	20	5	0	0	0	0	1	5	20	10	0	0	0	0	0	0	0	0	0	0	0	0	0	0	8	0	0	5	0	0	0	0	0	0	0	0	0	0	0	0	0	0	20	10	0	0	0	0	0	0	0	0	0	0	0	0	0	0	0	0	0	0	0	0	0	0	0	0	0	0	0	0	0	0	0	0	0	8	0	0	0	0	0	0	0	0	0	0	0	0	0	0	0	0	0	0	0	0	0	0	0	0	0	0	10	0	0	0	0	0	0	0	0	0	0	0	0	0	0	0	0	0	0	0	0	0	0	0	0	0	0	0	0	0	0	0	0	0	0	0	0	0	0	0	0	0	0	0	0	0	0	0	0	0	0	0	0	0	0	0	0	0	0	0	0	8	0	0	0	0	0	0	0	0	0	0	0	0	0	0	0	0	0	0	0	0	0	0	0	0	0	0	0	0	0	0	0	0	0	0	0
20	12	9	16	0	4	0	0	0	8	16	0	0	0	0	0	1	4	0	0	0	0	0	0	0	0	0	0	0	0	0	0	0	0	0	0	0	0	0	0	0	0	0	0	0	0	0	0	0	0	0	0	0	0	0	0	0	0	0	0	0	0	0	0	0	0	0	0	0	0	0	0	0	0	0	0	0	0	0	0	0	0	0	0	0	0	0	0	0	0	0	0	0	0	0	0	0	0	0	0	0	0	0	0	0	0	0	0	0	0	0	0	0	0	0	0	0	0	0	0	0	0	0	0	0	0	0	0	0	0	0	0	0	0	0	0	0	0	0	0	0	0	0	0	0	0	0	0	0	0	0	0	0	0	0	0	0	0	0	0	0	0	0	0	0	0	0	0	0	0	0	0	0	0	0	0	0	0	0	0	0	0	0	0	0	0	0	0	0	0	0	0	0	0	0	0	0	0	0	0	0	0	0	0	0	0	0	0	0	0	0
13	8	9	6	0	3	0	0	0	9	6	0	0	0	0	0	2	0	0	0	0	0	0	0	0	0	0	0	0	0	0	0	0	0	0	0	0	0	0	0	0	0	0	0	0	0	0	0	0	0	0	0	0	0	0	0	0	0	0	0	0	0	0	0	0	0	0	0	0	0	0	0	0	0	0	0	0	0	0	0	0	0	0	0	0	0	0	0	0	0	0	0	0	0	0	0	0	0	0	0	0	0	0	0	0	0	0	0	0	0	0	0	0	0	0	0	0	0	0	0	0	0	0	0	0	0	0	0	0	0	0	0	0	0	0	0	0	0	0	0	0	0	0	0	0	0	0	0	0	0	0	0	0	0	0	0	0	0	0	0	0	0	0	0	0	0	0	0	0	0	0	0	0	0	0	0	0	0	0	0	0	0	0	0	0	0	0	0	0	0	0	0	0	0	0	0	0	0	0	0	0	0	0	0	0	0	0	0	0	0	0
14	7	0	0	25	0	0	0	0	0	0	25	0	0	0	0	0	0	0	27	0	0	0	0	0	0	0	0	0	0	0	0	0	0	0	0	0	0	0	0	0	0	0	0	0	0	0	0	0	0	0	0	0	27	0	0	0	0	0	0	0	0	0	0	0	0	0	0	0	0	0	0	0	0	0	0	0	0	0	0	0	0	0	0	0	0	0	0	0	0	0	0	0	0	0	0	0	0	0	0	0	0	0	0	0	0	0	0	0	0	0	0	0	0	0	0	0	0	0	0	0	0	0	0	0	0	0	0	0	0	0	0	0	0	0	0	0	0	0	0	0	0	0	0	0	0	0	0	0	0	0	0	0	0	0	0	0	0	0	0	0	0	0	0	0	0	0	0	0	0	0	0	0	0	0	0	0	0	0	0	0	0	0	0	0	0	0	0	0	0	0	0	0	0	0	0	0	0	0	0	0	0	0	0	0	0	0	0	0	0	0
14	7	3	0	12	0	0	0	0	0	0	12	0	0	0	0	0	0	0	5	0	0	0	0	0	0	0	0	0	0	0	0	0	0	0	0	0	0	0	0	0	0	0	0	0	0	0	0	0	0	0	0	0	5	0	0	0	0	0	0	0	0	0	0	0	0	0	0	0	0	0	0	0	0	0	0	0	0	0	0	0	0	0	0	0	0	0	0	0	0	0	0	0	0	0	0	0	0	0	0	0	0	0	0	0	0	0	0	0	0	0	0	0	0	0	0	0	0	0	0	0	0	0	0	0	0	0	0	0	0	0	0	0	0	0	0	0	0	0	0	0	0	0	0	0	0	0	0	0	0	0	0	0	0	0	0	0	0	0	0	0	0	0	0	0	0	0	0	0	0	0	0	0	0	0	0	0	0	0	0	0	0	0	0	0	0	0	0	0	0	0	0	0	0	0	0	0	0	0	0	0	0	0	0	0	0	0	0	0	0	0
12	6	3	0	9	0	0	0	0	0	0	9	0	0	0	0	0	0	0	5	0	0	0	0	0	0	0	0	0	0	0	0	0	0	0	0	0	0	0	0	0	0	0	0	0	0	0	0	0	0	0	0	0	5	0	0	0	0	0	0	0	0	0	0	0	0	0	0	0	0	0	0	0	0	0	0	0	0	0	0	0	0	0	0	0	0	0	0	0	0	0	0	0	0	0	0	0	0	0	0	0	0	0	0	0	0	0	0	0	0	0	0	0	0	0	0	0	0	0	0	0	0	0	0	0	0	0	0	0	0	0	0	0	0	0	0	0	0	0	0	0	0	0	0	0	0	0	0	0	0	0	0	0	0	0	0	0	0	0	0	0	0	0	0	0	0	0	0	0	0	0	0	0	0	0	0	0	0	0	0	0	0	0	0	0	0	0	0	0	0	0	0	0	0	0	0	0	0	0	0	0	0	0	0	0	0	0	0	0	0	0
11	5	2	5	9	0	0	0	0	0	0	9	0	0	0	0	0	0	9	5	0	0	0	0	0	0	0	0	0	0	0	0	0	0	0	0	0	0	0	0	0	0	0	0	0	0	0	0	0	0	0	0	0	5	0	0	0	0	0	0	0	0	0	0	0	0	0	0	0	0	0	0	0	0	0	0	0	0	0	0	0	0	0	0	0	0	0	0	0	0	0	0	0	0	0	0	0	0	0	0	0	0	0	0	0	0	0	0	0	0	0	0	0	0	0	0	0	0	0	0	0	0	0	0	0	0	0	0	0	0	0	0	0	0	0	0	0	0	0	0	0	0	0	0	0	0	0	0	0	0	0	0	0	0	0	0	0	0	0	0	0	0	0	0	0	0	0	0	0	0	0	0	0	0	0	0	0	0	0	0	0	0	0	0	0	0	0	0	0	0	0	0	0	0	0	0	0	0	0	0	0	0	0	0	0	0	0	0	0	0	0
8	3	1	6	0	0	0	0	0	0	0	0	0	0	0	0	0	0	0	0	0	0	0	0	0	0	0	0	0	0	0	0	0	0	0	0	0	0	0	0	0	0	0	0	0	0	0	0	0	0	0	0	0	0	0	0	0	0	0	0	0	0	0	0	0	0	0	0	0	0	0	0	0	0	0	0	0	0	0	0	0	0	0	0	0	0	0	0	0	0	0	0	0	0	0	0	0	0	0	0	0	0	0	0	0	0	0	0	0	0	0	0	0	0	0	0	0	0	0	0	0	0	0	0	0	0	0	0	0	0	0	0	0	0	0	0	0	0	0	0	0	0	0	0	0	0	0	0	0	0	0	0	0	0	0	0	0	0	0	0	0	0	0	0	0	0	0	0	0	0	0	0	0	0	0	0	0	0	0	0	0	0	0	0	0	0	0	0	0	0	0	0	0	0	0	0	0	0	0	0	0	0	0	0	0	0	0	0	0	0	0
4	0	0	0	8	0	0	0	0	0	0	0	0	0	0	0	0	0	0	9	0	0	0	0	0	0	0	0	0	0	0	0	0	0	0	0	0	0	0	0	0	0	0	0	0	0	0	0	0	0	0	0	0	0	0	0	0	0	0	0	0	0	0	0	0	0	0	0	0	0	0	0	0	0	0	0	0	0	0	0	0	0	0	0	0	0	0	0	0	0	0	0	0	0	0	0	0	0	0	0	0	0	0	0	0	0	0	0	0	0	0	0	0	0	0	0	0	0	0	0	0	0	0	0	0	0	0	0	0	0	0	0	0	0	0	0	0	0	0	0	0	0	0	0	0	0	0	0	0	0	0	0	0	0	0	0	0	0	0	0	0	0	0	0	0	0	0	0	0	0	0	0	0	0	0	0	0	0	0	0	0	0	0	0	0	0	0	0	0	0	0	0	0	0	0	0	0	0	0	0	0	0	0	0	0	0	0	0	0	0	0
3	0	0	0	3	0	0	0	0	0	0	0	0	0	0	0	0	0	0	0	0	0	0	0	0	0	0	0	0	0	0	0	0	0	0	0	0	0	0	0	0	0	0	0	0	0	0	0	0	0	0	0	0	0	0	0	0	0	0	0	0	0	0	0	0	0	0	0	0	0	0	0	0	0	0	0	0	0	0	0	0	0	0	0	0	0	0	0	0	0	0	0	0	0	0	0	0	0	0	0	0	0	0	0	0	0	0	0	0	0	0	0	0	0	0	0	0	0	0	0	0	0	0	0	0	0	0	0	0	0	0	0	0	0	0	0	0	0	0	0	0	0	0	0	0	0	0	0	0	0	0	0	0	0	0	0	0	0	0	0	0	0	0	0	0	0	0	0	0	0	0	0	0	0	0	0	0	0	0	0	0	0	0	0	0	0	0	0	0	0	0	0	0	0	0	0	0	0	0	0	0	0	0	0	0	0	0	0	0	0	0
2	0	0	0	0	0	0	0	0	0	0	0	0	0	0	0	0	0	0	0	0	0	0	0	0	0	0	0	0	0	0	0	0	0	0	0	0	0	0	0	0	0	0	0	0	0	0	0	0	0	0	0	0	0	0	0	0	0	0	0	0	0	0	0	0	0	0	0	0	0	0	0	0	0	0	0	0	0	0	0	0	0	0	0	0	0	0	0	0	0	0	0	0	0	0	0	0	0	0	0	0	0	0	0	0	0	0	0	0	0	0	0	0	0	0	0	0	0	0	0	0	0	0	0	0	0	0	0	0	0	0	0	0	0	0	0	0	0	0	0	0	0	0	0	0	0	0	0	0	0	0	0	0	0	0	0	0	0	0	0	0	0	0	0	0	0	0	0	0	0	0	0	0	0	0	0	0	0	0	0	0	0	0	0	0	0	0	0	0	0	0	0	0	0	0	0	0	0	0	0	0	0	0	0	0	0	0	0	0	0	0
