294	283	39	40	0	272	26	24	0	39	40	0	17	48	0	0	25	44	0	0	261	26	24	0	26	24	0	17	48	0	0	18	36	0	0	39	40	0	0	0	0	0	0	0	0	0	17	48	0	0	25	44	0	0	250	26	24	0	26	24	0	17	48	0	0	18	36	0	0	26	24	0	0	0	0	0	0	0	0	0	17	48	0	0	18	36	0	0	39	40	0	0	0	0	0	1	0	0	0	0	0	0	0	0	0	0	0	17	48	0	0	25	44	0	0	239	26	12	0	26	24	0	17	48	0	0	18	36	0	0	26	24	0	0	0	0	0	0	0	0	0	17	48	0	0	18	36	0	0	26	24	0	0	0	0	0	1	0	0	0	0	0	0	0	0	0	0	0	17	48	0	0	18	36	0	0	39	40	0	5	0	0	0	19	0	0	0	0	0	0	0	1	0	0	0	0	0	0	0	0	0	0	0	17	48	0	0	25	44	0	0
182	175	33	15	0	168	30	15	0	33	15	0	33	0	0	0	28	12	0	0	161	30	15	0	30	15	0	33	0	0	0	28	12	0	0	33	15	0	0	0	0	0	0	0	0	0	33	0	0	0	28	12	0	0	154	30	15	0	30	15	0	33	0	0	0	28	12	0	0	30	15	0	0	0	0	0	0	0	0	0	33	0	0	0	28	12	0	0	33	15	0	0	0	0	0	2	0	0	0	0	0	0	0	0	0	0	0	33	0	0	0	28	12	0	0	147	26	15	0	30	15	0	33	0	0	0	28	12	0	0	30	15	0	0	0	0	0	0	0	0	0	33	0	0	0	28	12	0	0	30	15	0	0	0	0	0	1	0	0	0	0	0	0	0	0	0	0	0	33	0	0	0	28	12	0	0	33	15	0	10	0	0	0	23	0	0	0	0	0	0	0	2	0	0	0	0	0	0	0	0	0	0	0	33	0	0	0	28	12	0	0
277	266	59	43	0	255	49	38	0	59	43	0	49	25	0	0	47	38	0	0	244	49	38	0	49	38	0	49	25	0	0	45	38	0	0	59	43	0	10	0	0	0	6	0	0	0	49	25	0	0	47	38	0	0	233	48	38	0	49	38	0	49	25	0	0	45	38	0	0	49	38	0	8	0	0	0	2	0	0	0	49	25	0	0	45	38	0	0	59	43	0	5	0	0	0	3	0	0	0	10	0	0	0	6	0	0	0	49	25	0	0	47	38	0	0	222	40	38	0	48	38	0	48	25	0	0	42	38	0	0	49	38	0	8	0	0	0	2	0	0	0	49	25	0	0	45	38	0	0	49	38	0	3	0	0	0	2	0	0	0	8	0	0	0	2	0	0	0	49	25	0	0	45	38	0	0	59	43	0	22	0	0	0	35	30	0	0	5	0	0	0	3	0	0	0	10	0	0	0	6	0	0	0	49	25	0	0	47	38	0	0
373	357	78	101	0	341	67	85	0	78	101	0	69	100	0	0	68	65	0	0	325	67	85	0	67	85	0	69	100	0	0	66	65	0	0	78	101	0	11	0	0	0	10	0	0	0	69	100	0	0	68	65	0	0	309	65	85	0	67	85	0	69	100	0	0	66	65	0	0	67	85	0	9	0	0	0	6	0	0	0	69	100	0	0	66	65	0	0	78	101	0	5	0	0	0	5	14	0	0	11	0	0	0	10	0	0	0	69	100	0	0	68	65	0	0	293	50	81	0	65	85	0	64	100	0	0	60	65	0	0	67	85	0	9	0	0	0	6	0	0	0	69	100	0	0	66	65	0	0	67	85	0	3	0	0	0	3	10	0	0	9	0	0	0	6	0	0	0	69	100	0	0	66	65	0	0	78	101	0	22	16	0	0	50	116	0	0	5	0	0	0	5	14	0	0	11	0	0	0	10	0	0	0	69	100	0	0	68	65	0	0
400	383	111	124	0	366	92	101	0	111	124	0	86	145	0	0	123	114	0	0	349	87	93	0	92	101	0	77	133	0	0	104	101	0	0	111	124	0	20	31	0	0	15	19	0	0	86	145	0	0	123	114	0	0	332	86	86	0	87	93	0	77	122	0	0	88	90	0	0	92	101	0	20	24	0	0	14	10	0	0	77	133	0	0	104	101	0	0	111	124	0	20	16	0	0	15	14	0	0	20	31	0	0	15	19	0	0	86	145	0	0	123	114	0	0	315	72	78	0	86	86	0	73	114	0	0	85	76	0	0	87	93	0	16	18	0	0	11	7	0	0	77	122	0	0	88	90	0	0	92	101	0	18	12	0	0	13	12	0	0	20	24	0	0	14	10	0	0	77	133	0	0	104	101	0	0	111	124	0	29	12	0	0	71	155	0	0	20	16	0	0	15	14	0	0	20	31	0	0	15	19	0	0	86	145	0	0	123	114	0	0
353	337	118	101	6	321	105	83	0	118	101	6	105	132	0	0	156	77	0	0	305	97	83	0	105	83	0	96	132	0	0	145	74	0	0	118	101	6	48	0	2	0	21	42	0	0	105	132	0	0	156	77	0	0	289	94	83	0	97	83	0	95	132	0	0	121	74	0	0	105	83	0	47	0	0	0	20	31	0	0	96	132	0	0	145	74	0	0	118	101	6	43	0	2	0	25	21	0	0	48	0	2	0	21	42	0	0	105	132	0	0	156	77	0	0	273	71	75	0	94	83	0	86	132	0	0	111	74	0	0	97	83	0	34	0	0	0	14	31	0	0	95	132	0	0	121	74	0	0	105	83	0	37	0	0	0	22	18	0	0	47	0	0	0	20	31	0	0	96	132	0	0	145	74	0	0	118	101	6	31	0	22	0	81	168	12	0	43	0	2	0	25	21	0	0	48	0	2	0	21	42	0	0	105	132	0	0	156	77	0	0
522	500	184	201	2	478	141	176	0	184	201	2	152	150	0	0	305	339	4	0	456	129	154	0	141	176	0	123	120	0	0	226	269	0	0	184	201	2	74	65	2	0	40	108	6	0	152	150	0	0	305	339	4	0	434	122	139	0	129	154	0	118	108	0	0	195	200	0	0	141	176	0	54	55	0	0	33	99	0	0	123	120	0	0	226	269	0	0	184	201	2	55	104	2	0	40	85	0	0	74	65	2	0	40	108	6	0	152	150	0	0	305	339	4	0	412	101	126	0	122	139	0	109	100	0	0	185	171	0	0	129	154	0	43	40	0	0	28	85	0	0	118	108	0	0	195	200	0	0	141	176	0	49	70	0	0	37	82	0	0	54	55	0	0	33	99	0	0	123	120	0	0	226	269	0	0	184	201	2	72	40	6	0	110	264	2	0	55	104	2	0	40	85	0	0	74	65	2	0	40	108	6	0	152	150	0	0	305	339	4	0
367	349	148	134	0	331	115	121	0	148	134	0	125	142	0	0	243	255	0	0	313	102	107	0	115	121	0	94	124	0	0	184	230	0	0	145	134	0	50	135	0	0	27	74	0	0	125	142	0	0	243	255	0	0	295	97	100	0	102	107	0	90	110	0	0	153	194	0	0	112	121	0	40	122	0	0	26	68	0	0	94	124	0	0	184	230	0	0	145	134	0	71	66	0	0	38	57	0	0	50	135	0	0	27	74	0	0	125	142	0	0	243	255	0	0	277	75	97	0	97	100	0	81	106	0	0	141	173	0	0	99	107	0	27	113	0	0	20	56	0	0	90	110	0	0	153	194	0	0	112	121	0	50	60	0	0	31	53	0	0	40	122	0	0	26	68	0	0	94	124	0	0	184	230	0	0	145	134	0	66	25	0	0	99	201	0	0	71	66	0	0	38	57	0	0	50	135	0	0	27	74	0	0	125	142	0	0	243	255	0	0
379	363	133	105	0	347	102	86	0	133	105	0	92	48	0	0	254	168	0	0	331	92	80	0	102	86	0	73	36	0	0	190	122	0	0	133	105	0	49	33	0	0	38	56	0	0	92	48	0	0	254	168	0	0	315	91	76	0	92	80	0	73	33	0	0	163	116	0	0	102	86	0	48	33	0	0	33	56	0	0	73	36	0	0	190	122	0	0	133	105	0	75	32	0	0	48	11	0	0	49	33	0	0	38	56	0	0	92	48	0	0	254	168	0	0	299	76	64	0	91	76	0	72	33	0	0	161	108	0	0	92	80	0	37	33	0	0	27	52	0	0	73	33	0	0	163	116	0	0	102	86	0	58	20	0	0	42	11	0	0	48	33	0	0	33	56	0	0	73	36	0	0	190	122	0	0	133	105	0	60	36	0	0	84	157	0	0	75	32	0	0	48	11	0	0	49	33	0	0	38	56	0	0	92	48	0	0	254	168	0	0
424	407	128	122	0	390	92	100	0	128	122	0	89	48	0	0	234	227	0	0	373	83	89	0	92	100	0	68	24	0	0	164	173	0	0	128	122	0	62	53	0	0	36	57	0	0	89	48	0	0	234	227	0	0	356	79	75	0	83	89	0	64	18	0	0	144	143	0	0	92	100	0	43	51	0	0	31	52	0	0	68	24	0	0	164	173	0	0	128	122	0	47	123	0	0	37	43	0	0	62	53	0	0	36	57	0	0	89	48	0	0	234	227	0	0	339	74	63	0	79	75	0	64	18	0	0	144	126	0	0	83	89	0	38	51	0	0	28	46	0	0	64	18	0	0	144	143	0	0	92	100	0	41	99	0	0	36	39	0	0	43	51	0	0	31	52	0	0	68	24	0	0	164	173	0	0	128	122	0	64	36	0	0	81	31	0	0	47	123	0	0	37	43	0	0	62	53	0	0	36	57	0	0	89	48	0	0	234	227	0	0
275	264	77	39	8	253	50	19	0	75	39	8	38	0	18	0	141	78	32	2	242	47	19	0	48	19	0	29	0	0	0	91	28	0	0	73	39	8	18	0	0	0	25	19	0	0	34	0	18	0	137	78	32	2	231	45	19	0	45	19	0	28	0	0	0	84	28	0	0	46	19	0	11	0	0	0	19	9	0	0	25	0	0	0	87	28	0	0	73	39	8	24	0	5	0	23	5	0	0	18	0	0	0	25	19	0	0	34	0	18	0	137	78	32	2	220	37	19	0	43	19	0	24	0	0	0	81	28	0	0	43	19	0	10	0	0	0	19	9	0	0	24	0	0	0	80	28	0	0	46	19	0	7	0	0	0	21	0	0	0	11	0	0	0	19	9	0	0	25	0	0	0	87	28	0	0	73	39	8	14	0	29	0	42	9	0	0	24	0	5	0	23	5	0	0	18	0	0	0	25	19	0	0	34	0	18	0	137	78	32	2
390	375	107	74	11	360	69	38	0	107	74	11	56	12	24	0	188	199	55	2	345	65	38	0	69	38	0	42	12	0	0	120	100	0	0	107	74	11	48	0	0	0	32	40	0	0	56	12	24	0	188	199	55	2	330	60	38	0	65	38	0	38	12	0	0	111	100	0	0	69	38	0	26	0	0	0	25	26	0	0	42	12	0	0	120	100	0	0	107	74	11	45	0	5	0	27	43	0	0	48	0	0	0	32	40	0	0	56	12	24	0	188	199	55	2	315	47	38	0	60	38	0	34	12	0	0	108	100	0	0	65	38	0	25	0	0	0	25	26	0	0	38	12	0	0	111	100	0	0	69	38	0	20	0	0	0	24	36	0	0	26	0	0	0	25	26	0	0	42	12	0	0	120	100	0	0	107	74	11	20	0	38	0	46	14	0	0	45	0	5	0	27	43	0	0	48	0	0	0	32	40	0	0	56	12	24	0	188	199	55	2
367	352	76	90	6	337	47	74	0	76	90	6	32	82	9	0	132	132	6	0	322	44	64	0	47	74	0	25	70	0	0	83	105	0	0	76	90	6	28	84	0	0	22	31	0	0	32	82	9	0	132	132	6	0	307	41	57	0	44	64	0	22	66	0	0	81	92	0	0	47	74	0	13	70	0	0	15	25	0	0	25	70	0	0	83	105	0	0	76	90	6	22	45	0	0	27	33	0	0	28	84	0	0	22	31	0	0	32	82	9	0	132	132	6	0	292	32	41	0	41	57	0	22	60	0	0	81	84	0	0	44	64	0	12	64	0	0	14	20	0	0	22	66	0	0	81	92	0	0	47	74	0	11	32	0	0	16	24	0	0	13	70	0	0	15	25	0	0	25	70	0	0	83	105	0	0	76	90	6	22	39	18	0	35	24	12	0	22	45	0	0	27	33	0	0	28	84	0	0	22	31	0	0	32	82	9	0	132	132	6	0
286	275	65	38	6	264	40	24	0	65	38	6	28	16	9	0	119	67	12	0	253	38	24	0	40	24	0	23	16	0	0	68	48	0	0	65	38	6	33	0	0	0	23	17	0	0	28	16	9	0	119	67	12	0	242	35	24	0	38	24	0	20	16	0	0	66	48	0	0	40	24	0	18	0	0	0	16	16	0	0	23	16	0	0	68	48	0	0	65	38	6	25	0	0	0	16	24	0	0	33	0	0	0	23	17	0	0	28	16	9	0	119	67	12	0	231	27	24	0	35	24	0	20	16	0	0	66	48	0	0	38	24	0	18	0	0	0	16	16	0	0	20	16	0	0	66	48	0	0	40	24	0	14	0	0	0	13	24	0	0	18	0	0	0	16	16	0	0	23	16	0	0	68	48	0	0	65	38	6	7	0	18	0	19	0	0	0	25	0	0	0	16	24	0	0	33	0	0	0	23	17	0	0	28	16	9	0	119	67	12	0
242	233	54	23	3	224	33	8	0	54	23	3	22	0	6	0	107	38	9	0	215	32	8	0	33	8	0	19	0	0	0	65	8	0	0	54	23	3	15	0	0	0	19	5	0	0	22	0	6	0	107	38	9	0	206	32	8	0	32	8	0	19	0	0	0	62	8	0	0	33	8	0	15	0	0	0	14	0	0	0	19	0	0	0	65	8	0	0	54	23	3	21	0	0	0	18	0	0	0	15	0	0	0	19	5	0	0	22	0	6	0	107	38	9	0	197	27	8	0	32	8	0	19	0	0	0	62	8	0	0	32	8	0	15	0	0	0	14	0	0	0	19	0	0	0	62	8	0	0	33	8	0	13	0	0	0	15	0	0	0	15	0	0	0	14	0	0	0	19	0	0	0	65	8	0	0	54	23	3	7	0	9	0	11	0	0	0	21	0	0	0	18	0	0	0	15	0	0	0	19	5	0	0	22	0	6	0	107	38	9	0
389	373	85	80	28	357	62	50	9	83	80	28	58	27	4	10	123	122	84	22	341	56	41	2	60	50	9	49	0	4	0	95	68	27	0	81	80	28	15	0	19	4	15	13	28	2	54	27	4	10	119	122	84	22	325	48	41	0	54	41	2	35	0	2	0	83	41	6	0	58	50	9	8	0	17	0	13	13	9	0	45	0	4	0	91	68	27	0	81	80	28	8	0	40	0	18	0	0	0	15	0	19	4	15	13	28	2	54	27	4	10	119	122	84	22	309	44	41	0	46	41	0	35	0	0	0	77	41	0	0	52	41	2	7	0	6	0	13	13	2	0	31	0	2	0	79	41	6	0	58	50	9	6	0	32	0	18	0	0	0	8	0	17	0	13	13	9	0	45	0	4	0	91	68	27	0	81	80	28	21	0	0	0	42	52	0	0	8	0	40	0	18	0	0	0	15	0	19	4	15	13	28	2	54	27	4	10	119	122	84	22
435	418	89	67	49	401	63	52	11	89	67	49	49	39	0	34	141	177	49	34	384	59	52	0	63	52	11	37	39	0	0	107	169	11	0	89	67	49	44	0	7	0	27	13	0	2	49	39	0	34	141	177	49	34	367	43	52	0	59	52	0	29	39	0	0	96	169	0	0	63	52	11	25	0	5	0	26	13	0	0	37	39	0	0	107	169	11	0	89	67	49	17	0	80	0	21	39	0	0	44	0	7	0	27	13	0	2	49	39	0	34	141	177	49	34	350	40	51	0	43	52	0	23	39	0	0	72	169	0	0	59	52	0	25	0	0	0	26	13	0	0	29	39	0	0	96	169	0	0	63	52	11	17	0	38	0	21	39	0	0	25	0	5	0	26	13	0	0	37	39	0	0	107	169	11	0	89	67	49	10	12	15	0	40	0	0	0	17	0	80	0	21	39	0	0	44	0	7	0	27	13	0	2	49	39	0	34	141	177	49	34
452	434	84	118	26	416	53	78	8	84	118	26	35	88	0	22	121	261	104	19	398	49	63	0	53	78	8	27	50	0	0	88	194	32	0	84	118	26	25	73	7	0	18	27	26	2	35	88	0	22	121	261	104	19	380	39	53	0	49	63	0	20	41	0	0	75	163	0	0	53	78	8	10	40	5	0	16	26	8	0	27	50	0	0	88	194	32	0	84	118	26	14	25	49	0	17	42	26	0	25	73	7	0	18	27	26	2	35	88	0	22	121	261	104	19	362	38	46	0	39	53	0	20	38	0	0	63	153	0	0	49	63	0	9	34	0	0	15	21	0	0	20	41	0	0	75	163	0	0	53	78	8	14	20	29	0	17	42	8	0	10	40	5	0	16	26	8	0	27	50	0	0	88	194	32	0	84	118	26	8	70	0	0	28	13	0	0	14	25	49	0	17	42	26	0	25	73	7	0	18	27	26	2	35	88	0	22	121	261	104	19
268	258	44	16	23	248	28	0	0	44	16	23	19	0	0	0	81	32	46	28	238	26	0	0	28	0	0	12	0	0	0	59	0	0	0	44	16	23	7	0	0	0	9	0	0	0	19	0	0	0	81	32	46	28	228	25	0	0	26	0	0	11	0	0	0	53	0	0	0	28	0	0	3	0	0	0	9	0	0	0	12	0	0	0	59	0	0	0	44	16	23	2	0	0	0	12	0	0	0	7	0	0	0	9	0	0	0	19	0	0	0	81	32	46	28	218	25	0	0	25	0	0	11	0	0	0	53	0	0	0	26	0	0	3	0	0	0	9	0	0	0	11	0	0	0	53	0	0	0	28	0	0	2	0	0	0	12	0	0	0	3	0	0	0	9	0	0	0	12	0	0	0	59	0	0	0	44	16	23	9	0	0	0	10	0	0	0	2	0	0	0	12	0	0	0	7	0	0	0	9	0	0	0	19	0	0	0	81	32	46	28
301	289	43	49	7	277	20	27	0	43	49	7	15	18	0	0	65	93	28	11	265	18	27	0	20	27	0	8	18	0	0	42	63	0	0	43	49	7	7	0	0	0	6	0	0	0	15	18	0	0	65	93	28	11	253	17	27	0	18	27	0	7	18	0	0	36	63	0	0	20	27	0	3	0	0	0	6	0	0	0	8	18	0	0	42	63	0	0	43	49	7	2	0	0	0	9	0	0	0	7	0	0	0	6	0	0	0	15	18	0	0	65	93	28	11	241	17	27	0	17	27	0	7	18	0	0	36	63	0	0	18	27	0	3	0	0	0	6	0	0	0	7	18	0	0	36	63	0	0	20	27	0	2	0	0	0	9	0	0	0	3	0	0	0	6	0	0	0	8	18	0	0	42	63	0	0	43	49	7	9	0	0	0	9	0	0	0	2	0	0	0	9	0	0	0	7	0	0	0	6	0	0	0	15	18	0	0	65	93	28	11
396	380	49	69	38	364	29	29	7	49	69	38	29	0	44	4	50	50	152	84	348	25	29	7	29	29	7	19	0	24	4	35	0	28	17	49	69	38	3	0	23	0	5	0	0	0	29	0	44	4	50	50	152	84	332	25	29	5	25	29	7	19	0	24	2	35	0	28	2	29	29	7	3	0	12	0	4	0	0	0	19	0	24	4	35	0	28	17	49	69	38	2	0	0	4	4	0	0	0	3	0	23	0	5	0	0	0	29	0	44	4	50	50	152	84	316	21	28	0	25	29	5	19	0	18	0	35	0	20	0	25	29	7	2	0	12	0	2	0	0	0	19	0	24	2	35	0	28	2	29	29	7	1	0	0	0	4	0	0	0	3	0	12	0	4	0	0	0	19	0	24	4	35	0	28	17	49	69	38	9	14	8	0	20	45	0	0	2	0	0	4	4	0	0	0	3	0	23	0	5	0	0	0	29	0	44	4	50	50	152	84
253	243	29	17	25	233	14	9	3	29	17	25	6	0	29	0	37	0	25	61	223	13	9	3	14	9	3	5	0	12	0	22	0	3	17	29	17	25	3	0	8	0	3	0	0	0	6	0	29	0	37	0	25	61	213	13	9	3	13	9	3	5	0	12	0	22	0	3	2	14	9	3	3	0	0	0	3	0	0	0	5	0	12	0	22	0	3	17	29	17	25	2	0	0	0	3	0	0	0	3	0	8	0	3	0	0	0	6	0	29	0	37	0	25	61	203	12	9	0	13	9	3	5	0	12	0	22	0	3	0	13	9	3	2	0	0	0	2	0	0	0	5	0	12	0	22	0	3	2	14	9	3	1	0	0	0	3	0	0	0	3	0	0	0	3	0	0	0	5	0	12	0	22	0	3	17	29	17	25	4	0	8	0	11	0	0	0	2	0	0	0	3	0	0	0	3	0	8	0	3	0	0	0	6	0	29	0	37	0	25	61
207	199	25	7	16	191	11	0	3	25	7	16	6	0	20	0	31	0	16	33	183	10	0	3	11	0	3	5	0	12	0	19	0	3	8	25	7	16	3	0	8	0	2	0	0	0	6	0	20	0	31	0	16	33	175	10	0	3	10	0	3	5	0	12	0	19	0	3	0	11	0	3	3	0	0	0	2	0	0	0	5	0	12	0	19	0	3	8	25	7	16	2	0	0	0	3	0	0	0	3	0	8	0	2	0	0	0	6	0	20	0	31	0	16	33	167	9	0	0	10	0	3	5	0	12	0	19	0	3	0	10	0	3	2	0	0	0	1	0	0	0	5	0	12	0	19	0	3	0	11	0	3	1	0	0	0	3	0	0	0	3	0	0	0	2	0	0	0	5	0	12	0	19	0	3	8	25	7	16	4	0	8	0	4	0	0	0	2	0	0	0	3	0	0	0	3	0	8	0	2	0	0	0	6	0	20	0	31	0	16	33
230	221	16	20	3	212	4	0	3	16	20	3	0	0	12	0	7	10	12	0	203	4	0	3	4	0	3	0	0	12	0	0	0	12	0	16	20	3	0	0	0	0	0	0	0	0	0	0	12	0	7	10	12	0	194	4	0	3	4	0	3	0	0	12	0	0	0	12	0	4	0	3	0	0	0	0	0	0	0	0	0	0	12	0	0	0	12	0	16	20	3	0	0	0	0	0	0	0	0	0	0	0	0	0	0	0	0	0	0	12	0	7	10	12	0	185	4	0	0	4	0	3	0	0	12	0	0	0	12	0	4	0	3	0	0	0	0	0	0	0	0	0	0	12	0	0	0	12	0	4	0	3	0	0	0	0	0	0	0	0	0	0	0	0	0	0	0	0	0	0	12	0	0	0	12	0	16	20	3	1	0	0	0	6	0	0	0	0	0	0	0	0	0	0	0	0	0	0	0	0	0	0	0	0	0	12	0	7	10	12	0
234	225	30	0	42	216	18	0	0	30	0	42	9	0	17	0	48	0	0	133	207	17	0	0	18	0	0	8	0	0	0	35	0	0	28	30	0	42	3	0	8	0	4	0	0	0	9	0	17	0	48	0	0	133	198	17	0	0	17	0	0	8	0	0	0	35	0	0	2	18	0	0	3	0	0	0	4	0	0	0	8	0	0	0	35	0	0	28	30	0	42	2	0	0	0	6	0	0	0	3	0	8	0	4	0	0	0	9	0	17	0	48	0	0	133	189	15	0	0	17	0	0	8	0	0	0	35	0	0	0	17	0	0	2	0	0	0	3	0	0	0	8	0	0	0	35	0	0	2	18	0	0	1	0	0	0	6	0	0	0	3	0	0	0	4	0	0	0	8	0	0	0	35	0	0	28	30	0	42	4	0	20	0	8	0	0	0	2	0	0	0	6	0	0	0	3	0	8	0	4	0	0	0	9	0	17	0	48	0	0	133
175	168	4	0	32	161	4	0	6	4	0	32	0	0	0	12	2	0	0	57	154	4	0	6	4	0	6	0	0	0	12	2	0	0	13	4	0	32	0	0	0	0	0	0	0	0	0	0	0	12	2	0	0	57	147	4	0	6	4	0	6	0	0	0	12	2	0	0	13	4	0	6	0	0	0	0	0	0	0	0	0	0	0	12	2	0	0	13	4	0	32	0	0	0	0	0	0	0	0	0	0	0	0	0	0	0	0	0	0	0	12	2	0	0	57	140	4	0	6	4	0	6	0	0	0	12	2	0	0	11	4	0	6	0	0	0	0	0	0	0	0	0	0	0	12	2	0	0	13	4	0	6	0	0	0	0	0	0	0	0	0	0	0	0	0	0	0	0	0	0	0	12	2	0	0	13	4	0	32	1	0	0	0	6	0	0	0	0	0	0	0	0	0	0	0	0	0	0	0	0	0	0	0	0	0	0	12	2	0	0	57
200	192	14	0	24	184	10	0	15	14	0	24	9	0	9	12	8	0	0	3	176	10	0	15	10	0	15	9	0	9	12	8	0	0	3	14	0	24	0	0	0	0	0	0	0	0	9	0	9	12	8	0	0	3	168	10	0	15	10	0	15	9	0	9	12	8	0	0	3	10	0	15	0	0	0	0	0	0	0	0	9	0	9	12	8	0	0	3	14	0	24	0	0	0	0	1	0	0	0	0	0	0	0	0	0	0	0	9	0	9	12	8	0	0	3	160	10	0	14	10	0	15	9	0	9	12	8	0	0	3	10	0	15	0	0	0	0	0	0	0	0	9	0	9	12	8	0	0	3	10	0	15	0	0	0	0	1	0	0	0	0	0	0	0	0	0	0	0	9	0	9	12	8	0	0	3	14	0	24	0	0	0	4	14	0	0	0	0	0	0	0	1	0	0	0	0	0	0	0	0	0	0	0	9	0	9	12	8	0	0	3
316	303	35	12	48	290	25	12	20	35	12	48	23	0	27	17	21	0	0	66	277	25	12	19	25	12	20	23	0	24	16	21	0	0	13	35	12	48	0	0	0	4	2	0	0	0	23	0	27	17	21	0	0	66	264	25	12	19	25	12	19	23	0	21	16	21	0	0	13	25	12	20	0	0	0	4	0	0	0	0	23	0	24	16	21	0	0	13	35	12	48	0	0	0	0	2	0	0	0	0	0	0	4	2	0	0	0	23	0	27	17	21	0	0	66	251	22	12	16	25	12	19	23	0	21	14	21	0	0	11	25	12	19	0	0	0	2	0	0	0	0	23	0	21	16	21	0	0	13	25	12	20	0	0	0	0	2	0	0	0	0	0	0	4	0	0	0	0	23	0	24	16	21	0	0	13	35	12	48	7	0	0	8	26	36	0	0	0	0	0	0	2	0	0	0	0	0	0	4	2	0	0	0	23	0	27	17	21	0	0	66
298	286	48	20	41	274	37	0	21	48	20	41	41	0	39	17	32	0	82	41	262	37	0	20	37	0	21	41	0	36	16	32	0	42	10	48	20	41	11	0	0	4	6	0	0	0	41	0	39	17	32	0	82	41	250	37	0	20	37	0	20	41	0	33	16	32	0	40	10	37	0	21	11	0	0	4	3	0	0	0	41	0	36	16	32	0	42	10	48	20	41	0	0	0	0	5	0	0	0	11	0	0	4	6	0	0	0	41	0	39	17	32	0	82	41	238	37	0	13	37	0	20	41	0	33	14	32	0	40	8	37	0	20	11	0	0	2	3	0	0	0	41	0	33	16	32	0	40	10	37	0	21	0	0	0	0	5	0	0	0	11	0	0	4	3	0	0	0	41	0	36	16	32	0	42	10	48	20	41	7	0	0	8	46	0	0	6	0	0	0	0	5	0	0	0	11	0	0	4	6	0	0	0	41	0	39	17	32	0	82	41
381	365	73	71	63	349	55	39	45	73	71	63	52	26	91	64	73	39	189	38	333	54	39	24	55	39	45	52	26	84	4	67	39	135	7	73	71	63	19	0	0	25	15	10	0	54	52	26	91	64	73	39	189	38	317	52	39	22	54	39	24	52	26	61	4	62	39	72	7	55	39	45	14	0	0	19	11	0	0	17	52	26	84	4	67	39	135	7	73	71	63	6	0	22	10	16	0	0	0	19	0	0	25	15	10	0	54	52	26	91	64	73	39	189	38	301	50	33	10	52	39	22	51	26	53	2	52	39	66	5	54	39	24	13	0	0	2	10	0	0	2	52	26	61	4	62	39	72	7	55	39	45	5	0	18	0	16	0	0	0	14	0	0	19	11	0	0	17	52	26	84	4	67	39	135	7	73	71	63	3	60	12	8	66	10	0	8	6	0	22	10	16	0	0	0	19	0	0	25	15	10	0	54	52	26	91	64	73	39	189	38
245	234	42	26	52	223	40	26	19	42	26	52	46	0	0	62	44	18	0	104	212	39	24	18	40	26	19	46	0	0	59	44	18	0	66	42	26	52	10	16	0	5	4	0	0	0	46	0	0	62	44	18	0	104	201	39	24	17	39	24	18	46	0	0	56	39	16	0	44	40	26	19	10	16	0	4	4	0	0	0	46	0	0	59	44	18	0	66	42	26	52	5	0	0	4	9	0	0	0	10	16	0	5	4	0	0	0	46	0	0	62	44	18	0	104	190	36	24	17	39	24	17	46	0	0	56	39	16	0	42	39	24	18	9	16	0	4	3	0	0	0	46	0	0	56	39	16	0	44	40	26	19	5	0	0	4	8	0	0	0	10	16	0	4	4	0	0	0	46	0	0	59	44	18	0	66	42	26	52	4	0	20	0	44	0	0	0	5	0	0	4	9	0	0	0	10	16	0	5	4	0	0	0	46	0	0	62	44	18	0	104
360	343	67	93	50	326	55	81	24	67	93	50	55	126	0	36	83	129	0	104	309	53	72	23	55	81	24	55	108	0	33	77	108	0	66	67	93	50	23	81	11	5	15	0	0	0	55	126	0	36	83	129	0	104	292	52	72	19	53	72	23	55	108	0	27	67	99	0	44	55	81	24	22	81	10	4	15	0	0	0	55	108	0	33	77	108	0	66	67	93	50	16	0	0	25	23	14	0	0	23	81	11	5	15	0	0	0	55	126	0	36	83	129	0	104	275	47	72	17	52	72	19	53	108	0	25	64	99	0	42	53	72	23	21	81	10	4	13	0	0	0	55	108	0	27	67	99	0	44	55	81	24	14	0	0	19	18	12	0	0	22	81	10	4	15	0	0	0	55	108	0	33	77	108	0	66	67	93	50	14	0	20	10	83	28	0	0	16	0	0	25	23	14	0	0	23	81	11	5	15	0	0	0	55	126	0	36	83	129	0	104
425	406	92	95	70	387	72	90	53	92	95	70	77	65	0	48	120	184	0	63	368	68	77	48	72	90	53	72	65	0	41	100	177	0	45	92	95	70	51	12	33	37	24	12	70	0	77	65	0	48	120	184	0	63	349	62	72	33	68	77	48	66	60	0	27	83	115	0	24	72	90	53	36	12	31	4	22	12	53	0	72	65	0	41	100	177	0	45	92	95	70	12	60	31	46	26	36	0	26	51	12	33	37	24	12	70	0	77	65	0	48	120	184	0	63	330	58	60	23	62	72	33	64	60	0	25	77	108	0	22	68	77	48	34	0	27	4	19	0	48	0	66	60	0	27	83	115	0	24	72	90	53	12	60	30	28	24	36	0	8	36	12	31	4	22	12	53	0	72	65	0	41	100	177	0	45	92	95	70	24	0	46	34	93	0	70	0	12	60	31	46	26	36	0	26	51	12	33	37	24	12	70	0	77	65	0	48	120	184	0	63
340	324	82	88	38	308	62	72	37	82	88	38	53	78	18	10	128	131	38	0	292	58	68	37	62	72	37	50	72	18	10	109	123	37	0	82	88	38	40	41	26	0	24	0	0	0	53	78	18	10	128	131	38	0	276	52	66	30	58	68	37	46	72	18	7	89	118	37	0	62	72	37	32	39	25	0	22	0	0	0	50	72	18	10	109	123	37	0	82	88	38	27	24	30	47	31	26	0	0	40	41	26	0	24	0	0	0	53	78	18	10	128	131	38	0	260	42	60	15	52	66	30	43	72	15	5	82	114	30	0	58	68	37	31	36	25	0	18	0	0	0	46	72	18	7	89	118	37	0	62	72	37	16	18	30	24	23	21	0	0	32	39	25	0	22	0	0	0	50	72	18	10	109	123	37	0	82	88	38	22	51	0	34	76	116	0	6	27	24	30	47	31	26	0	0	40	41	26	0	24	0	0	0	53	78	18	10	128	131	38	0
358	342	76	86	38	326	58	48	37	76	86	38	44	36	18	10	114	141	190	0	310	53	48	37	58	48	37	39	36	18	10	98	96	185	0	76	86	38	34	0	26	0	25	7	0	0	44	36	18	10	114	141	190	0	294	48	48	30	53	48	37	35	36	18	7	78	96	185	0	58	48	37	27	0	25	0	22	0	0	0	39	36	18	10	98	96	185	0	76	86	38	32	0	30	47	43	15	0	0	34	0	26	0	25	7	0	0	44	36	18	10	114	141	190	0	278	36	33	15	48	48	30	34	36	15	5	74	96	150	0	53	48	37	25	0	25	0	17	0	0	0	35	36	18	7	78	96	185	0	58	48	37	18	0	30	24	22	12	0	0	27	0	25	0	22	0	0	0	39	36	18	10	98	96	185	0	76	86	38	12	105	0	34	65	85	0	6	32	0	30	47	43	15	0	0	34	0	26	0	25	7	0	0	44	36	18	10	114	141	190	0
176	168	31	12	23	160	19	12	6	31	12	23	15	0	8	12	42	42	0	76	152	16	12	6	19	12	6	11	0	6	12	28	42	0	74	31	12	23	7	0	16	0	4	0	0	0	15	0	8	12	42	42	0	76	144	16	12	6	16	12	6	11	0	6	12	27	42	0	74	19	12	6	7	0	12	0	2	0	0	0	11	0	6	12	28	42	0	74	31	12	23	8	0	0	0	20	0	0	0	7	0	16	0	4	0	0	0	15	0	8	12	42	42	0	76	136	5	0	5	16	12	6	11	0	6	10	27	42	0	60	16	12	6	4	0	12	0	0	0	0	0	11	0	6	12	27	42	0	74	19	12	6	2	0	0	0	3	0	0	0	7	0	12	0	2	0	0	0	11	0	6	12	28	42	0	74	31	12	23	3	0	53	5	10	0	46	0	8	0	0	0	20	0	0	0	7	0	16	0	4	0	0	0	15	0	8	12	42	42	0	76
137	131	22	5	15	125	17	0	6	22	5	15	7	0	8	12	32	5	15	38	119	14	0	6	17	0	6	3	0	6	12	23	0	6	37	22	5	15	6	0	16	0	5	0	0	0	7	0	8	12	32	5	15	38	113	11	0	6	14	0	6	3	0	6	12	22	0	6	37	17	0	6	3	0	12	0	2	0	0	0	3	0	6	12	23	0	6	37	22	5	15	6	0	0	0	13	15	0	0	6	0	16	0	5	0	0	0	7	0	8	12	32	5	15	38	107	1	0	5	11	0	6	3	0	6	10	22	0	6	30	14	0	6	0	0	12	0	0	0	0	0	3	0	6	12	22	0	6	37	17	0	6	0	0	0	0	1	0	0	0	3	0	12	0	2	0	0	0	3	0	6	12	23	0	6	37	22	5	15	0	0	29	5	1	0	0	0	6	0	0	0	13	15	0	0	6	0	16	0	5	0	0	0	7	0	8	12	32	5	15	38
222	212	32	29	15	202	24	15	6	32	29	15	10	12	8	12	43	18	30	38	192	20	8	6	24	15	6	6	0	6	12	32	0	12	37	32	29	15	11	8	16	0	5	14	15	0	10	12	8	12	43	18	30	38	182	14	6	6	20	8	6	3	0	6	12	29	0	12	37	24	15	6	2	6	12	0	1	6	6	0	6	0	6	12	32	0	12	37	32	29	15	12	12	0	0	16	36	0	0	11	8	16	0	5	14	15	0	10	12	8	12	43	18	30	38	172	1	0	5	14	6	6	3	0	6	10	29	0	12	30	20	8	6	0	0	12	0	0	0	6	0	3	0	6	12	29	0	12	37	24	15	6	0	0	0	0	1	0	0	0	2	6	12	0	1	6	6	0	6	0	6	12	32	0	12	37	32	29	15	0	0	29	5	1	0	15	0	12	12	0	0	16	36	0	0	11	8	16	0	5	14	15	0	10	12	8	12	43	18	30	38
194	185	28	23	7	176	15	18	0	28	23	7	5	0	0	0	33	47	7	38	167	14	18	0	15	18	0	3	0	0	0	22	42	0	37	28	23	7	4	0	0	0	4	0	0	0	5	0	0	0	33	47	7	38	158	11	15	0	14	18	0	3	0	0	0	22	42	0	37	15	18	0	1	0	0	0	1	0	0	0	3	0	0	0	22	42	0	37	28	23	7	10	15	0	0	18	15	0	0	4	0	0	0	4	0	0	0	5	0	0	0	33	47	7	38	149	1	0	0	11	15	0	3	0	0	0	22	35	0	30	14	18	0	0	0	0	0	0	0	0	0	3	0	0	0	22	42	0	37	15	18	0	0	0	0	0	1	0	0	0	1	0	0	0	1	0	0	0	3	0	0	0	22	42	0	37	28	23	7	0	0	21	0	3	0	21	0	10	15	0	0	18	15	0	0	4	0	0	0	4	0	0	0	5	0	0	0	33	47	7	38
189	180	29	26	7	171	16	20	0	29	26	7	10	0	0	0	26	44	14	38	162	14	20	0	16	20	0	6	0	0	0	17	35	0	37	29	26	7	10	0	0	0	4	3	0	0	10	0	0	0	26	44	14	38	153	8	12	0	14	20	0	3	0	0	0	15	35	0	37	16	20	0	1	0	0	0	1	0	0	0	6	0	0	0	17	35	0	37	29	26	7	5	24	0	0	12	18	0	0	10	0	0	0	4	3	0	0	10	0	0	0	26	44	14	38	144	1	0	0	8	12	0	3	0	0	0	15	21	0	30	14	20	0	0	0	0	0	0	0	0	0	3	0	0	0	15	35	0	37	16	20	0	0	0	0	0	1	0	0	0	1	0	0	0	1	0	0	0	6	0	0	0	17	35	0	37	29	26	7	0	0	21	0	3	0	28	0	5	24	0	0	12	18	0	0	10	0	0	0	4	3	0	0	10	0	0	0	26	44	14	38
446	425	63	131	97	404	29	63	94	63	131	97	32	111	127	24	55	154	485	0	383	21	36	72	29	63	94	13	36	121	18	21	24	470	0	63	131	97	13	180	40	96	13	12	97	70	32	111	127	24	55	154	485	0	362	8	0	70	21	36	72	5	0	110	18	15	0	360	0	29	63	94	0	0	40	91	6	0	94	53	13	36	121	18	21	24	470	0	63	131	97	1	0	83	22	2	0	291	0	13	180	40	96	13	12	97	70	32	111	127	24	55	154	485	0	341	8	0	65	8	0	70	5	0	109	18	8	0	350	0	21	36	72	0	0	26	87	6	0	72	48	5	0	110	18	15	0	360	0	29	63	94	1	0	80	18	2	0	282	0	0	0	40	91	6	0	94	53	13	36	121	18	21	24	470	0	63	131	97	0	0	0	44	17	0	0	0	1	0	83	22	2	0	291	0	13	180	40	96	13	12	97	70	32	111	127	24	55	154	485	0
232	221	28	31	19	210	17	24	0	28	31	19	13	0	6	0	32	0	19	44	199	14	21	0	17	24	0	6	0	0	0	18	0	0	12	28	31	19	22	21	0	0	4	7	0	0	13	0	6	0	32	0	19	44	188	0	0	0	14	21	0	0	0	0	0	14	0	0	12	17	24	0	0	0	0	0	0	0	0	0	6	0	0	0	18	0	0	12	28	31	19	0	0	33	0	0	0	57	0	22	21	0	0	4	7	0	0	13	0	6	0	32	0	19	44	177	0	0	0	0	0	0	0	0	0	0	0	0	0	12	14	21	0	0	0	0	0	0	0	0	0	0	0	0	0	14	0	0	12	17	24	0	0	0	0	0	0	0	0	0	0	0	0	0	0	0	0	0	6	0	0	0	18	0	0	12	28	31	19	0	0	0	0	0	0	0	0	0	0	33	0	0	0	57	0	22	21	0	0	4	7	0	0	13	0	6	0	32	0	19	44
251	239	34	47	9	227	16	30	0	34	47	9	23	36	6	0	32	22	18	22	215	11	18	0	16	30	0	3	18	0	0	9	12	0	6	34	47	9	19	36	0	0	5	6	9	0	23	36	6	0	32	22	18	22	203	0	0	0	11	18	0	0	0	0	0	7	0	0	6	16	30	0	0	0	0	0	0	0	0	0	3	18	0	0	9	12	0	6	34	47	9	0	0	18	0	0	0	27	0	19	36	0	0	5	6	9	0	23	36	6	0	32	22	18	22	191	0	0	0	0	0	0	0	0	0	0	0	0	0	6	11	18	0	0	0	0	0	0	0	0	0	0	0	0	0	7	0	0	6	16	30	0	0	0	0	0	0	0	0	0	0	0	0	0	0	0	0	0	3	18	0	0	9	12	0	6	34	47	9	0	0	0	0	0	0	0	0	0	0	18	0	0	0	27	0	19	36	0	0	5	6	9	0	23	36	6	0	32	22	18	22
151	144	31	12	0	137	15	0	0	31	12	0	28	0	0	0	25	12	0	0	130	9	0	0	15	0	0	6	0	0	0	4	0	0	0	31	12	0	24	0	0	0	4	4	0	0	28	0	0	0	25	12	0	0	123	0	0	0	9	0	0	0	0	0	0	0	0	0	0	15	0	0	0	0	0	0	0	0	0	0	6	0	0	0	4	0	0	0	31	12	0	0	0	0	0	0	0	0	0	24	0	0	0	4	4	0	0	28	0	0	0	25	12	0	0	116	0	0	0	0	0	0	0	0	0	0	0	0	0	0	9	0	0	0	0	0	0	0	0	0	0	0	0	0	0	0	0	0	0	15	0	0	0	0	0	0	0	0	0	0	0	0	0	0	0	0	0	0	6	0	0	0	4	0	0	0	31	12	0	0	0	0	0	0	0	0	0	0	0	0	0	0	0	0	0	24	0	0	0	4	4	0	0	28	0	0	0	25	12	0	0
231	220	29	39	0	209	9	9	0	29	39	0	13	45	0	0	21	30	0	0	198	6	0	0	9	9	0	6	0	0	0	4	0	0	0	29	39	0	21	0	0	0	3	3	0	0	13	45	0	0	21	30	0	0	187	0	0	0	6	0	0	0	0	0	0	0	0	0	0	9	9	0	0	0	0	0	0	0	0	0	6	0	0	0	4	0	0	0	29	39	0	0	0	0	0	0	0	0	0	21	0	0	0	3	3	0	0	13	45	0	0	21	30	0	0	176	0	0	0	0	0	0	0	0	0	0	0	0	0	0	6	0	0	0	0	0	0	0	0	0	0	0	0	0	0	0	0	0	0	9	9	0	0	0	0	0	0	0	0	0	0	0	0	0	0	0	0	0	6	0	0	0	4	0	0	0	29	39	0	0	0	0	0	0	0	0	0	0	0	0	0	0	0	0	0	21	0	0	0	3	3	0	0	13	45	0	0	21	30	0	0
250	238	21	11	74	226	13	11	37	21	11	74	6	0	27	43	6	0	0	125	214	1	0	28	13	11	37	0	0	0	28	2	0	0	94	21	11	74	0	0	108	24	1	0	74	15	6	0	27	43	6	0	0	125	202	1	0	23	1	0	28	0	0	0	23	2	0	0	72	13	11	37	0	0	29	18	1	0	37	6	0	0	0	28	2	0	0	94	21	11	74	1	0	0	39	0	0	0	0	0	0	108	24	1	0	74	15	6	0	27	43	6	0	0	125	190	1	0	23	1	0	23	0	0	0	23	2	0	0	70	1	0	28	0	0	20	18	1	0	28	6	0	0	0	23	2	0	0	72	13	11	37	1	0	0	39	0	0	0	0	0	0	29	18	1	0	37	6	0	0	0	28	2	0	0	94	21	11	74	0	0	0	0	1	0	0	0	1	0	0	39	0	0	0	0	0	0	108	24	1	0	74	15	6	0	27	43	6	0	0	125
314	299	25	14	94	284	11	0	64	25	14	94	6	0	27	56	11	0	94	106	269	2	0	61	11	0	64	0	0	0	53	4	0	64	94	25	14	94	0	0	79	24	2	0	0	0	6	0	27	56	11	0	94	106	254	2	0	56	2	0	61	0	0	0	48	4	0	61	72	11	0	64	0	0	23	18	2	0	0	0	0	0	0	53	4	0	64	94	25	14	94	1	0	0	39	0	0	0	0	0	0	79	24	2	0	0	0	6	0	27	56	11	0	94	106	239	2	0	56	2	0	56	0	0	0	48	4	0	56	70	2	0	61	0	0	20	18	2	0	0	0	0	0	0	48	4	0	61	72	11	0	64	1	0	0	39	0	0	0	0	0	0	23	18	2	0	0	0	0	0	0	53	4	0	64	94	25	14	94	0	0	0	0	2	0	0	0	1	0	0	39	0	0	0	0	0	0	79	24	2	0	0	0	6	0	27	56	11	0	94	106
187	178	16	14	38	169	3	0	22	16	14	38	3	0	30	13	5	0	76	97	160	0	0	22	3	0	22	0	0	9	13	0	0	44	94	16	14	38	0	0	36	0	0	0	0	0	3	0	30	13	5	0	76	97	151	0	0	22	0	0	22	0	0	9	13	0	0	44	72	3	0	22	0	0	0	0	0	0	0	0	0	0	9	13	0	0	44	94	16	14	38	0	0	0	0	0	0	0	0	0	0	36	0	0	0	0	0	3	0	30	13	5	0	76	97	142	0	0	22	0	0	22	0	0	9	13	0	0	44	70	0	0	22	0	0	0	0	0	0	0	0	0	0	9	13	0	0	44	72	3	0	22	0	0	0	0	0	0	0	0	0	0	0	0	0	0	0	0	0	0	9	13	0	0	44	94	16	14	38	0	0	0	0	0	0	0	0	0	0	0	0	0	0	0	0	0	0	36	0	0	0	0	0	3	0	30	13	5	0	76	97
268	255	18	40	53	242	3	0	36	18	40	53	3	0	60	27	4	24	265	97	229	0	0	36	3	0	36	0	0	37	27	0	0	180	94	18	40	53	0	0	36	0	0	0	0	0	3	0	60	27	4	24	265	97	216	0	0	35	0	0	36	0	0	37	26	0	0	180	72	3	0	36	0	0	0	0	0	0	0	0	0	0	37	27	0	0	180	94	18	40	53	0	0	0	13	0	0	0	0	0	0	36	0	0	0	0	0	3	0	60	27	4	24	265	97	203	0	0	34	0	0	35	0	0	35	25	0	0	175	70	0	0	36	0	0	0	0	0	0	0	0	0	0	37	26	0	0	180	72	3	0	36	0	0	0	12	0	0	0	0	0	0	0	0	0	0	0	0	0	0	37	27	0	0	180	94	18	40	53	0	0	0	12	0	0	0	0	0	0	0	13	0	0	0	0	0	0	36	0	0	0	0	0	3	0	60	27	4	24	265	97
187	178	16	14	19	169	4	0	0	16	14	19	3	0	21	0	5	0	38	97	160	0	0	0	4	0	0	0	0	0	0	0	0	0	94	16	14	19	0	0	36	0	0	0	0	0	3	0	21	0	5	0	38	97	151	0	0	0	0	0	0	0	0	0	0	0	0	0	72	4	0	0	0	0	0	0	0	0	0	0	0	0	0	0	0	0	0	94	16	14	19	0	0	0	0	0	0	0	0	0	0	36	0	0	0	0	0	3	0	21	0	5	0	38	97	142	0	0	0	0	0	0	0	0	0	0	0	0	0	70	0	0	0	0	0	0	0	0	0	0	0	0	0	0	0	0	0	0	72	4	0	0	0	0	0	0	0	0	0	0	0	0	0	0	0	0	0	0	0	0	0	0	0	0	0	94	16	14	19	0	0	0	0	0	0	0	0	0	0	0	0	0	0	0	0	0	0	36	0	0	0	0	0	3	0	21	0	5	0	38	97
200	190	4	0	66	180	1	0	50	4	0	66	0	0	0	48	0	0	0	53	170	1	0	46	1	0	50	0	0	0	32	0	0	0	36	4	0	66	0	0	0	14	0	0	0	0	0	0	0	48	0	0	0	53	160	1	0	46	1	0	46	0	0	0	32	0	0	0	36	1	0	50	0	0	0	14	0	0	0	0	0	0	0	32	0	0	0	36	4	0	66	0	0	0	0	0	0	0	0	0	0	0	14	0	0	0	0	0	0	0	48	0	0	0	53	150	0	0	45	1	0	46	0	0	0	31	0	0	0	35	1	0	46	0	0	0	13	0	0	0	0	0	0	0	32	0	0	0	36	1	0	50	0	0	0	0	0	0	0	0	0	0	0	14	0	0	0	0	0	0	0	32	0	0	0	36	4	0	66	0	0	14	13	3	0	0	0	0	0	0	0	0	0	0	0	0	0	0	14	0	0	0	0	0	0	0	48	0	0	0	53
198	188	13	16	75	178	0	0	59	13	16	75	0	0	153	87	7	0	150	53	168	0	0	39	0	0	59	0	0	132	14	0	0	118	36	13	16	75	0	0	0	26	0	0	0	106	0	0	153	87	7	0	150	53	158	0	0	39	0	0	39	0	0	73	14	0	0	78	36	0	0	59	0	0	0	26	0	0	0	94	0	0	132	14	0	0	118	36	13	16	75	0	0	0	0	0	0	0	0	0	0	0	26	0	0	0	106	0	0	153	87	7	0	150	53	148	0	0	23	0	0	39	0	0	73	13	0	0	78	35	0	0	39	0	0	0	13	0	0	0	72	0	0	73	14	0	0	78	36	0	0	59	0	0	0	0	0	0	0	0	0	0	0	26	0	0	0	94	0	0	132	14	0	0	118	36	13	16	75	0	0	0	43	0	0	0	70	0	0	0	0	0	0	0	0	0	0	0	26	0	0	0	106	0	0	153	87	7	0	150	53
139	132	3	6	21	125	0	0	13	3	6	21	0	0	13	0	0	0	21	53	118	0	0	13	0	0	13	0	0	13	0	0	0	13	36	3	6	21	0	0	0	0	0	0	0	0	0	0	13	0	0	0	21	53	111	0	0	13	0	0	13	0	0	13	0	0	0	13	36	0	0	13	0	0	0	0	0	0	0	0	0	0	13	0	0	0	13	36	3	6	21	0	0	0	0	0	0	0	0	0	0	0	0	0	0	0	0	0	0	13	0	0	0	21	53	104	0	0	10	0	0	13	0	0	13	0	0	0	13	35	0	0	13	0	0	0	0	0	0	0	0	0	0	13	0	0	0	13	36	0	0	13	0	0	0	0	0	0	0	0	0	0	0	0	0	0	0	0	0	0	13	0	0	0	13	36	3	6	21	0	0	0	30	0	0	0	0	0	0	0	0	0	0	0	0	0	0	0	0	0	0	0	0	0	0	13	0	0	0	21	53
160	152	1	0	44	144	0	0	3	1	0	44	0	0	0	15	0	0	0	204	136	0	0	0	0	0	3	0	0	0	0	0	0	0	122	1	0	44	0	0	0	0	0	0	0	0	0	0	0	15	0	0	0	204	128	0	0	0	0	0	0	0	0	0	0	0	0	0	119	0	0	3	0	0	0	0	0	0	0	0	0	0	0	0	0	0	0	122	1	0	44	0	0	0	0	0	0	0	0	0	0	0	0	0	0	0	0	0	0	0	15	0	0	0	204	120	0	0	0	0	0	0	0	0	0	0	0	0	0	113	0	0	0	0	0	0	0	0	0	0	0	0	0	0	0	0	0	0	119	0	0	3	0	0	0	0	0	0	0	0	0	0	0	0	0	0	0	0	0	0	0	0	0	0	0	122	1	0	44	0	0	0	0	0	0	0	0	0	0	0	0	0	0	0	0	0	0	0	0	0	0	0	0	0	0	0	15	0	0	0	204
140	133	1	0	30	126	0	0	3	1	0	30	0	0	0	15	0	0	0	110	119	0	0	0	0	0	3	0	0	0	0	0	0	0	58	1	0	30	0	0	0	0	0	0	0	0	0	0	0	15	0	0	0	110	112	0	0	0	0	0	0	0	0	0	0	0	0	0	58	0	0	3	0	0	0	0	0	0	0	0	0	0	0	0	0	0	0	58	1	0	30	0	0	0	0	0	0	0	0	0	0	0	0	0	0	0	0	0	0	0	15	0	0	0	110	105	0	0	0	0	0	0	0	0	0	0	0	0	0	57	0	0	0	0	0	0	0	0	0	0	0	0	0	0	0	0	0	0	58	0	0	3	0	0	0	0	0	0	0	0	0	0	0	0	0	0	0	0	0	0	0	0	0	0	0	58	1	0	30	0	0	0	0	0	0	0	0	0	0	0	0	0	0	0	0	0	0	0	0	0	0	0	0	0	0	0	15	0	0	0	110
304	288	13	0	130	272	3	0	127	13	0	130	2	0	30	38	12	0	0	0	256	2	0	103	3	0	127	0	0	30	31	5	0	0	0	13	0	130	1	0	9	137	1	0	0	74	2	0	30	38	12	0	0	0	240	1	0	70	2	0	103	0	0	30	12	4	0	0	0	3	0	127	1	0	9	52	1	0	0	37	0	0	30	31	5	0	0	0	13	0	130	2	0	15	58	5	0	0	125	1	0	9	137	1	0	0	74	2	0	30	38	12	0	0	0	224	0	0	47	1	0	70	0	0	30	12	2	0	0	0	2	0	103	0	0	9	40	1	0	0	28	0	0	30	12	4	0	0	0	3	0	127	0	0	15	32	1	0	0	94	1	0	9	52	1	0	0	37	0	0	30	31	5	0	0	0	13	0	130	0	0	9	67	11	0	0	29	2	0	15	58	5	0	0	125	1	0	9	137	1	0	0	74	2	0	30	38	12	0	0	0
209	198	7	0	95	187	5	0	76	7	0	95	6	0	18	64	10	0	0	96	176	0	0	68	5	0	76	0	0	18	57	5	0	0	72	7	0	95	0	0	43	79	0	0	0	0	6	0	18	64	10	0	0	96	165	0	0	42	0	0	68	0	0	18	38	0	0	0	52	5	0	76	0	0	43	0	0	0	0	0	0	0	18	57	5	0	0	72	7	0	95	0	0	0	12	1	0	0	125	0	0	43	79	0	0	0	0	6	0	18	64	10	0	0	96	154	0	0	42	0	0	42	0	0	18	38	0	0	0	52	0	0	68	0	0	43	0	0	0	0	0	0	0	18	38	0	0	0	52	5	0	76	0	0	0	12	1	0	0	94	0	0	43	0	0	0	0	0	0	0	18	57	5	0	0	72	7	0	95	0	0	0	0	2	0	0	0	0	0	0	12	1	0	0	125	0	0	43	79	0	0	0	0	6	0	18	64	10	0	0	96
190	180	8	0	71	170	3	0	60	8	0	71	6	0	18	38	10	0	0	75	160	0	0	52	3	0	60	0	0	18	31	3	0	0	59	8	0	71	0	0	27	79	0	0	0	0	6	0	18	38	10	0	0	75	150	0	0	24	0	0	52	0	0	18	12	0	0	0	39	3	0	60	0	0	27	0	0	0	0	0	0	0	18	31	3	0	0	59	8	0	71	0	0	0	18	2	0	0	125	0	0	27	79	0	0	0	0	6	0	18	38	10	0	0	75	140	0	0	21	0	0	24	0	0	18	12	0	0	0	39	0	0	52	0	0	27	0	0	0	0	0	0	0	18	12	0	0	0	39	3	0	60	0	0	0	12	1	0	0	94	0	0	27	0	0	0	0	0	0	0	18	31	3	0	0	59	8	0	71	0	0	0	0	3	0	0	7	0	0	0	18	2	0	0	125	0	0	27	79	0	0	0	0	6	0	18	38	10	0	0	75
244	231	18	30	61	218	7	0	60	18	30	61	9	0	48	13	23	20	183	0	205	3	0	60	7	0	60	1	0	48	13	11	0	180	0	18	30	61	2	0	36	0	0	0	0	0	9	0	48	13	23	20	183	0	192	2	0	56	3	0	60	1	0	48	12	7	0	180	0	7	0	60	1	0	36	0	0	0	0	0	1	0	48	13	11	0	180	0	18	30	61	3	0	0	23	7	10	0	0	2	0	36	0	0	0	0	0	9	0	48	13	23	20	183	0	179	0	0	36	2	0	56	0	0	48	12	5	0	168	0	3	0	60	0	0	36	0	0	0	0	0	1	0	48	12	7	0	180	0	7	0	60	0	0	0	12	2	0	0	0	1	0	36	0	0	0	0	0	1	0	48	13	11	0	180	0	18	30	61	0	0	9	43	19	10	0	37	3	0	0	23	7	10	0	0	2	0	36	0	0	0	0	0	9	0	48	13	23	20	183	0
224	212	12	32	52	200	4	0	51	12	32	52	3	0	30	13	15	16	208	0	188	3	0	51	4	0	51	1	0	30	13	8	0	204	0	12	32	52	2	0	9	0	0	0	0	0	3	0	30	13	15	16	208	0	176	2	0	47	3	0	51	1	0	30	12	7	0	204	0	4	0	51	1	0	9	0	0	0	0	0	1	0	30	13	8	0	204	0	12	32	52	3	0	0	23	6	8	0	0	2	0	9	0	0	0	0	0	3	0	30	13	15	16	208	0	164	0	0	27	2	0	47	0	0	30	12	5	0	188	0	3	0	51	0	0	9	0	0	0	0	0	1	0	30	12	7	0	204	0	4	0	51	0	0	0	12	1	0	0	0	1	0	9	0	0	0	0	0	1	0	30	13	8	0	204	0	12	32	52	0	0	9	43	17	8	0	37	3	0	0	23	6	8	0	0	2	0	9	0	0	0	0	0	3	0	30	13	15	16	208	0
226	213	34	33	64	200	21	22	40	34	33	64	19	11	20	63	53	68	64	113	187	14	21	40	21	22	40	15	11	17	63	40	55	40	111	34	33	64	13	10	65	0	11	0	0	0	19	11	20	63	53	68	64	113	174	10	10	40	14	21	40	8	10	17	63	34	53	40	111	21	22	40	10	0	65	0	11	0	0	0	15	11	17	63	40	55	40	111	34	33	64	16	10	31	0	13	10	64	0	13	10	65	0	11	0	0	0	19	11	20	63	53	68	64	113	161	2	0	40	10	10	40	4	0	17	63	25	30	40	103	14	21	40	2	0	65	0	3	0	0	0	8	10	17	63	34	53	40	111	21	22	40	4	0	28	0	4	0	40	0	10	0	65	0	11	0	0	0	15	11	17	63	40	55	40	111	34	33	64	2	0	16	0	43	64	64	0	16	10	31	0	13	10	64	0	13	10	65	0	11	0	0	0	19	11	20	63	53	68	64	113
161	152	17	8	42	143	7	0	18	17	8	42	5	0	48	54	25	8	42	113	134	7	0	18	7	0	18	5	0	36	54	17	0	18	111	17	8	42	4	0	0	0	0	0	0	0	5	0	48	54	25	8	42	113	125	4	0	18	7	0	18	5	0	36	54	17	0	18	111	7	0	18	1	0	0	0	0	0	0	0	5	0	36	54	17	0	18	111	17	8	42	3	0	12	0	5	8	0	0	4	0	0	0	0	0	0	0	5	0	48	54	25	8	42	113	116	1	0	18	4	0	18	2	0	36	54	10	0	18	103	7	0	18	1	0	0	0	0	0	0	0	5	0	36	54	17	0	18	111	7	0	18	0	0	9	0	0	0	0	0	1	0	0	0	0	0	0	0	5	0	36	54	17	0	18	111	17	8	42	1	0	0	0	21	16	0	0	3	0	12	0	5	8	0	0	4	0	0	0	0	0	0	0	5	0	48	54	25	8	42	113
140	132	18	16	12	124	10	0	9	18	16	12	6	0	36	27	24	12	48	0	116	10	0	9	10	0	9	6	0	27	27	19	0	36	0	18	16	12	3	0	0	0	0	0	0	0	6	0	36	27	24	12	48	0	108	8	0	9	10	0	9	6	0	27	27	19	0	36	0	10	0	9	1	0	0	0	0	0	0	0	6	0	27	27	19	0	36	0	18	16	12	3	0	0	0	5	4	0	0	3	0	0	0	0	0	0	0	6	0	36	27	24	12	48	0	100	4	0	9	8	0	9	3	0	27	27	14	0	36	0	10	0	9	1	0	0	0	0	0	0	0	6	0	27	27	19	0	36	0	10	0	9	0	0	0	0	0	0	0	0	1	0	0	0	0	0	0	0	6	0	27	27	19	0	36	0	18	16	12	5	0	0	0	21	12	0	0	3	0	0	0	5	4	0	0	3	0	0	0	0	0	0	0	6	0	36	27	24	12	48	0
108	102	8	0	18	96	2	0	0	8	0	18	1	0	0	0	10	0	0	113	90	2	0	0	2	0	0	1	0	0	0	5	0	0	111	8	0	18	1	0	0	0	0	0	0	0	1	0	0	0	10	0	0	113	84	1	0	0	2	0	0	1	0	0	0	5	0	0	111	2	0	0	0	0	0	0	0	0	0	0	1	0	0	0	5	0	0	111	8	0	18	1	0	0	0	3	0	0	0	1	0	0	0	0	0	0	0	1	0	0	0	10	0	0	113	78	0	0	0	1	0	0	0	0	0	0	3	0	0	103	2	0	0	0	0	0	0	0	0	0	0	1	0	0	0	5	0	0	111	2	0	0	0	0	0	0	0	0	0	0	0	0	0	0	0	0	0	0	1	0	0	0	5	0	0	111	8	0	18	0	0	0	0	11	0	0	0	1	0	0	0	3	0	0	0	1	0	0	0	0	0	0	0	1	0	0	0	10	0	0	113
72	68	4	0	8	64	2	0	0	4	0	8	1	0	0	0	7	0	0	52	60	2	0	0	2	0	0	1	0	0	0	5	0	0	51	4	0	8	1	0	0	0	0	0	0	0	1	0	0	0	7	0	0	52	56	1	0	0	2	0	0	1	0	0	0	5	0	0	51	2	0	0	0	0	0	0	0	0	0	0	1	0	0	0	5	0	0	51	4	0	8	1	0	0	0	2	0	0	0	1	0	0	0	0	0	0	0	1	0	0	0	7	0	0	52	52	0	0	0	1	0	0	0	0	0	0	3	0	0	47	2	0	0	0	0	0	0	0	0	0	0	1	0	0	0	5	0	0	51	2	0	0	0	0	0	0	0	0	0	0	0	0	0	0	0	0	0	0	1	0	0	0	5	0	0	51	4	0	8	0	0	0	0	8	0	0	0	1	0	0	0	2	0	0	0	1	0	0	0	0	0	0	0	1	0	0	0	7	0	0	52
204	191	35	46	46	178	22	30	46	35	46	46	15	0	101	0	21	0	92	0	165	22	30	46	22	30	46	15	0	101	0	20	0	92	0	29	46	46	3	0	0	0	3	0	0	0	15	0	101	0	21	0	92	0	152	20	30	46	22	30	46	15	0	101	0	20	0	92	0	16	30	46	2	0	0	0	0	0	0	0	15	0	101	0	20	0	92	0	28	46	46	2	0	0	0	5	8	0	0	3	0	0	0	3	0	0	0	12	0	101	0	20	0	92	0	139	11	24	46	20	30	46	9	0	101	0	14	0	92	0	16	30	46	2	0	0	0	0	0	0	0	15	0	101	0	20	0	92	0	15	30	46	0	0	0	0	0	0	0	0	2	0	0	0	0	0	0	0	12	0	101	0	19	0	92	0	28	46	46	5	48	0	0	43	56	0	0	2	0	0	0	5	8	0	0	3	0	0	0	3	0	0	0	12	0	101	0	20	0	92	0
110	103	18	11	14	96	9	10	10	18	11	14	4	5	20	0	11	20	0	12	89	9	10	10	9	10	10	4	5	20	0	10	20	0	9	15	11	14	2	0	0	0	0	0	0	0	4	5	20	0	11	20	0	12	82	8	10	10	9	10	10	4	5	20	0	10	20	0	9	6	10	10	1	0	0	0	0	0	0	0	4	5	20	0	10	20	0	9	15	11	14	2	0	0	0	3	0	0	0	2	0	0	0	0	0	0	0	4	5	20	0	11	20	0	12	75	6	5	10	8	10	10	2	5	20	0	7	20	0	9	6	10	10	1	0	0	0	0	0	0	0	4	5	20	0	10	20	0	9	6	10	10	0	0	0	0	0	0	0	0	1	0	0	0	0	0	0	0	4	5	20	0	10	20	0	9	15	11	14	5	0	0	0	18	0	14	0	2	0	0	0	3	0	0	0	2	0	0	0	0	0	0	0	4	5	20	0	11	20	0	12
136	128	18	0	37	120	11	0	31	18	0	37	5	0	20	24	14	0	0	12	112	11	0	27	11	0	31	5	0	20	18	14	0	0	9	18	0	37	2	0	0	35	0	0	0	0	5	0	20	24	14	0	0	12	104	10	0	27	11	0	27	5	0	20	18	14	0	0	9	11	0	31	1	0	0	35	0	0	0	0	5	0	20	18	14	0	0	9	18	0	37	2	0	0	0	4	0	0	0	2	0	0	35	0	0	0	0	5	0	20	24	14	0	0	12	96	7	0	27	10	0	27	3	0	20	18	11	0	0	9	11	0	27	1	0	0	35	0	0	0	0	5	0	20	18	14	0	0	9	11	0	31	0	0	0	0	0	0	0	0	1	0	0	35	0	0	0	0	5	0	20	18	14	0	0	9	18	0	37	11	0	0	0	25	0	0	0	2	0	0	0	4	0	0	0	2	0	0	35	0	0	0	0	5	0	20	24	14	0	0	12
226	212	33	44	58	198	21	24	52	33	44	58	13	0	92	24	24	0	116	12	184	21	24	48	21	24	52	13	0	92	18	23	0	104	9	30	44	58	3	0	0	35	3	0	0	0	13	0	92	24	24	0	116	12	170	19	24	48	21	24	48	13	0	92	18	23	0	96	9	18	24	52	2	0	0	35	0	0	0	0	13	0	92	18	23	0	104	9	30	44	58	2	0	0	0	5	10	0	0	3	0	0	35	3	0	0	0	13	0	92	24	24	0	116	12	156	9	20	48	19	24	48	7	0	92	18	17	0	96	9	18	24	48	2	0	0	35	0	0	0	0	13	0	92	18	23	0	96	9	18	24	52	0	0	0	0	0	0	0	0	2	0	0	35	0	0	0	0	13	0	92	18	23	0	104	9	30	44	58	7	40	0	0	40	70	0	0	2	0	0	0	5	10	0	0	3	0	0	35	3	0	0	0	13	0	92	24	24	0	116	12
272	255	51	69	84	238	24	53	57	51	69	84	18	54	152	56	43	137	84	118	221	21	51	51	24	53	57	14	52	148	44	31	130	57	67	47	69	84	10	25	33	54	13	0	0	0	18	54	152	56	43	137	84	118	204	17	37	51	21	51	51	11	50	148	44	25	127	51	67	20	53	57	2	13	20	54	2	0	0	0	14	52	148	44	31	130	57	67	47	69	84	4	24	28	0	8	12	84	0	10	25	33	54	13	0	0	0	18	54	152	56	43	137	84	118	187	11	12	51	17	37	51	5	24	148	44	12	84	51	67	17	51	51	1	12	17	54	2	0	0	0	11	50	148	44	25	127	51	67	20	53	57	0	0	16	0	2	0	57	0	2	13	20	54	2	0	0	0	14	52	148	44	31	130	57	67	47	69	84	10	12	9	0	62	48	168	0	4	24	28	0	8	12	84	0	10	25	33	54	13	0	0	0	18	54	152	56	43	137	84	118
180	168	27	27	85	156	26	27	56	27	27	85	17	0	0	116	21	9	0	104	144	26	27	56	26	27	56	17	0	0	116	19	9	0	98	18	27	85	1	0	0	0	0	0	0	0	17	0	0	116	17	9	0	104	132	25	27	56	26	27	56	17	0	0	116	19	9	0	94	17	27	56	1	0	0	0	0	0	0	0	17	0	0	116	15	9	0	98	17	27	85	0	0	0	0	0	0	0	0	1	0	0	0	0	0	0	0	14	0	0	116	16	9	0	104	120	13	0	56	25	27	56	13	0	0	116	16	9	0	94	17	27	56	1	0	0	0	0	0	0	0	17	0	0	116	15	9	0	94	16	27	56	0	0	0	0	0	0	0	0	1	0	0	0	0	0	0	0	14	0	0	116	14	9	0	98	17	27	85	0	0	44	0	0	0	255	0	0	0	0	0	0	0	0	0	1	0	0	0	0	0	0	0	14	0	0	116	16	9	0	104
248	231	59	75	97	214	49	67	56	56	75	97	36	92	10	116	67	101	0	188	197	43	66	55	46	67	56	31	88	9	115	56	90	0	155	39	75	97	8	11	32	8	5	0	0	0	26	92	10	116	55	101	0	188	180	40	55	55	40	66	55	27	88	8	115	38	88	0	145	29	67	56	7	11	18	8	4	0	0	0	21	88	9	115	44	90	0	155	38	75	97	11	0	34	0	9	0	97	0	8	11	32	8	5	0	0	0	23	92	10	116	54	101	0	188	163	26	11	55	37	55	55	25	44	8	115	28	55	0	145	23	66	55	0	11	16	8	0	0	0	0	17	88	8	115	26	88	0	145	28	67	56	9	0	9	0	7	0	56	0	7	11	18	8	4	0	0	0	18	88	9	115	43	90	0	155	38	75	97	3	0	56	0	14	0	388	0	11	0	34	0	9	0	97	0	8	11	32	8	5	0	0	0	23	92	10	116	54	101	0	188
250	233	59	66	105	216	48	60	98	54	66	105	43	72	22	76	76	81	0	0	199	42	60	96	43	60	98	36	72	21	75	61	72	0	0	38	66	105	9	0	20	19	6	0	0	0	29	72	22	76	60	81	0	0	182	40	60	96	37	60	96	34	72	19	75	45	72	0	0	27	60	98	8	0	18	19	4	0	0	0	22	72	21	75	45	72	0	0	37	66	105	16	0	10	0	12	0	0	0	9	0	20	19	6	0	0	0	26	72	22	76	59	81	0	0	165	30	24	95	35	60	96	30	72	19	75	39	72	0	0	21	60	96	1	0	16	19	0	0	0	0	20	72	19	75	29	72	0	0	26	60	98	12	0	9	0	10	0	0	0	8	0	18	19	4	0	0	0	19	72	21	75	44	72	0	0	37	66	105	9	0	0	14	26	0	315	0	16	0	10	0	12	0	0	0	9	0	20	19	6	0	0	0	26	72	22	76	59	81	0	0
226	210	77	92	51	194	55	76	46	71	92	51	55	87	22	52	103	176	51	0	178	50	49	44	49	76	46	43	66	21	51	75	144	46	0	55	92	51	16	48	20	19	7	16	153	0	40	87	22	52	85	176	51	0	162	43	38	44	44	49	44	37	48	19	51	64	79	44	0	33	76	46	4	42	18	19	4	14	138	0	28	66	21	51	57	144	46	0	55	92	51	18	86	10	0	22	40	0	0	16	48	20	19	7	16	153	0	40	87	22	52	85	176	51	0	146	29	21	44	37	38	44	28	42	19	51	47	61	44	0	28	49	44	1	0	16	19	2	0	132	0	22	48	19	51	46	79	44	0	33	76	46	3	63	9	0	12	35	0	0	4	42	18	19	4	14	138	0	28	66	21	51	57	144	46	0	55	92	51	9	21	0	0	31	44	102	0	18	86	10	0	22	40	0	0	16	48	20	19	7	16	153	0	40	87	22	52	85	176	51	0
233	217	58	80	91	201	44	57	89	52	80	91	37	54	22	25	85	127	182	0	185	39	47	87	38	57	89	32	36	21	24	69	93	178	0	42	80	91	10	11	20	19	10	0	91	0	22	54	22	25	71	127	182	0	169	35	42	86	33	47	87	30	33	19	24	54	82	174	0	28	57	89	6	9	18	19	7	0	89	0	17	36	21	24	55	93	178	0	42	80	91	22	51	10	15	25	33	0	0	10	11	20	19	10	0	91	0	22	54	22	25	71	127	182	0	153	23	27	86	29	42	86	27	27	19	24	44	73	172	0	23	47	87	0	0	16	19	3	0	87	0	15	33	19	24	40	82	174	0	28	57	89	9	27	9	15	14	27	0	0	6	9	18	19	7	0	89	0	17	36	21	24	55	93	178	0	42	80	91	3	54	0	0	28	65	91	0	22	51	10	15	25	33	0	0	10	11	20	19	10	0	91	0	22	54	22	25	71	127	182	0
207	192	68	62	71	177	42	44	48	62	62	71	38	0	69	76	117	124	142	142	162	40	44	45	36	44	48	33	0	31	72	74	88	96	135	56	62	71	21	0	14	33	27	11	0	0	27	0	69	76	107	124	142	142	147	33	36	31	34	44	45	32	0	28	65	66	88	90	131	30	44	48	8	0	10	20	15	11	0	0	22	0	31	72	64	88	96	135	56	62	71	33	72	23	43	42	38	0	64	21	0	14	33	27	11	0	0	27	0	69	76	107	124	142	142	132	19	0	28	27	36	31	20	0	16	65	54	72	62	130	28	44	45	8	0	9	17	12	11	0	0	21	0	28	65	56	88	90	131	30	44	48	9	0	0	37	11	11	0	40	8	0	10	20	15	11	0	0	22	0	31	72	64	88	96	135	56	62	71	2	0	48	27	28	9	284	0	33	72	23	43	42	38	0	64	21	0	14	33	27	11	0	0	27	0	69	76	107	124	142	142
111	103	54	17	9	95	36	12	0	53	17	9	26	0	9	0	108	35	9	91	87	35	12	0	35	12	0	23	0	0	0	78	30	0	89	52	17	9	24	0	0	0	25	6	0	0	25	0	9	0	106	35	9	91	79	29	10	0	34	12	0	21	0	0	0	73	30	0	87	34	12	0	14	0	0	0	19	6	0	0	22	0	0	0	76	30	0	89	52	17	9	42	10	9	0	37	27	0	0	24	0	0	0	25	6	0	0	25	0	9	0	106	35	9	91	71	13	0	0	28	10	0	13	0	0	0	61	25	0	86	33	12	0	13	0	0	0	16	6	0	0	20	0	0	0	71	30	0	87	34	12	0	12	0	0	0	12	12	0	0	14	0	0	0	19	6	0	0	22	0	0	0	76	30	0	89	52	17	9	7	0	27	0	25	11	18	0	42	10	9	0	37	27	0	0	24	0	0	0	25	6	0	0	25	0	9	0	106	35	9	91
153	140	73	65	0	127	44	54	0	66	65	0	44	49	0	0	115	132	0	0	114	38	48	0	37	54	0	23	43	0	0	76	120	0	0	62	65	0	21	38	0	0	28	49	0	0	36	49	0	0	107	132	0	0	101	32	36	0	31	48	0	20	35	0	0	64	97	0	0	33	54	0	9	30	0	0	18	42	0	0	15	43	0	0	68	120	0	0	62	65	0	33	56	0	0	42	27	0	0	21	38	0	0	28	49	0	0	36	49	0	0	107	132	0	0	88	20	19	0	25	36	0	15	31	0	0	54	76	0	0	27	48	0	7	30	0	0	12	30	0	0	12	35	0	0	56	97	0	0	33	54	0	8	40	0	0	17	15	0	0	9	30	0	0	18	42	0	0	15	43	0	0	68	120	0	0	62	65	0	13	4	0	0	32	18	0	0	33	56	0	0	42	27	0	0	21	38	0	0	28	49	0	0	36	49	0	0	107	132	0	0
165	152	83	62	0	139	52	40	0	83	62	0	64	21	0	0	135	162	0	0	126	46	38	0	52	40	0	38	20	0	0	100	107	0	0	81	62	0	41	19	0	0	23	47	0	0	64	21	0	0	135	162	0	0	113	38	32	0	46	38	0	32	19	0	0	90	102	0	0	50	40	0	22	19	0	0	20	39	0	0	38	20	0	0	100	107	0	0	81	62	0	53	29	0	0	41	42	0	0	41	19	0	0	23	47	0	0	64	21	0	0	135	162	0	0	100	21	27	0	38	32	0	24	18	0	0	73	84	0	0	44	38	0	19	18	0	0	17	36	0	0	32	19	0	0	90	102	0	0	50	40	0	20	9	0	0	20	18	0	0	22	19	0	0	20	39	0	0	38	20	0	0	100	107	0	0	81	62	0	17	9	0	0	30	25	0	0	53	29	0	0	41	42	0	0	41	19	0	0	23	47	0	0	64	21	0	0	135	162	0	0
133	122	67	48	0	111	41	37	0	66	48	0	51	17	0	0	112	115	0	0	100	37	34	0	40	37	0	33	16	0	0	83	94	0	0	65	48	0	30	20	0	0	25	30	0	0	50	17	0	0	110	115	0	0	89	31	26	0	36	34	0	31	14	0	0	76	84	0	0	39	37	0	19	20	0	0	19	30	0	0	32	16	0	0	81	94	0	0	65	48	0	39	30	0	0	37	24	0	0	30	20	0	0	25	30	0	0	50	17	0	0	110	115	0	0	78	20	18	0	30	26	0	25	12	0	0	63	63	0	0	35	34	0	18	18	0	0	16	24	0	0	30	14	0	0	74	84	0	0	39	37	0	19	12	0	0	17	12	0	0	19	20	0	0	19	30	0	0	32	16	0	0	81	94	0	0	65	48	0	13	12	0	0	29	15	0	0	39	30	0	0	37	24	0	0	30	20	0	0	25	30	0	0	50	17	0	0	110	115	0	0
179	166	60	30	61	153	44	0	45	60	30	61	44	0	41	32	97	30	183	71	140	39	0	33	44	0	45	34	0	40	21	76	0	135	48	57	30	61	25	0	29	52	10	0	0	51	44	0	41	32	97	30	183	71	127	24	0	19	39	0	33	24	0	34	19	70	0	99	45	41	0	45	12	0	27	36	10	0	0	46	34	0	40	21	76	0	135	48	57	30	61	22	0	64	19	21	10	0	84	25	0	29	52	10	0	0	51	44	0	41	32	97	30	183	71	114	20	0	8	24	0	19	18	0	9	8	39	0	57	31	36	0	33	10	0	12	32	10	0	0	44	24	0	34	19	70	0	99	45	41	0	45	12	0	21	8	17	0	0	57	12	0	27	36	10	0	0	46	34	0	40	21	76	0	135	48	57	30	61	13	0	0	8	20	0	0	64	22	0	64	19	21	10	0	84	25	0	29	52	10	0	0	51	44	0	41	32	97	30	183	71
216	197	84	141	27	178	58	99	21	80	141	27	45	126	15	21	109	165	108	0	161	56	75	10	54	99	21	45	50	14	10	86	94	84	0	61	107	27	19	78	16	40	14	0	54	51	34	126	15	21	91	165	108	0	144	45	57	9	52	75	10	39	14	10	9	83	55	40	0	35	65	21	12	14	14	36	9	0	42	46	34	50	14	10	68	94	84	0	61	107	27	25	28	28	9	30	37	54	0	19	78	16	40	14	0	54	51	34	126	15	21	91	165	108	0	127	38	47	8	41	57	9	31	0	9	8	58	23	36	0	33	41	10	12	0	0	32	9	0	20	44	28	14	10	9	65	55	40	0	35	65	21	15	0	21	8	18	26	42	0	12	14	14	36	9	0	42	46	34	50	14	10	68	94	84	0	61	107	27	17	47	0	8	25	62	27	0	25	28	28	9	30	37	54	0	19	78	16	40	14	0	54	51	34	126	15	21	91	165	108	0
210	194	97	62	44	178	77	48	16	94	62	44	72	36	0	25	165	99	44	80	162	71	45	0	74	48	16	61	36	0	0	141	96	16	48	85	62	44	44	33	27	0	31	12	0	142	65	36	0	25	155	99	44	80	146	44	11	0	68	45	0	46	33	0	0	128	89	0	45	65	48	16	26	0	23	0	23	12	0	135	54	36	0	0	131	96	16	48	85	62	44	40	11	129	0	35	65	132	0	44	33	27	0	31	12	0	142	65	36	0	25	155	99	44	80	130	37	0	0	41	11	0	33	0	0	0	71	11	0	31	59	45	0	23	0	0	0	20	11	0	131	39	33	0	0	118	89	0	45	65	48	16	26	0	48	0	24	48	48	0	26	0	23	0	23	12	0	135	54	36	0	0	131	96	16	48	85	62	44	25	0	4	0	35	42	44	0	40	11	129	0	35	65	132	0	44	33	27	0	31	12	0	142	65	36	0	25	155	99	44	80
188	170	79	130	7	152	47	103	0	79	130	7	52	167	0	0	114	236	14	0	134	41	93	0	47	103	0	26	153	0	0	79	209	0	0	71	130	7	31	91	0	0	20	38	0	0	52	167	0	0	110	236	14	0	116	28	78	0	41	93	0	20	138	0	0	69	186	0	0	39	103	0	12	72	0	0	12	35	0	0	26	153	0	0	75	209	0	0	71	130	7	28	76	10	0	37	40	7	0	31	91	0	0	20	38	0	0	52	167	0	0	110	236	14	0	98	19	64	0	28	78	0	9	118	0	0	40	154	0	0	33	93	0	9	64	0	0	9	30	0	0	20	138	0	0	65	186	0	0	39	103	0	11	58	0	0	18	32	0	0	12	72	0	0	12	35	0	0	26	153	0	0	75	209	0	0	71	130	7	17	62	0	0	28	74	7	0	28	76	10	0	37	40	7	0	31	91	0	0	20	38	0	0	52	167	0	0	110	236	14	0
147	135	62	47	7	123	44	29	0	62	47	7	44	0	0	0	101	67	21	0	111	42	29	0	44	29	0	36	0	0	0	81	49	0	0	56	47	7	32	0	0	0	16	0	0	0	44	0	0	0	97	67	21	0	99	30	24	0	42	29	0	32	0	0	0	78	49	0	0	38	29	0	17	0	0	0	13	0	0	0	36	0	0	0	77	49	0	0	56	47	7	24	36	10	0	24	24	0	0	32	0	0	0	16	0	0	0	44	0	0	0	97	67	21	0	87	25	18	0	30	24	0	22	0	0	0	49	42	0	0	36	29	0	15	0	0	0	13	0	0	0	32	0	0	0	74	49	0	0	38	29	0	15	18	0	0	20	18	0	0	17	0	0	0	13	0	0	0	36	0	0	0	77	49	0	0	56	47	7	22	0	0	0	25	18	7	0	24	36	10	0	24	24	0	0	32	0	0	0	16	0	0	0	44	0	0	0	97	67	21	0
168	154	38	43	65	140	23	13	39	38	43	65	12	0	72	43	32	10	195	95	127	20	13	38	23	13	39	4	0	57	41	23	0	117	66	27	30	65	2	0	25	14	0	0	0	0	12	0	72	43	28	10	195	95	114	17	13	22	20	13	38	2	0	57	32	17	0	114	43	12	0	39	0	0	11	10	0	0	0	0	4	0	57	41	19	0	117	66	27	30	65	4	0	13	52	6	0	0	97	2	0	25	14	0	0	0	0	12	0	72	43	28	10	195	95	101	17	13	9	17	13	22	2	0	12	18	14	0	66	28	9	0	38	0	0	11	9	0	0	0	0	2	0	57	32	13	0	114	43	12	0	39	4	0	0	36	6	0	0	56	0	0	11	10	0	0	0	0	4	0	57	41	19	0	117	66	27	30	65	4	0	0	9	10	0	0	84	4	0	13	52	6	0	0	97	2	0	25	14	0	0	0	0	12	0	72	43	28	10	195	95
128	117	30	34	26	106	19	10	18	30	34	26	9	0	33	13	17	6	104	27	96	17	10	18	19	10	18	5	0	18	13	11	0	72	21	16	24	26	2	0	14	0	0	0	0	0	9	0	33	13	13	6	104	27	86	16	10	17	17	10	18	3	0	18	12	7	0	72	10	5	0	18	0	0	0	0	0	0	0	0	5	0	18	13	7	0	72	21	15	24	26	0	0	7	12	2	0	0	0	2	0	14	0	0	0	0	0	6	0	33	13	12	6	104	27	76	16	10	0	16	10	17	3	0	17	0	6	0	68	9	3	0	18	0	0	0	0	0	0	0	0	3	0	18	12	3	0	72	10	4	0	18	0	0	0	0	2	0	0	0	0	0	0	0	0	0	0	0	2	0	18	13	6	0	72	21	15	24	26	3	0	0	0	4	0	0	98	0	0	7	12	2	0	0	0	2	0	14	0	0	0	0	0	6	0	33	13	12	6	104	27
121	110	45	33	40	99	34	31	0	45	33	40	30	16	14	0	66	49	0	146	88	28	31	0	34	31	0	26	16	0	0	53	47	0	82	37	33	40	14	0	53	0	8	0	0	0	30	16	14	0	62	49	0	146	77	22	22	0	28	31	0	20	16	0	0	39	47	0	43	26	31	0	10	0	0	0	5	0	0	0	26	16	0	0	49	47	0	82	37	33	40	16	14	30	0	20	14	40	0	14	0	53	0	8	0	0	0	30	16	14	0	62	49	0	146	66	17	21	0	22	22	0	15	14	0	0	29	36	0	28	20	31	0	9	0	0	0	3	0	0	0	20	16	0	0	35	47	0	43	26	31	0	12	14	0	0	16	14	0	0	10	0	0	0	5	0	0	0	26	16	0	0	49	47	0	82	37	33	40	16	7	6	0	21	34	0	0	16	14	30	0	20	14	40	0	14	0	53	0	8	0	0	0	30	16	14	0	62	49	0	146
91	84	34	0	29	77	25	0	0	34	0	29	23	0	14	0	43	0	0	102	70	22	0	0	25	0	0	19	0	0	0	38	0	0	66	30	0	29	10	0	20	0	4	0	0	0	23	0	14	0	43	0	0	102	63	18	0	0	22	0	0	16	0	0	0	31	0	0	43	21	0	0	8	0	0	0	4	0	0	0	19	0	0	0	38	0	0	66	30	0	29	11	0	19	0	10	0	0	0	10	0	20	0	4	0	0	0	23	0	14	0	43	0	0	102	56	17	0	0	18	0	0	15	0	0	0	27	0	0	28	18	0	0	7	0	0	0	3	0	0	0	16	0	0	0	31	0	0	43	21	0	0	11	0	0	0	10	0	0	0	8	0	0	0	4	0	0	0	19	0	0	0	38	0	0	66	30	0	29	10	0	6	0	16	0	0	0	11	0	19	0	10	0	0	0	10	0	20	0	4	0	0	0	23	0	14	0	43	0	0	102
64	58	16	11	0	52	9	5	0	16	11	0	3	0	0	0	3	0	0	0	47	9	5	0	9	5	0	3	0	0	0	1	0	0	0	8	6	0	0	0	0	0	0	0	0	0	3	0	0	0	3	0	0	0	42	9	5	0	9	5	0	3	0	0	0	1	0	0	0	1	0	0	0	0	0	0	0	0	0	0	3	0	0	0	1	0	0	0	7	6	0	0	0	0	0	0	0	0	0	0	0	0	0	0	0	0	0	0	0	0	0	2	0	0	0	37	9	5	0	9	5	0	3	0	0	0	1	0	0	0	1	0	0	0	0	0	0	0	0	0	0	3	0	0	0	1	0	0	0	0	0	0	0	0	0	0	0	0	0	0	0	0	0	0	0	0	0	0	0	0	0	0	0	0	0	0	7	6	0	0	0	0	0	0	0	0	0	0	0	0	0	0	0	0	0	0	0	0	0	0	0	0	0	0	0	0	0	2	0	0	0
148	134	14	24	83	120	12	24	61	14	24	83	3	0	12	44	9	0	0	91	108	12	24	60	12	24	61	3	0	11	42	5	0	0	57	3	0	83	0	0	0	13	0	0	0	0	3	0	12	44	5	0	0	91	96	12	24	60	12	24	60	3	0	11	42	5	0	0	56	1	0	61	0	0	0	13	0	0	0	0	3	0	11	42	1	0	0	57	2	0	83	0	0	0	0	0	0	0	0	0	0	0	13	0	0	0	0	0	0	12	44	4	0	0	91	84	12	24	35	12	24	60	3	0	11	29	5	0	0	39	1	0	60	0	0	0	12	0	0	0	0	3	0	11	42	1	0	0	56	0	0	61	0	0	0	0	0	0	0	0	0	0	0	13	0	0	0	0	0	0	11	42	0	0	0	57	2	0	83	0	0	0	48	0	0	0	182	0	0	0	0	0	0	0	0	0	0	0	13	0	0	0	0	0	0	12	44	4	0	0	91
86	78	9	7	40	70	9	7	22	9	7	40	3	0	0	0	1	0	0	91	63	9	7	22	9	7	22	3	0	0	0	1	0	0	57	1	0	40	0	0	0	0	0	0	0	0	3	0	0	0	1	0	0	91	56	9	7	22	9	7	22	3	0	0	0	1	0	0	56	1	0	22	0	0	0	0	0	0	0	0	3	0	0	0	1	0	0	57	0	0	40	0	0	0	0	0	0	0	0	0	0	0	0	0	0	0	0	0	0	0	0	0	0	0	91	49	9	7	18	9	7	22	3	0	0	0	1	0	0	39	1	0	22	0	0	0	0	0	0	0	0	3	0	0	0	1	0	0	56	0	0	22	0	0	0	0	0	0	0	0	0	0	0	0	0	0	0	0	0	0	0	0	0	0	0	57	0	0	40	0	0	0	36	0	0	0	0	0	0	0	0	0	0	0	0	0	0	0	0	0	0	0	0	0	0	0	0	0	0	0	91
129	115	21	43	51	101	14	40	42	20	43	51	4	30	36	11	18	10	0	26	90	14	40	42	13	40	42	4	30	35	11	8	10	0	18	6	10	51	0	0	0	0	0	0	0	0	0	30	36	11	10	10	0	26	80	14	40	42	13	40	42	4	30	35	11	8	10	0	18	0	10	42	0	0	0	0	0	0	0	0	0	30	35	11	0	10	0	18	6	0	51	0	0	0	0	0	0	0	0	0	0	0	0	0	0	0	0	0	0	36	11	10	0	0	26	70	14	40	8	13	40	42	4	30	35	0	8	10	0	17	0	10	42	0	0	0	0	0	0	0	0	0	30	35	11	0	10	0	18	0	0	42	0	0	0	0	0	0	0	0	0	0	0	0	0	0	0	0	0	0	35	11	0	0	0	18	6	0	51	0	0	0	16	0	0	0	287	0	0	0	0	0	0	0	0	0	0	0	0	0	0	0	0	0	0	36	11	10	0	0	26
139	124	38	54	71	109	22	44	50	31	54	71	15	0	91	39	29	64	71	91	98	21	44	40	19	44	50	13	0	82	11	11	44	50	57	15	10	71	0	0	11	24	1	0	0	27	5	0	91	39	21	20	71	91	87	21	44	39	18	44	40	13	0	59	11	10	44	40	56	3	0	50	0	0	7	21	0	0	0	21	3	0	82	11	3	0	50	57	14	10	71	0	0	0	7	4	0	0	0	0	0	11	24	1	0	0	27	2	0	91	39	20	20	71	91	76	21	44	0	18	44	39	13	0	56	0	10	44	39	39	2	0	40	0	0	0	0	0	0	0	10	3	0	59	11	2	0	40	56	2	0	50	0	0	0	0	2	0	0	0	0	0	7	21	0	0	0	21	0	0	82	11	2	0	50	57	14	10	71	3	0	0	0	7	0	0	338	0	0	0	7	4	0	0	0	0	0	11	24	1	0	0	27	2	0	91	39	20	20	71	91
115	101	40	63	58	88	21	45	53	32	50	58	15	36	127	39	37	57	116	0	79	20	45	42	17	36	53	13	36	118	11	15	36	106	0	18	14	58	0	0	11	35	2	0	0	27	5	0	127	39	25	21	116	0	70	20	45	39	16	36	42	13	36	92	11	14	36	84	0	3	0	53	0	0	7	30	0	0	0	21	3	0	118	11	3	0	106	0	17	14	58	0	0	0	25	4	0	0	0	0	0	11	35	2	0	0	27	2	0	127	39	24	21	116	0	61	20	45	0	16	36	39	13	36	83	0	14	36	78	0	2	0	42	0	0	0	0	0	0	0	10	3	0	92	11	2	0	84	0	2	0	53	0	0	0	0	2	0	0	0	0	0	7	30	0	0	0	21	0	0	118	11	2	0	106	0	17	14	58	3	0	0	0	8	0	0	344	0	0	0	25	4	0	0	0	0	0	11	35	2	0	0	27	2	0	127	39	24	21	116	0
137	121	38	63	89	107	26	48	76	26	35	89	23	48	5	70	35	48	89	58	95	23	48	76	18	24	76	19	48	5	70	29	48	76	53	17	11	89	6	0	5	0	13	11	0	0	9	0	5	70	23	0	89	58	83	20	48	69	15	24	76	16	48	5	63	19	48	76	42	9	0	76	1	0	5	0	7	0	0	0	5	0	5	70	17	0	76	53	17	11	89	4	0	10	57	13	0	0	0	6	0	5	0	13	11	0	0	9	0	5	70	23	0	89	58	71	19	48	53	12	24	69	16	48	4	59	16	48	69	39	6	0	76	0	0	5	0	1	0	0	0	2	0	5	63	7	0	76	42	9	0	76	4	0	10	30	6	0	0	0	1	0	5	0	7	0	0	0	5	0	5	70	17	0	76	53	17	11	89	7	0	0	25	15	11	0	71	4	0	10	57	13	0	0	0	6	0	5	0	13	11	0	0	9	0	5	70	23	0	89	58
171	151	58	107	110	133	42	75	81	46	71	110	32	90	25	140	67	73	220	129	118	39	75	75	34	45	81	26	90	23	128	51	60	162	103	29	26	110	17	0	0	50	18	13	0	0	20	0	25	140	47	13	220	129	103	34	75	51	31	45	75	23	90	18	107	41	60	150	82	17	0	81	6	0	0	11	7	0	0	0	14	0	23	128	31	0	162	103	29	26	110	13	0	0	53	22	26	0	71	17	0	0	50	18	13	0	0	20	0	25	140	47	13	220	129	88	30	75	39	26	45	51	17	90	0	103	32	60	102	78	14	0	75	4	0	0	11	1	0	0	0	11	0	18	107	21	0	150	82	17	0	81	8	0	0	30	10	0	0	37	6	0	0	11	7	0	0	0	14	0	23	128	31	0	162	103	29	26	110	20	0	0	25	26	39	0	71	13	0	0	53	22	26	0	71	17	0	0	50	18	13	0	0	20	0	25	140	47	13	220	129
155	139	57	53	79	124	42	28	74	47	38	79	38	14	30	56	77	40	158	0	110	37	28	69	34	14	74	31	14	28	48	61	28	148	0	36	24	79	20	0	11	39	25	12	0	0	25	0	30	56	63	12	158	0	96	29	28	40	29	14	69	25	14	23	27	41	28	138	0	23	0	74	7	0	11	0	13	0	0	0	18	0	28	48	47	0	148	0	36	24	79	13	0	16	71	22	24	0	71	20	0	11	39	25	12	0	0	25	0	30	56	63	12	158	0	82	24	28	16	21	14	40	18	14	4	23	26	28	80	0	18	0	69	4	0	11	0	1	0	0	0	12	0	23	27	27	0	138	0	23	0	74	8	0	16	30	10	0	0	37	7	0	11	0	13	0	0	0	18	0	28	48	47	0	148	0	36	24	79	20	0	6	25	27	36	0	80	13	0	16	71	22	24	0	71	20	0	11	39	25	12	0	0	25	0	30	56	63	12	158	0
114	102	60	48	16	91	42	26	16	52	37	16	57	27	5	0	80	69	48	0	80	34	17	16	34	15	16	32	6	5	0	55	30	48	0	42	37	16	21	18	5	0	24	45	16	0	43	27	5	0	64	69	48	0	69	27	11	13	26	6	16	26	0	5	0	43	0	48	0	24	15	16	8	0	5	0	7	18	16	0	18	6	5	0	39	30	48	0	42	37	16	16	0	10	22	18	18	16	0	21	18	5	0	24	45	16	0	43	27	5	0	64	69	48	0	58	22	11	0	19	0	13	19	0	4	0	29	0	39	0	16	6	16	4	0	5	0	1	0	16	0	12	0	5	0	27	0	48	0	24	15	16	8	0	10	0	10	0	16	0	8	0	5	0	7	18	16	0	18	6	5	0	39	30	48	0	42	37	16	17	0	0	0	21	24	0	71	16	0	10	22	18	18	16	0	21	18	5	0	24	45	16	0	43	27	5	0	64	69	48	0
167	150	77	96	46	133	51	61	46	70	96	46	67	92	25	0	109	197	138	0	116	40	43	43	44	61	46	41	55	25	0	77	137	138	0	61	96	46	24	92	28	23	34	63	46	0	57	92	25	0	97	197	138	0	99	31	21	16	33	43	43	33	30	22	0	50	77	129	0	35	61	46	13	33	28	0	16	27	46	0	31	55	25	0	65	137	138	0	61	96	46	20	39	33	38	30	27	92	51	24	92	28	23	34	63	46	0	57	92	25	0	97	197	138	0	82	20	9	0	24	21	16	22	9	4	0	30	42	48	0	24	43	43	4	18	26	0	1	0	43	0	23	30	22	0	38	77	129	0	35	61	46	9	9	33	0	10	0	92	16	13	33	28	0	16	27	46	0	31	55	25	0	65	137	138	0	61	96	46	16	27	47	0	28	52	46	9	20	39	33	38	30	27	92	51	24	92	28	23	34	63	46	0	57	92	25	0	97	197	138	0
119	102	59	96	60	88	44	91	5	48	54	60	45	59	24	20	92	68	0	340	75	36	81	5	35	52	5	32	59	5	20	50	66	0	293	32	41	60	19	9	42	0	25	11	60	0	28	20	24	20	70	42	0	340	62	26	77	5	27	42	5	26	57	5	20	41	64	0	279	19	39	5	9	9	10	0	0	10	5	0	15	20	5	20	28	40	0	293	31	41	60	19	40	9	0	20	66	0	0	16	9	42	0	25	11	60	0	26	20	24	20	67	42	0	340	49	17	61	4	17	38	5	14	51	5	16	23	58	0	189	11	29	5	2	0	10	0	0	10	5	0	9	18	5	20	19	38	0	279	18	39	5	3	38	0	0	8	60	0	0	6	9	10	0	0	10	5	0	13	20	5	20	25	40	0	293	29	41	60	9	76	9	4	7	43	60	0	13	40	9	0	18	66	0	0	12	9	42	0	25	11	60	0	24	20	24	20	61	42	0	340
166	145	78	139	95	124	52	121	49	67	139	95	58	82	24	70	94	255	95	251	106	42	117	47	45	121	49	33	78	8	66	53	189	49	217	53	85	95	15	50	33	22	23	36	0	0	48	82	24	70	82	183	95	251	88	28	88	30	35	117	47	25	74	8	53	45	183	47	203	31	67	49	7	26	8	14	1	0	0	0	23	78	8	66	41	117	49	217	53	85	95	16	75	77	69	24	68	190	40	15	50	33	22	23	36	0	0	48	82	24	70	82	183	95	251	70	17	57	0	21	88	30	13	24	6	0	23	104	30	120	21	63	47	0	24	8	0	1	0	0	0	15	74	8	53	33	111	47	203	31	67	49	4	45	64	0	10	60	98	0	7	26	8	14	1	0	0	0	23	78	8	66	41	117	49	217	53	85	95	11	102	49	0	19	45	190	85	16	75	77	69	24	68	190	40	15	50	33	22	23	36	0	0	48	82	24	70	82	183	95	251
116	103	59	59	15	90	35	32	0	55	59	15	46	65	15	0	93	106	45	62	77	24	15	0	31	32	0	20	21	0	0	46	40	0	62	50	59	15	15	36	24	0	25	42	30	0	43	65	15	0	87	106	45	62	64	19	6	0	20	15	0	14	6	0	0	31	30	0	59	26	32	0	5	12	0	0	1	0	0	0	17	21	0	0	40	40	0	62	50	59	15	19	18	9	0	24	6	15	0	15	36	24	0	25	42	30	0	43	65	15	0	87	106	45	62	51	12	0	0	15	6	0	8	0	0	0	19	12	0	29	15	15	0	2	0	0	0	1	0	0	0	11	6	0	0	25	30	0	59	26	32	0	7	0	0	0	14	0	0	0	5	12	0	0	1	0	0	0	17	21	0	0	40	40	0	62	50	59	15	16	0	9	0	13	12	15	0	19	18	9	0	24	6	15	0	15	36	24	0	25	42	30	0	43	65	15	0	87	106	45	62
69	61	48	21	0	53	32	12	0	45	21	0	33	6	0	0	79	32	0	0	45	25	12	0	29	12	0	19	6	0	0	43	12	0	0	36	21	0	17	0	0	0	22	16	0	0	30	6	0	0	69	32	0	0	37	16	10	0	22	12	0	13	6	0	0	33	12	0	0	20	12	0	5	0	0	0	1	0	0	0	16	6	0	0	33	12	0	0	36	21	0	19	8	0	0	20	32	0	0	17	0	0	0	22	16	0	0	30	6	0	0	69	32	0	0	29	10	4	0	13	10	0	7	4	0	0	17	8	0	0	13	12	0	2	0	0	0	1	0	0	0	10	6	0	0	23	12	0	0	20	12	0	7	0	0	0	10	24	0	0	5	0	0	0	1	0	0	0	16	6	0	0	33	12	0	0	36	21	0	14	8	0	0	11	6	0	0	19	8	0	0	20	32	0	0	17	0	0	0	22	16	0	0	30	6	0	0	69	32	0	0
78	69	43	25	0	60	17	14	0	43	25	0	47	7	0	0	51	64	0	0	51	6	9	0	17	14	0	8	7	0	0	22	28	0	0	42	25	0	7	10	0	0	13	18	0	0	47	7	0	0	51	64	0	0	42	4	2	0	6	9	0	2	2	0	0	8	18	0	0	16	14	0	2	0	0	0	0	0	0	0	8	7	0	0	22	28	0	0	42	25	0	7	10	0	0	14	2	0	0	7	10	0	0	13	18	0	0	47	7	0	0	51	64	0	0	33	1	0	0	4	2	0	1	0	0	0	4	4	0	0	5	9	0	0	0	0	0	0	0	0	0	2	2	0	0	8	18	0	0	16	14	0	0	0	0	0	4	0	0	0	2	0	0	0	0	0	0	0	8	7	0	0	22	28	0	0	42	25	0	2	0	0	0	5	8	0	0	7	10	0	0	14	2	0	0	7	10	0	0	13	18	0	0	47	7	0	0	51	64	0	0
178	157	58	119	79	136	30	39	51	57	119	79	49	195	93	63	74	88	395	110	115	13	0	28	29	39	51	21	0	69	13	48	26	255	49	54	119	79	10	0	102	49	0	0	237	62	49	195	93	63	70	88	395	110	94	5	0	28	12	0	28	2	0	33	13	18	0	140	47	26	39	51	2	0	63	49	0	0	153	62	21	0	69	13	44	26	255	49	54	119	79	3	0	64	0	4	0	0	0	10	0	102	49	0	0	237	62	49	195	93	63	70	88	395	110	73	4	0	26	4	0	28	0	0	33	11	4	0	140	30	9	0	28	0	0	47	47	0	0	84	59	2	0	33	13	14	0	140	47	26	39	51	3	0	27	0	4	0	0	0	2	0	63	49	0	0	153	62	21	0	69	13	44	26	255	49	54	119	79	6	0	12	12	11	0	0	0	3	0	64	0	4	0	0	0	10	0	102	49	0	0	237	62	49	195	93	63	70	88	395	110
113	99	44	63	12	85	12	37	0	44	63	12	30	92	12	0	35	137	24	15	71	5	7	0	12	37	0	3	28	0	0	14	88	0	0	43	63	12	2	14	8	0	2	0	48	0	30	92	12	0	35	137	24	15	57	2	0	0	5	7	0	1	0	0	0	6	14	0	0	11	37	0	0	0	0	0	0	0	0	0	3	28	0	0	14	88	0	0	43	63	12	2	0	12	0	12	0	12	0	2	14	8	0	2	0	48	0	30	92	12	0	35	137	24	15	43	0	0	0	2	0	0	0	0	0	0	0	0	0	0	4	7	0	0	0	0	0	0	0	0	0	1	0	0	0	6	14	0	0	11	37	0	0	0	0	0	4	0	0	0	0	0	0	0	0	0	0	0	3	28	0	0	14	88	0	0	43	63	12	0	0	4	0	11	13	0	0	2	0	12	0	12	0	12	0	2	14	8	0	2	0	48	0	30	92	12	0	35	137	24	15
87	77	32	21	12	67	16	0	0	32	21	12	42	0	12	0	37	0	36	15	57	5	0	0	16	0	0	7	0	0	0	26	0	0	0	32	21	12	4	0	8	0	0	0	0	0	42	0	12	0	37	0	36	15	47	1	0	0	5	0	0	1	0	0	0	8	0	0	0	16	0	0	0	0	0	0	0	0	0	0	7	0	0	0	26	0	0	0	32	21	12	0	0	12	0	4	0	0	0	4	0	8	0	0	0	0	0	42	0	12	0	37	0	36	15	37	0	0	0	1	0	0	0	0	0	0	0	0	0	0	5	0	0	0	0	0	0	0	0	0	0	1	0	0	0	8	0	0	0	16	0	0	0	0	0	0	4	0	0	0	0	0	0	0	0	0	0	0	7	0	0	0	26	0	0	0	32	21	12	0	0	4	0	4	0	0	0	0	0	12	0	4	0	0	0	4	0	8	0	0	0	0	0	42	0	12	0	37	0	36	15
61	54	27	10	2	47	12	0	0	27	10	2	38	0	0	0	31	0	4	0	40	2	0	0	12	0	0	5	0	0	0	20	0	0	0	27	10	2	2	0	2	0	0	0	0	0	38	0	0	0	31	0	4	0	33	0	0	0	2	0	0	0	0	0	0	4	0	0	0	12	0	0	0	0	0	0	0	0	0	0	5	0	0	0	20	0	0	0	27	10	2	0	0	2	0	0	0	0	0	2	0	2	0	0	0	0	0	38	0	0	0	31	0	4	0	26	0	0	0	0	0	0	0	0	0	0	0	0	0	0	2	0	0	0	0	0	0	0	0	0	0	0	0	0	0	4	0	0	0	12	0	0	0	0	0	0	0	0	0	0	0	0	0	0	0	0	0	0	5	0	0	0	20	0	0	0	27	10	2	0	0	0	0	2	0	0	0	0	0	2	0	0	0	0	0	2	0	2	0	0	0	0	0	38	0	0	0	31	0	4	0
99	87	28	45	2	75	10	10	0	28	45	2	28	50	0	0	29	40	10	0	63	2	0	0	10	10	0	5	0	0	0	18	10	0	0	28	45	2	2	0	2	0	0	0	4	0	28	50	0	0	29	40	10	0	51	0	0	0	2	0	0	0	0	0	0	4	0	0	0	10	10	0	0	0	0	0	0	0	0	0	5	0	0	0	18	10	0	0	28	45	2	0	0	2	0	0	0	0	0	2	0	2	0	0	0	4	0	28	50	0	0	29	40	10	0	39	0	0	0	0	0	0	0	0	0	0	0	0	0	0	2	0	0	0	0	0	0	0	0	0	0	0	0	0	0	4	0	0	0	10	10	0	0	0	0	0	0	0	0	0	0	0	0	0	0	0	0	0	5	0	0	0	18	10	0	0	28	45	2	0	0	0	0	3	0	0	0	0	0	2	0	0	0	0	0	2	0	2	0	0	0	4	0	28	50	0	0	29	40	10	0
96	84	21	0	77	72	10	0	46	17	0	77	7	0	71	49	20	0	0	93	60	7	0	24	6	0	46	5	0	18	24	10	0	0	51	16	0	77	0	0	31	54	1	0	0	75	4	0	71	49	18	0	0	93	48	5	0	5	3	0	24	3	0	9	5	4	0	0	28	5	0	46	0	0	27	5	1	0	0	5	2	0	18	24	8	0	0	51	16	0	77	2	0	18	20	6	0	0	62	0	0	31	54	1	0	0	75	4	0	71	49	18	0	0	93	36	5	0	5	1	0	5	3	0	0	5	2	0	0	28	2	0	24	0	0	9	5	1	0	0	5	0	0	9	5	2	0	0	28	5	0	46	2	0	18	20	6	0	0	62	0	0	27	5	1	0	0	5	2	0	18	24	8	0	0	51	16	0	77	7	0	0	0	6	0	0	0	2	0	18	20	6	0	0	62	0	0	31	54	1	0	0	75	4	0	71	49	18	0	0	93
109	95	23	33	80	81	4	0	50	23	33	80	13	0	154	50	31	22	240	93	67	0	0	45	4	0	50	0	0	70	45	7	0	150	51	23	33	80	0	0	42	45	0	0	0	0	13	0	154	50	31	22	240	93	53	0	0	28	0	0	45	0	0	63	28	0	0	135	28	4	0	50	0	0	32	13	0	0	0	0	0	0	70	45	7	0	150	51	23	33	80	0	0	0	49	0	0	0	46	0	0	42	45	0	0	0	0	13	0	154	50	31	22	240	93	39	0	0	28	0	0	28	0	0	47	28	0	0	84	28	0	0	45	0	0	27	13	0	0	0	0	0	0	63	28	0	0	135	28	4	0	50	0	0	0	49	0	0	0	46	0	0	32	13	0	0	0	0	0	0	70	45	7	0	150	51	23	33	80	0	0	0	0	6	0	0	0	0	0	0	49	0	0	0	46	0	0	42	45	0	0	0	0	13	0	154	50	31	22	240	93
64	56	8	0	39	48	1	0	6	8	0	39	1	0	58	18	8	0	0	95	40	0	0	0	1	0	6	0	0	6	0	2	0	0	51	8	0	39	0	0	9	0	0	0	0	15	1	0	58	18	8	0	0	95	32	0	0	0	0	0	0	0	0	0	0	0	0	0	28	1	0	6	0	0	6	0	0	0	0	0	0	0	6	0	2	0	0	51	8	0	39	0	0	0	0	0	0	0	0	0	0	9	0	0	0	0	15	1	0	58	18	8	0	0	95	24	0	0	0	0	0	0	0	0	0	0	0	0	0	28	0	0	0	0	0	0	0	0	0	0	0	0	0	0	0	0	0	0	28	1	0	6	0	0	0	0	0	0	0	0	0	0	6	0	0	0	0	0	0	0	6	0	2	0	0	51	8	0	39	0	0	0	0	1	0	0	0	0	0	0	0	0	0	0	0	0	0	9	0	0	0	0	15	1	0	58	18	8	0	0	95
72	63	14	0	37	54	1	0	0	14	0	37	4	0	77	0	18	0	0	107	45	0	0	0	1	0	0	0	0	0	0	2	0	0	51	14	0	37	0	0	7	0	0	0	0	0	4	0	77	0	18	0	0	107	36	0	0	0	0	0	0	0	0	0	0	0	0	0	28	1	0	0	0	0	0	0	0	0	0	0	0	0	0	0	2	0	0	51	14	0	37	0	0	0	0	0	0	0	0	0	0	7	0	0	0	0	0	4	0	77	0	18	0	0	107	27	0	0	0	0	0	0	0	0	0	0	0	0	0	28	0	0	0	0	0	0	0	0	0	0	0	0	0	0	0	0	0	0	28	1	0	0	0	0	0	0	0	0	0	0	0	0	0	0	0	0	0	0	0	0	0	0	2	0	0	51	14	0	37	0	0	0	0	1	0	0	0	0	0	0	0	0	0	0	0	0	0	7	0	0	0	0	0	4	0	77	0	18	0	0	107
55	48	8	6	18	41	0	0	0	8	6	18	0	0	49	0	6	0	18	81	34	0	0	0	0	0	0	0	0	0	0	0	0	0	51	8	6	18	0	0	0	0	0	0	0	0	0	0	49	0	6	0	18	81	27	0	0	0	0	0	0	0	0	0	0	0	0	0	28	0	0	0	0	0	0	0	0	0	0	0	0	0	0	0	0	0	0	51	8	6	18	0	0	0	0	0	0	0	0	0	0	0	0	0	0	0	0	0	0	49	0	6	0	18	81	20	0	0	0	0	0	0	0	0	0	0	0	0	0	28	0	0	0	0	0	0	0	0	0	0	0	0	0	0	0	0	0	0	28	0	0	0	0	0	0	0	0	0	0	0	0	0	0	0	0	0	0	0	0	0	0	0	0	0	0	51	8	6	18	0	0	0	0	0	0	0	0	0	0	0	0	0	0	0	0	0	0	0	0	0	0	0	0	0	0	49	0	6	0	18	81
77	66	13	0	81	55	0	0	62	13	0	81	0	0	32	96	14	0	0	80	44	0	0	46	0	0	62	0	0	30	28	0	0	0	50	13	0	81	0	0	0	28	0	0	0	79	0	0	32	96	14	0	0	80	33	0	0	43	0	0	46	0	0	28	27	0	0	0	45	0	0	62	0	0	0	27	0	0	0	51	0	0	30	28	0	0	0	50	13	0	81	0	0	0	25	0	0	0	0	0	0	0	28	0	0	0	79	0	0	32	96	14	0	0	80	22	0	0	39	0	0	43	0	0	25	23	0	0	0	28	0	0	46	0	0	0	23	0	0	0	28	0	0	28	27	0	0	0	45	0	0	62	0	0	0	24	0	0	0	0	0	0	0	27	0	0	0	51	0	0	30	28	0	0	0	50	13	0	81	0	0	0	29	12	0	0	0	0	0	0	25	0	0	0	0	0	0	0	28	0	0	0	79	0	0	32	96	14	0	0	80
56	48	5	0	66	40	0	0	36	5	0	66	0	0	33	115	7	0	0	98	32	0	0	10	0	0	36	0	0	29	10	0	0	0	50	5	0	66	0	0	0	10	0	0	0	93	0	0	33	115	7	0	0	98	24	0	0	9	0	0	10	0	0	20	9	0	0	0	45	0	0	36	0	0	0	9	0	0	0	51	0	0	29	10	0	0	0	50	5	0	66	0	0	0	9	0	0	0	0	0	0	0	10	0	0	0	93	0	0	33	115	7	0	0	98	16	0	0	8	0	0	9	0	0	18	8	0	0	0	28	0	0	10	0	0	0	8	0	0	0	28	0	0	20	9	0	0	0	45	0	0	36	0	0	0	8	0	0	0	0	0	0	0	9	0	0	0	51	0	0	29	10	0	0	0	50	5	0	66	0	0	0	8	5	0	0	0	0	0	0	9	0	0	0	0	0	0	0	10	0	0	0	93	0	0	33	115	7	0	0	98
103	88	23	26	106	73	5	0	78	23	26	106	2	0	92	159	27	26	212	80	58	4	0	42	5	0	78	0	0	84	46	4	0	156	50	19	26	106	0	0	13	62	2	0	0	93	2	0	92	159	23	26	212	80	43	4	0	18	4	0	42	0	0	64	27	4	0	84	45	1	0	78	0	0	13	18	0	0	0	51	0	0	84	46	0	0	156	50	19	26	106	5	0	0	36	12	0	0	110	0	0	13	62	2	0	0	93	2	0	92	159	23	26	212	80	28	3	0	8	4	0	18	0	0	27	8	4	0	36	28	0	0	42	0	0	12	8	0	0	0	28	0	0	64	27	0	0	84	45	1	0	78	3	0	0	8	4	0	0	49	0	0	13	18	0	0	0	51	0	0	84	46	0	0	156	50	19	26	106	6	0	0	8	17	13	0	46	5	0	0	36	12	0	0	110	0	0	13	62	2	0	0	93	2	0	92	159	23	26	212	80
80	68	23	32	52	56	7	0	49	23	32	52	2	0	67	25	20	32	208	0	44	6	0	40	7	0	49	0	0	63	10	4	0	196	0	17	32	52	0	0	13	22	2	0	0	12	2	0	67	25	16	32	208	0	32	6	0	25	6	0	40	0	0	52	9	4	0	160	0	1	0	49	0	0	13	9	0	0	0	0	0	0	63	10	0	0	196	0	17	32	52	7	0	0	25	20	0	0	95	0	0	13	22	2	0	0	12	2	0	67	25	16	32	208	0	20	3	0	24	6	0	25	0	0	25	8	4	0	100	0	0	0	40	0	0	12	8	0	0	0	0	0	0	52	9	0	0	160	0	1	0	49	3	0	0	24	4	0	0	49	0	0	13	9	0	0	0	0	0	0	63	10	0	0	196	0	17	32	52	6	0	0	8	14	24	0	0	7	0	0	25	20	0	0	95	0	0	13	22	2	0	0	12	2	0	67	25	16	32	208	0
52	44	14	16	9	36	3	0	7	14	16	9	0	0	9	14	9	16	36	0	28	3	0	0	3	0	7	0	0	7	0	0	0	28	0	11	16	9	0	0	0	0	2	0	0	12	0	0	9	14	9	16	36	0	20	3	0	0	3	0	0	0	0	0	0	0	0	0	0	0	0	7	0	0	0	0	0	0	0	0	0	0	7	0	0	0	28	0	11	16	9	4	0	0	0	16	0	0	0	0	0	0	0	2	0	0	12	0	0	9	14	9	16	36	0	12	0	0	0	3	0	0	0	0	0	0	0	0	0	0	0	0	0	0	0	0	0	0	0	0	0	0	0	0	0	0	0	0	0	0	0	7	0	0	0	0	0	0	0	0	0	0	0	0	0	0	0	0	0	0	7	0	0	0	28	0	11	16	9	0	0	0	0	6	12	0	0	4	0	0	0	16	0	0	0	0	0	0	0	2	0	0	12	0	0	9	14	9	16	36	0
69	56	19	32	69	43	13	22	49	19	32	69	0	0	15	90	10	0	69	61	32	13	22	48	13	22	49	0	0	13	86	8	0	49	56	6	10	69	0	0	0	11	4	0	0	0	0	0	15	90	2	0	69	61	21	9	20	46	13	22	48	0	0	13	80	8	0	48	40	0	0	49	0	0	0	10	0	0	0	0	0	0	13	86	0	0	49	56	6	10	69	11	20	0	22	24	40	0	0	0	0	0	11	4	0	0	0	0	0	15	90	2	0	69	61	10	0	0	31	9	20	46	0	0	12	50	4	0	46	25	0	0	48	0	0	0	9	0	0	0	0	0	0	13	80	0	0	48	40	0	0	49	0	0	0	9	0	0	0	0	0	0	0	10	0	0	0	0	0	0	13	86	0	0	49	56	6	10	69	0	0	77	31	2	0	138	95	11	20	0	22	24	40	0	0	0	0	0	11	4	0	0	0	0	0	15	90	2	0	69	61
102	84	32	47	121	66	23	17	83	28	47	121	17	0	41	143	25	15	242	167	49	21	17	75	19	17	83	15	0	39	127	18	0	166	134	11	30	121	6	0	0	78	3	30	0	0	10	0	41	143	11	15	242	167	32	13	15	55	17	17	75	7	0	37	84	14	0	150	82	2	0	83	2	0	0	55	0	0	0	0	8	0	39	127	4	0	166	134	9	30	121	14	30	0	70	30	120	0	12	4	0	0	78	3	30	0	0	2	0	41	143	7	15	242	167	15	3	0	18	9	15	55	3	0	34	45	6	0	110	43	0	0	75	0	0	0	27	0	0	0	0	0	0	37	84	0	0	150	82	0	0	83	0	0	0	18	0	0	0	0	0	0	0	55	0	0	0	0	0	0	39	127	0	0	166	134	8	30	121	6	0	55	36	4	15	121	170	13	30	0	70	30	120	0	12	0	0	0	78	3	30	0	0	0	0	41	143	3	15	242	167
42	35	12	0	25	28	6	0	0	12	0	25	0	0	0	0	2	0	0	167	21	6	0	0	6	0	0	0	0	0	0	0	0	0	134	6	0	25	0	0	0	0	4	0	0	0	0	0	0	0	2	0	0	167	14	6	0	0	6	0	0	0	0	0	0	0	0	0	82	0	0	0	0	0	0	0	0	0	0	0	0	0	0	0	0	0	0	134	6	0	25	10	0	0	0	24	0	0	0	0	0	0	0	4	0	0	0	0	0	0	0	2	0	0	167	7	0	0	0	6	0	0	0	0	0	0	0	0	0	43	0	0	0	0	0	0	0	0	0	0	0	0	0	0	0	0	0	0	82	0	0	0	0	0	0	0	0	0	0	0	0	0	0	0	0	0	0	0	0	0	0	0	0	0	0	134	6	0	25	0	0	0	0	2	0	0	0	10	0	0	0	24	0	0	0	0	0	0	0	4	0	0	0	0	0	0	0	2	0	0	167
41	34	15	6	12	27	10	0	0	15	6	12	0	0	0	0	6	0	12	61	20	10	0	0	10	0	0	0	0	0	0	4	0	0	56	5	6	12	0	0	0	0	4	0	0	0	0	0	0	0	2	0	12	61	13	6	0	0	10	0	0	0	0	0	0	4	0	0	40	0	0	0	0	0	0	0	0	0	0	0	0	0	0	0	0	0	0	56	5	6	12	10	0	0	0	20	24	0	0	0	0	0	0	4	0	0	0	0	0	0	0	2	0	12	61	6	0	0	0	6	0	0	0	0	0	0	0	0	0	25	0	0	0	0	0	0	0	0	0	0	0	0	0	0	0	0	0	0	40	0	0	0	0	0	0	0	0	0	0	0	0	0	0	0	0	0	0	0	0	0	0	0	0	0	0	56	5	6	12	0	0	0	0	2	0	0	0	10	0	0	0	20	24	0	0	0	0	0	0	4	0	0	0	0	0	0	0	2	0	12	61
40	31	19	26	0	22	14	18	0	18	26	0	14	0	0	0	17	4	0	0	16	12	18	0	13	18	0	12	0	0	0	12	0	0	0	7	8	0	6	0	0	0	2	8	0	0	10	0	0	0	9	4	0	0	10	4	12	0	11	18	0	4	0	0	0	8	0	0	0	2	0	0	2	0	0	0	0	0	0	0	8	0	0	0	4	0	0	0	5	8	0	5	24	0	0	16	32	0	0	4	0	0	0	2	8	0	0	2	0	0	0	5	4	0	0	4	0	0	0	3	12	0	0	0	0	0	0	0	0	0	0	0	0	0	0	0	0	0	0	0	0	0	0	0	0	0	0	0	0	0	0	0	0	0	0	0	0	0	0	0	0	0	0	0	0	0	0	0	0	0	0	0	0	0	0	0	4	8	0	0	0	0	0	1	4	0	0	4	24	0	0	16	32	0	0	0	0	0	0	2	8	0	0	0	0	0	0	1	4	0	0
53	40	33	36	70	27	26	36	31	22	36	70	27	0	0	46	31	36	0	202	18	23	36	29	19	36	31	23	0	0	42	21	36	0	132	6	0	70	13	0	0	26	0	0	0	0	14	0	0	46	17	0	0	202	9	7	0	28	16	36	29	13	0	0	41	14	36	0	123	3	0	31	5	0	0	26	0	0	0	0	10	0	0	42	7	0	0	132	3	0	70	7	0	109	9	2	0	280	0	8	0	0	26	0	0	0	0	4	0	0	46	10	0	0	202	0	0	0	25	0	0	28	0	0	0	37	0	0	0	101	0	0	29	0	0	0	24	0	0	0	0	0	0	0	41	0	0	0	123	0	0	31	0	0	55	9	0	0	124	0	0	0	0	26	0	0	0	0	0	0	0	42	0	0	0	132	0	0	70	0	0	33	20	0	0	0	0	0	0	109	9	0	0	280	0	0	0	0	26	0	0	0	0	0	0	0	46	0	0	0	202
43	30	47	63	11	20	25	43	10	34	33	11	33	72	0	10	60	83	22	0	12	21	31	10	16	19	10	23	52	0	10	26	43	20	0	19	17	11	24	41	0	0	0	0	11	0	21	24	0	10	42	51	22	0	5	7	15	9	12	10	10	12	30	0	9	16	20	20	0	4	5	10	5	15	0	0	0	0	10	0	11	10	0	10	10	15	20	0	9	10	11	12	30	11	9	4	10	22	0	15	20	0	0	0	0	11	0	10	10	0	10	24	30	22	0	0	0	0	9	0	0	9	0	0	0	9	0	0	18	0	0	0	10	0	0	0	0	0	0	10	0	0	0	0	9	0	0	20	0	0	0	10	0	0	10	9	0	0	20	0	0	0	0	0	0	0	10	0	0	0	0	10	0	0	20	0	0	0	11	0	0	33	0	0	0	33	0	0	0	11	9	0	0	22	0	0	0	0	0	0	0	11	0	0	0	0	10	0	0	22	0
44	31	36	61	19	19	19	42	0	27	49	19	19	90	0	0	38	76	19	121	11	17	26	0	14	34	0	14	64	0	0	18	44	0	83	11	17	19	15	32	0	0	0	0	38	0	9	58	0	0	24	44	19	121	5	5	5	0	12	20	0	10	20	0	0	12	20	0	75	2	10	0	5	10	0	0	0	0	0	0	4	40	0	0	6	20	0	83	5	5	19	12	5	27	0	4	0	76	0	10	20	0	0	0	0	38	0	5	10	0	0	13	20	19	121	0	0	0	0	0	0	0	0	0	0	0	0	0	0	55	0	0	0	0	0	0	0	0	0	0	0	0	0	0	0	0	0	0	75	0	0	0	0	0	0	0	0	0	0	0	0	0	0	0	0	0	0	0	0	0	0	0	0	0	0	83	0	0	19	0	0	0	0	0	0	19	0	0	0	27	0	0	0	76	0	0	0	0	0	0	0	38	0	0	0	0	0	0	0	19	121
36	25	40	47	0	16	18	29	0	29	29	0	31	49	0	0	56	67	0	0	9	14	18	0	11	15	0	22	30	0	0	20	33	0	0	19	15	0	23	30	0	0	0	0	0	0	20	21	0	0	44	39	0	0	3	5	6	0	7	6	0	11	12	0	0	10	12	0	0	4	3	0	6	6	0	0	0	0	0	0	11	6	0	0	10	9	0	0	8	9	0	12	18	0	0	4	6	0	0	13	18	0	0	0	0	0	0	9	9	0	0	23	21	0	0	0	0	0	0	0	0	0	0	0	0	0	0	0	0	0	0	0	0	0	0	0	0	0	0	0	0	0	0	0	0	0	0	0	0	0	0	0	0	0	0	0	0	0	0	0	0	0	0	0	0	0	0	0	0	0	0	0	0	0	0	0	0	0	0	0	0	0	0	0	0	0	0	0	0	0	0	0	0	0	0	0	0	0	0	0	0	0	0	0	0	0	0	0	0	0	0
36	26	36	34	0	17	13	17	0	27	25	0	19	25	0	0	47	63	0	0	9	11	9	0	6	9	0	14	9	0	0	14	20	0	0	20	17	0	19	17	0	0	0	0	0	0	9	17	0	0	37	47	0	0	2	5	2	0	4	2	0	10	2	0	0	8	4	0	0	2	2	0	5	2	0	0	0	0	0	0	4	2	0	0	6	6	0	0	5	10	0	12	10	0	0	4	4	0	0	10	10	0	0	0	0	0	0	5	10	0	0	13	26	0	0	0	0	0	0	0	0	0	0	0	0	0	0	0	0	0	0	0	0	0	0	0	0	0	0	0	0	0	0	0	0	0	0	0	0	0	0	0	0	0	0	0	0	0	0	0	0	0	0	0	0	0	0	0	0	0	0	0	0	0	0	0	0	0	0	0	0	0	0	0	0	0	0	0	0	0	0	0	0	0	0	0	0	0	0	0	0	0	0	0	0	0	0	0	0	0	0
44	32	37	32	15	20	18	0	0	28	32	15	28	0	20	0	42	40	60	30	8	9	0	0	9	0	0	15	0	0	0	14	0	0	10	14	32	15	12	0	38	0	0	0	0	0	13	0	20	0	26	40	60	30	0	0	0	0	0	0	0	0	0	0	0	0	0	0	10	0	0	0	0	0	0	0	0	0	0	0	0	0	0	0	0	0	0	10	0	0	15	0	0	28	0	0	0	0	0	0	0	38	0	0	0	0	0	0	0	20	0	0	0	60	30	0	0	0	0	0	0	0	0	0	0	0	0	0	0	9	0	0	0	0	0	0	0	0	0	0	0	0	0	0	0	0	0	0	10	0	0	0	0	0	0	0	0	0	0	0	0	0	0	0	0	0	0	0	0	0	0	0	0	0	0	10	0	0	0	0	0	0	0	0	0	0	0	0	0	0	0	0	0	0	0	0	0	0	0	0	0	0	0	0	0	0	0	0	0	0	30
36	25	28	32	10	16	11	18	0	22	14	10	16	0	10	0	36	21	20	11	7	6	14	0	5	0	0	11	0	0	0	10	0	0	10	14	14	10	6	28	18	0	0	0	0	0	5	0	10	0	24	21	20	11	0	0	0	0	0	0	0	0	0	0	0	0	0	0	10	0	0	0	0	0	0	0	0	0	0	0	0	0	0	0	0	0	0	10	0	0	10	0	0	23	0	0	0	20	0	0	0	18	0	0	0	0	0	0	0	10	0	0	0	20	11	0	0	0	0	0	0	0	0	0	0	0	0	0	0	9	0	0	0	0	0	0	0	0	0	0	0	0	0	0	0	0	0	0	10	0	0	0	0	0	0	0	0	0	0	0	0	0	0	0	0	0	0	0	0	0	0	0	0	0	0	10	0	0	0	0	0	0	0	0	0	0	0	0	0	0	0	0	0	0	0	0	0	0	0	0	0	0	0	0	0	0	0	0	0	0	11
27	20	25	6	5	13	8	0	0	20	6	5	8	0	5	0	29	18	5	0	6	5	0	0	3	0	0	5	0	0	0	6	0	0	0	14	6	5	7	0	8	0	0	0	0	0	3	0	5	0	21	18	5	0	0	0	0	0	0	0	0	0	0	0	0	0	0	0	0	0	0	0	0	0	0	0	0	0	0	0	0	0	0	0	0	0	0	0	0	0	5	0	0	8	0	0	0	0	0	0	0	8	0	0	0	0	0	0	0	5	0	0	0	5	0	0	0	0	0	0	0	0	0	0	0	0	0	0	0	0	0	0	0	0	0	0	0	0	0	0	0	0	0	0	0	0	0	0	0	0	0	0	0	0	0	0	0	0	0	0	0	0	0	0	0	0	0	0	0	0	0	0	0	0	0	0	0	0	0	0	0	0	0	0	0	0	0	0	0	0	0	0	0	0	0	0	0	0	0	0	0	0	0	0	0	0	0	0	0	0	0
23	17	17	5	2	11	4	0	0	14	5	2	2	0	2	0	23	0	2	0	5	3	0	0	1	0	0	1	0	0	0	2	0	0	0	13	5	2	5	0	2	0	0	0	0	0	1	0	2	0	21	0	2	0	0	0	0	0	0	0	0	0	0	0	0	0	0	0	0	0	0	0	0	0	0	0	0	0	0	0	0	0	0	0	0	0	0	0	0	0	2	0	0	2	0	0	0	0	0	0	0	2	0	0	0	0	0	0	0	2	0	0	0	2	0	0	0	0	0	0	0	0	0	0	0	0	0	0	0	0	0	0	0	0	0	0	0	0	0	0	0	0	0	0	0	0	0	0	0	0	0	0	0	0	0	0	0	0	0	0	0	0	0	0	0	0	0	0	0	0	0	0	0	0	0	0	0	0	0	0	0	0	0	0	0	0	0	0	0	0	0	0	0	0	0	0	0	0	0	0	0	0	0	0	0	0	0	0	0	0	0
35	25	20	25	2	15	4	0	0	17	25	2	2	0	2	0	18	35	10	0	5	3	0	0	1	0	0	1	0	0	0	2	0	0	0	9	25	2	5	0	2	0	0	0	0	0	1	0	2	0	14	35	10	0	0	0	0	0	0	0	0	0	0	0	0	0	0	0	0	0	0	0	0	0	0	0	0	0	0	0	0	0	0	0	0	0	0	0	0	0	2	0	0	2	0	0	0	0	0	0	0	2	0	0	0	0	0	0	0	2	0	0	0	10	0	0	0	0	0	0	0	0	0	0	0	0	0	0	0	0	0	0	0	0	0	0	0	0	0	0	0	0	0	0	0	0	0	0	0	0	0	0	0	0	0	0	0	0	0	0	0	0	0	0	0	0	0	0	0	0	0	0	0	0	0	0	0	0	0	0	0	0	0	0	0	0	0	0	0	0	0	0	0	0	0	0	0	0	0	0	0	0	0	0	0	0	0	0	0	0	0
23	15	9	7	23	7	0	0	10	9	7	23	0	0	30	0	2	0	23	17	0	0	0	10	0	0	10	0	0	30	0	0	0	10	0	0	0	23	0	0	0	0	0	0	0	0	0	0	30	0	0	0	23	17	0	0	0	10	0	0	10	0	0	30	0	0	0	10	0	0	0	10	0	0	0	0	0	0	0	0	0	0	30	0	0	0	10	0	0	0	0	0	0	0	0	0	0	0	0	0	0	0	0	0	0	0	0	0	0	0	0	0	0	0	17	0	0	0	10	0	0	10	0	0	30	0	0	0	10	0	0	0	10	0	0	0	0	0	0	0	0	0	0	30	0	0	0	10	0	0	0	0	0	0	0	0	0	0	0	0	0	0	0	0	0	0	0	0	0	0	0	0	0	0	0	0	0	0	0	0	0	0	0	0	0	0	0	0	0	0	0	0	0	0	0	0	0	0	0	0	0	0	0	0	0	0	0	0	0	0	0
23	15	11	7	19	7	1	0	5	10	7	19	4	0	24	5	6	0	19	17	0	0	0	0	0	0	5	0	0	20	0	0	0	5	0	0	0	19	0	0	6	0	0	0	0	19	0	0	24	5	0	0	19	17	0	0	0	0	0	0	0	0	0	0	0	0	0	0	0	0	0	5	0	0	5	0	0	0	0	0	0	0	20	0	0	0	5	0	0	0	0	0	0	0	0	0	0	0	0	0	0	0	0	0	0	0	19	0	0	0	5	0	0	0	17	0	0	0	0	0	0	0	0	0	0	0	0	0	0	0	0	0	0	0	0	0	0	0	0	0	0	0	0	0	0	0	0	0	0	0	0	0	0	0	0	0	0	0	0	0	0	0	0	0	0	0	0	0	0	0	0	0	0	0	0	0	0	0	0	0	0	0	0	0	0	0	0	0	0	0	0	0	0	0	0	0	0	0	0	0	0	0	19	0	0	0	0	0	0	0	0
42	27	24	36	52	12	9	0	15	13	36	52	15	0	57	34	14	24	156	32	0	0	0	0	0	0	15	0	0	38	0	0	0	45	0	0	0	52	0	0	60	0	0	0	0	30	0	0	57	34	0	0	156	32	0	0	0	0	0	0	0	0	0	0	0	0	0	0	0	0	0	15	0	0	28	0	0	0	0	10	0	0	38	0	0	0	45	0	0	0	0	0	0	0	0	0	0	0	0	0	0	0	0	0	0	0	30	0	0	0	34	0	0	0	32	0	0	0	0	0	0	0	0	0	0	0	0	0	0	0	0	0	0	0	0	0	0	0	0	0	10	0	0	0	0	0	0	0	0	0	0	0	0	0	0	0	0	0	0	0	0	0	0	0	0	0	0	10	0	0	0	0	0	0	0	0	0	0	0	0	0	0	0	0	0	0	0	0	0	0	0	0	0	0	0	0	0	0	0	0	0	0	30	0	0	0	0	0	0	0	0
24	16	9	0	25	8	2	0	0	7	0	25	0	0	0	0	2	0	0	29	0	0	0	0	0	0	0	0	0	0	0	0	0	0	0	0	0	25	0	0	14	0	0	0	0	0	0	0	0	0	0	0	0	29	0	0	0	0	0	0	0	0	0	0	0	0	0	0	0	0	0	0	0	0	0	0	0	0	0	0	0	0	0	0	0	0	0	0	0	0	0	0	0	0	0	0	0	0	0	0	0	0	0	0	0	0	0	0	0	0	0	0	0	0	29	0	0	0	0	0	0	0	0	0	0	0	0	0	0	0	0	0	0	0	0	0	0	0	0	0	0	0	0	0	0	0	0	0	0	0	0	0	0	0	0	0	0	0	0	0	0	0	0	0	0	0	0	0	0	0	0	0	0	0	0	0	0	0	0	0	0	0	0	0	0	0	0	0	0	0	0	0	0	0	0	0	0	0	0	0	0	0	0	0	0	0	0	0	0	0	0
19	12	5	10	5	5	0	0	0	5	10	5	0	0	0	0	2	0	10	2	0	0	0	0	0	0	0	0	0	0	0	0	0	0	0	0	0	5	0	0	0	0	0	0	0	0	0	0	0	0	0	0	10	2	0	0	0	0	0	0	0	0	0	0	0	0	0	0	0	0	0	0	0	0	0	0	0	0	0	0	0	0	0	0	0	0	0	0	0	0	0	0	0	0	0	0	0	0	0	0	0	0	0	0	0	0	0	0	0	0	0	0	0	0	2	0	0	0	0	0	0	0	0	0	0	0	0	0	0	0	0	0	0	0	0	0	0	0	0	0	0	0	0	0	0	0	0	0	0	0	0	0	0	0	0	0	0	0	0	0	0	0	0	0	0	0	0	0	0	0	0	0	0	0	0	0	0	0	0	0	0	0	0	0	0	0	0	0	0	0	0	0	0	0	0	0	0	0	0	0	0	0	0	0	0	0	0	0	0	0	0
32	16	3	0	129	0	0	0	111	0	0	129	0	0	9	10	0	0	0	57	0	0	0	111	0	0	111	0	0	9	10	0	0	0	15	0	0	0	0	0	0	0	0	0	0	0	0	0	0	10	0	0	0	57	0	0	0	108	0	0	111	0	0	9	10	0	0	0	0	0	0	0	0	0	0	0	0	0	0	0	0	0	0	10	0	0	0	15	0	0	0	0	0	0	18	0	0	0	0	0	0	0	0	0	0	0	0	0	0	0	0	0	0	0	0	0	0	0	93	0	0	108	0	0	9	10	0	0	0	0	0	0	0	0	0	0	0	0	0	0	0	0	0	0	10	0	0	0	0	0	0	0	0	0	0	0	0	0	0	0	0	0	0	0	0	0	0	0	0	0	0	0	0	0	0	0	0	0	0	0	0	0	16	0	0	0	69	0	0	0	18	0	0	0	0	0	0	0	0	0	0	0	0	0	0	0	0	0	0	0	0
32	16	8	0	144	0	0	0	141	0	0	144	0	0	47	22	0	0	0	0	0	0	0	140	0	0	141	0	0	45	20	0	0	0	0	0	0	0	0	0	0	5	0	0	0	0	0	0	0	22	0	0	0	0	0	0	0	120	0	0	140	0	0	44	10	0	0	0	0	0	0	0	0	0	0	0	0	0	0	0	0	0	0	20	0	0	0	0	0	0	0	0	0	0	65	0	0	0	89	0	0	0	5	0	0	0	0	0	0	0	0	0	0	0	0	0	0	0	88	0	0	120	0	0	39	10	0	0	0	0	0	0	0	0	0	0	0	0	0	0	0	0	0	0	10	0	0	0	0	0	0	0	0	0	0	15	0	0	0	31	0	0	0	0	0	0	0	0	0	0	0	0	0	0	0	0	0	0	0	0	0	0	46	0	0	0	190	0	0	0	65	0	0	0	89	0	0	0	0	0	0	0	0	0	0	0	0	0	0	0	0
22	11	3	0	65	0	0	0	31	0	0	65	0	0	8	22	0	0	0	99	0	0	0	30	0	0	31	0	0	6	20	0	0	0	30	0	0	0	0	0	0	5	0	0	0	0	0	0	0	22	0	0	0	99	0	0	0	14	0	0	30	0	0	5	10	0	0	0	10	0	0	0	0	0	0	0	0	0	0	0	0	0	0	20	0	0	0	30	0	0	0	0	0	0	8	0	0	0	89	0	0	0	5	0	0	0	0	0	0	0	0	0	0	0	0	0	0	0	10	0	0	14	0	0	0	10	0	0	0	10	0	0	0	0	0	0	0	0	0	0	0	0	0	0	10	0	0	0	10	0	0	0	0	0	0	0	0	0	0	31	0	0	0	0	0	0	0	0	0	0	0	0	0	0	0	0	0	0	0	0	0	0	0	0	0	0	0	0	0	0	8	0	0	0	89	0	0	0	0	0	0	0	0	0	0	0	0	0	0	0	0
30	14	13	28	109	0	0	0	93	0	0	109	0	0	109	25	0	0	218	52	0	0	0	87	0	0	93	0	0	102	18	0	0	186	15	0	0	0	0	0	0	24	0	0	0	0	0	0	0	25	0	0	0	52	0	0	0	64	0	0	87	0	0	89	0	0	0	174	0	0	0	0	0	0	0	0	0	0	0	0	0	0	0	18	0	0	0	15	0	0	0	0	0	0	17	0	0	0	100	0	0	0	24	0	0	0	0	0	0	0	0	0	0	0	0	0	0	0	62	0	0	64	0	0	63	0	0	0	128	0	0	0	0	0	0	0	0	0	0	0	0	0	0	0	0	0	0	0	0	0	0	0	0	0	0	15	0	0	0	41	0	0	0	0	0	0	0	0	0	0	0	0	0	0	0	0	0	0	0	0	0	0	30	0	0	0	0	0	0	0	17	0	0	0	100	0	0	0	0	0	0	0	0	0	0	0	0	0	0	0	0
30	14	18	28	132	0	0	0	127	0	0	132	0	0	170	32	0	0	264	0	0	0	0	116	0	0	127	0	0	162	20	0	0	254	0	0	0	0	0	0	0	34	0	0	0	0	0	0	0	32	0	0	0	0	0	0	0	89	0	0	116	0	0	144	0	0	0	232	0	0	0	0	0	0	0	0	0	0	0	0	0	0	0	20	0	0	0	0	0	0	0	0	0	0	39	0	0	0	100	0	0	0	34	0	0	0	0	0	0	0	0	0	0	0	0	0	0	0	86	0	0	89	0	0	110	0	0	0	178	0	0	0	0	0	0	0	0	0	0	0	0	0	0	0	0	0	0	0	0	0	0	0	0	0	0	35	0	0	0	41	0	0	0	0	0	0	0	0	0	0	0	0	0	0	0	0	0	0	0	0	0	0	40	0	0	0	0	0	0	0	39	0	0	0	100	0	0	0	0	0	0	0	0	0	0	0	0	0	0	0	0
14	0	0	0	153	0	0	0	106	0	0	0	0	0	0	194	0	0	0	241	0	0	0	100	0	0	0	0	0	0	182	0	0	0	220	0	0	0	0	0	0	39	0	0	0	0	0	0	0	0	0	0	0	0	0	0	0	87	0	0	0	0	0	0	168	0	0	0	203	0	0	0	0	0	0	18	0	0	0	0	0	0	0	0	0	0	0	0	0	0	0	0	0	0	24	0	0	0	10	0	0	0	0	0	0	0	0	0	0	0	0	0	0	0	0	0	0	0	72	0	0	0	0	0	0	130	0	0	0	153	0	0	0	0	0	0	0	0	0	0	0	0	0	0	0	0	0	0	0	0	0	0	0	0	0	0	0	0	0	0	0	0	0	0	0	0	0	0	0	0	0	0	0	0	0	0	0	0	0	0	0	0	22	0	0	0	30	0	0	0	0	0	0	0	0	0	0	0	0	0	0	0	0	0	0	0	0	0	0	0	0
11	0	0	0	111	0	0	0	72	0	0	0	0	0	0	120	0	0	0	241	0	0	0	67	0	0	0	0	0	0	115	0	0	0	220	0	0	0	0	0	0	34	0	0	0	0	0	0	0	0	0	0	0	0	0	0	0	50	0	0	0	0	0	0	100	0	0	0	203	0	0	0	0	0	0	10	0	0	0	0	0	0	0	0	0	0	0	0	0	0	0	0	0	0	29	0	0	0	10	0	0	0	0	0	0	0	0	0	0	0	0	0	0	0	0	0	0	0	38	0	0	0	0	0	0	80	0	0	0	153	0	0	0	0	0	0	0	0	0	0	0	0	0	0	0	0	0	0	0	0	0	0	0	0	0	0	0	0	0	0	0	0	0	0	0	0	0	0	0	0	0	0	0	0	0	0	0	0	0	0	0	0	22	0	0	0	11	0	0	0	0	0	0	0	0	0	0	0	0	0	0	0	0	0	0	0	0	0	0	0	0
4	0	0	0	24	0	0	0	21	0	0	0	0	0	0	29	0	0	0	0	0	0	0	20	0	0	0	0	0	0	27	0	0	0	0	0	0	0	0	0	0	7	0	0	0	0	0	0	0	0	0	0	0	0	0	0	0	18	0	0	0	0	0	0	23	0	0	0	0	0	0	0	0	0	0	5	0	0	0	0	0	0	0	0	0	0	0	0	0	0	0	0	0	0	10	0	0	0	0	0	0	0	0	0	0	0	0	0	0	0	0	0	0	0	0	0	0	0	11	0	0	0	0	0	0	11	0	0	0	0	0	0	0	0	0	0	0	0	0	0	0	0	0	0	0	0	0	0	0	0	0	0	0	0	0	0	0	0	0	0	0	0	0	0	0	0	0	0	0	0	0	0	0	0	0	0	0	0	0	0	0	0	22	0	0	0	11	0	0	0	0	0	0	0	0	0	0	0	0	0	0	0	0	0	0	0	0	0	0	0	0
