189	182	19	15	0	175	12	12	0	19	15	0	6	9	0	0	10	15	0	0	168	12	12	0	12	12	0	6	9	0	0	10	15	0	0	19	15	0	0	0	0	0	0	0	0	0	6	9	0	0	10	15	0	0	161	12	12	0	12	12	0	6	9	0	0	10	15	0	0	12	12	0	0	0	0	0	0	0	0	0	6	9	0	0	10	15	0	0	19	15	0	0	0	0	0	0	0	0	0	0	0	0	0	0	0	0	0	6	9	0	0	10	15	0	0	154	12	12	0	12	12	0	6	9	0	0	10	15	0	0	12	12	0	0	0	0	0	0	0	0	0	6	9	0	0	10	15	0	0	12	12	0	0	0	0	0	0	0	0	0	0	0	0	0	0	0	0	0	6	9	0	0	10	15	0	0	19	15	0	4	0	0	0	5	0	0	0	0	0	0	0	0	0	0	0	0	0	0	0	0	0	0	0	6	9	0	0	10	15	0	0
170	164	21	8	0	158	15	8	0	21	8	0	11	0	0	0	15	12	0	0	152	15	8	0	15	8	0	11	0	0	0	15	12	0	0	21	8	0	0	0	0	0	0	0	0	0	11	0	0	0	15	12	0	0	146	15	8	0	15	8	0	11	0	0	0	15	12	0	0	15	8	0	0	0	0	0	0	0	0	0	11	0	0	0	15	12	0	0	21	8	0	0	0	0	0	0	0	0	0	0	0	0	0	0	0	0	0	11	0	0	0	15	12	0	0	140	15	8	0	15	8	0	11	0	0	0	15	12	0	0	15	8	0	0	0	0	0	0	0	0	0	11	0	0	0	15	12	0	0	15	8	0	0	0	0	0	0	0	0	0	0	0	0	0	0	0	0	0	11	0	0	0	15	12	0	0	21	8	0	6	0	0	0	6	0	0	0	0	0	0	0	0	0	0	0	0	0	0	0	0	0	0	0	11	0	0	0	15	12	0	0
170	164	21	8	0	158	15	8	0	21	8	0	11	0	0	0	15	12	0	0	152	15	8	0	15	8	0	11	0	0	0	15	12	0	0	21	8	0	0	0	0	0	0	0	0	0	11	0	0	0	15	12	0	0	146	15	8	0	15	8	0	11	0	0	0	15	12	0	0	15	8	0	0	0	0	0	0	0	0	0	11	0	0	0	15	12	0	0	21	8	0	0	0	0	0	0	0	0	0	0	0	0	0	0	0	0	0	11	0	0	0	15	12	0	0	140	15	8	0	15	8	0	11	0	0	0	15	12	0	0	15	8	0	0	0	0	0	0	0	0	0	11	0	0	0	15	12	0	0	15	8	0	0	0	0	0	0	0	0	0	0	0	0	0	0	0	0	0	11	0	0	0	15	12	0	0	21	8	0	6	0	0	0	6	0	0	0	0	0	0	0	0	0	0	0	0	0	0	0	0	0	0	0	11	0	0	0	15	12	0	0
316	304	43	55	0	292	38	41	0	43	55	0	16	36	0	0	30	26	0	0	280	38	41	0	38	41	0	16	36	0	0	30	24	0	0	43	55	0	0	0	0	0	1	0	0	0	16	36	0	0	30	26	0	0	268	38	41	0	38	41	0	16	36	0	0	30	24	0	0	38	41	0	0	0	0	0	0	0	0	0	16	36	0	0	30	24	0	0	43	55	0	2	0	0	0	2	0	0	0	0	0	0	0	1	0	0	0	16	36	0	0	30	26	0	0	256	33	37	0	38	41	0	16	36	0	0	30	24	0	0	38	41	0	0	0	0	0	0	0	0	0	16	36	0	0	30	24	0	0	38	41	0	2	0	0	0	2	0	0	0	0	0	0	0	0	0	0	0	16	36	0	0	30	24	0	0	43	55	0	3	16	0	0	24	41	0	0	2	0	0	0	2	0	0	0	0	0	0	0	1	0	0	0	16	36	0	0	30	26	0	0
193	186	23	17	0	179	18	12	0	23	17	0	10	8	0	0	15	12	0	0	172	18	12	0	18	12	0	10	8	0	0	15	12	0	0	23	17	0	0	0	0	0	0	0	0	0	10	8	0	0	15	12	0	0	165	18	12	0	18	12	0	10	8	0	0	15	12	0	0	18	12	0	0	0	0	0	0	0	0	0	10	8	0	0	15	12	0	0	23	17	0	0	0	0	0	1	0	0	0	0	0	0	0	0	0	0	0	10	8	0	0	15	12	0	0	158	17	10	0	18	12	0	10	8	0	0	15	12	0	0	18	12	0	0	0	0	0	0	0	0	0	10	8	0	0	15	12	0	0	18	12	0	0	0	0	0	1	0	0	0	0	0	0	0	0	0	0	0	10	8	0	0	15	12	0	0	23	17	0	4	6	0	0	14	3	0	0	0	0	0	0	1	0	0	0	0	0	0	0	0	0	0	0	10	8	0	0	15	12	0	0
269	258	53	42	7	247	48	38	0	53	42	7	26	16	0	0	34	27	0	0	236	48	38	0	48	38	0	26	16	0	0	34	25	0	0	53	42	7	10	0	0	0	7	0	0	0	26	16	0	0	34	27	0	0	225	46	38	0	48	38	0	26	16	0	0	34	25	0	0	48	38	0	10	0	0	0	5	0	0	0	26	16	0	0	34	25	0	0	53	42	7	6	0	0	0	5	0	0	0	10	0	0	0	7	0	0	0	26	16	0	0	34	27	0	0	214	36	34	0	46	38	0	26	16	0	0	29	25	0	0	48	38	0	10	0	0	0	5	0	0	0	26	16	0	0	34	25	0	0	48	38	0	4	0	0	0	4	0	0	0	10	0	0	0	5	0	0	0	26	16	0	0	34	25	0	0	53	42	7	5	0	14	0	44	45	7	0	6	0	0	0	5	0	0	0	10	0	0	0	7	0	0	0	26	16	0	0	34	27	0	0
317	303	69	69	4	289	61	65	0	69	69	4	45	16	0	0	53	45	0	0	275	61	65	0	61	65	0	45	16	0	0	52	43	0	0	69	69	4	17	0	0	0	13	0	0	0	45	16	0	0	53	45	0	0	261	58	65	0	61	65	0	45	16	0	0	52	43	0	0	61	65	0	15	0	0	0	9	0	0	0	45	16	0	0	52	43	0	0	69	69	4	10	0	0	0	7	9	0	0	17	0	0	0	13	0	0	0	45	16	0	0	53	45	0	0	247	46	61	0	58	65	0	43	16	0	0	44	43	0	0	61	65	0	15	0	0	0	9	0	0	0	45	16	0	0	52	43	0	0	61	65	0	4	0	0	0	5	9	0	0	15	0	0	0	9	0	0	0	45	16	0	0	52	43	0	0	69	69	4	15	0	8	0	70	81	4	0	10	0	0	0	7	9	0	0	17	0	0	0	13	0	0	0	45	16	0	0	53	45	0	0
390	373	107	113	0	356	91	104	0	107	113	0	84	78	0	0	104	80	0	0	339	85	94	0	91	104	0	68	78	0	0	92	80	0	0	107	113	0	25	40	0	0	22	27	0	0	84	78	0	0	104	80	0	0	322	81	84	0	85	94	0	66	68	0	0	85	72	0	0	91	104	0	17	40	0	0	16	22	0	0	68	78	0	0	92	80	0	0	107	113	0	20	8	0	0	12	28	0	0	25	40	0	0	22	27	0	0	84	78	0	0	104	80	0	0	305	63	84	0	81	84	0	60	68	0	0	75	52	0	0	85	94	0	14	40	0	0	13	22	0	0	66	68	0	0	85	72	0	0	91	104	0	14	8	0	0	10	24	0	0	17	40	0	0	16	22	0	0	68	78	0	0	92	80	0	0	107	113	0	28	0	0	0	97	205	0	0	20	8	0	0	12	28	0	0	25	40	0	0	22	27	0	0	84	78	0	0	104	80	0	0
329	314	112	92	0	299	97	76	0	112	92	0	76	103	0	0	129	95	0	0	284	93	74	0	97	76	0	71	97	0	0	117	89	0	0	112	92	0	56	18	0	0	31	34	0	0	76	103	0	0	129	95	0	0	269	87	74	0	93	74	0	69	97	0	0	111	88	0	0	97	76	0	48	18	0	0	25	24	0	0	71	97	0	0	117	89	0	0	112	92	0	40	0	0	0	16	23	0	0	56	18	0	0	31	34	0	0	76	103	0	0	129	95	0	0	254	65	70	0	87	74	0	63	97	0	0	96	88	0	0	93	74	0	35	18	0	0	19	22	0	0	69	97	0	0	111	88	0	0	97	76	0	21	0	0	0	11	19	0	0	48	18	0	0	25	24	0	0	71	97	0	0	117	89	0	0	112	92	0	34	12	0	0	97	222	0	0	40	0	0	0	16	23	0	0	56	18	0	0	31	34	0	0	76	103	0	0	129	95	0	0
400	383	138	125	0	366	113	104	0	138	125	0	90	116	0	0	185	165	0	0	349	105	92	0	113	104	0	71	104	0	0	154	131	0	0	138	125	0	61	36	0	0	41	66	0	0	90	116	0	0	185	165	0	0	332	100	80	0	105	92	0	71	88	0	0	147	104	0	0	113	104	0	56	20	0	0	35	54	0	0	71	104	0	0	154	131	0	0	138	125	0	35	46	0	0	26	33	0	0	61	36	0	0	41	66	0	0	90	116	0	0	185	165	0	0	315	83	71	0	100	80	0	65	82	0	0	136	85	0	0	105	92	0	43	8	0	0	28	42	0	0	71	88	0	0	147	104	0	0	113	104	0	24	34	0	0	18	28	0	0	56	20	0	0	35	54	0	0	71	104	0	0	154	131	0	0	138	125	0	55	27	0	0	119	219	0	0	35	46	0	0	26	33	0	0	61	36	0	0	41	66	0	0	90	116	0	0	185	165	0	0
344	327	121	122	5	310	92	112	0	121	122	5	78	79	2	0	172	206	0	0	293	84	99	0	92	112	0	64	71	0	0	133	191	0	0	120	122	5	46	134	4	0	34	56	0	0	78	79	2	0	171	206	0	0	276	81	94	0	84	99	0	64	68	0	0	123	172	0	0	91	112	0	40	122	0	0	31	52	0	0	64	71	0	0	132	191	0	0	120	122	5	47	46	0	0	24	31	0	0	46	134	4	0	34	56	0	0	78	79	2	0	171	206	0	0	259	57	86	0	81	94	0	58	68	0	0	115	165	0	0	83	99	0	21	110	0	0	20	43	0	0	64	68	0	0	122	172	0	0	91	112	0	22	42	0	0	14	28	0	0	40	122	0	0	31	52	0	0	64	71	0	0	132	191	0	0	120	122	5	58	36	16	0	96	187	5	0	47	46	0	0	24	31	0	0	46	134	4	0	34	56	0	0	78	79	2	0	171	206	0	0
331	317	115	71	2	303	88	61	0	115	71	2	61	0	2	0	210	104	4	0	289	81	61	0	88	61	0	50	0	0	0	154	79	0	0	115	71	2	54	0	4	0	42	40	0	0	61	0	2	0	210	104	4	0	275	79	61	0	81	61	0	50	0	0	0	144	79	0	0	88	61	0	51	0	0	0	38	40	0	0	50	0	0	0	154	79	0	0	115	71	2	50	0	0	0	30	16	0	0	54	0	4	0	42	40	0	0	61	0	2	0	210	104	4	0	261	62	53	0	79	61	0	46	0	0	0	141	79	0	0	81	61	0	32	0	0	0	27	40	0	0	50	0	0	0	144	79	0	0	88	61	0	37	0	0	0	19	11	0	0	51	0	0	0	38	40	0	0	50	0	0	0	154	79	0	0	115	71	2	55	40	4	0	66	142	0	0	50	0	0	0	30	16	0	0	54	0	4	0	42	40	0	0	61	0	2	0	210	104	4	0
424	407	114	114	2	390	81	90	0	114	114	2	63	20	2	0	190	189	8	0	373	74	76	0	81	90	0	53	0	0	0	130	131	0	0	114	114	2	41	90	4	0	45	58	2	0	63	20	2	0	190	189	8	0	356	70	70	0	74	76	0	49	0	0	0	119	100	0	0	81	90	0	33	90	0	0	38	54	0	0	53	0	0	0	130	131	0	0	114	114	2	28	66	0	0	23	40	0	0	41	90	4	0	45	58	2	0	63	20	2	0	190	189	8	0	339	64	58	0	70	70	0	49	0	0	0	118	97	0	0	74	76	0	26	90	0	0	31	40	0	0	49	0	0	0	119	100	0	0	81	90	0	26	54	0	0	15	31	0	0	33	90	0	0	38	54	0	0	53	0	0	0	130	131	0	0	114	114	2	44	60	4	0	66	30	0	0	28	66	0	0	23	40	0	0	41	90	4	0	45	58	2	0	63	20	2	0	190	189	8	0
337	323	81	79	0	309	49	64	0	81	79	0	26	45	0	0	147	133	0	0	295	45	55	0	49	64	0	16	36	0	0	90	99	0	0	81	79	0	16	54	0	0	25	30	0	0	26	45	0	0	147	133	0	0	281	42	52	0	45	55	0	13	36	0	0	85	78	0	0	49	64	0	10	54	0	0	20	27	0	0	16	36	0	0	90	99	0	0	81	79	0	20	30	0	0	17	23	0	0	16	54	0	0	25	30	0	0	26	45	0	0	147	133	0	0	267	41	42	0	42	52	0	13	36	0	0	84	78	0	0	45	55	0	10	54	0	0	19	18	0	0	13	36	0	0	85	78	0	0	49	64	0	19	27	0	0	10	18	0	0	10	54	0	0	20	27	0	0	16	36	0	0	90	99	0	0	81	79	0	42	36	0	0	33	9	0	0	20	30	0	0	17	23	0	0	16	54	0	0	25	30	0	0	26	45	0	0	147	133	0	0
261	251	69	31	0	241	39	16	0	69	31	0	25	0	0	0	126	93	0	0	231	35	16	0	39	16	0	15	0	0	0	63	48	0	0	69	31	0	23	0	0	0	32	24	0	0	25	0	0	0	126	93	0	0	221	33	16	0	35	16	0	12	0	0	0	58	48	0	0	39	16	0	18	0	0	0	20	24	0	0	15	0	0	0	63	48	0	0	69	31	0	11	0	0	0	15	11	0	0	23	0	0	0	32	24	0	0	25	0	0	0	126	93	0	0	211	33	16	0	33	16	0	12	0	0	0	57	48	0	0	35	16	0	18	0	0	0	19	24	0	0	12	0	0	0	58	48	0	0	39	16	0	11	0	0	0	8	8	0	0	18	0	0	0	20	24	0	0	15	0	0	0	63	48	0	0	69	31	0	32	0	0	0	23	0	0	0	11	0	0	0	15	11	0	0	23	0	0	0	32	24	0	0	25	0	0	0	126	93	0	0
407	391	91	80	21	375	60	51	2	91	80	21	36	26	15	6	127	189	63	4	359	55	48	0	60	51	2	27	26	4	0	81	129	6	0	91	80	21	29	27	0	0	44	57	0	0	36	26	15	6	127	189	63	4	343	51	37	0	55	48	0	23	26	0	0	76	126	0	0	60	51	2	21	0	0	0	28	39	0	0	27	26	4	0	81	129	6	0	91	80	21	17	24	10	0	15	22	21	0	29	27	0	0	44	57	0	0	36	26	15	6	127	189	63	4	327	38	36	0	51	37	0	17	24	0	0	73	111	0	0	55	48	0	21	0	0	0	28	39	0	0	23	26	0	0	76	126	0	0	60	51	2	8	24	4	0	11	13	2	0	21	0	0	0	28	39	0	0	27	26	4	0	81	129	6	0	91	80	21	12	12	59	0	54	0	0	0	17	24	10	0	15	22	21	0	29	27	0	0	44	57	0	0	36	26	15	6	127	189	63	4
267	256	68	33	13	245	48	19	0	63	33	13	15	0	5	0	106	50	26	4	234	44	19	0	43	19	0	10	0	0	0	69	29	0	0	63	33	13	27	0	0	0	40	32	0	0	15	0	5	0	106	50	26	4	223	42	19	0	39	19	0	9	0	0	0	66	29	0	0	43	19	0	22	0	0	0	26	18	0	0	10	0	0	0	69	29	0	0	63	33	13	15	0	0	0	15	7	0	0	27	0	0	0	40	32	0	0	15	0	5	0	106	50	26	4	212	30	18	0	37	19	0	9	0	0	0	65	29	0	0	39	19	0	12	0	0	0	23	18	0	0	9	0	0	0	66	29	0	0	43	19	0	7	0	0	0	9	0	0	0	22	0	0	0	26	18	0	0	10	0	0	0	69	29	0	0	63	33	13	8	9	35	0	33	45	0	0	15	0	0	0	15	7	0	0	27	0	0	0	40	32	0	0	15	0	5	0	106	50	26	4
236	227	52	15	11	218	32	8	0	52	15	11	13	0	5	0	94	39	11	2	209	31	8	0	32	8	0	12	0	0	0	55	32	0	0	52	15	11	21	0	0	0	32	7	0	0	13	0	5	0	94	39	11	2	200	30	8	0	31	8	0	12	0	0	0	54	32	0	0	32	8	0	18	0	0	0	20	0	0	0	12	0	0	0	55	32	0	0	52	15	11	11	0	0	0	13	0	0	0	21	0	0	0	32	7	0	0	13	0	5	0	94	39	11	2	191	24	8	0	30	8	0	12	0	0	0	53	32	0	0	31	8	0	18	0	0	0	20	0	0	0	12	0	0	0	54	32	0	0	32	8	0	8	0	0	0	8	0	0	0	18	0	0	0	20	0	0	0	12	0	0	0	55	32	0	0	52	15	11	5	0	24	0	18	0	0	0	11	0	0	0	13	0	0	0	21	0	0	0	32	7	0	0	13	0	5	0	94	39	11	2
375	360	71	76	11	345	41	44	0	71	76	11	24	44	5	0	103	168	44	2	330	36	44	0	41	44	0	15	44	0	0	62	99	0	0	71	76	11	28	0	0	0	32	47	0	0	24	44	5	0	103	168	44	2	315	33	44	0	36	44	0	11	44	0	0	57	99	0	0	41	44	0	21	0	0	0	21	33	0	0	15	44	0	0	62	99	0	0	71	76	11	13	0	0	0	12	18	0	0	28	0	0	0	32	47	0	0	24	44	5	0	103	168	44	2	300	27	44	0	33	44	0	11	44	0	0	56	99	0	0	36	44	0	21	0	0	0	21	33	0	0	11	44	0	0	57	99	0	0	41	44	0	10	0	0	0	8	11	0	0	21	0	0	0	21	33	0	0	15	44	0	0	62	99	0	0	71	76	11	10	0	24	0	21	0	0	0	13	0	0	0	12	18	0	0	28	0	0	0	32	47	0	0	24	44	5	0	103	168	44	2
285	274	52	35	3	263	29	10	0	52	35	3	25	0	0	0	77	65	15	0	252	24	10	0	29	10	0	10	0	0	0	46	0	0	0	52	35	3	8	0	0	0	24	25	0	0	25	0	0	0	77	65	15	0	241	22	10	0	24	10	0	9	0	0	0	43	0	0	0	29	10	0	3	0	0	0	17	0	0	0	10	0	0	0	46	0	0	0	52	35	3	4	0	0	0	9	5	0	0	8	0	0	0	24	25	0	0	25	0	0	0	77	65	15	0	230	22	10	0	22	10	0	9	0	0	0	42	0	0	0	24	10	0	3	0	0	0	17	0	0	0	9	0	0	0	43	0	0	0	29	10	0	4	0	0	0	6	0	0	0	3	0	0	0	17	0	0	0	10	0	0	0	46	0	0	0	52	35	3	9	0	0	0	21	0	0	0	4	0	0	0	9	5	0	0	8	0	0	0	24	25	0	0	25	0	0	0	77	65	15	0
376	360	82	64	45	344	65	52	9	77	64	45	49	11	0	5	88	66	45	59	328	51	41	6	60	52	9	33	0	0	2	73	54	9	2	77	64	45	15	0	41	6	23	26	45	0	49	11	0	5	88	66	45	59	312	45	41	0	46	41	6	21	0	0	0	62	43	6	0	60	52	9	13	0	30	0	19	26	9	0	33	0	0	2	73	54	9	2	77	64	45	9	0	22	0	11	13	0	0	15	0	41	6	23	26	45	0	49	11	0	5	88	66	45	59	296	36	39	0	40	41	0	17	0	0	0	57	43	0	0	46	41	6	3	0	24	0	16	26	6	0	21	0	0	0	62	43	6	0	60	52	9	4	0	19	0	9	13	0	0	13	0	30	0	19	26	9	0	33	0	0	2	73	54	9	2	77	64	45	10	26	0	0	51	117	0	0	9	0	22	0	11	13	0	0	15	0	41	6	23	26	45	0	49	11	0	5	88	66	45	59
369	354	59	75	15	339	45	35	9	59	75	15	30	84	0	5	47	39	60	3	324	36	14	6	45	35	9	27	0	0	2	39	7	36	0	59	75	15	5	0	32	6	11	0	45	0	30	84	0	5	47	39	60	3	309	30	14	0	36	14	6	15	0	0	0	30	0	24	0	45	35	9	3	0	30	0	10	0	27	0	27	0	0	2	39	7	36	0	59	75	15	2	0	22	0	7	14	0	0	5	0	32	6	11	0	45	0	30	84	0	5	47	39	60	3	294	26	14	0	30	14	0	11	0	0	0	25	0	0	0	36	14	6	3	0	24	0	10	0	18	0	15	0	0	0	30	0	24	0	45	35	9	2	0	19	0	7	14	0	0	3	0	30	0	10	0	27	0	27	0	0	2	39	7	36	0	59	75	15	10	0	0	0	51	56	0	0	2	0	22	0	7	14	0	0	5	0	32	6	11	0	45	0	30	84	0	5	47	39	60	3
410	393	61	98	37	376	43	74	5	61	98	37	37	70	0	20	67	88	74	48	359	34	60	0	43	74	5	18	48	0	0	53	74	10	2	61	98	37	14	56	9	0	18	51	37	2	37	70	0	20	67	88	74	48	342	30	49	0	34	60	0	15	38	0	0	45	63	0	0	43	74	5	12	37	0	0	17	50	5	0	18	48	0	0	53	74	10	2	61	98	37	8	23	27	0	7	13	37	0	14	56	9	0	18	51	37	2	37	70	0	20	67	88	74	48	325	27	44	0	30	49	0	15	35	0	0	42	58	0	0	34	60	0	9	33	0	0	14	45	0	0	15	38	0	0	45	63	0	0	43	74	5	8	20	15	0	7	13	5	0	12	37	0	0	17	50	5	0	18	48	0	0	53	74	10	2	61	98	37	7	53	0	0	24	36	0	0	8	23	27	0	7	13	37	0	14	56	9	0	18	51	37	2	37	70	0	20	67	88	74	48
297	285	40	41	21	273	24	20	0	40	41	21	25	0	0	0	39	51	63	35	261	18	20	0	24	20	0	10	0	0	0	30	30	0	2	40	41	21	5	0	9	0	12	0	0	0	25	0	0	0	39	51	63	35	249	17	20	0	18	20	0	9	0	0	0	26	30	0	0	24	20	0	3	0	0	0	12	0	0	0	10	0	0	0	30	30	0	2	40	41	21	4	0	0	0	5	0	0	0	5	0	9	0	12	0	0	0	25	0	0	0	39	51	63	35	237	17	20	0	17	20	0	9	0	0	0	26	30	0	0	18	20	0	3	0	0	0	12	0	0	0	9	0	0	0	26	30	0	0	24	20	0	4	0	0	0	5	0	0	0	3	0	0	0	12	0	0	0	10	0	0	0	30	30	0	2	40	41	21	8	0	0	0	16	0	0	0	4	0	0	0	5	0	0	0	5	0	9	0	12	0	0	0	25	0	0	0	39	51	63	35
231	222	35	18	12	213	22	0	0	35	18	12	23	0	0	0	32	18	36	14	204	17	0	0	22	0	0	8	0	0	0	23	0	0	0	35	18	12	5	0	0	0	9	0	0	0	23	0	0	0	32	18	36	14	195	16	0	0	17	0	0	7	0	0	0	20	0	0	0	22	0	0	3	0	0	0	9	0	0	0	8	0	0	0	23	0	0	0	35	18	12	2	0	0	0	4	0	0	0	5	0	0	0	9	0	0	0	23	0	0	0	32	18	36	14	186	16	0	0	16	0	0	7	0	0	0	20	0	0	0	17	0	0	3	0	0	0	9	0	0	0	7	0	0	0	20	0	0	0	22	0	0	2	0	0	0	4	0	0	0	3	0	0	0	9	0	0	0	8	0	0	0	23	0	0	0	35	18	12	7	0	0	0	16	0	0	0	2	0	0	0	4	0	0	0	5	0	0	0	9	0	0	0	23	0	0	0	32	18	36	14
248	238	15	16	23	228	7	0	3	15	16	23	0	0	24	0	4	0	46	48	218	7	0	3	7	0	3	0	0	3	0	3	0	6	9	15	16	23	0	0	0	0	0	0	0	0	0	0	24	0	4	0	46	48	208	7	0	3	7	0	3	0	0	3	0	3	0	6	6	7	0	3	0	0	0	0	0	0	0	0	0	0	3	0	3	0	6	9	15	16	23	0	0	0	0	2	0	0	0	0	0	0	0	0	0	0	0	0	0	24	0	4	0	46	48	198	7	0	3	7	0	3	0	0	3	0	3	0	6	0	7	0	3	0	0	0	0	0	0	0	0	0	0	3	0	3	0	6	6	7	0	3	0	0	0	0	2	0	0	0	0	0	0	0	0	0	0	0	0	0	3	0	3	0	6	9	15	16	23	0	0	0	0	8	0	0	0	0	0	0	0	2	0	0	0	0	0	0	0	0	0	0	0	0	0	24	0	4	0	46	48
274	263	17	10	28	252	4	0	21	17	10	28	0	0	46	0	2	0	28	15	241	4	0	21	4	0	21	0	0	25	0	0	0	21	9	17	10	28	0	0	0	0	0	0	0	0	0	0	46	0	2	0	28	15	230	4	0	21	4	0	21	0	0	25	0	0	0	21	6	4	0	21	0	0	0	0	0	0	0	0	0	0	25	0	0	0	21	9	17	10	28	0	0	0	0	2	0	0	0	0	0	0	0	0	0	0	0	0	0	46	0	2	0	28	15	219	4	0	18	4	0	21	0	0	25	0	0	0	21	0	4	0	21	0	0	0	0	0	0	0	0	0	0	25	0	0	0	21	6	4	0	21	0	0	0	0	2	0	0	0	0	0	0	0	0	0	0	0	0	0	25	0	0	0	21	9	17	10	28	0	0	0	11	11	0	0	0	0	0	0	0	2	0	0	0	0	0	0	0	0	0	0	0	0	0	46	0	2	0	28	15
273	262	27	18	29	251	11	0	29	27	18	29	0	0	57	0	9	0	58	0	240	11	0	29	11	0	29	0	0	57	0	4	0	58	0	27	18	29	0	0	0	0	0	0	0	0	0	0	57	0	9	0	58	0	229	11	0	29	11	0	29	0	0	57	0	4	0	58	0	11	0	29	0	0	0	0	0	0	0	0	0	0	57	0	4	0	58	0	27	18	29	0	0	0	0	2	0	0	0	0	0	0	0	0	0	0	0	0	0	57	0	9	0	58	0	218	11	0	18	11	0	29	0	0	57	0	4	0	58	0	11	0	29	0	0	0	0	0	0	0	0	0	0	57	0	4	0	58	0	11	0	29	0	0	0	0	2	0	0	0	0	0	0	0	0	0	0	0	0	0	57	0	4	0	58	0	27	18	29	0	0	0	11	21	0	0	11	0	0	0	0	2	0	0	0	0	0	0	0	0	0	0	0	0	0	57	0	9	0	58	0
243	233	20	17	40	223	12	9	0	20	17	40	4	0	41	0	14	0	40	130	213	11	9	0	12	9	0	3	0	0	0	11	0	0	23	20	17	40	3	0	9	0	6	0	0	0	4	0	41	0	14	0	40	130	203	11	9	0	11	9	0	3	0	0	0	11	0	0	12	12	9	0	3	0	0	0	6	0	0	0	3	0	0	0	11	0	0	23	20	17	40	2	0	0	0	4	0	0	0	3	0	9	0	6	0	0	0	4	0	41	0	14	0	40	130	193	10	9	0	11	9	0	3	0	0	0	11	0	0	0	11	9	0	2	0	0	0	5	0	0	0	3	0	0	0	11	0	0	12	12	9	0	1	0	0	0	4	0	0	0	3	0	0	0	6	0	0	0	3	0	0	0	11	0	0	23	20	17	40	5	0	9	0	20	0	0	0	2	0	0	0	4	0	0	0	3	0	9	0	6	0	0	0	4	0	41	0	14	0	40	130
175	168	17	0	29	161	9	0	0	17	0	29	4	0	30	0	10	0	0	85	154	8	0	0	9	0	0	3	0	0	0	8	0	0	14	17	0	29	3	0	9	0	4	0	0	0	4	0	30	0	10	0	0	85	147	8	0	0	8	0	0	3	0	0	0	8	0	0	6	9	0	0	3	0	0	0	4	0	0	0	3	0	0	0	8	0	0	14	17	0	29	2	0	0	0	2	0	0	0	3	0	9	0	4	0	0	0	4	0	30	0	10	0	0	85	140	7	0	0	8	0	0	3	0	0	0	8	0	0	0	8	0	0	2	0	0	0	3	0	0	0	3	0	0	0	8	0	0	6	9	0	0	1	0	0	0	2	0	0	0	3	0	0	0	4	0	0	0	3	0	0	0	8	0	0	14	17	0	29	3	0	9	0	7	0	0	0	2	0	0	0	2	0	0	0	3	0	9	0	4	0	0	0	4	0	30	0	10	0	0	85
350	335	40	26	62	320	34	26	34	40	26	62	22	0	10	57	26	0	0	52	305	34	26	25	34	26	34	22	0	10	29	26	0	0	32	40	26	62	7	0	0	8	7	0	0	15	22	0	10	57	26	0	0	52	290	34	26	25	34	26	25	22	0	8	29	26	0	0	32	34	26	34	7	0	0	8	2	0	0	9	22	0	10	29	26	0	0	32	40	26	62	3	0	0	0	7	0	0	0	7	0	0	8	7	0	0	15	22	0	10	57	26	0	0	52	275	34	26	24	34	26	25	22	0	8	29	26	0	0	32	34	26	25	7	0	0	8	2	0	0	6	22	0	8	29	26	0	0	32	34	26	34	3	0	0	0	7	0	0	0	7	0	0	8	2	0	0	9	22	0	10	29	26	0	0	32	40	26	62	6	0	0	3	76	0	0	0	3	0	0	0	7	0	0	0	7	0	0	8	7	0	0	15	22	0	10	57	26	0	0	52
303	290	27	12	76	277	25	12	31	27	12	76	8	0	6	56	16	0	0	120	264	25	12	22	25	12	31	8	0	6	28	16	0	0	53	27	12	76	0	0	0	8	2	0	0	15	8	0	6	56	16	0	0	120	251	24	12	22	25	12	22	8	0	4	28	16	0	0	53	25	12	31	0	0	0	8	0	0	0	9	8	0	6	28	16	0	0	53	27	12	76	0	0	0	0	4	12	0	0	0	0	0	8	2	0	0	15	8	0	6	56	16	0	0	120	238	20	12	22	24	12	22	4	0	4	28	14	0	0	53	25	12	22	0	0	0	8	0	0	0	6	8	0	4	28	16	0	0	53	25	12	31	0	0	0	0	4	12	0	0	0	0	0	8	0	0	0	9	8	0	6	28	16	0	0	53	27	12	76	3	0	0	0	40	48	0	0	0	0	0	0	4	12	0	0	0	0	0	8	2	0	0	15	8	0	6	56	16	0	0	120
266	254	46	37	28	242	40	29	24	46	37	28	31	0	10	20	35	9	28	0	230	39	29	22	40	29	24	31	0	10	20	35	9	24	0	46	37	28	10	0	0	8	9	8	0	0	31	0	10	20	35	9	28	0	218	39	27	22	39	29	22	31	0	8	20	33	9	22	0	40	29	24	10	0	0	8	5	0	0	0	31	0	10	20	35	9	24	0	46	37	28	4	18	0	0	6	0	0	0	10	0	0	8	9	8	0	0	31	0	10	20	35	9	28	0	206	34	26	21	39	27	22	31	0	8	20	33	9	22	0	39	29	22	7	0	0	8	2	0	0	0	31	0	8	20	33	9	22	0	40	29	24	4	18	0	0	6	0	0	0	10	0	0	8	5	0	0	0	31	0	10	20	35	9	24	0	46	37	28	5	8	0	3	63	44	0	0	4	18	0	0	6	0	0	0	10	0	0	8	9	8	0	0	31	0	10	20	35	9	28	0
392	375	63	55	74	358	53	42	65	63	55	74	40	0	45	65	58	14	74	0	341	52	42	31	53	42	65	40	0	43	8	55	14	65	0	63	55	74	13	0	0	47	21	13	0	97	40	0	45	65	58	14	74	0	324	49	42	21	52	42	31	40	0	26	8	53	14	31	0	53	42	65	12	0	0	18	15	0	0	23	40	0	43	8	55	14	65	0	63	55	74	7	0	35	5	13	0	0	21	13	0	0	47	21	13	0	97	40	0	45	65	58	14	74	0	307	44	39	17	49	42	21	37	0	23	8	45	14	21	0	52	42	31	9	0	0	12	12	0	0	12	40	0	26	8	53	14	31	0	53	42	65	6	0	33	2	13	0	0	2	12	0	0	18	15	0	0	23	40	0	43	8	55	14	65	0	63	55	74	7	39	23	9	98	39	0	0	7	0	35	5	13	0	0	21	13	0	0	47	21	13	0	97	40	0	45	65	58	14	74	0
335	319	71	92	22	303	52	69	22	71	92	22	42	93	46	0	70	95	44	0	287	51	64	18	52	69	22	42	85	46	0	62	87	44	0	71	92	22	19	46	0	20	19	7	0	0	42	93	46	0	70	95	44	0	271	51	63	17	51	64	18	42	81	38	0	60	81	36	0	52	69	22	19	45	0	18	13	0	0	0	42	85	46	0	62	87	44	0	71	92	22	23	9	0	5	12	0	0	0	19	46	0	20	19	7	0	0	42	93	46	0	70	95	44	0	255	44	61	9	51	63	17	42	81	35	0	60	81	34	0	51	64	18	16	45	0	12	10	0	0	0	42	81	38	0	60	81	36	0	52	69	22	15	9	0	2	11	0	0	0	19	45	0	18	13	0	0	0	42	85	46	0	62	87	44	0	71	92	22	16	14	0	9	89	73	0	5	23	9	0	5	12	0	0	0	19	46	0	20	19	7	0	0	42	93	46	0	70	95	44	0
408	389	75	99	91	370	63	90	50	75	99	91	50	117	0	77	89	127	0	124	351	56	75	48	63	90	50	44	117	0	75	83	115	0	111	75	99	91	25	36	42	18	18	36	91	0	50	117	0	77	89	127	0	124	332	54	72	34	56	75	48	40	108	0	52	71	88	0	71	63	90	50	23	36	41	0	18	36	50	0	44	117	0	75	83	115	0	111	75	99	91	16	36	12	29	16	12	0	37	25	36	42	18	18	36	91	0	50	117	0	77	89	127	0	124	313	47	36	27	54	72	34	38	108	0	50	68	84	0	60	56	75	48	21	0	39	0	12	0	48	0	40	108	0	52	71	88	0	71	63	90	50	16	36	11	23	15	12	0	5	23	36	41	0	18	36	50	0	44	117	0	75	83	115	0	111	75	99	91	16	0	78	35	84	0	273	0	16	36	12	29	16	12	0	37	25	36	42	18	18	36	91	0	50	117	0	77	89	127	0	124
329	313	73	74	45	297	54	69	35	73	74	45	39	45	6	20	107	135	0	22	281	46	68	35	54	69	35	33	45	6	20	92	135	0	22	73	74	45	28	14	48	0	22	15	0	0	39	45	6	20	107	135	0	22	265	45	63	32	46	68	35	33	45	6	16	76	132	0	18	54	69	35	24	9	48	0	22	15	0	0	33	45	6	20	92	135	0	22	73	74	45	28	45	0	21	18	9	0	0	28	14	48	0	22	15	0	0	39	45	6	20	107	135	0	22	249	39	63	22	45	63	32	33	45	6	14	73	117	0	17	46	68	35	19	9	48	0	13	14	0	0	33	45	6	16	76	132	0	18	54	69	35	22	45	0	15	15	9	0	0	24	9	48	0	22	15	0	0	33	45	6	20	92	135	0	22	73	74	45	33	0	7	44	67	30	0	0	28	45	0	21	18	9	0	0	28	14	48	0	22	15	0	0	39	45	6	20	107	135	0	22
345	329	69	75	38	313	54	48	35	69	75	38	33	0	6	20	103	105	114	0	297	47	48	35	54	48	35	30	0	6	20	90	96	105	0	69	75	38	22	0	48	0	21	0	0	0	33	0	6	20	103	105	114	0	281	45	48	32	47	48	35	30	0	6	16	74	96	105	0	54	48	35	18	0	48	0	21	0	0	0	30	0	6	20	90	96	105	0	69	75	38	26	0	0	21	16	21	0	0	22	0	48	0	21	0	0	0	33	0	6	20	103	105	114	0	265	35	36	22	45	48	32	27	0	6	14	69	96	96	0	47	48	35	15	0	48	0	12	0	0	0	30	0	6	16	74	96	105	0	54	48	35	25	0	0	15	13	12	0	0	18	0	48	0	21	0	0	0	30	0	6	20	90	96	105	0	69	75	38	18	108	0	44	59	63	0	0	26	0	0	21	16	21	0	0	22	0	48	0	21	0	0	0	33	0	6	20	103	105	114	0
257	244	56	63	13	231	32	51	13	56	63	13	13	20	6	0	76	145	26	0	218	28	51	13	32	51	13	7	20	6	0	50	136	26	0	56	63	13	8	0	18	0	17	10	0	0	13	20	6	0	76	145	26	0	205	27	45	13	28	51	13	7	20	6	0	43	136	26	0	32	51	13	4	0	18	0	14	10	0	0	7	20	6	0	50	136	26	0	56	63	13	20	42	0	0	20	7	0	0	8	0	18	0	17	10	0	0	13	20	6	0	76	145	26	0	192	20	36	8	27	45	13	7	14	6	0	40	118	26	0	28	51	13	2	0	18	0	11	10	0	0	7	20	6	0	43	136	26	0	32	51	13	11	42	0	0	11	7	0	0	4	0	18	0	14	10	0	0	7	20	6	0	50	136	26	0	56	63	13	23	51	0	19	42	52	0	0	20	42	0	0	20	7	0	0	8	0	18	0	17	10	0	0	13	20	6	0	76	145	26	0
112	107	27	6	0	102	18	0	0	27	6	0	6	0	0	0	40	8	0	0	97	18	0	0	18	0	0	6	0	0	0	33	0	0	0	27	6	0	6	0	0	0	4	0	0	0	6	0	0	0	40	8	0	0	92	16	0	0	18	0	0	6	0	0	0	33	0	0	0	18	0	0	0	0	0	0	1	0	0	0	6	0	0	0	33	0	0	0	27	6	0	13	0	0	0	6	4	0	0	6	0	0	0	4	0	0	0	6	0	0	0	40	8	0	0	87	10	0	0	16	0	0	2	0	0	0	30	0	0	0	18	0	0	0	0	0	0	1	0	0	0	6	0	0	0	33	0	0	0	18	0	0	6	0	0	0	2	0	0	0	0	0	0	0	1	0	0	0	6	0	0	0	33	0	0	0	27	6	0	21	0	0	0	14	12	0	0	13	0	0	0	6	4	0	0	6	0	0	0	4	0	0	0	6	0	0	0	40	8	0	0
193	184	30	15	25	175	23	8	6	30	15	25	9	0	27	18	50	7	25	51	166	23	8	6	23	8	6	9	0	18	18	39	0	6	48	30	15	25	7	0	0	0	7	0	0	0	9	0	27	18	50	7	25	51	157	19	7	6	23	8	6	9	0	18	18	39	0	6	48	23	8	6	0	0	0	0	1	0	0	0	9	0	18	18	39	0	6	48	30	15	25	15	7	0	0	6	7	0	0	7	0	0	0	7	0	0	0	9	0	27	18	50	7	25	51	148	3	0	6	19	7	6	2	0	18	18	34	0	6	45	23	8	6	0	0	0	0	1	0	0	0	9	0	18	18	39	0	6	48	23	8	6	6	0	0	0	2	0	0	0	0	0	0	0	1	0	0	0	9	0	18	18	39	0	6	48	30	15	25	3	0	60	0	3	0	25	0	15	7	0	0	6	7	0	0	7	0	0	0	7	0	0	0	9	0	27	18	50	7	25	51
186	177	27	18	16	168	19	18	0	27	18	16	9	0	0	0	40	24	0	51	159	19	18	0	19	18	0	9	0	0	0	35	24	0	48	27	18	16	6	0	0	0	4	0	0	0	9	0	0	0	40	24	0	51	150	16	18	0	19	18	0	9	0	0	0	35	24	0	48	19	18	0	0	0	0	0	1	0	0	0	9	0	0	0	35	24	0	48	27	18	16	13	0	0	0	5	0	0	0	6	0	0	0	4	0	0	0	9	0	0	0	40	24	0	51	141	3	0	0	16	18	0	2	0	0	0	30	24	0	45	19	18	0	0	0	0	0	1	0	0	0	9	0	0	0	35	24	0	48	19	18	0	6	0	0	0	2	0	0	0	0	0	0	0	1	0	0	0	9	0	0	0	35	24	0	48	27	18	16	3	0	51	0	3	0	48	0	13	0	0	0	5	0	0	0	6	0	0	0	4	0	0	0	9	0	0	0	40	24	0	51
183	174	30	23	9	165	15	20	0	30	23	9	11	15	0	0	40	34	0	38	156	14	20	0	15	20	0	6	15	0	0	21	30	0	35	30	23	9	12	0	0	0	7	0	0	0	11	15	0	0	40	34	0	38	147	11	15	0	14	20	0	5	15	0	0	19	30	0	35	15	20	0	1	0	0	0	0	0	0	0	6	15	0	0	21	30	0	35	30	23	9	12	0	0	0	6	0	9	0	12	0	0	0	7	0	0	0	11	15	0	0	40	34	0	38	138	0	0	0	11	15	0	0	0	0	0	14	20	0	32	14	20	0	0	0	0	0	0	0	0	0	5	15	0	0	19	30	0	35	15	20	0	0	0	0	0	1	0	0	0	1	0	0	0	0	0	0	0	6	15	0	0	21	30	0	35	30	23	9	0	0	36	0	0	0	27	0	12	0	0	0	6	0	9	0	12	0	0	0	7	0	0	0	11	15	0	0	40	34	0	38
247	235	31	51	2	223	16	32	0	31	51	2	19	32	0	0	35	64	6	0	211	12	26	0	16	32	0	8	32	0	0	17	40	0	0	31	51	2	9	30	0	0	4	15	0	0	19	32	0	0	35	64	6	0	199	8	10	0	12	26	0	4	20	0	0	12	31	0	0	16	32	0	1	0	0	0	0	0	0	0	8	32	0	0	17	40	0	0	31	51	2	6	30	0	0	3	10	4	0	9	30	0	0	4	15	0	0	19	32	0	0	35	64	6	0	187	0	0	0	8	10	0	0	0	0	0	8	10	0	0	12	26	0	0	0	0	0	0	0	0	0	4	20	0	0	12	31	0	0	16	32	0	0	0	0	0	0	0	0	0	1	0	0	0	0	0	0	0	8	32	0	0	17	40	0	0	31	51	2	0	0	0	0	0	0	4	0	6	30	0	0	3	10	4	0	9	30	0	0	4	15	0	0	19	32	0	0	35	64	6	0
206	196	33	34	0	186	14	17	0	33	34	0	20	25	0	0	33	54	0	0	176	10	9	0	14	17	0	10	9	0	0	14	18	0	0	33	34	0	9	17	0	0	3	8	0	0	20	25	0	0	33	54	0	0	166	5	2	0	10	9	0	7	2	0	0	11	4	0	0	14	17	0	0	2	0	0	0	0	0	0	10	9	0	0	14	18	0	0	33	34	0	6	10	0	0	2	4	0	0	9	17	0	0	3	8	0	0	20	25	0	0	33	54	0	0	156	0	0	0	5	2	0	0	0	0	0	6	0	0	0	10	9	0	0	0	0	0	0	0	0	0	7	2	0	0	11	4	0	0	14	17	0	0	0	0	0	0	0	0	0	0	2	0	0	0	0	0	0	10	9	0	0	14	18	0	0	33	34	0	0	0	0	0	0	0	0	0	6	10	0	0	2	4	0	0	9	17	0	0	3	8	0	0	20	25	0	0	33	54	0	0
388	369	39	89	87	350	18	54	79	39	89	87	21	123	50	9	37	84	174	2	331	9	13	60	18	54	79	14	39	48	6	14	39	158	0	39	89	87	2	26	74	60	0	0	261	91	21	123	50	9	37	84	174	2	312	0	0	58	9	13	60	0	0	47	6	6	0	120	0	18	54	79	0	0	62	59	0	0	237	50	14	39	48	6	14	39	158	0	39	89	87	0	0	71	23	0	0	87	0	2	26	74	60	0	0	261	91	21	123	50	9	37	84	174	2	293	0	0	56	0	0	58	0	0	45	6	0	0	116	0	9	13	60	0	0	24	57	0	0	180	48	0	0	47	6	6	0	120	0	18	54	79	0	0	58	21	0	0	79	0	0	0	62	59	0	0	237	50	14	39	48	6	14	39	158	0	39	89	87	0	0	0	18	0	0	0	0	0	0	71	23	0	0	87	0	2	26	74	60	0	0	261	91	21	123	50	9	37	84	174	2
227	216	26	19	37	205	14	10	22	26	19	37	19	0	2	9	25	0	37	27	194	7	9	16	14	10	22	8	0	0	6	10	0	22	6	26	19	37	3	9	12	48	0	0	0	0	19	0	2	9	25	0	37	27	183	0	0	16	7	9	16	0	0	0	6	2	0	16	6	14	10	22	0	0	0	48	0	0	0	0	8	0	0	6	10	0	22	6	26	19	37	0	0	42	0	0	0	37	0	3	9	12	48	0	0	0	0	19	0	2	9	25	0	37	27	172	0	0	16	0	0	16	0	0	0	6	0	0	16	6	7	9	16	0	0	0	48	0	0	0	0	0	0	0	6	2	0	16	6	14	10	22	0	0	22	0	0	0	22	0	0	0	0	48	0	0	0	0	8	0	0	6	10	0	22	6	26	19	37	0	0	0	0	0	0	0	0	0	0	42	0	0	0	37	0	3	9	12	48	0	0	0	0	19	0	2	9	25	0	37	27
311	296	27	44	65	281	10	0	62	27	44	65	15	0	37	9	21	55	260	0	266	5	0	56	10	0	62	4	0	35	6	5	0	248	0	27	44	65	4	0	2	48	0	0	0	0	15	0	37	9	21	55	260	0	251	0	0	55	5	0	56	0	0	35	6	0	0	224	0	10	0	62	0	0	0	48	0	0	0	0	4	0	35	6	5	0	248	0	27	44	65	0	0	25	12	0	0	0	0	4	0	2	48	0	0	0	0	15	0	37	9	21	55	260	0	236	0	0	55	0	0	55	0	0	34	6	0	0	220	0	5	0	56	0	0	0	48	0	0	0	0	0	0	35	6	0	0	224	0	10	0	62	0	0	22	12	0	0	0	0	0	0	0	48	0	0	0	0	4	0	35	6	5	0	248	0	27	44	65	0	0	0	0	0	0	0	0	0	0	25	12	0	0	0	0	4	0	2	48	0	0	0	0	15	0	37	9	21	55	260	0
146	139	24	6	7	132	12	0	0	24	6	7	19	0	2	0	25	0	7	2	125	5	0	0	12	0	0	8	0	0	0	10	0	0	0	24	6	7	4	0	12	0	0	0	0	0	19	0	2	0	25	0	7	2	118	0	0	0	5	0	0	0	0	0	0	2	0	0	0	12	0	0	0	0	0	0	0	0	0	0	8	0	0	0	10	0	0	0	24	6	7	0	0	12	0	0	0	0	0	4	0	12	0	0	0	0	0	19	0	2	0	25	0	7	2	111	0	0	0	0	0	0	0	0	0	0	0	0	0	0	5	0	0	0	0	0	0	0	0	0	0	0	0	0	0	2	0	0	0	12	0	0	0	0	0	0	0	0	0	0	0	0	0	0	0	0	0	0	8	0	0	0	10	0	0	0	24	6	7	0	0	0	0	0	0	0	0	0	0	12	0	0	0	0	0	4	0	12	0	0	0	0	0	19	0	2	0	25	0	7	2
204	194	21	29	2	184	7	5	0	21	29	2	11	20	2	0	15	25	8	0	174	3	0	0	7	5	0	4	0	0	0	5	0	0	0	21	29	2	4	0	2	0	0	0	2	0	11	20	2	0	15	25	8	0	164	0	0	0	3	0	0	0	0	0	0	0	0	0	0	7	5	0	0	0	0	0	0	0	0	0	4	0	0	0	5	0	0	0	21	29	2	0	0	2	0	0	0	0	0	4	0	2	0	0	0	2	0	11	20	2	0	15	25	8	0	154	0	0	0	0	0	0	0	0	0	0	0	0	0	0	3	0	0	0	0	0	0	0	0	0	0	0	0	0	0	0	0	0	0	7	5	0	0	0	0	0	0	0	0	0	0	0	0	0	0	0	0	0	4	0	0	0	5	0	0	0	21	29	2	0	0	0	0	0	0	0	0	0	0	2	0	0	0	0	0	4	0	2	0	0	0	2	0	11	20	2	0	15	25	8	0
277	263	11	33	81	249	1	0	47	11	33	81	3	0	72	61	3	0	243	154	235	0	0	47	1	0	47	0	0	26	61	0	0	141	141	11	33	81	0	0	13	0	0	0	0	0	3	0	72	61	3	0	243	154	221	0	0	46	0	0	47	0	0	26	60	0	0	141	116	1	0	47	0	0	0	0	0	0	0	0	0	0	26	61	0	0	141	141	11	33	81	0	0	0	12	0	0	0	0	0	0	13	0	0	0	0	0	3	0	72	61	3	0	243	154	207	0	0	44	0	0	46	0	0	24	57	0	0	138	113	0	0	47	0	0	0	0	0	0	0	0	0	0	26	60	0	0	141	116	1	0	47	0	0	0	11	0	0	0	0	0	0	0	0	0	0	0	0	0	0	26	61	0	0	141	141	11	33	81	0	0	0	23	0	0	0	0	0	0	0	12	0	0	0	0	0	0	13	0	0	0	0	0	3	0	72	61	3	0	243	154
180	171	8	0	49	162	0	0	31	8	0	49	0	0	5	22	0	0	0	67	153	0	0	31	0	0	31	0	0	0	22	0	0	0	62	8	0	49	0	0	0	0	0	0	0	0	0	0	5	22	0	0	0	67	144	0	0	31	0	0	31	0	0	0	22	0	0	0	56	0	0	31	0	0	0	0	0	0	0	0	0	0	0	22	0	0	0	62	8	0	49	0	0	0	0	0	0	0	0	0	0	0	0	0	0	0	0	0	0	5	22	0	0	0	67	135	0	0	31	0	0	31	0	0	0	22	0	0	0	55	0	0	31	0	0	0	0	0	0	0	0	0	0	0	22	0	0	0	56	0	0	31	0	0	0	0	0	0	0	0	0	0	0	0	0	0	0	0	0	0	0	22	0	0	0	62	8	0	49	0	0	0	0	0	0	0	0	0	0	0	0	0	0	0	0	0	0	0	0	0	0	0	0	0	0	5	22	0	0	0	67
178	169	8	14	23	160	1	0	2	8	14	23	1	0	12	10	2	0	46	67	151	0	0	0	1	0	2	0	0	2	0	0	0	4	62	8	14	23	0	0	7	0	0	0	0	0	1	0	12	10	2	0	46	67	142	0	0	0	0	0	0	0	0	0	0	0	0	0	56	1	0	2	0	0	2	0	0	0	0	0	0	0	2	0	0	0	4	62	8	14	23	0	0	0	0	0	0	0	0	0	0	7	0	0	0	0	0	1	0	12	10	2	0	46	67	133	0	0	0	0	0	0	0	0	0	0	0	0	0	55	0	0	0	0	0	0	0	0	0	0	0	0	0	0	0	0	0	0	56	1	0	2	0	0	0	0	0	0	0	0	0	0	2	0	0	0	0	0	0	0	2	0	0	0	4	62	8	14	23	0	0	0	0	0	0	0	0	0	0	0	0	0	0	0	0	0	0	7	0	0	0	0	0	1	0	12	10	2	0	46	67
180	171	13	0	44	162	2	0	0	13	0	44	3	0	44	0	3	0	0	198	153	0	0	0	2	0	0	0	0	0	0	0	0	0	163	13	0	44	0	0	22	0	0	0	0	0	3	0	44	0	3	0	0	198	144	0	0	0	0	0	0	0	0	0	0	0	0	0	132	2	0	0	0	0	0	0	0	0	0	0	0	0	0	0	0	0	0	163	13	0	44	0	0	0	0	0	0	0	0	0	0	22	0	0	0	0	0	3	0	44	0	3	0	0	198	135	0	0	0	0	0	0	0	0	0	0	0	0	0	129	0	0	0	0	0	0	0	0	0	0	0	0	0	0	0	0	0	0	132	2	0	0	0	0	0	0	0	0	0	0	0	0	0	0	0	0	0	0	0	0	0	0	0	0	0	163	13	0	44	0	0	0	0	0	0	0	0	0	0	0	0	0	0	0	0	0	0	22	0	0	0	0	0	3	0	44	0	3	0	0	198
118	112	5	8	0	106	0	0	0	5	8	0	0	0	0	0	0	0	0	0	100	0	0	0	0	0	0	0	0	0	0	0	0	0	0	5	8	0	0	0	0	0	0	0	0	0	0	0	0	0	0	0	0	0	94	0	0	0	0	0	0	0	0	0	0	0	0	0	0	0	0	0	0	0	0	0	0	0	0	0	0	0	0	0	0	0	0	0	5	8	0	0	0	0	0	0	0	0	0	0	0	0	0	0	0	0	0	0	0	0	0	0	0	0	0	88	0	0	0	0	0	0	0	0	0	0	0	0	0	0	0	0	0	0	0	0	0	0	0	0	0	0	0	0	0	0	0	0	0	0	0	0	0	0	0	0	0	0	0	0	0	0	0	0	0	0	0	0	0	0	0	0	0	0	0	0	5	8	0	0	0	0	0	0	0	0	0	0	0	0	0	0	0	0	0	0	0	0	0	0	0	0	0	0	0	0	0	0	0	0	0
133	126	0	0	46	119	0	0	23	0	0	46	0	0	0	14	0	0	0	104	112	0	0	22	0	0	23	0	0	0	13	0	0	0	49	0	0	46	0	0	0	13	0	0	0	0	0	0	0	14	0	0	0	104	105	0	0	22	0	0	22	0	0	0	13	0	0	0	47	0	0	23	0	0	0	13	0	0	0	0	0	0	0	13	0	0	0	49	0	0	46	0	0	0	0	0	0	0	0	0	0	0	13	0	0	0	0	0	0	0	14	0	0	0	104	98	0	0	21	0	0	22	0	0	0	12	0	0	0	46	0	0	22	0	0	0	12	0	0	0	0	0	0	0	13	0	0	0	47	0	0	23	0	0	0	0	0	0	0	0	0	0	0	13	0	0	0	0	0	0	0	13	0	0	0	49	0	0	46	0	0	0	12	0	0	0	0	0	0	0	0	0	0	0	0	0	0	0	13	0	0	0	0	0	0	0	14	0	0	0	104
209	198	7	0	90	187	0	0	72	7	0	90	0	0	54	60	6	0	0	81	176	0	0	52	0	0	72	0	0	52	13	0	0	0	47	7	0	90	0	0	0	25	0	0	0	89	0	0	54	60	6	0	0	81	165	0	0	52	0	0	52	0	0	36	13	0	0	0	47	0	0	72	0	0	0	25	0	0	0	79	0	0	52	13	0	0	0	47	7	0	90	0	0	0	0	0	0	0	0	0	0	0	25	0	0	0	89	0	0	54	60	6	0	0	81	154	0	0	38	0	0	52	0	0	36	12	0	0	0	46	0	0	52	0	0	0	12	0	0	0	60	0	0	36	13	0	0	0	47	0	0	72	0	0	0	0	0	0	0	0	0	0	0	25	0	0	0	79	0	0	52	13	0	0	0	47	7	0	90	0	0	0	25	0	0	0	91	0	0	0	0	0	0	0	0	0	0	0	25	0	0	0	89	0	0	54	60	6	0	0	81
152	144	1	0	49	136	0	0	27	1	0	49	0	0	0	0	0	0	0	104	128	0	0	27	0	0	27	0	0	0	0	0	0	0	49	1	0	49	0	0	0	0	0	0	0	0	0	0	0	0	0	0	0	104	120	0	0	27	0	0	27	0	0	0	0	0	0	0	47	0	0	27	0	0	0	0	0	0	0	0	0	0	0	0	0	0	0	49	1	0	49	0	0	0	0	0	0	0	0	0	0	0	0	0	0	0	0	0	0	0	0	0	0	0	104	112	0	0	26	0	0	27	0	0	0	0	0	0	0	46	0	0	27	0	0	0	0	0	0	0	0	0	0	0	0	0	0	0	47	0	0	27	0	0	0	0	0	0	0	0	0	0	0	0	0	0	0	0	0	0	0	0	0	0	0	49	1	0	49	0	0	0	13	0	0	0	0	0	0	0	0	0	0	0	0	0	0	0	0	0	0	0	0	0	0	0	0	0	0	0	104
189	179	16	9	68	169	7	0	66	16	9	68	8	0	79	26	16	0	68	0	159	3	0	49	7	0	66	4	0	77	0	6	0	66	0	16	9	68	1	0	36	27	0	0	0	87	8	0	79	26	16	0	68	0	149	0	0	44	3	0	49	0	0	55	0	0	0	49	0	7	0	66	0	0	36	12	0	0	0	79	4	0	77	0	6	0	66	0	16	9	68	0	0	27	0	0	0	0	2	1	0	36	27	0	0	0	87	8	0	79	26	16	0	68	0	139	0	0	28	0	0	44	0	0	45	0	0	0	44	0	3	0	49	0	0	36	0	0	0	0	60	0	0	55	0	0	0	49	0	7	0	66	0	0	27	0	0	0	0	0	0	0	36	12	0	0	0	79	4	0	77	0	6	0	66	0	16	9	68	0	0	0	35	6	0	0	91	0	0	27	0	0	0	0	2	1	0	36	27	0	0	0	87	8	0	79	26	16	0	68	0
169	160	13	14	49	151	0	0	46	13	14	49	0	0	93	33	10	14	98	0	142	0	0	24	0	0	46	0	0	90	2	0	0	92	0	13	14	49	0	0	0	37	0	0	0	87	0	0	93	33	10	14	98	0	133	0	0	12	0	0	24	0	0	63	0	0	0	48	0	0	0	46	0	0	0	12	0	0	0	79	0	0	90	2	0	0	92	0	13	14	49	0	0	0	0	0	0	0	11	0	0	0	37	0	0	0	87	0	0	93	33	10	14	98	0	124	0	0	0	0	0	12	0	0	36	0	0	0	24	0	0	0	24	0	0	0	0	0	0	0	60	0	0	63	0	0	0	48	0	0	0	46	0	0	0	0	0	0	0	0	0	0	0	12	0	0	0	79	0	0	90	2	0	0	92	0	13	14	49	0	0	0	0	0	0	0	91	0	0	0	0	0	0	0	11	0	0	0	37	0	0	0	87	0	0	93	33	10	14	98	0
222	209	36	51	36	196	18	23	36	36	51	36	16	0	25	0	45	75	144	0	183	16	18	36	18	23	36	11	0	25	0	33	33	144	0	36	51	36	15	39	8	0	9	11	0	0	16	0	25	0	45	75	144	0	170	10	11	36	16	18	36	8	0	25	0	31	21	144	0	18	23	36	8	11	8	0	9	11	0	0	11	0	25	0	33	33	144	0	36	51	36	17	0	47	0	7	0	36	0	15	39	8	0	9	11	0	0	16	0	25	0	45	75	144	0	157	5	7	31	10	11	36	6	0	25	0	18	0	144	0	16	18	36	6	7	8	0	9	7	0	0	8	0	25	0	31	21	144	0	18	23	36	3	0	47	0	4	0	36	0	8	11	8	0	9	11	0	0	11	0	25	0	33	33	144	0	36	51	36	15	28	7	37	34	36	0	0	17	0	47	0	7	0	36	0	15	39	8	0	9	11	0	0	16	0	25	0	45	75	144	0
288	272	6	0	149	256	1	0	123	6	0	149	0	0	9	113	3	0	0	117	240	1	0	119	1	0	123	0	0	9	106	3	0	0	112	6	0	149	1	0	0	42	1	0	0	0	0	0	9	113	3	0	0	117	224	0	0	81	1	0	119	0	0	9	53	3	0	0	73	1	0	123	0	0	0	2	1	0	0	0	0	0	9	106	3	0	0	112	6	0	149	0	0	9	113	0	0	0	124	1	0	0	42	1	0	0	0	0	0	9	113	3	0	0	117	208	0	0	52	0	0	81	0	0	9	36	0	0	0	56	1	0	119	0	0	0	0	1	0	0	0	0	0	9	53	3	0	0	73	1	0	123	0	0	9	78	0	0	0	101	0	0	0	2	1	0	0	0	0	0	9	106	3	0	0	112	6	0	149	0	0	0	36	2	0	0	52	0	0	9	113	0	0	0	124	1	0	0	42	1	0	0	0	0	0	9	113	3	0	0	117
268	253	20	26	83	238	7	0	69	20	26	83	6	0	49	69	26	0	166	49	223	6	0	69	7	0	69	2	0	45	69	14	0	138	46	20	26	83	6	0	10	0	3	0	0	0	6	0	49	69	26	0	166	49	208	2	0	65	6	0	69	2	0	45	60	14	0	138	24	7	0	69	1	0	9	0	3	0	0	0	2	0	45	69	14	0	138	46	20	26	83	0	0	23	27	0	0	0	0	6	0	10	0	3	0	0	0	6	0	49	69	26	0	166	49	193	1	0	44	2	0	65	0	0	45	45	2	0	130	12	6	0	69	1	0	9	0	3	0	0	0	2	0	45	60	14	0	138	24	7	0	69	0	0	23	12	0	0	0	0	1	0	9	0	3	0	0	0	2	0	45	69	14	0	138	46	20	26	83	4	0	7	37	13	0	0	27	0	0	23	27	0	0	0	0	6	0	10	0	3	0	0	0	6	0	49	69	26	0	166	49
214	202	15	20	56	190	6	0	52	15	20	56	2	0	9	44	20	0	112	0	178	6	0	52	6	0	52	2	0	9	44	14	0	104	0	15	20	56	6	0	0	0	3	0	0	0	2	0	9	44	20	0	112	0	166	2	0	51	6	0	52	2	0	9	41	14	0	104	0	6	0	52	1	0	0	0	3	0	0	0	2	0	9	44	14	0	104	0	15	20	56	0	0	23	12	0	0	0	0	6	0	0	0	3	0	0	0	2	0	9	44	20	0	112	0	154	1	0	35	2	0	51	0	0	9	36	2	0	102	0	6	0	52	1	0	0	0	3	0	0	0	2	0	9	41	14	0	104	0	6	0	52	0	0	23	12	0	0	0	0	1	0	0	0	3	0	0	0	2	0	9	44	14	0	104	0	15	20	56	4	0	7	37	9	0	0	25	0	0	23	12	0	0	0	0	6	0	0	0	3	0	0	0	2	0	9	44	20	0	112	0
106	100	12	8	9	94	3	0	9	12	8	9	0	0	9	0	12	0	18	0	88	3	0	9	3	0	9	0	0	9	0	6	0	18	0	12	8	9	6	0	0	0	2	0	0	0	0	0	9	0	12	0	18	0	82	1	0	9	3	0	9	0	0	9	0	6	0	18	0	3	0	9	1	0	0	0	2	0	0	0	0	0	9	0	6	0	18	0	12	8	9	0	0	9	0	0	0	0	0	6	0	0	0	2	0	0	0	0	0	9	0	12	0	18	0	76	1	0	9	1	0	9	0	0	9	0	0	0	18	0	3	0	9	1	0	0	0	2	0	0	0	0	0	9	0	6	0	18	0	3	0	9	0	0	9	0	0	0	0	0	1	0	0	0	2	0	0	0	0	0	9	0	6	0	18	0	12	8	9	4	0	0	0	6	0	0	0	0	0	9	0	0	0	0	0	6	0	0	0	2	0	0	0	0	0	9	0	12	0	18	0
233	218	43	76	36	203	27	44	27	43	76	36	23	44	47	18	39	73	144	36	188	20	44	26	27	44	27	11	44	45	17	31	55	108	36	39	76	36	12	0	52	9	10	11	0	0	23	44	47	18	34	73	144	36	173	19	36	26	20	44	26	11	44	44	17	23	55	104	36	23	44	27	10	0	42	9	8	11	0	0	11	44	45	17	26	55	108	36	39	76	36	6	56	0	0	5	7	0	0	12	0	52	9	10	11	0	0	23	44	47	18	34	73	144	36	158	9	14	26	19	36	26	9	28	44	17	20	43	104	36	16	44	26	3	0	42	9	2	11	0	0	11	44	44	17	18	55	104	36	23	44	27	0	0	0	0	2	0	0	0	10	0	42	9	8	11	0	0	11	44	45	17	26	55	108	36	39	76	36	8	56	25	0	45	49	72	0	6	56	0	0	5	7	0	0	12	0	52	9	10	11	0	0	23	44	47	18	34	73	144	36
170	160	20	0	68	150	12	0	27	20	0	68	7	0	20	63	22	0	0	184	140	7	0	26	12	0	27	4	0	18	62	18	0	0	166	20	0	68	7	0	48	9	7	0	0	0	7	0	20	63	22	0	0	184	130	7	0	26	7	0	26	4	0	17	62	8	0	0	166	12	0	27	7	0	33	9	7	0	0	0	4	0	18	62	18	0	0	166	20	0	68	10	0	0	0	3	0	0	0	7	0	48	9	7	0	0	0	7	0	20	63	22	0	0	184	120	2	0	26	7	0	26	4	0	17	62	8	0	0	161	7	0	26	0	0	33	9	2	0	0	0	4	0	17	62	8	0	0	166	12	0	27	0	0	0	0	1	0	0	0	7	0	33	9	7	0	0	0	4	0	18	62	18	0	0	166	20	0	68	8	0	25	0	28	0	0	0	10	0	0	0	3	0	0	0	7	0	48	9	7	0	0	0	7	0	20	63	22	0	0	184
119	112	5	0	45	105	2	0	10	5	0	45	0	0	11	10	3	0	0	184	98	1	0	9	2	0	10	0	0	10	9	3	0	0	166	5	0	45	1	0	7	9	1	0	0	0	0	0	11	10	3	0	0	184	91	1	0	9	1	0	9	0	0	9	9	0	0	0	166	2	0	10	1	0	0	9	1	0	0	0	0	0	10	9	3	0	0	166	5	0	45	0	0	0	0	0	0	0	0	1	0	7	9	1	0	0	0	0	0	11	10	3	0	0	184	84	0	0	9	1	0	9	0	0	9	9	0	0	0	161	1	0	9	0	0	0	9	0	0	0	0	0	0	9	9	0	0	0	166	2	0	10	0	0	0	0	0	0	0	0	1	0	0	9	1	0	0	0	0	0	10	9	3	0	0	166	5	0	45	0	0	7	0	6	0	0	0	0	0	0	0	0	0	0	0	1	0	7	9	1	0	0	0	0	0	11	10	3	0	0	184
134	126	16	12	18	118	9	0	10	16	12	18	4	0	11	10	12	0	36	36	110	8	0	9	9	0	10	4	0	10	9	10	0	20	36	16	12	18	1	0	7	9	2	0	0	0	4	0	11	10	12	0	36	36	102	8	0	9	8	0	9	4	0	9	9	7	0	18	36	9	0	10	1	0	0	9	2	0	0	0	4	0	10	9	10	0	20	36	16	12	18	8	0	0	0	1	0	0	0	1	0	7	9	2	0	0	0	4	0	11	10	12	0	36	36	94	3	0	9	8	0	9	4	0	9	9	7	0	18	36	8	0	9	0	0	0	9	1	0	0	0	4	0	9	9	7	0	18	36	9	0	10	0	0	0	0	0	0	0	0	1	0	0	9	2	0	0	0	4	0	10	9	10	0	20	36	16	12	18	10	0	7	0	13	12	0	0	8	0	0	0	1	0	0	0	1	0	7	9	2	0	0	0	4	0	11	10	12	0	36	36
78	73	14	8	0	68	7	4	0	14	8	0	4	0	0	0	9	4	0	0	63	7	4	0	7	4	0	4	0	0	0	7	4	0	0	13	8	0	0	0	0	0	1	0	0	0	4	0	0	0	8	4	0	0	58	7	4	0	7	4	0	4	0	0	0	7	4	0	0	6	4	0	0	0	0	0	1	0	0	0	4	0	0	0	6	4	0	0	13	8	0	8	0	0	0	1	0	0	0	0	0	0	0	1	0	0	0	4	0	0	0	8	4	0	0	53	3	2	0	7	4	0	4	0	0	0	7	4	0	0	6	4	0	0	0	0	0	1	0	0	0	4	0	0	0	6	4	0	0	6	4	0	0	0	0	0	0	0	0	0	0	0	0	0	1	0	0	0	4	0	0	0	6	4	0	0	13	8	0	8	4	0	0	9	4	0	0	8	0	0	0	1	0	0	0	0	0	0	0	1	0	0	0	4	0	0	0	8	4	0	0
191	178	33	39	48	165	26	36	41	31	39	48	18	27	12	0	29	27	0	36	152	26	36	41	24	36	41	18	27	12	0	28	27	0	27	22	39	48	5	0	0	0	4	0	0	0	14	27	12	0	20	27	0	36	139	23	36	41	24	36	41	18	27	12	0	28	27	0	26	15	36	41	3	0	0	0	2	0	0	0	14	27	12	0	19	27	0	27	22	39	48	6	0	14	0	3	0	0	0	5	0	0	0	4	0	0	0	14	27	12	0	20	27	0	36	126	15	9	41	21	36	41	12	27	12	0	22	27	0	26	15	36	41	3	0	0	0	2	0	0	0	14	27	12	0	19	27	0	26	15	36	41	0	0	0	0	0	0	0	0	3	0	0	0	2	0	0	0	14	27	12	0	19	27	0	27	22	39	48	7	0	14	0	17	0	144	0	6	0	14	0	3	0	0	0	5	0	0	0	4	0	0	0	14	27	12	0	20	27	0	36
178	166	37	37	53	154	27	27	52	35	37	53	19	18	58	9	33	27	53	0	142	27	27	52	25	27	52	19	18	56	9	30	27	52	0	27	37	53	5	0	0	0	7	0	0	0	15	18	58	9	25	27	53	0	130	25	25	52	25	27	52	19	18	56	9	30	27	52	0	17	27	52	3	0	0	0	1	0	0	0	15	18	56	9	22	27	52	0	27	37	53	4	16	0	0	4	8	0	0	5	0	0	0	7	0	0	0	15	18	58	9	25	27	53	0	118	14	8	52	23	25	52	13	16	56	9	25	24	52	0	17	27	52	3	0	0	0	1	0	0	0	15	18	56	9	22	27	52	0	17	27	52	0	0	0	0	0	0	0	0	3	0	0	0	1	0	0	0	15	18	56	9	22	27	52	0	27	37	53	6	8	0	0	31	32	106	0	4	16	0	0	4	8	0	0	5	0	0	0	7	0	0	0	15	18	58	9	25	27	53	0
112	105	11	0	34	98	11	0	19	11	0	34	7	0	0	0	10	0	0	54	91	11	0	19	11	0	19	7	0	0	0	10	0	0	37	11	0	34	0	0	0	0	1	0	0	0	7	0	0	0	10	0	0	54	84	9	0	18	11	0	19	7	0	0	0	10	0	0	35	11	0	19	0	0	0	0	1	0	0	0	7	0	0	0	10	0	0	37	11	0	34	0	0	14	9	0	0	0	0	0	0	0	0	1	0	0	0	7	0	0	0	10	0	0	54	77	1	0	18	9	0	18	3	0	0	0	7	0	0	35	11	0	19	0	0	0	0	1	0	0	0	7	0	0	0	10	0	0	35	11	0	19	0	0	0	9	0	0	0	0	0	0	0	0	1	0	0	0	7	0	0	0	10	0	0	37	11	0	34	0	0	16	0	0	0	0	0	0	0	14	9	0	0	0	0	0	0	0	0	1	0	0	0	7	0	0	0	10	0	0	54
216	202	28	24	71	188	21	24	51	28	24	71	17	0	32	53	28	12	0	54	174	21	24	50	21	24	51	17	0	30	49	26	12	0	37	25	24	71	5	0	0	10	6	0	0	0	17	0	32	53	24	12	0	54	160	18	24	48	21	24	50	17	0	30	45	26	12	0	35	18	24	51	3	0	0	9	2	0	0	0	17	0	30	49	22	12	0	37	25	24	71	6	0	14	18	4	0	0	0	5	0	0	10	6	0	0	0	17	0	32	53	24	12	0	54	146	8	0	48	18	24	48	11	0	30	45	20	12	0	35	18	24	50	3	0	0	9	2	0	0	0	17	0	30	45	22	12	0	35	18	24	51	0	0	0	18	0	0	0	0	3	0	0	9	2	0	0	0	17	0	30	49	22	12	0	37	25	24	71	7	0	16	0	26	0	142	0	6	0	14	18	4	0	0	0	5	0	0	10	6	0	0	0	17	0	32	53	24	12	0	54
244	227	69	95	62	210	49	69	52	60	95	62	32	94	91	27	61	134	124	36	193	46	64	51	40	69	52	27	88	83	25	48	114	104	27	48	95	62	16	51	0	8	18	29	0	0	18	94	91	27	47	134	124	36	176	41	51	51	37	64	51	27	84	80	25	47	104	102	26	28	69	52	10	33	0	8	5	11	0	0	13	88	83	25	34	114	104	27	48	95	62	7	36	36	0	11	9	62	0	16	51	0	8	18	29	0	0	18	94	91	27	47	134	124	36	159	23	27	51	32	51	51	19	54	80	25	39	71	102	26	25	64	51	0	27	0	8	2	9	0	0	13	84	80	25	33	104	102	26	28	69	52	0	0	18	0	1	0	52	0	10	33	0	8	5	11	0	0	13	88	83	25	34	114	104	27	48	95	62	1	54	14	0	46	81	124	0	7	36	36	0	11	9	62	0	16	51	0	8	18	29	0	0	18	94	91	27	47	134	124	36
221	205	51	59	123	189	42	55	96	37	59	123	26	44	0	115	45	94	0	115	173	37	55	93	28	55	96	24	44	0	110	39	88	0	104	28	59	123	13	0	33	27	14	0	0	0	12	44	0	115	35	94	0	115	157	33	44	92	23	55	93	22	44	0	109	32	88	0	103	19	55	96	13	0	22	25	5	0	0	0	10	44	0	110	29	88	0	104	28	59	123	5	0	34	8	6	0	123	0	13	0	33	27	14	0	0	0	12	44	0	115	35	94	0	115	141	23	0	92	19	44	92	14	0	0	109	26	66	0	103	14	55	93	0	0	18	25	0	0	0	0	8	44	0	109	22	88	0	103	19	55	96	0	0	0	8	1	0	96	0	13	0	22	25	5	0	0	0	10	44	0	110	29	88	0	104	28	59	123	0	0	48	0	11	0	492	0	5	0	34	8	6	0	123	0	13	0	33	27	14	0	0	0	12	44	0	115	35	94	0	115
230	213	68	89	82	196	51	78	67	52	89	82	41	18	0	67	78	157	82	62	179	44	50	64	35	78	67	35	0	0	62	65	129	67	52	45	89	82	12	100	33	27	26	30	164	0	27	18	0	67	67	157	82	62	162	38	45	63	28	50	64	30	0	0	61	51	100	64	51	28	78	67	5	90	22	25	8	27	134	0	21	0	0	62	54	129	67	52	45	89	82	13	45	18	8	16	28	0	0	12	100	33	27	26	30	164	0	27	18	0	67	67	157	82	62	145	25	0	63	22	45	63	16	0	0	61	37	90	63	51	21	50	64	0	0	18	25	6	0	128	0	16	0	0	61	40	100	64	51	28	78	67	1	0	0	8	6	9	0	0	5	90	22	25	8	27	134	0	21	0	0	62	54	129	67	52	45	89	82	6	0	49	0	32	18	410	0	13	45	18	8	16	28	0	0	12	100	33	27	26	30	164	0	27	18	0	67	67	157	82	62
207	192	65	73	59	177	42	44	58	58	73	59	24	48	10	11	93	144	177	0	162	35	34	51	35	44	58	22	24	10	9	66	96	174	0	57	73	59	23	22	35	60	35	28	59	0	20	48	10	11	91	144	177	0	147	31	27	35	28	34	51	18	22	10	8	55	88	153	0	34	44	58	17	16	33	25	17	24	58	0	18	24	10	9	64	96	174	0	57	73	59	28	59	0	74	27	44	0	36	23	22	35	60	35	28	59	0	20	48	10	11	91	144	177	0	132	20	8	35	24	27	35	12	16	7	8	42	64	105	0	27	34	51	5	0	25	25	13	24	51	0	14	22	10	8	53	88	153	0	34	44	58	10	8	0	74	12	24	0	36	17	16	33	25	17	24	58	0	18	24	10	9	64	96	174	0	57	73	59	13	24	0	0	39	46	118	0	28	59	0	74	27	44	0	36	23	22	35	60	35	28	59	0	20	48	10	11	91	144	177	0
97	90	42	15	10	83	28	6	10	41	15	10	23	0	10	0	78	18	30	0	76	25	6	10	27	6	10	20	0	10	0	58	0	30	0	41	15	10	15	0	0	0	19	12	0	0	23	0	10	0	78	18	30	0	69	21	6	7	24	6	10	16	0	10	0	51	0	30	0	27	6	10	9	0	0	0	13	12	0	0	20	0	10	0	58	0	30	0	41	15	10	30	0	0	21	18	18	0	0	15	0	0	0	19	12	0	0	23	0	10	0	78	18	30	0	62	13	3	7	20	6	7	10	0	7	0	38	0	21	0	24	6	10	5	0	0	0	13	12	0	0	16	0	10	0	51	0	30	0	27	6	10	11	0	0	21	11	12	0	0	9	0	0	0	13	12	0	0	20	0	10	0	58	0	30	0	41	15	10	13	9	0	0	23	18	0	0	30	0	0	21	18	18	0	0	15	0	0	0	19	12	0	0	23	0	10	0	78	18	30	0
147	134	69	68	0	121	39	54	0	65	68	0	33	48	0	0	109	140	0	0	108	34	50	0	35	54	0	30	48	0	0	78	114	0	0	65	68	0	19	28	0	0	31	28	0	0	33	48	0	0	109	140	0	0	95	30	40	0	30	50	0	26	40	0	0	64	100	0	0	35	54	0	13	24	0	0	16	24	0	0	30	48	0	0	78	114	0	0	65	68	0	44	48	0	0	26	18	0	0	19	28	0	0	31	28	0	0	33	48	0	0	109	140	0	0	82	19	28	0	26	40	0	20	28	0	0	51	71	0	0	30	50	0	7	24	0	0	16	24	0	0	26	40	0	0	64	100	0	0	35	54	0	17	36	0	0	14	12	0	0	13	24	0	0	16	24	0	0	30	48	0	0	78	114	0	0	65	68	0	15	28	0	0	35	28	0	0	44	48	0	0	26	18	0	0	19	28	0	0	31	28	0	0	33	48	0	0	109	140	0	0
162	149	64	48	25	136	46	32	10	63	48	25	43	0	8	20	110	41	50	69	123	41	32	10	45	32	10	40	0	0	20	97	33	20	68	61	48	25	22	0	0	0	31	44	0	0	43	0	8	20	107	41	50	69	110	33	28	10	40	32	10	33	0	0	20	82	33	20	61	43	32	10	13	0	0	0	21	20	0	0	40	0	0	20	94	33	20	68	61	48	25	46	36	18	0	23	28	0	0	22	0	0	0	31	44	0	0	43	0	8	20	107	41	50	69	97	21	20	7	32	28	10	23	0	0	14	56	30	20	42	38	32	10	11	0	0	0	21	20	0	0	33	0	0	20	79	33	20	61	43	32	10	21	20	0	0	17	20	0	0	13	0	0	0	21	20	0	0	40	0	0	20	94	33	20	68	61	48	25	15	0	15	21	27	10	25	0	46	36	18	0	23	28	0	0	22	0	0	0	31	44	0	0	43	0	8	20	107	41	50	69
193	178	99	72	22	163	74	44	0	90	72	22	66	44	26	0	152	109	66	151	148	68	38	0	65	44	0	62	44	0	0	138	99	0	135	86	72	22	34	48	0	0	51	63	0	0	60	44	26	0	145	109	66	151	133	55	16	0	59	38	0	54	32	0	0	118	75	0	125	61	44	0	20	0	0	0	26	33	0	0	56	44	0	0	131	99	0	135	86	72	22	55	48	63	0	36	55	44	0	34	48	0	0	51	63	0	0	60	44	26	0	145	109	66	151	118	40	0	0	46	16	0	44	0	0	0	84	8	0	105	55	38	0	14	0	0	0	26	33	0	0	48	32	0	0	111	75	0	125	61	44	0	30	0	0	0	23	33	0	0	20	0	0	0	26	33	0	0	56	44	0	0	131	99	0	135	86	72	22	31	0	15	0	57	65	44	0	55	48	63	0	36	55	44	0	34	48	0	0	51	63	0	0	60	44	26	0	145	109	66	151
143	131	61	44	13	119	38	35	0	60	44	13	35	18	8	0	99	75	13	69	107	36	34	0	37	35	0	35	18	0	0	77	72	0	68	60	44	13	20	8	0	0	33	16	0	0	35	18	8	0	99	75	13	69	95	29	31	0	35	34	0	31	16	0	0	70	67	0	61	37	35	0	12	8	0	0	20	16	0	0	35	18	0	0	77	72	0	68	60	44	13	47	23	18	0	23	16	0	0	20	8	0	0	33	16	0	0	35	18	8	0	99	75	13	69	83	17	24	0	28	31	0	21	16	0	0	45	64	0	42	35	34	0	10	8	0	0	20	16	0	0	31	16	0	0	70	67	0	61	37	35	0	21	16	0	0	16	16	0	0	12	8	0	0	20	16	0	0	35	18	0	0	77	72	0	68	60	44	13	12	0	15	0	21	8	13	0	47	23	18	0	23	16	0	0	20	8	0	0	33	16	0	0	35	18	8	0	99	75	13	69
206	186	95	162	2	166	59	126	0	90	162	2	49	204	0	0	155	332	8	0	146	51	120	0	54	126	0	45	192	0	0	120	281	0	0	84	162	2	24	63	0	0	33	60	0	0	46	204	0	0	145	332	8	0	126	43	96	0	46	120	0	37	180	0	0	93	258	0	0	48	126	0	16	63	0	0	20	45	0	0	42	192	0	0	110	281	0	0	84	162	2	46	168	2	0	38	37	0	0	24	63	0	0	33	60	0	0	46	204	0	0	145	332	8	0	106	27	72	0	38	96	0	25	144	0	0	69	227	0	0	40	120	0	8	54	0	0	20	45	0	0	34	180	0	0	83	258	0	0	48	126	0	18	108	0	0	19	27	0	0	16	63	0	0	20	45	0	0	42	192	0	0	110	281	0	0	84	162	2	26	81	4	0	48	105	6	0	46	168	2	0	38	37	0	0	24	63	0	0	33	60	0	0	46	204	0	0	145	332	8	0
144	132	61	50	0	120	42	29	0	60	50	0	40	10	0	0	97	61	0	0	108	36	29	0	41	29	0	34	10	0	0	85	40	0	0	57	50	0	16	0	0	0	23	34	0	0	40	10	0	0	93	61	0	0	96	30	23	0	35	29	0	27	10	0	0	70	40	0	0	38	29	0	9	0	0	0	14	18	0	0	34	10	0	0	81	40	0	0	57	50	0	38	29	0	0	17	26	0	0	16	0	0	0	23	34	0	0	40	10	0	0	93	61	0	0	84	22	18	0	29	23	0	21	9	0	0	55	37	0	0	32	29	0	7	0	0	0	14	18	0	0	27	10	0	0	66	40	0	0	38	29	0	17	9	0	0	12	18	0	0	9	0	0	0	14	18	0	0	34	10	0	0	81	40	0	0	57	50	0	15	9	0	0	29	9	0	0	38	29	0	0	17	26	0	0	16	0	0	0	23	34	0	0	40	10	0	0	93	61	0	0
182	168	54	0	91	154	47	0	55	54	0	91	37	0	22	33	97	0	0	62	140	34	0	34	47	0	55	31	0	22	0	91	0	0	10	51	0	91	8	0	88	47	18	0	0	141	37	0	22	33	93	0	0	62	126	23	0	29	34	0	34	22	0	22	0	57	0	0	10	44	0	55	7	0	61	44	18	0	0	125	31	0	22	0	87	0	0	10	51	0	91	18	0	61	39	16	0	0	0	8	0	88	47	18	0	0	141	37	0	22	33	93	0	0	62	112	23	0	16	23	0	29	22	0	14	0	53	0	0	10	31	0	34	7	0	0	34	18	0	0	115	22	0	22	0	53	0	0	10	44	0	55	18	0	8	9	16	0	0	0	7	0	61	44	18	0	0	125	31	0	22	0	87	0	0	10	51	0	91	16	0	0	46	30	0	0	36	18	0	61	39	16	0	0	0	8	0	88	47	18	0	0	141	37	0	22	33	93	0	0	62
153	140	36	47	41	127	27	20	37	33	47	41	20	24	44	0	48	28	123	0	115	21	12	32	25	20	37	11	0	44	0	41	12	111	0	25	35	41	1	0	33	54	4	0	41	0	16	24	44	0	37	16	123	0	103	18	12	18	19	12	32	8	0	40	0	29	12	96	0	17	8	37	0	0	33	33	4	0	37	0	7	0	44	0	30	0	111	0	25	35	41	3	0	4	39	7	0	0	62	1	0	33	54	4	0	41	0	16	24	44	0	37	16	123	0	91	18	12	9	16	12	18	8	0	14	0	27	12	54	0	11	0	32	0	0	27	27	4	0	32	0	4	0	40	0	18	0	96	0	17	8	37	3	0	0	9	7	0	0	52	0	0	33	33	4	0	37	0	7	0	44	0	30	0	111	0	25	35	41	7	0	0	18	13	0	0	36	3	0	4	39	7	0	0	62	1	0	33	54	4	0	41	0	16	24	44	0	37	16	123	0
182	165	79	96	35	148	59	81	9	66	96	35	55	57	0	9	101	189	35	49	133	50	53	0	49	81	9	51	27	0	0	94	169	9	10	58	66	35	14	9	66	0	30	13	105	82	45	57	0	9	89	144	35	49	118	41	44	0	40	53	0	46	0	0	0	71	96	0	10	41	51	9	13	0	45	0	18	10	27	67	41	27	0	0	82	124	9	10	58	66	35	32	0	43	0	29	13	35	0	14	9	66	0	30	13	105	82	45	57	0	9	89	144	35	49	103	35	41	0	31	44	0	42	0	0	0	63	87	0	10	32	23	0	9	0	0	0	18	9	0	64	36	0	0	0	59	51	0	10	41	51	9	22	0	0	0	17	10	9	0	13	0	45	0	18	10	27	67	41	27	0	0	82	124	9	10	58	66	35	26	41	0	0	52	80	0	0	32	0	43	0	29	13	35	0	14	9	66	0	30	13	105	82	45	57	0	9	89	144	35	49
126	114	56	42	17	102	41	39	0	54	42	17	50	24	0	0	88	85	0	24	90	34	39	0	39	39	0	43	24	0	0	80	79	0	0	48	42	17	15	0	16	0	16	7	0	0	48	24	0	0	79	85	0	24	78	26	31	0	32	39	0	35	24	0	0	59	79	0	0	33	39	0	13	0	0	0	16	7	0	0	41	24	0	0	71	79	0	0	48	42	17	29	7	35	0	24	7	17	0	15	0	16	0	16	7	0	0	48	24	0	0	79	85	0	24	66	20	28	0	24	31	0	31	21	0	0	51	69	0	0	26	39	0	9	0	0	0	16	7	0	0	33	24	0	0	50	79	0	0	33	39	0	19	7	0	0	15	7	0	0	13	0	0	0	16	7	0	0	41	24	0	0	71	79	0	0	48	42	17	26	21	0	0	37	46	0	0	29	7	35	0	24	7	17	0	15	0	16	0	16	7	0	0	48	24	0	0	79	85	0	24
90	83	34	6	9	76	29	0	0	34	6	9	29	0	0	0	57	6	9	2	69	25	0	0	29	0	0	23	0	0	0	54	0	0	0	30	6	9	7	0	0	0	9	0	0	0	29	0	0	0	52	6	9	2	62	19	0	0	25	0	0	20	0	0	0	46	0	0	0	25	0	0	6	0	0	0	9	0	0	0	23	0	0	0	49	0	0	0	30	6	9	14	0	19	0	7	0	0	0	7	0	0	0	9	0	0	0	29	0	0	0	52	6	9	2	55	19	0	0	19	0	0	20	0	0	0	43	0	0	0	21	0	0	6	0	0	0	9	0	0	0	20	0	0	0	41	0	0	0	25	0	0	14	0	0	0	7	0	0	0	6	0	0	0	9	0	0	0	23	0	0	0	49	0	0	0	30	6	9	16	0	0	0	22	0	0	0	14	0	19	0	7	0	0	0	7	0	0	0	9	0	0	0	29	0	0	0	52	6	9	2
109	99	20	17	40	89	14	9	15	17	17	40	7	0	35	22	24	9	40	85	80	13	9	15	12	9	15	4	0	0	22	16	9	15	46	8	8	40	0	0	9	0	1	0	0	0	3	0	35	22	12	0	40	85	71	13	9	15	11	9	15	4	0	0	22	15	9	15	32	3	0	15	0	0	0	0	1	0	0	0	0	0	0	22	4	0	15	46	8	8	40	1	0	0	0	4	0	0	0	0	0	9	0	1	0	0	0	3	0	35	22	12	0	40	85	62	13	9	9	11	9	15	4	0	0	14	15	9	15	18	2	0	15	0	0	0	0	0	0	0	0	0	0	0	22	3	0	15	32	3	0	15	1	0	0	0	4	0	0	0	0	0	0	0	1	0	0	0	0	0	0	22	4	0	15	46	8	8	40	3	0	0	32	6	0	0	0	1	0	0	0	4	0	0	0	0	0	9	0	1	0	0	0	3	0	35	22	12	0	40	85
135	122	25	32	63	109	13	22	52	20	32	63	4	0	62	33	13	33	63	41	98	13	22	52	11	22	52	4	0	51	33	9	33	52	37	10	10	63	0	0	0	0	0	0	0	0	0	0	62	33	4	0	63	41	87	13	22	49	11	22	52	4	0	51	31	9	33	52	32	1	0	52	0	0	0	0	0	0	0	0	0	0	51	33	0	0	52	37	10	10	63	1	0	0	26	3	0	0	0	0	0	0	0	0	0	0	0	0	0	62	33	4	0	63	41	76	13	22	7	11	22	49	4	0	44	14	9	33	49	18	1	0	52	0	0	0	0	0	0	0	0	0	0	51	31	0	0	52	32	1	0	52	1	0	0	0	3	0	0	0	0	0	0	0	0	0	0	0	0	0	51	33	0	0	52	37	10	10	63	0	0	0	28	0	0	0	234	1	0	0	26	3	0	0	0	0	0	0	0	0	0	0	0	0	0	62	33	4	0	63	41
74	67	15	6	21	60	9	6	21	14	6	21	0	0	9	0	7	6	0	0	54	9	6	21	9	6	21	0	0	9	0	7	6	0	0	6	0	21	0	0	0	0	0	0	0	0	0	0	9	0	0	0	0	0	48	9	6	21	9	6	21	0	0	9	0	7	6	0	0	1	0	21	0	0	0	0	0	0	0	0	0	0	9	0	0	0	0	0	6	0	21	1	0	0	0	3	0	0	0	0	0	0	0	0	0	0	0	0	0	9	0	0	0	0	0	42	9	6	0	9	6	21	0	0	9	0	7	6	0	0	1	0	21	0	0	0	0	0	0	0	0	0	0	9	0	0	0	0	0	1	0	21	1	0	0	0	3	0	0	0	0	0	0	0	0	0	0	0	0	0	9	0	0	0	0	0	6	0	21	0	0	0	0	0	0	0	119	1	0	0	0	3	0	0	0	0	0	0	0	0	0	0	0	0	0	9	0	0	0	0	0
114	101	26	50	41	88	14	36	40	19	50	41	10	0	98	11	21	18	82	0	79	14	36	40	9	36	40	10	0	95	11	11	18	80	0	11	14	41	0	0	0	0	0	0	0	0	0	0	98	11	10	0	82	0	70	14	36	26	9	36	40	10	0	95	9	11	18	80	0	1	0	40	0	0	0	0	0	0	0	0	0	0	95	11	0	0	80	0	11	14	41	1	0	0	26	3	0	0	123	0	0	0	0	0	0	0	0	0	0	98	11	10	0	82	0	61	14	36	0	9	36	26	10	0	44	0	11	18	52	0	1	0	40	0	0	0	0	0	0	0	0	0	0	95	9	0	0	80	0	1	0	40	1	0	0	0	3	0	0	96	0	0	0	0	0	0	0	0	0	0	95	11	0	0	80	0	11	14	41	0	0	0	0	0	0	0	163	1	0	0	26	3	0	0	123	0	0	0	0	0	0	0	0	0	0	98	11	10	0	82	0
67	60	18	11	8	53	12	11	0	17	11	8	0	0	8	0	12	6	0	41	47	12	11	0	12	11	0	0	0	0	0	12	6	0	37	5	5	8	0	0	0	0	0	0	0	0	0	0	8	0	0	0	0	41	41	9	10	0	12	11	0	0	0	0	0	12	6	0	32	0	5	0	0	0	0	0	0	0	0	0	0	0	0	0	0	0	0	37	5	5	8	0	5	0	0	0	15	0	0	0	0	0	0	0	0	0	0	0	0	8	0	0	0	0	41	35	9	10	0	9	10	0	0	0	0	0	8	5	0	18	0	5	0	0	0	0	0	0	0	0	0	0	0	0	0	0	0	0	32	0	5	0	0	5	0	0	0	15	0	0	0	0	0	0	0	0	0	0	0	0	0	0	0	0	0	37	5	5	8	0	0	0	0	0	0	0	0	0	5	0	0	0	15	0	0	0	0	0	0	0	0	0	0	0	0	8	0	0	0	0	41
102	88	32	59	49	79	23	45	48	18	14	49	12	0	0	11	29	7	98	0	70	20	45	46	9	0	48	11	0	0	11	25	0	96	0	15	14	49	3	0	0	20	14	21	0	0	2	0	0	11	24	7	98	0	61	20	45	45	6	0	46	11	0	0	11	16	0	92	0	6	0	48	3	0	0	18	2	0	0	0	1	0	0	11	20	0	96	0	15	14	49	2	0	0	9	8	0	0	0	3	0	0	20	14	21	0	0	2	0	0	11	24	7	98	0	52	18	45	22	6	0	45	11	0	0	0	16	0	90	0	3	0	46	0	0	0	0	2	0	0	0	1	0	0	11	11	0	92	0	6	0	48	1	0	0	0	1	0	0	0	3	0	0	18	2	0	0	0	1	0	0	11	20	0	96	0	15	14	49	5	0	0	35	22	14	0	205	2	0	0	9	8	0	0	0	3	0	0	20	14	21	0	0	2	0	0	11	24	7	98	0
138	122	29	52	107	108	21	48	70	19	24	107	10	48	10	113	21	36	0	144	96	21	48	50	14	24	70	10	48	9	78	18	36	0	107	6	0	107	0	0	0	31	7	0	0	76	0	0	10	113	6	0	0	144	84	21	48	49	14	24	50	10	48	0	78	18	36	0	107	1	0	70	0	0	0	29	0	0	0	46	0	0	9	78	3	0	0	107	6	0	107	0	0	0	9	4	0	0	0	0	0	0	31	7	0	0	76	0	0	10	113	6	0	0	144	72	21	48	26	14	24	49	10	48	0	61	18	36	0	90	1	0	50	0	0	0	9	0	0	0	32	0	0	0	78	3	0	0	107	1	0	70	0	0	0	0	0	0	0	0	0	0	0	29	0	0	0	46	0	0	9	78	3	0	0	107	6	0	107	3	0	0	26	13	0	0	205	0	0	0	9	4	0	0	0	0	0	0	31	7	0	0	76	0	0	10	113	6	0	0	144
84	72	27	41	45	63	18	35	35	13	14	45	8	42	0	35	10	21	0	41	56	18	35	32	7	14	35	8	42	0	33	7	21	0	40	6	0	45	0	0	0	31	9	0	0	0	0	0	0	35	3	0	0	41	49	18	35	31	7	14	32	8	42	0	33	7	21	0	40	0	0	35	0	0	0	29	0	0	0	0	0	0	0	33	0	0	0	40	6	0	45	0	0	0	9	3	0	0	0	0	0	0	31	9	0	0	0	0	0	0	35	3	0	0	41	42	18	35	9	7	14	31	8	42	0	18	7	21	0	26	0	0	32	0	0	0	9	0	0	0	0	0	0	0	33	0	0	0	40	0	0	35	0	0	0	0	0	0	0	0	0	0	0	29	0	0	0	0	0	0	0	33	0	0	0	40	6	0	45	0	0	0	18	9	0	0	205	0	0	0	9	3	0	0	0	0	0	0	31	9	0	0	0	0	0	0	35	3	0	0	41
156	137	62	114	71	122	48	70	67	40	54	71	38	56	44	44	78	48	284	0	108	42	70	51	28	14	67	36	56	43	33	73	28	268	0	33	40	71	13	0	0	66	22	60	0	35	26	0	44	44	67	20	284	0	94	39	70	39	22	14	51	31	56	27	33	52	28	204	0	21	0	67	12	0	0	37	7	0	0	9	24	0	43	33	62	0	268	0	33	40	71	12	0	0	33	18	30	0	22	13	0	0	66	22	60	0	35	26	0	44	44	67	20	284	0	80	32	70	9	19	14	39	25	56	8	18	42	28	156	0	15	0	51	3	0	0	9	7	0	0	0	19	0	27	33	41	0	204	0	21	0	67	7	0	0	0	7	0	0	0	12	0	0	37	7	0	0	9	24	0	43	33	62	0	268	0	33	40	71	21	0	0	18	44	70	0	264	12	0	0	33	18	30	0	22	13	0	0	66	22	60	0	35	26	0	44	44	67	20	284	0
119	106	60	50	51	95	46	22	50	43	28	51	36	0	56	9	84	14	204	0	84	40	22	35	29	0	50	34	0	55	0	79	0	200	0	39	28	51	17	0	0	55	26	42	0	35	30	0	56	9	77	14	204	0	73	35	22	19	23	0	35	29	0	39	0	58	0	140	0	25	0	50	12	0	0	26	7	0	0	9	28	0	55	0	72	0	200	0	39	28	51	16	0	12	41	20	21	0	22	17	0	0	55	26	42	0	35	30	0	56	9	77	14	204	0	62	26	22	0	18	0	19	19	0	12	0	41	0	76	0	19	0	35	3	0	0	0	7	0	0	0	23	0	39	0	51	0	140	0	25	0	50	7	0	12	0	7	0	0	0	12	0	0	26	7	0	0	9	28	0	55	0	72	0	200	0	39	28	51	21	0	12	0	46	49	0	141	16	0	12	41	20	21	0	22	17	0	0	55	26	42	0	35	30	0	56	9	77	14	204	0
177	157	78	97	93	138	56	91	71	64	78	93	66	88	0	52	144	250	0	122	119	45	61	71	42	72	71	52	84	0	52	113	232	0	117	61	78	93	21	28	31	0	14	0	186	0	59	88	0	52	138	250	0	122	100	32	33	55	31	42	71	38	28	0	44	74	126	0	86	39	72	71	16	28	29	0	7	0	142	0	45	84	0	52	107	232	0	117	61	78	93	20	0	95	98	21	0	186	0	21	28	31	0	14	0	186	0	59	88	0	52	138	250	0	122	81	20	19	13	18	14	55	20	0	0	18	43	56	0	58	28	42	71	3	0	29	0	7	0	142	0	31	28	0	44	68	126	0	86	39	72	71	7	0	93	8	7	0	142	0	16	28	29	0	7	0	142	0	45	84	0	52	107	232	0	117	61	78	93	22	0	36	41	35	18	93	62	20	0	95	98	21	0	186	0	21	28	31	0	14	0	186	0	59	88	0	52	138	250	0	122
113	100	73	41	40	88	56	41	15	54	29	40	69	0	0	6	123	107	0	171	76	46	21	15	37	29	15	55	0	0	6	103	107	0	165	51	29	40	21	18	23	0	14	0	80	0	62	0	0	6	117	107	0	171	64	36	21	11	27	9	15	39	0	0	6	69	36	0	132	34	29	15	16	18	21	0	7	0	30	0	48	0	0	6	97	107	0	165	51	29	40	20	0	50	20	21	0	0	0	21	18	23	0	14	0	80	0	62	0	0	6	117	107	0	171	52	25	12	2	17	9	11	20	0	0	2	42	36	0	103	24	9	15	3	0	21	0	7	0	30	0	32	0	0	6	63	36	0	132	34	29	15	7	0	48	0	7	0	0	0	16	18	21	0	7	0	30	0	48	0	0	6	97	107	0	165	51	29	40	22	0	27	8	32	11	40	2	20	0	50	20	21	0	0	0	21	18	23	0	14	0	80	0	62	0	0	6	117	107	0	171
167	144	102	198	59	123	72	168	37	77	156	59	87	265	0	52	169	340	59	122	103	58	150	36	49	128	37	65	238	0	49	127	305	37	117	65	136	59	41	90	9	9	13	85	59	0	64	225	0	52	150	300	59	122	83	43	130	13	35	110	36	43	212	0	16	85	237	36	86	37	108	37	31	73	9	0	6	65	37	0	42	198	0	49	108	265	37	117	59	136	59	35	124	43	44	31	112	59	52	22	90	9	9	11	85	59	0	53	225	0	52	136	300	59	122	63	18	77	0	20	90	13	6	154	0	0	50	168	13	58	23	90	36	1	30	9	0	4	60	36	0	20	172	0	16	66	197	36	86	31	108	37	2	69	43	0	2	78	37	9	12	73	9	0	4	65	37	0	31	198	0	49	94	265	37	117	55	136	59	11	184	61	0	34	219	236	24	17	124	43	44	20	112	59	52	16	90	9	9	11	85	59	0	44	225	0	52	125	300	59	122
102	87	66	78	24	76	52	69	0	45	34	24	61	16	0	0	108	82	24	171	65	42	61	0	31	25	0	42	9	0	0	88	77	0	165	41	34	24	33	8	0	0	15	20	24	0	49	16	0	0	100	82	24	171	54	36	59	0	21	17	0	32	8	0	0	56	59	0	132	27	25	0	25	7	0	0	8	18	0	0	30	9	0	0	80	77	0	165	38	34	24	34	15	0	0	27	17	0	0	23	8	0	0	14	20	24	0	47	16	0	0	94	82	24	171	43	22	47	0	15	15	0	19	7	0	0	35	52	0	103	17	17	0	4	0	0	0	7	18	0	0	20	8	0	0	48	59	0	132	24	25	0	7	7	0	0	7	9	0	0	15	7	0	0	7	18	0	0	28	9	0	0	74	77	0	165	35	34	24	17	47	0	0	29	66	24	0	19	15	0	0	20	17	0	0	20	8	0	0	14	20	24	0	41	16	0	0	85	82	24	171
113	100	70	63	0	87	41	31	0	61	63	0	48	83	0	0	146	207	0	0	74	31	12	0	32	31	0	35	20	0	0	91	116	0	0	59	63	0	22	40	0	0	12	16	0	0	45	83	0	0	142	207	0	0	61	24	4	0	22	12	0	23	4	0	0	59	52	0	0	30	31	0	13	12	0	0	9	0	0	0	32	20	0	0	87	116	0	0	58	63	0	17	16	0	0	18	16	0	0	22	40	0	0	12	16	0	0	45	83	0	0	141	207	0	0	48	15	0	0	15	4	0	16	0	0	0	36	16	0	0	20	12	0	4	0	0	0	9	0	0	0	20	4	0	0	55	52	0	0	29	31	0	8	0	0	0	8	0	0	0	13	12	0	0	9	0	0	0	32	20	0	0	86	116	0	0	58	63	0	22	0	0	0	39	16	0	0	17	16	0	0	18	16	0	0	22	40	0	0	12	16	0	0	45	83	0	0	141	207	0	0
68	59	59	21	21	50	36	20	0	47	21	21	56	6	29	0	124	53	0	83	41	28	19	0	24	20	0	35	6	0	0	65	50	0	37	43	21	21	32	7	14	0	11	14	0	0	48	6	29	0	118	53	0	83	33	18	12	0	16	19	0	21	6	0	0	39	49	0	36	21	20	0	13	6	0	0	8	12	0	0	27	6	0	0	59	50	0	37	41	13	21	26	6	51	0	22	7	21	0	22	7	14	0	10	14	0	0	46	6	29	0	113	45	0	83	25	8	6	0	6	12	0	3	0	0	0	11	24	0	13	13	19	0	0	6	0	0	7	12	0	0	13	6	0	0	33	49	0	36	19	12	0	3	6	0	0	7	6	0	0	3	6	0	0	7	12	0	0	25	6	0	0	54	42	0	37	38	13	21	18	0	37	0	27	41	21	0	11	6	51	0	15	7	21	0	19	7	14	0	10	14	0	0	40	6	29	0	104	45	0	83
74	65	45	25	4	56	12	12	0	44	25	4	21	17	12	0	102	112	8	0	47	8	5	0	11	12	0	9	5	0	0	30	53	0	0	43	25	4	10	10	4	0	5	0	4	0	20	17	12	0	100	112	8	0	38	4	0	0	7	5	0	2	0	0	0	19	20	0	0	10	12	0	1	0	0	0	2	0	0	0	8	5	0	0	28	53	0	0	42	25	4	5	0	4	0	9	0	4	0	10	10	4	0	5	0	4	0	20	17	12	0	99	112	8	0	29	2	0	0	3	0	0	1	0	0	0	6	0	0	0	6	5	0	1	0	0	0	2	0	0	0	1	0	0	0	17	20	0	0	9	12	0	1	0	0	0	1	0	0	0	1	0	0	0	2	0	0	0	8	5	0	0	27	53	0	0	42	25	4	4	0	0	0	16	8	0	0	5	0	4	0	9	0	4	0	10	10	4	0	5	0	4	0	20	17	12	0	99	112	8	0
102	89	45	61	4	76	9	31	0	44	61	4	9	93	12	0	99	158	12	0	63	7	10	0	8	31	0	4	30	0	0	28	70	0	0	43	61	4	6	30	4	0	5	0	12	0	8	93	12	0	97	158	12	0	50	4	0	0	6	10	0	2	0	0	0	18	25	0	0	7	31	0	1	0	0	0	2	0	0	0	3	30	0	0	26	70	0	0	42	61	4	5	0	4	0	9	0	8	0	6	30	4	0	5	0	12	0	8	93	12	0	96	158	12	0	37	2	0	0	3	0	0	1	0	0	0	6	0	0	0	5	10	0	1	0	0	0	2	0	0	0	1	0	0	0	16	25	0	0	6	31	0	1	0	0	0	1	0	0	0	1	0	0	0	2	0	0	0	3	30	0	0	25	70	0	0	42	61	4	4	0	0	0	16	11	0	0	5	0	4	0	9	0	8	0	6	30	4	0	5	0	12	0	8	93	12	0	96	158	12	0
85	75	38	25	4	65	12	0	0	38	25	4	23	0	12	0	92	70	20	0	55	7	0	0	12	0	0	9	0	0	0	37	0	0	0	38	25	4	12	0	4	0	2	0	0	0	23	0	12	0	92	70	20	0	45	2	0	0	7	0	0	1	0	0	0	21	0	0	0	12	0	0	1	0	0	0	2	0	0	0	9	0	0	0	37	0	0	0	37	25	4	1	0	4	0	1	0	0	0	12	0	4	0	2	0	0	0	23	0	12	0	91	70	20	0	35	1	0	0	2	0	0	0	0	0	0	4	0	0	0	7	0	0	1	0	0	0	2	0	0	0	1	0	0	0	21	0	0	0	11	0	0	1	0	0	0	1	0	0	0	1	0	0	0	2	0	0	0	9	0	0	0	36	0	0	0	37	25	4	0	0	0	0	9	0	0	0	1	0	4	0	1	0	0	0	12	0	4	0	2	0	0	0	23	0	12	0	91	70	20	0
59	52	29	12	0	45	7	0	0	29	12	0	18	0	0	0	69	36	0	0	38	3	0	0	7	0	0	7	0	0	0	20	0	0	0	29	12	0	8	0	0	0	0	0	0	0	18	0	0	0	69	36	0	0	31	0	0	0	3	0	0	0	0	0	0	9	0	0	0	7	0	0	0	0	0	0	0	0	0	0	7	0	0	0	20	0	0	0	29	12	0	0	0	0	0	0	0	0	0	8	0	0	0	0	0	0	0	18	0	0	0	69	36	0	0	24	0	0	0	0	0	0	0	0	0	0	0	0	0	0	3	0	0	0	0	0	0	0	0	0	0	0	0	0	0	9	0	0	0	7	0	0	0	0	0	0	0	0	0	0	0	0	0	0	0	0	0	0	7	0	0	0	20	0	0	0	29	12	0	0	0	0	0	2	0	0	0	0	0	0	0	0	0	0	0	8	0	0	0	0	0	0	0	18	0	0	0	69	36	0	0
155	135	55	75	90	115	21	0	67	51	75	90	40	0	151	26	107	135	450	12	95	8	0	24	17	0	67	14	0	126	0	44	0	335	0	50	75	90	3	0	126	49	5	0	0	192	38	0	151	26	105	135	450	12	75	5	0	23	4	0	24	2	0	66	0	6	0	120	0	16	0	67	0	0	103	47	5	0	0	123	12	0	126	0	42	0	335	0	50	75	90	3	0	33	6	6	0	0	0	3	0	126	49	5	0	0	192	38	0	151	26	105	135	450	12	55	5	0	23	1	0	23	2	0	64	0	2	0	115	0	3	0	24	0	0	27	47	5	0	0	122	0	0	66	0	4	0	120	0	16	0	67	3	0	30	6	6	0	0	0	0	0	103	47	5	0	0	123	12	0	126	0	42	0	335	0	50	75	90	10	0	0	0	24	0	0	0	3	0	33	6	6	0	0	0	3	0	126	49	5	0	0	192	38	0	151	26	105	135	450	12
94	82	28	20	53	70	11	0	43	22	20	53	4	0	54	23	47	0	106	4	58	7	0	7	5	0	43	1	0	50	0	19	0	86	0	22	20	53	0	0	39	14	2	0	0	157	4	0	54	23	47	0	106	4	46	6	0	6	1	0	7	0	0	14	0	3	0	14	0	5	0	43	0	0	34	12	2	0	0	86	1	0	50	0	19	0	86	0	22	20	53	0	0	8	6	1	0	0	0	0	0	39	14	2	0	0	157	4	0	54	23	47	0	106	4	34	6	0	6	0	0	6	0	0	12	0	0	0	12	0	1	0	7	0	0	0	12	2	0	0	86	0	0	14	0	3	0	14	0	5	0	43	0	0	7	6	1	0	0	0	0	0	34	12	2	0	0	86	1	0	50	0	19	0	86	0	22	20	53	4	0	0	0	9	0	0	0	0	0	8	6	1	0	0	0	0	0	39	14	2	0	0	157	4	0	54	23	47	0	106	4
63	55	15	7	16	47	1	0	4	15	7	16	1	0	8	16	24	0	16	4	39	0	0	0	1	0	4	0	0	4	0	4	0	4	0	15	7	16	0	0	8	0	0	0	0	0	1	0	8	16	24	0	16	4	31	0	0	0	0	0	0	0	0	0	0	0	0	0	0	1	0	4	0	0	4	0	0	0	0	0	0	0	4	0	4	0	4	0	15	7	16	0	0	0	0	0	0	0	0	0	0	8	0	0	0	0	0	1	0	8	16	24	0	16	4	23	0	0	0	0	0	0	0	0	0	0	0	0	0	0	0	0	0	0	0	0	0	0	0	0	0	0	0	0	0	0	0	0	0	1	0	4	0	0	0	0	0	0	0	0	0	0	4	0	0	0	0	0	0	0	4	0	4	0	4	0	15	7	16	0	0	0	0	1	0	0	0	0	0	0	0	0	0	0	0	0	0	8	0	0	0	0	0	1	0	8	16	24	0	16	4
92	80	23	32	18	68	3	0	0	23	32	18	7	0	20	0	41	48	72	12	56	0	0	0	3	0	0	0	0	0	0	9	0	0	0	23	32	18	0	0	15	0	0	0	0	0	7	0	20	0	41	48	72	12	44	0	0	0	0	0	0	0	0	0	0	0	0	0	0	3	0	0	0	0	0	0	0	0	0	0	0	0	0	0	9	0	0	0	23	32	18	0	0	0	0	0	0	0	0	0	0	15	0	0	0	0	0	7	0	20	0	41	48	72	12	32	0	0	0	0	0	0	0	0	0	0	0	0	0	0	0	0	0	0	0	0	0	0	0	0	0	0	0	0	0	0	0	0	0	3	0	0	0	0	0	0	0	0	0	0	0	0	0	0	0	0	0	0	0	0	0	0	9	0	0	0	23	32	18	0	0	0	0	5	0	0	0	0	0	0	0	0	0	0	0	0	0	15	0	0	0	0	0	7	0	20	0	41	48	72	12
70	61	17	14	13	52	2	0	0	17	14	13	6	0	15	0	26	0	26	8	43	0	0	0	2	0	0	0	0	0	0	5	0	0	0	17	14	13	0	0	10	0	0	0	0	0	6	0	15	0	26	0	26	8	34	0	0	0	0	0	0	0	0	0	0	0	0	0	0	2	0	0	0	0	0	0	0	0	0	0	0	0	0	0	5	0	0	0	17	14	13	0	0	0	0	0	0	0	0	0	0	10	0	0	0	0	0	6	0	15	0	26	0	26	8	25	0	0	0	0	0	0	0	0	0	0	0	0	0	0	0	0	0	0	0	0	0	0	0	0	0	0	0	0	0	0	0	0	0	2	0	0	0	0	0	0	0	0	0	0	0	0	0	0	0	0	0	0	0	0	0	0	5	0	0	0	17	14	13	0	0	0	0	1	0	0	0	0	0	0	0	0	0	0	0	0	0	10	0	0	0	0	0	6	0	15	0	26	0	26	8
98	84	16	0	109	70	1	0	60	15	0	109	0	0	71	82	33	0	0	174	56	1	0	55	0	0	60	0	0	60	67	0	0	0	110	15	0	109	0	0	0	0	0	0	0	4	0	0	71	82	33	0	0	174	42	1	0	34	0	0	55	0	0	50	31	0	0	0	31	0	0	60	0	0	0	0	0	0	0	0	0	0	60	67	0	0	0	110	15	0	109	0	0	0	59	0	0	0	93	0	0	0	0	0	0	0	4	0	0	71	82	33	0	0	174	28	1	0	33	0	0	34	0	0	27	29	0	0	0	29	0	0	55	0	0	0	0	0	0	0	0	0	0	50	31	0	0	0	31	0	0	60	0	0	0	57	0	0	0	71	0	0	0	0	0	0	0	0	0	0	60	67	0	0	0	110	15	0	109	0	0	0	6	8	0	0	0	0	0	0	59	0	0	0	93	0	0	0	0	0	0	0	4	0	0	71	82	33	0	0	174
88	75	17	30	78	62	0	0	59	17	30	78	0	0	73	39	27	40	234	90	49	0	0	59	0	0	59	0	0	70	39	0	0	177	67	17	30	78	0	0	0	0	0	0	0	0	0	0	73	39	27	40	234	90	36	0	0	50	0	0	59	0	0	70	31	0	0	177	24	0	0	59	0	0	0	0	0	0	0	0	0	0	70	39	0	0	177	67	17	30	78	0	0	0	75	3	0	0	0	0	0	0	0	0	0	0	0	0	0	73	39	27	40	234	90	23	0	0	49	0	0	50	0	0	57	29	0	0	150	23	0	0	59	0	0	0	0	0	0	0	0	0	0	70	31	0	0	177	24	0	0	59	0	0	0	73	0	0	0	0	0	0	0	0	0	0	0	0	0	0	70	39	0	0	177	67	17	30	78	0	0	0	6	8	0	0	0	0	0	0	75	3	0	0	0	0	0	0	0	0	0	0	0	0	0	73	39	27	40	234	90
62	53	14	8	44	44	0	0	17	14	8	44	0	0	55	27	28	8	44	108	35	0	0	12	0	0	17	0	0	46	12	0	0	17	67	14	8	44	0	0	0	0	0	0	0	4	0	0	55	27	28	8	44	108	26	0	0	9	0	0	12	0	0	36	9	0	0	12	24	0	0	17	0	0	0	0	0	0	0	0	0	0	46	12	0	0	17	67	14	8	44	0	0	0	27	0	0	0	0	0	0	0	0	0	0	0	4	0	0	55	27	28	8	44	108	17	0	0	9	0	0	9	0	0	27	9	0	0	9	23	0	0	12	0	0	0	0	0	0	0	0	0	0	36	9	0	0	12	24	0	0	17	0	0	0	27	0	0	0	0	0	0	0	0	0	0	0	0	0	0	46	12	0	0	17	67	14	8	44	0	0	0	0	7	0	0	0	0	0	0	27	0	0	0	0	0	0	0	0	0	0	0	4	0	0	55	27	28	8	44	108
107	91	38	55	90	75	11	0	55	34	55	90	15	0	137	100	51	121	450	108	59	8	0	40	7	0	55	3	0	117	62	11	0	275	67	30	55	90	0	0	36	26	8	0	0	8	12	0	137	100	44	121	450	108	43	8	0	9	4	0	40	3	0	94	9	7	0	200	24	3	0	55	0	0	33	0	5	0	0	0	0	0	117	62	4	0	275	67	30	55	90	13	0	0	27	22	0	0	152	0	0	36	26	8	0	0	8	12	0	137	100	44	121	450	108	27	5	0	9	4	0	9	3	0	27	9	7	0	45	23	0	0	40	0	0	30	0	0	0	0	0	0	0	94	9	0	0	200	24	3	0	55	3	0	0	27	6	0	0	108	0	0	33	0	5	0	0	0	0	0	117	62	4	0	275	67	30	55	90	14	0	0	0	27	33	0	0	13	0	0	27	22	0	0	152	0	0	36	26	8	0	0	8	12	0	137	100	44	121	450	108
49	42	1	0	47	35	0	0	0	1	0	47	0	0	0	0	1	0	0	190	28	0	0	0	0	0	0	0	0	0	0	0	0	0	114	1	0	47	0	0	0	0	0	0	0	0	0	0	0	0	1	0	0	190	21	0	0	0	0	0	0	0	0	0	0	0	0	0	31	0	0	0	0	0	0	0	0	0	0	0	0	0	0	0	0	0	0	114	1	0	47	0	0	0	0	0	0	0	0	0	0	0	0	0	0	0	0	0	0	0	0	1	0	0	190	14	0	0	0	0	0	0	0	0	0	0	0	0	0	29	0	0	0	0	0	0	0	0	0	0	0	0	0	0	0	0	0	0	31	0	0	0	0	0	0	0	0	0	0	0	0	0	0	0	0	0	0	0	0	0	0	0	0	0	0	114	1	0	47	0	0	0	0	0	0	0	0	0	0	0	0	0	0	0	0	0	0	0	0	0	0	0	0	0	0	0	0	1	0	0	190
71	59	20	11	79	47	7	0	43	17	11	79	3	0	39	82	12	0	79	212	35	7	0	41	4	0	43	3	0	36	77	7	0	43	131	13	11	79	0	0	0	23	8	0	0	0	0	0	39	82	5	0	79	212	23	7	0	40	4	0	41	3	0	33	76	7	0	41	111	0	0	43	0	0	0	22	0	0	0	0	0	0	36	77	0	0	43	131	13	11	79	13	0	0	10	22	0	0	0	0	0	0	23	8	0	0	0	0	0	39	82	5	0	79	212	11	3	0	25	4	0	40	3	0	30	52	7	0	40	68	0	0	41	0	0	0	9	0	0	0	0	0	0	33	76	0	0	41	111	0	0	43	0	0	0	0	0	0	0	0	0	0	0	22	0	0	0	0	0	0	36	77	0	0	43	131	13	11	79	10	0	13	43	17	0	0	59	13	0	0	10	22	0	0	0	0	0	0	23	8	0	0	0	0	0	39	82	5	0	79	212
73	59	28	51	64	45	14	24	47	20	51	64	7	0	39	72	19	36	192	90	33	14	24	45	9	24	47	7	0	36	67	14	36	141	55	11	27	64	0	0	0	23	8	0	0	0	0	0	39	72	5	0	192	90	21	9	18	44	9	24	45	7	0	33	66	14	36	135	40	0	0	47	0	0	0	22	0	0	0	0	0	0	36	67	0	0	141	55	11	27	64	7	54	0	10	17	45	0	0	0	0	0	23	8	0	0	0	0	0	39	72	5	0	192	90	9	3	0	29	4	18	44	3	0	30	43	7	27	132	9	0	0	45	0	0	0	9	0	0	0	0	0	0	33	66	0	0	135	40	0	0	47	0	0	0	0	0	0	0	0	0	0	0	22	0	0	0	0	0	0	36	67	0	0	141	55	11	27	64	10	0	41	47	15	18	128	59	7	54	0	10	17	45	0	0	0	0	0	23	8	0	0	0	0	0	39	72	5	0	192	90
107	87	43	93	116	68	28	36	93	28	74	116	27	18	54	138	37	50	464	90	50	25	36	78	15	18	93	24	18	51	115	25	36	372	55	17	56	116	13	0	0	126	10	42	0	0	12	0	54	138	21	14	464	90	32	16	32	56	12	18	78	15	18	47	90	17	36	312	40	4	0	93	9	0	0	87	1	0	0	0	9	0	51	115	9	0	372	55	13	56	116	12	56	6	33	20	112	0	29	4	0	0	126	9	42	0	0	3	0	54	138	12	14	464	90	14	8	14	9	3	14	56	2	14	37	36	5	28	224	9	1	0	78	0	0	0	9	0	0	0	0	0	0	47	90	1	0	312	40	0	0	93	0	0	6	0	0	0	0	0	0	0	0	87	0	0	0	0	0	0	51	115	0	0	372	55	12	56	116	10	56	13	27	22	70	116	216	9	56	6	33	16	112	0	29	1	0	0	126	9	42	0	0	0	0	54	138	10	14	464	90
52	43	16	14	30	34	7	0	8	15	14	30	1	0	0	8	10	0	60	168	25	7	0	8	6	0	8	1	0	0	8	9	0	16	114	9	14	30	0	0	0	0	3	0	0	0	0	0	0	8	1	0	60	168	16	4	0	8	6	0	8	1	0	0	8	9	0	16	99	0	0	8	0	0	0	0	0	0	0	0	0	0	0	8	0	0	16	114	9	14	30	10	0	0	0	13	21	0	0	0	0	0	0	3	0	0	0	0	0	0	8	1	0	60	168	7	1	0	7	3	0	8	1	0	0	7	5	0	16	59	0	0	8	0	0	0	0	0	0	0	0	0	0	0	8	0	0	16	99	0	0	8	0	0	0	0	0	0	0	0	0	0	0	0	0	0	0	0	0	0	0	8	0	0	16	114	9	14	30	4	0	0	7	7	0	0	0	10	0	0	0	13	21	0	0	0	0	0	0	3	0	0	0	0	0	0	8	1	0	60	168
53	44	20	8	45	35	7	0	20	17	8	45	3	0	39	36	12	0	45	168	26	7	0	16	4	0	20	3	0	36	26	7	0	20	114	13	8	45	0	0	0	26	8	0	0	0	0	0	39	36	5	0	45	168	17	7	0	10	4	0	16	3	0	33	10	7	0	16	99	0	0	20	0	0	0	10	0	0	0	0	0	0	36	26	0	0	20	114	13	8	45	13	0	0	10	22	0	0	4	0	0	0	26	8	0	0	0	0	0	39	36	5	0	45	168	8	3	0	0	4	0	10	3	0	30	0	7	0	10	59	0	0	16	0	0	0	0	0	0	0	0	0	0	33	10	0	0	16	99	0	0	20	0	0	0	0	0	0	0	0	0	0	0	10	0	0	0	0	0	0	36	26	0	0	20	114	13	8	45	10	0	13	0	17	0	0	59	13	0	0	10	22	0	0	4	0	0	0	26	8	0	0	0	0	0	39	36	5	0	45	168
41	31	23	21	35	21	18	21	5	13	21	35	26	0	0	0	23	28	0	210	14	15	21	5	12	21	5	23	0	0	0	21	28	0	148	4	0	35	12	0	0	0	1	0	0	0	12	0	0	0	10	0	0	210	7	6	0	5	9	21	5	14	0	0	0	13	28	0	131	3	0	5	9	0	0	0	1	0	0	0	9	0	0	0	8	0	0	148	1	0	35	3	0	37	0	4	0	105	0	3	0	0	0	0	0	0	0	3	0	0	0	2	0	0	210	0	0	0	5	0	0	5	0	0	0	0	0	0	0	108	0	0	5	0	0	0	0	0	0	0	0	0	0	0	0	0	0	0	131	0	0	5	0	0	5	0	0	0	15	0	0	0	0	0	0	0	0	0	0	0	0	0	0	0	0	148	0	0	35	0	0	14	0	0	0	0	0	0	0	37	0	0	0	105	0	0	0	0	0	0	0	0	0	0	0	0	0	0	0	0	210
41	30	34	32	40	21	27	28	13	20	14	40	37	28	0	52	41	21	0	180	14	22	28	12	16	14	13	28	28	0	48	30	21	0	140	9	0	40	25	0	0	12	2	0	0	0	20	0	0	52	24	0	0	180	7	11	14	11	11	14	12	17	28	0	44	17	21	0	123	5	0	13	19	0	0	11	2	0	0	0	11	0	0	48	13	0	0	140	4	0	40	18	0	49	11	11	0	80	0	6	0	0	12	0	0	0	0	9	0	0	52	11	0	0	180	0	0	0	10	0	0	11	0	0	0	40	0	0	0	100	0	0	12	0	0	0	10	0	0	0	0	0	0	0	44	0	0	0	123	0	0	13	0	0	13	10	0	0	26	0	0	0	0	11	0	0	0	0	0	0	0	48	0	0	0	140	0	0	40	0	0	48	10	0	0	80	0	0	0	49	11	0	0	80	0	0	0	0	12	0	0	0	0	0	0	0	52	0	0	0	180
47	32	42	86	31	20	25	60	13	23	50	31	24	150	0	52	35	94	31	116	11	22	33	12	10	33	13	14	99	0	48	18	64	13	93	7	23	31	21	69	0	12	2	6	93	0	8	69	0	52	19	58	31	116	5	10	15	11	8	15	12	12	45	0	44	13	20	12	78	2	15	13	10	45	0	11	1	5	39	0	2	45	0	48	5	40	13	93	3	5	31	15	15	31	11	7	20	93	0	3	15	0	12	0	0	93	0	6	15	0	52	9	10	31	116	0	0	0	10	0	0	11	0	0	0	40	0	0	11	56	0	0	12	0	0	0	10	0	0	36	0	0	0	0	44	0	0	12	78	0	0	13	0	0	13	10	0	0	39	0	0	0	0	11	0	0	39	0	0	0	0	48	0	0	13	93	0	0	31	0	0	48	10	0	0	93	0	0	0	31	11	0	0	93	0	0	0	0	12	0	0	93	0	0	0	0	52	0	0	31	116
50	34	46	96	34	23	29	68	28	25	41	34	31	96	0	67	44	105	102	0	13	24	45	27	10	18	28	24	50	0	63	18	41	84	0	14	31	34	30	95	7	12	4	8	68	0	12	46	0	67	33	85	102	0	5	11	25	25	6	5	27	15	25	0	58	9	10	81	0	4	10	28	9	50	6	11	1	5	56	0	9	10	0	63	9	25	84	0	1	15	34	3	75	17	19	4	35	34	0	3	15	7	12	0	0	68	0	3	30	0	67	2	45	102	0	0	0	0	17	0	0	25	0	0	0	47	0	0	75	0	0	0	27	0	0	6	10	0	0	54	0	0	0	0	58	0	0	81	0	0	0	28	0	0	13	17	0	0	28	0	0	0	6	11	0	0	56	0	0	0	0	63	0	0	84	0	0	0	34	0	0	74	17	0	0	170	21	0	0	17	19	0	0	34	0	0	0	7	12	0	0	68	0	0	0	0	67	0	0	102	0
35	28	11	0	49	21	11	0	0	8	0	49	5	0	0	0	12	0	0	334	14	11	0	0	8	0	0	5	0	0	0	12	0	0	211	0	0	49	0	0	0	0	0	0	0	0	0	0	0	0	0	0	0	334	7	3	0	0	8	0	0	5	0	0	0	12	0	0	188	0	0	0	0	0	0	0	0	0	0	0	0	0	0	0	0	0	0	211	0	0	49	0	0	32	0	0	0	0	0	0	0	0	0	0	0	0	0	0	0	0	0	0	0	0	334	0	0	0	0	0	0	0	0	0	0	0	0	0	0	158	0	0	0	0	0	0	0	0	0	0	0	0	0	0	0	0	0	0	188	0	0	0	0	0	0	0	0	0	0	0	0	0	0	0	0	0	0	0	0	0	0	0	0	0	0	211	0	0	49	0	0	14	0	0	0	0	0	0	0	32	0	0	0	0	0	0	0	0	0	0	0	0	0	0	0	0	0	0	0	0	334
30	19	36	38	10	12	16	28	0	24	10	10	29	0	25	0	45	25	20	65	5	11	20	0	4	0	0	14	0	0	0	6	0	0	41	15	10	10	29	40	20	0	5	5	0	0	11	0	25	0	37	25	20	65	0	0	0	0	0	0	0	0	0	0	0	0	0	0	39	0	0	0	0	0	0	0	0	0	0	0	0	0	0	0	0	0	0	41	0	0	10	0	0	40	0	0	0	40	0	0	0	20	0	0	0	0	0	0	0	25	0	0	0	20	65	0	0	0	0	0	0	0	0	0	0	0	0	0	0	36	0	0	0	0	0	0	0	0	0	0	0	0	0	0	0	0	0	0	39	0	0	0	0	0	0	0	0	0	0	0	0	0	0	0	0	0	0	0	0	0	0	0	0	0	0	41	0	0	0	0	0	0	0	0	0	0	0	0	0	0	0	0	0	0	0	0	0	0	0	0	0	0	0	0	0	0	0	0	0	0	65
31	21	34	31	5	13	12	16	0	23	15	5	11	0	10	0	40	35	15	34	5	10	10	0	1	0	0	5	0	0	0	2	0	0	28	15	15	5	22	30	5	0	4	5	0	0	2	0	10	0	36	35	15	34	0	0	0	0	0	0	0	0	0	0	0	0	0	0	27	0	0	0	0	0	0	0	0	0	0	0	0	0	0	0	0	0	0	28	0	0	5	0	0	25	0	0	0	10	0	0	0	5	0	0	0	0	0	0	0	10	0	0	0	15	34	0	0	0	0	0	0	0	0	0	0	0	0	0	0	25	0	0	0	0	0	0	0	0	0	0	0	0	0	0	0	0	0	0	27	0	0	0	0	0	0	0	0	0	0	0	0	0	0	0	0	0	0	0	0	0	0	0	0	0	0	28	0	0	0	0	0	0	0	0	0	0	0	0	0	0	0	0	0	0	0	0	0	0	0	0	0	0	0	0	0	0	0	0	0	0	34
33	23	37	29	5	14	13	9	0	25	20	5	11	0	10	0	38	50	20	34	5	11	5	0	1	0	0	5	0	0	0	2	0	0	28	14	20	5	24	20	5	0	4	5	0	0	2	0	10	0	33	50	20	34	0	0	0	0	0	0	0	0	0	0	0	0	0	0	27	0	0	0	0	0	0	0	0	0	0	0	0	0	0	0	0	0	0	28	0	0	5	0	0	25	0	0	0	5	0	0	0	5	0	0	0	0	0	0	0	10	0	0	0	20	34	0	0	0	0	0	0	0	0	0	0	0	0	0	0	25	0	0	0	0	0	0	0	0	0	0	0	0	0	0	0	0	0	0	27	0	0	0	0	0	0	0	0	0	0	0	0	0	0	0	0	0	0	0	0	0	0	0	0	0	0	28	0	0	0	0	0	0	0	0	0	0	0	0	0	0	0	0	0	0	0	0	0	0	0	0	0	0	0	0	0	0	0	0	0	0	34
25	18	28	12	0	11	8	0	0	20	12	0	4	0	0	0	33	28	0	0	4	7	0	0	0	0	0	0	0	0	0	0	0	0	0	13	12	0	18	0	0	0	3	4	0	0	0	0	0	0	31	28	0	0	0	0	0	0	0	0	0	0	0	0	0	0	0	0	0	0	0	0	0	0	0	0	0	0	0	0	0	0	0	0	0	0	0	0	0	0	0	0	0	0	0	0	0	0	0	0	0	0	0	0	0	0	0	0	0	0	0	0	0	0	0	0	0	0	0	0	0	0	0	0	0	0	0	0	0	0	0	0	0	0	0	0	0	0	0	0	0	0	0	0	0	0	0	0	0	0	0	0	0	0	0	0	0	0	0	0	0	0	0	0	0	0	0	0	0	0	0	0	0	0	0	0	0	0	0	0	0	0	0	0	0	0	0	0	0	0	0	0	0	0	0	0	0	0	0	0	0	0	0	0	0	0	0	0	0	0	0
24	17	22	12	0	10	3	0	0	19	12	0	0	0	0	0	26	27	0	0	3	3	0	0	0	0	0	0	0	0	0	0	0	0	0	10	12	0	10	0	0	0	3	0	0	0	0	0	0	0	24	27	0	0	0	0	0	0	0	0	0	0	0	0	0	0	0	0	0	0	0	0	0	0	0	0	0	0	0	0	0	0	0	0	0	0	0	0	0	0	0	0	0	0	0	0	0	0	0	0	0	0	0	0	0	0	0	0	0	0	0	0	0	0	0	0	0	0	0	0	0	0	0	0	0	0	0	0	0	0	0	0	0	0	0	0	0	0	0	0	0	0	0	0	0	0	0	0	0	0	0	0	0	0	0	0	0	0	0	0	0	0	0	0	0	0	0	0	0	0	0	0	0	0	0	0	0	0	0	0	0	0	0	0	0	0	0	0	0	0	0	0	0	0	0	0	0	0	0	0	0	0	0	0	0	0	0	0	0	0	0
38	25	32	12	44	12	16	0	18	16	12	44	18	0	26	20	10	0	44	20	0	0	0	7	0	0	18	0	0	20	0	0	0	18	0	0	0	44	0	0	93	7	0	0	0	65	0	0	26	20	0	0	44	20	0	0	0	6	0	0	7	0	0	0	0	0	0	7	0	0	0	18	0	0	40	6	0	0	0	41	0	0	20	0	0	0	18	0	0	0	0	0	0	0	6	0	0	0	0	0	0	0	7	0	0	0	65	0	0	0	20	0	0	0	20	0	0	0	6	0	0	6	0	0	0	0	0	0	6	0	0	0	7	0	0	0	6	0	0	0	39	0	0	0	0	0	0	7	0	0	0	0	0	0	0	6	0	0	0	0	0	0	0	6	0	0	0	41	0	0	0	0	0	0	0	0	0	0	0	0	0	0	0	0	0	0	0	0	0	0	6	0	0	0	0	0	0	0	7	0	0	0	65	0	0	0	0	0	0	0	0
24	15	18	18	9	6	4	0	5	13	18	9	13	0	18	5	7	6	27	0	0	0	0	0	0	0	5	0	0	15	0	0	0	15	0	0	0	9	0	0	18	0	0	0	0	31	0	0	18	5	0	0	27	0	0	0	0	0	0	0	0	0	0	0	0	0	0	0	0	0	0	5	0	0	15	0	0	0	0	13	0	0	15	0	0	0	15	0	0	0	0	0	0	0	0	0	0	0	0	0	0	0	0	0	0	0	31	0	0	0	5	0	0	0	0	0	0	0	0	0	0	0	0	0	0	0	0	0	0	0	0	0	0	0	0	0	0	0	0	0	12	0	0	0	0	0	0	0	0	0	0	0	0	0	0	0	0	0	0	0	0	0	0	0	0	0	0	13	0	0	0	0	0	0	0	0	0	0	0	0	0	0	0	0	0	0	0	0	0	0	0	0	0	0	0	0	0	0	0	0	0	0	31	0	0	0	0	0	0	0	0
39	24	30	54	33	10	15	10	10	13	40	33	14	40	26	20	8	20	132	20	0	0	0	0	0	0	10	0	0	20	0	0	0	40	0	0	0	33	0	0	93	0	0	0	33	65	0	0	26	20	0	0	132	20	0	0	0	0	0	0	0	0	0	0	0	0	0	0	0	0	0	10	0	0	40	0	0	0	10	41	0	0	20	0	0	0	40	0	0	0	0	0	0	0	0	0	0	0	0	0	0	0	0	0	0	0	65	0	0	0	20	0	0	0	20	0	0	0	0	0	0	0	0	0	0	0	0	0	0	0	0	0	0	0	0	0	0	0	0	0	39	0	0	0	0	0	0	0	0	0	0	0	0	0	0	0	0	0	0	0	0	0	0	0	0	0	0	41	0	0	0	0	0	0	0	0	0	0	0	0	0	0	0	0	0	0	0	0	0	0	0	0	0	0	0	0	0	0	0	0	0	0	65	0	0	0	0	0	0	0	0
28	18	15	16	17	8	4	0	0	11	16	17	4	0	0	0	4	0	34	10	0	0	0	0	0	0	0	0	0	0	0	0	0	0	0	0	0	17	0	0	15	0	0	0	0	0	0	0	0	0	0	0	34	10	0	0	0	0	0	0	0	0	0	0	0	0	0	0	0	0	0	0	0	0	0	0	0	0	0	0	0	0	0	0	0	0	0	0	0	0	0	0	0	0	0	0	0	0	0	0	0	0	0	0	0	0	0	0	0	0	0	0	0	0	10	0	0	0	0	0	0	0	0	0	0	0	0	0	0	0	0	0	0	0	0	0	0	0	0	0	0	0	0	0	0	0	0	0	0	0	0	0	0	0	0	0	0	0	0	0	0	0	0	0	0	0	0	0	0	0	0	0	0	0	0	0	0	0	0	0	0	0	0	0	0	0	0	0	0	0	0	0	0	0	0	0	0	0	0	0	0	0	0	0	0	0	0	0	0	0	0
24	15	13	18	8	6	2	0	0	10	18	8	4	0	0	0	3	6	24	5	0	0	0	0	0	0	0	0	0	0	0	0	0	0	0	0	0	8	0	0	5	0	0	0	0	0	0	0	0	0	0	0	24	5	0	0	0	0	0	0	0	0	0	0	0	0	0	0	0	0	0	0	0	0	0	0	0	0	0	0	0	0	0	0	0	0	0	0	0	0	0	0	0	0	0	0	0	0	0	0	0	0	0	0	0	0	0	0	0	0	0	0	0	0	5	0	0	0	0	0	0	0	0	0	0	0	0	0	0	0	0	0	0	0	0	0	0	0	0	0	0	0	0	0	0	0	0	0	0	0	0	0	0	0	0	0	0	0	0	0	0	0	0	0	0	0	0	0	0	0	0	0	0	0	0	0	0	0	0	0	0	0	0	0	0	0	0	0	0	0	0	0	0	0	0	0	0	0	0	0	0	0	0	0	0	0	0	0	0	0	0
33	16	12	16	125	0	0	0	112	0	0	125	0	0	82	18	0	0	125	33	0	0	0	111	0	0	112	0	0	63	15	0	0	112	10	0	0	0	0	0	0	5	0	0	0	0	0	0	0	18	0	0	0	33	0	0	0	95	0	0	111	0	0	60	0	0	0	111	0	0	0	0	0	0	0	0	0	0	0	0	0	0	0	15	0	0	0	10	0	0	0	0	0	0	32	0	0	0	66	0	0	0	5	0	0	0	0	0	0	0	0	0	0	0	0	0	0	0	85	0	0	95	0	0	45	0	0	0	95	0	0	0	0	0	0	0	0	0	0	0	0	0	0	0	0	0	0	0	0	0	0	0	0	0	0	5	0	0	0	18	0	0	0	0	0	0	0	0	0	0	0	0	0	0	0	0	0	0	0	0	0	0	14	0	0	0	64	0	0	0	32	0	0	0	66	0	0	0	0	0	0	0	0	0	0	0	0	0	0	0	0
30	14	24	28	142	0	0	0	137	0	0	142	0	0	250	34	0	0	284	0	0	0	0	133	0	0	137	0	0	231	25	0	0	274	0	0	0	0	0	0	0	20	0	0	0	0	0	0	0	34	0	0	0	0	0	0	0	99	0	0	133	0	0	213	0	0	0	266	0	0	0	0	0	0	0	0	0	0	0	0	0	0	0	25	0	0	0	0	0	0	0	0	0	0	134	0	0	0	140	0	0	0	20	0	0	0	0	0	0	0	0	0	0	0	0	0	0	0	71	0	0	99	0	0	149	0	0	0	198	0	0	0	0	0	0	0	0	0	0	0	0	0	0	0	0	0	0	0	0	0	0	0	0	0	0	39	0	0	0	59	0	0	0	0	0	0	0	0	0	0	0	0	0	0	0	0	0	0	0	0	0	0	66	0	0	0	180	0	0	0	134	0	0	0	140	0	0	0	0	0	0	0	0	0	0	0	0	0	0	0	0
16	8	2	0	51	0	0	0	9	0	0	51	0	0	10	0	0	0	0	111	0	0	0	9	0	0	9	0	0	0	0	0	0	0	33	0	0	0	0	0	0	0	0	0	0	0	0	0	0	0	0	0	0	111	0	0	0	9	0	0	9	0	0	0	0	0	0	0	7	0	0	0	0	0	0	0	0	0	0	0	0	0	0	0	0	0	0	33	0	0	0	0	0	0	0	0	0	0	0	0	0	0	0	0	0	0	0	0	0	0	0	0	0	0	0	0	0	0	9	0	0	9	0	0	0	0	0	0	0	6	0	0	0	0	0	0	0	0	0	0	0	0	0	0	0	0	0	0	7	0	0	0	0	0	0	0	0	0	0	0	0	0	0	0	0	0	0	0	0	0	0	0	0	0	0	0	0	0	0	0	0	0	0	0	0	0	0	0	0	0	0	0	0	0	0	0	0	0	0	0	0	0	0	0	0	0	0	0	0	0	0
16	8	3	0	39	0	0	0	9	0	0	39	0	0	10	0	0	0	0	67	0	0	0	9	0	0	9	0	0	0	0	0	0	0	15	0	0	0	0	0	0	0	0	0	0	0	0	0	0	0	0	0	0	67	0	0	0	9	0	0	9	0	0	0	0	0	0	0	0	0	0	0	0	0	0	0	0	0	0	0	0	0	0	0	0	0	0	15	0	0	0	0	0	0	0	0	0	0	0	0	0	0	0	0	0	0	0	0	0	0	0	0	0	0	0	0	0	0	9	0	0	9	0	0	0	0	0	0	0	0	0	0	0	0	0	0	0	0	0	0	0	0	0	0	0	0	0	0	0	0	0	0	0	0	0	0	0	0	0	0	0	0	0	0	0	0	0	0	0	0	0	0	0	0	0	0	0	0	0	0	0	0	0	0	0	0	0	0	0	0	0	0	0	0	0	0	0	0	0	0	0	0	0	0	0	0	0	0	0	0	0
23	11	9	11	54	0	0	0	29	0	0	54	0	0	51	18	0	0	54	50	0	0	0	28	0	0	29	0	0	32	15	0	0	29	15	0	0	0	0	0	0	5	0	0	0	0	0	0	0	18	0	0	0	50	0	0	0	9	0	0	28	0	0	29	0	0	0	28	0	0	0	0	0	0	0	0	0	0	0	0	0	0	0	15	0	0	0	15	0	0	0	0	0	0	0	0	0	0	106	0	0	0	5	0	0	0	0	0	0	0	0	0	0	0	0	0	0	0	9	0	0	9	0	0	0	0	0	0	9	0	0	0	0	0	0	0	0	0	0	0	0	0	0	0	0	0	0	0	0	0	0	0	0	0	0	0	0	0	0	31	0	0	0	0	0	0	0	0	0	0	0	0	0	0	0	0	0	0	0	0	0	0	0	0	0	0	0	0	0	0	0	0	0	0	106	0	0	0	0	0	0	0	0	0	0	0	0	0	0	0	0
16	0	0	0	162	0	0	0	105	0	0	0	0	0	0	163	0	0	0	321	0	0	0	88	0	0	0	0	0	0	112	0	0	0	278	0	0	0	0	0	0	44	0	0	0	33	0	0	0	0	0	0	0	0	0	0	0	79	0	0	0	0	0	0	106	0	0	0	272	0	0	0	0	0	0	25	0	0	0	10	0	0	0	0	0	0	0	0	0	0	0	0	0	0	20	0	0	0	10	0	0	0	0	0	0	0	0	0	0	0	0	0	0	0	0	0	0	0	59	0	0	0	0	0	0	69	0	0	0	203	0	0	0	0	0	0	0	0	0	0	0	0	0	0	0	0	0	0	0	0	0	0	0	0	0	0	0	0	0	0	0	0	0	0	0	0	0	0	0	0	0	0	0	0	0	0	0	0	0	0	0	0	51	0	0	0	105	0	0	0	0	0	0	0	0	0	0	0	0	0	0	0	0	0	0	0	0	0	0	0	0
18	0	0	0	189	0	0	0	162	0	0	0	0	0	0	141	0	0	0	142	0	0	0	152	0	0	0	0	0	0	130	0	0	0	137	0	0	0	0	0	0	59	0	0	0	0	0	0	0	0	0	0	0	0	0	0	0	138	0	0	0	0	0	0	124	0	0	0	133	0	0	0	0	0	0	25	0	0	0	0	0	0	0	0	0	0	0	0	0	0	0	0	0	0	20	0	0	0	15	0	0	0	0	0	0	0	0	0	0	0	0	0	0	0	0	0	0	0	113	0	0	0	0	0	0	83	0	0	0	99	0	0	0	0	0	0	0	0	0	0	0	0	0	0	0	0	0	0	0	0	0	0	0	0	0	0	0	0	0	0	0	0	0	0	0	0	0	0	0	0	0	0	0	0	0	0	0	0	0	0	0	0	117	0	0	0	105	0	0	0	0	0	0	0	0	0	0	0	0	0	0	0	0	0	0	0	0	0	0	0	0
13	0	0	0	97	0	0	0	90	0	0	0	0	0	0	65	0	0	0	0	0	0	0	83	0	0	0	0	0	0	54	0	0	0	0	0	0	0	0	0	0	44	0	0	0	0	0	0	0	0	0	0	0	0	0	0	0	74	0	0	0	0	0	0	48	0	0	0	0	0	0	0	0	0	0	25	0	0	0	0	0	0	0	0	0	0	0	0	0	0	0	0	0	0	20	0	0	0	10	0	0	0	0	0	0	0	0	0	0	0	0	0	0	0	0	0	0	0	63	0	0	0	0	0	0	28	0	0	0	0	0	0	0	0	0	0	0	0	0	0	0	0	0	0	0	0	0	0	0	0	0	0	0	0	0	0	0	0	0	0	0	0	0	0	0	0	0	0	0	0	0	0	0	0	0	0	0	0	0	0	0	0	10	0	0	0	65	0	0	0	0	0	0	0	0	0	0	0	0	0	0	0	0	0	0	0	0	0	0	0	0
11	0	0	0	70	0	0	0	68	0	0	0	0	0	0	24	0	0	0	0	0	0	0	57	0	0	0	0	0	0	22	0	0	0	0	0	0	0	0	0	0	61	0	0	0	0	0	0	0	0	0	0	0	0	0	0	0	39	0	0	0	0	0	0	19	0	0	0	0	0	0	0	0	0	0	10	0	0	0	0	0	0	0	0	0	0	0	0	0	0	0	0	0	0	15	0	0	0	20	0	0	0	0	0	0	0	0	0	0	0	0	0	0	0	0	0	0	0	33	0	0	0	0	0	0	14	0	0	0	0	0	0	0	0	0	0	0	0	0	0	0	0	0	0	0	0	0	0	0	0	0	0	0	0	0	0	0	0	0	0	0	0	0	0	0	0	0	0	0	0	0	0	0	0	0	0	0	0	0	0	0	0	10	0	0	0	34	0	0	0	0	0	0	0	0	0	0	0	0	0	0	0	0	0	0	0	0	0	0	0	0
5	0	0	0	31	0	0	0	30	0	0	0	0	0	0	10	0	0	0	0	0	0	0	28	0	0	0	0	0	0	8	0	0	0	0	0	0	0	0	0	0	16	0	0	0	0	0	0	0	0	0	0	0	0	0	0	0	25	0	0	0	0	0	0	5	0	0	0	0	0	0	0	0	0	0	10	0	0	0	0	0	0	0	0	0	0	0	0	0	0	0	0	0	0	15	0	0	0	0	0	0	0	0	0	0	0	0	0	0	0	0	0	0	0	0	0	0	0	19	0	0	0	0	0	0	0	0	0	0	0	0	0	0	0	0	0	0	0	0	0	0	0	0	0	0	0	0	0	0	0	0	0	0	0	0	0	0	0	0	0	0	0	0	0	0	0	0	0	0	0	0	0	0	0	0	0	0	0	0	0	0	0	10	0	0	0	34	0	0	0	0	0	0	0	0	0	0	0	0	0	0	0	0	0	0	0	0	0	0	0	0
