72	69	13	0	0	66	12	0	0	13	0	0	1	0	0	0	11	0	0	0	63	12	0	0	12	0	0	1	0	0	0	11	0	0	0	13	0	0	0	0	0	0	0	0	0	0	1	0	0	0	11	0	0	0	60	12	0	0	12	0	0	1	0	0	0	11	0	0	0	12	0	0	0	0	0	0	0	0	0	0	1	0	0	0	11	0	0	0	13	0	0	0	0	0	0	3	0	0	0	0	0	0	0	0	0	0	0	1	0	0	0	11	0	0	0	57	12	0	0	12	0	0	1	0	0	0	11	0	0	0	12	0	0	0	0	0	0	0	0	0	0	1	0	0	0	11	0	0	0	12	0	0	0	0	0	0	2	0	0	0	0	0	0	0	0	0	0	0	1	0	0	0	11	0	0	0	13	0	0	4	0	0	0	6	0	0	0	0	0	0	0	3	0	0	0	0	0	0	0	0	0	0	0	1	0	0	0	11	0	0	0
91	87	12	3	0	83	11	3	0	12	3	0	1	0	0	0	11	0	0	0	79	11	3	0	11	3	0	1	0	0	0	11	0	0	0	12	3	0	0	0	0	0	0	0	0	0	1	0	0	0	11	0	0	0	75	11	3	0	11	3	0	1	0	0	0	11	0	0	0	11	3	0	0	0	0	0	0	0	0	0	1	0	0	0	11	0	0	0	12	3	0	0	0	0	0	3	0	0	0	0	0	0	0	0	0	0	0	1	0	0	0	11	0	0	0	71	11	3	0	11	3	0	1	0	0	0	11	0	0	0	11	3	0	0	0	0	0	0	0	0	0	1	0	0	0	11	0	0	0	11	3	0	0	0	0	0	2	0	0	0	0	0	0	0	0	0	0	0	1	0	0	0	11	0	0	0	12	3	0	4	0	0	0	6	0	0	0	0	0	0	0	3	0	0	0	0	0	0	0	0	0	0	0	1	0	0	0	11	0	0	0
185	176	28	24	0	167	21	24	0	28	24	0	13	0	0	0	18	24	0	0	158	21	24	0	21	24	0	13	0	0	0	18	24	0	0	28	24	0	0	0	0	0	6	0	0	0	13	0	0	0	18	24	0	0	149	21	24	0	21	24	0	13	0	0	0	18	24	0	0	21	24	0	0	0	0	0	2	0	0	0	13	0	0	0	18	24	0	0	28	24	0	0	0	0	0	13	0	0	0	0	0	0	0	6	0	0	0	13	0	0	0	18	24	0	0	140	21	24	0	21	24	0	13	0	0	0	18	24	0	0	21	24	0	0	0	0	0	2	0	0	0	13	0	0	0	18	24	0	0	21	24	0	0	0	0	0	6	0	0	0	0	0	0	0	2	0	0	0	13	0	0	0	18	24	0	0	28	24	0	16	0	0	0	27	0	0	0	0	0	0	0	13	0	0	0	0	0	0	0	6	0	0	0	13	0	0	0	18	24	0	0
220	209	47	43	0	198	38	38	0	47	43	0	33	9	0	0	36	43	0	0	187	38	38	0	38	38	0	33	9	0	0	35	43	0	0	47	43	0	8	0	0	0	17	0	0	0	33	9	0	0	36	43	0	0	176	35	38	0	38	38	0	33	9	0	0	35	43	0	0	38	38	0	2	0	0	0	6	0	0	0	33	9	0	0	35	43	0	0	47	43	0	0	0	0	0	22	14	0	0	8	0	0	0	17	0	0	0	33	9	0	0	36	43	0	0	165	29	34	0	35	38	0	30	9	0	0	28	43	0	0	38	38	0	2	0	0	0	6	0	0	0	33	9	0	0	35	43	0	0	38	38	0	0	0	0	0	10	10	0	0	2	0	0	0	6	0	0	0	33	9	0	0	35	43	0	0	47	43	0	12	16	0	0	31	42	0	0	0	0	0	0	22	14	0	0	8	0	0	0	17	0	0	0	33	9	0	0	36	43	0	0
264	249	72	90	0	234	62	74	0	72	90	0	54	88	0	0	69	56	0	0	219	60	74	0	62	74	0	54	88	0	0	68	56	0	0	72	90	0	18	0	0	0	26	16	0	0	54	88	0	0	69	56	0	0	204	54	74	0	60	74	0	52	88	0	0	65	56	0	0	62	74	0	12	0	0	0	15	8	0	0	54	88	0	0	68	56	0	0	72	90	0	12	0	0	0	38	33	0	0	18	0	0	0	26	16	0	0	54	88	0	0	69	56	0	0	189	42	66	0	54	74	0	43	88	0	0	47	56	0	0	60	74	0	12	0	0	0	15	8	0	0	52	88	0	0	65	56	0	0	62	74	0	12	0	0	0	26	21	0	0	12	0	0	0	15	8	0	0	54	88	0	0	68	56	0	0	72	90	0	16	16	0	0	46	101	0	0	12	0	0	0	38	33	0	0	18	0	0	0	26	16	0	0	54	88	0	0	69	56	0	0
280	264	93	104	6	248	77	86	0	93	104	6	68	132	0	0	109	94	0	0	232	70	84	0	77	86	0	62	126	0	0	93	86	0	0	93	104	6	25	8	0	0	35	32	0	0	68	132	0	0	109	94	0	0	216	62	80	0	70	84	0	53	126	0	0	80	86	0	0	77	86	0	17	8	0	0	22	20	0	0	62	126	0	0	93	86	0	0	93	104	6	28	0	0	0	59	47	6	0	25	8	0	0	35	32	0	0	68	132	0	0	109	94	0	0	200	42	68	0	62	80	0	46	114	0	0	60	70	0	0	70	84	0	14	8	0	0	21	16	0	0	53	126	0	0	80	86	0	0	77	86	0	24	0	0	0	46	33	0	0	17	8	0	0	22	20	0	0	62	126	0	0	93	86	0	0	93	104	6	21	0	24	0	61	117	18	0	28	0	0	0	59	47	6	0	25	8	0	0	35	32	0	0	68	132	0	0	109	94	0	0
311	293	131	133	2	275	109	115	0	131	133	2	125	144	0	0	197	153	0	0	257	96	109	0	109	115	0	113	136	0	0	167	140	0	0	131	133	2	63	38	0	0	51	84	0	0	125	144	0	0	197	153	0	0	239	77	97	0	96	109	0	84	128	0	0	141	134	0	0	109	115	0	44	38	0	0	32	64	0	0	113	136	0	0	167	140	0	0	131	133	2	53	72	0	0	70	143	2	0	63	38	0	0	51	84	0	0	125	144	0	0	197	153	0	0	221	56	87	0	77	97	0	58	120	0	0	97	108	0	0	96	109	0	36	38	0	0	31	56	0	0	84	128	0	0	141	134	0	0	109	115	0	45	64	0	0	57	111	0	0	44	38	0	0	32	64	0	0	113	136	0	0	167	140	0	0	130	133	2	36	10	8	0	72	161	4	0	53	72	0	0	70	143	2	0	63	38	0	0	49	84	0	0	125	144	0	0	195	153	0	0
370	350	158	164	0	330	122	142	0	158	164	0	131	91	0	0	269	273	0	0	310	112	121	0	122	142	0	119	54	0	0	203	209	0	0	158	164	0	99	62	0	0	78	102	0	0	131	91	0	0	269	273	0	0	290	88	103	0	112	121	0	94	28	0	0	183	157	0	0	122	142	0	54	36	0	0	50	94	0	0	119	54	0	0	203	209	0	0	158	164	0	66	80	0	0	92	251	0	0	99	62	0	0	78	102	0	0	131	91	0	0	269	273	0	0	270	66	91	0	88	103	0	67	16	0	0	129	114	0	0	112	121	0	49	16	0	0	50	84	0	0	94	28	0	0	183	157	0	0	122	142	0	49	48	0	0	82	232	0	0	54	36	0	0	50	94	0	0	119	54	0	0	203	209	0	0	157	164	0	49	32	0	0	61	199	0	0	66	80	0	0	92	251	0	0	99	62	0	0	76	102	0	0	131	91	0	0	267	273	0	0
270	253	137	121	0	236	100	111	0	137	121	0	123	77	0	0	257	322	0	0	219	85	102	0	100	111	0	99	72	0	0	180	291	0	0	136	121	0	84	90	0	0	61	81	0	0	123	77	0	0	257	322	0	0	202	64	89	0	85	102	0	72	64	0	0	149	262	0	0	99	111	0	46	82	0	0	39	72	0	0	99	72	0	0	180	291	0	0	136	121	0	59	97	0	0	76	100	0	0	84	90	0	0	61	81	0	0	123	77	0	0	257	322	0	0	185	48	79	0	64	89	0	47	55	0	0	99	223	0	0	84	102	0	38	78	0	0	37	70	0	0	72	64	0	0	149	262	0	0	99	111	0	45	96	0	0	72	100	0	0	46	82	0	0	39	72	0	0	99	72	0	0	180	291	0	0	135	121	0	39	45	0	0	60	91	0	0	59	97	0	0	76	100	0	0	84	90	0	0	59	81	0	0	123	77	0	0	255	322	0	0
237	224	99	70	0	211	70	59	0	99	70	0	73	26	0	0	206	158	0	0	198	61	57	0	70	59	0	57	20	0	0	143	131	0	0	99	70	0	71	0	0	0	52	48	0	0	73	26	0	0	206	158	0	0	185	47	49	0	61	57	0	40	20	0	0	123	129	0	0	70	59	0	36	0	0	0	32	44	0	0	57	20	0	0	143	131	0	0	99	70	0	50	51	0	0	63	78	0	0	71	0	0	0	52	48	0	0	73	26	0	0	206	158	0	0	172	37	39	0	47	49	0	24	18	0	0	92	110	0	0	61	57	0	30	0	0	0	30	44	0	0	40	20	0	0	123	129	0	0	70	59	0	32	42	0	0	58	78	0	0	36	0	0	0	32	44	0	0	57	20	0	0	143	131	0	0	99	70	0	29	27	0	0	39	46	0	0	50	51	0	0	63	78	0	0	71	0	0	0	52	48	0	0	73	26	0	0	206	158	0	0
338	320	112	125	9	302	72	104	0	112	125	9	70	79	14	0	210	248	18	0	284	63	95	0	72	104	0	50	70	0	0	139	203	0	0	112	125	9	67	81	4	0	55	89	0	0	70	79	14	0	210	248	18	0	266	48	89	0	63	95	0	34	70	0	0	119	197	0	0	72	104	0	28	81	0	0	37	77	0	0	50	70	0	0	139	203	0	0	112	125	9	52	42	4	0	71	124	0	0	67	81	4	0	55	89	0	0	70	79	14	0	210	248	18	0	248	33	63	0	48	89	0	15	64	0	0	88	183	0	0	63	95	0	21	81	0	0	36	77	0	0	34	70	0	0	119	197	0	0	72	104	0	29	0	0	0	65	117	0	0	28	81	0	0	37	77	0	0	50	70	0	0	139	203	0	0	112	125	9	25	53	34	0	34	27	27	0	52	42	4	0	71	124	0	0	67	81	4	0	55	89	0	0	70	79	14	0	210	248	18	0
267	254	79	53	6	241	48	23	0	79	53	6	35	0	14	0	141	113	30	0	228	43	23	0	48	23	0	26	0	0	0	81	35	0	0	79	53	6	26	0	4	0	34	39	0	0	35	0	14	0	141	113	30	0	215	38	18	0	43	23	0	15	0	0	0	70	35	0	0	48	23	0	17	0	0	0	28	33	0	0	26	0	0	0	81	35	0	0	79	53	6	30	30	4	0	58	39	0	0	26	0	4	0	34	39	0	0	35	0	14	0	141	113	30	0	202	28	12	0	38	18	0	11	0	0	0	61	30	0	0	43	23	0	13	0	0	0	28	33	0	0	15	0	0	0	70	35	0	0	48	23	0	9	0	0	0	55	33	0	0	17	0	0	0	28	33	0	0	26	0	0	0	81	35	0	0	79	53	6	21	0	22	0	24	0	6	0	30	30	4	0	58	39	0	0	26	0	4	0	34	39	0	0	35	0	14	0	141	113	30	0
164	156	44	17	2	148	24	7	0	44	17	2	11	0	2	0	89	29	4	0	140	24	7	0	24	7	0	11	0	0	0	46	14	0	0	44	17	2	9	0	0	0	25	0	0	0	11	0	2	0	89	29	4	0	132	24	7	0	24	7	0	11	0	0	0	46	14	0	0	24	7	0	9	0	0	0	20	0	0	0	11	0	0	0	46	14	0	0	44	17	2	19	0	0	0	35	0	0	0	9	0	0	0	25	0	0	0	11	0	2	0	89	29	4	0	124	17	7	0	24	7	0	11	0	0	0	46	14	0	0	24	7	0	9	0	0	0	20	0	0	0	11	0	0	0	46	14	0	0	24	7	0	5	0	0	0	32	0	0	0	9	0	0	0	20	0	0	0	11	0	0	0	46	14	0	0	44	17	2	9	0	6	0	9	0	0	0	19	0	0	0	35	0	0	0	9	0	0	0	25	0	0	0	11	0	2	0	89	29	4	0
151	144	38	12	0	137	19	0	0	38	12	0	9	0	0	0	73	24	0	0	130	19	0	0	19	0	0	9	0	0	0	35	0	0	0	38	12	0	9	0	0	0	17	0	0	0	9	0	0	0	73	24	0	0	123	19	0	0	19	0	0	9	0	0	0	35	0	0	0	19	0	0	9	0	0	0	14	0	0	0	9	0	0	0	35	0	0	0	38	12	0	11	0	0	0	22	0	0	0	9	0	0	0	17	0	0	0	9	0	0	0	73	24	0	0	116	15	0	0	19	0	0	9	0	0	0	35	0	0	0	19	0	0	9	0	0	0	14	0	0	0	9	0	0	0	35	0	0	0	19	0	0	0	0	0	0	19	0	0	0	9	0	0	0	14	0	0	0	9	0	0	0	35	0	0	0	38	12	0	6	0	0	0	6	0	0	0	11	0	0	0	22	0	0	0	9	0	0	0	17	0	0	0	9	0	0	0	73	24	0	0
214	202	67	53	0	190	39	35	0	64	53	0	37	16	0	0	124	101	0	0	178	34	35	0	36	35	0	26	16	0	0	65	59	0	0	62	53	0	30	0	0	0	24	40	0	0	31	16	0	0	120	101	0	0	166	30	35	0	31	35	0	19	16	0	0	48	59	0	0	34	35	0	24	0	0	0	18	32	0	0	20	16	0	0	61	59	0	0	62	53	0	25	0	0	0	30	28	0	0	30	0	0	0	24	40	0	0	31	16	0	0	120	101	0	0	154	25	34	0	27	35	0	16	16	0	0	39	59	0	0	29	35	0	22	0	0	0	17	32	0	0	13	16	0	0	44	59	0	0	34	35	0	13	0	0	0	25	24	0	0	24	0	0	0	18	32	0	0	20	16	0	0	61	59	0	0	61	53	0	25	10	0	0	9	8	0	0	25	0	0	0	30	28	0	0	30	0	0	0	22	40	0	0	31	16	0	0	118	101	0	0
263	250	57	23	37	237	42	12	6	57	23	37	20	0	6	14	99	24	37	17	224	40	12	0	42	12	6	16	0	4	0	69	24	6	0	57	23	37	20	0	6	0	33	0	0	0	20	0	6	14	99	24	37	17	211	28	12	0	40	12	0	11	0	0	0	63	24	0	0	42	12	6	13	0	4	0	31	0	0	0	16	0	4	0	69	24	6	0	57	23	37	9	0	66	0	58	0	0	0	20	0	6	0	33	0	0	0	20	0	6	14	99	24	37	17	198	27	12	0	28	12	0	8	0	0	0	40	24	0	0	40	12	0	13	0	0	0	31	0	0	0	11	0	0	0	63	24	0	0	42	12	6	9	0	22	0	58	0	0	0	13	0	4	0	31	0	0	0	16	0	4	0	69	24	6	0	57	23	37	19	0	7	0	24	0	0	0	9	0	66	0	58	0	0	0	20	0	6	0	33	0	0	0	20	0	6	14	99	24	37	17
252	239	47	46	20	226	28	22	4	47	46	20	13	0	6	8	69	73	60	6	213	26	22	0	28	22	4	9	0	4	0	36	33	12	0	47	46	20	11	0	6	0	22	0	0	0	13	0	6	8	69	73	60	6	200	20	22	0	26	22	0	4	0	0	0	30	33	0	0	28	22	4	4	0	4	0	18	0	0	0	9	0	4	0	36	33	12	0	47	46	20	6	0	30	0	34	0	0	0	11	0	6	0	22	0	0	0	13	0	6	8	69	73	60	6	187	18	22	0	20	22	0	4	0	0	0	21	33	0	0	26	22	0	4	0	0	0	18	0	0	0	4	0	0	0	30	33	0	0	28	22	4	4	0	16	0	32	0	0	0	4	0	4	0	18	0	0	0	9	0	4	0	36	33	12	0	47	46	20	16	0	0	0	17	22	0	0	6	0	30	0	34	0	0	0	11	0	6	0	22	0	0	0	13	0	6	8	69	73	60	6
329	312	59	99	23	295	37	71	4	59	99	23	26	35	6	8	89	111	69	15	278	33	56	0	37	71	4	22	8	4	0	60	61	12	0	59	99	23	22	72	6	0	30	36	23	0	26	35	6	8	89	111	69	15	261	20	44	0	33	56	0	9	0	0	0	53	32	0	0	37	71	4	9	44	4	0	22	33	4	0	22	8	4	0	60	61	12	0	59	99	23	0	44	51	0	48	58	23	0	22	72	6	0	30	36	23	0	26	35	6	8	89	111	69	15	244	19	32	0	20	44	0	6	0	0	0	30	22	0	0	33	56	0	9	32	0	0	22	24	0	0	9	0	0	0	53	32	0	0	37	71	4	0	32	16	0	40	49	4	0	9	44	4	0	22	33	4	0	22	8	4	0	60	61	12	0	59	99	23	4	96	7	0	21	0	0	0	0	44	51	0	48	58	23	0	22	72	6	0	30	36	23	0	26	35	6	8	89	111	69	15
208	198	32	16	19	188	17	0	0	32	16	19	6	0	0	0	45	32	38	8	178	16	0	0	17	0	0	3	0	0	0	24	0	0	0	32	16	19	7	0	0	0	10	0	0	0	6	0	0	0	45	32	38	8	168	14	0	0	16	0	0	2	0	0	0	21	0	0	0	17	0	0	4	0	0	0	10	0	0	0	3	0	0	0	24	0	0	0	32	16	19	4	0	6	0	13	0	0	0	7	0	0	0	10	0	0	0	6	0	0	0	45	32	38	8	158	14	0	0	14	0	0	2	0	0	0	19	0	0	0	16	0	0	4	0	0	0	10	0	0	0	2	0	0	0	21	0	0	0	17	0	0	4	0	0	0	11	0	0	0	4	0	0	0	10	0	0	0	3	0	0	0	24	0	0	0	32	16	19	13	0	0	0	5	0	0	0	4	0	6	0	13	0	0	0	7	0	0	0	10	0	0	0	6	0	0	0	45	32	38	8
185	176	27	20	6	167	12	0	0	27	20	6	4	0	0	0	34	30	24	6	158	11	0	0	12	0	0	1	0	0	0	15	0	0	0	27	20	6	7	0	0	0	6	0	0	0	4	0	0	0	34	30	24	6	149	9	0	0	11	0	0	0	0	0	0	12	0	0	0	12	0	0	4	0	0	0	6	0	0	0	1	0	0	0	15	0	0	0	27	20	6	4	0	6	0	10	0	0	0	7	0	0	0	6	0	0	0	4	0	0	0	34	30	24	6	140	9	0	0	9	0	0	0	0	0	0	10	0	0	0	11	0	0	4	0	0	0	6	0	0	0	0	0	0	0	12	0	0	0	12	0	0	4	0	0	0	8	0	0	0	4	0	0	0	6	0	0	0	1	0	0	0	15	0	0	0	27	20	6	12	0	0	0	4	0	0	0	4	0	6	0	10	0	0	0	7	0	0	0	6	0	0	0	4	0	0	0	34	30	24	6
308	292	59	59	46	276	41	15	14	59	59	46	38	0	37	18	59	70	184	68	260	30	15	12	41	15	14	19	0	26	12	39	15	56	8	59	59	46	12	0	68	8	38	0	0	0	38	0	37	18	59	70	184	68	244	28	15	0	30	15	12	19	0	24	0	29	15	48	0	41	15	14	6	0	48	0	25	0	0	0	19	0	26	12	39	15	56	8	59	59	46	14	0	0	0	58	22	0	8	12	0	68	8	38	0	0	0	38	0	37	18	59	70	184	68	228	22	15	0	28	15	0	19	0	0	0	26	15	0	0	30	15	12	2	0	40	0	4	0	0	0	19	0	24	0	29	15	48	0	41	15	14	8	0	0	0	41	0	0	0	6	0	48	0	25	0	0	0	19	0	26	12	39	15	56	8	59	59	46	3	0	32	0	40	30	0	0	14	0	0	0	58	22	0	8	12	0	68	8	38	0	0	0	38	0	37	18	59	70	184	68
180	171	19	0	40	162	9	0	0	19	0	40	1	0	8	0	17	0	0	105	153	8	0	0	9	0	0	0	0	0	0	9	0	0	14	19	0	40	4	0	8	0	3	0	0	0	1	0	8	0	17	0	0	105	144	8	0	0	8	0	0	0	0	0	0	8	0	0	0	9	0	0	4	0	0	0	3	0	0	0	0	0	0	0	9	0	0	14	19	0	40	4	0	0	0	7	0	0	0	4	0	8	0	3	0	0	0	1	0	8	0	17	0	0	105	135	4	0	0	8	0	0	0	0	0	0	8	0	0	0	8	0	0	0	0	0	0	0	0	0	0	0	0	0	0	8	0	0	0	9	0	0	0	0	0	0	3	0	0	0	4	0	0	0	3	0	0	0	0	0	0	0	9	0	0	14	19	0	40	0	0	32	0	4	0	0	0	4	0	0	0	7	0	0	0	4	0	8	0	3	0	0	0	1	0	8	0	17	0	0	105
159	151	17	7	21	143	8	0	0	17	7	21	1	0	8	0	15	0	21	49	135	7	0	0	8	0	0	0	0	0	0	7	0	0	8	17	7	21	4	0	8	0	3	0	0	0	1	0	8	0	15	0	21	49	127	7	0	0	7	0	0	0	0	0	0	6	0	0	0	8	0	0	4	0	0	0	3	0	0	0	0	0	0	0	7	0	0	8	17	7	21	4	0	0	0	7	0	0	0	4	0	8	0	3	0	0	0	1	0	8	0	15	0	21	49	119	3	0	0	7	0	0	0	0	0	0	6	0	0	0	7	0	0	0	0	0	0	0	0	0	0	0	0	0	0	6	0	0	0	8	0	0	0	0	0	0	3	0	0	0	4	0	0	0	3	0	0	0	0	0	0	0	7	0	0	8	17	7	21	0	0	32	0	4	0	0	0	4	0	0	0	7	0	0	0	4	0	8	0	3	0	0	0	1	0	8	0	15	0	21	49
119	113	9	5	5	107	1	0	0	9	5	5	0	0	0	0	6	0	5	6	101	1	0	0	1	0	0	0	0	0	0	1	0	0	0	9	5	5	0	0	0	0	0	0	0	0	0	0	0	0	6	0	5	6	95	1	0	0	1	0	0	0	0	0	0	1	0	0	0	1	0	0	0	0	0	0	0	0	0	0	0	0	0	0	1	0	0	0	9	5	5	0	0	0	0	2	0	0	0	0	0	0	0	0	0	0	0	0	0	0	0	6	0	5	6	89	1	0	0	1	0	0	0	0	0	0	1	0	0	0	1	0	0	0	0	0	0	0	0	0	0	0	0	0	0	1	0	0	0	1	0	0	0	0	0	0	0	0	0	0	0	0	0	0	0	0	0	0	0	0	0	0	1	0	0	0	9	5	5	0	0	0	0	2	0	0	0	0	0	0	0	2	0	0	0	0	0	0	0	0	0	0	0	0	0	0	0	6	0	5	6
137	130	8	12	0	123	2	0	0	8	12	0	0	0	0	0	7	0	0	0	116	2	0	0	2	0	0	0	0	0	0	2	0	0	0	8	12	0	0	0	0	0	0	0	0	0	0	0	0	0	7	0	0	0	109	2	0	0	2	0	0	0	0	0	0	2	0	0	0	2	0	0	0	0	0	0	0	0	0	0	0	0	0	0	2	0	0	0	8	12	0	0	0	0	0	2	0	0	0	0	0	0	0	0	0	0	0	0	0	0	0	7	0	0	0	102	2	0	0	2	0	0	0	0	0	0	2	0	0	0	2	0	0	0	0	0	0	0	0	0	0	0	0	0	0	2	0	0	0	2	0	0	0	0	0	0	0	0	0	0	0	0	0	0	0	0	0	0	0	0	0	0	2	0	0	0	8	12	0	0	0	0	0	4	0	0	0	0	0	0	0	2	0	0	0	0	0	0	0	0	0	0	0	0	0	0	0	7	0	0	0
152	144	13	0	20	136	10	0	16	13	0	20	9	0	4	0	9	0	0	0	128	10	0	16	10	0	16	9	0	4	0	9	0	0	0	13	0	20	0	0	0	0	6	0	0	0	9	0	4	0	9	0	0	0	120	10	0	16	10	0	16	9	0	4	0	9	0	0	0	10	0	16	0	0	0	0	0	0	0	0	9	0	4	0	9	0	0	0	13	0	20	0	0	0	0	5	0	0	0	0	0	0	0	6	0	0	0	9	0	4	0	9	0	0	0	112	10	0	13	10	0	16	9	0	4	0	9	0	0	0	10	0	16	0	0	0	0	0	0	0	0	9	0	4	0	9	0	0	0	10	0	16	0	0	0	0	1	0	0	0	0	0	0	0	0	0	0	0	9	0	4	0	9	0	0	0	13	0	20	0	0	0	8	12	0	0	0	0	0	0	0	5	0	0	0	0	0	0	0	6	0	0	0	9	0	4	0	9	0	0	0
133	126	3	0	31	119	3	0	4	3	0	31	0	0	0	0	4	0	0	72	112	3	0	4	3	0	4	0	0	0	0	4	0	0	14	3	0	31	0	0	0	0	0	0	0	0	0	0	0	0	4	0	0	72	105	3	0	4	3	0	4	0	0	0	0	4	0	0	12	3	0	4	0	0	0	0	0	0	0	0	0	0	0	0	4	0	0	14	3	0	31	0	0	0	0	0	0	0	0	0	0	0	0	0	0	0	0	0	0	0	0	4	0	0	72	98	3	0	4	3	0	4	0	0	0	0	4	0	0	0	3	0	4	0	0	0	0	0	0	0	0	0	0	0	0	4	0	0	12	3	0	4	0	0	0	0	0	0	0	0	0	0	0	0	0	0	0	0	0	0	0	0	4	0	0	14	3	0	31	0	0	0	0	4	0	0	0	0	0	0	0	0	0	0	0	0	0	0	0	0	0	0	0	0	0	0	0	4	0	0	72
202	191	30	10	33	180	21	10	17	30	10	33	20	0	14	4	24	10	0	46	169	21	10	17	21	10	17	20	0	12	4	20	10	0	14	30	10	33	6	0	0	0	19	0	0	0	20	0	14	4	24	10	0	46	158	19	10	17	21	10	17	20	0	12	4	20	10	0	12	21	10	17	0	0	0	0	0	0	0	0	20	0	12	4	20	10	0	14	30	10	33	2	0	0	0	15	0	0	0	6	0	0	0	19	0	0	0	20	0	14	4	24	10	0	46	147	17	10	10	19	10	17	20	0	12	0	17	10	0	0	21	10	17	0	0	0	0	0	0	0	0	20	0	12	4	20	10	0	12	21	10	17	0	0	0	0	2	0	0	0	0	0	0	0	0	0	0	0	20	0	12	4	20	10	0	14	30	10	33	1	0	0	8	22	20	0	6	2	0	0	0	15	0	0	0	6	0	0	0	19	0	0	0	20	0	14	4	24	10	0	46
207	196	45	18	34	185	35	0	21	45	18	34	32	0	34	8	41	0	68	46	174	31	0	21	35	0	21	32	0	28	8	38	0	42	14	45	18	34	10	0	0	0	23	36	0	0	32	0	34	8	41	0	68	46	163	26	0	21	31	0	21	26	0	28	8	32	0	42	12	35	0	21	4	0	0	0	2	0	0	0	32	0	28	8	38	0	42	14	45	18	34	12	0	0	0	27	27	0	0	10	0	0	0	23	36	0	0	32	0	34	8	41	0	68	46	152	25	0	10	26	0	21	26	0	28	0	25	0	42	0	31	0	21	4	0	0	0	2	0	0	0	26	0	28	8	32	0	42	12	35	0	21	8	0	0	0	6	0	0	0	4	0	0	0	2	0	0	0	32	0	28	8	38	0	42	14	45	18	34	0	0	5	8	36	0	0	8	12	0	0	0	27	27	0	0	10	0	0	0	23	36	0	0	32	0	34	8	41	0	68	46
257	243	65	51	51	229	47	24	34	65	51	51	44	0	85	41	64	45	153	46	215	40	18	23	47	24	34	41	0	72	14	48	36	102	14	65	51	51	11	54	0	18	32	63	0	23	44	0	85	41	64	45	153	46	201	30	0	21	40	18	23	26	0	52	12	38	27	69	12	47	24	34	4	0	0	12	4	0	0	4	41	0	72	14	48	36	102	14	65	51	51	12	0	44	8	46	54	102	0	11	54	0	18	32	63	0	23	44	0	85	41	64	45	153	46	187	29	0	6	30	0	21	26	0	44	0	27	0	63	0	40	18	23	4	0	0	0	4	0	0	0	26	0	52	12	38	27	69	12	47	24	34	8	0	32	0	10	0	68	0	4	0	0	12	4	0	0	4	41	0	72	14	48	36	102	14	65	51	51	0	0	5	8	49	0	0	8	12	0	44	8	46	54	102	0	11	54	0	18	32	63	0	23	44	0	85	41	64	45	153	46
217	204	55	48	41	191	46	46	14	55	48	41	66	16	0	41	74	66	0	85	178	38	28	12	46	46	14	62	16	0	36	63	62	0	55	55	48	41	21	20	18	8	7	0	82	0	66	16	0	41	74	66	0	85	165	27	16	12	38	28	12	44	0	0	36	51	36	0	44	46	46	14	13	16	0	8	3	0	28	0	62	16	0	36	63	62	0	55	55	48	41	14	32	7	0	8	0	41	0	21	20	18	8	7	0	82	0	66	16	0	41	74	66	0	85	152	24	16	12	27	16	12	29	0	0	36	31	16	0	42	38	28	12	10	16	0	8	3	0	24	0	44	0	0	36	51	36	0	44	46	46	14	11	32	5	0	7	0	14	0	13	16	0	8	3	0	28	0	62	16	0	36	63	62	0	55	55	48	41	9	0	0	0	37	0	0	0	14	32	7	0	8	0	41	0	21	20	18	8	7	0	82	0	66	16	0	41	74	66	0	85
224	211	59	40	48	198	52	36	24	59	40	48	63	36	0	35	98	49	0	85	185	44	18	21	52	36	24	59	36	0	29	87	45	0	55	59	40	48	32	0	18	17	14	0	96	0	63	36	0	35	98	49	0	85	172	33	0	18	44	18	21	43	0	0	26	75	18	0	44	52	36	24	24	0	0	14	10	0	48	0	59	36	0	29	87	45	0	55	59	40	48	27	0	11	18	14	0	96	0	32	0	18	17	14	0	96	0	63	36	0	35	98	49	0	85	159	29	0	15	33	0	18	27	0	0	24	52	0	0	42	44	18	21	21	0	0	12	10	0	42	0	43	0	0	26	75	18	0	44	52	36	24	24	0	9	12	14	0	48	0	24	0	0	14	10	0	48	0	59	36	0	29	87	45	0	55	59	40	48	5	0	4	11	40	0	0	0	27	0	11	18	14	0	96	0	32	0	18	17	14	0	96	0	63	36	0	35	98	49	0	85
326	307	84	99	69	288	64	75	56	84	99	69	56	153	9	31	136	180	69	51	269	49	36	51	64	75	56	48	108	9	25	109	113	56	34	84	99	69	54	36	93	37	28	12	207	0	56	153	9	31	136	180	69	51	250	33	0	32	49	36	51	37	0	9	14	94	60	51	23	64	75	56	24	0	71	10	14	0	168	0	48	108	9	25	109	113	56	34	84	99	69	29	0	17	67	13	0	207	23	54	36	93	37	28	12	207	0	56	153	9	31	136	180	69	51	231	29	0	13	33	0	32	21	0	7	12	60	0	32	21	49	36	51	21	0	59	8	14	0	153	0	37	0	9	14	94	60	51	23	64	75	56	26	0	15	14	13	0	168	4	24	0	71	10	14	0	168	0	48	108	9	25	109	113	56	34	84	99	69	9	0	4	17	33	0	0	15	29	0	17	67	13	0	207	23	54	36	93	37	28	12	207	0	56	153	9	31	136	180	69	51
346	324	103	182	37	302	68	148	34	103	182	37	55	291	9	20	158	412	37	0	280	54	123	32	68	148	34	46	244	9	17	110	353	34	0	102	182	37	43	178	27	13	28	43	37	0	55	291	9	20	158	412	37	0	258	39	68	26	54	123	32	31	176	9	14	90	306	32	0	67	148	34	15	110	27	10	14	11	34	0	46	244	9	17	110	353	34	0	102	182	37	20	112	17	37	15	20	185	0	43	178	27	13	28	43	37	0	55	291	9	20	158	412	37	0	236	34	38	13	39	68	26	26	37	7	12	57	192	26	0	53	123	32	15	75	27	8	14	10	32	0	31	176	9	14	90	306	32	0	67	148	34	20	78	15	14	14	19	170	0	15	110	27	10	14	11	34	0	46	244	9	17	110	353	34	0	102	182	37	16	38	4	17	43	80	111	9	20	112	17	37	15	20	185	0	43	178	27	13	28	43	37	0	55	291	9	20	158	412	37	0
268	252	71	85	30	236	51	55	29	71	85	30	58	0	9	10	133	157	150	0	220	35	30	28	51	55	29	43	0	9	9	98	121	145	0	71	85	30	28	150	27	9	20	54	0	0	58	0	9	10	133	157	150	0	204	25	0	22	35	30	28	29	0	9	6	77	66	140	0	51	55	29	20	0	27	6	12	0	0	0	43	0	9	9	98	121	145	0	71	85	30	21	0	10	37	9	0	150	0	28	150	27	9	20	54	0	0	58	0	9	10	133	157	150	0	188	21	0	9	25	0	22	13	0	7	4	55	0	110	0	35	30	28	17	0	27	4	12	0	0	0	29	0	9	6	77	66	140	0	51	55	29	18	0	10	14	9	0	145	0	20	0	27	6	12	0	0	0	43	0	9	9	98	121	145	0	71	85	30	9	0	4	17	23	0	0	9	21	0	10	37	9	0	150	0	28	150	27	9	20	54	0	0	58	0	9	10	133	157	150	0
181	170	25	34	30	159	15	6	9	25	34	30	14	24	72	27	32	12	120	99	148	2	0	9	15	6	9	1	0	27	27	26	0	36	85	25	34	30	0	0	66	0	2	0	30	0	14	24	72	27	32	12	120	99	137	2	0	9	2	0	9	1	0	27	27	5	0	36	79	15	6	9	0	0	0	0	2	0	9	0	1	0	27	27	26	0	36	85	25	34	30	0	0	0	0	0	0	0	0	0	0	66	0	2	0	30	0	14	24	72	27	32	12	120	99	126	2	0	7	2	0	9	1	0	27	21	5	0	36	54	2	0	9	0	0	0	0	2	0	9	0	1	0	27	27	5	0	36	79	15	6	9	0	0	0	0	0	0	0	0	0	0	0	0	2	0	9	0	1	0	27	27	26	0	36	85	25	34	30	3	0	0	14	0	0	0	0	0	0	0	0	0	0	0	0	0	0	66	0	2	0	30	0	14	24	72	27	32	12	120	99
113	106	31	12	15	99	21	12	0	31	12	15	27	0	9	0	68	32	0	67	92	7	0	0	21	12	0	19	0	0	0	47	32	0	63	31	12	15	11	0	75	0	3	0	45	0	27	0	9	0	68	32	0	67	85	4	0	0	7	0	0	4	0	0	0	20	0	0	60	21	12	0	8	0	0	0	1	0	0	0	19	0	0	0	47	32	0	63	31	12	15	7	0	27	0	1	0	0	0	11	0	75	0	3	0	45	0	27	0	9	0	68	32	0	67	78	3	0	0	4	0	0	1	0	0	0	12	0	0	48	7	0	0	3	0	0	0	1	0	0	0	4	0	0	0	20	0	0	60	21	12	0	6	0	0	0	1	0	0	0	8	0	0	0	1	0	0	0	19	0	0	0	47	32	0	63	31	12	15	2	0	9	0	4	0	0	0	7	0	27	0	1	0	0	0	11	0	75	0	3	0	45	0	27	0	9	0	68	32	0	67
146	137	21	23	6	128	11	15	0	21	23	6	5	15	0	0	34	30	6	30	119	0	0	0	11	15	0	0	0	0	0	19	25	0	29	21	23	6	0	0	30	0	1	0	18	0	5	15	0	0	34	30	6	30	110	0	0	0	0	0	0	0	0	0	0	0	0	0	28	11	15	0	0	0	0	0	0	0	0	0	0	0	0	0	19	25	0	29	21	23	6	0	0	0	0	0	0	0	0	0	0	30	0	1	0	18	0	5	15	0	0	34	30	6	30	101	0	0	0	0	0	0	0	0	0	0	0	0	0	22	0	0	0	0	0	0	0	0	0	0	0	0	0	0	0	0	0	0	28	11	15	0	0	0	0	0	0	0	0	0	0	0	0	0	0	0	0	0	0	0	0	0	19	25	0	29	21	23	6	0	0	0	0	0	0	0	0	0	0	0	0	0	0	0	0	0	0	30	0	1	0	18	0	5	15	0	0	34	30	6	30
100	94	19	5	6	88	13	5	0	19	5	6	8	0	0	0	26	0	0	30	82	0	0	0	13	5	0	0	0	0	0	24	0	0	29	19	5	6	0	0	30	0	0	0	6	0	8	0	0	0	26	0	0	30	76	0	0	0	0	0	0	0	0	0	0	0	0	0	28	13	5	0	0	0	0	0	0	0	0	0	0	0	0	0	24	0	0	29	19	5	6	0	0	0	0	0	0	0	0	0	0	30	0	0	0	6	0	8	0	0	0	26	0	0	30	70	0	0	0	0	0	0	0	0	0	0	0	0	0	22	0	0	0	0	0	0	0	0	0	0	0	0	0	0	0	0	0	0	28	13	5	0	0	0	0	0	0	0	0	0	0	0	0	0	0	0	0	0	0	0	0	0	24	0	0	29	19	5	6	0	0	0	0	0	0	0	0	0	0	0	0	0	0	0	0	0	0	30	0	0	0	6	0	8	0	0	0	26	0	0	30
99	93	15	9	6	87	10	4	0	15	9	6	7	4	0	0	18	0	6	30	81	0	0	0	10	4	0	0	0	0	0	16	0	0	29	15	9	6	0	0	30	0	0	0	6	0	7	4	0	0	18	0	6	30	75	0	0	0	0	0	0	0	0	0	0	0	0	0	28	10	4	0	0	0	0	0	0	0	0	0	0	0	0	0	16	0	0	29	15	9	6	0	0	0	0	0	0	0	0	0	0	30	0	0	0	6	0	7	4	0	0	18	0	6	30	69	0	0	0	0	0	0	0	0	0	0	0	0	0	22	0	0	0	0	0	0	0	0	0	0	0	0	0	0	0	0	0	0	28	10	4	0	0	0	0	0	0	0	0	0	0	0	0	0	0	0	0	0	0	0	0	0	16	0	0	29	15	9	6	0	0	0	0	0	0	0	0	0	0	0	0	0	0	0	0	0	0	30	0	0	0	6	0	7	4	0	0	18	0	6	30
112	105	8	0	41	98	2	0	25	8	0	41	1	0	25	12	10	0	0	42	91	2	0	21	2	0	25	1	0	0	9	5	0	0	9	8	0	41	0	0	0	39	2	0	0	0	1	0	25	12	10	0	0	42	84	2	0	20	2	0	21	1	0	0	9	5	0	0	9	2	0	25	0	0	0	38	2	0	0	0	1	0	0	9	5	0	0	9	8	0	41	0	0	0	11	0	0	0	0	0	0	0	39	2	0	0	0	1	0	25	12	10	0	0	42	77	1	0	17	2	0	20	1	0	0	9	5	0	0	9	2	0	21	0	0	0	35	2	0	0	0	1	0	0	9	5	0	0	9	2	0	25	0	0	0	8	0	0	0	0	0	0	0	38	2	0	0	0	1	0	0	9	5	0	0	9	8	0	41	0	0	13	24	0	0	0	0	0	0	0	11	0	0	0	0	0	0	0	39	2	0	0	0	1	0	25	12	10	0	0	42
143	134	9	8	45	125	2	0	37	9	8	45	1	0	45	24	12	0	45	30	116	2	0	21	2	0	37	1	0	36	9	5	0	37	9	9	8	45	0	0	0	39	2	0	0	69	1	0	45	24	12	0	45	30	107	2	0	20	2	0	21	1	0	0	9	5	0	21	9	2	0	37	0	0	0	38	2	0	0	56	1	0	36	9	5	0	37	9	9	8	45	0	0	0	11	0	0	0	0	0	0	0	39	2	0	0	69	1	0	45	24	12	0	45	30	98	1	0	17	2	0	20	1	0	0	9	5	0	20	9	2	0	21	0	0	0	35	2	0	0	51	1	0	0	9	5	0	21	9	2	0	37	0	0	0	8	0	0	0	0	0	0	0	38	2	0	0	56	1	0	36	9	5	0	37	9	9	8	45	0	0	13	24	0	0	0	0	0	0	0	11	0	0	0	0	0	0	0	39	2	0	0	69	1	0	45	24	12	0	45	30
175	164	14	10	74	153	4	0	66	14	10	74	1	0	71	24	18	0	74	30	142	4	0	30	4	0	66	1	0	62	9	7	0	66	9	14	10	74	2	0	0	66	2	0	0	158	1	0	71	24	18	0	74	30	131	2	0	20	4	0	30	1	0	0	9	7	0	30	9	4	0	66	0	0	0	38	2	0	0	94	1	0	62	9	7	0	66	9	14	10	74	0	0	16	11	0	0	0	51	2	0	0	66	2	0	0	158	1	0	71	24	18	0	74	30	120	1	0	17	2	0	20	1	0	0	9	5	0	20	9	4	0	30	0	0	0	35	2	0	0	84	1	0	0	9	7	0	30	9	4	0	66	0	0	16	8	0	0	0	34	0	0	0	38	2	0	0	94	1	0	62	9	7	0	66	9	14	10	74	0	0	13	24	0	0	0	0	0	0	16	11	0	0	0	51	2	0	0	66	2	0	0	158	1	0	71	24	18	0	74	30
96	90	5	0	19	84	0	0	13	5	0	19	0	0	6	0	2	0	0	30	78	0	0	12	0	0	13	0	0	0	0	0	0	0	9	5	0	19	0	0	0	12	0	0	0	0	0	0	6	0	2	0	0	30	72	0	0	11	0	0	12	0	0	0	0	0	0	0	9	0	0	13	0	0	0	11	0	0	0	0	0	0	0	0	0	0	0	9	5	0	19	0	0	0	11	0	0	0	0	0	0	0	12	0	0	0	0	0	0	6	0	2	0	0	30	66	0	0	8	0	0	11	0	0	0	0	0	0	0	9	0	0	12	0	0	0	8	0	0	0	0	0	0	0	0	0	0	0	9	0	0	13	0	0	0	8	0	0	0	0	0	0	0	11	0	0	0	0	0	0	0	0	0	0	0	9	5	0	19	0	0	0	24	0	0	0	0	0	0	0	11	0	0	0	0	0	0	0	12	0	0	0	0	0	0	6	0	2	0	0	30
158	148	23	16	52	138	8	0	50	23	16	52	19	0	115	21	42	16	104	0	128	5	0	9	8	0	50	4	0	107	0	17	0	100	0	23	16	52	10	0	30	27	1	0	0	195	19	0	115	21	42	16	104	0	118	2	0	0	5	0	9	1	0	0	0	9	0	18	0	8	0	50	3	0	27	0	1	0	0	128	4	0	107	0	17	0	100	0	23	16	52	6	0	26	0	1	0	0	51	10	0	30	27	1	0	0	195	19	0	115	21	42	16	104	0	108	1	0	0	2	0	0	0	0	0	0	5	0	0	0	5	0	9	0	0	0	0	0	0	0	116	1	0	0	0	9	0	18	0	8	0	50	1	0	25	0	1	0	0	34	3	0	27	0	1	0	0	128	4	0	107	0	17	0	100	0	23	16	52	1	0	10	0	4	0	0	0	6	0	26	0	1	0	0	51	10	0	30	27	1	0	0	195	19	0	115	21	42	16	104	0
223	208	29	26	88	193	12	0	71	29	26	88	12	0	33	88	50	65	176	52	178	7	0	55	12	0	71	9	0	30	79	20	0	142	50	29	26	88	3	0	53	51	6	0	0	21	12	0	33	88	50	65	176	52	163	2	0	7	7	0	55	0	0	27	0	12	0	110	9	12	0	71	0	0	48	0	2	0	0	0	9	0	30	79	20	0	142	50	29	26	88	1	0	55	28	5	0	0	225	3	0	53	51	6	0	0	21	12	0	33	88	50	65	176	52	148	2	0	5	2	0	7	0	0	0	0	10	0	14	0	7	0	55	0	0	47	0	2	0	0	0	0	0	27	0	12	0	110	9	12	0	71	1	0	54	20	5	0	0	157	0	0	48	0	2	0	0	0	9	0	30	79	20	0	142	50	29	26	88	1	0	0	10	14	0	0	0	1	0	55	28	5	0	0	225	3	0	53	51	6	0	0	21	12	0	33	88	50	65	176	52
171	159	41	35	43	147	18	11	42	41	35	43	16	0	41	10	70	103	129	0	135	16	11	32	18	11	42	10	0	38	9	35	55	126	0	40	35	43	12	0	11	39	10	8	0	15	16	0	41	10	70	103	129	0	123	9	11	10	16	11	32	9	0	35	0	33	55	96	0	17	11	42	5	0	10	0	6	0	0	0	10	0	38	9	35	55	126	0	40	35	43	7	0	61	34	6	0	0	67	12	0	11	39	10	8	0	15	16	0	41	10	70	103	129	0	111	7	11	10	9	11	10	3	0	4	0	26	55	30	0	15	11	32	5	0	9	0	6	0	0	0	9	0	35	0	33	55	96	0	17	11	42	6	0	60	34	6	0	0	63	5	0	10	0	6	0	0	0	10	0	38	9	35	55	126	0	40	35	43	6	0	17	0	19	0	0	0	7	0	61	34	6	0	0	67	12	0	11	39	10	8	0	15	16	0	41	10	70	103	129	0
195	182	11	0	101	169	3	0	63	11	0	101	4	0	33	100	28	0	0	171	156	2	0	36	3	0	63	1	0	30	63	7	0	0	153	11	0	101	3	0	11	51	2	0	0	48	4	0	33	100	28	0	0	171	143	1	0	0	2	0	36	0	0	27	0	5	0	0	60	3	0	63	0	0	10	0	0	0	0	9	1	0	30	63	7	0	0	153	11	0	101	1	0	11	0	1	0	0	184	3	0	11	51	2	0	0	48	4	0	33	100	28	0	0	171	130	1	0	0	1	0	0	0	0	0	0	5	0	0	40	2	0	36	0	0	9	0	0	0	0	9	0	0	27	0	5	0	0	60	3	0	63	1	0	10	0	1	0	0	143	0	0	10	0	0	0	0	9	1	0	30	63	7	0	0	153	11	0	101	1	0	0	0	4	0	0	0	1	0	11	0	1	0	0	184	3	0	11	51	2	0	0	48	4	0	33	100	28	0	0	171
177	165	26	27	48	153	7	0	43	26	27	48	8	0	33	54	46	72	144	0	141	5	0	27	7	0	43	2	0	30	45	17	0	129	0	26	27	48	3	0	11	51	3	9	0	21	8	0	33	54	46	72	144	0	129	4	0	0	5	0	27	1	0	27	0	15	0	81	0	7	0	43	0	0	10	0	0	0	0	0	2	0	30	45	17	0	129	0	26	27	48	2	0	11	0	2	0	0	136	3	0	11	51	3	9	0	21	8	0	33	54	46	72	144	0	117	4	0	0	4	0	0	1	0	0	0	15	0	0	0	5	0	27	0	0	9	0	0	0	0	0	1	0	27	0	15	0	81	0	7	0	43	2	0	10	0	2	0	0	119	0	0	10	0	0	0	0	0	2	0	30	45	17	0	129	0	26	27	48	5	0	0	0	8	0	0	0	2	0	11	0	2	0	0	136	3	0	11	51	3	9	0	21	8	0	33	54	46	72	144	0
117	109	25	15	22	101	8	0	21	25	15	22	8	0	33	10	46	30	66	0	93	6	0	15	8	0	21	2	0	30	9	17	0	63	0	25	15	22	3	0	11	39	3	5	0	0	8	0	33	10	46	30	66	0	85	5	0	0	6	0	15	1	0	27	0	15	0	45	0	8	0	21	0	0	10	0	0	0	0	0	2	0	30	9	17	0	63	0	25	15	22	2	0	11	0	2	0	0	67	3	0	11	39	3	5	0	0	8	0	33	10	46	30	66	0	77	5	0	0	5	0	0	1	0	0	0	15	0	0	0	6	0	15	0	0	9	0	0	0	0	0	1	0	27	0	15	0	45	0	8	0	21	2	0	10	0	2	0	0	63	0	0	10	0	0	0	0	0	2	0	30	9	17	0	63	0	25	15	22	5	0	0	0	8	0	0	0	2	0	11	0	2	0	0	67	3	0	11	39	3	5	0	0	8	0	33	10	46	30	66	0
194	179	45	66	47	164	27	35	19	45	66	47	20	40	16	63	44	83	141	113	149	22	26	18	27	35	19	19	13	11	58	37	65	57	106	43	66	47	7	0	52	10	5	0	47	0	20	40	16	63	44	83	141	113	134	20	25	17	22	26	18	15	13	10	53	33	65	54	74	25	35	19	7	0	43	9	5	0	19	0	19	13	11	58	37	65	57	106	42	66	47	5	12	9	9	7	12	0	0	7	0	52	10	5	0	47	0	19	40	16	63	43	83	141	113	119	15	21	4	20	25	17	10	12	9	4	25	60	51	10	20	26	18	3	0	42	0	3	0	18	0	15	13	10	53	33	65	54	74	24	35	19	5	9	8	0	6	9	0	0	7	0	43	9	5	0	19	0	18	13	11	58	36	65	57	106	42	66	47	7	39	9	16	21	48	0	37	5	12	9	9	7	12	0	0	7	0	52	10	5	0	47	0	19	40	16	63	43	83	141	113
139	129	22	9	51	119	9	0	11	22	9	51	5	0	16	55	21	0	51	201	109	7	0	10	9	0	11	1	0	11	50	15	0	11	177	22	9	51	0	0	16	10	0	0	0	0	5	0	16	55	21	0	51	201	99	7	0	9	7	0	10	1	0	10	45	15	0	10	129	9	0	11	0	0	11	9	0	0	0	0	1	0	11	50	15	0	11	177	22	9	51	2	0	0	9	2	0	0	0	0	0	16	10	0	0	0	0	5	0	16	55	21	0	51	201	89	7	0	0	7	0	9	1	0	9	0	15	0	9	17	7	0	10	0	0	10	0	0	0	0	0	1	0	10	45	15	0	10	129	9	0	11	2	0	0	0	2	0	0	0	0	0	11	9	0	0	0	0	1	0	11	50	15	0	11	177	22	9	51	5	0	0	0	8	0	0	37	2	0	0	9	2	0	0	0	0	0	16	10	0	0	0	0	5	0	16	55	21	0	51	201
150	139	24	28	38	128	12	0	11	24	28	38	5	0	16	55	15	14	152	136	117	10	0	10	12	0	11	1	0	11	50	11	0	44	114	24	28	38	0	0	16	10	0	0	0	0	5	0	16	55	15	14	152	136	106	10	0	9	10	0	10	1	0	10	45	11	0	40	82	12	0	11	0	0	11	9	0	0	0	0	1	0	11	50	11	0	44	114	24	28	38	2	0	0	9	3	0	0	0	0	0	16	10	0	0	0	0	5	0	16	55	15	14	152	136	95	10	0	0	10	0	9	1	0	9	0	11	0	36	7	10	0	10	0	0	10	0	0	0	0	0	1	0	10	45	11	0	40	82	12	0	11	2	0	0	0	2	0	0	0	0	0	11	9	0	0	0	0	1	0	11	50	11	0	44	114	24	28	38	11	0	0	0	15	0	0	37	2	0	0	9	3	0	0	0	0	0	16	10	0	0	0	0	5	0	16	55	15	14	152	136
118	109	20	20	13	100	9	8	0	20	20	13	5	0	0	0	15	0	26	65	91	8	8	0	9	8	0	2	0	0	0	11	0	0	63	19	20	13	0	0	0	0	0	0	0	0	5	0	0	0	15	0	26	65	82	8	8	0	8	8	0	2	0	0	0	11	0	0	47	8	8	0	0	0	0	0	0	0	0	0	2	0	0	0	11	0	0	63	18	20	13	1	0	0	0	1	0	0	0	0	0	0	0	0	0	0	0	4	0	0	0	14	0	26	65	73	8	8	0	8	8	0	2	0	0	0	11	0	0	10	7	8	0	0	0	0	0	0	0	0	0	2	0	0	0	11	0	0	47	7	8	0	1	0	0	0	1	0	0	0	0	0	0	0	0	0	0	0	1	0	0	0	10	0	0	63	18	20	13	4	0	0	0	4	0	0	0	1	0	0	0	1	0	0	0	0	0	0	0	0	0	0	0	4	0	0	0	14	0	26	65
95	88	17	12	0	81	7	0	0	17	12	0	4	0	0	0	9	0	0	0	74	6	0	0	7	0	0	1	0	0	0	5	0	0	0	17	12	0	0	0	0	0	0	0	0	0	4	0	0	0	9	0	0	0	67	6	0	0	6	0	0	1	0	0	0	5	0	0	0	7	0	0	0	0	0	0	0	0	0	0	1	0	0	0	5	0	0	0	17	12	0	1	0	0	0	1	0	0	0	0	0	0	0	0	0	0	0	4	0	0	0	9	0	0	0	60	6	0	0	6	0	0	1	0	0	0	5	0	0	0	6	0	0	0	0	0	0	0	0	0	0	1	0	0	0	5	0	0	0	7	0	0	1	0	0	0	1	0	0	0	0	0	0	0	0	0	0	0	1	0	0	0	5	0	0	0	17	12	0	4	0	0	0	4	0	0	0	1	0	0	0	1	0	0	0	0	0	0	0	0	0	0	0	4	0	0	0	9	0	0	0
131	120	32	32	48	109	19	18	48	32	32	48	15	0	105	0	15	9	96	0	98	19	18	47	19	18	48	15	0	105	0	12	9	96	0	27	32	48	2	0	0	11	3	0	0	0	15	0	105	0	15	9	96	0	87	18	18	47	19	18	47	15	0	101	0	12	9	94	0	14	18	48	2	0	0	11	1	0	0	0	15	0	105	0	12	9	96	0	27	32	48	0	0	0	0	8	7	0	0	2	0	0	11	3	0	0	0	15	0	105	0	15	9	96	0	76	11	14	47	18	18	47	11	0	101	0	7	9	94	0	14	18	47	2	0	0	11	1	0	0	0	15	0	101	0	12	9	94	0	14	18	48	0	0	0	0	1	0	0	0	2	0	0	11	1	0	0	0	15	0	105	0	12	9	96	0	27	32	48	6	28	0	0	38	49	0	0	0	0	0	0	8	7	0	0	2	0	0	11	3	0	0	0	15	0	105	0	15	9	96	0
112	103	15	8	35	94	10	8	9	15	8	35	2	0	27	0	7	0	0	98	85	10	8	9	10	8	9	2	0	18	0	7	0	0	30	14	8	35	0	0	0	0	0	0	0	0	2	0	27	0	7	0	0	98	76	10	8	9	10	8	9	2	0	18	0	7	0	0	28	9	8	9	0	0	0	0	0	0	0	0	2	0	18	0	7	0	0	30	13	8	35	1	0	0	0	3	0	0	0	0	0	0	0	0	0	0	0	1	0	27	0	6	0	0	98	67	9	8	9	10	8	9	2	0	18	0	7	0	0	26	9	8	9	0	0	0	0	0	0	0	0	2	0	18	0	7	0	0	28	8	8	9	0	0	0	0	0	0	0	0	0	0	0	0	0	0	0	0	1	0	18	0	6	0	0	30	13	8	35	7	0	9	0	18	0	0	0	1	0	0	0	3	0	0	0	0	0	0	0	0	0	0	0	1	0	27	0	6	0	0	98
117	108	17	0	41	99	8	0	30	17	0	41	0	0	48	0	3	0	0	38	90	8	0	29	8	0	30	0	0	48	0	2	0	0	11	17	0	41	0	0	0	10	0	0	0	0	0	0	48	0	3	0	0	38	81	8	0	27	8	0	29	0	0	48	0	2	0	0	10	8	0	30	0	0	0	8	0	0	0	0	0	0	48	0	2	0	0	11	17	0	41	0	0	0	16	4	0	0	0	0	0	0	10	0	0	0	0	0	0	48	0	3	0	0	38	72	8	0	27	8	0	27	0	0	48	0	2	0	0	9	8	0	29	0	0	0	8	0	0	0	0	0	0	48	0	2	0	0	10	8	0	30	0	0	0	16	0	0	0	0	0	0	0	8	0	0	0	0	0	0	48	0	2	0	0	11	17	0	41	10	0	0	0	30	0	0	0	0	0	0	16	4	0	0	0	0	0	0	10	0	0	0	0	0	0	48	0	3	0	0	38
191	175	40	61	77	159	26	39	58	40	61	77	17	0	124	48	26	13	154	85	143	26	39	51	26	39	58	17	0	112	33	23	13	116	30	34	61	77	2	0	0	76	3	0	0	0	17	0	124	48	26	13	154	85	127	25	39	48	26	39	51	17	0	103	30	23	13	102	28	20	39	58	2	0	0	69	1	0	0	0	17	0	112	33	23	13	116	30	33	61	77	2	0	0	26	10	11	0	0	2	0	0	76	3	0	0	0	16	0	124	48	25	13	154	85	111	16	33	47	25	39	48	13	0	102	27	18	13	96	26	20	39	51	2	0	0	64	1	0	0	0	17	0	103	30	23	13	102	28	19	39	58	0	0	0	25	1	0	0	0	2	0	0	69	1	0	0	0	16	0	112	33	22	13	116	30	33	61	77	5	66	28	9	43	77	0	0	2	0	0	26	10	11	0	0	2	0	0	76	3	0	0	0	16	0	124	48	25	13	154	85
120	110	14	16	35	100	11	16	0	14	16	35	2	0	9	0	7	0	0	149	90	11	16	0	11	16	0	2	0	0	0	7	0	0	41	11	16	35	0	0	0	0	0	0	0	0	2	0	9	0	7	0	0	149	80	11	16	0	11	16	0	2	0	0	0	7	0	0	38	8	16	0	0	0	0	0	0	0	0	0	2	0	0	0	7	0	0	41	10	16	35	1	0	0	0	2	0	0	0	0	0	0	0	0	0	0	0	1	0	9	0	6	0	0	149	70	10	16	0	11	16	0	2	0	0	0	7	0	0	35	8	16	0	0	0	0	0	0	0	0	0	2	0	0	0	7	0	0	38	7	16	0	0	0	0	0	0	0	0	0	0	0	0	0	0	0	0	0	1	0	0	0	6	0	0	41	10	16	35	7	0	9	0	11	0	0	0	1	0	0	0	2	0	0	0	0	0	0	0	0	0	0	0	1	0	9	0	6	0	0	149
139	126	34	39	83	113	30	36	55	33	39	83	18	27	0	99	26	27	0	125	100	30	36	55	29	36	55	18	27	0	99	23	27	0	106	20	39	83	6	0	0	0	6	0	0	0	14	27	0	99	18	27	0	125	87	29	36	54	29	36	55	18	27	0	97	23	27	0	98	16	36	55	6	0	0	0	3	0	0	0	14	27	0	99	15	27	0	106	20	39	83	4	0	0	11	2	0	0	0	6	0	0	0	6	0	0	0	14	27	0	99	18	27	0	125	74	17	9	54	28	36	54	14	27	0	97	18	27	0	95	16	36	55	6	0	0	0	3	0	0	0	14	27	0	97	15	27	0	98	16	36	55	0	0	0	11	1	0	0	0	6	0	0	0	3	0	0	0	14	27	0	99	15	27	0	106	19	39	83	1	0	47	0	2	9	249	0	4	0	0	11	2	0	0	0	2	0	0	0	4	0	0	0	14	27	0	99	16	27	0	125
199	180	63	98	115	161	52	86	84	59	98	115	34	152	10	136	80	99	0	125	142	48	84	71	48	86	84	31	144	10	106	68	96	0	106	42	98	115	21	24	10	57	15	17	0	47	24	152	10	136	68	99	0	125	123	41	72	64	44	84	71	23	144	9	99	53	96	0	98	31	86	84	17	24	10	41	8	13	0	19	21	144	10	106	56	96	0	106	41	98	115	19	0	42	74	6	17	115	0	21	24	10	57	15	17	0	47	23	152	10	136	67	99	0	125	104	28	24	63	37	72	64	19	96	8	98	28	36	0	95	27	84	71	15	24	9	38	8	12	0	18	13	144	9	99	41	96	0	98	30	86	84	14	0	38	69	5	13	84	0	17	24	10	41	8	13	0	19	20	144	10	106	55	96	0	106	38	98	115	8	0	59	10	8	13	460	0	16	0	42	74	6	17	115	0	15	24	10	57	9	17	0	47	23	152	10	136	61	99	0	125
178	162	50	53	98	146	39	39	93	49	53	98	41	26	20	54	82	75	98	0	130	34	39	92	38	39	93	32	26	20	54	58	39	93	0	38	53	98	21	0	10	9	17	24	0	0	37	26	20	54	74	75	98	0	114	29	37	89	33	39	92	25	26	19	52	39	39	92	0	27	39	93	17	0	10	8	8	0	0	0	28	26	20	54	50	39	93	0	38	53	98	12	24	10	28	9	0	0	0	21	0	10	9	17	24	0	0	37	26	20	54	74	75	98	0	98	20	12	89	28	37	89	18	24	17	52	21	36	89	0	22	39	92	15	0	9	8	7	0	0	0	21	26	19	52	31	39	92	0	27	39	93	9	0	10	28	5	0	0	0	17	0	10	8	8	0	0	0	28	26	20	54	50	39	93	0	36	53	98	6	12	0	0	6	13	196	0	12	24	10	28	9	0	0	0	17	0	10	9	13	24	0	0	37	26	20	54	70	75	98	0
175	157	81	125	47	139	53	104	45	74	125	47	50	131	18	24	132	231	47	0	121	46	76	44	46	104	45	37	96	18	24	80	180	45	0	59	125	47	19	127	10	9	27	72	94	0	34	131	18	24	114	231	47	0	103	40	45	42	39	76	44	35	45	17	22	63	116	44	0	31	104	45	12	86	10	8	16	55	90	0	21	96	18	24	62	180	45	0	57	125	47	16	97	10	19	11	38	141	0	19	127	10	9	27	72	94	0	30	131	18	24	110	231	47	0	86	31	34	42	33	45	42	31	21	16	22	46	50	42	0	26	76	44	11	63	9	8	14	51	88	0	19	45	17	22	47	116	44	0	31	104	45	9	81	10	19	7	34	135	0	12	86	10	8	16	55	90	0	21	96	18	24	62	180	45	0	50	108	47	16	34	0	0	16	33	47	0	13	97	10	19	11	38	141	0	13	127	10	9	16	38	94	0	30	131	18	24	94	197	47	0
161	147	35	35	101	133	23	13	101	34	35	101	28	0	44	0	78	66	202	0	119	18	13	100	22	13	101	19	0	44	0	45	0	202	0	30	35	101	15	0	10	9	17	22	0	0	24	0	44	0	74	66	202	0	105	14	13	98	17	13	100	12	0	43	0	26	0	200	0	18	13	101	11	0	10	8	5	0	0	0	15	0	44	0	41	0	202	0	30	35	101	12	0	10	17	11	0	0	0	15	0	10	9	17	22	0	0	24	0	44	0	74	66	202	0	91	11	11	95	13	13	98	9	0	41	0	13	0	196	0	13	13	100	9	0	9	8	4	0	0	0	8	0	43	0	22	0	200	0	18	13	101	9	0	10	17	4	0	0	0	11	0	10	8	5	0	0	0	15	0	44	0	41	0	202	0	29	35	101	6	22	0	39	6	0	0	0	12	0	10	17	11	0	0	0	15	0	10	9	15	22	0	0	24	0	44	0	72	66	202	0
147	133	51	51	83	119	26	18	44	51	51	83	21	54	28	92	100	165	249	246	105	21	0	44	26	18	44	12	0	10	92	46	63	132	239	50	51	83	21	0	35	0	15	12	166	0	21	54	28	92	100	165	249	246	91	15	0	43	21	0	44	9	0	10	88	33	0	132	236	25	18	44	13	0	10	0	12	9	88	0	12	0	10	92	46	63	132	239	50	51	83	21	0	31	9	16	27	0	0	21	0	35	0	15	12	166	0	21	54	28	92	100	165	249	246	77	6	0	41	15	0	43	4	0	9	82	23	0	129	229	20	0	44	3	0	10	0	10	0	88	0	9	0	10	88	33	0	132	236	25	18	44	7	0	0	8	5	0	0	0	13	0	10	0	12	9	88	0	12	0	10	92	46	63	132	239	47	51	83	8	0	54	17	17	12	0	0	21	0	31	9	16	27	0	0	21	0	35	0	9	12	166	0	21	54	28	92	94	165	249	246
85	77	39	15	11	69	19	0	0	39	15	11	14	0	0	0	99	30	33	101	61	17	0	0	19	0	0	8	0	0	0	51	0	0	101	39	15	11	13	0	0	0	12	0	0	0	14	0	0	0	99	30	33	101	53	13	0	0	17	0	0	8	0	0	0	44	0	0	100	19	0	0	5	0	0	0	9	0	0	0	8	0	0	0	51	0	0	101	39	15	11	23	0	0	0	18	20	0	0	13	0	0	0	12	0	0	0	14	0	0	0	99	30	33	101	45	6	0	0	13	0	0	7	0	0	0	35	0	0	98	17	0	0	5	0	0	0	8	0	0	0	8	0	0	0	44	0	0	100	19	0	0	4	0	0	0	3	0	0	0	5	0	0	0	9	0	0	0	8	0	0	0	51	0	0	101	37	15	11	10	0	11	0	11	5	0	0	23	0	0	0	18	20	0	0	13	0	0	0	10	0	0	0	14	0	0	0	96	30	33	101
94	84	50	35	0	74	21	21	0	46	35	0	18	14	0	0	116	89	0	0	64	18	21	0	17	21	0	8	14	0	0	47	63	0	0	45	35	0	13	0	0	0	11	7	0	0	16	14	0	0	114	89	0	0	54	14	15	0	14	21	0	8	14	0	0	37	63	0	0	16	21	0	5	0	0	0	8	7	0	0	6	14	0	0	45	63	0	0	45	35	0	18	24	0	0	19	16	0	0	13	0	0	0	11	7	0	0	16	14	0	0	114	89	0	0	44	10	4	0	10	15	0	7	8	0	0	28	39	0	0	13	21	0	5	0	0	0	7	7	0	0	6	14	0	0	35	63	0	0	16	21	0	5	0	0	0	4	0	0	0	5	0	0	0	8	7	0	0	6	14	0	0	45	63	0	0	43	35	0	14	12	0	0	14	4	0	0	18	24	0	0	19	16	0	0	13	0	0	0	9	7	0	0	16	14	0	0	111	89	0	0
83	74	45	29	0	65	19	18	0	41	29	0	12	12	0	0	100	74	0	0	56	18	18	0	15	18	0	8	12	0	0	40	54	0	0	40	29	0	13	0	0	0	10	6	0	0	10	12	0	0	98	74	0	0	47	14	12	0	14	18	0	8	12	0	0	37	54	0	0	14	18	0	5	0	0	0	7	6	0	0	6	12	0	0	38	54	0	0	40	29	0	18	18	0	0	16	12	0	0	13	0	0	0	10	6	0	0	10	12	0	0	98	74	0	0	38	10	3	0	10	12	0	7	6	0	0	28	30	0	0	13	18	0	5	0	0	0	7	6	0	0	6	12	0	0	35	54	0	0	14	18	0	5	0	0	0	4	0	0	0	5	0	0	0	7	6	0	0	6	12	0	0	38	54	0	0	38	29	0	14	9	0	0	13	3	0	0	18	18	0	0	16	12	0	0	13	0	0	0	8	6	0	0	10	12	0	0	95	74	0	0
90	81	46	23	0	72	19	8	0	44	23	0	14	0	0	0	107	74	0	0	63	18	8	0	17	8	0	10	0	0	0	45	32	0	0	43	23	0	13	0	0	0	12	8	0	0	12	0	0	0	105	74	0	0	54	14	3	0	16	8	0	10	0	0	0	42	32	0	0	16	8	0	5	0	0	0	7	8	0	0	8	0	0	0	43	32	0	0	43	23	0	19	15	0	0	16	12	0	0	13	0	0	0	12	8	0	0	12	0	0	0	105	74	0	0	45	9	0	0	12	3	0	9	0	0	0	33	12	0	0	15	8	0	5	0	0	0	7	8	0	0	8	0	0	0	40	32	0	0	16	8	0	5	0	0	0	4	0	0	0	5	0	0	0	7	8	0	0	8	0	0	0	43	32	0	0	41	23	0	16	0	0	0	16	3	0	0	19	15	0	0	16	12	0	0	13	0	0	0	10	8	0	0	12	0	0	0	102	74	0	0
125	112	60	40	35	99	30	0	21	60	40	35	24	0	57	21	109	120	175	83	86	28	0	10	30	0	21	19	0	35	10	63	0	105	44	57	40	35	27	0	8	40	25	8	0	47	24	0	57	21	109	120	175	83	73	20	0	10	28	0	10	16	0	10	10	61	0	50	44	27	0	21	10	0	7	40	19	0	0	45	19	0	35	10	63	0	105	44	55	40	35	13	0	27	0	7	0	0	0	27	0	8	40	25	8	0	47	20	0	57	21	105	120	175	83	60	17	0	9	20	0	10	15	0	10	9	47	0	50	43	25	0	10	9	0	0	36	18	0	0	44	16	0	10	10	61	0	50	44	25	0	21	8	0	21	0	7	0	0	0	10	0	7	40	19	0	0	45	15	0	35	10	59	0	105	44	45	40	35	22	0	0	9	23	16	0	0	13	0	27	0	7	0	0	0	23	0	8	40	12	8	0	47	16	0	57	21	78	120	175	83
148	131	73	87	32	114	43	66	7	64	87	32	43	15	42	7	146	167	64	94	97	37	57	0	34	66	7	30	15	21	0	77	135	14	44	56	87	32	19	96	8	0	24	66	0	47	28	15	42	7	132	167	64	94	80	26	24	0	28	57	0	26	12	0	0	67	116	0	44	26	66	7	5	36	7	0	15	54	0	45	15	15	21	0	63	135	14	44	54	87	32	19	36	41	0	7	27	96	0	19	96	8	0	24	66	0	47	24	15	42	7	128	167	64	94	64	20	22	0	17	24	0	20	12	0	0	38	60	0	43	22	57	0	4	30	0	0	14	50	0	44	11	12	0	0	55	116	0	44	26	66	7	11	36	21	0	7	27	21	0	5	36	7	0	15	54	0	45	15	15	21	0	63	135	14	44	44	71	32	19	20	7	0	20	35	0	0	13	36	41	0	7	27	96	0	14	96	8	0	12	34	0	47	24	15	42	7	107	135	64	94
108	97	41	18	24	86	20	0	0	41	18	24	11	0	18	0	87	63	48	94	75	19	0	0	20	0	0	9	0	0	0	49	0	0	44	40	18	24	14	0	0	0	16	9	0	0	11	0	18	0	87	63	48	94	64	10	0	0	19	0	0	9	0	0	0	49	0	0	44	19	0	0	6	0	0	0	11	0	0	0	9	0	0	0	49	0	0	44	40	18	24	9	0	17	0	5	0	0	0	14	0	0	0	16	9	0	0	11	0	18	0	87	63	48	94	53	6	0	0	10	0	0	4	0	0	0	20	0	0	43	18	0	0	5	0	0	0	10	0	0	0	9	0	0	0	49	0	0	44	19	0	0	5	0	0	0	5	0	0	0	6	0	0	0	11	0	0	0	9	0	0	0	49	0	0	44	37	18	24	6	0	7	0	16	9	0	0	9	0	17	0	5	0	0	0	14	0	0	0	12	9	0	0	11	0	18	0	82	63	48	94
120	106	52	62	15	92	25	43	0	49	62	15	18	33	0	0	117	157	30	11	78	23	39	0	22	43	0	12	31	0	0	55	125	0	0	47	62	15	13	37	0	0	20	18	0	0	15	33	0	0	113	157	30	11	64	14	28	0	20	39	0	12	28	0	0	52	113	0	0	20	43	0	4	20	0	0	13	10	0	0	9	31	0	0	51	125	0	0	46	62	15	11	26	17	0	8	12	15	0	13	37	0	0	20	18	0	0	15	33	0	0	110	157	30	11	51	9	18	0	11	28	0	7	18	0	0	25	72	0	0	18	39	0	3	18	0	0	12	8	0	0	9	28	0	0	48	113	0	0	20	43	0	5	10	0	0	6	11	0	0	4	20	0	0	13	10	0	0	9	31	0	0	51	125	0	0	38	49	15	13	16	7	0	16	28	15	0	8	26	17	0	8	12	15	0	10	37	0	0	10	18	0	0	15	33	0	0	92	144	30	11
77	69	34	15	3	61	18	0	0	34	15	3	10	0	0	0	77	25	9	0	53	17	0	0	18	0	0	8	0	0	0	47	0	0	0	34	15	3	14	0	0	0	17	5	0	0	10	0	0	0	77	25	9	0	45	12	0	0	17	0	0	8	0	0	0	47	0	0	0	18	0	0	6	0	0	0	13	0	0	0	8	0	0	0	47	0	0	0	34	15	3	10	0	3	0	6	0	0	0	14	0	0	0	17	5	0	0	10	0	0	0	77	25	9	0	37	9	0	0	12	0	0	7	0	0	0	34	0	0	0	17	0	0	5	0	0	0	12	0	0	0	8	0	0	0	47	0	0	0	18	0	0	5	0	0	0	6	0	0	0	6	0	0	0	13	0	0	0	8	0	0	0	47	0	0	0	27	15	3	11	0	0	0	15	10	0	0	10	0	3	0	6	0	0	0	14	0	0	0	9	5	0	0	10	0	0	0	59	25	9	0
159	140	55	83	112	121	36	18	89	55	83	112	30	0	71	58	61	39	560	59	103	30	18	78	36	18	89	17	0	69	28	51	0	445	21	42	65	112	10	0	54	21	18	0	0	83	30	0	71	58	57	39	560	59	85	30	18	53	30	18	78	17	0	68	10	50	0	390	10	23	0	89	10	0	48	10	17	0	0	44	17	0	69	28	47	0	445	21	37	65	112	9	0	0	72	6	0	0	162	10	0	54	21	18	0	0	83	23	0	71	58	48	39	560	59	67	26	18	49	30	18	53	17	0	12	10	50	0	265	10	17	0	78	9	0	45	10	14	0	0	44	17	0	68	10	46	0	390	10	18	0	89	4	0	0	68	5	0	0	129	10	0	48	10	17	0	0	44	10	0	69	28	38	0	445	21	27	65	112	18	0	0	46	10	26	0	0	9	0	0	72	6	0	0	162	1	0	54	21	4	0	0	83	17	0	71	58	17	39	560	59
131	115	66	64	62	99	45	39	17	62	64	62	34	36	10	43	98	94	124	109	83	35	27	7	41	39	17	27	14	8	14	80	70	34	28	49	64	62	19	13	68	7	24	43	62	83	27	36	10	43	86	94	124	109	67	32	24	0	31	27	7	25	13	7	0	65	67	14	10	28	39	17	16	11	24	0	20	39	17	44	20	14	8	14	68	70	34	28	43	64	62	18	35	8	0	7	27	0	47	19	13	68	7	24	43	62	83	17	36	10	43	74	94	124	109	52	26	11	0	28	24	0	23	11	0	0	57	59	0	10	20	27	7	12	0	21	0	16	28	7	44	18	13	7	0	55	67	14	10	24	39	17	12	11	0	0	6	25	0	45	16	11	24	0	20	39	17	44	14	14	8	14	60	70	34	28	28	49	62	19	22	18	0	11	36	62	0	12	35	8	0	7	27	0	47	5	13	68	7	5	13	62	83	11	36	10	43	34	64	124	109
106	92	59	52	41	78	33	40	8	58	52	41	32	30	10	16	90	118	41	85	64	22	40	7	32	40	8	18	30	8	14	59	110	8	28	50	52	41	14	0	68	7	19	33	0	0	31	30	10	16	86	118	41	85	50	20	39	0	21	40	7	17	30	7	0	47	110	7	10	24	40	8	11	0	24	0	16	30	0	0	17	30	8	14	55	110	8	28	38	52	41	13	9	8	0	6	10	0	47	14	0	68	7	19	33	0	0	16	30	10	16	63	118	41	85	39	15	27	0	19	39	0	15	27	0	0	41	107	0	10	16	40	7	6	0	21	0	11	30	0	0	16	30	7	0	45	110	7	10	20	40	8	8	0	0	0	6	10	0	45	11	0	24	0	16	30	0	0	11	30	8	14	47	110	8	28	27	19	41	15	27	18	0	11	19	41	0	10	9	8	0	6	10	0	47	6	0	68	7	5	0	0	0	10	30	10	16	33	30	41	85
74	65	39	20	13	56	21	8	0	39	20	13	24	0	0	0	53	40	26	38	47	19	8	0	21	8	0	17	0	0	0	37	40	0	21	33	20	13	6	0	0	0	10	8	0	0	24	0	0	0	53	40	26	38	38	19	8	0	19	8	0	17	0	0	0	37	40	0	10	15	8	0	6	0	0	0	10	8	0	0	17	0	0	0	37	40	0	21	23	20	13	4	0	0	0	3	0	0	0	6	0	0	0	10	8	0	0	12	0	0	0	36	40	26	38	30	16	6	0	19	8	0	17	0	0	0	37	40	0	10	14	8	0	5	0	0	0	9	8	0	0	17	0	0	0	37	40	0	10	10	8	0	1	0	0	0	3	0	0	0	6	0	0	0	10	8	0	0	10	0	0	0	28	40	0	21	16	12	13	15	12	0	0	9	6	0	0	4	0	0	0	3	0	0	0	1	0	0	0	1	0	0	0	6	0	0	0	14	0	26	38
103	87	52	97	8	71	28	64	0	52	97	8	20	88	0	0	56	133	40	35	57	24	60	0	28	64	0	9	80	0	0	39	110	0	21	33	69	8	6	40	0	0	11	30	0	0	20	88	0	0	50	133	40	35	45	24	60	0	24	60	0	9	80	0	0	37	110	0	10	13	40	0	6	40	0	0	10	30	0	0	9	80	0	0	33	110	0	21	23	45	8	6	0	0	0	4	0	0	0	6	40	0	0	11	30	0	0	8	40	0	0	33	85	40	35	35	20	50	0	24	60	0	9	80	0	0	37	110	0	10	12	40	0	5	40	0	0	9	30	0	0	9	80	0	0	33	110	0	10	10	20	0	1	0	0	0	3	0	0	0	6	40	0	0	10	30	0	0	6	40	0	0	28	70	0	21	16	25	8	7	50	0	0	8	10	0	0	6	0	0	0	4	0	0	0	1	0	0	0	2	0	0	0	6	0	0	0	11	15	40	35
101	87	21	25	88	73	17	24	62	21	25	88	12	12	26	25	25	12	0	133	60	17	24	62	17	24	62	12	12	24	25	25	12	0	89	11	12	88	5	0	0	0	6	0	0	0	12	12	26	25	25	12	0	133	48	17	24	62	17	24	62	12	12	24	25	25	12	0	78	8	12	62	5	0	0	0	5	0	0	0	12	12	24	25	25	12	0	89	7	0	88	0	0	0	0	1	0	0	0	5	0	0	0	6	0	0	0	6	0	26	25	17	0	0	133	36	13	24	47	17	24	62	12	12	24	12	25	12	0	53	8	12	62	5	0	0	0	5	0	0	0	12	12	24	25	25	12	0	78	4	0	62	0	0	0	0	0	0	0	0	5	0	0	0	5	0	0	0	6	0	24	25	17	0	0	89	3	0	88	0	0	16	34	0	0	0	115	0	0	0	0	1	0	0	0	0	0	0	0	1	0	0	0	0	0	26	25	0	0	0	133
92	79	27	22	70	66	21	22	51	27	22	70	13	0	35	12	27	0	0	120	55	21	22	51	21	22	51	13	0	33	12	27	0	0	89	15	0	70	9	0	0	0	8	0	0	0	13	0	35	12	23	0	0	120	44	21	22	51	21	22	51	13	0	33	12	27	0	0	78	9	0	51	9	0	0	0	6	0	0	0	13	0	33	12	23	0	0	89	10	0	70	2	0	0	0	2	0	0	0	9	0	0	0	8	0	0	0	6	0	35	12	14	0	0	120	33	17	22	26	21	22	51	13	0	33	0	27	0	0	53	9	0	51	9	0	0	0	6	0	0	0	13	0	33	12	23	0	0	78	4	0	51	0	0	0	0	0	0	0	0	9	0	0	0	6	0	0	0	6	0	33	12	14	0	0	89	6	0	70	0	0	10	36	0	0	0	198	2	0	0	0	2	0	0	0	0	0	0	0	2	0	0	0	0	0	35	12	0	0	0	120
93	79	27	43	75	65	21	33	56	26	43	75	13	0	48	12	22	0	75	120	54	21	33	56	20	33	56	13	0	46	12	22	0	56	89	12	10	75	8	0	0	0	7	0	0	0	9	0	48	12	14	0	75	120	43	21	33	55	20	33	56	13	0	46	12	22	0	56	78	6	0	56	8	0	0	0	5	0	0	0	9	0	46	12	14	0	56	89	9	10	75	2	0	0	12	2	0	0	0	8	0	0	0	7	0	0	0	4	0	48	12	9	0	75	120	32	18	33	18	20	33	55	13	0	45	0	22	0	55	53	6	0	56	8	0	0	0	5	0	0	0	9	0	46	12	14	0	56	78	3	0	56	0	0	0	0	0	0	0	0	8	0	0	0	5	0	0	0	4	0	46	12	9	0	56	89	6	10	75	0	0	10	36	0	0	0	296	2	0	0	12	2	0	0	0	0	0	0	0	2	0	0	0	0	0	48	12	0	0	75	120
98	82	44	77	77	66	29	59	44	36	77	77	24	0	98	42	38	70	154	182	54	26	55	42	25	59	44	20	0	76	36	33	70	88	106	20	29	77	7	44	0	16	12	31	0	0	14	0	98	42	28	22	154	182	42	24	53	40	22	55	42	19	0	70	33	28	66	84	85	9	11	44	6	44	0	14	9	22	0	0	10	0	76	36	23	22	88	106	16	29	77	9	18	11	19	5	9	0	0	7	44	0	16	12	31	0	0	6	0	98	42	20	22	154	182	31	20	44	0	20	53	40	18	0	66	0	23	62	80	53	8	11	42	6	44	0	0	9	22	0	0	9	0	70	33	20	22	84	85	7	11	44	5	0	0	0	2	0	0	0	6	44	0	14	9	22	0	0	6	0	76	36	19	22	88	106	11	18	77	3	0	34	0	2	0	77	343	6	18	11	19	5	9	0	0	1	0	0	16	3	9	0	0	2	0	98	42	7	0	154	182
68	57	29	33	44	46	19	29	0	29	33	44	18	30	11	0	41	67	0	236	36	18	28	0	19	29	0	13	28	0	0	33	63	0	114	18	23	44	5	7	0	0	10	7	0	0	18	30	11	0	41	67	0	236	28	16	28	0	18	28	0	13	28	0	0	33	63	0	92	12	21	0	4	7	0	0	9	7	0	0	13	28	0	0	33	63	0	114	10	7	44	1	0	20	0	3	0	0	0	5	7	0	0	10	7	0	0	8	14	11	0	28	35	0	236	21	9	21	0	16	28	0	9	28	0	0	27	63	0	53	12	21	0	4	7	0	0	9	7	0	0	13	28	0	0	33	63	0	92	9	7	0	0	0	0	0	2	0	0	0	4	7	0	0	9	7	0	0	8	14	0	0	28	35	0	114	3	0	44	0	0	54	0	2	0	44	0	1	0	20	0	3	0	0	0	1	0	0	0	1	0	0	0	4	0	11	0	6	0	0	236
62	49	34	53	37	39	21	40	36	22	23	37	18	48	0	13	46	39	37	0	31	18	40	31	13	16	36	14	48	0	10	25	32	36	0	15	7	37	2	0	12	50	6	0	0	0	6	0	0	13	36	7	37	0	23	15	40	19	10	16	31	12	48	0	8	16	32	31	0	6	0	36	2	0	12	24	6	0	0	0	2	0	0	10	15	0	36	0	15	7	37	6	0	26	16	3	0	0	32	2	0	12	50	6	0	0	0	6	0	0	13	36	7	37	0	15	15	38	17	7	16	19	12	48	0	7	10	32	19	0	3	0	31	2	0	10	21	6	0	0	0	0	0	0	8	6	0	31	0	6	0	36	6	0	25	14	3	0	0	7	2	0	12	24	6	0	0	0	2	0	0	10	15	0	36	0	12	7	37	10	14	0	17	5	0	0	0	3	0	26	16	3	0	0	32	0	0	12	50	0	0	0	0	6	0	0	13	30	7	37	0
72	58	26	49	90	45	21	45	61	16	36	90	13	36	0	118	22	36	0	152	36	20	45	57	15	36	61	13	36	0	111	21	36	0	100	5	0	90	6	0	0	42	6	0	0	0	1	0	0	118	10	0	0	152	27	17	45	55	14	36	57	12	36	0	109	18	36	0	98	4	0	61	6	0	0	36	6	0	0	0	1	0	0	111	9	0	0	100	5	0	90	5	0	23	16	1	0	0	0	6	0	0	42	6	0	0	0	1	0	0	118	10	0	0	152	18	17	45	51	11	36	55	12	36	0	106	12	36	0	95	3	0	57	6	0	0	33	6	0	0	0	0	0	0	109	6	0	0	98	4	0	61	5	0	13	14	1	0	0	0	6	0	0	36	6	0	0	0	1	0	0	111	9	0	0	100	2	0	90	5	0	0	41	1	0	0	0	2	0	23	16	1	0	0	0	0	0	0	42	0	0	0	0	1	0	0	118	4	0	0	152
79	63	47	80	65	50	29	73	49	35	41	65	23	75	0	87	66	91	0	77	39	24	62	32	21	40	49	15	75	0	58	35	89	0	44	21	19	65	7	20	25	62	11	20	65	62	10	9	0	87	48	47	0	77	28	19	48	20	16	29	32	13	60	0	56	24	58	0	42	7	18	49	4	18	23	36	8	18	49	17	2	9	0	58	17	45	0	44	19	19	65	4	48	48	16	3	9	65	32	7	20	25	62	11	20	65	62	6	9	0	87	44	47	0	77	18	18	45	19	11	18	20	12	54	0	55	14	36	0	40	4	9	32	4	18	10	33	8	18	32	7	0	0	0	56	8	18	0	42	7	18	49	1	45	36	14	3	9	49	7	4	18	23	36	8	18	49	17	2	9	0	58	17	45	0	44	12	9	65	8	27	0	7	5	9	0	0	1	18	48	16	3	9	65	32	0	0	25	62	0	0	65	62	6	9	0	87	30	27	0	77
89	73	46	85	43	59	22	47	43	34	57	43	18	58	23	0	75	150	172	0	46	19	39	39	12	21	43	17	26	23	0	26	50	172	0	28	44	43	6	0	22	36	7	0	43	0	4	32	23	0	63	124	172	0	33	15	38	10	9	13	39	14	26	21	0	17	26	156	0	6	8	43	2	0	22	0	4	0	43	0	3	0	23	0	14	24	172	0	28	44	43	13	12	22	36	7	12	0	47	6	0	22	36	7	0	43	0	4	32	23	0	63	124	172	0	20	13	32	0	5	12	10	13	24	7	0	10	24	40	0	3	0	39	2	0	18	0	4	0	39	0	0	0	21	0	5	0	156	0	6	8	43	5	8	22	0	3	8	0	7	2	0	22	0	4	0	43	0	3	0	23	0	14	24	172	0	22	44	43	11	56	0	0	6	20	0	0	7	12	22	36	7	12	0	47	1	0	22	36	0	0	43	0	4	32	23	0	52	124	172	0
60	50	35	29	13	41	19	9	13	25	20	13	20	0	13	0	54	45	52	0	32	17	9	13	9	0	13	16	0	13	0	20	0	52	0	19	20	13	2	0	0	0	2	0	0	0	5	0	13	0	42	45	52	0	23	16	9	7	7	0	13	15	0	13	0	14	0	52	0	3	0	13	2	0	0	0	2	0	0	0	1	0	13	0	8	0	52	0	19	20	13	11	0	0	21	4	0	0	0	2	0	0	0	2	0	0	0	5	0	13	0	42	45	52	0	14	15	9	0	6	0	7	15	0	7	0	12	0	28	0	1	0	13	2	0	0	0	2	0	0	0	0	0	13	0	2	0	52	0	3	0	13	6	0	0	0	2	0	0	0	2	0	0	0	2	0	0	0	1	0	13	0	8	0	52	0	18	20	13	17	0	0	0	4	5	0	0	8	0	0	21	4	0	0	0	0	0	0	0	0	0	0	0	5	0	13	0	40	45	52	0
60	49	25	19	37	39	11	10	13	18	9	37	9	0	8	26	41	9	37	93	29	11	10	13	4	0	13	9	0	0	26	8	0	13	92	14	9	37	0	0	0	0	0	0	0	0	0	0	8	26	33	9	37	93	19	11	10	13	4	0	13	9	0	0	26	8	0	13	83	0	0	13	0	0	0	0	0	0	0	0	0	0	0	26	0	0	13	92	14	9	37	6	0	0	0	5	0	0	0	0	0	0	0	0	0	0	0	0	0	8	26	33	9	37	93	9	7	9	7	4	0	13	9	0	0	14	8	0	13	36	0	0	13	0	0	0	0	0	0	0	0	0	0	0	26	0	0	13	83	0	0	13	0	0	0	0	0	0	0	0	0	0	0	0	0	0	0	0	0	0	0	26	0	0	13	92	13	9	37	7	9	22	21	3	0	0	0	6	0	0	0	5	0	0	0	0	0	0	0	0	0	0	0	0	0	8	26	32	9	37	93
56	46	31	24	19	36	10	0	10	26	24	19	5	0	19	10	55	60	76	43	26	9	0	10	5	0	10	4	0	10	10	9	0	40	43	22	24	19	7	0	11	0	8	0	0	0	1	0	19	10	47	60	76	43	16	7	0	8	4	0	10	4	0	10	8	8	0	40	39	1	0	10	0	0	10	0	0	0	0	0	0	0	10	10	1	0	40	43	22	24	19	9	0	0	16	4	12	0	0	7	0	11	0	8	0	0	0	1	0	19	10	47	60	76	43	6	4	0	0	2	0	8	3	0	8	0	4	0	32	10	0	0	10	0	0	10	0	0	0	0	0	0	0	10	8	0	0	40	39	1	0	10	0	0	0	0	0	0	0	0	0	0	10	0	0	0	0	0	0	0	10	10	1	0	40	43	11	24	19	8	0	8	0	3	6	0	15	6	0	0	16	4	12	0	0	0	0	11	0	0	0	0	0	1	0	19	10	26	60	76	43
41	34	21	6	13	27	7	0	0	16	6	13	3	0	8	0	37	6	13	56	20	7	0	0	2	0	0	3	0	0	0	4	0	0	56	14	6	13	0	0	0	0	0	0	0	0	0	0	8	0	33	6	13	56	13	7	0	0	2	0	0	3	0	0	0	4	0	0	52	0	0	0	0	0	0	0	0	0	0	0	0	0	0	0	0	0	0	56	14	6	13	6	0	0	0	5	0	0	0	0	0	0	0	0	0	0	0	0	0	8	0	33	6	13	56	6	5	0	0	2	0	0	3	0	0	0	4	0	0	17	0	0	0	0	0	0	0	0	0	0	0	0	0	0	0	0	0	0	52	0	0	0	0	0	0	0	0	0	0	0	0	0	0	0	0	0	0	0	0	0	0	0	0	0	0	56	13	6	13	8	0	8	0	3	0	0	0	6	0	0	0	5	0	0	0	0	0	0	0	0	0	0	0	0	0	8	0	32	6	13	56
64	51	34	53	13	39	8	22	0	27	41	13	3	11	8	0	59	112	65	56	28	8	22	0	3	11	0	3	11	0	0	6	22	0	56	24	30	13	7	0	0	0	12	0	0	0	0	0	8	0	53	90	65	56	17	6	17	0	3	11	0	3	11	0	0	6	22	0	52	0	0	0	0	0	0	0	0	0	0	0	0	0	0	0	0	0	0	56	24	30	13	4	30	0	0	3	12	0	0	7	0	0	0	12	0	0	0	0	0	8	0	53	90	65	56	6	4	6	0	1	6	0	2	6	0	0	2	12	0	17	0	0	0	0	0	0	0	0	0	0	0	0	0	0	0	0	0	0	52	0	0	0	0	0	0	0	0	0	0	0	0	0	0	0	0	0	0	0	0	0	0	0	0	0	0	56	9	30	13	3	30	8	0	2	6	13	0	1	30	0	0	3	12	0	0	0	0	0	0	0	0	0	0	0	0	8	0	18	90	65	56
40	33	18	10	5	26	4	0	0	15	10	5	1	0	0	0	33	15	10	13	19	4	0	0	1	0	0	1	0	0	0	2	0	0	13	14	10	5	0	0	0	0	2	0	0	0	0	0	0	0	31	15	10	13	12	4	0	0	1	0	0	1	0	0	0	2	0	0	13	0	0	0	0	0	0	0	0	0	0	0	0	0	0	0	0	0	0	13	14	10	5	5	0	0	0	4	0	0	0	0	0	0	0	2	0	0	0	0	0	0	0	31	15	10	13	5	3	0	0	1	0	0	1	0	0	0	2	0	0	7	0	0	0	0	0	0	0	0	0	0	0	0	0	0	0	0	0	0	13	0	0	0	0	0	0	0	0	0	0	0	0	0	0	0	0	0	0	0	0	0	0	0	0	0	0	13	11	10	5	6	0	0	0	2	0	0	0	5	0	0	0	4	0	0	0	0	0	0	0	0	0	0	0	0	0	0	0	27	15	10	13
75	58	41	67	84	42	14	30	67	33	51	84	16	15	80	43	68	102	252	32	27	11	27	45	8	15	67	9	15	79	10	12	30	201	10	25	36	84	6	36	0	59	18	36	0	108	7	0	80	43	56	72	252	32	12	6	12	42	5	12	45	9	12	65	10	10	24	135	10	0	0	67	0	0	0	57	0	0	0	92	0	0	79	10	0	0	201	10	19	36	84	3	36	36	31	0	0	84	0	6	36	0	59	18	36	0	108	0	0	80	43	44	72	252	32	0	0	0	18	0	0	42	0	0	60	8	0	0	126	8	0	0	45	0	0	0	38	0	0	0	71	0	0	65	10	0	0	135	10	0	0	67	0	0	26	0	0	0	67	0	0	0	0	57	0	0	0	92	0	0	79	10	0	0	201	10	0	0	84	0	0	57	36	0	0	84	103	0	0	36	31	0	0	84	0	0	0	0	59	0	0	0	108	0	0	80	43	0	0	252	32
49	39	21	9	32	29	6	0	0	18	9	32	2	0	0	0	43	9	32	87	19	6	0	0	3	0	0	2	0	0	0	6	0	0	23	15	9	32	7	0	0	0	12	0	0	0	0	0	0	0	37	9	32	87	9	3	0	0	3	0	0	2	0	0	0	6	0	0	23	0	0	0	0	0	0	0	0	0	0	0	0	0	0	0	0	0	0	23	14	9	32	3	0	6	0	0	0	0	0	7	0	0	0	12	0	0	0	0	0	0	0	34	9	32	87	0	0	0	0	0	0	0	0	0	0	0	0	0	0	21	0	0	0	0	0	0	0	0	0	0	0	0	0	0	0	0	0	0	23	0	0	0	0	0	0	0	0	0	0	0	0	0	0	0	0	0	0	0	0	0	0	0	0	0	0	23	0	0	32	0	0	15	0	0	0	0	0	0	0	6	0	0	0	0	0	0	0	0	0	0	0	0	0	0	0	0	0	0	0	32	87
43	34	23	14	17	25	7	0	0	21	14	17	6	0	0	0	47	21	34	37	16	5	0	0	5	0	0	2	0	0	0	8	0	0	10	16	14	17	7	0	0	0	10	14	0	0	4	0	0	0	39	21	34	37	7	2	0	0	3	0	0	2	0	0	0	6	0	0	10	0	0	0	0	0	0	0	0	0	0	0	0	0	0	0	0	0	0	10	13	14	17	3	0	6	0	0	0	0	0	7	0	0	0	10	14	0	0	0	0	0	0	32	21	34	37	0	0	0	0	0	0	0	0	0	0	0	0	0	0	8	0	0	0	0	0	0	0	0	0	0	0	0	0	0	0	0	0	0	10	0	0	0	0	0	0	0	0	0	0	0	0	0	0	0	0	0	0	0	0	0	0	0	0	0	0	10	0	0	17	0	0	6	0	0	0	0	0	0	0	6	0	0	0	0	0	0	0	0	0	0	0	0	0	0	0	0	0	0	0	34	37
48	37	30	34	12	26	7	10	0	26	34	12	9	0	0	0	49	80	48	32	16	4	6	0	5	10	0	2	0	0	0	6	20	0	10	21	24	12	3	24	0	0	9	18	0	0	7	0	0	0	43	60	48	32	6	2	0	0	2	6	0	2	0	0	0	4	12	0	10	0	0	0	0	0	0	0	0	0	0	0	0	0	0	0	0	0	0	10	11	24	12	3	0	6	0	0	0	12	0	3	24	0	0	9	18	0	0	0	0	0	0	25	60	48	32	0	0	0	0	0	0	0	0	0	0	0	0	0	0	8	0	0	0	0	0	0	0	0	0	0	0	0	0	0	0	0	0	0	10	0	0	0	0	0	0	0	0	0	0	0	0	0	0	0	0	0	0	0	0	0	0	0	0	0	0	10	0	0	12	0	0	6	0	0	0	0	0	0	0	6	0	0	0	12	0	0	0	0	0	0	0	0	0	0	0	0	0	0	0	48	32
45	35	34	25	6	25	9	0	0	32	25	6	14	0	0	0	54	75	30	13	15	5	0	0	7	0	0	2	0	0	0	8	0	0	0	25	25	6	7	0	0	0	8	20	0	0	12	0	0	0	46	75	30	13	5	2	0	0	3	0	0	2	0	0	0	6	0	0	0	0	0	0	0	0	0	0	0	0	0	0	0	0	0	0	0	0	0	0	10	25	6	3	0	6	0	0	0	0	0	7	0	0	0	8	20	0	0	0	0	0	0	20	75	30	13	0	0	0	0	0	0	0	0	0	0	0	0	0	0	0	0	0	0	0	0	0	0	0	0	0	0	0	0	0	0	0	0	0	0	0	0	0	0	0	0	0	0	0	0	0	0	0	0	0	0	0	0	0	0	0	0	0	0	0	0	0	0	0	6	0	0	6	0	0	0	0	0	0	0	6	0	0	0	0	0	0	0	0	0	0	0	0	0	0	0	0	0	0	0	30	13
70	51	37	64	120	32	16	30	86	31	64	120	19	60	20	48	38	94	240	119	15	4	0	86	12	30	86	7	0	20	48	12	30	172	67	15	30	120	0	0	102	0	0	0	240	0	12	60	20	48	26	60	240	119	0	0	0	68	0	0	86	0	0	20	35	0	0	172	45	0	0	86	0	0	82	0	0	0	172	0	0	0	20	48	0	0	172	67	0	0	120	0	0	42	109	0	0	0	65	0	0	102	0	0	0	240	0	0	0	20	48	0	0	240	119	0	0	0	50	0	0	68	0	0	20	32	0	0	136	42	0	0	86	0	0	82	0	0	0	172	0	0	0	20	35	0	0	172	45	0	0	86	0	0	27	86	0	0	0	49	0	0	82	0	0	0	172	0	0	0	20	48	0	0	172	67	0	0	0	0	0	0	69	0	0	0	77	0	0	0	109	0	0	0	65	0	0	0	0	0	0	0	0	0	0	0	48	0	0	0	119
47	35	24	11	63	23	7	0	22	23	11	63	13	0	0	22	29	33	63	151	11	1	0	21	6	0	22	1	0	0	21	6	0	22	67	14	11	63	0	0	18	11	0	0	0	0	12	0	0	22	23	33	63	151	0	0	0	20	0	0	21	0	0	0	20	0	0	21	45	0	0	22	0	0	0	10	0	0	0	0	0	0	0	21	0	0	22	67	0	0	63	0	0	12	10	0	0	0	0	0	0	18	11	0	0	0	0	0	0	0	22	0	0	63	151	0	0	0	19	0	0	20	0	0	0	19	0	0	20	42	0	0	21	0	0	0	10	0	0	0	0	0	0	0	20	0	0	21	45	0	0	22	0	0	0	10	0	0	0	0	0	0	0	10	0	0	0	0	0	0	0	21	0	0	22	67	0	0	0	0	0	0	9	0	0	0	0	0	0	0	10	0	0	0	0	0	0	0	11	0	0	0	0	0	0	0	22	0	0	0	151
53	38	28	59	41	23	6	9	35	28	59	41	13	45	34	10	28	72	205	6	9	0	0	35	6	9	35	0	0	34	10	2	0	175	0	14	45	41	0	0	27	0	0	0	41	0	13	45	34	10	26	72	205	6	0	0	0	35	0	0	35	0	0	34	10	0	0	175	0	0	0	35	0	0	27	0	0	0	35	0	0	0	34	10	0	0	175	0	0	0	41	0	0	0	0	0	0	0	0	0	0	27	0	0	0	41	0	0	0	34	10	0	0	205	6	0	0	0	20	0	0	35	0	0	34	9	0	0	175	0	0	0	35	0	0	27	0	0	0	35	0	0	0	34	10	0	0	175	0	0	0	35	0	0	0	0	0	0	0	0	0	0	27	0	0	0	35	0	0	0	34	10	0	0	175	0	0	0	0	0	0	0	46	0	0	0	44	0	0	0	0	0	0	0	0	0	0	0	0	0	0	0	0	0	0	0	10	0	0	0	6
39	28	23	31	23	17	6	7	0	22	31	23	10	21	0	0	27	35	69	102	7	1	0	0	5	7	0	1	0	0	0	6	0	0	67	12	21	23	0	0	18	0	0	0	23	0	9	21	0	0	21	35	69	102	0	0	0	0	0	0	0	0	0	0	0	0	0	0	45	0	0	0	0	0	0	0	0	0	0	0	0	0	0	0	0	0	0	67	0	0	23	0	0	12	0	0	0	0	0	0	0	18	0	0	0	23	0	0	0	0	0	0	0	69	102	0	0	0	0	0	0	0	0	0	0	0	0	0	0	42	0	0	0	0	0	0	0	0	0	0	0	0	0	0	0	0	0	0	45	0	0	0	0	0	0	0	0	0	0	0	0	0	0	0	0	0	0	0	0	0	0	0	0	0	0	67	0	0	0	0	0	0	0	0	0	0	0	0	0	0	0	0	0	0	0	0	0	0	0	0	0	0	0	0	0	0	0	0	0	0	102
36	26	22	24	11	16	5	0	0	22	24	11	12	0	0	0	24	36	44	18	6	0	0	0	5	0	0	0	0	0	0	4	0	0	0	11	24	11	0	0	6	0	0	0	0	0	12	0	0	0	20	36	44	18	0	0	0	0	0	0	0	0	0	0	0	0	0	0	0	0	0	0	0	0	0	0	0	0	0	0	0	0	0	0	0	0	0	0	0	0	11	0	0	0	0	0	0	0	0	0	0	6	0	0	0	0	0	0	0	0	0	0	0	44	18	0	0	0	0	0	0	0	0	0	0	0	0	0	0	0	0	0	0	0	0	0	0	0	0	0	0	0	0	0	0	0	0	0	0	0	0	0	0	0	0	0	0	0	0	0	0	0	0	0	0	0	0	0	0	0	0	0	0	0	0	0	0	0	0	0	0	0	0	0	0	0	0	0	0	0	0	0	0	0	0	0	0	0	0	0	0	0	0	0	0	0	0	0	0	0	18
39	25	12	33	68	11	0	0	17	12	33	68	0	0	78	27	2	0	204	258	0	0	0	17	0	0	17	0	0	27	27	0	0	51	143	0	0	68	0	0	0	0	0	0	0	0	0	0	78	27	0	0	204	258	0	0	0	17	0	0	17	0	0	27	27	0	0	51	142	0	0	17	0	0	0	0	0	0	0	0	0	0	27	27	0	0	51	143	0	0	0	0	0	0	0	0	0	0	0	0	0	0	0	0	0	0	0	0	0	0	27	0	0	0	258	0	0	0	17	0	0	17	0	0	27	27	0	0	51	123	0	0	17	0	0	0	0	0	0	0	0	0	0	27	27	0	0	51	142	0	0	0	0	0	0	0	0	0	0	0	0	0	0	0	0	0	0	0	0	0	0	27	0	0	0	143	0	0	0	0	0	0	0	0	0	0	0	0	0	0	0	0	0	0	0	0	0	0	0	0	0	0	0	0	0	0	0	0	0	0	0
29	19	12	9	47	9	0	0	29	12	9	47	0	0	53	27	0	0	47	52	0	0	0	29	0	0	29	0	0	39	27	0	0	29	35	0	0	47	0	0	0	0	0	0	0	0	0	0	53	27	0	0	47	52	0	0	0	29	0	0	29	0	0	39	27	0	0	29	35	0	0	29	0	0	0	0	0	0	0	0	0	0	39	27	0	0	29	35	0	0	0	0	0	0	0	0	0	0	0	0	0	0	0	0	0	0	0	0	0	0	27	0	0	0	52	0	0	0	29	0	0	29	0	0	39	27	0	0	29	35	0	0	29	0	0	0	0	0	0	0	0	0	0	39	27	0	0	29	35	0	0	0	0	0	0	0	0	0	0	0	0	0	0	0	0	0	0	0	0	0	0	27	0	0	0	35	0	0	0	0	0	0	0	0	0	0	0	0	0	0	0	0	0	0	0	0	0	0	0	0	0	0	0	0	0	0	0	0	0	0	0
26	17	11	8	37	8	0	0	0	11	8	37	0	0	46	0	2	0	37	195	0	0	0	0	0	0	0	0	0	0	0	0	0	0	121	0	0	37	0	0	0	0	0	0	0	0	0	0	46	0	0	0	37	195	0	0	0	0	0	0	0	0	0	0	0	0	0	0	121	0	0	0	0	0	0	0	0	0	0	0	0	0	0	0	0	0	0	121	0	0	0	0	0	0	0	0	0	0	0	0	0	0	0	0	0	0	0	0	0	0	0	0	0	0	195	0	0	0	0	0	0	0	0	0	0	0	0	0	0	103	0	0	0	0	0	0	0	0	0	0	0	0	0	0	0	0	0	0	121	0	0	0	0	0	0	0	0	0	0	0	0	0	0	0	0	0	0	0	0	0	0	0	0	0	0	121	0	0	0	0	0	0	0	0	0	0	0	0	0	0	0	0	0	0	0	0	0	0	0	0	0	0	0	0	0	0	0	0	0	0	0
23	15	9	7	22	7	0	0	0	9	7	22	0	0	16	0	0	0	22	75	0	0	0	0	0	0	0	0	0	0	0	0	0	0	35	0	0	22	0	0	0	0	0	0	0	0	0	0	16	0	0	0	22	75	0	0	0	0	0	0	0	0	0	0	0	0	0	0	35	0	0	0	0	0	0	0	0	0	0	0	0	0	0	0	0	0	0	35	0	0	0	0	0	0	0	0	0	0	0	0	0	0	0	0	0	0	0	0	0	0	0	0	0	0	75	0	0	0	0	0	0	0	0	0	0	0	0	0	0	35	0	0	0	0	0	0	0	0	0	0	0	0	0	0	0	0	0	0	35	0	0	0	0	0	0	0	0	0	0	0	0	0	0	0	0	0	0	0	0	0	0	0	0	0	0	35	0	0	0	0	0	0	0	0	0	0	0	0	0	0	0	0	0	0	0	0	0	0	0	0	0	0	0	0	0	0	0	0	0	0	0
19	12	7	10	9	5	0	0	0	7	10	9	0	0	9	0	0	0	18	41	0	0	0	0	0	0	0	0	0	0	0	0	0	0	35	0	0	9	0	0	0	0	0	0	0	0	0	0	9	0	0	0	18	41	0	0	0	0	0	0	0	0	0	0	0	0	0	0	35	0	0	0	0	0	0	0	0	0	0	0	0	0	0	0	0	0	0	35	0	0	0	0	0	0	0	0	0	0	0	0	0	0	0	0	0	0	0	0	0	0	0	0	0	0	41	0	0	0	0	0	0	0	0	0	0	0	0	0	0	35	0	0	0	0	0	0	0	0	0	0	0	0	0	0	0	0	0	0	35	0	0	0	0	0	0	0	0	0	0	0	0	0	0	0	0	0	0	0	0	0	0	0	0	0	0	35	0	0	0	0	0	0	0	0	0	0	0	0	0	0	0	0	0	0	0	0	0	0	0	0	0	0	0	0	0	0	0	0	0	0	0
28	14	0	0	131	0	0	0	81	0	0	131	0	0	0	97	0	0	0	183	0	0	0	69	0	0	81	0	0	0	46	0	0	0	46	0	0	0	0	0	0	27	0	0	0	41	0	0	0	97	0	0	0	183	0	0	0	69	0	0	69	0	0	0	46	0	0	0	46	0	0	0	0	0	0	27	0	0	0	35	0	0	0	46	0	0	0	46	0	0	0	0	0	0	0	0	0	0	0	0	0	0	27	0	0	0	41	0	0	0	0	0	0	0	0	0	0	0	69	0	0	69	0	0	0	46	0	0	0	46	0	0	0	0	0	0	27	0	0	0	35	0	0	0	46	0	0	0	46	0	0	0	0	0	0	0	0	0	0	0	0	0	0	27	0	0	0	35	0	0	0	0	0	0	0	0	0	0	0	0	0	0	0	0	0	0	0	0	0	0	0	0	0	0	0	0	0	0	0	0	0	0	0	0	0	0	0	0	0	0	0
22	11	5	0	84	0	0	0	66	0	0	84	0	0	9	75	0	0	0	68	0	0	0	41	0	0	66	0	0	9	20	0	0	0	17	0	0	0	0	0	0	31	0	0	0	143	0	0	0	75	0	0	0	68	0	0	0	41	0	0	41	0	0	9	20	0	0	0	17	0	0	0	0	0	0	31	0	0	0	86	0	0	0	20	0	0	0	17	0	0	0	0	0	0	0	0	0	0	0	0	0	0	31	0	0	0	143	0	0	0	0	0	0	0	0	0	0	0	41	0	0	41	0	0	9	20	0	0	0	17	0	0	0	0	0	0	31	0	0	0	86	0	0	0	20	0	0	0	17	0	0	0	0	0	0	0	0	0	0	0	0	0	0	31	0	0	0	86	0	0	0	0	0	0	0	0	0	0	0	0	0	0	0	0	0	0	0	0	0	0	0	0	0	0	0	0	0	0	0	0	0	0	0	0	0	0	0	0	0	0	0
18	9	3	0	59	0	0	0	43	0	0	59	0	0	9	0	0	0	0	77	0	0	0	42	0	0	43	0	0	9	0	0	0	0	17	0	0	0	0	0	0	11	0	0	0	0	0	0	0	0	0	0	0	77	0	0	0	42	0	0	42	0	0	9	0	0	0	0	17	0	0	0	0	0	0	11	0	0	0	0	0	0	0	0	0	0	0	17	0	0	0	0	0	0	0	0	0	0	0	0	0	0	11	0	0	0	0	0	0	0	0	0	0	0	0	0	0	0	42	0	0	42	0	0	9	0	0	0	0	17	0	0	0	0	0	0	11	0	0	0	0	0	0	0	0	0	0	0	17	0	0	0	0	0	0	0	0	0	0	0	0	0	0	11	0	0	0	0	0	0	0	0	0	0	0	0	0	0	0	0	0	0	0	0	0	0	0	0	0	0	0	0	0	0	0	0	0	0	0	0	0	0	0	0	0	0	0	0	0	0	0
16	7	9	14	40	0	0	0	40	0	0	40	0	0	66	0	0	0	80	0	0	0	0	38	0	0	40	0	0	66	0	0	0	80	0	0	0	0	0	0	0	21	0	0	0	0	0	0	0	0	0	0	0	0	0	0	0	37	0	0	38	0	0	63	0	0	0	76	0	0	0	0	0	0	0	20	0	0	0	0	0	0	0	0	0	0	0	0	0	0	0	0	0	0	9	0	0	0	0	0	0	0	21	0	0	0	0	0	0	0	0	0	0	0	0	0	0	0	36	0	0	37	0	0	60	0	0	0	74	0	0	0	0	0	0	0	20	0	0	0	0	0	0	0	0	0	0	0	0	0	0	0	0	0	0	9	0	0	0	0	0	0	0	20	0	0	0	0	0	0	0	0	0	0	0	0	0	0	0	0	0	0	7	0	0	0	0	0	0	0	9	0	0	0	0	0	0	0	0	0	0	0	0	0	0	0	0	0	0	0	0
24	11	13	22	106	0	0	0	104	0	0	106	0	0	118	30	0	0	212	0	0	0	0	80	0	0	104	0	0	118	0	0	0	208	0	0	0	0	0	0	0	81	0	0	0	120	0	0	0	30	0	0	0	0	0	0	0	55	0	0	80	0	0	112	0	0	0	160	0	0	0	0	0	0	0	20	0	0	0	86	0	0	0	0	0	0	0	0	0	0	0	0	0	0	51	0	0	0	96	0	0	0	81	0	0	0	120	0	0	0	0	0	0	0	0	0	0	0	44	0	0	55	0	0	90	0	0	0	110	0	0	0	0	0	0	0	20	0	0	0	86	0	0	0	0	0	0	0	0	0	0	0	0	0	0	17	0	0	0	67	0	0	0	20	0	0	0	86	0	0	0	0	0	0	0	0	0	0	0	0	0	0	39	0	0	0	13	0	0	0	51	0	0	0	96	0	0	0	0	0	0	0	0	0	0	0	0	0	0	0	0
8	0	0	0	68	0	0	0	41	0	0	0	0	0	0	87	0	0	0	146	0	0	0	41	0	0	0	0	0	0	87	0	0	0	144	0	0	0	0	0	0	0	0	0	0	0	0	0	0	0	0	0	0	0	0	0	0	40	0	0	0	0	0	0	85	0	0	0	118	0	0	0	0	0	0	0	0	0	0	0	0	0	0	0	0	0	0	0	0	0	0	0	0	0	10	0	0	0	0	0	0	0	0	0	0	0	0	0	0	0	0	0	0	0	0	0	0	0	38	0	0	0	0	0	0	82	0	0	0	92	0	0	0	0	0	0	0	0	0	0	0	0	0	0	0	0	0	0	0	0	0	0	0	0	0	9	0	0	0	0	0	0	0	0	0	0	0	0	0	0	0	0	0	0	0	0	0	0	0	0	0	0	21	0	0	0	0	0	0	0	0	0	0	0	0	0	0	0	0	0	0	0	0	0	0	0	0	0	0	0	0
11	0	0	0	102	0	0	0	77	0	0	0	0	0	0	77	0	0	0	146	0	0	0	77	0	0	0	0	0	0	77	0	0	0	144	0	0	0	0	0	0	0	0	0	0	0	0	0	0	0	0	0	0	0	0	0	0	73	0	0	0	0	0	0	72	0	0	0	118	0	0	0	0	0	0	0	0	0	0	0	0	0	0	0	0	0	0	0	0	0	0	0	0	0	46	0	0	0	0	0	0	0	0	0	0	0	0	0	0	0	0	0	0	0	0	0	0	0	53	0	0	0	0	0	0	52	0	0	0	92	0	0	0	0	0	0	0	0	0	0	0	0	0	0	0	0	0	0	0	0	0	0	0	0	0	9	0	0	0	0	0	0	0	0	0	0	0	0	0	0	0	0	0	0	0	0	0	0	0	0	0	0	60	0	0	0	84	0	0	0	0	0	0	0	0	0	0	0	0	0	0	0	0	0	0	0	0	0	0	0	0
4	0	0	0	23	0	0	0	19	0	0	0	0	0	0	38	0	0	0	0	0	0	0	19	0	0	0	0	0	0	38	0	0	0	0	0	0	0	0	0	0	0	0	0	0	0	0	0	0	0	0	0	0	0	0	0	0	18	0	0	0	0	0	0	36	0	0	0	0	0	0	0	0	0	0	0	0	0	0	0	0	0	0	0	0	0	0	0	0	0	0	0	0	0	10	0	0	0	0	0	0	0	0	0	0	0	0	0	0	0	0	0	0	0	0	0	0	0	17	0	0	0	0	0	0	34	0	0	0	0	0	0	0	0	0	0	0	0	0	0	0	0	0	0	0	0	0	0	0	0	0	0	0	0	0	9	0	0	0	0	0	0	0	0	0	0	0	0	0	0	0	0	0	0	0	0	0	0	0	0	0	0	9	0	0	0	0	0	0	0	0	0	0	0	0	0	0	0	0	0	0	0	0	0	0	0	0	0	0	0	0
