130	131
130	132
130	245
130	246
130	251
130	252
131	132
131	133
131	134
131	135
131	252
132	133
132	134
132	156
132	162
132	252
132	253
132	256
133	134
133	135
133	136
133	138
133	152
133	156
134	135
134	136
134	137
134	138
135	136
135	137
135	138
136	137
136	138
136	139
137	138
137	139
138	139
138	140
138	144
138	145
138	146
138	152
138	155
138	156
139	140
139	141
139	142
139	143
139	144
139	145
139	146
140	141
140	142
140	143
140	144
140	145
140	146
140	147
141	142
141	143
141	144
141	146
142	143
142	144
143	144
143	145
144	145
144	146
145	146
145	147
145	148
146	147
146	148
146	149
146	151
146	152
146	153
146	155
147	148
147	149
148	149
148	150
148	151
148	152
148	153
149	150
149	151
149	152
149	153
149	154
149	275
150	151
150	152
150	153
150	154
150	155
151	152
151	153
151	154
151	155
151	156
152	153
152	154
152	155
152	156
152	157
153	154
153	155
153	156
153	157
153	158
153	256
153	272
153	275
154	155
154	156
154	157
154	158
154	159
155	156
155	157
155	158
155	159
156	157
156	158
156	159
156	160
156	162
156	256
157	158
157	159
157	160
157	256
157	272
158	159
158	160
159	160
159	161
159	162
160	161
160	162
160	163
161	162
161	163
161	164
161	256
161	257
161	260
162	163
162	164
162	252
162	253
162	256
162	257
163	164
163	165
163	253
163	254
163	257
164	165
164	253
164	257
165	251
165	253
165	254
165	257
207	208
207	209
207	210
207	211
207	212
207	244
207	249
208	209
208	210
208	211
208	212
208	213
208	244
208	249
208	250
209	210
209	211
209	212
209	213
209	214
209	249
210	211
210	212
210	213
210	214
210	215
210	244
211	212
211	213
211	214
211	215
211	216
211	241
211	244
211	249
211	250
212	213
212	214
212	215
212	216
212	217
212	241
212	244
212	249
212	250
212	254
213	214
213	215
213	216
213	217
213	218
214	215
214	216
214	217
214	218
214	219
214	239
214	240
214	241
214	244
215	216
215	217
215	218
215	219
215	220
215	239
215	241
215	250
215	254
215	255
215	258
215	274
216	217
216	218
216	219
216	220
216	221
217	218
217	219
217	220
217	221
217	222
217	223
218	219
218	220
218	221
218	222
218	223
218	224
218	226
218	237
218	238
218	239
218	240
218	241
218	274
219	220
219	221
219	222
219	223
219	224
219	255
219	258
219	259
219	262
219	266
219	274
220	221
220	222
220	223
221	222
221	223
221	224
221	225
221	266
222	223
222	224
222	225
222	226
222	227
222	236
222	237
222	238
222	239
223	224
223	225
223	226
223	227
223	237
223	258
223	259
223	262
223	266
223	270
223	271
223	274
224	225
224	226
224	265
224	266
224	270
225	226
225	227
225	228
225	229
225	230
225	237
225	270
226	227
226	228
226	229
226	230
226	231
226	237
226	238
226	239
226	270
226	273
226	274
226	275
227	228
227	229
227	230
227	231
227	269
227	270
227	273
228	229
228	230
228	231
228	232
228	235
228	269
228	270
229	230
229	231
229	232
229	233
229	235
229	237
229	238
230	231
230	232
230	233
230	237
230	238
230	273
231	232
231	233
232	233
232	234
232	235
232	236
232	237
233	234
233	235
233	236
234	235
234	236
235	236
235	237
235	238
236	237
236	238
237	238
237	239
238	239
238	240
238	241
239	240
239	241
239	242
239	274
240	241
240	242
240	243
240	244
241	242
241	243
241	244
241	245
241	246
241	250
241	255
241	274
242	243
242	244
242	245
242	246
242	247
243	244
243	245
243	246
243	247
243	248
243	249
244	245
244	246
244	247
244	248
244	249
244	250
245	246
245	247
245	248
245	249
245	250
245	251
245	252
245	255
246	247
246	248
246	249
247	248
247	249
247	250
248	249
248	250
248	251
249	250
249	251
250	251
250	252
250	254
250	255
251	252
251	253
251	254
251	255
251	256
252	253
252	254
252	255
252	256
252	257
253	254
253	255
253	256
253	257
253	258
254	255
254	256
254	257
254	258
254	259
255	256
255	257
255	258
255	259
255	260
255	274
256	257
256	258
256	259
256	260
256	274
256	275
257	258
257	259
257	260
257	261
258	259
258	260
258	262
259	260
259	261
259	262
259	271
259	274
259	275
260	261
260	262
260	271
260	275
261	262
261	263
261	264
261	275
262	263
262	264
262	265
262	266
262	267
262	271
263	264
263	265
263	266
263	267
263	271
264	265
264	266
265	266
265	267
266	267
266	268
266	270
266	271
267	268
267	269
267	270
267	271
267	272
268	269
268	270
268	271
268	272
268	273
269	270
269	271
269	272
269	273
269	274
270	271
270	272
270	273
270	274
270	275
271	272
271	273
271	274
271	275
272	273
272	274
272	275
273	274
273	275
274	275
