463	464
463	465
464	465
464	466
464	467
464	468
465	466
465	467
466	467
466	468
466	469
467	468
467	469
468	469
468	470
469	470
469	471
470	471
470	472
471	472
471	473
472	473
472	474
473	474
473	475
474	475
474	476
474	477
475	476
475	477
475	541
476	477
476	478
476	479
476	541
476	542
476	545
477	478
477	479
477	480
477	541
477	542
478	479
478	480
478	509
478	510
478	511
478	512
478	541
478	542
479	480
479	481
479	482
479	483
479	484
479	541
479	542
480	481
480	482
480	483
480	484
480	485
480	506
480	509
480	510
480	542
481	482
481	483
481	484
481	485
481	486
481	509
481	510
482	483
482	484
482	485
482	486
482	487
483	484
483	485
483	486
483	487
483	488
483	509
483	535
483	538
483	539
483	541
483	542
484	485
484	486
484	487
484	488
484	489
484	502
484	503
484	505
484	506
484	507
484	509
484	510
485	486
485	487
485	488
485	489
485	490
486	487
486	488
486	489
486	490
486	491
486	530
486	535
487	488
487	489
487	490
487	491
487	492
487	497
487	502
487	505
487	509
487	526
487	530
487	535
487	539
488	489
488	490
488	491
488	492
488	493
488	502
488	530
489	490
489	491
489	492
489	493
490	491
490	492
490	493
490	494
490	495
490	530
490	532
490	534
490	535
491	492
491	493
491	494
491	495
491	496
491	497
491	498
491	502
491	530
492	493
492	494
492	495
493	494
493	495
493	531
494	495
494	496
494	529
494	530
494	531
494	532
495	496
495	497
495	530
496	497
496	498
496	525
496	529
496	530
497	498
497	499
497	501
497	502
497	505
497	522
497	525
497	526
497	530
498	499
498	500
498	501
498	502
498	503
499	500
499	501
499	502
499	503
499	504
500	501
500	502
500	503
500	504
500	505
501	502
501	503
501	504
501	505
501	506
501	522
502	503
502	504
502	505
502	506
502	507
503	504
503	505
503	506
503	507
503	508
504	505
504	506
504	507
504	508
504	509
504	518
504	519
504	522
505	506
505	507
505	508
505	509
505	510
505	518
505	519
505	522
505	526
505	539
506	507
506	508
506	509
506	510
506	511
507	508
507	509
507	510
507	511
507	512
507	515
508	509
508	510
508	511
508	512
508	515
508	516
508	518
508	519
508	522
509	510
509	511
509	512
509	515
509	519
509	539
509	542
510	511
510	512
510	519
511	512
511	513
511	514
511	515
511	516
511	519
512	513
512	514
512	515
512	516
512	517
512	519
512	542
512	543
512	545
512	546
513	514
513	515
513	516
513	546
514	515
514	516
514	517
515	516
515	517
515	518
515	519
515	520
516	517
516	518
516	519
516	520
516	521
516	543
516	546
516	547
516	548
516	552
517	518
517	519
517	520
517	521
517	522
517	543
517	547
518	519
518	520
518	521
518	522
518	523
519	520
519	521
519	522
519	523
519	524
519	539
519	542
519	543
520	521
520	522
520	523
520	524
520	525
520	539
520	540
520	543
520	547
520	552
521	522
521	523
521	524
521	525
521	526
522	523
522	524
522	525
522	526
522	527
522	536
522	539
523	524
523	525
523	526
523	527
523	528
523	535
523	536
523	537
523	539
523	540
523	543
524	525
524	526
524	527
524	528
524	529
524	536
524	540
524	552
525	526
525	527
525	528
525	529
525	530
526	527
526	528
526	529
526	530
526	531
526	532
526	533
526	534
526	535
526	536
526	539
527	528
527	529
527	530
527	533
527	536
527	537
528	529
528	530
528	533
529	530
529	531
529	533
530	531
530	532
530	533
530	535
531	532
531	533
532	533
532	534
532	535
532	536
533	534
533	535
533	536
533	537
533	538
534	535
534	536
534	537
534	538
534	539
535	536
535	537
535	538
535	539
535	540
536	537
536	538
536	539
536	540
536	541
537	538
537	539
537	540
537	541
537	542
538	539
538	540
538	541
538	542
538	543
539	540
539	541
539	542
539	543
539	544
540	541
540	542
540	543
540	544
540	545
540	547
540	552
541	542
541	543
541	544
541	545
542	543
542	544
542	545
542	546
543	544
543	545
543	546
543	547
544	545
544	546
544	547
545	546
545	547
546	547
546	548
547	548
547	549
547	550
547	552
548	549
548	550
548	552
549	550
549	551
549	552
550	551
550	552
551	552
