463	464
463	465
464	465
464	466
464	467
464	468
465	466
465	467
466	467
466	468
466	469
467	468
467	469
468	469
468	470
469	470
469	471
470	471
470	472
471	472
471	473
472	473
472	474
472	577
472	580
472	581
472	587
473	474
473	475
473	577
473	578
473	580
473	581
474	475
474	476
474	477
474	577
474	578
474	581
475	476
475	477
475	541
475	573
475	574
475	577
475	578
475	617
475	620
475	621
476	477
476	478
476	479
476	541
476	542
476	545
476	578
476	581
477	478
477	479
477	480
477	541
477	542
478	479
478	480
478	509
478	510
478	511
478	512
478	541
478	542
479	480
479	481
479	482
479	483
479	484
479	541
479	542
480	481
480	482
480	483
480	484
480	485
480	506
480	509
480	510
480	542
481	482
481	483
481	484
481	485
481	486
481	509
481	510
482	483
482	484
482	485
482	486
482	487
483	484
483	485
483	486
483	487
483	488
483	509
483	535
483	538
483	539
483	541
483	542
484	485
484	486
484	487
484	488
484	489
484	502
484	503
484	505
484	506
484	507
484	509
484	510
485	486
485	487
485	488
485	489
485	490
486	487
486	488
486	489
486	490
486	491
486	530
486	535
487	488
487	489
487	490
487	491
487	492
487	497
487	502
487	505
487	509
487	526
487	530
487	535
487	539
488	489
488	490
488	491
488	492
488	493
488	502
488	530
489	490
489	491
489	492
489	493
490	491
490	492
490	493
490	494
490	495
490	530
490	532
490	534
490	535
491	492
491	493
491	494
491	495
491	496
491	497
491	498
491	502
491	530
492	493
492	494
492	495
493	494
493	495
493	531
494	495
494	496
494	529
494	530
494	531
494	532
495	496
495	497
495	530
496	497
496	498
496	525
496	529
496	530
497	498
497	499
497	501
497	502
497	505
497	522
497	525
497	526
497	530
498	499
498	500
498	501
498	502
498	503
499	500
499	501
499	502
499	503
499	504
500	501
500	502
500	503
500	504
500	505
501	502
501	503
501	504
501	505
501	506
501	522
502	503
502	504
502	505
502	506
502	507
503	504
503	505
503	506
503	507
503	508
504	505
504	506
504	507
504	508
504	509
504	518
504	519
504	522
505	506
505	507
505	508
505	509
505	510
505	518
505	519
505	522
505	526
505	539
506	507
506	508
506	509
506	510
506	511
507	508
507	509
507	510
507	511
507	512
507	515
508	509
508	510
508	511
508	512
508	515
508	516
508	518
508	519
508	522
509	510
509	511
509	512
509	515
509	519
509	539
509	542
510	511
510	512
510	519
511	512
511	513
511	514
511	515
511	516
511	519
512	513
512	514
512	515
512	516
512	517
512	519
512	542
512	543
512	545
512	546
513	514
513	515
513	516
513	546
514	515
514	516
514	517
515	516
515	517
515	518
515	519
515	520
516	517
516	518
516	519
516	520
516	521
516	543
516	546
516	547
516	548
516	552
517	518
517	519
517	520
517	521
517	522
517	543
517	547
518	519
518	520
518	521
518	522
518	523
519	520
519	521
519	522
519	523
519	524
519	539
519	542
519	543
520	521
520	522
520	523
520	524
520	525
520	539
520	540
520	543
520	547
520	552
520	556
521	522
521	523
521	524
521	525
521	526
522	523
522	524
522	525
522	526
522	527
522	536
522	539
523	524
523	525
523	526
523	527
523	528
523	535
523	536
523	537
523	539
523	540
523	543
523	556
524	525
524	526
524	527
524	528
524	529
524	536
524	540
524	552
524	555
524	556
525	526
525	527
525	528
525	529
525	530
525	556
526	527
526	528
526	529
526	530
526	531
526	532
526	533
526	534
526	535
526	536
526	539
527	528
527	529
527	530
527	533
527	536
527	537
527	555
527	556
527	559
528	529
528	530
528	533
529	530
529	531
529	533
530	531
530	532
530	533
530	535
531	532
531	533
532	533
532	534
532	535
532	536
533	534
533	535
533	536
533	537
533	538
533	559
533	568
534	535
534	536
534	537
534	538
534	539
534	565
534	567
534	568
534	571
535	536
535	537
535	538
535	539
535	540
535	571
536	537
536	538
536	539
536	540
536	541
536	556
536	575
537	538
537	539
537	540
537	541
537	542
537	555
537	556
537	557
537	558
537	559
537	560
537	561
537	563
537	568
537	571
537	572
537	575
538	539
538	540
538	541
538	542
538	543
538	571
538	574
538	575
539	540
539	541
539	542
539	543
539	544
540	541
540	542
540	543
540	544
540	545
540	547
540	552
540	553
540	556
540	575
541	542
541	543
541	544
541	545
541	571
541	574
541	575
541	578
542	543
542	544
542	545
542	546
542	578
543	544
543	545
543	546
543	547
543	582
544	545
544	546
544	547
544	553
544	574
544	575
544	578
544	579
544	582
544	585
545	546
545	547
545	578
545	581
545	582
545	583
545	584
546	547
546	548
546	582
546	584
547	548
547	549
547	550
547	552
547	553
547	582
547	584
547	585
548	549
548	550
548	552
548	582
548	584
548	585
549	550
549	551
549	552
549	553
549	584
549	585
550	551
550	552
550	553
550	554
550	557
550	585
550	589
551	552
551	553
551	554
551	555
551	585
552	553
552	554
552	555
552	556
552	585
553	554
553	555
553	556
553	557
553	558
553	575
553	576
553	579
553	585
553	589
554	555
554	556
554	557
554	558
554	559
555	556
555	557
555	558
555	559
555	560
556	557
556	558
556	559
556	560
556	561
556	572
556	575
557	558
557	559
557	560
557	561
557	562
557	572
557	575
557	576
557	589
558	559
558	560
558	561
558	562
558	564
559	560
559	561
559	562
559	563
559	564
559	568
559	572
560	561
560	562
560	563
560	564
560	565
560	568
560	569
560	570
560	572
561	562
561	563
561	564
561	568
561	569
561	572
561	573
561	576
561	598
561	599
561	602
561	603
561	604
562	563
562	564
562	565
562	569
562	602
562	603
562	604
563	564
563	565
563	566
563	568
563	569
563	602
563	604
563	607
564	565
564	566
564	569
564	604
564	606
564	607
564	609
565	566
565	567
565	568
565	569
565	570
565	604
565	607
565	609
566	567
566	568
566	569
566	570
566	571
566	607
566	609
566	610
566	611
566	614
566	615
566	618
567	568
567	569
567	570
567	571
567	572
567	609
567	614
568	569
568	570
568	571
568	572
568	573
569	570
569	571
569	572
569	573
569	574
569	603
569	604
569	607
569	618
570	571
570	572
570	573
570	574
570	575
570	614
570	617
570	618
570	621
571	572
571	573
571	574
571	575
571	576
572	573
572	574
572	575
572	576
572	577
573	574
573	575
573	576
573	577
573	578
573	603
573	618
573	621
573	622
574	575
574	576
574	577
574	578
574	579
574	617
574	621
575	576
575	577
575	578
575	579
575	580
576	577
576	578
576	579
576	580
576	589
576	590
576	595
576	599
577	578
577	579
577	580
577	581
577	590
577	621
578	579
578	580
578	581
578	582
579	580
579	581
579	582
579	583
579	585
579	586
579	587
579	589
579	590
580	581
580	582
580	583
580	586
580	587
580	590
581	582
581	583
581	586
581	587
582	583
582	584
582	585
582	586
582	587
583	584
583	585
583	586
584	585
584	586
584	587
584	588
585	586
585	587
585	588
585	589
585	590
586	587
586	588
586	589
586	590
586	591
587	588
587	589
587	590
587	591
587	592
588	589
588	590
588	591
588	592
589	590
589	591
589	592
589	593
589	595
589	596
590	591
590	592
590	595
590	596
590	599
591	592
591	593
591	595
591	596
592	593
592	594
592	595
592	596
592	597
593	594
593	595
593	596
593	597
593	598
594	595
594	596
594	597
594	598
594	599
595	596
595	597
595	598
595	599
595	600
596	597
596	598
596	599
596	600
597	598
597	599
597	600
597	601
598	599
598	600
598	601
598	602
598	603
599	600
599	601
599	602
599	603
600	601
600	602
600	603
600	622
601	602
601	603
601	604
602	603
602	604
603	604
603	605
603	607
603	618
603	622
604	605
604	606
604	607
604	618
605	606
605	607
606	607
606	608
607	608
607	609
607	610
607	615
607	618
608	609
608	610
609	610
609	611
609	614
610	611
610	612
610	614
610	615
611	612
611	613
611	614
611	615
611	616
612	613
612	614
612	615
612	616
612	617
613	614
613	615
613	616
613	617
613	618
614	615
614	616
614	617
614	618
614	619
615	616
615	617
615	618
615	619
615	620
616	617
616	618
616	619
616	620
616	621
617	618
617	619
617	620
617	621
617	622
618	619
618	620
618	621
618	622
619	620
619	621
619	622
620	621
620	622
621	622
