463	464
463	465
464	465
464	466
464	467
464	468
465	466
465	467
466	467
466	468
466	469
467	468
467	469
468	469
468	470
469	470
469	471
470	471
470	472
471	472
471	473
472	473
472	474
473	474
473	475
474	475
474	476
474	477
475	476
475	477
476	477
476	478
476	479
477	478
477	479
477	480
478	479
478	480
479	480
479	481
479	482
479	483
479	484
480	481
480	482
480	483
480	484
480	485
481	482
481	483
481	484
481	485
481	486
482	483
482	484
482	485
482	486
482	487
483	484
483	485
483	486
483	487
484	485
484	486
484	487
485	486
485	487
486	487
