2	3
2	4
2	5
2	6
2	7
2	115
2	440
3	4
3	5
3	6
3	7
3	115
3	116
4	5
4	6
4	7
4	8
4	115
4	116
4	434
4	436
5	6
5	7
5	436
5	437
5	438
5	439
6	7
6	8
6	224
6	436
6	437
6	438
7	8
7	9
7	92
7	112
7	224
7	434
7	436
8	9
8	10
8	91
8	92
8	93
8	221
8	222
8	223
8	224
8	434
8	435
8	436
9	10
9	11
9	38
9	91
9	92
9	432
9	433
9	434
9	435
9	436
10	11
10	12
10	91
10	92
10	222
10	427
10	432
10	433
10	434
11	12
11	13
11	91
11	427
11	432
11	433
12	13
12	14
12	15
12	16
12	17
12	39
12	91
13	14
13	15
13	17
14	15
14	16
14	17
14	18
15	16
15	17
15	18
16	17
16	18
16	19
16	20
16	39
17	18
17	19
17	20
17	21
17	22
17	25
17	91
17	425
17	426
17	427
18	19
18	20
18	21
18	22
18	23
18	37
18	39
18	91
18	424
18	425
19	20
19	21
19	22
19	23
19	24
19	37
19	39
19	136
19	137
19	138
19	149
19	151
19	161
20	21
20	22
20	23
20	24
20	25
21	22
21	23
21	24
21	25
21	26
21	424
21	425
21	426
22	23
22	24
22	25
22	26
22	27
22	29
22	34
22	35
22	36
22	37
22	93
22	138
22	139
22	140
22	147
22	148
22	149
22	163
22	424
23	24
23	25
23	26
23	27
23	147
23	161
23	163
23	164
23	165
23	166
23	167
23	168
23	169
24	25
24	26
24	27
24	28
24	165
25	26
25	27
25	28
25	29
25	423
25	424
25	425
25	426
26	27
26	28
26	29
26	140
26	145
26	146
26	147
26	163
26	164
26	165
26	166
26	167
27	28
27	29
27	164
27	165
28	29
28	30
29	30
29	31
29	33
29	34
29	140
29	145
29	147
29	424
30	31
30	32
30	33
30	34
30	140
30	142
30	145
31	32
31	33
31	140
31	142
31	203
31	254
31	255
31	256
31	270
31	419
31	420
31	422
32	33
32	34
32	140
32	142
32	199
32	202
32	203
32	206
32	207
32	210
32	255
32	256
32	270
32	419
33	34
33	35
33	140
33	142
33	203
33	419
33	420
33	421
34	35
34	36
34	138
34	140
34	147
34	203
34	419
34	421
34	422
34	424
35	36
35	37
35	93
35	94
35	95
35	138
35	139
35	203
35	220
35	223
35	419
35	421
35	422
35	424
36	37
36	38
36	92
36	93
36	94
36	95
36	96
36	97
36	99
36	137
36	138
36	139
36	140
36	200
36	203
36	204
37	38
37	39
37	91
37	92
37	93
37	94
37	136
37	137
37	138
37	139
37	424
38	39
38	91
38	92
38	93
38	94
38	97
38	108
38	135
38	136
38	137
38	138
39	91
39	92
39	135
39	136
39	137
91	92
91	93
91	222
91	425
91	427
92	93
92	94
92	112
92	222
92	223
92	224
93	94
93	95
93	220
93	222
93	223
93	224
93	225
93	422
93	423
93	424
93	425
94	95
94	96
94	97
94	108
94	204
94	222
94	223
94	224
94	225
94	226
95	96
95	97
95	200
95	203
95	204
95	207
95	218
95	223
95	224
95	225
95	226
95	227
95	231
95	419
95	421
96	97
96	98
96	204
96	225
96	226
96	227
96	228
96	230
96	231
97	98
97	99
97	104
97	105
97	108
97	137
97	197
97	201
97	204
97	226
97	228
97	231
98	99
98	100
98	101
98	104
98	105
98	108
98	197
98	231
98	232
98	233
98	235
98	237
98	240
99	100
99	101
99	102
99	104
99	105
99	139
99	193
99	194
99	196
99	197
99	198
99	200
99	201
100	101
100	102
100	104
100	105
100	190
100	193
100	194
100	197
100	235
100	240
100	244
101	102
101	103
101	104
101	105
101	106
101	193
102	103
102	104
102	105
102	106
102	107
102	150
102	160
102	193
103	104
103	105
103	106
103	107
103	108
104	105
104	106
104	107
104	108
104	109
104	233
105	106
105	107
105	108
105	109
105	110
105	137
105	150
105	193
105	233
106	107
106	108
106	109
106	110
106	111
106	150
106	152
106	158
107	108
107	109
107	110
107	111
107	112
107	233
108	109
108	110
108	111
108	112
108	113
108	137
108	224
108	226
108	233
109	110
109	111
109	112
109	113
109	114
109	135
109	152
110	111
110	112
110	113
110	114
110	115
111	112
111	113
111	114
111	115
111	116
111	233
112	113
112	114
112	115
112	116
112	135
112	226
113	114
113	115
113	116
113	135
114	115
114	116
115	116
135	136
135	137
135	150
135	151
135	152
136	137
136	138
136	150
136	151
136	152
137	138
137	139
137	148
137	149
137	150
137	151
138	139
138	140
138	147
138	148
138	149
138	150
139	140
139	141
139	146
139	147
139	148
139	149
139	196
139	197
139	199
139	200
139	203
140	141
140	142
140	143
140	144
140	145
140	146
140	147
140	148
140	163
140	165
140	195
140	196
140	199
140	200
140	203
141	142
141	143
141	144
141	145
141	146
141	147
141	148
141	191
141	192
141	195
141	196
141	197
141	199
141	203
141	255
142	143
142	144
142	145
142	146
142	195
142	199
142	203
142	251
142	254
142	255
143	144
143	145
143	194
143	195
143	196
143	198
143	199
143	202
143	248
143	249
143	251
143	252
143	254
143	255
143	271
144	145
144	146
144	147
144	191
144	195
144	251
145	146
145	147
145	163
145	164
145	165
145	254
146	147
146	148
146	162
146	163
146	164
146	165
146	191
146	192
146	193
146	195
146	196
147	148
147	149
147	161
147	162
147	163
147	164
148	149
148	150
148	160
148	161
148	162
148	163
148	172
148	192
148	193
148	196
149	150
149	151
149	159
149	160
149	161
149	162
149	163
150	151
150	152
150	158
150	159
150	160
150	161
150	193
151	152
151	158
151	159
151	160
151	161
152	158
152	159
158	159
158	160
158	171
159	160
159	161
159	171
160	161
160	162
160	170
160	171
160	172
160	173
160	193
161	162
161	163
161	169
161	170
161	171
161	172
162	163
162	164
162	168
162	169
162	170
162	171
162	172
162	192
163	164
163	165
163	166
163	167
163	168
163	169
163	170
164	165
164	166
164	167
164	168
164	169
164	170
165	166
165	167
165	168
166	167
166	168
167	168
167	169
168	169
168	170
169	170
169	171
170	171
170	172
171	172
171	173
172	173
172	189
172	192
172	193
173	189
187	188
187	189
187	190
187	191
187	192
188	189
188	190
188	191
188	192
189	190
189	191
189	192
189	193
189	194
190	191
190	192
190	193
190	194
190	195
190	244
191	192
191	193
191	194
191	195
191	196
191	247
191	248
191	251
192	193
192	194
192	195
192	196
192	197
193	194
193	195
193	196
193	197
193	198
193	244
194	195
194	196
194	197
194	198
194	199
194	244
194	247
194	248
195	196
195	197
195	198
195	199
195	200
195	244
195	248
195	251
196	197
196	198
196	199
196	200
196	201
196	203
197	198
197	199
197	200
197	201
197	202
197	237
197	240
197	241
197	244
198	199
198	200
198	201
198	202
198	203
198	240
198	241
198	242
198	244
198	245
198	248
198	255
198	271
198	274
199	200
199	201
199	202
199	203
199	204
199	241
199	255
199	271
200	201
200	202
200	203
200	204
200	205
201	202
201	203
201	204
201	205
201	206
201	228
201	237
201	241
201	274
201	278
202	203
202	204
202	205
202	206
202	207
202	241
202	255
202	270
202	271
202	274
203	204
203	205
203	206
203	207
203	208
203	274
203	419
203	421
204	205
204	206
204	207
204	208
204	209
204	226
204	228
205	206
205	207
205	208
205	209
205	210
205	228
205	229
205	273
205	274
205	277
205	278
205	281
206	207
206	208
206	209
206	210
206	211
206	258
206	270
206	273
206	274
206	277
206	419
207	208
207	209
207	210
207	211
207	212
207	216
207	218
207	225
207	419
207	420
207	421
208	209
208	210
208	211
208	212
208	216
208	217
208	218
208	225
209	210
209	211
209	212
209	213
209	216
209	273
209	276
209	277
209	280
209	308
210	211
210	212
210	213
210	258
210	259
210	260
210	270
210	418
210	419
211	212
211	213
211	214
211	215
211	216
211	217
211	418
211	419
211	420
212	213
212	214
212	215
212	216
212	277
212	280
213	214
213	215
213	216
213	478
213	482
214	215
214	216
214	217
214	418
214	472
214	473
214	474
214	478
215	216
215	217
215	218
216	217
216	218
217	218
217	219
218	219
218	220
218	221
218	223
218	225
218	421
219	220
219	221
219	222
219	420
219	421
219	423
220	221
220	222
220	223
220	421
220	422
220	423
221	222
221	223
221	224
221	423
221	435
222	223
222	224
222	423
222	425
222	433
223	224
223	225
223	421
224	225
224	226
225	226
225	227
225	421
226	227
226	228
226	229
226	230
226	231
227	228
227	229
227	230
227	231
228	229
228	230
228	231
228	232
228	237
229	230
229	231
229	232
229	236
229	237
229	238
229	277
229	278
229	281
229	282
230	231
230	232
230	237
231	232
231	233
231	235
231	237
232	233
232	234
232	235
232	236
232	237
233	234
233	235
233	237
234	235
234	236
235	236
235	237
235	238
235	239
235	240
235	241
235	243
236	237
236	238
236	239
236	240
236	241
237	238
237	239
237	240
237	241
237	242
238	239
238	240
238	241
238	242
238	243
238	278
238	282
238	284
239	240
239	241
239	242
239	243
239	244
239	284
239	287
240	241
240	242
240	243
240	244
240	245
241	242
241	243
241	244
241	245
241	246
241	271
241	274
241	275
241	278
242	243
242	244
242	245
242	246
242	275
242	278
242	279
242	282
242	284
242	285
242	287
242	288
242	291
243	244
243	245
243	246
243	247
243	290
243	291
244	245
244	246
244	247
244	248
244	249
245	246
245	247
245	248
245	249
245	271
245	272
245	275
245	291
245	292
245	295
245	305
246	247
246	248
246	249
246	250
246	291
246	295
247	248
247	249
247	251
248	249
248	250
248	251
248	252
248	271
249	250
249	251
249	252
249	266
249	267
249	269
249	271
249	272
249	295
249	299
249	301
249	302
249	305
250	251
250	252
250	253
250	254
250	266
250	271
250	298
250	299
251	252
251	253
251	254
251	255
251	266
251	271
252	253
252	254
252	255
252	256
252	265
252	266
252	269
252	270
252	271
253	254
253	255
253	256
253	264
253	265
253	266
253	268
253	269
254	255
254	256
255	256
255	257
255	269
255	270
255	271
256	257
256	258
256	261
256	264
256	268
256	269
256	270
256	271
256	416
257	258
257	259
257	260
257	261
257	263
257	264
257	265
257	268
257	269
257	270
257	416
257	417
258	259
258	260
258	261
258	262
258	268
258	269
258	270
258	273
258	416
258	417
259	260
259	261
259	262
259	270
259	413
259	416
259	417
259	418
259	475
259	476
260	261
260	262
260	383
260	384
260	385
260	413
260	416
260	475
260	476
260	479
261	262
261	263
261	264
261	265
261	268
261	269
261	383
261	384
261	416
262	263
262	264
262	382
262	383
262	384
262	411
262	412
262	413
262	416
262	476
263	264
263	265
263	268
263	346
263	350
263	380
263	382
263	383
263	416
264	265
264	266
264	268
264	269
264	346
264	350
264	383
264	416
265	266
265	267
265	268
265	269
265	272
265	346
265	347
265	350
266	267
266	268
266	269
266	272
266	299
266	301
266	305
266	346
266	347
266	350
267	268
267	269
267	272
267	273
267	301
267	302
267	304
267	305
267	308
267	347
267	350
268	269
268	270
268	272
268	273
268	308
268	350
268	383
268	385
269	270
269	271
269	272
269	273
269	274
269	308
270	271
270	272
270	273
270	274
270	275
270	416
270	417
270	418
270	419
271	272
271	273
271	274
271	275
271	276
272	273
272	274
272	275
272	276
272	277
272	305
272	308
273	274
273	275
273	276
273	277
273	278
273	308
274	275
274	276
274	277
274	278
274	279
275	276
275	277
275	278
275	279
275	280
275	288
275	291
275	292
275	305
275	309
276	277
276	278
276	279
276	280
276	281
276	305
276	308
276	309
276	312
277	278
277	279
277	280
277	281
277	282
278	279
278	280
278	281
278	282
278	283
278	284
279	280
279	281
279	282
279	283
279	284
279	285
279	288
279	309
279	312
279	313
280	281
280	282
280	283
280	284
280	312
280	313
281	282
281	283
281	284
282	283
282	284
282	285
283	284
283	285
283	286
283	312
283	313
283	314
284	285
284	286
284	287
284	288
284	289
284	313
285	286
285	287
285	288
285	289
285	290
285	309
285	310
285	313
285	315
286	287
286	288
286	289
286	290
286	291
287	288
287	289
287	290
287	291
287	292
288	289
288	290
288	291
288	292
288	293
288	306
288	309
289	290
289	291
289	292
289	293
289	294
289	306
289	309
289	310
289	315
289	318
290	291
290	292
290	293
290	294
290	295
291	292
291	293
291	294
291	295
291	296
292	293
292	294
292	295
292	296
292	297
292	299
292	302
292	305
292	306
292	309
293	294
293	295
293	296
293	297
293	306
293	310
294	295
294	296
294	297
294	298
295	296
295	297
295	298
295	299
295	300
295	302
296	297
296	298
296	299
296	300
296	301
296	302
296	303
296	306
297	298
297	299
297	300
298	299
298	300
298	301
299	300
299	301
299	302
299	303
300	301
300	302
300	303
300	304
300	326
300	333
301	302
301	303
301	304
301	305
301	333
301	347
302	303
302	304
302	305
302	306
302	307
302	333
303	304
303	305
303	306
303	307
303	308
303	322
303	326
303	333
303	351
304	305
304	306
304	307
304	308
304	309
304	333
304	346
304	347
304	348
304	350
304	351
304	354
305	306
305	307
305	308
305	309
305	310
306	307
306	308
306	309
306	310
306	311
306	319
306	322
307	308
307	309
307	310
307	311
307	312
307	318
307	319
307	322
307	323
307	326
307	351
307	354
308	309
308	310
308	311
308	312
308	313
308	354
309	310
309	311
309	312
309	313
309	314
310	311
310	312
310	313
310	314
310	315
310	316
310	318
310	319
310	322
311	312
311	313
311	314
311	315
311	316
311	317
311	319
311	320
311	323
311	354
311	355
311	358
312	313
312	314
312	315
313	314
313	315
314	315
314	316
315	316
315	317
315	318
315	319
315	320
316	317
316	318
316	319
316	320
316	321
316	358
316	362
316	363
317	318
317	319
317	320
317	321
317	322
318	319
318	320
318	321
318	322
318	323
319	320
319	321
319	322
319	323
319	324
320	321
320	322
320	323
320	324
320	325
320	355
320	358
321	322
321	323
321	324
321	325
321	326
322	323
322	324
322	325
322	326
322	327
323	324
323	325
323	326
323	327
323	328
323	351
323	354
323	355
324	325
324	326
324	327
324	328
324	329
324	355
325	326
325	327
325	328
325	329
325	330
325	331
325	332
326	327
326	328
326	329
326	332
326	333
326	334
326	335
326	351
327	328
327	329
327	332
327	334
327	348
327	351
327	352
327	355
328	329
328	330
328	332
328	355
329	330
329	331
329	332
329	333
329	335
330	331
330	332
330	333
330	335
330	336
331	332
331	333
331	335
332	333
332	334
332	335
332	336
333	334
333	335
333	336
333	344
333	347
333	348
333	351
334	335
334	336
334	339
334	344
334	345
334	347
334	348
334	351
335	336
335	337
335	344
336	337
336	338
336	339
336	344
337	338
337	339
338	339
338	340
338	344
339	340
339	341
339	344
340	341
340	342
340	343
340	344
340	345
341	342
341	343
341	344
341	345
341	346
342	343
342	344
342	345
342	346
342	347
343	344
343	345
343	346
343	347
343	348
344	345
344	346
344	347
344	348
344	349
345	346
345	347
345	348
345	349
345	350
345	378
345	379
345	380
346	347
346	348
346	349
346	350
346	351
346	379
346	380
347	348
347	349
347	350
347	351
347	352
348	349
348	350
348	351
348	352
348	353
348	375
348	376
348	379
349	350
349	351
349	352
349	353
349	354
349	376
349	379
349	380
349	383
349	386
350	351
350	352
350	353
350	354
350	355
351	352
351	353
351	354
351	355
351	356
351	372
352	353
352	354
352	355
352	356
352	357
352	372
352	373
352	375
352	376
352	379
352	389
353	354
353	355
353	356
353	357
353	358
353	372
353	376
353	385
353	386
353	389
354	355
354	356
354	357
354	358
354	359
354	385
354	389
355	356
355	357
355	358
355	359
355	360
355	372
356	357
356	358
356	359
356	360
356	361
356	368
356	369
356	370
356	372
356	373
356	376
356	389
356	393
357	358
357	359
357	360
357	361
357	362
357	385
357	389
357	392
358	359
358	360
358	361
358	362
358	363
358	364
359	360
359	361
359	362
359	363
359	364
359	365
359	366
359	368
359	369
359	372
360	361
360	362
360	363
360	364
360	365
360	366
360	369
360	389
360	392
360	393
360	396
361	362
361	363
361	364
361	392
362	363
362	364
362	365
363	364
363	365
363	366
364	365
364	366
364	367
364	369
365	366
365	367
365	368
365	369
365	370
366	367
366	368
366	369
366	370
366	371
366	393
366	396
366	397
367	368
367	369
367	370
367	371
367	372
367	393
367	397
368	369
368	370
368	371
368	372
368	373
369	370
369	371
369	372
369	373
369	374
369	393
370	371
370	372
370	373
370	374
370	375
370	390
370	393
370	394
370	397
370	402
371	372
371	373
371	374
371	375
371	376
371	393
372	373
372	374
372	375
372	376
372	377
373	374
373	375
373	376
373	377
373	378
373	386
373	389
373	390
373	393
374	375
374	376
374	377
374	378
374	379
374	390
374	394
375	376
375	377
375	378
375	379
375	380
376	377
376	378
376	379
376	380
376	381
376	386
377	378
377	379
377	380
377	381
377	382
377	386
377	387
377	390
378	379
378	380
378	381
379	380
379	381
379	382
380	381
380	382
380	383
380	384
380	386
380	387
381	382
381	383
381	386
381	387
381	409
381	411
382	383
382	384
382	386
382	387
382	411
383	384
383	385
383	386
383	387
383	388
383	410
383	411
384	385
384	386
384	387
384	388
384	389
384	410
384	411
384	412
384	413
384	475
384	476
384	477
384	479
384	480
385	386
385	387
385	388
385	389
385	390
385	410
386	387
386	388
386	389
386	390
386	391
387	388
387	389
387	390
387	391
387	392
387	405
387	406
387	407
387	409
387	410
387	411
387	483
388	389
388	390
388	391
388	392
388	393
388	406
388	410
388	479
388	480
388	482
388	483
389	390
389	391
389	392
389	393
389	394
390	391
390	392
390	393
390	394
390	395
390	397
390	403
390	406
391	392
391	393
391	394
391	395
391	396
391	403
391	404
391	406
391	407
391	410
391	483
391	487
392	393
392	394
392	395
392	396
392	397
392	483
392	486
393	394
393	395
393	396
393	397
393	398
394	395
394	396
394	397
394	398
394	399
394	400
394	402
394	403
394	406
395	396
395	397
395	398
395	399
395	400
395	403
395	483
395	486
395	487
395	490
396	397
396	398
396	399
396	486
397	398
397	399
398	399
398	400
398	490
398	499
399	400
399	401
399	402
399	403
399	499
400	401
400	402
400	403
400	404
400	405
400	486
400	487
400	490
400	491
400	499
400	503
401	402
401	403
401	404
401	405
401	406
401	499
401	503
402	403
402	404
402	405
402	406
402	407
403	404
403	405
403	406
403	407
403	408
403	487
404	405
404	406
404	407
404	408
404	409
404	484
404	487
404	496
404	499
404	500
404	503
404	504
404	540
404	544
405	406
405	407
405	408
405	409
405	410
405	503
405	504
405	534
406	407
406	408
406	409
406	410
407	408
407	409
407	410
407	411
407	412
407	480
407	481
407	483
407	484
407	487
407	539
407	540
407	543
408	409
408	410
408	411
408	504
408	534
408	535
408	536
408	537
408	538
408	539
408	540
409	410
409	411
409	534
409	537
409	539
410	411
410	412
410	539
411	412
411	413
411	476
412	413
412	414
412	476
412	477
412	480
412	539
413	414
413	415
413	416
413	417
413	475
413	476
413	477
414	415
414	416
414	477
414	539
415	416
415	417
416	417
416	418
416	475
417	418
417	419
417	422
417	475
418	419
418	420
418	422
418	474
418	475
419	420
419	421
419	422
420	421
420	422
421	422
421	423
422	423
422	424
423	424
423	425
423	426
423	427
424	425
424	426
425	426
425	427
426	427
427	432
427	433
432	433
432	434
433	434
433	435
434	435
434	436
435	436
435	437
436	437
436	438
437	438
437	439
437	440
437	452
438	439
438	440
439	440
439	450
439	452
450	451
450	452
451	452
451	453
452	453
452	454
453	454
453	455
453	456
454	455
454	456
455	456
455	457
455	458
456	457
456	458
456	459
457	458
457	459
457	466
458	459
458	460
459	460
459	461
460	461
460	462
460	463
461	462
461	463
461	464
461	465
461	466
462	463
462	464
462	465
462	466
462	467
463	464
463	465
463	466
463	467
463	468
464	465
464	466
464	467
464	468
465	466
465	467
465	468
466	467
466	468
466	469
467	468
467	469
467	470
468	469
468	470
468	471
468	472
468	546
469	470
469	471
469	472
469	473
469	546
470	471
470	472
470	473
470	481
470	546
470	547
471	472
471	473
471	474
471	546
472	473
472	474
473	474
473	475
473	477
473	478
473	481
473	542
473	543
473	546
474	475
474	476
474	477
474	478
474	479
475	476
475	477
475	478
475	479
475	480
476	477
476	478
476	479
476	480
476	481
477	478
477	479
477	480
477	481
477	482
477	539
477	543
478	479
478	480
478	481
478	482
478	483
478	543
479	480
479	481
479	482
479	483
479	484
480	481
480	482
480	483
480	484
480	485
480	539
480	540
480	543
481	482
481	483
481	484
481	485
481	486
481	539
481	543
481	544
481	546
481	547
482	483
482	484
482	485
482	486
482	487
483	484
483	485
483	486
483	487
483	488
484	485
484	486
484	487
484	488
484	489
484	496
484	540
484	543
484	544
484	547
485	486
485	487
485	488
485	489
485	490
485	547
486	487
486	488
486	489
486	490
486	491
487	488
487	489
487	490
487	491
487	492
487	496
488	489
488	490
488	491
488	492
488	493
488	496
488	547
489	490
489	491
489	492
490	491
490	492
490	495
491	492
491	493
491	494
491	495
491	496
491	499
492	493
492	494
492	495
492	496
492	497
493	494
493	495
493	496
493	497
493	498
493	500
493	544
493	545
493	547
494	495
494	496
494	497
494	498
494	499
495	496
495	497
495	498
495	499
495	500
496	497
496	498
496	499
496	500
496	501
496	544
496	547
497	498
497	499
497	500
497	501
497	502
497	544
498	499
498	500
498	501
498	502
498	503
499	500
499	501
499	502
499	503
499	504
500	501
500	502
500	503
500	504
500	505
500	541
500	544
500	545
501	502
501	503
501	504
501	505
501	533
502	503
502	504
502	532
502	533
503	504
503	505
503	532
503	533
503	534
503	535
504	505
504	533
504	534
504	535
504	536
504	537
504	540
504	544
505	533
505	534
505	535
505	536
532	533
532	534
533	534
533	535
534	535
534	536
535	536
535	537
535	538
536	537
536	538
536	539
536	540
536	541
536	544
537	538
537	539
537	540
537	541
538	539
538	540
538	541
538	542
538	543
539	540
539	541
539	542
539	543
539	544
540	541
540	542
540	543
540	544
540	545
541	542
541	543
541	544
541	545
541	546
542	543
542	544
542	545
542	546
542	547
543	544
543	545
543	546
543	547
544	545
544	546
544	547
545	546
545	547
546	547
