50	48	9	0	0	46	9	0	0	9	0	0	5	0	0	0	6	0	0	0	44	9	0	0	9	0	0	5	0	0	0	6	0	0	0	9	0	0	0	0	0	0	0	0	0	0	5	0	0	0	6	0	0	0	42	9	0	0	9	0	0	5	0	0	0	6	0	0	0	9	0	0	0	0	0	0	0	0	0	0	5	0	0	0	6	0	0	0	9	0	0	0	0	0	0	0	0	0	0	0	0	0	0	0	0	0	0	5	0	0	0	6	0	0	0	40	7	0	0	9	0	0	5	0	0	0	6	0	0	0	9	0	0	0	0	0	0	0	0	0	0	5	0	0	0	6	0	0	0	9	0	0	0	0	0	0	0	0	0	0	0	0	0	0	0	0	0	0	5	0	0	0	6	0	0	0	9	0	0	0	0	0	0	12	0	0	0	0	0	0	0	0	0	0	0	0	0	0	0	0	0	0	0	5	0	0	0	6	0	0	0
148	141	26	17	0	134	22	15	0	26	17	0	3	6	0	0	9	12	0	0	127	22	15	0	22	15	0	3	6	0	0	9	12	0	0	26	17	0	0	0	0	0	1	0	0	0	3	6	0	0	9	12	0	0	120	22	15	0	22	15	0	3	6	0	0	9	12	0	0	22	15	0	0	0	0	0	0	0	0	0	3	6	0	0	9	12	0	0	26	17	0	0	0	0	0	1	0	0	0	0	0	0	0	1	0	0	0	3	6	0	0	9	12	0	0	113	17	12	0	22	15	0	3	6	0	0	9	12	0	0	22	15	0	0	0	0	0	0	0	0	0	3	6	0	0	9	12	0	0	22	15	0	0	0	0	0	0	0	0	0	0	0	0	0	0	0	0	0	3	6	0	0	9	12	0	0	26	17	0	11	0	0	0	37	16	0	0	0	0	0	0	1	0	0	0	0	0	0	0	1	0	0	0	3	6	0	0	9	12	0	0
193	184	44	27	0	175	38	24	0	44	27	0	14	12	0	0	25	16	0	0	166	38	24	0	38	24	0	14	12	0	0	23	16	0	0	44	27	0	0	0	0	0	9	0	0	0	14	12	0	0	25	16	0	0	157	38	24	0	38	24	0	14	12	0	0	23	16	0	0	38	24	0	0	0	0	0	6	0	0	0	14	12	0	0	23	16	0	0	44	27	0	2	0	0	0	5	0	0	0	0	0	0	0	9	0	0	0	14	12	0	0	25	16	0	0	148	28	20	0	38	24	0	14	12	0	0	23	16	0	0	38	24	0	0	0	0	0	6	0	0	0	14	12	0	0	23	16	0	0	38	24	0	0	0	0	0	3	0	0	0	0	0	0	0	6	0	0	0	14	12	0	0	23	16	0	0	44	27	0	25	0	0	0	65	40	0	0	2	0	0	0	5	0	0	0	0	0	0	0	9	0	0	0	14	12	0	0	25	16	0	0
227	215	70	51	0	203	63	48	0	70	51	0	44	0	0	0	56	36	0	0	191	63	48	0	63	48	0	44	0	0	0	53	36	0	0	70	51	0	16	0	0	0	24	0	0	0	44	0	0	0	56	36	0	0	179	63	48	0	63	48	0	44	0	0	0	53	36	0	0	63	48	0	16	0	0	0	18	0	0	0	44	0	0	0	53	36	0	0	70	51	0	17	0	0	0	14	0	0	0	16	0	0	0	24	0	0	0	44	0	0	0	56	36	0	0	167	44	44	0	63	48	0	44	0	0	0	53	36	0	0	63	48	0	16	0	0	0	18	0	0	0	44	0	0	0	53	36	0	0	63	48	0	11	0	0	0	8	0	0	0	16	0	0	0	18	0	0	0	44	0	0	0	53	36	0	0	70	51	0	41	12	0	0	99	60	0	0	17	0	0	0	14	0	0	0	16	0	0	0	24	0	0	0	44	0	0	0	56	36	0	0
277	262	104	89	0	247	91	74	0	104	89	0	85	80	0	0	112	71	0	0	232	84	74	0	91	74	0	75	80	0	0	99	64	0	0	104	89	0	53	0	0	0	32	45	0	0	85	80	0	0	112	71	0	0	217	80	72	0	84	74	0	66	80	0	0	79	64	0	0	91	74	0	47	0	0	0	28	32	0	0	75	80	0	0	99	64	0	0	104	89	0	42	4	0	0	20	25	0	0	53	0	0	0	32	45	0	0	85	80	0	0	112	71	0	0	202	50	60	0	80	72	0	53	70	0	0	67	58	0	0	84	74	0	25	0	0	0	20	32	0	0	66	80	0	0	79	64	0	0	91	74	0	26	0	0	0	13	18	0	0	47	0	0	0	28	32	0	0	75	80	0	0	99	64	0	0	104	89	0	44	20	0	0	134	180	0	0	42	4	0	0	20	25	0	0	53	0	0	0	32	45	0	0	85	80	0	0	112	71	0	0
333	313	143	168	5	293	118	146	0	143	168	5	110	241	0	0	199	244	0	0	273	105	131	0	118	146	0	87	214	0	0	158	219	0	0	143	168	5	62	153	0	0	48	112	0	0	110	241	0	0	199	244	0	0	253	98	125	0	105	131	0	78	196	0	0	128	192	0	0	118	146	0	54	153	0	0	43	103	0	0	87	214	0	0	158	219	0	0	143	168	5	64	54	2	0	27	41	0	0	62	153	0	0	48	112	0	0	110	241	0	0	199	244	0	0	233	56	101	0	98	125	0	54	178	0	0	110	184	0	0	105	131	0	27	135	0	0	31	90	0	0	78	196	0	0	128	192	0	0	118	146	0	30	54	0	0	18	30	0	0	54	153	0	0	43	103	0	0	87	214	0	0	158	219	0	0	143	168	5	79	70	22	0	157	262	20	0	64	54	2	0	27	41	0	0	62	153	0	0	48	112	0	0	110	241	0	0	199	244	0	0
391	371	163	171	2	351	129	143	0	163	171	2	122	169	0	0	262	257	4	0	331	120	121	0	129	143	0	105	133	0	0	194	182	0	0	163	171	2	66	96	0	0	72	92	4	0	122	169	0	0	262	257	4	0	311	114	103	0	120	121	0	98	105	0	0	177	140	0	0	129	143	0	60	64	0	0	59	79	0	0	105	133	0	0	194	182	0	0	163	171	2	62	88	2	0	37	63	2	0	66	96	0	0	72	92	4	0	122	169	0	0	262	257	4	0	291	75	83	0	114	103	0	77	78	0	0	162	110	0	0	120	121	0	44	28	0	0	52	53	0	0	98	105	0	0	177	140	0	0	129	143	0	32	47	0	0	28	54	0	0	60	64	0	0	59	79	0	0	105	133	0	0	194	182	0	0	163	171	2	86	29	10	0	177	337	6	0	62	88	2	0	37	63	2	0	66	96	0	0	72	92	4	0	122	169	0	0	262	257	4	0
304	286	147	134	0	268	111	126	0	147	134	0	134	20	0	0	273	279	0	0	250	97	114	0	111	126	0	105	20	0	0	186	257	0	0	147	134	0	73	133	0	0	58	118	0	0	134	20	0	0	273	279	0	0	232	91	112	0	97	114	0	96	20	0	0	154	230	0	0	111	126	0	65	133	0	0	52	118	0	0	105	20	0	0	186	257	0	0	147	134	0	82	8	0	0	32	36	0	0	73	133	0	0	58	118	0	0	134	20	0	0	273	279	0	0	214	55	87	0	91	112	0	77	16	0	0	139	227	0	0	97	114	0	38	118	0	0	39	107	0	0	96	20	0	0	154	230	0	0	111	126	0	37	0	0	0	24	32	0	0	65	133	0	0	52	118	0	0	105	20	0	0	186	257	0	0	147	134	0	63	137	0	0	143	235	0	0	82	8	0	0	32	36	0	0	73	133	0	0	58	118	0	0	134	20	0	0	273	279	0	0
226	214	93	58	0	202	70	50	0	93	58	0	73	10	0	0	178	111	0	0	190	63	48	0	70	50	0	58	10	0	0	122	96	0	0	93	58	0	55	12	0	0	45	33	0	0	73	10	0	0	178	111	0	0	178	58	45	0	63	48	0	50	10	0	0	102	94	0	0	70	50	0	47	10	0	0	39	33	0	0	58	10	0	0	122	96	0	0	93	58	0	48	11	0	0	25	22	0	0	55	12	0	0	45	33	0	0	73	10	0	0	178	111	0	0	166	38	38	0	58	45	0	35	6	0	0	91	89	0	0	63	48	0	29	10	0	0	31	33	0	0	50	10	0	0	102	94	0	0	70	50	0	18	5	0	0	19	20	0	0	47	10	0	0	39	33	0	0	58	10	0	0	122	96	0	0	93	58	0	47	12	0	0	98	93	0	0	48	11	0	0	25	22	0	0	55	12	0	0	45	33	0	0	73	10	0	0	178	111	0	0
293	278	101	94	0	263	69	74	0	101	94	0	66	80	0	0	187	229	0	0	248	62	69	0	69	74	0	48	68	0	0	110	190	0	0	101	94	0	55	33	0	0	50	41	0	0	66	80	0	0	187	229	0	0	233	55	65	0	62	69	0	38	66	0	0	91	182	0	0	69	74	0	41	30	0	0	42	38	0	0	48	68	0	0	110	190	0	0	101	94	0	58	15	0	0	26	46	0	0	55	33	0	0	50	41	0	0	66	80	0	0	187	229	0	0	218	35	53	0	55	65	0	23	57	0	0	80	175	0	0	62	69	0	26	30	0	0	35	37	0	0	38	66	0	0	91	182	0	0	69	74	0	17	6	0	0	17	38	0	0	41	30	0	0	42	38	0	0	48	68	0	0	110	190	0	0	101	94	0	42	27	0	0	94	101	0	0	58	15	0	0	26	46	0	0	55	33	0	0	50	41	0	0	66	80	0	0	187	229	0	0
300	286	88	57	15	272	65	25	0	88	57	15	55	0	10	0	167	118	60	2	258	60	25	0	65	25	0	42	0	0	0	114	38	0	0	88	57	15	29	0	5	0	42	32	0	0	55	0	10	0	167	118	60	2	244	53	25	0	60	25	0	39	0	0	0	109	38	0	0	65	25	0	23	0	0	0	32	0	0	0	42	0	0	0	114	38	0	0	88	57	15	20	0	29	0	22	0	0	0	29	0	5	0	42	32	0	0	55	0	10	0	167	118	60	2	230	43	25	0	53	25	0	24	0	0	0	99	38	0	0	60	25	0	21	0	0	0	29	0	0	0	39	0	0	0	109	38	0	0	65	25	0	14	0	0	0	22	0	0	0	23	0	0	0	32	0	0	0	42	0	0	0	114	38	0	0	88	57	15	44	0	33	0	115	13	0	0	20	0	29	0	22	0	0	0	29	0	5	0	42	32	0	0	55	0	10	0	167	118	60	2
328	312	70	90	5	296	31	60	0	70	90	5	39	50	10	0	104	237	25	2	280	24	60	0	31	60	0	18	50	0	0	41	150	0	0	70	90	5	10	0	5	0	18	35	0	0	39	50	10	0	104	237	25	2	264	21	60	0	24	60	0	15	50	0	0	34	150	0	0	31	60	0	4	0	0	0	9	10	0	0	18	50	0	0	41	150	0	0	70	90	5	16	0	15	0	7	0	0	0	10	0	5	0	18	35	0	0	39	50	10	0	104	237	25	2	248	19	55	0	21	60	0	9	50	0	0	31	150	0	0	24	60	0	2	0	0	0	6	10	0	0	15	50	0	0	34	150	0	0	31	60	0	12	0	0	0	7	0	0	0	4	0	0	0	9	10	0	0	18	50	0	0	41	150	0	0	70	90	5	20	25	10	0	54	0	0	0	16	0	15	0	7	0	0	0	10	0	5	0	18	35	0	0	39	50	10	0	104	237	25	2
166	158	44	13	6	150	29	13	0	44	13	6	20	0	0	0	92	20	0	0	142	29	13	0	29	13	0	20	0	0	0	58	20	0	0	44	13	6	7	0	0	0	21	0	0	0	20	0	0	0	92	20	0	0	134	27	13	0	29	13	0	20	0	0	0	58	20	0	0	29	13	0	7	0	0	0	11	0	0	0	20	0	0	0	58	20	0	0	44	13	6	4	0	6	0	10	0	0	0	7	0	0	0	21	0	0	0	20	0	0	0	92	20	0	0	126	21	13	0	27	13	0	15	0	0	0	54	20	0	0	29	13	0	7	0	0	0	11	0	0	0	20	0	0	0	58	20	0	0	29	13	0	2	0	0	0	10	0	0	0	7	0	0	0	11	0	0	0	20	0	0	0	58	20	0	0	44	13	6	9	0	15	0	42	7	0	0	4	0	6	0	10	0	0	0	7	0	0	0	21	0	0	0	20	0	0	0	92	20	0	0
137	131	33	5	3	125	21	0	0	33	5	3	16	0	0	0	76	5	3	0	119	21	0	0	21	0	0	16	0	0	0	45	0	0	0	33	5	3	5	0	0	0	16	0	0	0	16	0	0	0	76	5	3	0	113	20	0	0	21	0	0	16	0	0	0	45	0	0	0	21	0	0	5	0	0	0	6	0	0	0	16	0	0	0	45	0	0	0	33	5	3	1	0	3	0	6	0	0	0	5	0	0	0	16	0	0	0	16	0	0	0	76	5	3	0	107	17	0	0	20	0	0	13	0	0	0	43	0	0	0	21	0	0	5	0	0	0	6	0	0	0	16	0	0	0	45	0	0	0	21	0	0	1	0	0	0	6	0	0	0	5	0	0	0	6	0	0	0	16	0	0	0	45	0	0	0	33	5	3	5	0	9	0	19	0	0	0	1	0	3	0	6	0	0	0	5	0	0	0	16	0	0	0	16	0	0	0	76	5	3	0
153	145	36	21	0	137	21	13	0	33	21	0	15	0	0	0	71	24	0	0	129	20	13	0	18	13	0	13	0	0	0	31	12	0	0	31	21	0	0	0	0	0	11	4	0	0	9	0	0	0	66	24	0	0	121	20	13	0	17	13	0	13	0	0	0	31	12	0	0	16	13	0	0	0	0	0	2	0	0	0	7	0	0	0	26	12	0	0	31	21	0	2	0	0	0	0	0	0	0	0	0	0	0	11	4	0	0	9	0	0	0	66	24	0	0	113	17	13	0	17	13	0	13	0	0	0	31	12	0	0	15	13	0	0	0	0	0	2	0	0	0	7	0	0	0	26	12	0	0	16	13	0	0	0	0	0	0	0	0	0	0	0	0	0	2	0	0	0	7	0	0	0	26	12	0	0	31	21	0	9	0	0	0	21	20	0	0	2	0	0	0	0	0	0	0	0	0	0	0	11	4	0	0	9	0	0	0	66	24	0	0
260	247	71	48	24	234	49	30	5	71	48	24	46	16	7	10	100	70	48	20	221	41	22	0	49	30	5	29	0	5	0	64	22	10	0	71	48	24	7	0	21	0	12	11	24	2	46	16	7	10	100	70	48	20	208	39	22	0	41	22	0	23	0	0	0	56	22	0	0	49	30	5	5	0	15	0	12	11	5	0	29	0	5	0	64	22	10	0	71	48	24	18	0	14	0	7	0	0	0	7	0	21	0	12	11	24	2	46	16	7	10	100	70	48	20	195	29	22	0	39	22	0	23	0	0	0	53	22	0	0	41	22	0	2	0	0	0	5	11	0	0	23	0	0	0	56	22	0	0	49	30	5	13	0	10	0	7	0	0	0	5	0	15	0	12	11	5	0	29	0	5	0	64	22	10	0	71	48	24	37	0	5	0	80	92	0	0	18	0	14	0	7	0	0	0	7	0	21	0	12	11	24	2	46	16	7	10	100	70	48	20
360	342	79	122	20	324	48	86	5	79	122	20	52	141	7	10	97	186	60	20	306	40	65	0	48	86	5	36	78	5	0	60	131	15	0	79	122	20	21	0	21	0	12	30	60	2	52	141	7	10	97	186	60	20	288	36	56	0	40	65	0	24	78	0	0	48	117	0	0	48	86	5	15	0	15	0	12	21	15	0	36	78	5	0	60	131	15	0	79	122	20	18	90	14	0	10	20	0	0	21	0	21	0	12	30	60	2	52	141	7	10	97	186	60	20	270	25	41	0	36	56	0	18	60	0	0	40	90	0	0	40	65	0	6	0	0	0	7	0	0	0	24	78	0	0	48	117	0	0	48	86	5	9	63	10	0	8	14	0	0	15	0	15	0	12	21	15	0	36	78	5	0	60	131	15	0	79	122	20	24	123	5	0	71	97	0	0	18	90	14	0	10	20	0	0	21	0	21	0	12	30	60	2	52	141	7	10	97	186	60	20
197	188	41	8	22	179	24	0	0	41	8	22	27	0	0	0	68	24	22	23	170	19	0	0	24	0	0	11	0	0	0	37	0	0	0	41	8	22	0	0	0	0	6	0	0	0	27	0	0	0	68	24	22	23	161	19	0	0	19	0	0	11	0	0	0	35	0	0	0	24	0	0	0	0	0	0	6	0	0	0	11	0	0	0	37	0	0	0	41	8	22	9	0	0	0	2	0	0	0	0	0	0	0	6	0	0	0	27	0	0	0	68	24	22	23	152	18	0	0	19	0	0	11	0	0	0	35	0	0	0	19	0	0	0	0	0	0	3	0	0	0	11	0	0	0	35	0	0	0	24	0	0	9	0	0	0	2	0	0	0	0	0	0	0	6	0	0	0	11	0	0	0	37	0	0	0	41	8	22	19	0	5	0	38	0	0	0	9	0	0	0	2	0	0	0	0	0	0	0	6	0	0	0	27	0	0	0	68	24	22	23
233	222	50	34	13	211	27	10	0	50	34	13	30	0	0	0	62	88	52	20	200	22	10	0	27	10	0	14	0	0	0	35	40	0	0	50	34	13	0	0	0	0	6	0	0	0	30	0	0	0	62	88	52	20	189	22	10	0	22	10	0	14	0	0	0	33	40	0	0	27	10	0	0	0	0	0	6	0	0	0	14	0	0	0	35	40	0	0	50	34	13	12	0	0	0	2	0	0	0	0	0	0	0	6	0	0	0	30	0	0	0	62	88	52	20	178	20	6	0	22	10	0	14	0	0	0	33	40	0	0	22	10	0	0	0	0	0	3	0	0	0	14	0	0	0	33	40	0	0	27	10	0	9	0	0	0	2	0	0	0	0	0	0	0	6	0	0	0	14	0	0	0	35	40	0	0	50	34	13	26	24	5	0	46	6	0	0	12	0	0	0	2	0	0	0	0	0	0	0	6	0	0	0	30	0	0	0	62	88	52	20
235	224	48	35	5	213	28	5	0	48	35	5	25	25	0	0	60	50	25	5	202	24	0	0	28	5	0	14	0	0	0	36	0	0	0	48	35	5	0	0	0	0	6	0	5	0	25	25	0	0	60	50	25	5	191	24	0	0	24	0	0	14	0	0	0	34	0	0	0	28	5	0	0	0	0	0	6	0	0	0	14	0	0	0	36	0	0	0	48	35	5	12	0	0	0	2	0	0	0	0	0	0	0	6	0	5	0	25	25	0	0	60	50	25	5	180	20	0	0	24	0	0	14	0	0	0	34	0	0	0	24	0	0	0	0	0	0	3	0	0	0	14	0	0	0	34	0	0	0	28	5	0	9	0	0	0	2	0	0	0	0	0	0	0	6	0	0	0	14	0	0	0	36	0	0	0	48	35	5	32	0	5	0	47	25	0	0	12	0	0	0	2	0	0	0	0	0	0	0	6	0	5	0	25	25	0	0	60	50	25	5
203	193	28	23	12	183	14	9	7	28	23	12	3	0	23	0	7	0	24	5	173	14	9	7	14	9	7	3	0	18	0	7	0	14	0	28	23	12	0	0	0	0	1	0	0	0	3	0	23	0	7	0	24	5	163	14	9	7	14	9	7	3	0	18	0	7	0	14	0	14	9	7	0	0	0	0	1	0	0	0	3	0	18	0	7	0	14	0	28	23	12	3	0	0	0	0	0	0	0	0	0	0	0	1	0	0	0	3	0	23	0	7	0	24	5	153	9	7	0	14	9	7	3	0	18	0	7	0	14	0	14	9	7	0	0	0	0	1	0	0	0	3	0	18	0	7	0	14	0	14	9	7	0	0	0	0	0	0	0	0	0	0	0	0	1	0	0	0	3	0	18	0	7	0	14	0	28	23	12	13	14	0	0	37	28	0	0	3	0	0	0	0	0	0	0	0	0	0	0	1	0	0	0	3	0	23	0	7	0	24	5
302	287	63	47	47	272	43	14	11	63	47	47	28	0	81	14	51	0	141	84	257	40	14	9	43	14	11	22	0	41	10	43	0	33	10	63	47	47	5	0	18	10	16	14	0	0	28	0	81	14	51	0	141	84	242	40	14	2	40	14	9	22	0	35	0	37	0	27	0	43	14	11	5	0	14	0	7	14	0	0	22	0	41	10	43	0	33	10	63	47	47	16	0	0	4	10	0	0	2	5	0	18	10	16	14	0	0	28	0	81	14	51	0	141	84	227	23	14	0	40	14	2	22	0	10	0	37	0	6	0	40	14	9	0	0	10	0	6	14	0	0	22	0	35	0	37	0	27	0	43	14	11	1	0	0	0	4	0	0	0	5	0	14	0	7	14	0	0	22	0	41	10	43	0	33	10	63	47	47	25	0	36	0	90	130	0	0	16	0	0	4	10	0	0	2	5	0	18	10	16	14	0	0	28	0	81	14	51	0	141	84
293	278	39	71	26	263	23	44	0	39	71	26	7	33	34	0	23	44	78	62	248	23	44	0	23	44	0	7	33	0	0	20	44	0	10	39	71	26	0	0	0	0	6	0	0	0	7	33	34	0	23	44	78	62	233	23	41	0	23	44	0	7	33	0	0	20	44	0	0	23	44	0	0	0	0	0	3	0	0	0	7	33	0	0	20	44	0	10	39	71	26	9	24	0	0	2	0	0	0	0	0	0	0	6	0	0	0	7	33	34	0	23	44	78	62	218	11	24	0	23	41	0	7	24	0	0	20	32	0	0	23	44	0	0	0	0	0	3	0	0	0	7	33	0	0	20	44	0	0	23	44	0	0	0	0	0	0	0	0	0	0	0	0	0	3	0	0	0	7	33	0	0	20	44	0	10	39	71	26	16	72	27	0	41	64	26	0	9	24	0	0	2	0	0	0	0	0	0	0	6	0	0	0	7	33	34	0	23	44	78	62
199	189	27	23	18	179	14	16	0	27	23	18	9	0	26	0	19	0	18	38	169	14	16	0	14	16	0	9	0	0	0	17	0	0	5	27	23	18	0	0	0	0	4	0	0	0	9	0	26	0	19	0	18	38	159	14	16	0	14	16	0	9	0	0	0	17	0	0	0	14	16	0	0	0	0	0	1	0	0	0	9	0	0	0	17	0	0	5	27	23	18	12	0	0	0	2	0	0	0	0	0	0	0	4	0	0	0	9	0	26	0	19	0	18	38	149	7	14	0	14	16	0	9	0	0	0	17	0	0	0	14	16	0	0	0	0	0	1	0	0	0	9	0	0	0	17	0	0	0	14	16	0	0	0	0	0	0	0	0	0	0	0	0	0	1	0	0	0	9	0	0	0	17	0	0	5	27	23	18	17	14	27	0	36	14	0	0	12	0	0	0	2	0	0	0	0	0	0	0	4	0	0	0	9	0	26	0	19	0	18	38
146	139	21	6	11	132	11	0	0	21	6	11	3	0	5	0	8	0	11	18	125	11	0	0	11	0	0	3	0	0	0	8	0	0	0	21	6	11	0	0	0	0	1	0	0	0	3	0	5	0	8	0	11	18	118	11	0	0	11	0	0	3	0	0	0	8	0	0	0	11	0	0	0	0	0	0	1	0	0	0	3	0	0	0	8	0	0	0	21	6	11	3	0	0	0	0	0	0	0	0	0	0	0	1	0	0	0	3	0	5	0	8	0	11	18	111	7	0	0	11	0	0	3	0	0	0	8	0	0	0	11	0	0	0	0	0	0	1	0	0	0	3	0	0	0	8	0	0	0	11	0	0	0	0	0	0	0	0	0	0	0	0	0	0	1	0	0	0	3	0	0	0	8	0	0	0	21	6	11	13	0	6	0	27	12	0	0	3	0	0	0	0	0	0	0	0	0	0	0	1	0	0	0	3	0	5	0	8	0	11	18
292	277	33	26	77	262	33	26	27	33	26	77	16	0	0	57	28	0	0	114	247	33	26	15	33	26	27	16	0	0	11	28	0	0	18	33	26	77	0	0	0	0	4	0	0	25	16	0	0	57	28	0	0	114	232	29	26	15	33	26	15	16	0	0	11	28	0	0	16	33	26	27	0	0	0	0	4	0	0	5	16	0	0	11	28	0	0	18	33	26	77	0	0	38	0	1	0	0	0	0	0	0	0	4	0	0	25	16	0	0	57	28	0	0	114	217	15	0	12	29	26	15	7	0	0	9	15	0	0	9	33	26	15	0	0	0	0	4	0	0	0	16	0	0	11	28	0	0	16	33	26	27	0	0	21	0	1	0	0	0	0	0	0	0	4	0	0	5	16	0	0	11	28	0	0	18	33	26	77	6	0	65	7	13	0	154	0	0	0	38	0	1	0	0	0	0	0	0	0	4	0	0	25	16	0	0	57	28	0	0	114
264	250	47	35	48	236	44	35	19	47	35	48	33	0	4	11	45	13	0	85	222	44	35	19	44	35	19	33	0	4	11	43	13	0	18	47	35	48	16	0	0	0	14	0	0	0	33	0	4	11	45	13	0	85	208	43	35	19	44	35	19	33	0	4	11	43	13	0	16	44	35	19	16	0	0	0	13	0	0	0	33	0	4	11	43	13	0	18	47	35	48	15	0	8	0	7	0	0	0	16	0	0	0	14	0	0	0	33	0	4	11	45	13	0	85	194	29	11	12	43	35	19	30	0	4	9	39	13	0	9	44	35	19	16	0	0	0	13	0	0	0	33	0	4	11	43	13	0	16	44	35	19	11	0	0	0	2	0	0	0	16	0	0	0	13	0	0	0	33	0	4	11	43	13	0	18	47	35	48	18	22	31	7	36	0	96	5	15	0	8	0	7	0	0	0	16	0	0	0	14	0	0	0	33	0	4	11	45	13	0	85
347	328	76	87	67	309	66	86	40	76	87	67	68	17	24	54	87	56	0	73	290	62	86	23	66	86	40	62	17	22	15	79	56	0	11	76	87	67	38	0	0	14	22	18	0	44	68	17	24	54	87	56	0	73	271	55	86	21	62	86	23	56	17	18	13	67	56	0	9	66	86	40	32	0	0	10	19	17	0	10	62	17	22	15	79	56	0	11	76	87	67	28	0	48	10	15	0	0	0	38	0	0	14	22	18	0	44	68	17	24	54	87	56	0	73	252	36	30	9	55	86	21	41	17	14	6	48	56	0	2	62	86	23	20	0	0	0	16	17	0	0	56	17	18	13	67	56	0	9	66	86	40	18	0	30	0	6	0	0	0	32	0	0	10	19	17	0	10	62	17	22	15	79	56	0	11	76	87	67	20	52	44	7	63	54	268	7	28	0	48	10	15	0	0	0	38	0	0	14	22	18	0	44	68	17	24	54	87	56	0	73
283	267	77	86	28	251	62	73	26	77	86	28	58	50	34	13	102	92	28	0	235	58	72	24	62	73	26	52	50	32	11	88	83	26	0	77	86	28	52	13	0	14	33	13	0	0	58	50	34	13	102	92	28	0	219	53	63	21	58	72	24	46	49	28	9	76	80	24	0	62	73	26	44	9	0	10	29	9	0	0	52	50	32	11	88	83	26	0	77	86	28	23	81	10	14	18	16	0	0	52	13	0	14	33	13	0	0	58	50	34	13	102	92	28	0	203	41	26	5	53	63	21	34	41	22	2	67	64	21	0	58	72	24	35	9	0	0	27	9	0	0	46	49	28	9	76	80	24	0	62	73	26	14	45	9	0	7	0	0	0	44	9	0	10	29	9	0	0	52	50	32	11	88	83	26	0	77	86	28	37	44	0	7	73	24	112	7	23	81	10	14	18	16	0	0	52	13	0	14	33	13	0	0	58	50	34	13	102	92	28	0
384	363	105	165	45	342	74	123	40	105	165	45	63	300	62	34	161	244	90	0	321	69	79	31	74	123	40	50	204	60	11	113	178	80	0	105	165	45	51	191	12	14	41	41	135	20	63	300	62	34	161	244	90	0	300	58	49	23	69	79	31	45	120	56	9	101	78	62	0	74	123	40	32	125	12	10	37	34	120	5	50	204	60	11	113	178	80	0	105	165	45	28	120	51	29	22	51	90	0	51	191	12	14	41	41	135	20	63	300	62	34	161	244	90	0	279	41	18	2	58	49	23	33	54	37	2	86	27	46	0	69	79	31	32	36	12	0	36	14	93	0	45	120	56	9	101	78	62	0	74	123	40	13	54	41	0	6	27	80	0	32	125	12	10	37	34	120	5	50	204	60	11	113	178	80	0	105	165	45	35	36	20	4	85	63	135	7	28	120	51	29	22	51	90	0	51	191	12	14	41	41	135	20	63	300	62	34	161	244	90	0
290	273	88	96	58	256	65	81	30	88	96	58	65	60	41	67	151	206	58	73	239	55	75	29	65	81	30	45	60	12	64	106	175	30	66	88	96	58	47	69	44	9	42	61	0	0	65	60	41	67	151	206	58	73	222	46	52	27	55	75	29	37	54	12	58	86	158	29	55	65	81	30	32	45	21	7	36	46	0	0	45	60	12	64	106	175	30	66	88	96	58	26	47	59	14	10	18	116	0	47	69	44	9	42	61	0	0	65	60	41	67	151	206	58	73	205	30	22	19	46	52	27	27	0	12	45	80	123	27	44	55	75	29	28	42	20	5	34	45	0	0	37	54	12	58	86	158	29	55	65	81	30	12	20	0	10	3	0	60	0	32	45	21	7	36	46	0	0	45	60	12	64	106	175	30	66	88	96	58	27	36	56	29	51	0	174	0	26	47	59	14	10	18	116	0	47	69	44	9	42	61	0	0	65	60	41	67	151	206	58	73
267	252	82	62	42	237	56	44	26	82	62	42	49	0	41	51	162	111	84	45	222	46	44	25	56	44	26	30	0	12	48	93	66	52	40	82	62	42	42	0	44	9	40	53	0	0	49	0	41	51	162	111	84	45	207	38	36	23	46	44	25	22	0	12	42	75	66	50	31	56	44	26	20	0	21	7	31	44	0	0	30	0	12	48	93	66	52	40	82	62	42	34	72	27	14	15	18	0	0	42	0	44	9	40	53	0	0	49	0	41	51	162	111	84	45	192	21	0	15	38	36	23	8	0	12	29	67	54	46	23	46	44	25	16	0	20	5	29	44	0	0	22	0	12	42	75	66	50	31	56	44	26	3	0	0	10	2	0	0	0	20	0	21	7	31	44	0	0	30	0	12	48	93	66	52	40	82	62	42	19	0	32	29	33	0	168	0	34	72	27	14	15	18	0	0	42	0	44	9	40	53	0	0	49	0	41	51	162	111	84	45
193	182	46	40	7	171	25	24	6	46	40	7	23	0	14	6	91	56	28	0	160	19	24	6	25	24	6	10	0	12	6	41	16	24	0	46	40	7	15	0	7	0	19	32	0	0	23	0	14	6	91	56	28	0	149	15	12	6	19	24	6	7	0	12	6	29	16	24	0	25	24	6	0	0	6	0	14	24	0	0	10	0	12	6	41	16	24	0	46	40	7	18	48	0	0	7	12	0	0	15	0	7	0	19	32	0	0	23	0	14	6	91	56	28	0	138	4	0	3	15	12	6	5	0	12	3	27	8	24	0	19	24	6	0	0	6	0	13	24	0	0	7	0	12	6	29	16	24	0	25	24	6	0	0	0	0	0	0	0	0	0	0	6	0	14	24	0	0	10	0	12	6	41	16	24	0	46	40	7	1	0	0	9	5	0	21	0	18	48	0	0	7	12	0	0	15	0	7	0	19	32	0	0	23	0	14	6	91	56	28	0
175	164	55	39	0	153	29	34	0	55	39	0	23	20	0	0	125	85	0	0	142	24	34	0	29	34	0	12	20	0	0	58	80	0	0	55	39	0	14	0	0	0	27	20	0	0	23	20	0	0	125	85	0	0	131	21	34	0	24	34	0	12	20	0	0	49	80	0	0	29	34	0	7	0	0	0	17	20	0	0	12	20	0	0	58	80	0	0	55	39	0	41	0	0	0	11	0	0	0	14	0	0	0	27	20	0	0	23	20	0	0	125	85	0	0	120	7	13	0	21	34	0	4	20	0	0	44	80	0	0	24	34	0	6	0	0	0	14	20	0	0	12	20	0	0	49	80	0	0	29	34	0	4	0	0	0	0	0	0	0	7	0	0	0	17	20	0	0	12	20	0	0	58	80	0	0	55	39	0	13	9	0	0	13	13	0	0	41	0	0	0	11	0	0	0	14	0	0	0	27	20	0	0	23	20	0	0	125	85	0	0
193	182	42	41	0	171	21	24	0	42	41	0	18	16	0	0	72	55	0	0	160	17	19	0	21	24	0	8	16	0	0	31	16	0	0	42	41	0	10	15	0	0	18	18	0	0	18	16	0	0	72	55	0	0	149	14	6	0	17	19	0	5	6	0	0	22	6	0	0	21	24	0	0	0	0	0	14	8	0	0	8	16	0	0	31	16	0	0	42	41	0	20	30	0	0	5	9	0	0	10	15	0	0	18	18	0	0	18	16	0	0	72	55	0	0	138	2	0	0	14	6	0	5	0	0	0	22	0	0	0	17	19	0	0	0	0	0	14	8	0	0	5	6	0	0	22	6	0	0	21	24	0	0	0	0	0	0	0	0	0	0	0	0	0	14	8	0	0	8	16	0	0	31	16	0	0	42	41	0	1	0	0	0	2	0	0	0	20	30	0	0	5	9	0	0	10	15	0	0	18	18	0	0	18	16	0	0	72	55	0	0
196	185	42	18	37	174	23	0	16	42	18	37	27	0	32	39	56	45	74	49	163	16	0	6	23	0	16	11	0	25	18	26	0	32	32	42	18	37	14	0	36	6	12	0	0	45	27	0	32	39	56	45	74	49	152	2	0	6	16	0	6	0	0	6	18	15	0	12	31	23	0	16	0	0	27	6	12	0	0	40	11	0	25	18	26	0	32	32	42	18	37	0	0	76	0	0	0	0	0	14	0	36	6	12	0	0	45	27	0	32	39	56	45	74	49	141	2	0	6	2	0	6	0	0	6	18	7	0	12	29	16	0	6	0	0	0	6	12	0	0	31	0	0	6	18	15	0	12	31	23	0	16	0	0	18	0	0	0	0	0	0	0	27	6	12	0	0	40	11	0	25	18	26	0	32	32	42	18	37	0	0	0	0	1	0	0	0	0	0	76	0	0	0	0	0	14	0	36	6	12	0	0	45	27	0	32	39	56	45	74	49
277	261	49	71	46	245	28	36	16	49	71	46	28	56	32	39	69	86	138	107	229	19	20	6	28	36	16	15	20	25	18	40	20	48	62	49	71	46	12	60	54	6	16	14	46	45	28	56	32	39	69	86	138	107	213	4	0	6	19	20	6	0	0	6	18	25	0	18	60	28	36	16	4	0	27	6	15	13	16	40	15	20	25	18	40	20	48	62	49	71	46	2	0	103	0	0	0	92	0	12	60	54	6	16	14	46	45	28	56	32	39	69	86	138	107	197	4	0	6	4	0	6	0	0	6	18	15	0	18	56	19	20	6	4	0	0	6	15	10	6	31	0	0	6	18	25	0	18	60	28	36	16	2	0	18	0	0	0	32	0	4	0	27	6	15	13	16	40	15	20	25	18	40	20	48	62	49	71	46	3	0	0	0	1	0	0	0	2	0	103	0	0	0	92	0	12	60	54	6	16	14	46	45	28	56	32	39	69	86	138	107
175	165	31	27	13	155	8	6	10	31	27	13	12	18	50	0	41	54	39	0	145	5	0	10	8	6	10	5	0	50	0	6	12	30	0	31	27	13	10	0	3	0	4	0	13	0	12	18	50	0	41	54	39	0	135	0	0	10	5	0	10	0	0	50	0	0	0	30	0	8	6	10	0	0	0	0	3	0	10	0	5	0	50	0	6	12	30	0	31	27	13	0	0	6	0	0	0	0	0	10	0	3	0	4	0	13	0	12	18	50	0	41	54	39	0	125	0	0	5	0	0	10	0	0	50	0	0	0	30	0	5	0	10	0	0	0	0	3	0	10	0	0	0	50	0	0	0	30	0	8	6	10	0	0	0	0	0	0	0	0	0	0	0	0	3	0	10	0	5	0	50	0	6	12	30	0	31	27	13	0	0	0	25	0	0	0	0	0	0	6	0	0	0	0	0	10	0	3	0	4	0	13	0	12	18	50	0	41	54	39	0
225	212	37	51	18	199	16	18	9	37	51	18	22	39	22	18	40	78	72	7	186	9	7	0	16	18	9	10	7	18	0	14	14	36	6	37	51	18	10	28	36	0	7	12	18	45	22	39	22	18	40	78	72	7	173	0	0	0	9	7	0	0	0	0	0	2	0	0	6	16	18	9	0	0	27	0	6	11	9	40	10	7	18	0	14	14	36	6	37	51	18	0	0	40	0	0	0	18	0	10	28	36	0	7	12	18	45	22	39	22	18	40	78	72	7	160	0	0	0	0	0	0	0	0	0	0	0	0	0	6	9	7	0	0	0	0	0	6	7	0	31	0	0	0	0	2	0	0	6	16	18	9	0	0	18	0	0	0	9	0	0	0	27	0	6	11	9	40	10	7	18	0	14	14	36	6	37	51	18	0	0	0	0	0	0	0	0	0	0	40	0	0	0	18	0	10	28	36	0	7	12	18	45	22	39	22	18	40	78	72	7
125	118	25	6	7	111	12	0	0	25	6	7	15	0	0	0	35	6	7	7	104	8	0	0	12	0	0	5	0	0	0	10	0	0	6	25	6	7	10	0	3	0	6	0	0	0	15	0	0	0	35	6	7	7	97	0	0	0	8	0	0	0	0	0	0	2	0	0	6	12	0	0	0	0	0	0	6	0	0	0	5	0	0	0	10	0	0	6	25	6	7	0	0	18	0	0	0	0	0	10	0	3	0	6	0	0	0	15	0	0	0	35	6	7	7	90	0	0	0	0	0	0	0	0	0	0	0	0	0	6	8	0	0	0	0	0	0	6	0	0	0	0	0	0	0	2	0	0	6	12	0	0	0	0	0	0	0	0	0	0	0	0	0	0	6	0	0	0	5	0	0	0	10	0	0	6	25	6	7	0	0	0	0	0	0	0	0	0	0	18	0	0	0	0	0	10	0	3	0	6	0	0	0	15	0	0	0	35	6	7	7
288	271	33	16	129	254	16	0	85	33	16	129	12	0	91	63	35	0	129	121	237	11	0	76	16	0	85	3	0	59	51	22	0	85	51	33	16	129	0	0	55	77	8	0	0	0	12	0	91	63	35	0	129	121	220	11	0	59	11	0	76	3	0	53	22	22	0	76	22	16	0	85	0	0	22	48	8	0	0	0	3	0	59	51	22	0	85	51	33	16	129	0	0	0	71	1	0	0	45	0	0	55	77	8	0	0	0	12	0	91	63	35	0	129	121	203	11	0	55	11	0	59	3	0	20	22	22	0	59	22	11	0	76	0	0	18	46	5	0	0	0	3	0	53	22	22	0	76	22	16	0	85	0	0	0	59	1	0	0	40	0	0	22	48	8	0	0	0	3	0	59	51	22	0	85	51	33	16	129	0	0	0	30	15	0	0	0	0	0	0	71	1	0	0	45	0	0	55	77	8	0	0	0	12	0	91	63	35	0	129	121
251	236	24	44	70	221	5	0	34	24	44	70	9	0	91	43	10	33	280	114	206	0	0	32	5	0	34	0	0	59	37	0	0	136	51	24	44	70	0	0	55	18	5	0	0	0	9	0	91	43	10	33	280	114	191	0	0	20	0	0	32	0	0	53	10	0	0	128	22	5	0	34	0	0	22	0	3	0	0	0	0	0	59	37	0	0	136	51	24	44	70	0	0	0	30	0	0	0	45	0	0	55	18	5	0	0	0	9	0	91	43	10	33	280	114	176	0	0	17	0	0	20	0	0	20	10	0	0	80	22	0	0	32	0	0	18	0	0	0	0	0	0	0	53	10	0	0	128	22	5	0	34	0	0	0	21	0	0	0	40	0	0	22	0	3	0	0	0	0	0	59	37	0	0	136	51	24	44	70	0	0	0	21	0	0	0	0	0	0	0	30	0	0	0	45	0	0	55	18	5	0	0	0	9	0	91	43	10	33	280	114
152	143	17	8	34	134	3	0	10	17	8	34	3	0	23	10	10	0	34	77	125	0	0	10	3	0	10	0	0	0	10	0	0	10	35	17	8	34	0	0	27	0	2	0	0	0	3	0	23	10	10	0	34	77	116	0	0	10	0	0	10	0	0	0	10	0	0	10	16	3	0	10	0	0	0	0	2	0	0	0	0	0	0	10	0	0	10	35	17	8	34	0	0	0	0	0	0	0	0	0	0	27	0	2	0	0	0	3	0	23	10	10	0	34	77	107	0	0	10	0	0	10	0	0	0	10	0	0	10	16	0	0	10	0	0	0	0	0	0	0	0	0	0	0	10	0	0	10	16	3	0	10	0	0	0	0	0	0	0	0	0	0	0	0	2	0	0	0	0	0	0	10	0	0	10	35	17	8	34	0	0	0	0	0	0	0	0	0	0	0	0	0	0	0	0	0	0	27	0	2	0	0	0	3	0	23	10	10	0	34	77
117	110	11	10	18	103	1	0	10	11	10	18	1	0	7	10	6	0	36	18	96	0	0	10	1	0	10	0	0	0	10	0	0	20	9	11	10	18	0	0	7	0	1	0	0	0	1	0	7	10	6	0	36	18	89	0	0	10	0	0	10	0	0	0	10	0	0	20	0	1	0	10	0	0	0	0	1	0	0	0	0	0	0	10	0	0	20	9	11	10	18	0	0	0	0	0	0	0	0	0	0	7	0	1	0	0	0	1	0	7	10	6	0	36	18	82	0	0	10	0	0	10	0	0	0	10	0	0	20	0	0	0	10	0	0	0	0	0	0	0	0	0	0	0	10	0	0	20	0	1	0	10	0	0	0	0	0	0	0	0	0	0	0	0	1	0	0	0	0	0	0	10	0	0	20	9	11	10	18	0	0	0	0	0	0	0	0	0	0	0	0	0	0	0	0	0	0	7	0	1	0	0	0	1	0	7	10	6	0	36	18
200	188	14	32	45	176	0	0	44	14	32	45	0	0	59	10	3	8	180	0	164	0	0	44	0	0	44	0	0	59	10	0	0	176	0	14	32	45	0	0	0	0	1	0	0	0	0	0	59	10	3	8	180	0	152	0	0	38	0	0	44	0	0	59	10	0	0	176	0	0	0	44	0	0	0	0	0	0	0	0	0	0	59	10	0	0	176	0	14	32	45	0	0	0	54	0	0	0	0	0	0	0	0	1	0	0	0	0	0	59	10	3	8	180	0	140	0	0	23	0	0	38	0	0	44	10	0	0	152	0	0	0	44	0	0	0	0	0	0	0	0	0	0	59	10	0	0	176	0	0	0	44	0	0	0	21	0	0	0	0	0	0	0	0	0	0	0	0	0	0	59	10	0	0	176	0	14	32	45	0	0	0	45	0	0	0	26	0	0	0	54	0	0	0	0	0	0	0	0	1	0	0	0	0	0	59	10	3	8	180	0
192	180	7	0	99	168	5	0	87	7	0	99	2	0	9	50	6	0	0	45	156	5	0	87	5	0	87	2	0	9	50	6	0	0	44	7	0	99	1	0	0	0	3	0	0	0	2	0	9	50	6	0	0	45	144	4	0	86	5	0	87	2	0	9	50	6	0	0	44	5	0	87	0	0	0	0	1	0	0	0	2	0	9	50	6	0	0	44	7	0	99	1	0	9	8	0	0	0	0	1	0	0	0	3	0	0	0	2	0	9	50	6	0	0	45	132	1	0	32	4	0	86	1	0	8	38	3	0	0	38	5	0	87	0	0	0	0	1	0	0	0	2	0	9	50	6	0	0	44	5	0	87	0	0	9	0	0	0	0	0	0	0	0	0	1	0	0	0	2	0	9	50	6	0	0	44	7	0	99	0	0	33	75	3	0	0	220	1	0	9	8	0	0	0	0	1	0	0	0	3	0	0	0	2	0	9	50	6	0	0	45
240	225	11	0	125	210	5	0	71	11	0	125	2	0	41	78	6	0	0	296	195	5	0	68	5	0	71	2	0	37	72	6	0	0	183	11	0	125	1	0	0	33	5	0	0	0	2	0	41	78	6	0	0	296	180	4	0	65	5	0	68	2	0	31	68	6	0	0	172	5	0	71	0	0	0	27	1	0	0	0	2	0	37	72	6	0	0	183	11	0	125	1	0	9	26	0	0	0	0	1	0	0	33	5	0	0	0	2	0	41	78	6	0	0	296	165	1	0	18	4	0	65	1	0	26	38	3	0	0	137	5	0	68	0	0	0	0	1	0	0	0	2	0	31	68	6	0	0	172	5	0	71	0	0	9	0	0	0	0	0	0	0	0	27	1	0	0	0	2	0	37	72	6	0	0	183	11	0	125	0	0	33	54	3	0	0	188	1	0	9	26	0	0	0	0	1	0	0	33	5	0	0	0	2	0	41	78	6	0	0	296
128	120	0	0	57	112	0	0	32	0	0	57	0	0	0	11	0	0	0	133	104	0	0	32	0	0	32	0	0	0	11	0	0	0	88	0	0	57	0	0	0	0	0	0	0	0	0	0	0	11	0	0	0	133	96	0	0	32	0	0	32	0	0	0	11	0	0	0	86	0	0	32	0	0	0	0	0	0	0	0	0	0	0	11	0	0	0	88	0	0	57	0	0	0	0	0	0	0	0	0	0	0	0	0	0	0	0	0	0	0	11	0	0	0	133	88	0	0	15	0	0	32	0	0	0	8	0	0	0	68	0	0	32	0	0	0	0	0	0	0	0	0	0	0	11	0	0	0	86	0	0	32	0	0	0	0	0	0	0	0	0	0	0	0	0	0	0	0	0	0	0	11	0	0	0	88	0	0	57	0	0	0	31	0	0	0	77	0	0	0	0	0	0	0	0	0	0	0	0	0	0	0	0	0	0	0	11	0	0	0	133
159	149	15	9	67	139	7	0	46	15	9	67	2	0	71	28	18	0	67	115	129	6	0	42	7	0	46	2	0	67	22	16	0	46	78	15	9	67	5	0	0	42	8	9	0	0	2	0	71	28	18	0	67	115	119	4	0	30	6	0	42	2	0	58	18	13	0	42	76	7	0	46	1	0	0	27	2	0	0	0	2	0	67	22	16	0	46	78	15	9	67	1	0	19	26	0	0	0	58	5	0	0	42	8	9	0	0	2	0	71	28	18	0	67	115	109	2	0	0	4	0	30	1	0	26	0	7	0	30	58	6	0	42	1	0	0	0	2	0	0	0	2	0	58	18	13	0	42	76	7	0	46	0	0	19	0	0	0	0	30	1	0	0	27	2	0	0	0	2	0	67	22	16	0	46	78	15	9	67	3	0	22	0	3	0	0	140	1	0	19	26	0	0	0	58	5	0	0	42	8	9	0	0	2	0	71	28	18	0	67	115
206	193	19	22	100	180	7	0	77	19	22	100	2	0	124	104	18	0	200	70	167	6	0	45	7	0	77	2	0	110	22	16	0	154	34	19	22	100	5	0	0	57	11	11	0	77	2	0	124	104	18	0	200	70	154	4	0	30	6	0	45	2	0	64	18	13	0	90	32	7	0	77	1	0	0	27	2	0	0	35	2	0	110	22	16	0	154	34	19	22	100	1	0	19	26	0	0	0	58	5	0	0	57	11	11	0	77	2	0	124	104	18	0	200	70	141	2	0	0	4	0	30	1	0	26	0	7	0	60	20	6	0	45	1	0	0	0	2	0	0	16	2	0	64	18	13	0	90	32	7	0	77	0	0	19	0	0	0	0	30	1	0	0	27	2	0	0	35	2	0	110	22	16	0	154	34	19	22	100	3	0	22	0	3	0	0	140	1	0	19	26	0	0	0	58	5	0	0	57	11	11	0	77	2	0	124	104	18	0	200	70
223	208	22	14	131	193	16	14	99	22	14	131	23	0	4	136	45	42	0	167	178	9	0	90	16	14	99	19	0	4	123	36	42	0	123	22	14	131	10	0	52	86	7	0	131	0	23	0	4	136	45	42	0	167	163	5	0	58	9	0	90	9	0	4	90	17	0	0	87	16	14	99	10	0	46	22	7	0	99	0	19	0	4	123	36	42	0	123	22	14	131	0	0	40	91	1	0	0	64	10	0	52	86	7	0	131	0	23	0	4	136	45	42	0	167	148	1	0	25	5	0	58	0	0	4	59	12	0	0	60	9	0	90	0	0	46	18	4	0	90	0	9	0	4	90	17	0	0	87	16	14	99	0	0	36	27	1	0	0	25	10	0	46	22	7	0	99	0	19	0	4	123	36	42	0	123	22	14	131	1	0	39	34	16	0	0	107	0	0	40	91	1	0	0	64	10	0	52	86	7	0	131	0	23	0	4	136	45	42	0	167
204	190	51	44	53	176	32	20	51	51	44	53	33	40	4	20	111	118	106	0	162	23	0	51	32	20	51	25	0	4	20	76	40	102	0	51	44	53	25	0	48	0	21	12	106	0	33	40	4	20	111	118	106	0	148	20	0	44	23	0	51	16	0	4	18	58	0	102	0	32	20	51	25	0	46	0	18	10	102	0	25	0	4	20	76	40	102	0	51	44	53	9	0	27	43	3	0	0	0	25	0	48	0	21	12	106	0	33	40	4	20	111	118	106	0	134	8	0	15	20	0	44	7	0	4	0	54	0	88	0	23	0	51	7	0	46	0	12	0	102	0	16	0	4	18	58	0	102	0	32	20	51	4	0	27	0	3	0	0	0	25	0	46	0	18	10	102	0	25	0	4	20	76	40	102	0	51	44	53	13	0	84	22	44	24	0	107	9	0	27	43	3	0	0	0	25	0	48	0	21	12	106	0	33	40	4	20	111	118	106	0
154	142	55	56	13	130	26	38	13	55	56	13	24	38	4	0	125	167	39	0	118	19	31	13	26	38	13	7	24	4	0	58	130	39	0	55	56	13	12	23	9	0	16	25	13	0	24	38	4	0	125	167	39	0	106	19	27	13	19	31	13	7	23	4	0	48	115	39	0	26	38	13	12	20	9	0	11	21	13	0	7	24	4	0	58	130	39	0	55	56	13	7	19	0	0	3	0	0	0	12	23	9	0	16	25	13	0	24	38	4	0	125	167	39	0	94	11	18	7	19	27	13	7	18	4	0	48	96	39	0	19	31	13	5	14	9	0	6	15	13	0	7	23	4	0	48	115	39	0	26	38	13	4	4	0	0	2	0	0	0	12	20	9	0	11	21	13	0	7	24	4	0	58	130	39	0	54	56	13	20	26	45	14	44	18	13	0	7	19	0	0	3	0	0	0	12	23	9	0	16	25	13	0	24	38	4	0	123	167	39	0
165	154	15	0	88	143	8	0	70	15	0	88	8	0	4	89	43	0	0	100	132	3	0	65	8	0	70	0	0	4	80	24	0	0	77	15	0	88	1	0	12	58	3	0	0	0	8	0	4	89	43	0	0	100	121	3	0	40	3	0	65	0	0	4	54	13	0	0	45	8	0	70	1	0	10	22	3	0	0	0	0	0	4	80	24	0	0	77	15	0	88	1	0	0	91	0	0	0	46	1	0	12	58	3	0	0	0	8	0	4	89	43	0	0	100	110	2	0	9	3	0	40	0	0	4	27	13	0	0	30	3	0	65	0	0	10	18	1	0	0	0	0	0	4	54	13	0	0	45	8	0	70	1	0	0	27	0	0	0	16	1	0	10	22	3	0	0	0	0	0	4	80	24	0	0	77	15	0	88	5	0	12	18	6	0	0	107	1	0	0	91	0	0	0	46	1	0	12	58	3	0	0	0	8	0	4	89	43	0	0	100
154	143	40	39	15	132	18	15	15	40	39	15	18	20	4	0	95	104	60	0	121	14	10	15	18	15	15	10	0	4	0	48	45	60	0	40	39	15	5	0	0	0	13	9	15	0	18	20	4	0	95	104	60	0	110	14	9	13	14	10	15	10	0	4	0	43	40	60	0	18	15	15	5	0	0	0	6	5	15	0	10	0	4	0	48	45	60	0	40	39	15	9	9	0	18	2	0	0	0	5	0	0	0	13	9	15	0	18	20	4	0	95	104	60	0	99	10	5	0	14	9	13	10	0	4	0	43	36	52	0	14	10	15	2	0	0	0	3	0	15	0	10	0	4	0	43	40	60	0	18	15	15	3	5	0	0	1	0	0	0	5	0	0	0	6	5	15	0	10	0	4	0	48	45	60	0	40	39	15	12	20	0	0	26	23	0	42	9	9	0	18	2	0	0	0	5	0	0	0	13	9	15	0	18	20	4	0	95	104	60	0
102	94	30	18	18	86	15	12	4	30	18	18	10	6	9	20	71	50	18	28	78	14	12	4	15	12	4	9	6	0	20	42	42	4	28	30	18	18	5	0	0	0	10	5	0	0	10	6	9	20	71	50	18	28	70	13	11	4	14	12	4	9	6	0	20	42	42	4	28	15	12	4	4	0	0	0	4	0	0	0	9	6	0	20	42	42	4	28	30	18	18	6	5	4	0	2	0	0	0	5	0	0	0	10	5	0	0	10	6	9	20	71	50	18	28	62	8	5	4	13	11	4	8	5	0	20	37	38	4	26	14	12	4	2	0	0	0	3	0	0	0	9	6	0	20	42	42	4	28	15	12	4	2	0	0	0	1	0	0	0	4	0	0	0	4	0	0	0	9	6	0	20	42	42	4	28	29	18	18	10	5	18	0	18	10	18	0	6	5	4	0	2	0	0	0	5	0	0	0	10	5	0	0	10	6	9	20	69	50	18	28
124	115	40	14	19	106	20	0	0	40	14	19	15	0	29	0	91	21	38	81	97	19	0	0	20	0	0	14	0	0	0	58	0	0	79	40	14	19	5	0	0	0	12	7	0	0	15	0	29	0	91	21	38	81	88	18	0	0	19	0	0	14	0	0	0	58	0	0	79	20	0	0	4	0	0	0	4	0	0	0	14	0	0	0	58	0	0	79	40	14	19	9	0	4	0	1	0	0	0	5	0	0	0	12	7	0	0	15	0	29	0	91	21	38	81	79	12	0	0	18	0	0	13	0	0	0	53	0	0	70	19	0	0	2	0	0	0	3	0	0	0	14	0	0	0	58	0	0	79	20	0	0	2	0	0	0	1	0	0	0	4	0	0	0	4	0	0	0	14	0	0	0	58	0	0	79	40	14	19	16	0	9	0	24	21	0	0	9	0	4	0	1	0	0	0	5	0	0	0	12	7	0	0	15	0	29	0	91	21	38	81
135	125	47	25	15	115	22	0	0	47	25	15	22	0	25	0	77	65	75	68	105	20	0	0	22	0	0	16	0	0	0	51	0	0	66	47	25	15	4	0	0	0	9	10	0	0	22	0	25	0	77	65	75	68	95	20	0	0	20	0	0	16	0	0	0	51	0	0	66	22	0	0	4	0	0	0	4	0	0	0	16	0	0	0	51	0	0	66	47	25	15	15	0	0	0	2	0	0	0	4	0	0	0	9	10	0	0	22	0	25	0	77	65	75	68	85	15	0	0	20	0	0	16	0	0	0	51	0	0	57	20	0	0	1	0	0	0	2	0	0	0	16	0	0	0	51	0	0	66	22	0	0	5	0	0	0	2	0	0	0	4	0	0	0	4	0	0	0	16	0	0	0	51	0	0	66	47	25	15	33	0	5	0	27	20	0	0	15	0	0	0	2	0	0	0	4	0	0	0	9	10	0	0	22	0	25	0	77	65	75	68
148	136	47	47	9	124	21	27	0	47	47	9	13	18	9	0	93	97	27	28	112	20	27	0	21	27	0	12	18	0	0	58	63	0	28	47	47	9	5	0	0	0	11	6	0	0	13	18	9	0	93	97	27	28	100	19	27	0	20	27	0	12	18	0	0	58	63	0	28	21	27	0	4	0	0	0	4	0	0	0	12	18	0	0	58	63	0	28	46	47	9	9	0	4	0	1	0	0	0	5	0	0	0	11	6	0	0	13	18	9	0	92	97	27	28	88	13	24	0	19	27	0	11	18	0	0	53	63	0	26	20	27	0	2	0	0	0	3	0	0	0	12	18	0	0	58	63	0	28	20	27	0	2	0	0	0	1	0	0	0	4	0	0	0	4	0	0	0	12	18	0	0	57	63	0	28	45	47	9	22	18	9	0	31	18	0	0	9	0	4	0	1	0	0	0	5	0	0	0	11	6	0	0	13	18	9	0	90	97	27	28
94	87	33	12	0	80	15	0	0	33	12	0	11	0	0	0	58	24	0	0	73	14	0	0	15	0	0	10	0	0	0	36	0	0	0	33	12	0	2	0	0	0	6	3	0	0	11	0	0	0	58	24	0	0	66	14	0	0	14	0	0	10	0	0	0	36	0	0	0	15	0	0	2	0	0	0	2	0	0	0	10	0	0	0	36	0	0	0	33	12	0	6	0	0	0	1	0	0	0	2	0	0	0	6	3	0	0	11	0	0	0	58	24	0	0	59	11	0	0	14	0	0	10	0	0	0	36	0	0	0	14	0	0	0	0	0	0	1	0	0	0	10	0	0	0	36	0	0	0	15	0	0	2	0	0	0	1	0	0	0	2	0	0	0	2	0	0	0	10	0	0	0	36	0	0	0	33	12	0	17	0	0	0	18	9	0	0	6	0	0	0	1	0	0	0	2	0	0	0	6	3	0	0	11	0	0	0	58	24	0	0
239	219	69	97	76	199	44	78	41	69	97	76	43	78	33	52	120	168	76	61	179	32	62	18	44	78	41	26	64	33	0	95	160	41	4	68	97	76	14	30	95	36	13	31	76	81	43	78	33	52	120	168	76	61	159	28	58	18	32	62	18	24	60	27	0	73	154	18	4	43	78	41	14	28	92	36	13	30	41	79	26	64	33	0	95	160	41	4	68	97	76	11	58	21	0	3	15	0	0	14	30	95	36	13	31	76	81	43	78	33	52	120	168	76	61	139	16	28	18	28	58	18	17	56	27	0	57	144	18	4	31	62	18	2	0	72	36	3	15	18	79	24	60	27	0	73	154	18	4	43	78	41	4	28	9	0	3	14	0	0	14	28	92	36	13	30	41	79	26	64	33	0	95	160	41	4	67	97	76	31	28	36	0	44	74	152	0	11	58	21	0	3	15	0	0	14	30	95	36	13	31	76	81	43	78	33	52	118	168	76	61
179	165	41	33	74	151	26	0	64	41	33	74	30	0	47	20	59	11	222	15	137	20	0	34	26	0	64	15	0	47	0	50	0	192	0	41	33	74	4	0	48	67	9	0	0	184	30	0	47	20	59	11	222	15	123	20	0	28	20	0	34	15	0	40	0	42	0	102	0	26	0	64	4	0	48	57	8	0	0	150	15	0	47	0	50	0	192	0	41	33	74	14	0	0	56	4	0	0	0	4	0	48	67	9	0	0	184	30	0	47	20	59	11	222	15	109	15	0	28	20	0	28	15	0	36	0	42	0	84	0	20	0	34	1	0	39	57	2	0	0	141	15	0	40	0	42	0	102	0	26	0	64	5	0	0	56	3	0	0	0	4	0	48	57	8	0	0	150	15	0	47	0	50	0	192	0	41	33	74	31	0	0	0	29	11	0	0	14	0	0	56	4	0	0	0	4	0	48	67	9	0	0	184	30	0	47	20	59	11	222	15
189	172	67	108	16	155	41	67	11	67	108	16	35	105	33	0	65	164	80	15	138	35	59	9	41	67	11	22	72	33	0	51	132	55	0	62	108	16	7	23	33	18	10	23	16	0	35	105	33	0	65	164	80	15	121	34	51	9	35	59	9	21	69	27	0	44	129	45	0	36	67	11	7	18	33	18	6	18	11	0	22	72	33	0	51	132	55	0	60	108	16	7	63	0	0	5	11	0	0	7	23	33	18	10	23	16	0	31	105	33	0	63	164	80	15	104	25	29	9	34	51	9	17	51	27	0	40	106	45	0	30	59	9	1	11	27	18	1	11	9	0	21	69	27	0	44	129	45	0	34	67	11	3	18	0	0	2	6	0	0	7	18	33	18	6	18	11	0	18	72	33	0	49	132	55	0	60	108	16	30	101	0	0	62	66	16	0	7	63	0	0	5	11	0	0	7	23	33	18	10	23	16	0	31	105	33	0	63	164	80	15
169	154	50	70	21	139	24	50	0	50	70	21	20	40	0	0	56	160	42	43	124	22	50	0	24	50	0	14	40	0	0	38	150	0	0	48	70	21	4	0	0	0	4	0	0	0	20	40	0	0	56	160	42	43	109	22	48	0	22	50	0	14	40	0	0	38	150	0	0	22	50	0	4	0	0	0	4	0	0	0	14	40	0	0	38	150	0	0	46	70	21	12	16	0	0	2	0	0	0	4	0	0	0	4	0	0	0	19	40	0	0	54	160	42	43	94	17	32	0	22	48	0	14	32	0	0	38	140	0	0	20	50	0	1	0	0	0	2	0	0	0	14	40	0	0	38	150	0	0	20	50	0	5	0	0	0	2	0	0	0	4	0	0	0	4	0	0	0	13	40	0	0	36	150	0	0	45	70	21	33	64	6	0	34	8	21	0	12	16	0	0	2	0	0	0	4	0	0	0	4	0	0	0	19	40	0	0	52	160	42	43
131	120	38	32	14	109	23	18	0	38	32	14	23	0	0	0	50	36	28	24	98	21	18	0	23	18	0	17	0	0	0	45	36	0	0	37	32	14	4	0	0	0	4	0	0	0	23	0	0	0	50	36	28	24	87	21	18	0	21	18	0	17	0	0	0	45	36	0	0	22	18	0	4	0	0	0	4	0	0	0	17	0	0	0	45	36	0	0	37	32	14	14	0	0	0	2	0	0	0	4	0	0	0	4	0	0	0	23	0	0	0	50	36	28	24	76	15	14	0	21	18	0	17	0	0	0	45	36	0	0	20	18	0	1	0	0	0	2	0	0	0	17	0	0	0	45	36	0	0	22	18	0	5	0	0	0	2	0	0	0	4	0	0	0	4	0	0	0	17	0	0	0	45	36	0	0	37	32	14	26	28	6	0	23	7	0	0	14	0	0	0	2	0	0	0	4	0	0	0	4	0	0	0	23	0	0	0	50	36	28	24
140	127	39	39	52	114	30	30	43	39	39	52	24	0	68	33	35	0	52	16	101	29	30	43	30	30	43	24	0	53	33	32	0	43	11	32	39	52	7	0	0	0	11	9	0	0	24	0	68	33	35	0	52	16	88	27	30	41	29	30	43	23	0	53	27	29	0	43	9	23	30	43	6	0	0	0	2	0	0	0	24	0	53	33	32	0	43	11	27	39	52	4	0	6	18	5	9	0	0	7	0	0	0	11	9	0	0	15	0	68	33	28	0	52	16	75	15	27	41	27	30	41	16	0	47	27	22	0	41	9	22	30	43	2	0	0	0	1	0	0	0	23	0	53	27	29	0	43	9	18	30	43	1	0	0	18	0	0	0	0	6	0	0	0	2	0	0	0	15	0	53	33	25	0	43	11	27	39	52	10	27	18	0	41	86	0	0	4	0	6	18	5	9	0	0	7	0	0	0	11	9	0	0	15	0	68	33	28	0	52	16
103	94	25	8	40	85	22	8	8	25	8	40	14	0	6	0	33	0	0	125	76	22	8	8	22	8	8	14	0	0	0	33	0	0	75	22	8	40	2	0	0	0	4	0	0	0	14	0	6	0	33	0	0	125	67	20	8	8	22	8	8	14	0	0	0	33	0	0	43	19	8	8	1	0	0	0	1	0	0	0	14	0	0	0	33	0	0	75	21	8	40	3	0	14	0	3	0	0	0	2	0	0	0	4	0	0	0	11	0	6	0	32	0	0	125	58	9	8	8	20	8	8	7	0	0	0	25	0	0	37	19	8	8	1	0	0	0	1	0	0	0	14	0	0	0	33	0	0	43	18	8	8	0	0	0	0	0	0	0	0	1	0	0	0	1	0	0	0	11	0	0	0	32	0	0	75	21	8	40	5	0	64	0	20	8	0	0	3	0	14	0	3	0	0	0	2	0	0	0	4	0	0	0	11	0	6	0	32	0	0	125
162	148	36	25	94	134	26	13	73	36	25	94	19	0	85	47	31	0	94	90	120	25	13	73	26	13	73	19	0	70	47	28	0	73	75	33	25	94	7	0	0	0	12	12	0	0	19	0	85	47	31	0	94	90	106	23	13	70	25	13	73	18	0	70	40	25	0	73	43	23	13	73	6	0	0	0	2	0	0	0	19	0	70	47	28	0	73	75	32	25	94	4	0	6	31	5	12	0	0	7	0	0	0	12	12	0	0	16	0	85	47	30	0	94	90	92	14	12	60	23	13	70	11	0	64	36	18	0	70	37	22	13	73	2	0	0	0	1	0	0	0	18	0	70	40	25	0	73	43	22	13	73	1	0	0	27	0	0	0	0	6	0	0	0	2	0	0	0	16	0	70	47	27	0	73	75	32	25	94	12	12	18	110	49	61	0	0	4	0	6	31	5	12	0	0	7	0	0	0	12	12	0	0	16	0	85	47	30	0	94	90
134	121	53	50	54	108	39	36	45	52	50	54	28	0	116	33	49	27	108	16	95	37	36	45	38	36	45	28	0	101	33	42	27	90	11	37	50	54	10	0	0	0	13	14	0	0	24	0	116	33	39	27	108	16	82	35	36	43	36	36	45	27	0	101	27	36	27	90	9	23	36	45	9	0	0	0	3	0	0	0	24	0	101	33	32	27	90	11	35	50	54	5	0	6	18	6	7	0	0	10	0	0	0	13	14	0	0	18	0	116	33	36	27	108	16	69	23	28	43	34	36	43	20	0	95	27	29	27	86	9	21	36	45	2	0	0	0	1	0	0	0	23	0	101	27	26	27	90	9	21	36	45	2	0	0	18	0	0	0	0	9	0	0	0	3	0	0	0	18	0	101	33	29	27	90	11	35	50	54	18	56	18	0	60	67	0	0	5	0	6	18	6	7	0	0	10	0	0	0	13	14	0	0	18	0	116	33	36	27	108	16
99	90	28	15	46	81	23	14	0	28	15	46	17	7	20	0	41	14	0	201	72	23	14	0	23	14	0	17	7	0	0	41	14	0	116	24	15	46	4	0	0	0	5	0	0	0	17	7	20	0	41	14	0	201	63	19	14	0	23	14	0	17	7	0	0	41	14	0	61	19	14	0	1	0	0	0	2	0	0	0	17	7	0	0	41	14	0	116	23	15	46	5	0	42	0	3	0	0	0	4	0	0	0	5	0	0	0	14	7	20	0	40	14	0	201	54	7	7	0	19	14	0	6	7	0	0	27	14	0	55	19	14	0	1	0	0	0	2	0	0	0	17	7	0	0	41	14	0	61	18	14	0	0	0	0	0	0	0	0	0	1	0	0	0	2	0	0	0	14	7	0	0	40	14	0	116	23	15	46	2	0	92	0	19	8	46	0	5	0	42	0	3	0	0	0	4	0	0	0	5	0	0	0	14	7	20	0	40	14	0	201
172	154	70	92	113	136	56	83	72	66	92	113	45	111	0	132	85	137	0	200	118	49	67	48	52	83	72	39	103	0	79	62	126	0	161	47	92	113	6	56	53	44	5	11	113	92	32	111	0	132	70	137	0	200	100	44	55	48	45	67	48	32	88	0	79	43	89	0	161	33	83	72	6	55	46	44	5	11	72	52	26	103	0	79	47	126	0	161	44	92	113	13	11	63	0	1	0	113	0	6	56	53	44	5	11	113	92	25	111	0	132	66	137	0	200	82	25	11	44	40	55	48	29	44	0	73	31	44	0	154	26	67	48	0	11	11	36	0	0	48	27	19	88	0	79	28	89	0	161	30	83	72	4	11	46	0	0	0	72	0	6	55	46	44	5	11	72	52	19	103	0	79	43	126	0	161	44	92	113	29	0	78	36	39	77	452	0	13	11	63	0	1	0	113	0	6	56	53	44	5	11	113	92	25	111	0	132	66	137	0	200
179	161	61	72	118	143	44	69	103	57	72	118	44	42	0	105	89	98	0	54	125	39	53	99	40	69	103	33	42	0	96	50	95	0	45	42	72	118	7	39	12	44	4	13	118	0	31	42	0	105	74	98	0	54	107	38	52	99	35	53	99	32	39	0	96	37	53	0	45	25	69	103	7	39	12	44	4	13	103	0	20	42	0	96	35	95	0	45	41	72	118	16	13	0	0	1	0	0	0	7	39	12	44	4	13	118	0	28	42	0	105	72	98	0	54	89	23	13	95	34	52	99	28	39	0	90	33	52	0	43	20	53	99	1	0	11	36	0	0	99	0	19	39	0	96	22	53	0	45	24	69	103	5	13	0	0	0	0	0	0	7	39	12	44	4	13	103	0	17	42	0	96	33	95	0	45	41	72	118	34	0	28	36	46	65	354	0	16	13	0	0	1	0	0	0	7	39	12	44	4	13	118	0	28	42	0	105	72	98	0	54
137	122	76	83	29	107	52	56	26	66	83	29	49	78	0	42	125	135	87	0	92	47	48	22	42	56	26	41	60	0	33	65	68	78	0	50	83	29	13	18	12	44	8	9	29	0	27	78	0	42	99	135	87	0	77	46	39	22	37	48	22	40	54	0	33	52	47	66	0	26	56	26	13	12	12	44	4	6	26	0	19	60	0	33	39	68	78	0	50	83	29	30	63	0	0	5	0	0	0	13	18	12	44	8	9	29	0	27	78	0	42	99	135	87	0	62	27	18	18	36	39	22	36	36	0	27	48	36	66	0	21	48	22	6	0	11	36	0	0	22	0	18	54	0	33	26	47	66	0	26	56	26	4	18	0	0	1	0	0	0	13	12	12	44	4	6	26	0	19	60	0	33	39	68	78	0	49	83	29	37	54	0	36	51	102	58	0	30	63	0	0	5	0	0	0	12	18	12	44	8	9	29	0	27	78	0	42	97	135	87	0
160	144	55	63	88	128	39	39	87	48	63	88	41	26	0	16	91	95	176	0	112	35	39	86	32	39	87	33	26	0	16	50	39	174	0	38	63	88	10	0	12	11	6	0	0	0	22	26	0	16	73	95	176	0	96	35	37	86	28	39	86	33	26	0	16	38	39	172	0	22	39	87	10	0	12	11	4	0	0	0	14	26	0	16	32	39	174	0	38	63	88	35	22	0	0	3	0	0	0	10	0	12	11	6	0	0	0	22	26	0	16	73	95	176	0	80	20	22	84	28	37	86	33	22	0	16	38	35	172	0	18	39	86	5	0	11	9	0	0	0	0	14	26	0	16	20	39	172	0	22	39	87	6	0	0	0	1	0	0	0	10	0	12	11	4	0	0	0	14	26	0	16	32	39	174	0	37	63	88	34	44	0	18	41	125	88	0	35	22	0	0	3	0	0	0	9	0	12	11	6	0	0	0	22	26	0	16	71	95	176	0
153	138	56	67	58	123	34	22	58	53	67	58	31	40	8	0	112	149	290	0	108	28	14	55	31	22	58	23	0	8	0	51	38	290	0	51	67	58	10	0	28	33	8	13	58	0	28	40	8	0	106	149	290	0	93	28	13	52	25	14	55	23	0	7	0	35	14	275	0	29	22	58	10	0	28	30	4	8	58	0	20	0	8	0	45	38	290	0	51	67	58	36	13	0	12	5	0	0	0	10	0	28	33	8	13	58	0	28	40	8	0	106	149	290	0	78	14	8	43	25	13	52	23	0	4	0	35	13	260	0	23	14	55	5	0	25	21	0	0	55	0	20	0	7	0	29	14	275	0	29	22	58	5	8	0	0	2	0	0	0	10	0	28	30	4	8	58	0	20	0	8	0	45	38	290	0	50	67	58	27	40	0	54	48	70	0	13	36	13	0	12	5	0	0	0	9	0	28	33	8	13	58	0	28	40	8	0	104	149	290	0
136	122	55	40	49	108	31	0	34	55	40	49	31	0	38	8	113	110	196	87	94	29	0	34	31	0	34	24	0	22	8	49	0	136	84	51	40	49	17	0	0	0	5	20	0	0	31	0	38	8	107	110	196	87	80	26	0	31	29	0	34	23	0	22	7	47	0	136	77	27	0	34	11	0	0	0	0	0	0	0	24	0	22	8	43	0	136	84	50	40	49	38	0	12	21	5	10	0	0	17	0	0	0	5	20	0	0	28	0	38	8	104	110	196	87	66	12	0	18	26	0	31	16	0	19	4	43	0	124	74	25	0	34	10	0	0	0	0	0	0	0	23	0	22	7	41	0	136	77	26	0	34	6	0	0	9	4	0	0	0	11	0	0	0	0	0	0	0	21	0	22	8	40	0	136	84	46	40	49	23	0	26	41	32	30	0	18	38	0	12	21	5	10	0	0	13	0	0	0	5	20	0	0	27	0	38	8	96	110	196	87
76	68	39	7	25	60	24	7	0	36	7	25	20	0	14	0	72	7	0	175	52	24	7	0	21	7	0	20	0	0	0	31	7	0	171	34	7	25	7	0	0	0	6	0	0	0	17	0	14	0	66	7	0	175	44	21	7	0	21	7	0	20	0	0	0	31	7	0	163	19	7	0	5	0	0	0	0	0	0	0	17	0	0	0	25	7	0	171	34	7	25	28	0	23	0	5	0	0	0	7	0	0	0	6	0	0	0	17	0	14	0	66	7	0	175	36	8	0	0	18	7	0	12	0	0	0	26	7	0	160	19	7	0	5	0	0	0	0	0	0	0	17	0	0	0	25	7	0	163	19	7	0	1	0	0	0	2	0	0	0	5	0	0	0	0	0	0	0	17	0	0	0	25	7	0	171	33	7	25	14	0	48	0	32	7	25	0	28	0	23	0	5	0	0	0	6	0	0	0	6	0	0	0	17	0	14	0	64	7	0	175
150	131	83	134	25	112	46	94	0	70	134	25	47	64	14	0	142	296	125	175	94	44	89	0	36	94	0	40	60	0	0	61	170	0	171	59	116	25	15	65	0	0	4	14	0	0	28	64	14	0	120	242	125	175	76	39	68	0	34	89	0	39	60	0	0	59	159	0	163	25	76	0	6	64	0	0	0	0	0	0	21	60	0	0	39	116	0	171	56	116	25	23	156	23	0	7	23	0	0	15	65	0	0	4	14	0	0	25	64	14	0	113	242	125	175	59	20	31	0	29	68	0	30	40	0	0	50	136	0	160	23	72	0	5	60	0	0	0	0	0	0	20	60	0	0	37	108	0	163	24	76	0	5	12	0	0	3	12	0	0	6	64	0	0	0	0	0	0	18	60	0	0	36	116	0	171	49	99	25	27	83	48	0	33	105	100	0	23	156	23	0	7	23	0	0	9	48	0	0	4	14	0	0	24	64	14	0	100	208	125	175
81	71	40	33	8	61	20	24	0	35	33	8	11	24	8	0	78	55	8	58	51	20	24	0	15	24	0	11	24	0	0	30	42	0	58	31	33	8	8	0	0	0	5	0	0	0	7	24	8	0	66	55	8	58	41	19	22	0	15	24	0	11	24	0	0	30	42	0	55	11	24	0	5	0	0	0	0	0	0	0	7	24	0	0	18	42	0	58	31	33	8	28	10	0	0	6	8	0	0	8	0	0	0	5	0	0	0	7	24	8	0	66	55	8	58	31	8	10	0	14	22	0	11	20	0	0	27	39	0	52	11	24	0	5	0	0	0	0	0	0	0	7	24	0	0	18	42	0	55	11	24	0	1	0	0	0	2	6	0	0	5	0	0	0	0	0	0	0	7	24	0	0	18	42	0	58	25	33	8	15	10	8	0	18	30	16	0	27	10	0	0	6	8	0	0	4	0	0	0	5	0	0	0	7	24	8	0	57	55	8	58
68	61	32	10	8	54	17	0	0	32	10	8	11	0	8	0	71	20	16	58	47	17	0	0	17	0	0	11	0	0	0	30	0	0	58	31	10	8	5	0	0	0	5	0	0	0	11	0	8	0	68	20	16	58	40	17	0	0	17	0	0	11	0	0	0	30	0	0	55	16	0	0	5	0	0	0	0	0	0	0	11	0	0	0	27	0	0	58	31	10	8	26	0	0	0	5	0	0	0	5	0	0	0	5	0	0	0	11	0	8	0	68	20	16	58	33	7	0	0	17	0	0	11	0	0	0	30	0	0	52	16	0	0	5	0	0	0	0	0	0	0	11	0	0	0	27	0	0	55	16	0	0	1	0	0	0	3	0	0	0	5	0	0	0	0	0	0	0	11	0	0	0	27	0	0	58	28	10	8	15	0	8	0	20	10	0	0	26	0	0	0	5	0	0	0	4	0	0	0	5	0	0	0	11	0	8	0	62	20	16	58
157	139	77	59	118	121	49	14	92	77	59	118	47	42	79	67	117	129	354	74	103	38	0	46	49	14	92	36	0	79	8	67	14	276	34	65	59	118	20	0	113	94	1	0	118	318	47	42	79	67	106	129	354	74	85	27	0	40	38	0	46	22	0	63	8	57	0	138	34	37	14	92	15	0	107	88	1	0	92	259	36	0	79	8	56	14	276	34	61	59	118	16	0	92	44	3	0	0	0	20	0	113	94	1	0	118	318	39	42	79	67	98	129	354	74	67	21	0	18	27	0	40	17	0	46	7	47	0	120	31	26	0	46	14	0	11	62	1	0	46	224	22	0	63	8	46	0	138	34	33	14	92	6	0	50	0	3	0	0	0	15	0	107	88	1	0	92	259	28	0	79	8	48	14	276	34	54	59	118	34	0	7	18	47	28	0	92	16	0	92	44	3	0	0	0	12	0	113	94	0	0	118	318	34	42	79	67	81	129	354	74
127	112	50	47	64	97	23	14	40	50	47	64	22	0	50	15	82	116	192	82	82	21	14	38	23	14	40	15	0	50	14	37	28	120	34	45	47	64	15	0	0	23	0	0	0	0	22	0	50	15	76	116	192	82	67	16	14	37	21	14	38	14	0	48	14	35	28	114	34	18	14	40	11	0	0	22	0	0	0	0	15	0	50	14	31	28	120	34	40	47	64	12	0	28	14	3	0	0	0	15	0	0	23	0	0	0	0	18	0	50	15	67	116	192	82	53	12	11	18	16	14	37	9	0	46	12	30	28	111	31	16	14	38	10	0	0	7	0	0	0	0	14	0	48	14	29	28	114	34	15	14	40	6	0	0	0	3	0	0	0	11	0	0	22	0	0	0	0	11	0	50	14	26	28	120	34	36	33	64	24	33	7	30	29	0	0	76	12	0	28	14	3	0	0	0	11	0	0	23	0	0	0	0	17	0	50	15	59	88	192	82
98	86	59	41	17	74	30	11	10	59	41	17	30	0	40	0	91	94	85	25	62	28	11	10	30	11	10	23	0	40	0	48	22	50	0	51	41	17	19	0	0	0	1	0	0	0	30	0	40	0	85	94	85	25	50	23	11	8	28	11	10	22	0	40	0	46	22	50	0	22	11	10	15	0	0	0	1	0	0	0	23	0	40	0	42	22	50	0	44	41	17	16	0	28	16	3	0	0	0	19	0	0	0	1	0	0	0	22	0	40	0	72	94	85	25	39	17	6	0	23	11	8	17	0	32	0	41	22	40	0	20	11	10	14	0	0	0	1	0	0	0	22	0	40	0	40	22	50	0	17	11	10	6	0	0	0	3	0	0	0	15	0	0	0	1	0	0	0	15	0	40	0	33	22	50	0	38	30	17	26	30	7	0	35	12	0	21	16	0	28	16	3	0	0	0	11	0	0	0	0	0	0	0	17	0	40	0	57	72	85	25
94	82	47	37	27	70	23	27	0	47	37	27	23	18	0	0	89	83	27	90	58	21	27	0	23	27	0	16	18	0	0	40	63	0	34	42	37	27	18	0	0	0	0	0	0	0	23	18	0	0	80	83	27	90	46	13	25	0	21	27	0	15	18	0	0	38	63	0	34	18	27	0	11	0	0	0	0	0	0	0	16	18	0	0	31	63	0	34	39	37	27	10	16	38	0	3	9	0	0	18	0	0	0	0	0	0	0	20	18	0	0	73	83	27	90	35	9	8	0	13	25	0	6	16	0	0	27	58	0	31	16	27	0	10	0	0	0	0	0	0	0	15	18	0	0	29	63	0	34	17	27	0	6	0	0	0	3	9	0	0	11	0	0	0	0	0	0	0	13	18	0	0	28	63	0	34	30	26	27	20	8	17	0	23	0	54	0	10	16	38	0	3	9	0	0	11	0	0	0	0	0	0	0	19	18	0	0	58	61	27	90
117	99	69	129	17	81	34	94	0	63	129	17	28	112	0	0	94	230	68	74	66	33	78	0	31	94	0	25	78	0	0	50	154	0	34	47	84	17	12	96	0	0	1	0	17	0	19	112	0	0	78	185	68	74	52	28	63	0	30	78	0	25	63	0	0	49	133	0	34	18	52	0	9	63	0	0	1	0	0	0	16	78	0	0	34	112	0	34	41	70	17	10	81	28	0	3	12	17	0	12	96	0	0	1	0	17	0	14	70	0	0	68	143	68	74	39	20	49	0	25	63	0	21	49	0	0	42	107	0	31	17	39	0	9	49	0	0	1	0	0	0	16	63	0	0	33	94	0	34	14	39	0	1	49	0	0	2	11	0	0	9	63	0	0	1	0	0	0	11	39	0	0	28	73	0	34	32	57	17	31	67	7	0	31	45	17	0	10	81	28	0	3	12	17	0	4	57	0	0	0	0	17	0	10	57	0	0	48	117	68	74
126	110	43	28	106	94	30	0	56	43	28	106	24	0	33	63	44	0	212	243	78	29	0	56	30	0	56	23	0	12	63	41	0	112	142	32	28	106	10	0	6	0	1	0	0	0	24	0	33	63	41	0	212	243	62	26	0	54	29	0	56	22	0	12	60	40	0	112	94	19	0	56	9	0	0	0	1	0	0	0	23	0	12	63	38	0	112	142	23	28	106	9	0	22	26	2	0	0	0	10	0	6	0	1	0	0	0	10	0	33	63	27	0	212	243	46	16	0	44	26	0	54	19	0	11	51	32	0	108	85	18	0	56	8	0	0	0	1	0	0	0	22	0	12	60	37	0	112	94	10	0	56	4	0	0	20	2	0	0	0	9	0	0	0	1	0	0	0	9	0	12	63	24	0	112	142	17	28	106	14	0	31	74	21	56	0	0	9	0	22	26	2	0	0	0	3	0	6	0	0	0	0	0	5	0	33	63	12	0	212	243
89	77	38	29	44	65	26	11	19	38	29	44	22	0	6	19	35	11	88	98	53	25	11	19	26	11	19	21	0	0	19	33	11	38	50	26	29	44	10	0	6	0	1	0	0	0	22	0	6	19	32	11	88	98	42	24	11	19	25	11	19	20	0	0	19	32	11	38	48	15	11	19	9	0	0	0	1	0	0	0	21	0	0	19	30	11	38	50	18	18	44	9	0	6	0	1	0	0	0	10	0	6	0	1	0	0	0	8	0	6	19	19	0	88	98	31	15	9	17	24	11	19	19	0	0	17	29	11	38	45	14	11	19	8	0	0	0	1	0	0	0	20	0	0	19	29	11	38	48	7	0	19	4	0	0	0	1	0	0	0	9	0	0	0	1	0	0	0	7	0	0	19	17	0	38	50	13	18	44	12	18	23	16	20	36	0	0	9	0	6	0	1	0	0	0	3	0	6	0	0	0	0	0	3	0	6	19	6	0	88	98
96	83	30	32	64	70	18	12	54	30	32	64	15	0	20	54	21	0	128	17	58	18	12	54	18	12	54	15	0	19	54	20	0	108	10	23	20	64	4	0	0	0	1	0	0	0	15	0	20	54	21	0	128	17	46	18	12	52	18	12	54	15	0	19	51	20	0	108	10	11	0	54	4	0	0	0	1	0	0	0	15	0	19	54	20	0	108	10	15	20	64	4	0	0	26	0	0	0	0	4	0	0	0	1	0	0	0	4	0	20	54	10	0	128	17	34	11	12	35	18	12	52	15	0	18	42	20	0	104	8	11	0	54	4	0	0	0	1	0	0	0	15	0	19	51	20	0	108	10	3	0	54	0	0	0	20	0	0	0	0	4	0	0	0	1	0	0	0	4	0	19	54	9	0	108	10	12	20	64	10	0	6	74	19	40	0	46	4	0	0	26	0	0	0	0	0	0	0	0	0	0	0	0	0	0	20	54	1	0	128	17
121	104	52	75	73	87	35	30	33	52	75	73	28	15	81	33	47	26	292	216	71	33	30	33	35	30	33	23	15	56	33	41	15	132	142	33	59	73	10	0	18	0	1	0	0	0	28	15	81	33	39	26	292	216	56	32	30	21	33	30	33	22	15	56	21	39	15	132	94	17	15	33	9	0	11	0	1	0	0	0	23	15	56	33	33	15	132	142	24	44	73	9	0	6	11	1	0	0	113	10	0	18	0	1	0	0	0	12	0	81	33	24	11	292	216	41	22	26	14	32	30	21	21	15	11	14	36	15	84	85	15	15	33	8	0	11	0	1	0	0	0	22	15	56	21	31	15	132	94	8	0	33	4	0	0	6	1	0	0	72	9	0	11	0	1	0	0	0	7	0	56	33	18	0	132	142	19	44	73	15	44	23	46	28	55	0	0	9	0	6	11	1	0	0	113	3	0	18	0	0	0	0	0	7	0	81	33	11	11	292	216
88	73	44	80	26	58	21	58	0	44	80	26	19	80	20	0	36	107	52	152	45	19	54	0	21	58	0	13	72	0	0	21	99	0	102	30	54	26	6	36	6	0	0	9	0	0	19	80	20	0	33	107	52	152	34	18	50	0	19	54	0	12	72	0	0	20	99	0	56	11	36	0	5	36	0	0	0	9	0	0	13	72	0	0	18	99	0	102	16	32	26	5	28	6	0	1	0	0	0	6	36	6	0	0	9	0	0	4	36	20	0	11	63	52	152	25	12	32	0	18	50	0	11	64	0	0	17	85	0	48	10	36	0	4	36	0	0	0	9	0	0	12	72	0	0	17	99	0	56	4	18	0	4	0	0	0	1	0	0	0	5	36	0	0	0	9	0	0	3	36	0	0	8	63	0	102	14	14	26	10	28	12	0	20	28	52	0	5	28	6	0	1	0	0	0	3	0	6	0	0	0	0	0	3	0	20	0	7	0	52	152
114	95	26	63	128	76	23	60	72	26	63	128	15	45	13	58	26	15	0	313	60	23	60	70	23	60	72	15	45	12	54	24	15	0	162	12	15	128	4	0	0	23	1	0	0	0	15	45	13	58	21	15	0	313	45	21	60	70	23	60	70	15	45	11	54	24	15	0	162	10	15	72	4	0	0	23	1	0	0	0	15	45	12	54	19	15	0	162	4	0	128	0	0	14	0	0	0	0	0	4	0	0	23	1	0	0	0	4	0	13	58	9	0	0	313	30	13	45	54	21	60	70	11	45	11	40	17	15	0	146	10	15	70	4	0	0	11	1	0	0	0	15	45	11	54	19	15	0	162	2	0	72	0	0	0	0	0	0	0	0	4	0	0	23	1	0	0	0	4	0	12	54	7	0	0	162	2	0	128	5	0	34	46	6	0	128	113	0	0	14	0	0	0	0	0	0	0	0	23	0	0	0	0	0	0	13	58	2	0	0	313
67	55	22	35	61	43	18	32	10	22	35	61	15	24	0	0	16	32	0	313	32	18	32	10	18	32	10	15	24	0	0	16	32	0	162	8	24	61	4	0	0	0	1	0	0	0	15	24	0	0	16	32	0	313	24	16	32	10	18	32	10	15	24	0	0	16	32	0	162	8	24	10	4	0	0	0	1	0	0	0	15	24	0	0	16	32	0	162	2	0	61	0	0	14	0	0	0	0	0	4	0	0	0	1	0	0	0	4	0	0	0	7	0	0	313	16	10	8	9	16	32	10	11	24	0	0	9	32	0	146	8	24	10	4	0	0	0	1	0	0	0	15	24	0	0	16	32	0	162	2	0	10	0	0	0	0	0	0	0	0	4	0	0	0	1	0	0	0	4	0	0	0	7	0	0	162	0	0	61	0	0	34	9	0	0	183	0	0	0	14	0	0	0	0	0	0	0	0	0	0	0	0	0	0	0	0	0	0	0	0	313
72	59	27	39	57	46	20	36	45	26	39	57	11	27	27	12	20	18	0	73	36	20	36	43	19	36	45	11	27	26	11	16	18	0	33	10	9	57	0	0	0	24	0	0	0	0	7	27	27	12	10	18	0	73	27	20	36	43	19	36	43	11	27	24	11	16	18	0	33	5	9	45	0	0	0	24	0	0	0	0	7	27	26	11	6	18	0	33	5	0	57	0	0	0	0	0	0	0	0	0	0	0	24	0	0	0	0	0	0	27	12	4	0	0	73	18	15	27	16	19	36	43	11	27	24	0	16	18	0	21	5	9	43	0	0	0	0	0	0	0	0	7	27	24	11	6	18	0	33	0	0	45	0	0	0	0	0	0	0	0	0	0	0	24	0	0	0	0	0	0	26	11	0	0	0	33	5	0	57	13	0	11	23	14	0	57	231	0	0	0	0	0	0	0	0	0	0	0	24	0	0	0	0	0	0	27	12	4	0	0	73
86	70	41	65	84	54	27	55	65	32	65	84	26	0	67	78	34	65	84	73	43	26	55	42	23	55	65	25	0	62	11	25	55	65	33	15	10	84	5	0	10	33	0	0	0	135	13	0	67	78	21	10	84	73	32	25	55	39	22	55	42	24	0	51	11	22	55	42	33	6	0	65	4	0	6	30	0	0	0	92	12	0	62	11	12	0	65	33	11	10	84	7	0	10	18	2	0	0	0	5	0	10	33	0	0	0	135	3	0	67	78	14	10	84	73	21	18	50	7	21	55	39	23	0	42	0	20	55	39	21	5	0	42	3	0	0	0	0	0	0	46	11	0	51	11	9	0	42	33	2	0	65	3	0	6	0	1	0	0	0	4	0	6	30	0	0	0	92	2	0	62	11	5	0	65	33	10	10	84	14	50	21	14	20	30	0	260	7	0	10	18	2	0	0	0	2	0	10	33	0	0	0	135	2	0	67	78	12	10	84	73
70	56	34	63	59	43	20	45	58	23	50	59	18	36	83	12	26	52	118	0	34	20	45	55	14	36	58	18	36	82	11	17	45	116	0	10	14	59	0	0	0	33	0	0	0	0	3	0	83	12	11	7	118	0	25	20	45	50	14	36	55	18	36	77	11	17	45	110	0	1	0	58	0	0	0	30	0	0	0	0	3	0	82	11	2	0	116	0	9	14	59	3	0	0	40	1	0	0	0	0	0	0	33	0	0	0	0	0	0	83	12	9	7	118	0	16	14	37	7	14	36	50	18	36	64	0	17	45	100	0	1	0	55	0	0	0	0	0	0	0	0	3	0	77	11	2	0	110	0	0	0	58	0	0	0	0	0	0	0	0	0	0	0	30	0	0	0	0	0	0	82	11	0	0	116	0	9	14	59	8	56	0	14	20	35	0	348	3	0	0	40	1	0	0	0	0	0	0	33	0	0	0	0	0	0	83	12	9	7	118	0
55	42	29	46	52	32	19	40	42	16	16	52	18	48	12	33	34	40	0	59	24	18	40	42	11	16	42	17	48	12	33	21	40	0	58	6	0	52	1	0	12	0	0	0	0	0	1	0	12	33	15	0	0	59	16	18	40	36	10	16	42	17	48	12	31	19	40	0	55	1	0	42	1	0	12	0	0	0	0	0	0	0	12	33	2	0	0	58	6	0	52	7	0	0	44	4	0	0	0	1	0	12	0	0	0	0	0	1	0	12	33	15	0	0	59	8	8	24	24	10	16	36	17	48	7	23	19	40	0	50	0	0	42	0	0	12	0	0	0	0	0	0	0	12	31	0	0	0	55	1	0	42	0	0	0	6	0	0	0	0	1	0	12	0	0	0	0	0	0	0	12	33	2	0	0	58	5	0	52	8	0	40	40	1	0	104	25	7	0	0	44	4	0	0	0	0	0	12	0	0	0	0	0	1	0	12	33	13	0	0	59
80	62	42	92	100	47	29	72	72	29	47	100	20	108	23	137	55	93	100	143	35	27	72	67	21	36	72	18	108	22	129	37	60	72	123	11	11	100	8	0	23	36	0	0	0	0	6	0	23	137	25	33	100	143	23	25	69	53	19	36	67	17	108	18	114	33	60	67	97	3	0	72	4	0	22	11	0	0	0	0	4	0	22	129	7	0	72	123	10	11	100	7	33	11	68	4	11	0	17	8	0	23	36	0	0	0	0	3	0	23	137	22	33	100	143	11	8	33	41	17	33	53	14	99	7	106	27	55	53	89	1	0	67	0	0	18	11	0	0	0	0	3	0	18	114	3	0	67	97	2	0	72	0	0	10	30	0	0	0	0	4	0	22	11	0	0	0	0	1	0	22	129	4	0	72	123	5	11	100	5	33	123	40	1	0	300	25	7	33	11	68	4	11	0	17	1	0	23	36	0	0	0	0	2	0	23	137	13	33	100	143
64	50	34	52	51	39	18	40	49	23	19	51	18	30	24	20	53	57	51	0	29	17	40	49	10	10	49	17	30	24	20	24	30	49	0	14	9	51	4	0	12	0	0	0	0	0	1	0	24	20	31	27	51	0	19	16	39	41	9	10	49	17	30	24	18	22	30	49	0	1	0	49	1	0	12	0	0	0	0	0	0	0	24	20	2	0	49	0	14	9	51	10	9	0	62	5	9	0	0	4	0	12	0	0	0	0	0	1	0	24	20	31	27	51	0	9	8	27	14	8	9	41	17	27	17	12	19	27	41	0	0	0	49	0	0	12	0	0	0	0	0	0	0	24	18	0	0	49	0	1	0	49	0	0	0	14	0	0	0	0	1	0	12	0	0	0	0	0	0	0	24	20	2	0	49	0	10	9	51	9	27	12	58	3	0	51	58	10	9	0	62	5	9	0	0	0	0	12	0	0	0	0	0	1	0	24	20	24	27	51	0
49	39	37	29	18	30	21	16	18	23	20	18	20	8	24	0	52	48	36	0	22	20	16	18	10	8	18	19	8	24	0	24	24	36	0	14	12	18	4	0	12	0	0	0	0	0	1	0	24	0	30	24	36	0	14	19	14	12	9	8	18	19	8	24	0	22	24	36	0	1	0	18	1	0	12	0	0	0	0	0	0	0	24	0	2	0	36	0	14	12	18	10	12	0	40	5	6	0	0	4	0	12	0	0	0	0	0	1	0	24	0	30	24	36	0	6	10	6	0	8	6	12	19	6	17	0	19	18	24	0	0	0	18	0	0	12	0	0	0	0	0	0	0	24	0	0	0	36	0	1	0	18	0	0	0	0	0	0	0	0	1	0	12	0	0	0	0	0	0	0	24	0	2	0	36	0	9	12	18	10	12	12	0	2	6	18	33	9	12	0	40	5	6	0	0	0	0	12	0	0	0	0	0	1	0	24	0	23	24	36	0
35	27	24	21	0	20	8	12	0	16	14	0	4	6	0	0	32	38	0	0	14	8	12	0	3	6	0	4	6	0	0	9	18	0	0	13	8	0	3	0	0	0	0	0	0	0	0	0	0	0	23	20	0	0	8	7	8	0	3	6	0	4	6	0	0	9	18	0	0	0	0	0	0	0	0	0	0	0	0	0	0	0	0	0	0	0	0	0	13	8	0	4	8	0	0	2	2	0	0	3	0	0	0	0	0	0	0	0	0	0	0	23	20	0	0	2	4	2	0	2	2	0	4	2	0	0	6	6	0	0	0	0	0	0	0	0	0	0	0	0	0	0	0	0	0	0	0	0	0	0	0	0	0	0	0	0	0	0	0	0	0	0	0	0	0	0	0	0	0	0	0	0	0	0	0	0	3	8	0	5	8	0	0	1	2	0	0	3	8	0	0	2	2	0	0	0	0	0	0	0	0	0	0	0	0	0	0	7	20	0	0
40	31	16	15	16	23	5	8	6	14	7	16	2	0	0	12	27	0	16	18	15	5	8	6	3	0	6	2	0	0	12	9	0	6	18	11	7	16	3	0	0	0	0	0	0	0	0	0	0	12	18	0	16	18	7	2	7	6	3	0	6	2	0	0	12	9	0	6	18	0	0	6	0	0	0	0	0	0	0	0	0	0	0	12	0	0	6	18	11	7	16	0	7	8	0	0	0	0	0	3	0	0	0	0	0	0	0	0	0	0	12	18	0	16	18	0	0	0	5	0	0	6	0	0	0	10	0	0	6	12	0	0	6	0	0	0	0	0	0	0	0	0	0	0	12	0	0	6	18	0	0	6	0	0	0	0	0	0	0	0	0	0	0	0	0	0	0	0	0	0	0	12	0	0	6	18	0	0	16	0	0	8	5	0	0	16	0	0	0	8	0	0	0	0	0	0	0	0	0	0	0	0	0	0	0	0	12	0	0	16	18
74	58	40	51	73	42	20	15	38	28	51	73	18	0	37	71	51	105	219	169	27	19	12	37	11	15	38	17	0	32	70	23	45	114	139	18	36	73	4	36	12	10	0	0	0	0	4	0	37	71	31	60	219	169	12	9	0	32	10	12	37	14	0	31	66	20	36	111	134	1	0	38	0	0	11	6	0	0	0	0	3	0	32	70	3	0	114	139	12	36	73	1	0	102	32	0	0	73	0	4	36	12	10	0	0	0	0	1	0	37	71	19	60	219	169	0	0	0	12	0	0	32	0	0	26	38	0	0	96	106	0	0	37	0	0	10	0	0	0	0	0	0	0	31	66	0	0	111	134	0	0	38	0	0	45	0	0	0	38	0	0	0	11	6	0	0	0	0	0	0	32	70	0	0	114	139	0	0	73	0	0	68	40	0	0	0	44	0	0	102	32	0	0	73	0	0	0	12	10	0	0	0	0	0	0	37	71	0	0	219	169
33	26	15	10	9	19	2	0	9	14	10	9	0	0	9	0	25	10	18	0	12	2	0	9	1	0	9	0	0	9	0	3	0	18	0	13	10	9	3	0	0	0	0	0	0	0	0	0	9	0	22	10	18	0	5	1	0	8	1	0	9	0	0	9	0	3	0	18	0	0	0	9	0	0	0	0	0	0	0	0	0	0	9	0	0	0	18	0	11	10	9	1	0	0	8	0	0	0	0	3	0	0	0	0	0	0	0	0	0	9	0	18	10	18	0	0	0	0	0	0	0	8	0	0	8	0	0	0	16	0	0	0	9	0	0	0	0	0	0	0	0	0	0	9	0	0	0	18	0	0	0	9	0	0	0	0	0	0	0	0	0	0	0	0	0	0	0	0	0	0	9	0	0	0	18	0	0	0	9	0	0	0	0	0	0	0	27	0	0	0	8	0	0	0	0	0	0	0	0	0	0	0	0	0	0	9	0	0	0	18	0
33	26	16	10	2	19	4	0	0	14	10	2	1	0	0	0	26	10	4	0	12	4	0	0	2	0	0	1	0	0	0	6	0	0	0	12	10	2	3	0	0	0	0	0	0	0	0	0	0	0	20	10	4	0	5	2	0	0	2	0	0	1	0	0	0	6	0	0	0	0	0	0	0	0	0	0	0	0	0	0	0	0	0	0	0	0	0	0	10	10	2	1	0	2	0	0	0	0	0	3	0	0	0	0	0	0	0	0	0	0	0	16	10	4	0	0	0	0	0	0	0	0	0	0	0	0	0	0	0	0	0	0	0	0	0	0	0	0	0	0	0	0	0	0	0	0	0	0	0	0	0	0	0	0	0	0	0	0	0	0	0	0	0	0	0	0	0	0	0	0	0	0	0	0	0	0	0	0	2	0	0	2	0	0	0	0	0	0	0	2	0	0	0	0	0	0	0	0	0	0	0	0	0	0	0	0	0	0	0	4	0
41	32	21	20	2	23	4	0	0	19	20	2	1	0	0	0	30	45	8	0	14	4	0	0	2	0	0	1	0	0	0	6	0	0	0	17	20	2	3	0	0	0	0	0	0	0	0	0	0	0	24	45	8	0	5	2	0	0	2	0	0	1	0	0	0	6	0	0	0	0	0	0	0	0	0	0	0	0	0	0	0	0	0	0	0	0	0	0	8	20	2	1	0	2	0	0	0	0	0	3	0	0	0	0	0	0	0	0	0	0	0	9	45	8	0	0	0	0	0	0	0	0	0	0	0	0	0	0	0	0	0	0	0	0	0	0	0	0	0	0	0	0	0	0	0	0	0	0	0	0	0	0	0	0	0	0	0	0	0	0	0	0	0	0	0	0	0	0	0	0	0	0	0	0	0	0	0	0	2	0	0	2	0	0	0	0	0	0	0	2	0	0	0	0	0	0	0	0	0	0	0	0	0	0	0	0	0	0	0	8	0
62	46	27	28	102	30	8	0	71	27	28	102	12	0	31	46	35	56	204	86	14	0	0	66	8	0	71	0	0	30	41	9	0	142	47	15	28	102	0	0	86	59	0	0	0	0	12	0	31	46	26	56	204	86	0	0	0	63	0	0	66	0	0	29	40	0	0	132	46	0	0	71	0	0	70	58	0	0	0	0	0	0	30	41	0	0	142	47	0	0	102	0	0	0	24	0	0	0	0	0	0	86	59	0	0	0	0	0	0	31	46	0	0	204	86	0	0	0	43	0	0	63	0	0	24	34	0	0	126	40	0	0	66	0	0	63	54	0	0	0	0	0	0	29	40	0	0	132	46	0	0	71	0	0	0	6	0	0	0	0	0	0	70	58	0	0	0	0	0	0	30	41	0	0	142	47	0	0	0	0	0	0	95	0	0	0	26	0	0	0	24	0	0	0	0	0	0	0	59	0	0	0	0	0	0	0	46	0	0	0	86
37	26	21	35	9	15	2	5	9	21	35	9	4	25	18	0	19	40	45	0	5	0	0	9	2	5	9	0	0	18	0	0	0	45	0	11	25	9	0	0	18	0	0	0	9	0	4	25	18	0	19	40	45	0	0	0	0	7	0	0	9	0	0	18	0	0	0	45	0	0	0	9	0	0	18	0	0	0	9	0	0	0	18	0	0	0	45	0	0	0	9	0	0	0	14	0	0	0	0	0	0	18	0	0	0	9	0	0	0	18	0	0	0	45	0	0	0	0	0	0	0	7	0	0	14	0	0	0	35	0	0	0	9	0	0	18	0	0	0	9	0	0	0	18	0	0	0	45	0	0	0	9	0	0	0	0	0	0	0	0	0	0	18	0	0	0	9	0	0	0	18	0	0	0	45	0	0	0	0	0	0	0	0	0	0	0	26	0	0	0	14	0	0	0	0	0	0	0	0	0	0	0	0	0	0	0	0	0	0	0	0
36	27	17	0	34	18	3	0	0	16	0	34	5	0	0	0	26	0	0	102	9	1	0	0	2	0	0	0	0	0	0	3	0	0	53	14	0	34	0	0	12	0	0	0	0	0	5	0	0	0	23	0	0	102	0	0	0	0	0	0	0	0	0	0	0	0	0	0	52	0	0	0	0	0	0	0	0	0	0	0	0	0	0	0	0	0	0	53	0	0	34	0	0	7	0	0	0	0	0	0	0	12	0	0	0	0	0	0	0	0	0	0	0	0	102	0	0	0	0	0	0	0	0	0	0	0	0	0	0	46	0	0	0	0	0	0	0	0	0	0	0	0	0	0	0	0	0	0	52	0	0	0	0	0	0	0	0	0	0	0	0	0	0	0	0	0	0	0	0	0	0	0	0	0	0	53	0	0	0	0	0	0	0	0	0	0	0	0	0	0	0	0	0	0	0	0	0	0	0	0	0	0	0	0	0	0	0	0	0	0	102
33	24	18	18	17	15	2	0	0	18	18	17	5	0	0	0	21	30	51	75	6	0	0	0	2	0	0	0	0	0	0	3	0	0	38	11	18	17	0	0	12	0	0	0	0	0	5	0	0	0	18	30	51	75	0	0	0	0	0	0	0	0	0	0	0	0	0	0	37	0	0	0	0	0	0	0	0	0	0	0	0	0	0	0	0	0	0	38	0	0	17	0	0	0	0	0	0	0	0	0	0	12	0	0	0	0	0	0	0	0	0	0	0	51	75	0	0	0	0	0	0	0	0	0	0	0	0	0	0	32	0	0	0	0	0	0	0	0	0	0	0	0	0	0	0	0	0	0	37	0	0	0	0	0	0	0	0	0	0	0	0	0	0	0	0	0	0	0	0	0	0	0	0	0	0	38	0	0	0	0	0	0	0	0	0	0	0	0	0	0	0	0	0	0	0	0	0	0	0	0	0	0	0	0	0	0	0	0	0	0	75
32	23	17	20	5	14	1	0	0	17	20	5	5	0	0	0	17	30	20	2	5	0	0	0	1	0	0	0	0	0	0	0	0	0	0	10	20	5	0	0	0	0	0	0	0	0	5	0	0	0	17	30	20	2	0	0	0	0	0	0	0	0	0	0	0	0	0	0	0	0	0	0	0	0	0	0	0	0	0	0	0	0	0	0	0	0	0	0	0	0	5	0	0	0	0	0	0	0	0	0	0	0	0	0	0	0	0	0	0	0	0	0	0	20	2	0	0	0	0	0	0	0	0	0	0	0	0	0	0	0	0	0	0	0	0	0	0	0	0	0	0	0	0	0	0	0	0	0	0	0	0	0	0	0	0	0	0	0	0	0	0	0	0	0	0	0	0	0	0	0	0	0	0	0	0	0	0	0	0	0	0	0	0	0	0	0	0	0	0	0	0	0	0	0	0	0	0	0	0	0	0	0	0	0	0	0	0	0	0	0	2
36	23	11	30	55	10	0	0	22	11	30	55	0	0	69	31	3	0	165	133	0	0	0	21	0	0	22	0	0	57	30	0	0	66	80	0	0	55	0	0	0	12	0	0	0	0	0	0	69	31	0	0	165	133	0	0	0	20	0	0	21	0	0	54	29	0	0	63	75	0	0	22	0	0	0	11	0	0	0	0	0	0	57	30	0	0	66	80	0	0	0	0	0	0	11	0	0	0	0	0	0	0	12	0	0	0	0	0	0	0	31	0	0	0	133	0	0	0	17	0	0	20	0	0	51	24	0	0	60	70	0	0	21	0	0	0	10	0	0	0	0	0	0	54	29	0	0	63	75	0	0	0	0	0	0	10	0	0	0	0	0	0	0	11	0	0	0	0	0	0	0	30	0	0	0	80	0	0	0	0	0	0	24	0	0	0	0	0	0	0	11	0	0	0	0	0	0	0	12	0	0	0	0	0	0	0	0	0	0	0	0
35	23	15	11	70	11	0	0	58	15	11	70	0	0	95	18	0	0	70	14	0	0	0	58	0	0	58	0	0	86	18	0	0	58	9	0	0	70	0	0	0	0	0	0	0	0	0	0	95	18	0	0	70	14	0	0	0	58	0	0	58	0	0	86	18	0	0	58	9	0	0	58	0	0	0	0	0	0	0	0	0	0	86	18	0	0	58	9	0	0	0	0	0	0	0	0	0	0	0	0	0	0	0	0	0	0	0	0	0	0	18	0	0	0	14	0	0	0	27	0	0	58	0	0	86	14	0	0	58	7	0	0	58	0	0	0	0	0	0	0	0	0	0	86	18	0	0	58	9	0	0	0	0	0	0	0	0	0	0	0	0	0	0	0	0	0	0	0	0	0	0	18	0	0	0	9	0	0	0	0	0	0	76	0	0	0	189	0	0	0	0	0	0	0	0	0	0	0	0	0	0	0	0	0	0	0	0	0	0	0	0
26	17	9	8	24	8	0	0	8	9	8	24	0	0	13	0	0	0	24	31	0	0	0	8	0	0	8	0	0	8	0	0	0	8	9	0	0	24	0	0	0	0	0	0	0	0	0	0	13	0	0	0	24	31	0	0	0	8	0	0	8	0	0	8	0	0	0	8	9	0	0	8	0	0	0	0	0	0	0	0	0	0	8	0	0	0	8	9	0	0	0	0	0	0	0	0	0	0	0	0	0	0	0	0	0	0	0	0	0	0	0	0	0	0	31	0	0	0	0	0	0	8	0	0	8	0	0	0	8	7	0	0	8	0	0	0	0	0	0	0	0	0	0	8	0	0	0	8	9	0	0	0	0	0	0	0	0	0	0	0	0	0	0	0	0	0	0	0	0	0	0	0	0	0	0	9	0	0	0	0	0	0	0	0	0	0	61	0	0	0	0	0	0	0	0	0	0	0	0	0	0	0	0	0	0	0	0	0	0	0	0
25	16	11	14	22	7	0	0	17	11	14	22	0	0	40	0	0	0	44	9	0	0	0	17	0	0	17	0	0	35	0	0	0	34	9	0	0	22	0	0	0	0	0	0	0	0	0	0	40	0	0	0	44	9	0	0	0	17	0	0	17	0	0	35	0	0	0	34	9	0	0	17	0	0	0	0	0	0	0	0	0	0	35	0	0	0	34	9	0	0	0	0	0	0	0	0	0	0	0	0	0	0	0	0	0	0	0	0	0	0	0	0	0	0	9	0	0	0	0	0	0	17	0	0	35	0	0	0	34	7	0	0	17	0	0	0	0	0	0	0	0	0	0	35	0	0	0	34	9	0	0	0	0	0	0	0	0	0	0	0	0	0	0	0	0	0	0	0	0	0	0	0	0	0	0	9	0	0	0	0	0	0	0	0	0	0	118	0	0	0	0	0	0	0	0	0	0	0	0	0	0	0	0	0	0	0	0	0	0	0	0
26	17	8	8	30	8	0	0	0	8	8	30	0	0	5	0	0	0	30	133	0	0	0	0	0	0	0	0	0	0	0	0	0	0	80	0	0	30	0	0	0	0	0	0	0	0	0	0	5	0	0	0	30	133	0	0	0	0	0	0	0	0	0	0	0	0	0	0	75	0	0	0	0	0	0	0	0	0	0	0	0	0	0	0	0	0	0	80	0	0	0	0	0	0	0	0	0	0	0	0	0	0	0	0	0	0	0	0	0	0	0	0	0	0	133	0	0	0	0	0	0	0	0	0	0	0	0	0	0	70	0	0	0	0	0	0	0	0	0	0	0	0	0	0	0	0	0	0	75	0	0	0	0	0	0	0	0	0	0	0	0	0	0	0	0	0	0	0	0	0	0	0	0	0	0	80	0	0	0	0	0	0	0	0	0	0	0	0	0	0	0	0	0	0	0	0	0	0	0	0	0	0	0	0	0	0	0	0	0	0	0
27	12	14	36	112	0	0	0	111	0	0	112	0	0	113	14	0	0	336	0	0	0	0	106	0	0	111	0	0	113	13	0	0	333	0	0	0	0	0	0	0	66	0	0	0	0	0	0	0	14	0	0	0	0	0	0	0	84	0	0	106	0	0	113	12	0	0	318	0	0	0	0	0	0	0	28	0	0	0	0	0	0	0	13	0	0	0	0	0	0	0	0	0	0	68	0	0	0	73	0	0	0	66	0	0	0	0	0	0	0	0	0	0	0	0	0	0	0	40	0	0	84	0	0	101	11	0	0	252	0	0	0	0	0	0	0	23	0	0	0	0	0	0	0	12	0	0	0	0	0	0	0	0	0	0	23	0	0	0	38	0	0	0	28	0	0	0	0	0	0	0	0	0	0	0	0	0	0	0	0	0	0	83	0	0	0	221	0	0	0	68	0	0	0	73	0	0	0	0	0	0	0	0	0	0	0	0	0	0	0	0
32	16	0	0	158	0	0	0	100	0	0	158	0	0	0	124	0	0	0	201	0	0	0	92	0	0	100	0	0	0	94	0	0	0	105	0	0	0	0	0	0	31	0	0	0	9	0	0	0	124	0	0	0	201	0	0	0	91	0	0	92	0	0	0	93	0	0	0	104	0	0	0	0	0	0	30	0	0	0	9	0	0	0	94	0	0	0	105	0	0	0	0	0	0	12	0	0	0	0	0	0	0	31	0	0	0	9	0	0	0	0	0	0	0	0	0	0	0	89	0	0	91	0	0	0	92	0	0	0	103	0	0	0	0	0	0	29	0	0	0	9	0	0	0	93	0	0	0	104	0	0	0	0	0	0	11	0	0	0	0	0	0	0	30	0	0	0	9	0	0	0	0	0	0	0	0	0	0	0	0	0	0	21	0	0	0	0	0	0	0	12	0	0	0	0	0	0	0	0	0	0	0	0	0	0	0	0	0	0	0	0
24	12	9	0	96	0	0	0	81	0	0	96	0	0	45	60	0	0	0	55	0	0	0	78	0	0	81	0	0	45	55	0	0	0	22	0	0	0	0	0	0	31	0	0	0	0	0	0	0	60	0	0	0	55	0	0	0	76	0	0	78	0	0	45	54	0	0	0	21	0	0	0	0	0	0	30	0	0	0	0	0	0	0	55	0	0	0	22	0	0	0	0	0	0	23	0	0	0	0	0	0	0	31	0	0	0	0	0	0	0	0	0	0	0	0	0	0	0	61	0	0	76	0	0	42	53	0	0	0	20	0	0	0	0	0	0	29	0	0	0	0	0	0	0	54	0	0	0	21	0	0	0	0	0	0	11	0	0	0	0	0	0	0	30	0	0	0	0	0	0	0	0	0	0	0	0	0	0	0	0	0	0	35	0	0	0	100	0	0	0	23	0	0	0	0	0	0	0	0	0	0	0	0	0	0	0	0	0	0	0	0
18	9	3	0	63	0	0	0	44	0	0	63	0	0	9	24	0	0	0	77	0	0	0	44	0	0	44	0	0	9	24	0	0	0	39	0	0	0	0	0	0	0	0	0	0	0	0	0	0	24	0	0	0	77	0	0	0	44	0	0	44	0	0	9	24	0	0	0	38	0	0	0	0	0	0	0	0	0	0	0	0	0	0	24	0	0	0	39	0	0	0	0	0	0	0	0	0	0	0	0	0	0	0	0	0	0	0	0	0	0	0	0	0	0	0	0	0	0	41	0	0	44	0	0	9	24	0	0	0	37	0	0	0	0	0	0	0	0	0	0	0	0	0	0	24	0	0	0	38	0	0	0	0	0	0	0	0	0	0	0	0	0	0	0	0	0	0	0	0	0	0	0	0	0	0	0	0	0	0	0	0	0	24	0	0	0	0	0	0	0	0	0	0	0	0	0	0	0	0	0	0	0	0	0	0	0	0	0	0	0	0
16	7	10	14	40	0	0	0	40	0	0	40	0	0	69	0	0	0	80	0	0	0	0	40	0	0	40	0	0	69	0	0	0	80	0	0	0	0	0	0	0	0	0	0	0	0	0	0	0	0	0	0	0	0	0	0	0	39	0	0	40	0	0	69	0	0	0	80	0	0	0	0	0	0	0	0	0	0	0	0	0	0	0	0	0	0	0	0	0	0	0	0	0	0	11	0	0	0	0	0	0	0	0	0	0	0	0	0	0	0	0	0	0	0	0	0	0	0	17	0	0	39	0	0	66	0	0	0	78	0	0	0	0	0	0	0	0	0	0	0	0	0	0	0	0	0	0	0	0	0	0	0	0	0	0	0	0	0	0	0	0	0	0	0	0	0	0	0	0	0	0	0	0	0	0	0	0	0	0	0	0	0	24	0	0	0	152	0	0	0	11	0	0	0	0	0	0	0	0	0	0	0	0	0	0	0	0	0	0	0	0
8	0	0	0	68	0	0	0	39	0	0	0	0	0	0	98	0	0	0	152	0	0	0	39	0	0	0	0	0	0	98	0	0	0	151	0	0	0	0	0	0	0	0	0	0	0	0	0	0	0	0	0	0	0	0	0	0	39	0	0	0	0	0	0	98	0	0	0	146	0	0	0	0	0	0	0	0	0	0	0	0	0	0	0	0	0	0	0	0	0	0	0	0	0	0	0	0	0	0	0	0	0	0	0	0	0	0	0	0	0	0	0	0	0	0	0	0	0	37	0	0	0	0	0	0	94	0	0	0	123	0	0	0	0	0	0	0	0	0	0	0	0	0	0	0	0	0	0	0	0	0	0	0	0	0	0	0	0	0	0	0	0	0	0	0	0	0	0	0	0	0	0	0	0	0	0	0	0	0	0	0	0	20	0	0	0	0	0	0	0	0	0	0	0	0	0	0	0	0	0	0	0	0	0	0	0	0	0	0	0	0
10	0	0	0	79	0	0	0	52	0	0	0	0	0	0	76	0	0	0	152	0	0	0	52	0	0	0	0	0	0	76	0	0	0	151	0	0	0	0	0	0	0	0	0	0	0	0	0	0	0	0	0	0	0	0	0	0	51	0	0	0	0	0	0	76	0	0	0	146	0	0	0	0	0	0	0	0	0	0	0	0	0	0	0	0	0	0	0	0	0	0	0	0	0	7	0	0	0	0	0	0	0	0	0	0	0	0	0	0	0	0	0	0	0	0	0	0	0	36	0	0	0	0	0	0	66	0	0	0	123	0	0	0	0	0	0	0	0	0	0	0	0	0	0	0	0	0	0	0	0	0	0	0	0	0	0	0	0	0	0	0	0	0	0	0	0	0	0	0	0	0	0	0	0	0	0	0	0	0	0	0	0	40	0	0	0	16	0	0	0	0	0	0	0	0	0	0	0	0	0	0	0	0	0	0	0	0	0	0	0	0
6	0	0	0	48	0	0	0	30	0	0	0	0	0	0	62	0	0	0	112	0	0	0	30	0	0	0	0	0	0	62	0	0	0	111	0	0	0	0	0	0	0	0	0	0	0	0	0	0	0	0	0	0	0	0	0	0	30	0	0	0	0	0	0	62	0	0	0	106	0	0	0	0	0	0	0	0	0	0	0	0	0	0	0	0	0	0	0	0	0	0	0	0	0	0	0	0	0	0	0	0	0	0	0	0	0	0	0	0	0	0	0	0	0	0	0	0	0	28	0	0	0	0	0	0	58	0	0	0	84	0	0	0	0	0	0	0	0	0	0	0	0	0	0	0	0	0	0	0	0	0	0	0	0	0	0	0	0	0	0	0	0	0	0	0	0	0	0	0	0	0	0	0	0	0	0	0	0	0	0	0	0	20	0	0	0	0	0	0	0	0	0	0	0	0	0	0	0	0	0	0	0	0	0	0	0	0	0	0	0	0
