214	205	44	30	0	196	37	24	0	44	30	0	38	12	0	0	30	29	0	0	187	37	24	0	37	24	0	38	12	0	0	30	29	0	0	44	30	0	5	0	0	0	1	0	0	0	38	12	0	0	30	29	0	0	178	36	24	0	37	24	0	38	12	0	0	30	29	0	0	37	24	0	5	0	0	0	1	0	0	0	38	12	0	0	30	29	0	0	44	30	0	0	0	0	0	4	0	0	0	5	0	0	0	1	0	0	0	38	12	0	0	30	29	0	0	169	32	18	0	36	24	0	36	12	0	0	27	29	0	0	37	24	0	5	0	0	0	1	0	0	0	38	12	0	0	30	29	0	0	37	24	0	0	0	0	0	2	0	0	0	5	0	0	0	1	0	0	0	38	12	0	0	30	29	0	0	44	30	0	13	0	0	0	16	0	0	0	0	0	0	0	4	0	0	0	5	0	0	0	1	0	0	0	38	12	0	0	30	29	0	0
308	293	75	88	0	278	64	72	0	75	88	0	51	103	0	0	58	69	0	0	263	64	71	0	64	72	0	51	98	0	0	57	65	0	0	75	88	0	9	8	0	0	7	0	0	0	51	103	0	0	58	69	0	0	248	62	71	0	64	71	0	51	98	0	0	57	65	0	0	64	72	0	9	8	0	0	7	0	0	0	51	98	0	0	57	65	0	0	75	88	0	9	0	0	0	8	14	0	0	9	8	0	0	7	0	0	0	51	103	0	0	58	69	0	0	233	54	65	0	62	71	0	46	98	0	0	50	65	0	0	64	71	0	9	8	0	0	7	0	0	0	51	98	0	0	57	65	0	0	64	72	0	9	0	0	0	5	9	0	0	9	8	0	0	7	0	0	0	51	98	0	0	57	65	0	0	75	88	0	31	0	0	0	24	42	0	0	9	0	0	0	8	14	0	0	9	8	0	0	7	0	0	0	51	103	0	0	58	69	0	0
375	358	113	116	0	341	98	98	0	113	116	0	90	136	0	0	113	78	0	0	324	94	94	0	98	98	0	78	128	0	0	103	73	0	0	113	116	0	29	16	0	0	21	4	0	0	90	136	0	0	113	78	0	0	307	91	90	0	94	94	0	72	128	0	0	95	72	0	0	98	98	0	23	16	0	0	20	4	0	0	78	128	0	0	103	73	0	0	113	116	0	33	0	0	0	17	15	0	0	29	16	0	0	21	4	0	0	90	136	0	0	113	78	0	0	290	81	82	0	91	90	0	69	120	0	0	88	60	0	0	94	94	0	23	16	0	0	20	4	0	0	72	128	0	0	95	72	0	0	98	98	0	33	0	0	0	14	11	0	0	23	16	0	0	20	4	0	0	78	128	0	0	103	73	0	0	113	116	0	45	0	0	0	33	75	0	0	33	0	0	0	17	15	0	0	29	16	0	0	21	4	0	0	90	136	0	0	113	78	0	0
320	305	133	88	0	290	116	77	0	133	88	0	136	78	0	0	170	126	0	0	275	110	74	0	116	77	0	117	72	0	0	152	115	0	0	133	88	0	57	27	0	0	31	25	0	0	136	78	0	0	170	126	0	0	260	105	74	0	110	74	0	110	72	0	0	137	111	0	0	116	77	0	47	27	0	0	28	23	0	0	117	72	0	0	152	115	0	0	133	88	0	56	0	0	0	17	24	0	0	57	27	0	0	31	25	0	0	136	78	0	0	170	126	0	0	245	93	69	0	105	74	0	104	72	0	0	123	111	0	0	110	74	0	46	27	0	0	27	22	0	0	110	72	0	0	137	111	0	0	116	77	0	52	0	0	0	15	20	0	0	47	27	0	0	28	23	0	0	117	72	0	0	152	115	0	0	133	88	0	77	15	0	0	45	78	0	0	56	0	0	0	17	24	0	0	57	27	0	0	31	25	0	0	136	78	0	0	170	126	0	0
483	462	181	192	0	441	146	160	0	181	192	0	145	187	0	0	259	326	0	0	420	139	138	0	146	160	0	129	147	0	0	217	267	0	0	181	192	0	69	120	0	0	63	68	0	0	145	187	0	0	259	326	0	0	399	136	121	0	139	138	0	128	123	0	0	208	230	0	0	146	160	0	65	90	0	0	53	56	0	0	129	147	0	0	217	267	0	0	181	192	0	51	77	0	0	27	34	0	0	69	120	0	0	63	68	0	0	145	187	0	0	259	326	0	0	378	125	106	0	136	121	0	122	105	0	0	197	211	0	0	139	138	0	63	72	0	0	49	44	0	0	128	123	0	0	208	230	0	0	146	160	0	44	38	0	0	26	32	0	0	65	90	0	0	53	56	0	0	129	147	0	0	217	267	0	0	181	192	0	88	48	0	0	66	108	0	0	51	77	0	0	27	34	0	0	69	120	0	0	63	68	0	0	145	187	0	0	259	326	0	0
364	344	157	170	5	324	115	153	0	157	170	5	130	162	6	0	248	366	0	0	304	106	139	0	115	153	0	100	160	0	0	180	340	0	0	157	170	5	63	150	4	0	49	68	0	0	130	162	6	0	248	366	0	0	284	103	125	0	106	139	0	99	140	0	0	165	310	0	0	115	153	0	56	130	0	0	43	57	0	0	100	160	0	0	180	340	0	0	157	170	5	52	145	0	0	20	33	0	0	63	150	4	0	49	68	0	0	130	162	6	0	248	366	0	0	264	84	110	0	103	125	0	94	130	0	0	153	275	0	0	106	139	0	46	120	0	0	37	54	0	0	99	140	0	0	165	310	0	0	115	153	0	30	136	0	0	17	32	0	0	56	130	0	0	43	57	0	0	100	160	0	0	180	340	0	0	157	170	5	76	58	21	0	51	132	10	0	52	145	0	0	20	33	0	0	63	150	4	0	49	68	0	0	130	162	6	0	248	366	0	0
296	283	111	62	2	270	84	50	0	111	62	2	94	0	6	0	183	119	6	0	257	80	50	0	84	50	0	81	0	0	0	137	95	0	0	111	62	2	53	0	4	0	46	9	0	0	94	0	6	0	183	119	6	0	244	79	50	0	80	50	0	80	0	0	0	131	95	0	0	84	50	0	49	0	0	0	35	9	0	0	81	0	0	0	137	95	0	0	111	62	2	45	0	0	0	12	9	0	0	53	0	4	0	46	9	0	0	94	0	6	0	183	119	6	0	231	70	44	0	79	50	0	79	0	0	0	127	95	0	0	80	50	0	41	0	0	0	29	9	0	0	80	0	0	0	131	95	0	0	84	50	0	29	0	0	0	12	9	0	0	49	0	0	0	35	9	0	0	81	0	0	0	137	95	0	0	111	62	2	60	24	6	0	46	27	0	0	45	0	0	0	12	9	0	0	53	0	4	0	46	9	0	0	94	0	6	0	183	119	6	0
449	431	143	137	2	413	101	109	0	143	137	2	95	121	6	0	247	300	6	0	395	92	97	0	101	109	0	77	94	0	0	174	244	0	0	143	137	2	55	66	4	0	74	85	2	0	95	121	6	0	247	300	6	0	377	91	90	0	92	97	0	75	88	0	0	163	227	0	0	101	109	0	53	59	0	0	55	75	0	0	77	94	0	0	174	244	0	0	143	137	2	59	49	0	0	24	14	0	0	55	66	4	0	74	85	2	0	95	121	6	0	247	300	6	0	359	80	75	0	91	90	0	73	78	0	0	160	216	0	0	92	97	0	43	52	0	0	50	60	0	0	75	88	0	0	163	227	0	0	101	109	0	27	28	0	0	18	12	0	0	53	59	0	0	55	75	0	0	77	94	0	0	174	244	0	0	143	137	2	48	74	6	0	41	76	2	0	59	49	0	0	24	14	0	0	55	66	4	0	74	85	2	0	95	121	6	0	247	300	6	0
235	226	65	27	0	217	42	15	0	65	27	0	27	0	0	0	102	50	0	0	208	41	15	0	42	15	0	24	0	0	0	67	23	0	0	65	27	0	8	0	0	0	29	0	0	0	27	0	0	0	102	50	0	0	199	41	15	0	41	15	0	24	0	0	0	67	23	0	0	42	15	0	8	0	0	0	19	0	0	0	24	0	0	0	67	23	0	0	65	27	0	7	0	0	0	4	0	0	0	8	0	0	0	29	0	0	0	27	0	0	0	102	50	0	0	190	40	11	0	41	15	0	24	0	0	0	67	23	0	0	41	15	0	7	0	0	0	17	0	0	0	24	0	0	0	67	23	0	0	42	15	0	4	0	0	0	4	0	0	0	8	0	0	0	19	0	0	0	24	0	0	0	67	23	0	0	65	27	0	25	12	0	0	20	0	0	0	7	0	0	0	4	0	0	0	8	0	0	0	29	0	0	0	27	0	0	0	102	50	0	0
304	292	54	49	0	280	29	35	0	54	49	0	25	28	0	0	78	69	0	0	268	26	35	0	29	35	0	16	28	0	0	47	42	0	0	54	49	0	8	0	0	0	26	14	0	0	25	28	0	0	78	69	0	0	256	26	35	0	26	35	0	16	28	0	0	45	42	0	0	29	35	0	8	0	0	0	12	14	0	0	16	28	0	0	47	42	0	0	54	49	0	7	0	0	0	4	0	0	0	8	0	0	0	26	14	0	0	25	28	0	0	78	69	0	0	244	25	35	0	26	35	0	16	28	0	0	45	42	0	0	26	35	0	7	0	0	0	9	14	0	0	16	28	0	0	45	42	0	0	29	35	0	4	0	0	0	3	0	0	0	8	0	0	0	12	14	0	0	16	28	0	0	47	42	0	0	54	49	0	17	0	0	0	15	0	0	0	7	0	0	0	4	0	0	0	8	0	0	0	26	14	0	0	25	28	0	0	78	69	0	0
330	317	85	40	19	304	70	22	2	85	40	19	59	0	15	6	124	22	38	4	291	68	22	0	70	22	2	59	0	4	0	111	22	4	0	85	40	19	32	0	0	0	43	18	0	0	59	0	15	6	124	22	38	4	278	64	22	0	68	22	0	59	0	0	0	109	22	0	0	70	22	2	25	0	0	0	27	0	0	0	59	0	4	0	111	22	4	0	85	40	19	11	0	20	0	11	0	0	0	32	0	0	0	43	18	0	0	59	0	15	6	124	22	38	4	265	55	22	0	64	22	0	51	0	0	0	104	22	0	0	68	22	0	25	0	0	0	26	0	0	0	59	0	0	0	109	22	0	0	70	22	2	5	0	6	0	11	0	0	0	25	0	0	0	27	0	0	0	59	0	4	0	111	22	4	0	85	40	19	14	0	31	0	28	22	0	0	11	0	20	0	11	0	0	0	32	0	0	0	43	18	0	0	59	0	15	6	124	22	38	4
455	437	109	111	19	419	80	78	2	109	111	19	66	75	15	6	155	219	57	4	401	73	77	0	80	78	2	53	72	4	0	124	180	6	0	109	111	19	43	12	0	0	59	79	0	0	66	75	15	6	155	219	57	4	383	68	77	0	73	77	0	51	72	0	0	118	178	0	0	80	78	2	34	12	0	0	38	48	0	0	53	72	4	0	124	180	6	0	109	111	19	25	0	20	0	22	13	0	0	43	12	0	0	59	79	0	0	66	75	15	6	155	219	57	4	365	58	74	0	68	77	0	41	72	0	0	110	178	0	0	73	77	0	30	12	0	0	35	48	0	0	51	72	0	0	118	178	0	0	80	78	2	11	0	6	0	18	12	0	0	34	12	0	0	38	48	0	0	53	72	4	0	124	180	6	0	109	111	19	15	27	31	0	31	38	0	0	25	0	20	0	22	13	0	0	43	12	0	0	59	79	0	0	66	75	15	6	155	219	57	4
268	257	77	37	7	246	63	19	2	75	37	7	59	0	10	6	101	18	21	0	235	60	19	0	61	19	2	56	0	4	0	89	0	6	0	72	37	7	29	0	0	0	38	18	0	0	53	0	10	6	97	18	21	0	224	57	19	0	58	19	0	56	0	0	0	87	0	0	0	58	19	2	23	0	0	0	25	0	0	0	50	0	4	0	85	0	6	0	72	37	7	11	0	15	0	14	0	0	0	29	0	0	0	38	18	0	0	53	0	10	6	97	18	21	0	213	53	19	0	55	19	0	50	0	0	0	84	0	0	0	55	19	0	23	0	0	0	24	0	0	0	50	0	0	0	83	0	0	0	58	19	2	7	0	6	0	14	0	0	0	23	0	0	0	25	0	0	0	50	0	4	0	85	0	6	0	72	37	7	4	0	10	0	19	18	0	0	11	0	15	0	14	0	0	0	29	0	0	0	38	18	0	0	53	0	10	6	97	18	21	0
282	270	67	37	14	258	53	29	0	65	37	14	33	0	5	0	93	18	14	4	246	51	29	0	51	29	0	33	0	0	0	83	18	0	0	62	37	14	10	0	0	0	29	16	0	0	27	0	5	0	89	18	14	4	234	50	29	0	49	29	0	33	0	0	0	81	18	0	0	48	29	0	9	0	0	0	16	0	0	0	27	0	0	0	79	18	0	0	62	37	14	7	0	5	0	5	0	0	0	10	0	0	0	29	16	0	0	27	0	5	0	89	18	14	4	222	43	29	0	48	29	0	31	0	0	0	79	18	0	0	46	29	0	9	0	0	0	15	0	0	0	27	0	0	0	77	18	0	0	48	29	0	5	0	0	0	5	0	0	0	9	0	0	0	16	0	0	0	27	0	0	0	79	18	0	0	62	37	14	14	0	21	0	20	18	0	0	7	0	5	0	5	0	0	0	10	0	0	0	29	16	0	0	27	0	5	0	89	18	14	4
291	280	59	36	5	269	44	18	0	59	36	5	36	0	0	0	75	45	15	0	258	41	18	0	44	18	0	33	0	0	0	63	27	0	0	59	36	5	19	0	0	0	33	18	0	0	36	0	0	0	75	45	15	0	247	41	18	0	41	18	0	33	0	0	0	61	27	0	0	44	18	0	19	0	0	0	22	0	0	0	33	0	0	0	63	27	0	0	59	36	5	7	0	0	0	13	0	0	0	19	0	0	0	33	18	0	0	36	0	0	0	75	45	15	0	236	40	18	0	41	18	0	33	0	0	0	61	27	0	0	41	18	0	19	0	0	0	21	0	0	0	33	0	0	0	61	27	0	0	44	18	0	7	0	0	0	12	0	0	0	19	0	0	0	22	0	0	0	33	0	0	0	63	27	0	0	59	36	5	4	0	3	0	15	0	0	0	7	0	0	0	13	0	0	0	19	0	0	0	33	18	0	0	36	0	0	0	75	45	15	0
473	453	83	145	33	433	64	114	9	83	145	33	73	44	8	15	116	164	99	31	413	51	101	6	64	114	9	59	17	8	6	94	137	27	4	83	145	33	25	52	40	6	23	52	33	0	73	44	8	15	116	164	99	31	393	44	97	0	51	101	6	47	13	8	0	68	117	18	0	64	114	9	19	52	31	0	19	52	9	0	59	17	8	6	94	137	27	4	83	145	33	3	52	16	0	11	65	0	0	25	52	40	6	23	52	33	0	73	44	8	15	116	164	99	31	373	41	97	0	44	97	0	47	13	0	0	66	117	0	0	51	101	6	19	52	22	0	17	52	6	0	47	13	8	0	68	117	18	0	64	114	9	3	52	10	0	11	65	0	0	19	52	31	0	19	52	9	0	59	17	8	6	94	137	27	4	83	145	33	1	0	9	0	20	38	0	0	3	52	16	0	11	65	0	0	25	52	40	6	23	52	33	0	73	44	8	15	116	164	99	31
397	381	88	74	54	365	71	73	10	88	74	54	69	14	0	30	134	157	0	64	349	62	51	2	71	73	10	59	14	0	6	118	155	0	6	88	74	54	42	25	32	6	36	47	108	2	69	14	0	30	134	157	0	64	333	56	48	0	62	51	2	48	13	0	0	102	129	0	0	71	73	10	39	25	20	0	35	47	20	0	59	14	0	6	118	155	0	6	88	74	54	11	33	32	0	18	25	0	0	42	25	32	6	36	47	108	2	69	14	0	30	134	157	0	64	317	51	47	0	56	48	0	42	13	0	0	95	123	0	0	62	51	2	33	24	6	0	32	36	4	0	48	13	0	0	102	129	0	0	71	73	10	7	33	20	0	17	25	0	0	39	25	20	0	35	47	20	0	59	14	0	6	118	155	0	6	88	74	54	3	12	25	0	26	24	0	0	11	33	32	0	18	25	0	0	42	25	32	6	36	47	108	2	69	14	0	30	134	157	0	64
427	409	64	113	30	391	41	92	0	64	113	30	36	204	0	0	97	154	0	50	373	30	80	0	41	92	0	16	168	0	0	66	128	0	6	64	113	30	16	96	0	0	24	71	0	0	36	204	0	0	97	154	0	50	355	26	80	0	30	80	0	10	168	0	0	52	120	0	0	41	92	0	11	96	0	0	20	68	0	0	16	168	0	0	66	128	0	6	64	113	30	11	0	0	0	15	46	0	0	16	96	0	0	24	71	0	0	36	204	0	0	97	154	0	50	337	23	80	0	26	80	0	8	168	0	0	46	120	0	0	30	80	0	7	96	0	0	15	64	0	0	10	168	0	0	52	120	0	0	41	92	0	7	0	0	0	13	40	0	0	11	96	0	0	20	68	0	0	16	168	0	0	66	128	0	6	64	113	30	1	0	9	0	11	16	0	0	11	0	0	0	15	46	0	0	16	96	0	0	24	71	0	0	36	204	0	0	97	154	0	50
180	173	32	14	0	166	25	6	0	32	14	0	26	0	0	0	41	4	0	0	159	22	6	0	25	6	0	23	0	0	0	36	0	0	0	32	14	0	18	0	0	0	16	0	0	0	26	0	0	0	41	4	0	0	152	21	6	0	22	6	0	23	0	0	0	34	0	0	0	25	6	0	18	0	0	0	16	0	0	0	23	0	0	0	36	0	0	0	32	14	0	7	0	0	0	11	6	0	0	18	0	0	0	16	0	0	0	26	0	0	0	41	4	0	0	145	21	6	0	21	6	0	23	0	0	0	34	0	0	0	22	6	0	18	0	0	0	15	0	0	0	23	0	0	0	34	0	0	0	25	6	0	7	0	0	0	11	6	0	0	18	0	0	0	16	0	0	0	23	0	0	0	36	0	0	0	32	14	0	1	0	0	0	6	0	0	0	7	0	0	0	11	6	0	0	18	0	0	0	16	0	0	0	26	0	0	0	41	4	0	0
159	153	26	9	0	147	19	0	0	26	9	0	25	0	0	0	28	6	0	0	141	18	0	0	19	0	0	22	0	0	0	24	0	0	0	26	9	0	16	0	0	0	12	0	0	0	25	0	0	0	28	6	0	0	135	18	0	0	18	0	0	22	0	0	0	24	0	0	0	19	0	0	16	0	0	0	12	0	0	0	22	0	0	0	24	0	0	0	26	9	0	4	0	0	0	10	0	0	0	16	0	0	0	12	0	0	0	25	0	0	0	28	6	0	0	129	18	0	0	18	0	0	22	0	0	0	24	0	0	0	18	0	0	16	0	0	0	12	0	0	0	22	0	0	0	24	0	0	0	19	0	0	4	0	0	0	10	0	0	0	16	0	0	0	12	0	0	0	22	0	0	0	24	0	0	0	26	9	0	0	0	0	0	4	0	0	0	4	0	0	0	10	0	0	0	16	0	0	0	12	0	0	0	25	0	0	0	28	6	0	0
181	174	8	6	5	167	2	0	2	8	6	5	0	0	4	0	3	0	5	0	160	2	0	2	2	0	2	0	0	4	0	3	0	2	0	8	6	5	0	0	0	0	0	0	0	0	0	0	4	0	3	0	5	0	153	2	0	2	2	0	2	0	0	4	0	3	0	2	0	2	0	2	0	0	0	0	0	0	0	0	0	0	4	0	3	0	2	0	8	6	5	0	0	0	0	0	0	0	0	0	0	0	0	0	0	0	0	0	0	4	0	3	0	5	0	146	2	0	0	2	0	2	0	0	4	0	3	0	2	0	2	0	2	0	0	0	0	0	0	0	0	0	0	4	0	3	0	2	0	2	0	2	0	0	0	0	0	0	0	0	0	0	0	0	0	0	0	0	0	0	4	0	3	0	2	0	8	6	5	0	0	0	0	0	0	0	0	0	0	0	0	0	0	0	0	0	0	0	0	0	0	0	0	0	0	4	0	3	0	5	0
181	174	28	6	10	167	15	0	9	28	6	10	18	0	33	4	15	0	10	0	160	15	0	9	15	0	9	18	0	29	4	14	0	9	0	28	6	10	1	0	0	0	0	0	0	0	18	0	33	4	15	0	10	0	153	15	0	9	15	0	9	18	0	29	4	14	0	9	0	15	0	9	1	0	0	0	0	0	0	0	18	0	29	4	14	0	9	0	28	6	10	0	0	0	0	2	0	0	0	1	0	0	0	0	0	0	0	18	0	33	4	15	0	10	0	146	15	0	0	15	0	9	18	0	29	0	14	0	9	0	15	0	9	1	0	0	0	0	0	0	0	18	0	29	4	14	0	9	0	15	0	9	0	0	0	0	2	0	0	0	1	0	0	0	0	0	0	0	18	0	29	4	14	0	9	0	28	6	10	0	0	0	0	8	0	0	0	0	0	0	0	2	0	0	0	1	0	0	0	0	0	0	0	18	0	33	4	15	0	10	0
232	223	37	14	19	214	24	0	9	37	14	19	19	0	42	4	27	0	38	33	205	24	0	9	24	0	9	19	0	29	4	26	0	18	9	37	14	19	5	0	0	0	4	0	0	0	19	0	42	4	27	0	38	33	196	24	0	9	24	0	9	19	0	29	4	26	0	18	6	24	0	9	5	0	0	0	4	0	0	0	19	0	29	4	26	0	18	9	37	14	19	4	0	0	0	7	0	0	0	5	0	0	0	4	0	0	0	19	0	42	4	27	0	38	33	187	24	0	0	24	0	9	19	0	29	0	26	0	18	0	24	0	9	5	0	0	0	4	0	0	0	19	0	29	4	26	0	18	6	24	0	9	4	0	0	0	7	0	0	0	5	0	0	0	4	0	0	0	19	0	29	4	26	0	18	9	37	14	19	0	0	0	0	10	0	0	0	4	0	0	0	7	0	0	0	5	0	0	0	4	0	0	0	19	0	42	4	27	0	38	33
130	125	11	0	16	120	8	0	0	11	0	16	1	0	9	0	9	0	0	33	115	8	0	0	8	0	0	1	0	0	0	9	0	0	9	11	0	16	4	0	0	0	4	0	0	0	1	0	9	0	9	0	0	33	110	8	0	0	8	0	0	1	0	0	0	9	0	0	6	8	0	0	4	0	0	0	4	0	0	0	1	0	0	0	9	0	0	9	11	0	16	4	0	0	0	6	0	0	0	4	0	0	0	4	0	0	0	1	0	9	0	9	0	0	33	105	8	0	0	8	0	0	1	0	0	0	9	0	0	0	8	0	0	4	0	0	0	4	0	0	0	1	0	0	0	9	0	0	6	8	0	0	4	0	0	0	6	0	0	0	4	0	0	0	4	0	0	0	1	0	0	0	9	0	0	9	11	0	16	0	0	0	0	2	0	0	0	4	0	0	0	6	0	0	0	4	0	0	0	4	0	0	0	1	0	9	0	9	0	0	33
207	199	13	7	16	191	8	0	0	13	7	16	1	0	9	0	9	0	16	33	183	8	0	0	8	0	0	1	0	0	0	9	0	0	9	13	7	16	4	0	0	0	4	0	0	0	1	0	9	0	9	0	16	33	175	8	0	0	8	0	0	1	0	0	0	9	0	0	6	8	0	0	4	0	0	0	4	0	0	0	1	0	0	0	9	0	0	9	13	7	16	4	0	0	0	6	0	0	0	4	0	0	0	4	0	0	0	1	0	9	0	9	0	16	33	167	8	0	0	8	0	0	1	0	0	0	9	0	0	0	8	0	0	4	0	0	0	4	0	0	0	1	0	0	0	9	0	0	6	8	0	0	4	0	0	0	6	0	0	0	4	0	0	0	4	0	0	0	1	0	0	0	9	0	0	9	13	7	16	0	0	0	0	2	0	0	0	4	0	0	0	6	0	0	0	4	0	0	0	4	0	0	0	1	0	9	0	9	0	16	33
250	240	31	0	47	230	31	0	14	31	0	47	32	0	0	22	32	0	0	50	220	31	0	13	31	0	14	32	0	0	20	32	0	0	20	31	0	47	4	0	0	4	5	0	0	0	32	0	0	22	32	0	0	50	210	31	0	13	31	0	13	32	0	0	20	32	0	0	20	31	0	14	4	0	0	4	5	0	0	0	32	0	0	20	32	0	0	20	31	0	47	9	0	0	0	6	0	0	0	4	0	0	4	5	0	0	0	32	0	0	22	32	0	0	50	200	31	0	12	31	0	13	32	0	0	20	32	0	0	20	31	0	13	4	0	0	4	5	0	0	0	32	0	0	20	32	0	0	20	31	0	14	9	0	0	0	6	0	0	0	4	0	0	4	5	0	0	0	32	0	0	20	32	0	0	20	31	0	47	6	0	0	3	14	0	0	0	9	0	0	0	6	0	0	0	4	0	0	4	5	0	0	0	32	0	0	22	32	0	0	50
334	320	69	24	60	306	61	24	43	69	24	60	51	0	20	49	86	36	0	19	292	60	24	21	61	24	43	49	0	20	20	81	36	0	9	69	24	60	25	0	0	20	25	0	0	87	51	0	20	49	86	36	0	19	278	59	24	18	60	24	21	49	0	16	20	77	36	0	9	61	24	43	25	0	0	14	25	0	0	19	49	0	20	20	81	36	0	9	69	24	60	22	0	10	15	21	0	0	0	25	0	0	20	25	0	0	87	51	0	20	49	86	36	0	19	264	59	24	14	59	24	18	49	0	10	20	75	36	0	9	60	24	21	25	0	0	8	25	0	0	8	49	0	16	20	77	36	0	9	61	24	43	22	0	10	6	19	0	0	0	25	0	0	14	25	0	0	19	49	0	20	20	81	36	0	9	69	24	60	10	0	0	9	25	0	0	0	22	0	10	15	21	0	0	0	25	0	0	20	25	0	0	87	51	0	20	49	86	36	0	19
296	281	54	77	16	266	47	71	12	54	77	16	41	42	0	16	57	33	0	0	251	43	71	11	47	71	12	39	42	0	14	54	33	0	0	54	77	16	15	0	0	4	14	27	0	0	41	42	0	16	57	33	0	0	236	41	62	11	43	71	11	36	42	0	14	43	33	0	0	47	71	12	15	0	0	4	14	21	0	0	39	42	0	14	54	33	0	0	54	77	16	8	81	0	0	11	18	0	0	15	0	0	4	14	27	0	0	41	42	0	16	57	33	0	0	221	41	56	10	41	62	11	36	42	0	14	43	30	0	0	43	71	11	15	0	0	4	13	21	0	0	36	42	0	14	43	33	0	0	47	71	12	8	63	0	0	8	14	0	0	15	0	0	4	14	21	0	0	39	42	0	14	54	33	0	0	54	77	16	7	42	0	3	18	0	0	0	8	81	0	0	11	18	0	0	15	0	0	4	14	27	0	0	41	42	0	16	57	33	0	0
304	289	89	80	25	274	75	68	23	89	80	25	83	48	28	10	125	84	25	0	259	70	65	20	75	68	23	77	48	28	8	113	76	23	0	89	80	25	41	27	0	20	26	39	0	0	83	48	28	10	125	84	25	0	244	68	58	17	70	65	20	74	42	24	8	102	64	20	0	75	68	23	41	24	0	14	26	36	0	0	77	48	28	8	113	76	23	0	89	80	25	31	62	0	15	18	18	0	0	41	27	0	20	26	39	0	0	83	48	28	10	125	84	25	0	229	68	56	9	68	58	17	74	40	18	8	102	57	17	0	70	65	20	41	24	0	8	25	33	0	0	74	42	24	8	102	64	20	0	75	68	23	31	56	0	6	16	16	0	0	41	24	0	14	26	36	0	0	77	48	28	8	113	76	23	0	89	80	25	41	16	0	9	38	0	0	5	31	62	0	15	18	18	0	0	41	27	0	20	26	39	0	0	83	48	28	10	125	84	25	0
384	366	109	118	37	348	86	95	37	109	118	37	94	75	46	0	166	194	74	0	330	77	79	24	86	95	37	79	55	46	0	140	167	74	0	109	118	37	44	96	18	24	46	91	37	54	94	75	46	0	166	194	74	0	312	72	78	18	77	79	24	72	55	40	0	124	118	48	0	86	95	37	40	92	18	15	41	87	37	10	79	55	46	0	140	167	74	0	109	118	37	44	12	28	30	25	26	0	0	44	96	18	24	46	91	37	54	94	75	46	0	166	194	74	0	294	71	77	5	72	78	18	72	55	28	0	119	114	36	0	77	79	24	40	88	16	4	40	79	24	2	72	55	40	0	124	118	48	0	86	95	37	40	11	28	6	21	24	0	0	40	92	18	15	41	87	37	10	79	55	46	0	140	167	74	0	109	118	37	45	11	0	9	42	10	0	7	44	12	28	30	25	26	0	0	44	96	18	24	46	91	37	54	94	75	46	0	166	194	74	0
380	360	105	148	51	340	80	119	30	105	148	51	68	219	28	47	183	267	51	62	320	72	107	30	80	119	30	54	189	18	47	140	203	30	60	105	148	51	39	124	20	0	55	62	0	0	68	219	28	47	183	267	51	62	300	69	104	27	72	107	30	51	189	18	40	130	177	30	44	80	119	30	36	118	18	0	47	59	0	0	54	189	18	47	140	203	30	60	105	148	51	39	42	0	24	20	32	0	0	39	124	20	0	55	62	0	0	68	219	28	47	183	267	51	62	280	65	99	18	69	104	27	50	189	16	28	126	168	27	35	72	107	30	36	108	18	0	44	54	0	0	51	189	18	40	130	177	30	44	80	119	30	31	27	0	15	16	27	0	0	36	118	18	0	47	59	0	0	54	189	18	47	140	203	30	60	105	148	51	40	45	0	42	45	50	0	0	39	42	0	24	20	32	0	0	39	124	20	0	55	62	0	0	68	219	28	47	183	267	51	62
318	303	81	63	51	288	64	50	37	81	63	51	64	40	28	47	148	96	51	37	273	56	50	37	64	50	37	51	40	18	47	110	60	37	37	81	63	51	40	0	20	0	48	50	0	0	64	40	28	47	148	96	51	37	258	55	50	34	56	50	37	48	40	18	40	99	60	37	24	64	50	37	40	0	18	0	43	50	0	0	51	40	18	47	110	60	37	37	81	63	51	24	0	0	24	19	10	0	0	40	0	20	0	48	50	0	0	64	40	28	47	148	96	51	37	243	53	50	21	55	50	34	48	40	16	28	99	60	34	18	56	50	37	40	0	18	0	40	50	0	0	48	40	18	40	99	60	37	24	64	50	37	20	0	0	15	15	10	0	0	40	0	18	0	43	50	0	0	51	40	18	47	110	60	37	37	81	63	51	19	0	0	54	42	23	0	0	24	0	0	24	19	10	0	0	40	0	20	0	48	50	0	0	64	40	28	47	148	96	51	37
159	151	45	19	0	143	29	16	0	45	19	0	37	12	0	0	74	24	0	0	135	23	16	0	29	16	0	28	12	0	0	36	24	0	0	45	19	0	12	0	0	0	19	20	0	0	37	12	0	0	74	24	0	0	127	22	16	0	23	16	0	25	12	0	0	28	24	0	0	29	16	0	12	0	0	0	19	20	0	0	28	12	0	0	36	24	0	0	45	19	0	3	0	0	0	6	4	0	0	12	0	0	0	19	20	0	0	37	12	0	0	74	24	0	0	119	21	16	0	22	16	0	25	12	0	0	28	24	0	0	23	16	0	12	0	0	0	18	20	0	0	25	12	0	0	28	24	0	0	29	16	0	3	0	0	0	5	4	0	0	12	0	0	0	19	20	0	0	28	12	0	0	36	24	0	0	45	19	0	5	0	0	0	24	7	0	0	3	0	0	0	6	4	0	0	12	0	0	0	19	20	0	0	37	12	0	0	74	24	0	0
211	201	43	36	0	191	27	24	0	43	36	0	21	9	0	0	74	37	0	0	181	23	21	0	27	24	0	20	0	0	0	42	10	0	0	43	36	0	5	0	0	0	33	28	0	0	21	9	0	0	74	37	0	0	171	22	21	0	23	21	0	17	0	0	0	35	7	0	0	27	24	0	5	0	0	0	26	28	0	0	20	0	0	0	42	10	0	0	43	36	0	12	0	0	0	10	7	0	0	5	0	0	0	33	28	0	0	21	9	0	0	74	37	0	0	161	18	21	0	22	21	0	17	0	0	0	35	7	0	0	23	21	0	5	0	0	0	25	28	0	0	17	0	0	0	35	7	0	0	27	24	0	5	0	0	0	4	7	0	0	5	0	0	0	26	28	0	0	20	0	0	0	42	10	0	0	43	36	0	7	0	0	0	17	12	0	0	12	0	0	0	10	7	0	0	5	0	0	0	33	28	0	0	21	9	0	0	74	37	0	0
195	186	46	24	0	177	27	14	0	46	24	0	22	0	0	0	83	37	0	0	168	25	14	0	27	14	0	18	0	0	0	53	7	0	0	46	24	0	5	0	0	0	44	7	0	0	22	0	0	0	83	37	0	0	159	25	14	0	25	14	0	18	0	0	0	52	7	0	0	27	14	0	5	0	0	0	30	7	0	0	18	0	0	0	53	7	0	0	46	24	0	31	0	0	0	14	0	0	0	5	0	0	0	44	7	0	0	22	0	0	0	83	37	0	0	150	16	14	0	25	14	0	18	0	0	0	52	7	0	0	25	14	0	5	0	0	0	30	7	0	0	18	0	0	0	52	7	0	0	27	14	0	5	0	0	0	4	0	0	0	5	0	0	0	30	7	0	0	18	0	0	0	53	7	0	0	46	24	0	14	0	0	0	12	18	0	0	31	0	0	0	14	0	0	0	5	0	0	0	44	7	0	0	22	0	0	0	83	37	0	0
410	391	92	109	56	372	63	64	30	92	109	56	76	15	63	36	166	159	224	102	353	51	62	21	63	64	30	54	15	56	18	112	90	120	67	92	109	56	32	32	12	9	66	153	0	37	76	15	63	36	166	159	224	102	334	47	56	21	51	62	21	46	15	54	18	98	90	84	67	63	64	30	27	30	12	9	49	96	0	37	54	15	56	18	112	90	120	67	92	109	56	33	74	0	0	21	50	0	0	32	32	12	9	66	153	0	37	76	15	63	36	166	159	224	102	315	37	41	17	47	56	21	44	11	54	16	89	78	84	61	51	62	21	23	30	12	8	45	93	0	24	46	15	54	18	98	90	84	67	63	64	30	7	30	0	0	12	17	0	0	27	30	12	9	49	96	0	37	54	15	56	18	112	90	120	67	92	109	56	18	44	0	35	12	22	56	0	33	74	0	0	21	50	0	0	32	32	12	9	66	153	0	37	76	15	63	36	166	159	224	102
323	308	68	77	14	293	34	44	10	68	77	14	48	33	24	20	135	206	70	0	278	23	44	9	34	44	10	19	33	20	18	62	143	50	0	68	77	14	14	0	0	9	48	92	0	0	48	33	24	20	135	206	70	0	263	20	29	9	23	44	9	14	33	18	18	55	143	45	0	34	44	10	9	0	0	9	29	44	0	0	19	33	20	18	62	143	50	0	68	77	14	20	90	0	0	15	18	0	0	14	0	0	9	48	92	0	0	48	33	24	20	135	206	70	0	248	12	6	8	20	29	9	12	18	18	16	46	93	45	0	23	44	9	5	0	0	8	25	44	0	0	14	33	18	18	55	143	45	0	34	44	10	5	0	0	0	7	0	0	0	9	0	0	9	29	44	0	0	19	33	20	18	62	143	50	0	68	77	14	11	30	0	8	6	12	42	0	20	90	0	0	15	18	0	0	14	0	0	9	48	92	0	0	48	33	24	20	135	206	70	0
287	273	58	70	5	259	26	55	0	58	70	5	26	63	3	0	94	139	5	0	245	18	52	0	26	55	0	6	63	0	0	35	112	0	0	58	70	5	5	30	0	0	52	77	0	0	26	63	3	0	94	139	5	0	231	16	46	0	18	52	0	6	63	0	0	34	112	0	0	26	55	0	2	21	0	0	22	56	0	0	6	63	0	0	35	112	0	0	58	70	5	25	39	0	0	15	13	0	0	5	30	0	0	52	77	0	0	26	63	3	0	94	139	5	0	217	10	25	0	16	46	0	6	54	0	0	31	103	0	0	18	52	0	2	21	0	0	19	56	0	0	6	63	0	0	34	112	0	0	26	55	0	2	21	0	0	6	7	0	0	2	21	0	0	22	56	0	0	6	63	0	0	35	112	0	0	58	70	5	11	18	0	0	6	0	15	0	25	39	0	0	15	13	0	0	5	30	0	0	52	77	0	0	26	63	3	0	94	139	5	0
204	195	46	18	5	186	29	0	0	46	18	5	23	0	3	0	90	24	15	0	177	27	0	0	29	0	0	19	0	0	0	63	0	0	0	46	18	5	12	0	0	0	43	12	0	0	23	0	3	0	90	24	15	0	168	25	0	0	27	0	0	17	0	0	0	61	0	0	0	29	0	0	9	0	0	0	31	0	0	0	19	0	0	0	63	0	0	0	46	18	5	35	0	0	0	12	12	0	0	12	0	0	0	43	12	0	0	23	0	3	0	90	24	15	0	159	14	0	0	25	0	0	15	0	0	0	55	0	0	0	27	0	0	5	0	0	0	30	0	0	0	17	0	0	0	61	0	0	0	29	0	0	5	0	0	0	4	0	0	0	9	0	0	0	31	0	0	0	19	0	0	0	63	0	0	0	46	18	5	14	0	0	0	4	12	0	0	35	0	0	0	12	12	0	0	12	0	0	0	43	12	0	0	23	0	3	0	90	24	15	0
215	205	46	33	2	195	21	21	0	46	33	2	23	14	0	0	89	86	4	0	185	18	21	0	21	21	0	13	14	0	0	40	70	0	0	46	33	2	6	0	0	0	45	25	0	0	23	14	0	0	89	86	4	0	175	17	17	0	18	21	0	13	14	0	0	39	70	0	0	21	21	0	5	0	0	0	20	21	0	0	13	14	0	0	40	70	0	0	46	33	2	27	20	0	0	12	5	0	0	6	0	0	0	45	25	0	0	23	14	0	0	89	86	4	0	165	10	5	0	17	17	0	13	10	0	0	36	56	0	0	18	21	0	5	0	0	0	20	21	0	0	13	14	0	0	39	70	0	0	21	21	0	5	0	0	0	3	0	0	0	5	0	0	0	20	21	0	0	13	14	0	0	40	70	0	0	46	33	2	12	10	0	0	6	0	4	0	27	20	0	0	12	5	0	0	6	0	0	0	45	25	0	0	23	14	0	0	89	86	4	0
285	272	46	12	69	259	32	0	35	46	12	69	38	0	37	45	86	24	69	77	246	22	0	30	32	0	35	13	0	36	32	63	0	35	40	46	12	69	11	0	24	20	30	0	0	0	38	0	37	45	86	24	69	77	233	13	0	29	22	0	30	8	0	36	30	54	0	30	30	32	0	35	6	0	24	18	29	0	0	0	13	0	36	32	63	0	35	40	46	12	69	6	0	39	9	9	0	0	0	11	0	24	20	30	0	0	0	38	0	37	45	86	24	69	77	220	7	0	29	13	0	29	0	0	36	30	25	0	29	30	22	0	30	2	0	24	18	24	0	0	0	8	0	36	30	54	0	30	30	32	0	35	2	0	0	9	8	0	0	0	6	0	24	18	29	0	0	0	13	0	36	32	63	0	35	40	46	12	69	0	0	36	0	0	0	0	0	6	0	39	9	9	0	0	0	11	0	24	20	30	0	0	0	38	0	37	45	86	24	69	77
379	361	57	95	70	343	29	65	44	57	95	70	40	100	37	36	100	243	140	75	325	16	37	42	29	65	44	9	48	36	32	52	181	88	40	57	95	70	7	74	36	20	25	60	140	0	40	100	37	36	100	243	140	75	307	9	22	39	16	37	42	5	22	36	30	39	137	84	30	29	65	44	3	44	36	18	19	54	88	0	9	48	36	32	52	181	88	40	57	95	70	3	44	29	29	10	13	70	0	7	74	36	20	25	60	140	0	40	100	37	36	100	243	140	75	289	5	0	39	9	22	39	1	0	36	30	20	88	78	30	16	37	42	2	0	36	18	14	37	84	0	5	22	36	30	39	137	84	30	29	65	44	3	0	0	29	8	11	44	0	3	44	36	18	19	54	88	0	9	48	36	32	52	181	88	40	57	95	70	0	0	43	0	0	0	140	0	3	44	29	29	10	13	70	0	7	74	36	20	25	60	140	0	40	100	37	36	100	243	140	75
279	266	40	46	34	253	20	16	27	40	46	34	31	48	65	12	76	54	102	14	240	11	0	27	20	16	27	11	0	64	12	44	16	81	10	40	46	34	10	0	24	0	17	11	68	0	31	48	65	12	76	54	102	14	227	4	0	27	11	0	27	5	0	64	12	32	0	81	9	20	16	27	4	0	24	0	13	8	54	0	11	0	64	12	44	16	81	10	40	46	34	4	0	18	0	7	11	0	0	10	0	24	0	17	11	68	0	31	48	65	12	76	54	102	14	214	1	0	27	4	0	27	0	0	64	12	13	0	81	9	11	0	27	0	0	24	0	9	0	54	0	5	0	64	12	32	0	81	9	20	16	27	0	0	0	0	5	8	0	0	4	0	24	0	13	8	54	0	11	0	64	12	44	16	81	10	40	46	34	0	0	6	0	0	0	0	0	4	0	18	0	7	11	0	0	10	0	24	0	17	11	68	0	31	48	65	12	76	54	102	14
275	262	44	53	25	249	24	30	8	44	53	25	34	69	24	0	92	91	50	70	236	14	7	8	24	30	8	10	21	24	0	49	48	16	40	44	53	25	11	14	24	0	24	30	75	0	34	69	24	0	92	91	50	70	223	6	0	8	14	7	8	6	0	24	0	33	21	16	30	24	30	8	6	0	24	0	17	23	24	0	10	21	24	0	49	48	16	40	44	53	25	6	0	29	0	7	18	25	0	11	14	24	0	24	30	75	0	34	69	24	0	92	91	50	70	210	2	0	8	6	0	8	0	0	24	0	14	0	16	30	14	7	8	2	0	24	0	14	7	24	0	6	0	24	0	33	21	16	30	24	30	8	2	0	0	0	5	14	8	0	6	0	24	0	17	23	24	0	10	21	24	0	49	48	16	40	44	53	25	0	0	17	0	0	0	0	0	6	0	29	0	7	18	25	0	11	14	24	0	24	30	75	0	34	69	24	0	92	91	50	70
238	227	43	19	34	216	30	10	0	43	19	34	41	0	0	0	95	48	34	82	205	22	9	0	30	10	0	22	0	0	0	66	30	0	40	43	19	34	13	9	0	0	32	10	0	0	41	0	0	0	95	48	34	82	194	11	0	0	22	9	0	17	0	0	0	59	27	0	30	30	10	0	9	0	0	0	29	10	0	0	22	0	0	0	66	30	0	40	43	19	34	9	0	57	0	7	0	34	0	13	9	0	0	32	10	0	0	41	0	0	0	95	48	34	82	183	3	0	0	11	0	0	0	0	0	0	24	0	0	30	22	9	0	5	0	0	0	25	9	0	0	17	0	0	0	59	27	0	30	30	10	0	5	0	0	0	6	0	0	0	9	0	0	0	29	10	0	0	22	0	0	0	66	30	0	40	43	19	34	0	0	40	0	0	0	0	0	9	0	57	0	7	0	34	0	13	9	0	0	32	10	0	0	41	0	0	0	95	48	34	82
313	298	23	26	92	283	8	0	37	23	26	92	9	0	95	78	42	26	184	232	268	4	0	36	8	0	37	3	0	24	75	24	0	74	114	23	26	92	5	0	27	12	13	13	0	0	9	0	95	78	42	26	184	232	253	1	0	36	4	0	36	0	0	24	75	10	0	72	107	8	0	37	0	0	0	12	5	0	0	0	3	0	24	75	24	0	74	114	23	26	92	0	0	22	0	7	13	0	0	5	0	27	12	13	13	0	0	9	0	95	78	42	26	184	232	238	1	0	36	1	0	36	0	0	24	75	2	0	72	103	4	0	36	0	0	0	12	2	0	0	0	0	0	24	75	10	0	72	107	8	0	37	0	0	0	0	0	0	0	0	0	0	0	12	5	0	0	0	3	0	24	75	24	0	74	114	23	26	92	0	0	0	0	0	0	0	0	0	0	22	0	7	13	0	0	5	0	27	12	13	13	0	0	9	0	95	78	42	26	184	232
126	120	7	0	16	114	0	0	7	7	0	16	0	0	16	7	7	0	0	34	108	0	0	7	0	0	7	0	0	0	7	0	0	0	27	7	0	16	0	0	0	0	3	0	0	0	0	0	16	7	7	0	0	34	102	0	0	7	0	0	7	0	0	0	7	0	0	0	27	0	0	7	0	0	0	0	0	0	0	0	0	0	0	7	0	0	0	27	7	0	16	0	0	0	0	3	0	0	0	0	0	0	0	3	0	0	0	0	0	16	7	7	0	0	34	96	0	0	7	0	0	7	0	0	0	7	0	0	0	27	0	0	7	0	0	0	0	0	0	0	0	0	0	0	7	0	0	0	27	0	0	7	0	0	0	0	0	0	0	0	0	0	0	0	0	0	0	0	0	0	0	7	0	0	0	27	7	0	16	0	0	0	0	0	0	0	0	0	0	0	0	3	0	0	0	0	0	0	0	3	0	0	0	0	0	16	7	7	0	0	34
105	100	5	0	8	95	0	0	7	5	0	8	0	0	0	7	5	0	0	0	90	0	0	7	0	0	7	0	0	0	7	0	0	0	0	5	0	8	0	0	0	0	2	0	0	0	0	0	0	7	5	0	0	0	85	0	0	7	0	0	7	0	0	0	7	0	0	0	0	0	0	7	0	0	0	0	0	0	0	0	0	0	0	7	0	0	0	0	5	0	8	0	0	0	0	2	0	0	0	0	0	0	0	2	0	0	0	0	0	0	7	5	0	0	0	80	0	0	7	0	0	7	0	0	0	7	0	0	0	0	0	0	7	0	0	0	0	0	0	0	0	0	0	0	7	0	0	0	0	0	0	7	0	0	0	0	0	0	0	0	0	0	0	0	0	0	0	0	0	0	0	7	0	0	0	0	5	0	8	0	0	0	0	0	0	0	0	0	0	0	0	2	0	0	0	0	0	0	0	2	0	0	0	0	0	0	7	5	0	0	0
167	159	8	7	29	151	0	0	24	8	7	29	0	0	36	39	9	7	29	0	143	0	0	24	0	0	24	0	0	24	39	0	0	24	0	8	7	29	0	0	0	0	4	0	0	0	0	0	36	39	9	7	29	0	135	0	0	24	0	0	24	0	0	24	39	0	0	24	0	0	0	24	0	0	0	0	0	0	0	0	0	0	24	39	0	0	24	0	8	7	29	0	0	0	0	4	0	0	0	0	0	0	0	4	0	0	0	0	0	36	39	9	7	29	0	127	0	0	24	0	0	24	0	0	24	39	0	0	24	0	0	0	24	0	0	0	0	0	0	0	0	0	0	24	39	0	0	24	0	0	0	24	0	0	0	0	0	0	0	0	0	0	0	0	0	0	0	0	0	0	24	39	0	0	24	0	8	7	29	0	0	0	0	0	0	0	0	0	0	0	0	4	0	0	0	0	0	0	0	4	0	0	0	0	0	36	39	9	7	29	0
208	198	21	16	38	188	6	0	8	21	16	38	9	0	95	32	37	16	76	129	178	3	0	8	6	0	8	3	0	24	32	19	0	16	79	21	16	38	5	0	18	0	12	8	0	0	9	0	95	32	37	16	76	129	168	0	0	8	3	0	8	0	0	24	32	8	0	16	77	6	0	8	0	0	0	0	4	0	0	0	3	0	24	32	19	0	16	79	21	16	38	0	0	22	0	7	8	0	0	5	0	18	0	12	8	0	0	9	0	95	32	37	16	76	129	158	0	0	8	0	0	8	0	0	24	32	0	0	16	74	3	0	8	0	0	0	0	2	0	0	0	0	0	24	32	8	0	16	77	6	0	8	0	0	0	0	0	0	0	0	0	0	0	0	4	0	0	0	3	0	24	32	19	0	16	79	21	16	38	0	0	0	0	0	0	0	0	0	0	22	0	7	8	0	0	5	0	18	0	12	8	0	0	9	0	95	32	37	16	76	129
294	279	29	39	95	264	15	25	64	29	39	95	17	25	22	96	70	101	95	130	249	7	12	33	15	25	64	7	12	18	24	35	60	64	45	29	39	95	5	12	52	44	10	12	95	129	17	25	22	96	70	101	95	130	234	1	0	33	7	12	33	0	0	0	24	2	0	33	44	15	25	64	0	0	48	44	2	0	64	79	7	12	18	24	35	60	64	45	29	39	95	0	0	26	0	0	0	95	0	5	12	52	44	10	12	95	129	17	25	22	96	70	101	95	130	219	1	0	33	1	0	33	0	0	0	24	0	0	33	44	7	12	33	0	0	25	44	0	0	33	77	0	0	0	24	2	0	33	44	15	25	64	0	0	26	0	0	0	64	0	0	0	48	44	2	0	64	79	7	12	18	24	35	60	64	45	29	39	95	0	0	0	0	2	0	0	0	0	0	26	0	0	0	95	0	5	12	52	44	10	12	95	129	17	25	22	96	70	101	95	130
219	208	15	10	76	197	8	0	38	15	10	76	9	0	22	96	43	30	76	159	186	3	0	8	8	0	38	2	0	18	24	18	0	38	69	15	10	76	2	0	26	32	8	10	0	129	9	0	22	96	43	30	76	159	175	0	0	8	3	0	8	0	0	0	24	0	0	8	68	8	0	38	0	0	22	32	2	0	0	79	2	0	18	24	18	0	38	69	15	10	76	0	0	0	0	0	0	0	0	2	0	26	32	8	10	0	129	9	0	22	96	43	30	76	159	164	0	0	8	0	0	8	0	0	0	24	0	0	8	68	3	0	8	0	0	0	32	0	0	0	77	0	0	0	24	0	0	8	68	8	0	38	0	0	0	0	0	0	0	0	0	0	22	32	2	0	0	79	2	0	18	24	18	0	38	69	15	10	76	0	0	0	0	0	0	0	0	0	0	0	0	0	0	0	0	2	0	26	32	8	10	0	129	9	0	22	96	43	30	76	159
157	149	16	7	34	141	11	7	31	16	7	34	13	0	0	36	41	0	0	0	133	6	7	27	11	7	31	7	0	0	24	25	0	0	0	16	7	34	6	0	13	32	5	0	0	0	13	0	0	36	41	0	0	0	125	1	0	27	6	7	27	0	0	0	24	0	0	0	0	11	7	31	0	0	13	32	0	0	0	0	7	0	0	24	25	0	0	0	16	7	34	0	0	13	0	0	0	34	0	6	0	13	32	5	0	0	0	13	0	0	36	41	0	0	0	117	1	0	27	1	0	27	0	0	0	24	0	0	0	0	6	7	27	0	0	13	32	0	0	0	0	0	0	0	24	0	0	0	0	11	7	31	0	0	13	0	0	0	31	0	0	0	13	32	0	0	0	0	7	0	0	24	25	0	0	0	16	7	34	0	0	0	0	2	0	0	0	0	0	13	0	0	0	34	0	6	0	13	32	5	0	0	0	13	0	0	36	41	0	0	0
174	165	24	21	22	156	11	13	20	24	21	22	14	13	9	14	52	53	22	0	147	6	6	13	11	13	20	6	6	7	0	20	30	20	0	24	21	22	5	6	13	0	7	6	22	25	14	13	9	14	52	53	22	0	138	1	0	13	6	6	13	0	0	0	0	0	0	13	0	11	13	20	0	0	13	0	0	0	20	8	6	6	7	0	20	30	20	0	24	21	22	0	0	13	0	0	0	22	0	5	6	13	0	7	6	22	25	14	13	9	14	52	53	22	0	129	1	0	13	1	0	13	0	0	0	0	0	0	13	0	6	6	13	0	0	13	0	0	0	13	8	0	0	0	0	0	0	13	0	11	13	20	0	0	13	0	0	0	20	0	0	0	13	0	0	0	20	8	6	6	7	0	20	30	20	0	24	21	22	0	0	0	0	2	0	0	0	0	0	13	0	0	0	22	0	5	6	13	0	7	6	22	25	14	13	9	14	52	53	22	0
188	178	29	36	13	168	10	20	13	29	36	13	12	40	0	0	55	88	26	0	158	5	8	13	10	20	13	3	16	0	0	15	40	26	0	29	36	13	2	16	13	0	8	8	26	0	12	40	0	0	55	88	26	0	148	1	0	13	5	8	13	0	0	0	0	0	0	26	0	10	20	13	0	0	13	0	0	0	26	0	3	16	0	0	15	40	26	0	29	36	13	0	0	13	0	0	0	26	0	2	16	13	0	8	8	26	0	12	40	0	0	55	88	26	0	138	1	0	13	1	0	13	0	0	0	0	0	0	26	0	5	8	13	0	0	13	0	0	0	26	0	0	0	0	0	0	0	26	0	10	20	13	0	0	13	0	0	0	26	0	0	0	13	0	0	0	26	0	3	16	0	0	15	40	26	0	29	36	13	0	0	0	0	2	0	0	0	0	0	13	0	0	0	26	0	2	16	13	0	8	8	26	0	12	40	0	0	55	88	26	0
187	177	37	21	25	167	9	0	25	37	21	25	21	0	39	0	67	70	75	0	157	2	0	25	9	0	25	0	0	39	0	1	0	75	0	37	21	25	5	0	0	0	29	28	0	0	21	0	39	0	67	70	75	0	147	0	0	17	2	0	25	0	0	39	0	0	0	75	0	9	0	25	0	0	0	0	0	0	0	0	0	0	39	0	1	0	75	0	37	21	25	0	0	7	46	2	0	0	0	5	0	0	0	29	28	0	0	21	0	39	0	67	70	75	0	137	0	0	0	0	0	17	0	0	29	0	0	0	51	0	2	0	25	0	0	0	0	0	0	0	0	0	0	39	0	0	0	75	0	9	0	25	0	0	7	0	2	0	0	0	0	0	0	0	0	0	0	0	0	0	39	0	1	0	75	0	37	21	25	0	0	0	0	0	0	0	21	0	0	7	46	2	0	0	0	5	0	0	0	29	28	0	0	21	0	39	0	67	70	75	0
184	174	36	29	14	164	10	5	14	36	29	14	20	20	28	0	51	69	56	0	154	2	0	14	10	5	14	0	0	28	0	0	5	56	0	36	29	14	5	0	0	0	25	35	14	0	20	20	28	0	51	69	56	0	144	0	0	11	2	0	14	0	0	28	0	0	0	56	0	10	5	14	0	0	0	0	3	0	14	0	0	0	28	0	0	5	56	0	36	29	14	0	0	7	16	5	0	0	0	5	0	0	0	25	35	14	0	20	20	28	0	51	69	56	0	134	0	0	0	0	0	11	0	0	23	0	0	0	44	0	2	0	14	0	0	0	0	0	0	14	0	0	0	28	0	0	0	56	0	10	5	14	0	0	7	0	4	0	0	0	0	0	0	0	3	0	14	0	0	0	28	0	0	5	56	0	36	29	14	0	0	0	0	0	0	0	7	0	0	7	16	5	0	0	0	5	0	0	0	25	35	14	0	20	20	28	0	51	69	56	0
109	103	21	11	7	97	7	5	7	21	11	7	14	0	21	0	36	12	14	0	91	1	3	7	7	5	7	0	0	21	0	1	0	14	0	21	11	7	3	6	0	0	21	15	0	0	14	0	21	0	36	12	14	0	85	0	0	6	1	3	7	0	0	21	0	0	0	14	0	7	5	7	0	0	0	0	3	0	0	0	0	0	21	0	1	0	14	0	21	11	7	0	0	7	6	3	0	7	0	3	6	0	0	21	15	0	0	14	0	21	0	36	12	14	0	79	0	0	0	0	0	6	0	0	18	0	0	0	12	0	1	3	7	0	0	0	0	0	0	0	0	0	0	21	0	0	0	14	0	7	5	7	0	0	7	0	3	0	7	0	0	0	0	0	3	0	0	0	0	0	21	0	1	0	14	0	21	11	7	0	0	0	0	0	0	0	5	0	0	7	6	3	0	7	0	3	6	0	0	21	15	0	0	14	0	21	0	36	12	14	0
280	265	37	47	95	250	9	11	58	37	47	95	16	33	82	53	68	143	285	206	235	2	0	53	9	11	58	0	0	52	43	0	0	174	135	37	47	95	2	0	26	45	17	22	95	0	16	33	82	53	68	143	285	206	220	0	0	17	2	0	53	0	0	48	0	0	0	159	67	9	11	58	0	0	0	0	3	0	58	0	0	0	52	43	0	0	174	135	37	47	95	0	0	30	74	2	0	0	129	2	0	26	45	17	22	95	0	16	33	82	53	68	143	285	206	205	0	0	0	0	0	17	0	0	17	0	0	0	51	67	2	0	53	0	0	0	0	3	0	53	0	0	0	48	0	0	0	159	67	9	11	58	0	0	30	0	2	0	0	52	0	0	0	0	3	0	58	0	0	0	52	43	0	0	174	135	37	47	95	0	0	0	0	0	0	0	70	0	0	30	74	2	0	0	129	2	0	26	45	17	22	95	0	16	33	82	53	68	143	285	206
184	174	36	29	15	164	8	5	11	36	29	15	21	20	19	0	61	75	60	13	154	0	0	11	8	5	11	0	0	11	0	1	0	44	13	36	29	15	0	0	8	0	15	20	15	0	21	20	19	0	61	75	60	13	144	0	0	6	0	0	11	0	0	11	0	0	0	44	13	8	5	11	0	0	0	0	0	0	11	0	0	0	11	0	1	0	44	13	36	29	15	0	0	0	30	2	0	0	0	0	0	8	0	15	20	15	0	21	20	19	0	61	75	60	13	134	0	0	0	0	0	6	0	0	6	0	0	0	24	13	0	0	11	0	0	0	0	0	0	11	0	0	0	11	0	0	0	44	13	8	5	11	0	0	0	0	2	0	0	0	0	0	0	0	0	0	11	0	0	0	11	0	1	0	44	13	36	29	15	0	0	0	0	0	0	0	14	0	0	0	30	2	0	0	0	0	0	8	0	15	20	15	0	21	20	19	0	61	75	60	13
353	333	36	81	120	313	15	30	82	36	81	120	14	90	32	98	22	45	360	149	293	3	0	80	15	30	82	0	0	11	96	7	0	246	108	36	81	120	4	0	86	26	11	0	240	0	14	90	32	98	22	45	360	149	273	2	0	78	3	0	80	0	0	11	94	6	0	240	103	15	30	82	4	0	81	22	11	0	164	0	0	0	11	96	7	0	246	108	36	81	120	1	0	0	22	8	18	0	0	4	0	86	26	11	0	240	0	14	90	32	98	22	45	360	149	253	1	0	53	2	0	78	0	0	11	57	6	0	234	51	3	0	80	0	0	81	0	1	0	160	0	0	0	11	94	6	0	240	103	15	30	82	0	0	0	0	6	15	0	0	4	0	81	22	11	0	164	0	0	0	11	96	7	0	246	108	36	81	120	0	0	11	118	0	0	0	70	1	0	0	22	8	18	0	0	4	0	86	26	11	0	240	0	14	90	32	98	22	45	360	149
265	250	22	50	89	235	3	0	68	22	50	89	6	0	79	41	8	30	445	110	220	1	0	39	3	0	68	0	0	57	13	0	0	340	69	22	50	89	0	0	0	91	0	0	0	130	6	0	79	41	8	30	445	110	205	1	0	37	1	0	39	0	0	26	11	0	0	195	64	3	0	68	0	0	0	87	0	0	0	97	0	0	57	13	0	0	340	69	22	50	89	0	0	0	22	3	0	0	0	0	0	0	91	0	0	0	130	6	0	79	41	8	30	445	110	190	1	0	25	1	0	37	0	0	26	0	0	0	185	23	1	0	39	0	0	0	64	0	0	0	59	0	0	26	11	0	0	195	64	3	0	68	0	0	0	0	1	0	0	0	0	0	0	87	0	0	0	97	0	0	57	13	0	0	340	69	22	50	89	0	0	0	12	2	0	0	70	0	0	0	22	3	0	0	0	0	0	0	91	0	0	0	130	6	0	79	41	8	30	445	110
172	162	20	31	18	152	11	15	7	20	31	18	13	30	5	21	14	15	36	21	142	2	0	7	11	15	7	3	0	0	21	7	0	14	21	20	31	18	0	0	13	0	1	21	54	0	13	30	5	21	14	15	36	21	132	0	0	7	2	0	7	0	0	0	21	0	0	14	21	11	15	7	0	0	7	0	1	15	21	0	3	0	0	21	7	0	14	21	20	31	18	0	0	0	0	4	14	0	0	0	0	13	0	1	21	54	0	13	30	5	21	14	15	36	21	122	0	0	6	0	0	7	0	0	0	18	0	0	14	17	2	0	7	0	0	7	0	0	0	21	0	0	0	0	21	0	0	14	21	11	15	7	0	0	0	0	2	10	0	0	0	0	7	0	1	15	21	0	3	0	0	21	7	0	14	21	20	31	18	0	0	0	6	0	0	0	0	0	0	0	0	4	14	0	0	0	0	13	0	1	21	54	0	13	30	5	21	14	15	36	21
210	198	23	36	30	186	8	16	7	23	36	30	12	32	10	21	10	24	60	61	174	1	0	7	8	16	7	0	0	0	21	0	0	14	57	23	36	30	0	0	13	0	3	0	60	0	12	32	10	21	10	24	60	61	162	0	0	7	1	0	7	0	0	0	21	0	0	14	57	8	16	7	0	0	7	0	3	0	14	0	0	0	0	21	0	0	14	57	23	36	30	0	0	0	0	5	10	0	0	0	0	13	0	3	0	60	0	12	32	10	21	10	24	60	61	150	0	0	6	0	0	7	0	0	0	18	0	0	14	40	1	0	7	0	0	7	0	0	0	14	0	0	0	0	21	0	0	14	57	8	16	7	0	0	0	0	3	8	0	0	0	0	7	0	3	0	14	0	0	0	0	21	0	0	14	57	23	36	30	0	0	0	6	0	0	0	0	0	0	0	0	5	10	0	0	0	0	13	0	3	0	60	0	12	32	10	21	10	24	60	61
229	216	22	40	34	203	4	0	4	22	40	34	10	0	33	8	10	24	170	149	190	0	0	0	4	0	4	0	0	8	0	0	0	20	108	22	40	34	0	0	0	0	0	0	0	13	10	0	33	8	10	24	170	149	177	0	0	0	0	0	0	0	0	0	0	0	0	0	103	4	0	4	0	0	0	0	0	0	0	13	0	0	8	0	0	0	20	108	22	40	34	0	0	0	0	4	0	0	0	0	0	0	0	0	0	0	13	10	0	33	8	10	24	170	149	164	0	0	0	0	0	0	0	0	0	0	0	0	0	51	0	0	0	0	0	0	0	0	0	0	13	0	0	0	0	0	0	0	103	4	0	4	0	0	0	0	2	0	0	0	0	0	0	0	0	0	0	13	0	0	8	0	0	0	20	108	22	40	34	0	0	0	0	0	0	0	0	0	0	0	0	4	0	0	0	0	0	0	0	0	0	0	13	10	0	33	8	10	24	170	149
236	222	26	24	100	208	8	0	52	26	24	100	2	0	154	25	11	0	200	291	194	8	0	52	8	0	52	2	0	89	25	10	0	104	168	26	24	100	7	0	0	0	15	0	0	0	2	0	154	25	11	0	200	291	180	5	0	51	8	0	52	2	0	89	24	10	0	104	133	8	0	52	0	0	0	0	2	0	0	0	2	0	89	25	10	0	104	168	26	24	100	15	0	20	13	11	12	0	0	7	0	0	0	15	0	0	0	2	0	154	25	11	0	200	291	166	0	0	51	5	0	51	0	0	89	24	2	0	102	129	8	0	52	0	0	0	0	2	0	0	0	2	0	89	24	10	0	104	133	8	0	52	0	0	19	13	0	0	0	0	0	0	0	0	2	0	0	0	2	0	89	25	10	0	104	168	26	24	100	0	0	37	0	0	0	0	0	15	0	20	13	11	12	0	0	7	0	0	0	15	0	0	0	2	0	154	25	11	0	200	291
170	160	1	0	87	150	1	0	61	1	0	87	0	0	0	82	0	0	0	123	140	1	0	46	1	0	61	0	0	0	43	0	0	0	72	1	0	87	0	0	0	26	0	0	0	95	0	0	0	82	0	0	0	123	130	1	0	13	1	0	46	0	0	0	13	0	0	0	39	1	0	61	0	0	0	0	0	0	0	58	0	0	0	43	0	0	0	72	1	0	87	0	0	0	52	0	0	0	164	0	0	0	26	0	0	0	95	0	0	0	82	0	0	0	123	120	1	0	13	1	0	13	0	0	0	13	0	0	0	37	1	0	46	0	0	0	0	0	0	0	53	0	0	0	13	0	0	0	39	1	0	61	0	0	0	52	0	0	0	128	0	0	0	0	0	0	0	58	0	0	0	43	0	0	0	72	1	0	87	0	0	0	0	2	0	0	0	0	0	0	52	0	0	0	164	0	0	0	26	0	0	0	95	0	0	0	82	0	0	0	123
203	191	16	11	74	179	4	0	24	16	11	74	0	0	82	20	1	0	74	291	167	4	0	19	4	0	24	0	0	21	0	1	0	24	168	16	11	74	0	0	0	0	6	0	0	14	0	0	82	20	1	0	74	291	155	3	0	19	4	0	19	0	0	21	0	1	0	19	133	4	0	24	0	0	0	0	0	0	0	14	0	0	21	0	1	0	24	168	16	11	74	9	0	0	0	7	11	0	0	0	0	0	0	6	0	0	14	0	0	82	20	1	0	74	291	143	0	0	19	3	0	19	0	0	21	0	1	0	19	129	4	0	19	0	0	0	0	0	0	0	14	0	0	21	0	1	0	19	133	4	0	24	0	0	0	0	0	0	0	0	0	0	0	0	0	0	0	14	0	0	21	0	1	0	24	168	16	11	74	0	0	21	0	0	0	0	0	9	0	0	0	7	11	0	0	0	0	0	0	6	0	0	14	0	0	82	20	1	0	74	291
119	112	1	0	35	105	0	0	11	1	0	35	0	0	0	32	0	0	0	123	98	0	0	4	0	0	11	0	0	0	8	0	0	0	72	1	0	35	0	0	0	8	0	0	0	15	0	0	0	32	0	0	0	123	91	0	0	0	0	0	4	0	0	0	0	0	0	0	39	0	0	11	0	0	0	0	0	0	0	11	0	0	0	8	0	0	0	72	1	0	35	0	0	0	0	1	0	0	13	0	0	0	8	0	0	0	15	0	0	0	32	0	0	0	123	84	0	0	0	0	0	0	0	0	0	0	0	0	0	37	0	0	4	0	0	0	0	0	0	0	11	0	0	0	0	0	0	0	39	0	0	11	0	0	0	0	0	0	0	13	0	0	0	0	0	0	0	11	0	0	0	8	0	0	0	72	1	0	35	0	0	0	0	0	0	0	0	0	0	0	0	1	0	0	13	0	0	0	8	0	0	0	15	0	0	0	32	0	0	0	123
119	112	5	0	33	105	0	0	0	5	0	33	0	0	30	0	0	0	0	243	98	0	0	0	0	0	0	0	0	0	0	0	0	0	154	5	0	33	0	0	0	0	0	0	0	0	0	0	30	0	0	0	0	243	91	0	0	0	0	0	0	0	0	0	0	0	0	0	119	0	0	0	0	0	0	0	0	0	0	0	0	0	0	0	0	0	0	154	5	0	33	0	0	0	0	3	0	0	0	0	0	0	0	0	0	0	0	0	0	30	0	0	0	0	243	84	0	0	0	0	0	0	0	0	0	0	0	0	0	115	0	0	0	0	0	0	0	0	0	0	0	0	0	0	0	0	0	0	119	0	0	0	0	0	0	0	0	0	0	0	0	0	0	0	0	0	0	0	0	0	0	0	0	0	0	154	5	0	33	0	0	0	0	0	0	0	0	0	0	0	0	3	0	0	0	0	0	0	0	0	0	0	0	0	0	30	0	0	0	0	243
185	173	50	41	31	161	36	6	31	50	41	31	29	30	49	0	92	42	155	0	149	28	0	31	36	6	31	20	0	49	0	75	0	155	0	50	41	31	22	0	34	0	14	0	31	0	29	30	49	0	92	42	155	0	137	26	0	31	28	0	31	17	0	49	0	60	0	155	0	36	6	31	19	0	34	0	13	0	31	0	20	0	49	0	75	0	155	0	50	41	31	24	0	0	0	5	6	0	0	22	0	34	0	14	0	31	0	29	30	49	0	92	42	155	0	125	17	0	31	26	0	31	16	0	49	0	56	0	155	0	28	0	31	7	0	34	0	10	0	31	0	17	0	49	0	60	0	155	0	36	6	31	12	0	0	0	3	0	0	0	19	0	34	0	13	0	31	0	20	0	49	0	75	0	155	0	50	41	31	5	0	49	0	20	18	0	0	24	0	0	0	5	6	0	0	22	0	34	0	14	0	31	0	29	30	49	0	92	42	155	0
189	177	17	11	98	165	14	11	64	17	11	98	11	0	27	105	28	0	0	174	153	7	11	35	14	11	64	5	0	27	33	24	0	0	76	17	11	98	2	0	40	11	4	0	0	168	11	0	27	105	28	0	0	174	141	1	0	35	7	11	35	0	0	27	33	5	0	0	71	14	11	64	2	0	38	11	4	0	0	96	5	0	27	33	24	0	0	76	17	11	98	3	0	45	0	1	0	98	0	2	0	40	11	4	0	0	168	11	0	27	105	28	0	0	174	129	0	0	35	1	0	35	0	0	27	33	3	0	0	70	7	11	35	0	0	37	11	0	0	0	94	0	0	27	33	5	0	0	71	14	11	64	0	0	37	0	0	0	64	0	2	0	38	11	4	0	0	96	5	0	27	33	24	0	0	76	17	11	98	0	0	9	0	3	0	0	0	3	0	45	0	1	0	98	0	2	0	40	11	4	0	0	168	11	0	27	105	28	0	0	174
272	255	21	0	146	238	16	0	123	21	0	146	12	0	37	105	28	0	0	100	221	8	0	88	16	0	123	5	0	37	33	24	0	0	52	21	0	146	2	0	40	63	4	0	0	168	12	0	37	105	28	0	0	100	204	1	0	81	8	0	88	0	0	37	33	5	0	0	52	16	0	123	2	0	38	47	4	0	0	96	5	0	37	33	24	0	0	52	21	0	146	3	0	45	36	1	0	0	7	2	0	40	63	4	0	0	168	12	0	37	105	28	0	0	100	187	0	0	81	1	0	81	0	0	37	33	3	0	0	51	8	0	88	0	0	37	47	0	0	0	94	0	0	37	33	5	0	0	52	16	0	123	0	0	37	36	0	0	0	7	2	0	38	47	4	0	0	96	5	0	37	33	24	0	0	52	21	0	146	0	0	9	0	5	0	0	0	3	0	45	36	1	0	0	7	2	0	40	63	4	0	0	168	12	0	37	105	28	0	0	100
263	246	42	55	85	229	24	52	79	42	55	85	28	39	41	44	51	91	0	0	212	17	13	72	24	52	79	12	39	41	33	37	91	0	0	42	55	85	2	0	40	27	3	13	255	18	28	39	41	44	51	91	0	0	195	11	0	71	17	13	72	10	0	41	33	25	0	0	0	24	52	79	2	0	38	26	3	13	237	7	12	39	41	33	37	91	0	0	42	55	85	7	0	45	15	3	0	85	0	2	0	40	27	3	13	255	18	28	39	41	44	51	91	0	0	178	10	0	71	11	0	71	10	0	41	33	23	0	0	0	17	13	72	0	0	37	26	0	0	216	7	10	0	41	33	25	0	0	0	24	52	79	4	0	37	15	1	0	79	0	2	0	38	26	3	13	237	7	12	39	41	33	37	91	0	0	42	55	85	21	0	9	0	12	0	0	0	7	0	45	15	3	0	85	0	2	0	40	27	3	13	255	18	28	39	41	44	51	91	0	0
173	162	23	19	50	151	13	9	49	23	19	50	16	9	41	12	38	0	50	0	140	6	0	48	13	9	49	5	0	41	11	27	0	49	0	23	19	50	2	0	31	11	5	0	50	0	16	9	41	12	38	0	50	0	129	5	0	48	6	0	48	2	0	41	11	12	0	48	0	13	9	49	2	0	30	11	5	0	49	0	5	0	41	11	27	0	49	0	23	19	50	3	0	0	0	2	0	0	0	2	0	31	11	5	0	50	0	16	9	41	12	38	0	50	0	118	3	0	48	5	0	48	2	0	41	11	12	0	48	0	6	0	48	0	0	29	11	2	0	48	0	2	0	41	11	12	0	48	0	13	9	49	0	0	0	0	0	0	0	0	2	0	30	11	5	0	49	0	5	0	41	11	27	0	49	0	23	19	50	0	0	9	0	9	9	0	0	3	0	0	0	2	0	0	0	2	0	31	11	5	0	50	0	16	9	41	12	38	0	50	0
207	191	71	93	29	175	39	67	17	71	93	29	40	57	52	53	112	237	87	31	159	35	60	17	39	67	17	26	53	34	53	77	176	51	31	71	93	29	26	64	0	0	13	39	0	0	40	57	52	53	112	237	87	31	143	28	47	17	35	60	17	25	47	34	53	69	155	51	31	39	67	17	10	40	0	0	8	30	0	0	26	53	34	53	77	176	51	31	71	93	29	25	51	59	0	6	10	29	0	26	64	0	0	13	39	0	0	40	57	52	53	112	237	87	31	127	22	37	17	28	47	17	14	37	34	53	53	111	51	31	35	60	17	7	37	0	0	7	27	0	0	25	47	34	53	69	155	51	31	39	67	17	13	30	49	0	4	10	17	0	10	40	0	0	8	30	0	0	26	53	34	53	77	176	51	31	71	93	29	37	21	18	0	24	21	29	0	25	51	59	0	6	10	29	0	26	64	0	0	13	39	0	0	40	57	52	53	112	237	87	31
131	122	27	8	50	113	14	8	23	27	8	50	11	0	43	97	54	24	0	81	104	12	8	23	14	8	23	5	0	18	97	33	24	0	80	27	8	50	12	0	0	0	8	16	0	0	11	0	43	97	54	24	0	81	95	10	8	23	12	8	23	5	0	18	97	28	24	0	79	14	8	23	7	0	0	0	5	16	0	0	5	0	18	97	33	24	0	80	27	8	50	10	0	14	0	3	0	0	0	12	0	0	0	8	16	0	0	11	0	43	97	54	24	0	81	86	7	0	23	10	8	23	4	0	18	97	21	24	0	79	12	8	23	5	0	0	0	5	16	0	0	5	0	18	97	28	24	0	79	14	8	23	3	0	9	0	1	0	0	0	7	0	0	0	5	16	0	0	5	0	18	97	33	24	0	80	27	8	50	3	0	0	0	7	8	50	0	10	0	14	0	3	0	0	0	12	0	0	0	8	16	0	0	11	0	43	97	54	24	0	81
124	115	33	21	20	106	20	15	9	33	21	20	13	0	34	45	68	29	20	31	97	18	14	9	20	15	9	7	0	18	45	47	29	9	31	33	21	20	11	7	0	0	8	14	0	0	13	0	34	45	68	29	20	31	88	16	13	9	18	14	9	7	0	18	45	42	28	9	31	20	15	9	6	7	0	0	5	14	0	0	7	0	18	45	47	29	9	31	33	21	20	9	6	14	0	3	0	0	0	11	7	0	0	8	14	0	0	13	0	34	45	68	29	20	31	79	13	7	9	16	13	9	6	0	18	45	35	25	9	31	18	14	9	4	7	0	0	5	14	0	0	7	0	18	45	42	28	9	31	20	15	9	3	0	9	0	1	0	0	0	6	7	0	0	5	14	0	0	7	0	18	45	47	29	9	31	33	21	20	3	0	0	0	7	7	20	0	9	6	14	0	3	0	0	0	11	7	0	0	8	14	0	0	13	0	34	45	68	29	20	31
110	101	29	24	6	92	13	20	0	29	24	6	7	0	6	0	41	45	6	31	83	13	20	0	13	20	0	7	0	0	0	29	45	0	31	29	24	6	8	0	0	0	6	0	0	0	7	0	6	0	41	45	6	31	74	12	20	0	13	20	0	7	0	0	0	29	45	0	31	13	20	0	5	0	0	0	5	0	0	0	7	0	0	0	29	45	0	31	29	24	6	7	0	0	0	1	0	0	0	8	0	0	0	6	0	0	0	7	0	6	0	41	45	6	31	65	10	20	0	12	20	0	6	0	0	0	25	45	0	31	13	20	0	5	0	0	0	5	0	0	0	7	0	0	0	29	45	0	31	13	20	0	3	0	0	0	1	0	0	0	5	0	0	0	5	0	0	0	7	0	0	0	29	45	0	31	29	24	6	3	0	0	0	3	0	0	0	7	0	0	0	1	0	0	0	8	0	0	0	6	0	0	0	7	0	6	0	41	45	6	31
121	112	29	24	6	103	17	14	0	29	24	6	7	0	6	0	48	36	12	31	94	17	14	0	17	14	0	7	0	0	0	40	21	0	31	29	24	6	8	0	0	0	8	0	0	0	7	0	6	0	48	36	12	31	85	16	14	0	17	14	0	7	0	0	0	40	21	0	31	17	14	0	5	0	0	0	7	0	0	0	7	0	0	0	40	21	0	31	29	24	6	7	0	0	0	1	0	0	0	8	0	0	0	8	0	0	0	7	0	6	0	48	36	12	31	76	13	14	0	16	14	0	6	0	0	0	36	21	0	31	17	14	0	5	0	0	0	7	0	0	0	7	0	0	0	40	21	0	31	17	14	0	3	0	0	0	1	0	0	0	5	0	0	0	7	0	0	0	7	0	0	0	40	21	0	31	29	24	6	6	0	0	0	4	0	0	0	7	0	0	0	1	0	0	0	8	0	0	0	8	0	0	0	7	0	6	0	48	36	12	31
118	109	39	23	8	100	21	8	8	39	23	8	21	0	40	0	31	21	24	0	91	19	8	8	21	8	8	12	0	40	0	23	16	24	0	39	23	8	0	0	8	0	0	0	0	0	21	0	40	0	31	21	24	0	82	19	8	8	19	8	8	12	0	40	0	23	16	24	0	21	8	8	0	0	8	0	0	0	0	0	12	0	40	0	23	16	24	0	39	23	8	4	0	0	0	3	0	0	0	0	0	8	0	0	0	0	0	21	0	40	0	31	21	24	0	73	19	5	8	19	8	8	12	0	40	0	23	16	24	0	19	8	8	0	0	8	0	0	0	0	0	12	0	40	0	23	16	24	0	21	8	8	4	0	0	0	2	0	0	0	0	0	8	0	0	0	0	0	12	0	40	0	23	16	24	0	39	23	8	28	15	0	0	9	0	0	0	4	0	0	0	3	0	0	0	0	0	8	0	0	0	0	0	21	0	40	0	31	21	24	0
284	261	78	174	100	238	49	114	89	78	174	100	38	184	70	51	84	228	400	29	215	35	102	63	49	114	89	28	136	70	35	70	204	356	17	76	174	100	8	0	161	132	8	0	100	85	38	184	70	51	84	228	400	29	192	31	98	61	35	102	63	17	136	51	35	44	204	252	17	47	114	89	8	0	146	125	8	0	89	79	28	136	70	35	70	204	356	17	76	174	100	8	64	27	20	9	16	0	0	8	0	161	132	8	0	100	85	38	184	70	51	84	228	400	29	169	27	80	60	31	98	61	13	128	49	35	34	192	244	17	33	102	63	7	0	136	121	4	0	63	72	17	136	51	35	44	204	252	17	47	114	89	8	48	18	19	7	12	0	0	8	0	146	125	8	0	89	79	28	136	70	35	70	204	356	17	76	174	100	18	224	7	11	29	48	0	0	8	64	27	20	9	16	0	0	8	0	161	132	8	0	100	85	38	184	70	51	84	228	400	29
208	192	55	41	83	176	35	39	51	55	41	83	29	26	13	90	76	78	0	61	160	27	39	17	35	39	51	25	26	13	35	69	78	0	26	55	41	83	7	0	74	53	8	0	0	166	29	26	13	90	76	78	0	61	144	23	39	17	27	39	17	14	26	0	35	53	78	0	26	35	39	51	7	0	59	53	8	0	0	159	25	26	13	35	69	78	0	26	55	41	83	12	0	33	0	4	0	0	0	7	0	74	53	8	0	0	166	29	26	13	90	76	78	0	61	128	22	39	17	23	39	17	13	26	0	35	44	78	0	26	27	39	17	6	0	49	53	6	0	0	151	14	26	0	35	53	78	0	26	35	39	51	12	0	18	0	4	0	0	0	7	0	59	53	8	0	0	159	25	26	13	35	69	78	0	26	55	41	83	27	0	7	0	15	0	0	0	12	0	33	0	4	0	0	0	7	0	74	53	8	0	0	166	29	26	13	90	76	78	0	61
146	135	42	31	25	124	28	10	13	42	31	25	21	0	13	0	46	27	75	35	113	26	10	0	28	10	13	17	0	13	0	42	20	39	17	42	31	25	4	0	7	0	3	0	0	85	21	0	13	0	46	27	75	35	102	25	10	0	26	10	0	16	0	0	0	38	20	0	17	28	10	13	4	0	0	0	3	0	0	79	17	0	13	0	42	20	39	17	42	31	25	7	0	7	0	3	0	0	0	4	0	7	0	3	0	0	85	21	0	13	0	46	27	75	35	91	24	7	0	25	10	0	15	0	0	0	35	20	0	17	26	10	0	3	0	0	0	2	0	0	72	16	0	0	0	38	20	0	17	28	10	13	7	0	0	0	2	0	0	0	4	0	0	0	3	0	0	79	17	0	13	0	42	20	39	17	42	31	25	28	21	7	0	8	0	0	0	7	0	7	0	3	0	0	0	4	0	7	0	3	0	0	85	21	0	13	0	46	27	75	35
120	110	31	35	0	100	18	21	0	31	35	0	14	14	0	0	27	18	0	0	90	17	21	0	18	21	0	10	14	0	0	23	14	0	0	31	35	0	0	0	0	0	0	0	0	0	14	14	0	0	27	18	0	0	80	17	21	0	17	21	0	10	14	0	0	23	14	0	0	18	21	0	0	0	0	0	0	0	0	0	10	14	0	0	23	14	0	0	31	35	0	4	0	0	0	2	0	0	0	0	0	0	0	0	0	0	0	14	14	0	0	27	18	0	0	70	17	18	0	17	21	0	10	14	0	0	23	14	0	0	17	21	0	0	0	0	0	0	0	0	0	10	14	0	0	23	14	0	0	18	21	0	4	0	0	0	1	0	0	0	0	0	0	0	0	0	0	0	10	14	0	0	23	14	0	0	31	35	0	28	12	0	0	6	0	0	0	4	0	0	0	2	0	0	0	0	0	0	0	0	0	0	0	14	14	0	0	27	18	0	0
143	130	45	47	39	117	35	40	26	45	47	39	33	0	43	8	36	24	39	100	104	35	40	26	35	40	26	33	0	30	8	34	24	26	89	37	47	39	2	0	0	0	0	0	0	0	33	0	43	8	34	24	39	100	91	34	40	26	35	40	26	33	0	30	8	34	24	26	63	27	40	26	2	0	0	0	0	0	0	0	33	0	30	8	32	24	26	89	33	47	39	4	0	0	0	5	7	0	0	2	0	0	0	0	0	0	0	21	0	43	8	27	24	39	100	78	27	35	26	34	40	26	30	0	30	8	30	24	26	61	27	40	26	2	0	0	0	0	0	0	0	33	0	30	8	32	24	26	63	23	40	26	0	0	0	0	0	0	0	0	2	0	0	0	0	0	0	0	21	0	30	8	25	24	26	89	33	47	39	18	35	48	0	19	21	0	0	4	0	0	0	5	7	0	0	2	0	0	0	0	0	0	0	21	0	43	8	27	24	39	100
154	140	52	63	53	126	37	45	50	52	63	53	27	36	125	32	43	27	106	0	112	37	45	50	37	45	50	27	36	117	32	31	27	100	0	39	63	53	2	0	0	0	2	0	0	0	27	36	125	32	37	27	106	0	98	36	45	50	37	45	50	27	36	117	32	31	27	100	0	24	45	50	2	0	0	0	0	0	0	0	27	36	117	32	25	27	100	0	35	63	53	0	0	0	0	8	7	0	0	2	0	0	0	2	0	0	0	15	36	125	32	30	27	106	0	84	31	37	50	36	45	50	24	36	117	32	27	27	100	0	24	45	50	2	0	0	0	0	0	0	0	27	36	117	32	25	27	100	0	20	45	50	0	0	0	0	0	0	0	0	2	0	0	0	0	0	0	0	15	36	117	32	18	27	100	0	35	63	53	13	56	0	0	26	35	0	0	0	0	0	0	8	7	0	0	2	0	0	0	2	0	0	0	15	36	125	32	30	27	106	0
143	132	20	0	89	121	17	0	56	20	0	89	10	0	21	59	19	0	0	133	110	17	0	56	17	0	56	10	0	8	59	19	0	0	110	20	0	89	0	0	0	0	0	0	0	0	10	0	21	59	19	0	0	133	99	17	0	26	17	0	56	10	0	8	17	19	0	0	71	17	0	56	0	0	0	0	0	0	0	0	10	0	8	59	19	0	0	110	20	0	89	4	0	0	54	3	0	0	183	0	0	0	0	0	0	0	0	10	0	21	59	19	0	0	133	88	10	0	23	17	0	26	10	0	8	16	19	0	0	69	17	0	56	0	0	0	0	0	0	0	0	10	0	8	17	19	0	0	71	17	0	56	0	0	0	45	0	0	0	143	0	0	0	0	0	0	0	0	10	0	8	59	19	0	0	110	20	0	89	6	0	64	22	9	0	0	0	4	0	0	54	3	0	0	183	0	0	0	0	0	0	0	0	10	0	21	59	19	0	0	133
146	134	27	20	60	122	21	20	31	27	20	60	10	0	43	8	22	0	0	133	110	21	20	31	21	20	31	10	0	30	8	22	0	0	110	26	20	60	0	0	0	0	0	0	0	0	10	0	43	8	22	0	0	133	98	21	20	28	21	20	31	10	0	30	8	22	0	0	71	20	20	31	0	0	0	0	0	0	0	0	10	0	30	8	22	0	0	110	26	20	60	4	0	0	27	5	0	0	0	0	0	0	0	0	0	0	0	10	0	43	8	22	0	0	133	86	14	20	26	21	20	28	10	0	30	8	22	0	0	69	20	20	31	0	0	0	0	0	0	0	0	10	0	30	8	22	0	0	71	20	20	31	0	0	0	21	0	0	0	0	0	0	0	0	0	0	0	0	10	0	30	8	22	0	0	110	26	20	60	11	0	64	14	17	0	0	0	4	0	0	27	5	0	0	0	0	0	0	0	0	0	0	0	10	0	43	8	22	0	0	133
213	195	48	69	83	177	37	56	52	48	69	83	35	0	73	29	44	14	83	133	159	37	56	52	37	56	52	35	0	57	29	40	14	52	110	44	69	83	2	0	0	0	1	0	0	0	35	0	73	29	44	14	83	133	141	36	56	46	37	56	52	35	0	57	26	40	14	52	71	33	56	52	2	0	0	0	0	0	0	0	35	0	57	29	40	14	52	110	40	69	83	4	0	0	54	7	13	0	0	2	0	0	0	1	0	0	0	23	0	73	29	37	14	83	133	123	26	52	43	36	56	46	32	0	57	25	36	14	46	69	33	56	52	2	0	0	0	0	0	0	0	35	0	57	26	40	14	52	71	29	56	52	0	0	0	45	0	0	0	0	2	0	0	0	0	0	0	0	23	0	57	29	33	14	52	110	40	69	83	19	52	64	22	25	39	0	0	4	0	0	54	7	13	0	0	2	0	0	0	1	0	0	0	23	0	73	29	37	14	83	133
179	162	69	77	113	145	54	68	70	68	77	113	44	105	24	173	73	110	0	175	128	53	66	53	53	68	70	40	99	24	117	57	101	0	128	52	77	113	11	22	0	52	5	0	0	100	40	105	24	173	63	110	0	175	111	47	55	52	52	66	53	39	99	20	117	54	99	0	128	37	68	70	5	22	0	50	1	0	0	89	36	99	24	117	47	101	0	128	48	77	113	8	0	76	9	1	0	113	0	11	22	0	52	5	0	0	100	28	105	24	173	56	110	0	175	94	29	22	51	46	55	52	30	66	18	117	34	55	0	122	36	66	53	4	22	0	48	0	0	0	63	35	99	20	117	44	99	0	128	33	68	70	4	0	60	8	1	0	70	0	5	22	0	50	1	0	0	89	24	99	24	117	40	101	0	128	48	77	113	28	0	147	8	15	0	339	0	8	0	76	9	1	0	113	0	11	22	0	52	5	0	0	100	28	105	24	173	56	110	0	175
205	186	67	76	120	167	51	70	106	64	76	120	45	84	24	80	70	74	0	53	148	50	70	102	48	70	106	41	84	24	77	51	70	0	50	45	76	120	13	0	0	44	7	0	0	0	35	84	24	80	56	74	0	53	129	47	70	101	47	70	102	40	84	20	77	48	70	0	50	29	70	106	7	0	0	42	1	0	0	0	31	84	24	77	37	70	0	50	41	76	120	8	0	12	9	1	0	0	0	13	0	0	44	7	0	0	0	23	84	24	80	49	74	0	53	110	39	42	100	44	70	101	36	84	18	77	36	70	0	50	28	70	102	6	0	0	40	0	0	0	0	30	84	20	77	34	70	0	50	25	70	106	4	0	12	8	1	0	0	0	7	0	0	42	1	0	0	0	19	84	24	77	30	70	0	50	41	76	120	37	0	28	8	20	0	240	0	8	0	12	9	1	0	0	0	13	0	0	44	7	0	0	0	23	84	24	80	49	74	0	53
207	187	85	142	60	167	58	96	57	80	142	60	54	123	34	36	110	236	240	0	147	54	78	50	53	96	57	44	78	34	33	66	152	228	0	60	142	60	12	105	10	65	9	31	60	0	38	123	34	36	92	236	240	0	127	48	61	42	49	78	50	40	61	27	33	57	104	200	0	33	96	57	4	61	10	42	1	9	57	0	28	78	34	33	48	152	228	0	60	142	60	12	88	42	9	4	13	60	29	12	105	10	65	9	31	60	0	38	123	34	36	92	236	240	0	107	37	36	41	43	61	42	37	36	18	33	40	57	168	0	29	78	50	2	36	7	40	1	0	50	0	24	61	27	33	39	104	200	0	33	96	57	0	36	42	8	0	9	57	17	4	61	10	42	1	9	57	0	28	78	34	33	48	152	228	0	60	142	60	29	144	0	8	33	54	60	0	12	88	42	9	4	13	60	29	12	105	10	65	9	31	60	0	38	123	34	36	92	236	240	0
175	159	44	61	100	143	32	39	99	41	61	100	26	0	24	16	52	37	200	0	127	31	39	96	29	39	99	22	0	24	15	34	26	198	0	29	61	100	11	0	0	35	7	0	0	0	16	0	24	16	40	37	200	0	111	29	39	95	28	39	96	21	0	20	15	31	26	192	0	17	39	99	5	0	0	33	1	0	0	0	12	0	24	15	22	26	198	0	29	61	100	8	0	12	9	1	0	0	0	11	0	0	35	7	0	0	0	16	0	24	16	40	37	200	0	95	24	33	94	26	39	95	20	0	18	15	23	26	190	0	16	39	96	4	0	0	31	0	0	0	0	11	0	20	15	19	26	192	0	17	39	99	4	0	12	8	1	0	0	0	5	0	0	33	1	0	0	0	12	0	24	15	22	26	198	0	29	61	100	27	66	0	8	18	22	0	0	8	0	12	9	1	0	0	0	11	0	0	35	7	0	0	0	16	0	24	16	40	37	200	0
112	102	38	27	40	92	26	9	40	36	27	40	28	0	24	0	55	24	120	0	82	23	9	36	24	9	40	18	0	24	0	35	0	120	0	33	27	40	13	0	0	54	6	12	0	0	22	0	24	0	51	24	120	0	72	21	9	32	21	9	36	17	0	20	0	27	0	108	0	21	9	40	7	0	0	46	1	0	0	0	12	0	24	0	31	0	120	0	33	27	40	11	0	12	51	3	0	0	0	13	0	0	54	6	12	0	0	22	0	24	0	51	24	120	0	62	15	6	26	19	9	32	16	0	18	0	19	0	96	0	18	9	36	4	0	0	34	0	0	0	0	11	0	20	0	23	0	108	0	21	9	40	4	0	12	35	1	0	0	0	7	0	0	46	1	0	0	0	12	0	24	0	31	0	120	0	33	27	40	22	18	0	53	15	18	0	0	11	0	12	51	3	0	0	0	13	0	0	54	6	12	0	0	22	0	24	0	51	24	120	0
91	82	39	14	43	73	30	14	12	35	14	43	33	0	9	60	57	7	0	200	64	26	14	12	26	14	12	26	0	0	60	37	7	0	196	29	14	43	7	0	26	0	4	0	0	0	21	0	9	60	49	7	0	200	55	25	14	10	22	14	12	25	0	0	50	24	7	0	182	20	14	12	6	0	12	0	1	0	0	0	14	0	0	60	29	7	0	196	29	14	43	16	0	9	20	5	0	0	0	7	0	26	0	4	0	0	0	21	0	9	60	49	7	0	200	46	13	0	9	21	14	10	21	0	0	45	22	7	0	169	16	14	12	0	0	12	0	1	0	0	0	13	0	0	50	16	7	0	182	20	14	12	0	0	0	18	0	0	0	0	6	0	12	0	1	0	0	0	14	0	0	60	29	7	0	196	29	14	43	12	0	75	9	18	0	86	0	16	0	9	20	5	0	0	0	7	0	26	0	4	0	0	0	21	0	9	60	49	7	0	200
165	149	63	71	58	133	38	35	37	62	71	58	32	60	20	70	98	165	174	100	117	31	13	37	37	35	37	25	0	10	70	45	80	111	97	55	71	58	10	26	66	0	5	10	116	0	28	60	20	70	94	165	174	100	101	28	10	31	30	13	37	23	0	10	57	27	26	111	86	30	35	37	4	20	49	0	1	0	74	0	21	0	10	70	41	80	111	97	55	71	58	26	30	9	47	7	20	0	0	10	26	66	0	5	10	116	0	28	60	20	70	94	165	174	100	85	13	0	9	27	10	31	15	0	7	45	21	20	93	74	23	13	37	0	0	49	0	1	0	74	0	19	0	10	57	23	26	111	86	30	35	37	0	0	0	18	2	0	0	0	4	20	49	0	1	0	74	0	21	0	10	70	41	80	111	97	55	71	58	35	0	42	9	36	40	58	99	26	30	9	47	7	20	0	0	10	26	66	0	5	10	116	0	28	60	20	70	94	165	174	100
87	79	38	7	26	71	24	0	0	38	7	26	23	0	9	0	65	14	26	200	63	21	0	0	24	0	0	16	0	0	0	29	0	0	196	38	7	26	7	0	9	0	6	0	0	0	23	0	9	0	65	14	26	200	55	20	0	0	21	0	0	15	0	0	0	20	0	0	182	24	0	0	6	0	0	0	1	0	0	0	16	0	0	0	29	0	0	196	38	7	26	21	0	9	0	7	0	0	0	7	0	9	0	6	0	0	0	23	0	9	0	65	14	26	200	47	5	0	0	20	0	0	11	0	0	0	18	0	0	169	21	0	0	0	0	0	0	1	0	0	0	15	0	0	0	20	0	0	182	24	0	0	0	0	0	0	0	0	0	0	6	0	0	0	1	0	0	0	16	0	0	0	29	0	0	196	38	7	26	19	0	75	0	24	0	0	0	21	0	9	0	7	0	0	0	7	0	9	0	6	0	0	0	23	0	9	0	65	14	26	200
124	110	70	72	9	96	46	48	0	65	72	9	38	72	9	0	100	97	27	60	82	41	48	0	41	48	0	26	72	0	0	46	56	0	57	46	72	9	12	0	9	0	4	13	0	0	24	72	9	0	84	97	27	60	68	38	39	0	36	48	0	24	72	0	0	34	56	0	50	22	48	0	6	0	0	0	0	8	0	0	12	72	0	0	30	56	0	57	46	72	9	28	45	9	0	16	10	0	0	12	0	9	0	4	13	0	0	24	72	9	0	84	97	27	60	54	19	15	0	33	39	0	16	45	0	0	28	41	0	42	17	48	0	0	0	0	0	0	8	0	0	10	72	0	0	18	56	0	50	22	48	0	2	0	0	0	5	0	0	0	6	0	0	0	0	8	0	0	12	72	0	0	30	56	0	57	46	72	9	35	45	36	0	41	97	27	0	28	45	9	0	16	10	0	0	12	0	9	0	4	13	0	0	24	72	9	0	84	97	27	60
102	91	55	41	0	80	31	24	0	54	41	0	32	16	0	0	89	67	0	0	69	27	24	0	30	24	0	18	16	0	0	32	24	0	0	42	41	0	7	0	0	0	3	6	0	0	28	16	0	0	83	67	0	0	58	25	19	0	26	24	0	17	16	0	0	23	24	0	0	18	24	0	2	0	0	0	1	0	0	0	14	16	0	0	26	24	0	0	42	41	0	25	15	0	0	9	6	0	0	7	0	0	0	3	6	0	0	28	16	0	0	83	67	0	0	47	12	6	0	24	19	0	13	6	0	0	19	14	0	0	14	24	0	0	0	0	0	1	0	0	0	13	16	0	0	17	24	0	0	18	24	0	0	0	0	0	2	0	0	0	2	0	0	0	1	0	0	0	14	16	0	0	26	24	0	0	42	41	0	25	30	0	0	35	51	0	0	25	15	0	0	9	6	0	0	7	0	0	0	3	6	0	0	28	16	0	0	83	67	0	0
108	97	45	18	37	86	23	0	11	45	18	37	24	0	56	11	71	45	74	93	75	21	0	10	23	0	11	16	0	33	10	24	0	22	37	41	18	37	7	0	0	10	1	0	0	0	24	0	56	11	71	45	74	93	64	14	0	10	21	0	10	15	0	30	10	20	0	20	37	19	0	11	0	0	0	10	1	0	0	0	16	0	33	10	24	0	22	37	41	18	37	10	0	28	0	2	0	0	0	7	0	0	10	1	0	0	0	24	0	56	11	71	45	74	93	53	4	0	7	14	0	10	0	0	30	7	7	0	20	31	17	0	10	0	0	0	7	1	0	0	0	15	0	30	10	20	0	20	37	19	0	11	0	0	0	0	2	0	0	0	0	0	0	10	1	0	0	0	16	0	33	10	24	0	22	37	41	18	37	8	0	21	21	24	0	0	0	10	0	28	0	2	0	0	0	7	0	0	10	1	0	0	0	24	0	56	11	71	45	74	93
124	110	64	60	31	96	36	32	9	63	60	31	29	35	33	36	77	126	93	67	83	34	21	0	35	32	9	23	8	9	0	31	38	27	37	50	47	31	8	24	13	0	1	0	31	60	25	35	33	36	71	126	93	67	70	24	13	0	33	21	0	19	0	0	0	27	16	0	37	22	19	9	0	0	9	0	1	0	9	57	19	8	9	0	25	38	27	37	50	47	31	10	0	80	0	2	0	31	0	8	24	13	0	1	0	31	60	25	35	33	36	71	126	93	67	57	14	13	0	23	13	0	4	0	0	0	13	0	0	31	20	8	0	0	0	0	0	1	0	0	50	15	0	0	0	21	16	0	37	22	19	9	0	0	36	0	2	0	9	0	0	0	9	0	1	0	9	57	19	8	9	0	25	38	27	37	50	47	31	16	0	21	0	30	0	0	0	10	0	80	0	2	0	31	0	8	24	13	0	1	0	31	60	25	35	33	36	71	126	93	67
123	107	60	91	18	91	35	73	0	59	91	18	30	36	20	0	77	90	36	67	77	33	71	0	34	73	0	22	36	0	0	32	45	0	37	41	63	18	7	14	0	0	1	0	0	0	26	36	20	0	69	90	36	67	63	25	56	0	32	71	0	21	28	0	0	28	41	0	37	16	45	0	0	0	0	0	1	0	0	0	18	36	0	0	24	45	0	37	39	63	18	11	56	28	0	9	20	18	0	7	14	0	0	1	0	0	0	20	36	20	0	64	90	36	67	49	9	20	0	24	56	0	4	0	0	0	12	21	0	31	14	43	0	0	0	0	0	1	0	0	0	17	28	0	0	20	41	0	37	14	45	0	0	0	0	0	0	18	0	0	0	0	0	0	1	0	0	0	12	36	0	0	19	45	0	37	39	63	18	8	80	21	0	23	100	72	0	11	56	28	0	9	20	18	0	7	14	0	0	1	0	0	0	20	36	20	0	64	90	36	67
74	66	34	17	3	58	18	7	0	34	17	3	15	0	0	0	52	22	6	0	50	16	7	0	18	7	0	7	0	0	0	16	7	0	0	27	17	3	5	0	0	0	0	0	0	0	15	0	0	0	50	22	6	0	42	13	5	0	16	7	0	6	0	0	0	12	7	0	0	11	7	0	0	0	0	0	0	0	0	0	7	0	0	0	14	7	0	0	27	17	3	11	10	3	0	5	0	0	0	5	0	0	0	0	0	0	0	15	0	0	0	50	22	6	0	34	4	0	0	13	5	0	0	0	0	0	6	5	0	0	9	7	0	0	0	0	0	0	0	0	0	6	0	0	0	10	7	0	0	11	7	0	0	0	0	0	2	0	0	0	0	0	0	0	0	0	0	0	7	0	0	0	14	7	0	0	27	17	3	8	0	6	0	15	21	3	0	11	10	3	0	5	0	0	0	5	0	0	0	0	0	0	0	15	0	0	0	50	22	6	0
105	93	45	46	3	81	20	16	0	45	46	3	10	25	0	0	46	90	15	0	70	19	11	0	20	16	0	7	0	0	0	15	10	0	0	36	35	3	5	0	0	0	0	0	3	0	10	25	0	0	44	90	15	0	59	16	11	0	19	11	0	6	0	0	0	13	0	0	0	11	5	0	0	0	0	0	0	0	0	0	7	0	0	0	13	10	0	0	36	35	3	10	0	3	0	2	0	0	0	5	0	0	0	0	0	3	0	10	25	0	0	44	90	15	0	48	9	11	0	16	11	0	0	0	0	0	7	0	0	0	10	0	0	0	0	0	0	0	0	0	0	6	0	0	0	11	0	0	0	11	5	0	0	0	0	0	2	0	0	0	0	0	0	0	0	0	0	0	7	0	0	0	13	10	0	0	36	35	3	8	0	6	0	17	0	0	0	10	0	3	0	2	0	0	0	5	0	0	0	0	0	3	0	10	25	0	0	44	90	15	0
167	148	38	60	127	129	17	0	100	38	60	127	11	0	107	55	25	30	508	71	110	9	0	83	17	0	100	0	0	93	20	11	0	400	20	29	60	127	0	0	99	81	0	0	0	58	11	0	107	55	23	30	508	71	91	9	0	56	9	0	83	0	0	89	10	2	0	332	10	8	0	100	0	0	84	34	0	0	0	37	0	0	93	20	9	0	400	20	29	60	127	0	0	0	86	0	0	0	173	0	0	99	81	0	0	0	58	11	0	107	55	23	30	508	71	72	9	0	52	9	0	56	0	0	45	10	2	0	224	10	0	0	83	0	0	58	34	0	0	0	37	0	0	89	10	0	0	332	10	8	0	100	0	0	0	82	0	0	0	127	0	0	84	34	0	0	0	37	0	0	93	20	9	0	400	20	29	60	127	0	0	0	48	0	0	0	0	0	0	0	86	0	0	0	173	0	0	99	81	0	0	0	58	11	0	107	55	23	30	508	71
143	127	31	15	97	111	14	0	59	31	15	97	5	0	47	42	19	0	97	92	95	11	0	47	14	0	59	4	0	34	11	10	0	59	20	25	15	97	0	0	28	18	0	0	0	58	5	0	47	42	19	0	97	92	79	6	0	45	11	0	47	0	0	34	10	4	0	47	10	8	0	59	0	0	10	17	0	0	0	37	4	0	34	11	10	0	59	20	25	15	97	0	0	33	26	2	0	0	0	0	0	28	18	0	0	0	58	5	0	47	42	19	0	97	92	63	6	0	41	6	0	45	0	0	32	10	0	0	45	10	5	0	47	0	0	0	17	0	0	0	37	0	0	34	10	4	0	47	10	8	0	59	0	0	0	22	2	0	0	0	0	0	10	17	0	0	0	37	4	0	34	11	10	0	59	20	25	15	97	8	0	0	48	13	0	0	0	0	0	33	26	2	0	0	0	0	0	28	18	0	0	0	58	5	0	47	42	19	0	97	92
133	118	21	26	85	103	3	0	79	21	26	85	0	0	66	12	7	0	170	3	88	3	0	78	3	0	79	0	0	61	11	0	0	158	0	18	26	85	0	0	0	11	0	0	0	0	0	0	66	12	7	0	170	3	73	3	0	76	3	0	78	0	0	61	10	0	0	156	0	0	0	79	0	0	0	10	0	0	0	0	0	0	61	11	0	0	158	0	18	26	85	0	0	0	26	0	0	0	0	0	0	0	11	0	0	0	0	0	0	66	12	7	0	170	3	58	3	0	63	3	0	76	0	0	59	10	0	0	152	0	0	0	78	0	0	0	10	0	0	0	0	0	0	61	10	0	0	156	0	0	0	79	0	0	0	22	0	0	0	0	0	0	0	10	0	0	0	0	0	0	61	11	0	0	158	0	18	26	85	0	0	0	96	0	0	0	0	0	0	0	26	0	0	0	0	0	0	0	11	0	0	0	0	0	0	66	12	7	0	170	3
79	70	17	14	15	61	4	0	5	17	14	15	0	0	5	0	8	0	30	6	52	4	0	5	4	0	5	0	0	0	0	1	0	10	0	14	14	15	0	0	0	0	0	0	0	0	0	0	5	0	8	0	30	6	43	3	0	5	4	0	5	0	0	0	0	1	0	10	0	1	0	5	0	0	0	0	0	0	0	0	0	0	0	0	1	0	10	0	14	14	15	0	0	5	0	0	0	0	0	0	0	0	0	0	0	0	0	0	0	5	0	8	0	30	6	34	3	0	5	3	0	5	0	0	0	0	0	0	10	0	1	0	5	0	0	0	0	0	0	0	0	0	0	0	0	1	0	10	0	1	0	5	0	0	0	0	0	0	0	0	0	0	0	0	0	0	0	0	0	0	0	0	1	0	10	0	14	14	15	0	0	0	0	3	0	0	0	0	0	5	0	0	0	0	0	0	0	0	0	0	0	0	0	0	0	5	0	8	0	30	6
116	101	38	66	37	86	22	26	17	38	66	37	17	0	47	0	24	24	185	52	73	20	26	17	22	26	17	16	0	34	0	16	0	85	9	26	40	37	0	0	15	0	0	0	0	0	17	0	47	0	22	24	185	52	60	16	26	16	20	26	17	12	0	34	0	12	0	85	0	10	0	17	0	0	0	0	0	0	0	0	16	0	34	0	14	0	85	9	22	40	37	0	0	28	16	2	0	0	0	0	0	15	0	0	0	0	0	5	0	47	0	15	24	185	52	47	16	26	12	16	26	16	12	0	32	0	9	0	80	0	8	0	17	0	0	0	0	0	0	0	0	12	0	34	0	10	0	85	0	6	0	17	0	0	0	12	2	0	0	0	0	0	0	0	0	0	0	0	4	0	34	0	7	0	85	9	22	40	37	12	0	0	48	10	0	0	0	0	0	28	16	2	0	0	0	0	0	15	0	0	0	0	0	5	0	47	0	15	24	185	52
104	91	3	0	134	78	3	0	69	3	0	134	0	0	0	101	0	0	0	361	65	3	0	69	3	0	69	0	0	0	101	0	0	0	260	0	0	134	0	0	0	0	0	0	0	0	0	0	0	101	0	0	0	361	52	3	0	69	3	0	69	0	0	0	101	0	0	0	230	0	0	69	0	0	0	0	0	0	0	0	0	0	0	101	0	0	0	260	0	0	134	0	0	0	0	0	0	0	0	0	0	0	0	0	0	0	0	0	0	0	101	0	0	0	361	39	3	0	66	3	0	69	0	0	0	97	0	0	0	198	0	0	69	0	0	0	0	0	0	0	0	0	0	0	101	0	0	0	230	0	0	69	0	0	0	0	0	0	0	0	0	0	0	0	0	0	0	0	0	0	0	101	0	0	0	260	0	0	134	0	0	0	36	0	0	0	0	0	0	0	0	0	0	0	0	0	0	0	0	0	0	0	0	0	0	0	101	0	0	0	361
112	98	20	0	115	84	14	0	66	20	0	115	12	0	33	86	13	0	0	264	70	14	0	66	14	0	66	12	0	31	86	9	0	0	201	10	0	115	0	0	0	0	0	0	0	0	12	0	33	86	11	0	0	264	56	14	0	66	14	0	66	12	0	31	86	9	0	0	183	4	0	66	0	0	0	0	0	0	0	0	12	0	31	86	7	0	0	201	6	0	115	0	0	0	0	0	0	0	0	0	0	0	0	0	0	0	0	0	0	33	86	4	0	0	264	42	14	0	50	14	0	66	12	0	31	71	9	0	0	153	4	0	66	0	0	0	0	0	0	0	0	12	0	31	86	7	0	0	183	0	0	66	0	0	0	0	0	0	0	0	0	0	0	0	0	0	0	0	0	0	31	86	0	0	0	201	6	0	115	4	0	0	50	0	0	0	113	0	0	0	0	0	0	0	0	0	0	0	0	0	0	0	0	0	0	33	86	4	0	0	264
82	71	17	10	64	60	13	10	41	17	10	64	12	0	9	0	11	0	0	164	50	13	10	41	13	10	41	12	0	9	0	9	0	0	117	8	0	64	0	0	0	0	0	0	0	0	12	0	9	0	9	0	0	164	40	13	10	41	13	10	41	12	0	9	0	9	0	0	100	4	0	41	0	0	0	0	0	0	0	0	12	0	9	0	7	0	0	117	4	0	64	0	0	0	0	0	0	0	0	0	0	0	0	0	0	0	0	0	0	9	0	2	0	0	164	30	13	10	37	13	10	41	12	0	9	0	9	0	0	72	4	0	41	0	0	0	0	0	0	0	0	12	0	9	0	7	0	0	100	0	0	41	0	0	0	0	0	0	0	0	0	0	0	0	0	0	0	0	0	0	9	0	0	0	0	117	4	0	64	4	0	0	34	0	0	0	0	0	0	0	0	0	0	0	0	0	0	0	0	0	0	0	0	0	0	9	0	2	0	0	164
97	80	27	91	65	63	12	70	56	27	91	65	0	120	75	11	12	70	65	37	49	12	70	56	12	70	56	0	120	73	11	6	70	56	17	8	49	65	0	0	0	0	0	0	0	0	0	120	75	11	6	70	65	37	39	12	70	56	12	70	56	0	120	73	11	6	70	56	17	0	40	56	0	0	0	0	0	0	0	0	0	120	73	11	0	70	56	17	8	9	65	0	0	0	0	0	0	0	0	0	0	0	0	0	0	0	0	0	0	75	11	6	0	65	37	29	12	66	27	12	70	56	0	120	73	0	6	70	56	16	0	40	56	0	0	0	0	0	0	0	0	0	120	73	11	0	70	56	17	0	0	56	0	0	0	0	0	0	0	0	0	0	0	0	0	0	0	0	0	0	73	11	0	0	56	17	8	9	65	0	36	0	34	0	0	0	233	0	0	0	0	0	0	0	0	0	0	0	0	0	0	0	0	0	0	75	11	6	0	65	37
118	100	38	80	102	82	22	56	69	35	80	102	16	0	146	74	26	52	204	164	68	22	56	55	21	56	69	16	0	137	24	15	28	138	117	18	24	102	0	0	0	13	0	0	0	34	12	0	146	74	18	24	204	164	54	22	56	51	21	56	55	16	0	125	20	15	28	110	100	4	0	69	0	0	0	9	0	0	0	9	12	0	137	24	7	0	138	117	14	24	102	0	0	0	36	0	0	0	0	0	0	0	13	0	0	0	34	0	0	146	74	11	24	204	164	40	22	56	14	21	56	51	16	0	109	0	15	28	102	72	4	0	55	0	0	0	0	0	0	0	0	12	0	125	20	7	0	110	100	0	0	69	0	0	0	0	0	0	0	0	0	0	0	9	0	0	0	9	0	0	137	24	0	0	138	117	14	24	102	12	0	0	21	6	0	0	293	0	0	0	36	0	0	0	0	0	0	0	13	0	0	0	34	0	0	146	74	11	24	204	164
85	69	29	61	82	55	20	55	79	20	33	82	16	66	0	43	22	44	0	0	44	19	55	78	15	33	79	14	66	0	42	17	44	0	0	6	0	82	0	0	0	14	0	0	0	0	2	0	0	43	6	0	0	0	33	19	55	77	14	33	78	14	66	0	41	16	44	0	0	1	0	79	0	0	0	13	0	0	0	0	0	0	0	42	1	0	0	0	6	0	82	2	0	0	13	3	0	0	0	0	0	0	14	0	0	0	0	2	0	0	43	6	0	0	0	22	19	55	61	14	33	77	14	66	0	37	16	44	0	0	0	0	78	0	0	0	9	0	0	0	0	0	0	0	41	0	0	0	0	1	0	79	2	0	0	9	3	0	0	0	0	0	0	13	0	0	0	0	0	0	0	42	1	0	0	0	6	0	82	17	0	0	76	16	0	0	43	2	0	0	13	3	0	0	0	0	0	0	14	0	0	0	0	2	0	0	43	6	0	0	0
73	59	27	45	94	45	21	45	63	20	45	94	22	0	0	115	19	36	0	167	36	21	45	61	18	45	63	22	0	0	111	17	36	0	125	6	0	94	0	0	0	25	0	0	0	0	12	0	0	115	9	0	0	167	27	21	45	60	18	45	61	22	0	0	110	17	36	0	111	4	0	63	0	0	0	24	0	0	0	0	12	0	0	111	7	0	0	125	2	0	94	0	0	0	13	0	0	0	0	0	0	0	25	0	0	0	0	0	0	0	115	2	0	0	167	18	17	45	54	18	45	60	22	0	0	106	17	36	0	107	4	0	61	0	0	0	20	0	0	0	0	12	0	0	110	7	0	0	111	0	0	63	0	0	0	9	0	0	0	0	0	0	0	24	0	0	0	0	0	0	0	111	0	0	0	125	2	0	94	8	0	36	58	6	0	0	0	0	0	0	13	0	0	0	0	0	0	0	25	0	0	0	0	0	0	0	115	2	0	0	167
119	98	51	112	124	78	33	80	105	41	92	124	18	64	76	90	34	92	248	102	62	32	80	96	27	64	105	16	64	76	83	23	64	210	69	15	28	124	0	0	0	89	0	0	0	0	2	0	76	90	12	28	248	102	46	32	80	69	26	64	96	16	64	68	74	22	64	192	55	1	0	105	0	0	0	44	0	0	0	0	0	0	76	83	1	0	210	69	15	28	124	8	0	0	73	11	0	0	49	0	0	0	89	0	0	0	0	2	0	76	90	12	28	248	102	30	26	72	45	26	64	69	16	64	21	70	22	64	138	51	0	0	96	0	0	0	20	0	0	0	0	0	0	68	74	0	0	192	55	1	0	105	2	0	0	9	3	0	0	9	0	0	0	44	0	0	0	0	0	0	76	83	1	0	210	69	15	28	124	17	112	0	58	33	84	0	67	8	0	0	73	11	0	0	49	0	0	0	89	0	0	0	0	2	0	76	90	12	28	248	102
56	44	30	47	31	34	18	35	30	21	27	31	16	42	24	15	22	34	31	0	27	17	35	29	13	21	30	14	42	24	14	15	28	30	0	9	6	31	0	0	0	14	0	0	0	0	2	0	24	15	8	6	31	0	20	17	35	25	12	21	29	14	42	24	13	14	28	29	0	1	0	30	0	0	0	13	0	0	0	0	0	0	24	14	1	0	30	0	9	6	31	5	0	0	28	6	0	0	0	0	0	0	14	0	0	0	0	2	0	24	15	8	6	31	0	13	14	32	9	12	21	25	14	42	15	9	14	28	25	0	0	0	29	0	0	0	9	0	0	0	0	0	0	24	13	0	0	29	0	1	0	30	2	0	0	9	3	0	0	0	0	0	0	13	0	0	0	0	0	0	24	14	1	0	30	0	9	6	31	14	18	0	36	21	18	0	52	5	0	0	28	6	0	0	0	0	0	0	14	0	0	0	0	2	0	24	15	8	6	31	0
51	40	38	46	8	31	25	32	8	28	28	8	19	36	24	0	28	42	16	0	24	25	28	8	19	18	8	19	28	24	0	20	32	16	0	9	14	8	3	0	0	0	0	0	8	0	0	8	24	0	8	14	16	0	17	22	26	5	19	14	8	19	28	24	0	20	28	16	0	0	4	8	0	0	0	0	0	0	8	0	0	0	24	0	0	4	16	0	9	14	8	7	12	0	15	6	18	0	0	3	0	0	0	0	0	8	0	0	8	24	0	8	14	16	0	10	15	20	0	16	12	5	16	24	15	0	16	24	10	0	0	0	8	0	0	0	0	0	0	8	0	0	0	24	0	0	0	16	0	0	4	8	0	8	0	0	0	12	0	0	0	0	0	0	0	0	8	0	0	0	24	0	0	4	16	0	8	14	8	11	28	0	0	18	30	0	9	6	12	0	15	6	18	0	0	0	0	0	0	0	0	8	0	0	8	24	0	7	14	16	0
65	52	29	39	61	39	24	30	32	21	39	61	17	0	4	41	21	29	61	163	29	24	30	32	18	30	32	17	0	0	41	18	20	32	143	3	9	61	3	0	0	0	0	0	0	0	0	0	4	41	3	9	61	163	19	21	27	28	18	30	32	17	0	0	39	18	20	32	133	0	0	32	0	0	0	0	0	0	0	0	0	0	0	41	0	0	32	143	3	9	61	6	27	0	24	6	27	0	0	3	0	0	0	0	0	0	0	0	0	4	41	3	9	61	163	9	5	0	8	15	27	28	14	0	0	18	14	18	28	99	0	0	32	0	0	0	0	0	0	0	0	0	0	0	39	0	0	32	133	0	0	32	0	0	0	0	0	0	0	0	0	0	0	0	0	0	0	0	0	0	0	41	0	0	32	143	2	9	61	2	0	102	30	2	9	183	21	5	27	0	24	6	27	0	0	0	0	0	0	0	0	0	0	0	0	4	41	2	9	61	163
38	31	16	6	30	24	13	6	25	16	6	30	6	0	0	41	12	0	0	0	18	13	6	25	13	6	25	6	0	0	41	9	0	0	0	5	0	30	2	0	0	0	0	0	0	0	6	0	0	41	8	0	0	0	12	11	6	23	13	6	25	6	0	0	39	9	0	0	0	2	0	25	0	0	0	0	0	0	0	0	6	0	0	41	5	0	0	0	3	0	30	9	0	0	14	9	0	0	0	2	0	0	0	0	0	0	0	0	0	0	41	3	0	0	0	6	0	0	8	11	6	23	0	0	0	18	4	0	0	0	2	0	25	0	0	0	0	0	0	0	0	6	0	0	39	5	0	0	0	0	0	25	0	0	0	0	0	0	0	0	0	0	0	0	0	0	0	0	0	0	0	41	0	0	0	0	3	0	30	0	0	20	30	3	0	30	18	9	0	0	14	9	0	0	0	2	0	0	0	0	0	0	0	0	0	0	41	3	0	0	0
59	47	42	35	39	35	34	27	17	36	35	39	44	0	4	33	42	26	39	132	26	31	27	17	30	27	17	38	0	0	33	34	18	17	113	14	8	39	23	0	0	0	1	0	0	0	33	0	4	33	24	8	39	132	17	23	24	15	27	27	17	29	0	0	31	28	18	17	104	8	0	17	12	0	0	0	0	0	0	0	27	0	0	33	16	0	17	113	9	8	39	17	24	0	14	15	24	0	0	23	0	0	0	1	0	0	0	15	0	4	33	14	8	39	132	8	3	0	5	19	24	15	8	0	0	15	14	16	15	74	5	0	17	0	0	0	0	0	0	0	0	18	0	0	31	10	0	17	104	3	0	17	0	0	0	0	0	0	0	0	12	0	0	0	0	0	0	0	9	0	0	33	6	0	17	113	5	8	39	2	0	84	15	5	8	117	18	16	24	0	14	15	24	0	0	8	0	0	0	1	0	0	0	6	0	4	33	7	8	39	132
41	31	29	35	10	21	20	25	9	28	35	10	30	30	0	9	27	29	10	0	14	17	23	9	19	25	9	24	30	0	9	21	25	9	0	10	14	10	21	8	0	0	1	0	0	0	27	30	0	9	17	29	10	0	9	11	12	7	16	23	9	15	24	0	7	15	20	9	0	6	10	9	12	0	0	0	0	0	0	0	21	30	0	9	11	25	9	0	7	4	10	12	12	0	14	9	12	20	0	21	8	0	0	1	0	0	0	15	0	0	9	12	4	10	0	4	0	0	0	10	12	7	0	0	0	0	6	0	7	0	3	8	9	0	0	0	0	0	0	0	0	12	24	0	7	5	20	9	0	3	0	9	0	0	0	0	0	0	18	0	12	0	0	0	0	0	0	0	9	0	0	9	6	0	9	0	3	4	10	0	0	20	0	3	4	30	18	11	12	0	14	9	12	20	0	6	8	0	0	1	0	0	0	6	0	0	9	5	4	10	0
51	37	38	77	0	23	17	46	0	32	77	0	18	132	0	0	32	107	0	0	13	16	22	0	15	46	0	15	66	0	0	16	60	0	0	15	37	0	15	60	0	0	0	2	0	0	12	132	0	0	22	67	0	0	6	8	8	0	14	22	0	12	24	0	0	15	26	0	0	3	18	0	1	24	0	0	0	0	0	0	9	66	0	0	6	32	0	0	6	16	0	10	16	0	0	6	12	0	0	14	60	0	0	0	2	0	0	3	48	0	0	8	32	0	0	2	0	0	0	6	8	0	0	0	0	0	2	8	0	0	2	6	0	0	0	0	0	0	0	0	0	6	24	0	0	5	10	0	0	0	6	0	0	0	0	0	0	0	0	0	0	24	0	0	0	0	0	0	0	18	0	0	0	12	0	0	2	4	0	0	0	0	0	2	4	0	0	6	16	0	0	6	12	0	0	2	12	0	0	0	2	0	0	0	12	0	0	2	8	0	0
46	34	45	42	29	23	31	32	4	36	31	29	44	24	6	8	46	39	29	110	15	25	29	0	26	24	4	32	24	0	0	31	32	4	58	16	7	29	28	21	14	0	0	0	0	8	33	0	6	8	26	7	29	110	7	5	7	0	20	21	0	11	21	0	0	20	28	0	58	6	0	4	1	0	0	0	0	0	0	8	21	0	0	0	11	0	4	58	9	7	29	9	7	83	0	0	0	87	0	27	21	14	0	0	0	0	8	12	0	6	8	14	7	29	110	0	0	0	0	0	0	0	0	0	0	0	0	0	0	50	0	0	0	0	0	0	0	0	0	0	8	0	0	0	0	0	0	0	58	0	0	4	0	0	8	0	0	0	12	0	0	0	0	0	0	0	0	8	0	0	0	0	0	0	4	58	0	0	29	0	0	12	0	0	0	29	0	0	0	83	0	0	0	87	0	0	0	14	0	0	0	0	8	0	0	6	8	0	0	29	110
42	30	35	54	2	19	15	33	0	28	43	2	28	57	6	0	35	59	6	0	11	12	19	0	12	25	0	19	33	0	0	17	32	0	0	18	19	2	21	43	6	0	0	0	2	0	21	33	6	0	23	27	6	0	4	3	4	0	9	12	0	7	12	0	0	12	16	0	0	3	4	0	0	4	0	0	0	0	0	0	12	12	0	0	5	4	0	0	10	12	2	7	12	8	0	0	0	6	0	21	36	6	0	0	0	2	0	9	12	6	0	13	20	6	0	0	0	0	0	0	0	0	0	0	0	0	0	0	0	0	0	0	0	0	0	0	0	0	0	0	0	0	0	0	0	0	0	0	0	0	0	0	0	0	0	0	0	0	0	0	0	0	0	0	0	0	0	0	0	0	0	0	0	0	0	0	0	0	2	0	0	0	0	0	0	2	0	0	0	8	0	0	0	6	0	0	0	6	0	0	0	2	0	0	0	6	0	0	0	6	0
38	27	26	44	0	18	9	28	0	20	26	0	12	28	0	0	24	40	0	0	11	8	22	0	7	14	0	9	28	0	0	9	28	0	0	14	12	0	13	24	0	0	0	0	0	0	6	0	0	0	16	12	0	0	4	2	8	0	6	8	0	6	16	0	0	8	16	0	0	1	0	0	1	0	0	0	0	0	0	0	3	0	0	0	1	0	0	0	10	12	0	4	24	0	0	0	0	0	0	12	24	0	0	0	0	0	0	3	0	0	0	12	12	0	0	0	0	0	0	0	0	0	0	0	0	0	0	0	0	0	0	0	0	0	0	0	0	0	0	0	0	0	0	0	0	0	0	0	0	0	0	0	0	0	0	0	0	0	0	0	0	0	0	0	0	0	0	0	0	0	0	0	0	0	0	0	0	0	0	0	0	0	0	0	0	0	0	0	0	0	0	0	0	0	0	0	0	0	0	0	0	0	0	0	0	0	0	0	0	0	0
27	21	21	9	0	15	9	0	0	18	9	0	13	0	0	0	23	9	0	0	9	8	0	0	6	0	0	10	0	0	0	9	0	0	0	13	9	0	16	0	0	0	0	0	0	0	6	0	0	0	15	9	0	0	3	3	0	0	5	0	0	7	0	0	0	8	0	0	0	1	0	0	1	0	0	0	0	0	0	0	3	0	0	0	1	0	0	0	9	9	0	9	0	0	0	0	0	0	0	15	0	0	0	0	0	0	0	3	0	0	0	11	9	0	0	0	0	0	0	0	0	0	0	0	0	0	0	0	0	0	0	0	0	0	0	0	0	0	0	0	0	0	0	0	0	0	0	0	0	0	0	0	0	0	0	0	0	0	0	0	0	0	0	0	0	0	0	0	0	0	0	0	0	0	0	0	0	0	0	0	0	0	0	0	0	0	0	0	0	0	0	0	0	0	0	0	0	0	0	0	0	0	0	0	0	0	0	0	0	0	0
22	17	13	6	0	12	4	0	0	11	6	0	4	0	0	0	13	6	0	0	7	4	0	0	2	0	0	4	0	0	0	4	0	0	0	9	6	0	6	0	0	0	0	0	0	0	0	0	0	0	9	6	0	0	2	2	0	0	2	0	0	4	0	0	0	4	0	0	0	0	0	0	0	0	0	0	0	0	0	0	0	0	0	0	0	0	0	0	6	6	0	6	0	0	0	0	0	0	0	6	0	0	0	0	0	0	0	0	0	0	0	6	6	0	0	0	0	0	0	0	0	0	0	0	0	0	0	0	0	0	0	0	0	0	0	0	0	0	0	0	0	0	0	0	0	0	0	0	0	0	0	0	0	0	0	0	0	0	0	0	0	0	0	0	0	0	0	0	0	0	0	0	0	0	0	0	0	0	0	0	0	0	0	0	0	0	0	0	0	0	0	0	0	0	0	0	0	0	0	0	0	0	0	0	0	0	0	0	0	0	0
43	32	28	10	24	21	16	0	2	24	10	24	25	0	16	4	31	10	24	31	10	4	0	0	12	0	2	10	0	6	0	16	0	2	4	11	10	24	1	0	57	0	0	0	0	0	15	0	16	4	15	10	24	31	0	0	0	0	0	0	0	0	0	0	0	0	0	0	0	0	0	2	0	0	8	0	0	0	0	0	0	0	6	0	0	0	2	4	0	0	24	0	0	19	0	0	0	0	0	0	0	57	0	0	0	0	0	0	0	16	4	0	0	24	31	0	0	0	0	0	0	0	0	0	0	0	0	0	0	0	0	0	0	0	0	0	0	0	0	0	0	0	0	0	0	0	0	0	0	0	0	2	0	0	0	0	0	0	0	0	0	0	8	0	0	0	0	0	0	0	6	0	0	0	2	4	0	0	0	0	0	0	0	0	0	0	0	0	0	0	0	0	0	0	0	0	0	0	0	0	0	0	0	0	0	0	4	0	0	0	31
42	31	24	18	17	20	12	0	2	21	18	17	22	0	16	4	26	18	34	2	9	3	0	0	9	0	2	7	0	6	0	12	0	4	0	10	18	17	1	0	36	0	0	0	0	0	15	0	16	4	14	18	34	2	0	0	0	0	0	0	0	0	0	0	0	0	0	0	0	0	0	2	0	0	8	0	0	0	0	0	0	0	6	0	0	0	4	0	0	0	17	0	0	12	0	0	0	0	0	0	0	36	0	0	0	0	0	0	0	16	4	0	0	34	2	0	0	0	0	0	0	0	0	0	0	0	0	0	0	0	0	0	0	0	0	0	0	0	0	0	0	0	0	0	0	0	0	0	0	0	0	2	0	0	0	0	0	0	0	0	0	0	8	0	0	0	0	0	0	0	6	0	0	0	4	0	0	0	0	0	0	0	0	0	0	0	0	0	0	0	0	0	0	0	0	0	0	0	0	0	0	0	0	0	0	0	4	0	0	0	2
29	21	17	15	4	13	4	0	2	17	15	4	12	0	12	4	14	25	12	0	5	0	0	0	4	0	2	0	0	6	0	4	0	6	0	8	15	4	0	0	16	0	0	0	0	0	12	0	12	4	10	25	12	0	0	0	0	0	0	0	0	0	0	0	0	0	0	0	0	0	0	2	0	0	8	0	0	0	0	0	0	0	6	0	0	0	6	0	0	0	4	0	0	0	0	0	0	0	0	0	0	16	0	0	0	0	0	0	0	12	4	0	0	12	0	0	0	0	0	0	0	0	0	0	0	0	0	0	0	0	0	0	0	0	0	0	0	0	0	0	0	0	0	0	0	0	0	0	0	0	0	2	0	0	0	0	0	0	0	0	0	0	8	0	0	0	0	0	0	0	6	0	0	0	6	0	0	0	0	0	0	0	0	0	0	0	0	0	0	0	0	0	0	0	0	0	0	0	0	0	0	0	0	0	0	0	4	0	0	0	0
26	19	13	10	4	12	4	0	0	12	10	4	6	0	4	0	13	10	8	2	5	1	0	0	3	0	0	3	0	0	0	4	0	0	0	7	10	4	1	0	12	0	0	0	0	0	3	0	4	0	9	10	8	2	0	0	0	0	0	0	0	0	0	0	0	0	0	0	0	0	0	0	0	0	0	0	0	0	0	0	0	0	0	0	0	0	0	0	0	0	4	0	0	4	0	0	0	0	0	0	0	12	0	0	0	0	0	0	0	4	0	0	0	8	2	0	0	0	0	0	0	0	0	0	0	0	0	0	0	0	0	0	0	0	0	0	0	0	0	0	0	0	0	0	0	0	0	0	0	0	0	0	0	0	0	0	0	0	0	0	0	0	0	0	0	0	0	0	0	0	0	0	0	0	0	0	0	0	0	0	0	0	0	0	0	0	0	0	0	0	0	0	0	0	0	0	0	0	0	0	0	0	0	0	0	0	0	0	0	0	2
28	21	12	0	9	14	4	0	0	10	0	9	4	0	0	0	14	0	0	0	7	2	0	0	2	0	0	4	0	0	0	4	0	0	0	8	0	9	0	0	8	0	0	0	0	0	0	0	0	0	10	0	0	0	0	0	0	0	0	0	0	0	0	0	0	0	0	0	0	0	0	0	0	0	0	0	0	0	0	0	0	0	0	0	0	0	0	0	0	0	9	0	0	8	0	0	0	0	0	0	0	8	0	0	0	0	0	0	0	0	0	0	0	0	0	0	0	0	0	0	0	0	0	0	0	0	0	0	0	0	0	0	0	0	0	0	0	0	0	0	0	0	0	0	0	0	0	0	0	0	0	0	0	0	0	0	0	0	0	0	0	0	0	0	0	0	0	0	0	0	0	0	0	0	0	0	0	0	0	0	0	0	0	0	0	0	0	0	0	0	0	0	0	0	0	0	0	0	0	0	0	0	0	0	0	0	0	0	0	0	0
29	19	14	9	36	9	0	0	14	14	9	36	0	0	58	12	4	0	36	25	0	0	0	12	0	0	14	0	0	46	6	0	0	14	4	0	0	36	0	0	0	4	0	0	0	0	0	0	58	12	0	0	36	25	0	0	0	10	0	0	12	0	0	38	0	0	0	12	0	0	0	14	0	0	0	0	0	0	0	0	0	0	46	6	0	0	14	4	0	0	0	0	0	0	0	0	0	0	0	0	0	0	4	0	0	0	0	0	0	0	12	0	0	0	25	0	0	0	9	0	0	10	0	0	30	0	0	0	10	0	0	0	12	0	0	0	0	0	0	0	0	0	0	38	0	0	0	12	0	0	0	0	0	0	0	0	0	0	0	0	0	0	0	0	0	0	0	0	0	0	0	6	0	0	0	4	0	0	0	0	0	0	9	0	0	0	0	0	0	0	0	0	0	0	0	0	0	0	4	0	0	0	0	0	0	0	0	0	0	0	0
17	11	10	5	10	5	0	0	10	10	5	10	0	0	30	0	0	0	10	0	0	0	0	10	0	0	10	0	0	30	0	0	0	10	0	0	0	10	0	0	0	0	0	0	0	0	0	0	30	0	0	0	10	0	0	0	0	10	0	0	10	0	0	30	0	0	0	10	0	0	0	10	0	0	0	0	0	0	0	0	0	0	30	0	0	0	10	0	0	0	0	0	0	0	0	0	0	0	0	0	0	0	0	0	0	0	0	0	0	0	0	0	0	0	0	0	0	0	9	0	0	10	0	0	30	0	0	0	10	0	0	0	10	0	0	0	0	0	0	0	0	0	0	30	0	0	0	10	0	0	0	0	0	0	0	0	0	0	0	0	0	0	0	0	0	0	0	0	0	0	0	0	0	0	0	0	0	0	0	0	0	0	9	0	0	0	0	0	0	0	0	0	0	0	0	0	0	0	0	0	0	0	0	0	0	0	0	0	0	0	0
19	12	11	10	15	5	0	0	15	11	10	15	0	0	45	0	0	0	30	0	0	0	0	14	0	0	15	0	0	45	0	0	0	30	0	0	0	15	0	0	0	4	0	0	0	0	0	0	45	0	0	0	30	0	0	0	0	10	0	0	14	0	0	42	0	0	0	28	0	0	0	15	0	0	0	0	0	0	0	0	0	0	45	0	0	0	30	0	0	0	0	0	0	0	0	0	0	0	10	0	0	0	4	0	0	0	0	0	0	0	0	0	0	0	0	0	0	0	9	0	0	10	0	0	30	0	0	0	20	0	0	0	14	0	0	0	0	0	0	0	0	0	0	42	0	0	0	28	0	0	0	0	0	0	0	0	0	0	0	9	0	0	0	0	0	0	0	0	0	0	0	0	0	0	0	0	0	0	0	0	0	0	9	0	0	0	0	0	0	0	0	0	0	0	10	0	0	0	4	0	0	0	0	0	0	0	0	0	0	0	0
30	19	15	24	27	8	0	0	19	15	24	27	0	0	73	12	4	0	81	4	0	0	0	16	0	0	19	0	0	61	6	0	0	57	2	0	0	27	0	0	0	8	0	0	0	0	0	0	73	12	0	0	81	4	0	0	0	10	0	0	16	0	0	50	0	0	0	48	0	0	0	19	0	0	0	0	0	0	0	0	0	0	61	6	0	0	57	2	0	0	0	0	0	0	0	0	0	0	10	0	0	0	8	0	0	0	0	0	0	0	12	0	0	0	4	0	0	0	9	0	0	10	0	0	30	0	0	0	30	0	0	0	16	0	0	0	0	0	0	0	0	0	0	50	0	0	0	48	0	0	0	0	0	0	0	0	0	0	0	9	0	0	0	0	0	0	0	0	0	0	0	6	0	0	0	2	0	0	0	0	0	0	9	0	0	0	0	0	0	0	0	0	0	0	10	0	0	0	8	0	0	0	0	0	0	0	0	0	0	0	0
29	19	13	9	43	9	1	0	8	12	9	43	3	0	49	24	8	0	43	49	0	0	0	2	0	0	8	0	0	28	6	0	0	8	6	0	0	43	0	0	7	4	0	0	0	2	0	0	49	24	0	0	43	49	0	0	0	0	0	0	2	0	0	8	0	0	0	2	0	0	0	8	0	0	4	0	0	0	0	0	0	0	28	6	0	0	8	6	0	0	0	0	0	0	0	0	0	0	0	0	0	0	4	0	0	0	2	0	0	0	24	0	0	0	49	0	0	0	0	0	0	0	0	0	0	0	0	0	0	0	0	0	2	0	0	0	0	0	0	0	0	0	0	8	0	0	0	2	0	0	0	0	0	0	0	0	0	0	0	0	0	0	0	0	0	0	0	0	0	0	0	6	0	0	0	6	0	0	0	0	0	0	0	0	0	0	0	0	0	0	0	0	0	0	0	0	0	0	4	0	0	0	2	0	0	0	0	0	0	0	0
26	13	0	0	108	0	0	0	75	0	0	108	0	0	0	50	0	0	0	88	0	0	0	75	0	0	75	0	0	0	50	0	0	0	58	0	0	0	0	0	0	0	0	0	0	0	0	0	0	50	0	0	0	88	0	0	0	74	0	0	75	0	0	0	48	0	0	0	52	0	0	0	0	0	0	0	0	0	0	0	0	0	0	50	0	0	0	58	0	0	0	0	0	0	4	0	0	0	0	0	0	0	0	0	0	0	0	0	0	0	0	0	0	0	0	0	0	0	66	0	0	74	0	0	0	40	0	0	0	40	0	0	0	0	0	0	0	0	0	0	0	0	0	0	48	0	0	0	52	0	0	0	0	0	0	0	0	0	0	0	0	0	0	0	0	0	0	0	0	0	0	0	0	0	0	0	0	0	0	0	0	0	40	0	0	0	10	0	0	0	4	0	0	0	0	0	0	0	0	0	0	0	0	0	0	0	0	0	0	0	0
36	18	3	0	159	0	0	0	137	0	0	159	0	0	16	71	0	0	0	42	0	0	0	134	0	0	137	0	0	16	62	0	0	0	34	0	0	0	0	0	0	12	0	0	0	0	0	0	0	71	0	0	0	42	0	0	0	129	0	0	134	0	0	16	54	0	0	0	30	0	0	0	0	0	0	6	0	0	0	0	0	0	0	62	0	0	0	34	0	0	0	0	0	0	25	0	0	0	0	0	0	0	12	0	0	0	0	0	0	0	0	0	0	0	0	0	0	0	94	0	0	129	0	0	16	40	0	0	0	20	0	0	0	0	0	0	0	0	0	0	0	0	0	0	54	0	0	0	30	0	0	0	0	0	0	0	0	0	0	0	0	0	0	6	0	0	0	0	0	0	0	0	0	0	0	0	0	0	0	0	0	0	68	0	0	0	140	0	0	0	25	0	0	0	0	0	0	0	0	0	0	0	0	0	0	0	0	0	0	0	0
36	18	11	0	140	0	0	0	113	0	0	140	0	0	68	78	0	0	0	70	0	0	0	106	0	0	113	0	0	67	66	0	0	0	27	0	0	0	0	0	0	31	0	0	0	0	0	0	0	78	0	0	0	70	0	0	0	90	0	0	106	0	0	63	54	0	0	0	18	0	0	0	0	0	0	6	0	0	0	0	0	0	0	66	0	0	0	27	0	0	0	0	0	0	25	0	0	0	31	0	0	0	31	0	0	0	0	0	0	0	0	0	0	0	0	0	0	0	64	0	0	90	0	0	52	40	0	0	0	10	0	0	0	0	0	0	0	0	0	0	0	0	0	0	54	0	0	0	18	0	0	0	0	0	0	0	0	0	0	4	0	0	0	6	0	0	0	0	0	0	0	0	0	0	0	0	0	0	0	0	0	0	34	0	0	0	110	0	0	0	25	0	0	0	31	0	0	0	0	0	0	0	0	0	0	0	0	0	0	0	0
32	15	13	30	116	0	0	0	112	0	0	116	0	0	96	28	0	0	232	0	0	0	0	102	0	0	112	0	0	95	16	0	0	224	0	0	0	0	0	0	0	43	0	0	0	0	0	0	0	28	0	0	0	0	0	0	0	82	0	0	102	0	0	85	6	0	0	204	0	0	0	0	0	0	0	6	0	0	0	0	0	0	0	16	0	0	0	0	0	0	0	0	0	0	27	0	0	0	31	0	0	0	43	0	0	0	0	0	0	0	0	0	0	0	0	0	0	0	58	0	0	82	0	0	64	0	0	0	164	0	0	0	0	0	0	0	0	0	0	0	0	0	0	0	6	0	0	0	0	0	0	0	0	0	0	4	0	0	0	4	0	0	0	6	0	0	0	0	0	0	0	0	0	0	0	0	0	0	0	0	0	0	42	0	0	0	100	0	0	0	27	0	0	0	31	0	0	0	0	0	0	0	0	0	0	0	0	0	0	0	0
24	11	13	22	83	0	0	0	79	0	0	83	0	0	96	28	0	0	166	0	0	0	0	69	0	0	79	0	0	95	16	0	0	158	0	0	0	0	0	0	0	43	0	0	0	0	0	0	0	28	0	0	0	0	0	0	0	51	0	0	69	0	0	85	6	0	0	138	0	0	0	0	0	0	0	6	0	0	0	0	0	0	0	16	0	0	0	0	0	0	0	0	0	0	10	0	0	0	31	0	0	0	43	0	0	0	0	0	0	0	0	0	0	0	0	0	0	0	44	0	0	51	0	0	64	0	0	0	102	0	0	0	0	0	0	0	0	0	0	0	0	0	0	0	6	0	0	0	0	0	0	0	0	0	0	4	0	0	0	4	0	0	0	6	0	0	0	0	0	0	0	0	0	0	0	0	0	0	0	0	0	0	42	0	0	0	0	0	0	0	10	0	0	0	31	0	0	0	0	0	0	0	0	0	0	0	0	0	0	0	0
10	0	0	0	110	0	0	0	64	0	0	0	0	0	0	194	0	0	0	199	0	0	0	63	0	0	0	0	0	0	191	0	0	0	191	0	0	0	0	0	0	7	0	0	0	0	0	0	0	0	0	0	0	0	0	0	0	56	0	0	0	0	0	0	173	0	0	0	171	0	0	0	0	0	0	4	0	0	0	0	0	0	0	0	0	0	0	0	0	0	0	0	0	0	31	0	0	0	0	0	0	0	0	0	0	0	0	0	0	0	0	0	0	0	0	0	0	0	40	0	0	0	0	0	0	130	0	0	0	133	0	0	0	0	0	0	0	0	0	0	0	0	0	0	0	0	0	0	0	0	0	0	0	0	0	0	0	0	0	0	0	0	0	0	0	0	0	0	0	0	0	0	0	0	0	0	0	0	0	0	0	0	6	0	0	0	31	0	0	0	0	0	0	0	0	0	0	0	0	0	0	0	0	0	0	0	0	0	0	0	0
7	0	0	0	68	0	0	0	32	0	0	0	0	0	0	82	0	0	0	199	0	0	0	32	0	0	0	0	0	0	82	0	0	0	191	0	0	0	0	0	0	0	0	0	0	0	0	0	0	0	0	0	0	0	0	0	0	29	0	0	0	0	0	0	76	0	0	0	171	0	0	0	0	0	0	0	0	0	0	0	0	0	0	0	0	0	0	0	0	0	0	0	0	0	12	0	0	0	0	0	0	0	0	0	0	0	0	0	0	0	0	0	0	0	0	0	0	0	24	0	0	0	0	0	0	66	0	0	0	133	0	0	0	0	0	0	0	0	0	0	0	0	0	0	0	0	0	0	0	0	0	0	0	0	0	0	0	0	0	0	0	0	0	0	0	0	0	0	0	0	0	0	0	0	0	0	0	0	0	0	0	0	6	0	0	0	0	0	0	0	0	0	0	0	0	0	0	0	0	0	0	0	0	0	0	0	0	0	0	0	0
