88	85	7	2	0	82	7	2	0	7	2	0	0	0	0	0	1	0	0	0	79	7	2	0	7	2	0	0	0	0	0	1	0	0	0	7	2	0	0	0	0	0	0	0	0	0	0	0	0	0	1	0	0	0	76	7	2	0	7	2	0	0	0	0	0	1	0	0	0	7	2	0	0	0	0	0	0	0	0	0	0	0	0	0	1	0	0	0	7	2	0	0	0	0	0	0	0	0	0	0	0	0	0	0	0	0	0	0	0	0	0	1	0	0	0	73	7	2	0	7	2	0	0	0	0	0	1	0	0	0	7	2	0	0	0	0	0	0	0	0	0	0	0	0	0	1	0	0	0	7	2	0	0	0	0	0	0	0	0	0	0	0	0	0	0	0	0	0	0	0	0	0	1	0	0	0	7	2	0	0	0	0	0	0	0	0	0	0	0	0	0	0	0	0	0	0	0	0	0	0	0	0	0	0	0	0	0	1	0	0	0
163	157	29	9	0	151	26	9	0	29	9	0	8	0	0	0	16	0	0	0	145	26	9	0	26	9	0	8	0	0	0	16	0	0	0	29	9	0	0	0	0	0	2	0	0	0	8	0	0	0	16	0	0	0	139	26	9	0	26	9	0	8	0	0	0	16	0	0	0	26	9	0	0	0	0	0	0	0	0	0	8	0	0	0	16	0	0	0	29	9	0	0	0	0	0	2	0	0	0	0	0	0	0	2	0	0	0	8	0	0	0	16	0	0	0	133	26	9	0	26	9	0	8	0	0	0	16	0	0	0	26	9	0	0	0	0	0	0	0	0	0	8	0	0	0	16	0	0	0	26	9	0	0	0	0	0	0	0	0	0	0	0	0	0	0	0	0	0	8	0	0	0	16	0	0	0	29	9	0	10	0	0	0	11	0	0	0	0	0	0	0	2	0	0	0	0	0	0	0	2	0	0	0	8	0	0	0	16	0	0	0
241	232	30	24	0	223	26	24	0	30	24	0	10	0	0	0	20	4	0	0	214	26	24	0	26	24	0	10	0	0	0	20	4	0	0	30	24	0	0	0	0	0	2	0	0	0	10	0	0	0	20	4	0	0	205	26	24	0	26	24	0	10	0	0	0	20	4	0	0	26	24	0	0	0	0	0	0	0	0	0	10	0	0	0	20	4	0	0	30	24	0	0	0	0	0	2	0	0	0	0	0	0	0	2	0	0	0	10	0	0	0	20	4	0	0	196	26	24	0	26	24	0	10	0	0	0	20	4	0	0	26	24	0	0	0	0	0	0	0	0	0	10	0	0	0	20	4	0	0	26	24	0	0	0	0	0	0	0	0	0	0	0	0	0	0	0	0	0	10	0	0	0	20	4	0	0	30	24	0	10	0	0	0	11	0	0	0	0	0	0	0	2	0	0	0	0	0	0	0	2	0	0	0	10	0	0	0	20	4	0	0
253	243	51	35	0	233	44	32	0	51	35	0	28	0	0	0	37	24	0	0	223	43	32	0	44	32	0	28	0	0	0	37	24	0	0	51	35	0	6	0	0	0	3	3	0	0	28	0	0	0	37	24	0	0	213	42	32	0	43	32	0	27	0	0	0	34	24	0	0	44	32	0	6	0	0	0	1	0	0	0	28	0	0	0	37	24	0	0	51	35	0	2	0	0	0	4	3	0	0	6	0	0	0	3	3	0	0	28	0	0	0	37	24	0	0	203	39	28	0	42	32	0	24	0	0	0	30	24	0	0	43	32	0	3	0	0	0	0	0	0	0	27	0	0	0	34	24	0	0	44	32	0	2	0	0	0	1	0	0	0	6	0	0	0	1	0	0	0	28	0	0	0	37	24	0	0	51	35	0	11	12	0	0	17	9	0	0	2	0	0	0	4	3	0	0	6	0	0	0	3	3	0	0	28	0	0	0	37	24	0	0
335	320	81	88	0	305	71	74	0	81	88	0	55	60	0	0	68	68	0	0	290	70	74	0	71	74	0	55	60	0	0	65	65	0	0	81	88	0	10	0	0	0	6	3	0	0	55	60	0	0	68	68	0	0	275	69	74	0	70	74	0	54	60	0	0	62	65	0	0	71	74	0	10	0	0	0	3	0	0	0	55	60	0	0	65	65	0	0	81	88	0	9	0	0	0	10	3	0	0	10	0	0	0	6	3	0	0	55	60	0	0	68	68	0	0	260	61	68	0	69	74	0	51	60	0	0	58	65	0	0	70	74	0	7	0	0	0	2	0	0	0	54	60	0	0	62	65	0	0	71	74	0	7	0	0	0	5	0	0	0	10	0	0	0	3	0	0	0	55	60	0	0	65	65	0	0	81	88	0	23	18	0	0	29	45	0	0	9	0	0	0	10	3	0	0	10	0	0	0	6	3	0	0	55	60	0	0	68	68	0	0
381	364	114	120	6	347	94	102	0	114	120	6	91	147	0	0	143	125	0	0	330	90	92	0	94	102	0	79	134	0	0	117	114	0	0	114	120	6	17	33	0	0	13	4	6	0	91	147	0	0	143	125	0	0	313	89	86	0	90	92	0	79	124	0	0	107	98	0	0	94	102	0	17	31	0	0	11	4	0	0	79	134	0	0	117	114	0	0	114	120	6	31	8	0	0	14	16	6	0	17	33	0	0	13	4	6	0	91	147	0	0	143	125	0	0	296	73	74	0	89	86	0	76	112	0	0	103	82	0	0	90	92	0	14	19	0	0	8	0	0	0	79	124	0	0	107	98	0	0	94	102	0	23	8	0	0	10	12	0	0	17	31	0	0	11	4	0	0	79	134	0	0	117	114	0	0	114	120	6	45	0	21	0	41	83	18	0	31	8	0	0	14	16	6	0	17	33	0	0	13	4	6	0	91	147	0	0	143	125	0	0
337	321	137	103	3	305	120	85	0	137	103	3	130	140	0	0	200	115	0	0	289	114	83	0	120	85	0	118	132	0	0	176	100	0	0	137	103	3	46	18	0	0	25	20	0	0	130	140	0	0	200	115	0	0	273	110	83	0	114	83	0	115	132	0	0	161	97	0	0	120	85	0	43	18	0	0	22	14	0	0	118	132	0	0	176	100	0	0	137	103	3	59	0	0	0	18	34	0	0	46	18	0	0	25	20	0	0	130	140	0	0	200	115	0	0	257	95	75	0	110	83	0	107	132	0	0	147	97	0	0	114	83	0	35	18	0	0	17	13	0	0	115	132	0	0	161	97	0	0	120	85	0	45	0	0	0	14	24	0	0	43	18	0	0	22	14	0	0	118	132	0	0	176	100	0	0	137	103	3	67	0	9	0	58	99	6	0	59	0	0	0	18	34	0	0	46	18	0	0	25	20	0	0	130	140	0	0	200	115	0	0
493	472	189	188	0	451	148	155	0	189	188	0	166	202	0	0	312	343	0	0	430	140	137	0	148	155	0	146	160	0	0	239	262	0	0	189	188	0	69	66	0	0	57	61	0	0	166	202	0	0	312	343	0	0	409	135	122	0	140	137	0	141	148	0	0	220	221	0	0	148	155	0	63	57	0	0	45	48	0	0	146	160	0	0	239	262	0	0	189	188	0	63	96	0	0	31	54	0	0	69	66	0	0	57	61	0	0	166	202	0	0	312	343	0	0	388	118	106	0	135	122	0	133	136	0	0	206	197	0	0	140	137	0	58	45	0	0	43	35	0	0	141	148	0	0	220	221	0	0	148	155	0	44	48	0	0	24	46	0	0	63	57	0	0	45	48	0	0	146	160	0	0	239	262	0	0	189	188	0	78	48	0	0	82	158	0	0	63	96	0	0	31	54	0	0	69	66	0	0	57	61	0	0	166	202	0	0	312	343	0	0
384	364	164	174	0	344	123	154	0	164	174	0	152	174	0	0	300	388	0	0	324	114	145	0	123	154	0	125	162	0	0	221	351	0	0	164	174	0	53	108	0	0	47	49	0	0	152	174	0	0	300	388	0	0	304	110	131	0	114	145	0	123	149	0	0	199	331	0	0	123	154	0	48	93	0	0	40	44	0	0	125	162	0	0	221	351	0	0	164	174	0	65	157	0	0	24	42	0	0	53	108	0	0	47	49	0	0	152	174	0	0	300	388	0	0	284	94	120	0	110	131	0	117	137	0	0	186	298	0	0	114	145	0	42	86	0	0	36	42	0	0	123	149	0	0	199	331	0	0	123	154	0	39	143	0	0	19	39	0	0	48	93	0	0	40	44	0	0	125	162	0	0	221	351	0	0	164	174	0	77	81	0	0	63	146	0	0	65	157	0	0	24	42	0	0	53	108	0	0	47	49	0	0	152	174	0	0	300	388	0	0
315	302	117	65	0	289	91	53	0	117	65	0	101	8	0	0	219	97	0	0	276	86	51	0	91	53	0	88	0	0	0	164	67	0	0	117	65	0	47	0	0	0	49	14	0	0	101	8	0	0	219	97	0	0	263	84	48	0	86	51	0	87	0	0	0	151	65	0	0	91	53	0	47	0	0	0	39	14	0	0	88	0	0	0	164	67	0	0	117	65	0	53	18	0	0	21	17	0	0	47	0	0	0	49	14	0	0	101	8	0	0	219	97	0	0	250	74	36	0	84	48	0	84	0	0	0	145	60	0	0	86	51	0	44	0	0	0	36	14	0	0	87	0	0	0	151	65	0	0	91	53	0	40	6	0	0	18	17	0	0	47	0	0	0	39	14	0	0	88	0	0	0	164	67	0	0	117	65	0	42	24	0	0	50	54	0	0	53	18	0	0	21	17	0	0	47	0	0	0	49	14	0	0	101	8	0	0	219	97	0	0
467	448	146	144	9	429	104	124	0	146	144	9	104	65	14	0	251	291	18	0	410	96	119	0	104	124	0	83	60	0	0	176	249	0	0	146	144	9	56	51	0	0	73	88	0	0	104	65	14	0	251	291	18	0	391	92	107	0	96	119	0	80	54	0	0	164	238	0	0	104	124	0	47	45	0	0	56	69	0	0	83	60	0	0	176	249	0	0	146	144	9	47	96	4	0	23	29	0	0	56	51	0	0	73	88	0	0	104	65	14	0	251	291	18	0	372	76	82	0	92	107	0	76	48	0	0	157	222	0	0	96	119	0	43	45	0	0	51	67	0	0	80	54	0	0	164	238	0	0	104	124	0	24	54	0	0	18	21	0	0	47	45	0	0	56	69	0	0	83	60	0	0	176	249	0	0	146	144	9	31	42	34	0	51	52	27	0	47	96	4	0	23	29	0	0	56	51	0	0	73	88	0	0	104	65	14	0	251	291	18	0
317	304	96	56	6	291	70	32	0	94	56	6	61	0	14	0	172	64	24	0	278	67	32	0	68	32	0	52	0	0	0	121	10	0	0	91	56	6	27	0	0	0	36	18	0	0	55	0	14	0	168	64	24	0	265	64	32	0	65	32	0	50	0	0	0	114	10	0	0	65	32	0	21	0	0	0	27	0	0	0	46	0	0	0	117	10	0	0	91	56	6	34	0	4	0	14	16	0	0	27	0	0	0	36	18	0	0	55	0	14	0	168	64	24	0	252	48	32	0	62	32	0	43	0	0	0	107	10	0	0	62	32	0	21	0	0	0	27	0	0	0	44	0	0	0	110	10	0	0	65	32	0	9	0	0	0	11	10	0	0	21	0	0	0	27	0	0	0	46	0	0	0	117	10	0	0	91	56	6	14	0	22	0	33	46	0	0	34	0	4	0	14	16	0	0	27	0	0	0	36	18	0	0	55	0	14	0	168	64	24	0
338	325	105	52	6	312	76	22	0	105	52	6	76	0	14	0	187	89	30	0	299	73	22	0	76	22	0	67	0	0	0	133	11	0	0	105	52	6	37	0	0	0	44	18	0	0	76	0	14	0	187	89	30	0	286	70	22	0	73	22	0	65	0	0	0	126	11	0	0	76	22	0	31	0	0	0	35	0	0	0	67	0	0	0	133	11	0	0	105	52	6	34	0	4	0	14	17	0	0	37	0	0	0	44	18	0	0	76	0	14	0	187	89	30	0	273	54	22	0	70	22	0	58	0	0	0	119	11	0	0	73	22	0	31	0	0	0	35	0	0	0	65	0	0	0	126	11	0	0	76	22	0	9	0	0	0	11	11	0	0	31	0	0	0	35	0	0	0	67	0	0	0	133	11	0	0	105	52	6	14	0	22	0	35	50	0	0	34	0	4	0	14	17	0	0	37	0	0	0	44	18	0	0	76	0	14	0	187	89	30	0
262	252	73	34	2	242	47	23	0	73	34	2	27	7	2	0	125	76	4	0	232	45	23	0	47	23	0	20	7	0	0	73	58	0	0	73	34	2	13	0	0	0	34	15	0	0	27	7	2	0	125	76	4	0	222	45	21	0	45	23	0	20	7	0	0	70	58	0	0	47	23	0	13	0	0	0	24	14	0	0	20	7	0	0	73	58	0	0	73	34	2	18	10	0	0	12	0	0	0	13	0	0	0	34	15	0	0	27	7	2	0	125	76	4	0	212	37	14	0	45	21	0	20	5	0	0	70	50	0	0	45	23	0	13	0	0	0	24	14	0	0	20	7	0	0	70	58	0	0	47	23	0	7	0	0	0	8	0	0	0	13	0	0	0	24	14	0	0	20	7	0	0	73	58	0	0	73	34	2	8	10	6	0	23	14	2	0	18	10	0	0	12	0	0	0	13	0	0	0	34	15	0	0	27	7	2	0	125	76	4	0
307	295	58	53	0	283	31	35	0	58	53	0	24	42	0	0	101	80	0	0	271	28	35	0	31	35	0	13	42	0	0	54	56	0	0	58	53	0	13	0	0	0	25	18	0	0	24	42	0	0	101	80	0	0	259	28	35	0	28	35	0	13	42	0	0	51	56	0	0	31	35	0	13	0	0	0	17	14	0	0	13	42	0	0	54	56	0	0	58	53	0	16	0	0	0	9	0	0	0	13	0	0	0	25	18	0	0	24	42	0	0	101	80	0	0	247	23	35	0	28	35	0	13	42	0	0	51	56	0	0	28	35	0	13	0	0	0	15	14	0	0	13	42	0	0	51	56	0	0	31	35	0	7	0	0	0	6	0	0	0	13	0	0	0	17	14	0	0	13	42	0	0	54	56	0	0	58	53	0	8	0	0	0	21	4	0	0	16	0	0	0	9	0	0	0	13	0	0	0	25	18	0	0	24	42	0	0	101	80	0	0
371	357	92	52	27	343	72	22	8	92	52	27	82	27	4	12	131	90	81	12	329	66	13	0	72	22	8	73	0	4	0	105	27	24	0	92	52	27	35	0	19	0	29	0	27	6	82	27	4	12	131	90	81	12	315	58	13	0	66	13	0	61	0	0	0	94	0	0	0	72	22	8	30	0	16	0	28	0	8	0	73	0	4	0	105	27	24	0	92	52	27	7	0	36	0	9	13	0	0	35	0	19	0	29	0	27	6	82	27	4	12	131	90	81	12	301	54	13	0	58	13	0	58	0	0	0	85	0	0	0	66	13	0	30	0	0	0	28	0	0	0	61	0	0	0	94	0	0	0	72	22	8	6	0	24	0	8	13	0	0	30	0	16	0	28	0	8	0	73	0	4	0	105	27	24	0	92	52	27	6	0	0	0	28	39	0	0	7	0	36	0	9	13	0	0	35	0	19	0	29	0	27	6	82	27	4	12	131	90	81	12
490	471	105	110	41	452	77	94	6	105	110	41	75	64	0	20	170	215	41	23	433	67	86	0	77	94	6	51	60	0	0	125	202	6	0	105	110	41	34	104	7	0	53	86	0	0	75	64	0	20	170	215	41	23	414	54	84	0	67	86	0	45	60	0	0	109	192	0	0	77	94	6	28	100	4	0	48	82	0	0	51	60	0	0	125	202	6	0	105	110	41	12	24	72	0	12	13	0	0	34	104	7	0	53	86	0	0	75	64	0	20	170	215	41	23	395	50	71	0	54	84	0	41	59	0	0	88	189	0	0	67	86	0	24	96	0	0	41	74	0	0	45	60	0	0	109	192	0	0	77	94	6	8	12	22	0	11	12	0	0	28	100	4	0	48	82	0	0	51	60	0	0	125	202	6	0	105	110	41	11	23	12	0	34	28	41	0	12	24	72	0	12	13	0	0	34	104	7	0	53	86	0	0	75	64	0	20	170	215	41	23
477	458	104	138	26	439	73	104	4	104	138	26	72	102	0	12	153	266	78	21	420	66	82	0	73	104	4	61	48	0	0	123	204	12	0	104	138	26	41	68	7	0	40	72	52	0	72	102	0	12	153	266	78	21	401	58	72	0	66	82	0	56	30	0	0	108	164	0	0	73	104	4	41	44	4	0	39	70	8	0	61	48	0	0	123	204	12	0	104	138	26	18	28	49	0	13	13	26	0	41	68	7	0	40	72	52	0	72	102	0	12	153	266	78	21	382	54	68	0	58	72	0	53	30	0	0	96	161	0	0	66	82	0	37	42	0	0	34	65	0	0	56	30	0	0	108	164	0	0	73	104	4	13	26	16	0	11	11	4	0	41	44	4	0	39	70	8	0	61	48	0	0	123	204	12	0	104	138	26	6	50	7	0	29	28	0	0	18	28	49	0	13	13	26	0	41	68	7	0	40	72	52	0	72	102	0	12	153	266	78	21
321	309	61	37	21	297	41	20	0	61	37	21	51	10	0	0	95	82	42	14	285	37	20	0	41	20	0	37	10	0	0	68	50	0	0	61	37	21	24	0	0	0	24	10	0	0	51	10	0	0	95	82	42	14	273	35	20	0	37	20	0	35	10	0	0	61	50	0	0	41	20	0	21	0	0	0	24	10	0	0	37	10	0	0	68	50	0	0	61	37	21	4	0	5	0	5	0	0	0	24	0	0	0	24	10	0	0	51	10	0	0	95	82	42	14	261	33	20	0	35	20	0	34	10	0	0	57	50	0	0	37	20	0	21	0	0	0	23	10	0	0	35	10	0	0	61	50	0	0	41	20	0	3	0	0	0	5	0	0	0	21	0	0	0	24	10	0	0	37	10	0	0	68	50	0	0	61	37	21	6	0	5	0	18	0	0	0	4	0	5	0	5	0	0	0	24	0	0	0	24	10	0	0	51	10	0	0	95	82	42	14
461	442	68	141	6	423	36	100	0	68	141	6	38	219	0	0	97	199	24	6	404	25	90	0	36	100	0	11	189	0	0	60	144	0	0	68	141	6	21	90	0	0	34	80	0	0	38	219	0	0	97	199	24	6	385	24	90	0	25	90	0	9	189	0	0	45	144	0	0	36	100	0	18	90	0	0	30	77	0	0	11	189	0	0	60	144	0	0	68	141	6	11	0	0	0	4	0	0	0	21	90	0	0	34	80	0	0	38	219	0	0	97	199	24	6	366	21	90	0	24	90	0	9	189	0	0	45	144	0	0	25	90	0	14	90	0	0	16	72	0	0	9	189	0	0	45	144	0	0	36	100	0	6	0	0	0	4	0	0	0	18	90	0	0	30	77	0	0	11	189	0	0	60	144	0	0	68	141	6	6	0	0	0	11	18	0	0	11	0	0	0	4	0	0	0	21	90	0	0	34	80	0	0	38	219	0	0	97	199	24	6
347	334	54	36	35	321	37	0	4	54	36	35	43	0	40	4	61	36	140	80	308	34	0	4	37	0	4	35	0	12	4	48	0	16	12	54	36	35	17	0	18	0	18	0	0	0	43	0	40	4	61	36	140	80	295	34	0	0	34	0	4	35	0	12	0	48	0	16	0	37	0	4	17	0	8	0	17	0	0	0	35	0	12	4	48	0	16	12	54	36	35	5	0	0	0	4	0	0	6	17	0	18	0	18	0	0	0	43	0	40	4	61	36	140	80	282	34	0	0	34	0	0	35	0	0	0	48	0	0	0	34	0	4	17	0	8	0	16	0	0	0	35	0	12	0	48	0	16	0	37	0	4	5	0	0	0	3	0	0	0	17	0	8	0	17	0	0	0	35	0	12	4	48	0	16	12	54	36	35	4	0	0	0	13	0	0	0	5	0	0	0	4	0	0	6	17	0	18	0	18	0	0	0	43	0	40	4	61	36	140	80
243	234	45	0	41	225	31	0	0	45	0	41	32	0	25	0	65	0	0	121	216	30	0	0	31	0	0	30	0	0	0	52	0	0	18	45	0	41	24	0	8	0	23	0	0	0	32	0	25	0	65	0	0	121	207	29	0	0	30	0	0	30	0	0	0	52	0	0	0	31	0	0	24	0	0	0	23	0	0	0	30	0	0	0	52	0	0	18	45	0	41	6	0	11	0	3	0	0	0	24	0	8	0	23	0	0	0	32	0	25	0	65	0	0	121	198	28	0	0	29	0	0	29	0	0	0	49	0	0	0	30	0	0	24	0	0	0	22	0	0	0	30	0	0	0	52	0	0	0	31	0	0	6	0	0	0	3	0	0	0	24	0	0	0	23	0	0	0	30	0	0	0	52	0	0	18	45	0	41	5	0	11	0	9	0	0	0	6	0	11	0	3	0	0	0	24	0	8	0	23	0	0	0	32	0	25	0	65	0	0	121
336	322	40	66	22	308	23	51	0	40	66	22	27	12	25	0	55	55	44	59	294	19	48	0	23	51	0	25	12	0	0	42	48	0	12	40	66	22	13	27	8	0	13	27	0	0	27	12	25	0	55	55	44	59	280	19	45	0	19	48	0	25	9	0	0	32	36	0	0	23	51	0	13	27	0	0	13	27	0	0	25	12	0	0	42	48	0	12	40	66	22	2	27	0	0	2	0	0	0	13	27	8	0	13	27	0	0	27	12	25	0	55	55	44	59	266	19	45	0	19	45	0	25	9	0	0	32	36	0	0	19	48	0	13	27	0	0	12	27	0	0	25	9	0	0	32	36	0	0	23	51	0	2	27	0	0	2	0	0	0	13	27	0	0	13	27	0	0	25	12	0	0	42	48	0	12	40	66	22	4	0	0	0	7	0	0	0	2	27	0	0	2	0	0	0	13	27	8	0	13	27	0	0	27	12	25	0	55	55	44	59
161	155	25	5	5	149	15	0	0	25	5	5	22	0	0	0	26	0	5	6	143	15	0	0	15	0	0	22	0	0	0	20	0	0	0	25	5	5	13	0	0	0	11	0	0	0	22	0	0	0	26	0	5	6	137	15	0	0	15	0	0	22	0	0	0	20	0	0	0	15	0	0	13	0	0	0	11	0	0	0	22	0	0	0	20	0	0	0	25	5	5	3	0	0	0	0	0	0	0	13	0	0	0	11	0	0	0	22	0	0	0	26	0	5	6	131	15	0	0	15	0	0	22	0	0	0	20	0	0	0	15	0	0	13	0	0	0	11	0	0	0	22	0	0	0	20	0	0	0	15	0	0	3	0	0	0	0	0	0	0	13	0	0	0	11	0	0	0	22	0	0	0	20	0	0	0	25	5	5	0	0	0	0	2	0	0	0	3	0	0	0	0	0	0	0	13	0	0	0	11	0	0	0	22	0	0	0	26	0	5	6
212	204	16	16	0	196	8	0	0	16	16	0	3	0	0	0	14	4	0	0	188	8	0	0	8	0	0	3	0	0	0	9	0	0	0	16	16	0	3	0	0	0	3	0	0	0	3	0	0	0	14	4	0	0	180	8	0	0	8	0	0	3	0	0	0	9	0	0	0	8	0	0	3	0	0	0	3	0	0	0	3	0	0	0	9	0	0	0	16	16	0	3	0	0	0	0	0	0	0	3	0	0	0	3	0	0	0	3	0	0	0	14	4	0	0	172	8	0	0	8	0	0	3	0	0	0	9	0	0	0	8	0	0	3	0	0	0	3	0	0	0	3	0	0	0	9	0	0	0	8	0	0	3	0	0	0	0	0	0	0	3	0	0	0	3	0	0	0	3	0	0	0	9	0	0	0	16	16	0	0	0	0	0	0	0	0	0	3	0	0	0	0	0	0	0	3	0	0	0	3	0	0	0	3	0	0	0	14	4	0	0
208	200	8	0	18	192	7	0	14	8	0	18	2	0	0	0	6	0	0	0	184	7	0	14	7	0	14	2	0	0	0	6	0	0	0	8	0	18	0	0	0	0	0	0	0	0	2	0	0	0	6	0	0	0	176	7	0	14	7	0	14	2	0	0	0	6	0	0	0	7	0	14	0	0	0	0	0	0	0	0	2	0	0	0	6	0	0	0	8	0	18	0	0	0	0	0	0	0	0	0	0	0	0	0	0	0	0	2	0	0	0	6	0	0	0	168	7	0	13	7	0	14	2	0	0	0	6	0	0	0	7	0	14	0	0	0	0	0	0	0	0	2	0	0	0	6	0	0	0	7	0	14	0	0	0	0	0	0	0	0	0	0	0	0	0	0	0	0	2	0	0	0	6	0	0	0	8	0	18	0	0	0	3	0	0	0	0	0	0	0	0	0	0	0	0	0	0	0	0	0	0	0	0	2	0	0	0	6	0	0	0
182	175	6	0	29	168	6	0	4	6	0	29	1	0	0	0	4	0	0	62	161	6	0	4	6	0	4	1	0	0	0	4	0	0	4	6	0	29	3	0	0	0	3	0	0	0	1	0	0	0	4	0	0	62	154	6	0	4	6	0	4	1	0	0	0	4	0	0	4	6	0	4	3	0	0	0	3	0	0	0	1	0	0	0	4	0	0	4	6	0	29	3	0	0	0	0	0	0	0	3	0	0	0	3	0	0	0	1	0	0	0	4	0	0	62	147	6	0	4	6	0	4	1	0	0	0	4	0	0	0	6	0	4	3	0	0	0	3	0	0	0	1	0	0	0	4	0	0	4	6	0	4	3	0	0	0	0	0	0	0	3	0	0	0	3	0	0	0	1	0	0	0	4	0	0	4	6	0	29	0	0	0	0	0	0	0	0	3	0	0	0	0	0	0	0	3	0	0	0	3	0	0	0	1	0	0	0	4	0	0	62
260	250	27	0	32	240	20	0	18	27	0	32	15	0	17	5	18	0	0	35	230	20	0	17	20	0	18	15	0	15	4	18	0	0	4	27	0	32	1	0	0	4	1	0	0	0	15	0	17	5	18	0	0	35	220	20	0	17	20	0	17	15	0	13	4	18	0	0	4	20	0	18	1	0	0	4	0	0	0	0	15	0	15	4	18	0	0	4	27	0	32	0	0	0	0	2	0	0	0	1	0	0	4	1	0	0	0	15	0	17	5	18	0	0	35	210	20	0	10	20	0	17	15	0	13	0	18	0	0	0	20	0	17	1	0	0	0	0	0	0	0	15	0	13	4	18	0	0	4	20	0	18	0	0	0	0	1	0	0	0	1	0	0	4	0	0	0	0	15	0	15	4	18	0	0	4	27	0	32	0	0	0	9	9	0	0	6	0	0	0	0	2	0	0	0	1	0	0	4	1	0	0	0	15	0	17	5	18	0	0	35
389	373	56	53	54	357	41	39	30	56	53	54	33	26	40	29	43	66	54	57	341	41	39	21	41	39	30	33	26	35	4	42	65	30	4	56	53	54	10	0	0	4	11	0	0	26	33	26	40	29	43	66	54	57	325	41	39	21	41	39	21	33	26	25	4	42	65	21	4	41	39	30	10	0	0	4	8	0	0	4	33	26	35	4	42	65	30	4	56	53	54	10	0	0	0	7	0	0	0	10	0	0	4	11	0	0	26	33	26	40	29	43	66	54	57	309	40	39	10	41	39	21	33	26	25	0	42	65	21	0	41	39	21	10	0	0	0	8	0	0	0	33	26	25	4	42	65	21	4	41	39	30	9	0	0	0	4	0	0	0	10	0	0	4	8	0	0	4	33	26	35	4	42	65	30	4	56	53	54	8	0	11	9	21	0	0	9	10	0	0	0	7	0	0	0	10	0	0	4	11	0	0	26	33	26	40	29	43	66	54	57
369	354	73	56	61	339	60	26	45	73	56	61	61	0	80	56	85	13	183	35	324	59	26	24	60	26	45	61	0	75	4	80	13	135	4	73	56	61	22	0	0	25	19	10	0	53	61	0	80	56	85	13	183	35	309	58	26	21	59	26	24	60	0	53	4	77	13	72	4	60	26	45	22	0	0	16	15	0	0	12	61	0	75	4	80	13	135	4	73	56	61	16	0	0	12	13	10	0	0	22	0	0	25	19	10	0	53	61	0	80	56	85	13	183	35	294	57	26	6	58	26	21	60	0	41	0	75	13	63	0	59	26	24	22	0	0	0	15	0	0	0	60	0	53	4	77	13	72	4	60	26	45	15	0	0	0	10	0	0	0	22	0	0	16	15	0	0	12	61	0	75	4	80	13	135	4	73	56	61	12	0	11	9	37	0	0	9	16	0	0	12	13	10	0	0	22	0	0	25	19	10	0	53	61	0	80	56	85	13	183	35
282	268	53	66	45	254	48	61	15	53	66	45	50	43	0	41	61	43	0	115	240	47	60	14	48	61	15	50	43	0	38	60	43	0	75	53	66	45	17	10	0	5	13	0	0	0	50	43	0	41	61	43	0	115	226	45	55	13	47	60	14	49	41	0	35	57	41	0	45	48	61	15	15	7	0	4	10	0	0	0	50	43	0	38	60	43	0	75	53	66	45	9	41	0	4	6	7	0	0	17	10	0	5	13	0	0	0	50	43	0	41	61	43	0	115	212	43	49	13	45	55	13	49	35	0	35	53	35	0	42	47	60	14	15	7	0	4	10	0	0	0	49	41	0	35	57	41	0	45	48	61	15	9	35	0	4	6	7	0	0	15	7	0	4	10	0	0	0	50	43	0	38	60	43	0	75	53	66	45	4	42	0	0	24	24	0	0	9	41	0	4	6	7	0	0	17	10	0	5	13	0	0	0	50	43	0	41	61	43	0	115
307	292	85	74	40	277	74	68	24	85	74	40	96	56	4	36	129	94	0	61	262	70	64	23	74	68	24	93	56	4	33	123	92	0	45	85	74	40	36	40	0	5	18	30	0	0	96	56	4	36	129	94	0	61	247	68	58	19	70	64	23	92	52	4	27	113	82	0	24	74	68	24	34	32	0	4	15	24	0	0	93	56	4	33	123	92	0	45	85	74	40	29	52	0	25	13	8	0	0	36	40	0	5	18	30	0	0	96	56	4	36	129	94	0	61	232	66	56	15	68	58	19	92	48	4	24	109	72	0	21	70	64	23	34	32	0	4	15	24	0	0	92	52	4	27	113	82	0	24	74	68	24	26	48	0	16	13	8	0	0	34	32	0	4	15	24	0	0	93	56	4	33	123	92	0	45	85	74	40	32	16	0	15	46	26	0	0	29	52	0	25	13	8	0	0	36	40	0	5	18	30	0	0	96	56	4	36	129	94	0	61
449	428	120	151	60	407	94	138	45	120	151	60	99	188	13	40	204	284	0	61	386	86	119	42	94	138	45	83	173	13	34	169	265	0	45	120	151	60	46	115	9	24	47	85	60	0	99	188	13	40	204	284	0	61	365	81	105	28	86	119	42	81	157	13	15	154	216	0	24	94	138	45	39	107	9	0	37	77	45	0	83	173	13	34	169	265	0	45	120	151	60	37	41	31	41	15	25	60	26	46	115	9	24	47	85	60	0	99	188	13	40	204	284	0	61	344	78	103	13	81	105	28	81	156	11	12	146	185	0	21	86	119	42	35	104	9	0	32	74	42	0	81	157	13	15	154	216	0	24	94	138	45	30	39	29	14	14	24	45	4	39	107	9	0	37	77	45	0	83	173	13	34	169	265	0	45	120	151	60	44	25	0	23	49	44	0	9	37	41	31	41	15	25	60	26	46	115	9	24	47	85	60	0	99	188	13	40	204	284	0	61
367	348	103	137	31	329	78	107	30	103	137	31	74	217	13	10	204	236	31	0	310	71	98	30	78	107	30	62	187	13	10	163	195	30	0	103	137	31	35	86	9	0	34	36	0	0	74	217	13	10	204	236	31	0	291	66	94	24	71	98	30	59	184	13	7	145	173	30	0	78	107	30	29	78	9	0	28	32	0	0	62	187	13	10	163	195	30	0	103	137	31	30	50	18	41	14	22	0	0	35	86	9	0	34	36	0	0	74	217	13	10	204	236	31	0	272	63	89	9	66	94	24	58	184	11	4	136	164	24	0	71	98	30	29	73	9	0	28	32	0	0	59	184	13	7	145	173	30	0	78	107	30	25	35	18	14	12	17	0	0	29	78	9	0	28	32	0	0	62	187	13	10	163	195	30	0	103	137	31	36	45	0	23	46	45	0	9	30	50	18	41	14	22	0	0	35	86	9	0	34	36	0	0	74	217	13	10	204	236	31	0
358	342	86	87	38	326	66	55	37	86	87	38	70	28	20	10	154	149	152	0	310	59	48	37	66	55	37	59	0	20	10	117	81	148	0	86	87	38	37	0	9	0	39	55	38	0	70	28	20	10	154	149	152	0	294	55	48	29	59	48	37	56	0	20	7	102	60	148	0	66	55	37	32	0	9	0	32	48	37	0	59	0	20	10	117	81	148	0	86	87	38	21	0	18	51	15	11	0	0	37	0	9	0	39	55	38	0	70	28	20	10	154	149	152	0	278	55	48	9	55	48	29	56	0	16	4	96	60	116	0	59	48	37	32	0	9	0	32	48	37	0	56	0	20	7	102	60	148	0	66	55	37	21	0	18	14	11	7	0	0	32	0	9	0	32	48	37	0	59	0	20	10	117	81	148	0	86	87	38	21	0	0	23	41	0	0	11	21	0	18	51	15	11	0	0	37	0	9	0	39	55	38	0	70	28	20	10	154	149	152	0
184	175	49	20	22	166	37	20	4	49	20	22	46	0	7	16	88	35	0	69	157	32	20	4	37	20	4	36	0	0	16	66	35	0	67	49	20	22	18	0	0	0	15	20	0	0	46	0	7	16	88	35	0	69	148	32	20	4	32	20	4	36	0	0	16	57	35	0	67	37	20	4	18	0	0	0	15	20	0	0	36	0	0	16	66	35	0	67	49	20	22	18	0	0	0	9	0	0	0	18	0	0	0	15	20	0	0	46	0	7	16	88	35	0	69	139	32	20	4	32	20	4	36	0	0	16	57	35	0	53	32	20	4	18	0	0	0	15	20	0	0	36	0	0	16	57	35	0	67	37	20	4	18	0	0	0	5	0	0	0	18	0	0	0	15	20	0	0	36	0	0	16	66	35	0	67	49	20	22	14	0	0	0	20	0	0	0	18	0	0	0	9	0	0	0	18	0	0	0	15	20	0	0	46	0	7	16	88	35	0	69
331	316	56	71	39	301	36	44	28	56	71	39	17	24	31	34	112	60	117	38	286	27	36	28	36	44	28	8	0	21	34	67	12	84	37	56	71	39	12	0	72	0	37	36	39	0	17	24	31	34	112	60	117	38	271	26	36	27	27	36	28	8	0	21	34	48	12	84	37	36	44	28	9	0	66	0	30	36	28	0	8	0	21	34	67	12	84	37	56	71	39	6	0	0	11	9	8	0	0	12	0	72	0	37	36	39	0	17	24	31	34	112	60	117	38	256	24	36	12	26	36	27	8	0	20	26	46	12	81	29	27	36	28	5	0	66	0	24	36	28	0	8	0	21	34	48	12	84	37	36	44	28	4	0	0	0	1	0	0	0	9	0	66	0	30	36	28	0	8	0	21	34	67	12	84	37	56	71	39	27	0	12	24	17	8	0	41	6	0	0	11	9	8	0	0	12	0	72	0	37	36	39	0	17	24	31	34	112	60	117	38
151	144	25	14	7	137	13	10	0	25	14	7	3	0	7	0	39	18	7	38	130	12	10	0	13	10	0	0	0	0	0	16	10	0	37	25	14	7	0	0	0	0	14	0	0	0	3	0	7	0	39	18	7	38	123	12	10	0	12	10	0	0	0	0	0	16	10	0	37	13	10	0	0	0	0	0	12	0	0	0	0	0	0	0	16	10	0	37	25	14	7	0	0	0	0	5	0	0	0	0	0	0	0	14	0	0	0	3	0	7	0	39	18	7	38	116	12	10	0	12	10	0	0	0	0	0	16	10	0	29	12	10	0	0	0	0	0	12	0	0	0	0	0	0	0	16	10	0	37	13	10	0	0	0	0	0	0	0	0	0	0	0	0	0	12	0	0	0	0	0	0	0	16	10	0	37	25	14	7	2	0	0	0	9	0	0	0	0	0	0	0	5	0	0	0	0	0	0	0	14	0	0	0	3	0	7	0	39	18	7	38
188	180	48	16	7	172	28	0	0	48	16	7	19	0	7	0	93	40	28	38	164	27	0	0	28	0	0	16	0	0	0	54	0	0	37	48	16	7	15	0	0	0	40	0	0	0	19	0	7	0	93	40	28	38	156	25	0	0	27	0	0	16	0	0	0	54	0	0	37	28	0	0	8	0	0	0	27	0	0	0	16	0	0	0	54	0	0	37	48	16	7	13	0	0	0	6	8	0	0	15	0	0	0	40	0	0	0	19	0	7	0	93	40	28	38	148	22	0	0	25	0	0	14	0	0	0	50	0	0	29	27	0	0	8	0	0	0	27	0	0	0	16	0	0	0	54	0	0	37	28	0	0	4	0	0	0	1	0	0	0	8	0	0	0	27	0	0	0	16	0	0	0	54	0	0	37	48	16	7	37	0	0	0	10	12	0	0	13	0	0	0	6	8	0	0	15	0	0	0	40	0	0	0	19	0	7	0	93	40	28	38
291	277	61	73	0	263	23	55	0	61	73	0	28	56	0	0	115	170	0	0	249	16	53	0	23	55	0	10	56	0	0	36	112	0	0	61	73	0	20	22	0	0	48	50	0	0	28	56	0	0	115	170	0	0	235	12	49	0	16	53	0	8	56	0	0	33	112	0	0	23	55	0	6	14	0	0	21	42	0	0	10	56	0	0	36	112	0	0	61	73	0	9	28	0	0	6	13	0	0	20	22	0	0	48	50	0	0	28	56	0	0	115	170	0	0	221	9	29	0	12	49	0	6	56	0	0	27	112	0	0	16	53	0	6	14	0	0	21	42	0	0	8	56	0	0	33	112	0	0	23	55	0	0	28	0	0	1	7	0	0	6	14	0	0	21	42	0	0	10	56	0	0	36	112	0	0	61	73	0	17	40	0	0	12	6	0	0	9	28	0	0	6	13	0	0	20	22	0	0	48	50	0	0	28	56	0	0	115	170	0	0
389	371	80	94	62	353	49	61	42	80	94	62	53	0	97	52	157	148	186	46	335	36	55	21	49	61	42	28	0	83	21	101	104	126	28	80	94	62	30	77	0	27	66	174	0	98	53	0	97	52	157	148	186	46	317	33	44	21	36	55	21	28	0	66	21	76	93	63	28	49	61	42	17	44	0	27	43	119	0	82	28	0	83	21	101	104	126	28	80	94	62	20	0	13	0	3	0	62	0	30	77	0	27	66	174	0	98	53	0	97	52	157	148	186	46	299	24	39	20	33	44	21	26	0	66	20	72	71	63	27	36	55	21	13	39	0	27	30	103	0	79	28	0	66	21	76	93	63	28	49	61	42	7	0	12	0	2	0	42	0	17	44	0	27	43	119	0	82	28	0	83	21	101	104	126	28	80	94	62	16	61	8	11	15	22	0	0	20	0	13	0	3	0	62	0	30	77	0	27	66	174	0	98	53	0	97	52	157	148	186	46
228	218	44	16	18	208	28	0	0	44	16	18	20	0	8	0	88	16	36	53	198	26	0	0	28	0	0	16	0	0	0	61	0	0	28	44	16	18	24	0	0	0	51	16	0	0	20	0	8	0	88	16	36	53	188	23	0	0	26	0	0	16	0	0	0	59	0	0	28	28	0	0	12	0	0	0	33	0	0	0	16	0	0	0	61	0	0	28	44	16	18	17	0	0	0	1	0	0	0	24	0	0	0	51	16	0	0	20	0	8	0	88	16	36	53	178	14	0	0	23	0	0	14	0	0	0	53	0	0	27	26	0	0	8	0	0	0	28	0	0	0	16	0	0	0	59	0	0	28	28	0	0	4	0	0	0	1	0	0	0	12	0	0	0	33	0	0	0	16	0	0	0	61	0	0	28	44	16	18	17	0	8	0	6	16	0	0	17	0	0	0	1	0	0	0	24	0	0	0	51	16	0	0	20	0	8	0	88	16	36	53
202	193	39	15	14	184	21	8	0	39	15	14	16	0	8	0	82	24	14	46	175	21	8	0	21	8	0	16	0	0	0	46	24	0	28	39	15	14	20	0	0	0	49	0	0	0	16	0	8	0	82	24	14	46	166	18	7	0	21	8	0	16	0	0	0	46	24	0	28	21	8	0	8	0	0	0	27	0	0	0	16	0	0	0	46	24	0	28	39	15	14	12	7	0	0	1	0	0	0	20	0	0	0	49	0	0	0	16	0	8	0	82	24	14	46	157	12	0	0	18	7	0	14	0	0	0	40	21	0	27	21	8	0	8	0	0	0	27	0	0	0	16	0	0	0	46	24	0	28	21	8	0	4	0	0	0	1	0	0	0	8	0	0	0	27	0	0	0	16	0	0	0	46	24	0	28	39	15	14	17	0	8	0	8	0	14	0	12	7	0	0	1	0	0	0	20	0	0	0	49	0	0	0	16	0	8	0	82	24	14	46
338	322	65	95	6	306	27	63	0	65	95	6	36	86	0	0	124	282	24	7	290	15	56	0	27	63	0	8	80	0	0	54	211	0	0	65	95	6	17	54	0	0	51	102	0	0	36	86	0	0	124	282	24	7	274	13	42	0	15	56	0	8	72	0	0	36	192	0	0	27	63	0	9	30	0	0	33	62	0	0	8	80	0	0	54	211	0	0	65	95	6	9	48	0	0	3	0	6	0	17	54	0	0	51	102	0	0	36	86	0	0	124	282	24	7	258	6	18	0	13	42	0	8	36	0	0	32	152	0	0	15	56	0	5	18	0	0	19	44	0	0	8	72	0	0	36	192	0	0	27	63	0	4	0	0	0	1	0	0	0	9	30	0	0	33	62	0	0	8	80	0	0	54	211	0	0	65	95	6	5	72	8	0	6	12	12	0	9	48	0	0	3	0	6	0	17	54	0	0	51	102	0	0	36	86	0	0	124	282	24	7
245	234	55	35	2	223	31	10	0	55	35	2	42	0	0	0	108	80	10	0	212	20	5	0	31	10	0	16	0	0	0	72	20	0	0	55	35	2	19	25	0	0	49	75	0	0	42	0	0	0	108	80	10	0	201	18	0	0	20	5	0	16	0	0	0	54	10	0	0	31	10	0	12	0	0	0	36	40	0	0	16	0	0	0	72	20	0	0	55	35	2	17	0	0	0	1	0	2	0	19	25	0	0	49	75	0	0	42	0	0	0	108	80	10	0	190	9	0	0	18	0	0	14	0	0	0	50	0	0	0	20	5	0	8	0	0	0	21	20	0	0	16	0	0	0	54	10	0	0	31	10	0	4	0	0	0	1	0	0	0	12	0	0	0	36	40	0	0	16	0	0	0	72	20	0	0	55	35	2	17	0	8	0	6	10	0	0	17	0	0	0	1	0	2	0	19	25	0	0	49	75	0	0	42	0	0	0	108	80	10	0
286	273	45	0	85	260	30	0	43	45	0	85	32	0	27	50	72	0	0	102	247	17	0	33	30	0	43	8	0	27	24	52	0	0	42	45	0	85	10	0	54	24	39	0	0	39	32	0	27	50	72	0	0	102	234	14	0	30	17	0	33	6	0	27	21	42	0	0	21	30	0	43	10	0	31	21	39	0	0	28	8	0	27	24	52	0	0	42	45	0	85	4	0	19	27	0	0	0	0	10	0	54	24	39	0	0	39	32	0	27	50	72	0	0	102	221	7	0	30	14	0	30	0	0	27	21	32	0	0	21	17	0	33	2	0	30	21	11	0	0	28	6	0	27	21	42	0	0	21	30	0	43	0	0	0	27	0	0	0	0	10	0	31	21	39	0	0	28	8	0	27	24	52	0	0	42	45	0	85	2	0	43	0	1	0	0	0	4	0	19	27	0	0	0	0	10	0	54	24	39	0	0	39	32	0	27	50	72	0	0	102
404	385	67	90	93	366	40	60	60	67	90	93	54	52	27	37	106	218	186	88	347	22	30	58	40	60	60	22	0	27	35	79	162	120	42	67	90	93	16	60	68	24	41	92	186	0	54	52	27	37	106	218	186	88	328	20	26	43	22	30	58	20	0	27	21	53	120	116	21	40	60	60	16	52	45	21	37	82	120	0	22	0	27	35	79	162	120	42	67	90	93	4	52	12	40	2	0	0	60	16	60	68	24	41	92	186	0	54	52	27	37	106	218	186	88	309	12	0	41	20	26	43	14	0	27	21	46	104	86	21	22	30	58	10	0	44	21	12	15	116	0	20	0	27	21	53	120	116	21	40	60	60	4	0	0	38	1	0	0	45	16	52	45	21	37	82	120	0	22	0	27	35	79	162	120	42	67	90	93	3	0	83	22	2	0	186	0	4	52	12	40	2	0	0	60	16	60	68	24	41	92	186	0	54	52	27	37	106	218	186	88
281	268	38	39	41	255	19	9	29	38	39	41	29	27	48	13	54	36	123	8	242	7	0	28	19	9	29	8	0	48	12	38	0	87	0	38	39	41	7	0	43	12	30	12	41	0	29	27	48	13	54	36	123	8	229	5	0	28	7	0	28	6	0	48	12	26	0	84	0	19	9	29	7	0	31	12	26	9	29	0	8	0	48	12	38	0	87	0	38	39	41	4	0	12	0	0	0	0	0	7	0	43	12	30	12	41	0	29	27	48	13	54	36	123	8	216	0	0	28	5	0	28	0	0	48	12	19	0	84	0	7	0	28	0	0	30	12	3	0	28	0	6	0	48	12	26	0	84	0	19	9	29	0	0	0	0	0	0	0	0	7	0	31	12	26	9	29	0	8	0	48	12	38	0	87	0	38	39	41	0	0	18	0	0	0	0	0	4	0	12	0	0	0	0	0	7	0	43	12	30	12	41	0	29	27	48	13	54	36	123	8
323	308	31	59	45	293	13	9	39	31	59	45	19	45	58	13	34	36	225	2	278	2	0	38	13	9	39	0	0	58	12	18	0	195	0	31	59	45	4	0	37	12	24	14	45	0	19	45	58	13	34	36	225	2	263	2	0	38	2	0	38	0	0	58	12	8	0	190	0	13	9	39	4	0	31	12	20	9	39	0	0	0	58	12	18	0	195	0	31	59	45	4	0	0	0	0	0	0	0	4	0	37	12	24	14	45	0	19	45	58	13	34	36	225	2	248	0	0	38	2	0	38	0	0	58	12	8	0	190	0	2	0	38	0	0	30	12	1	0	38	0	0	0	58	12	8	0	190	0	13	9	39	0	0	0	0	0	0	0	0	4	0	31	12	20	9	39	0	0	0	58	12	18	0	195	0	31	59	45	0	0	0	0	0	0	0	0	4	0	0	0	0	0	0	0	4	0	37	12	24	14	45	0	19	45	58	13	34	36	225	2
278	265	45	46	31	252	26	24	9	45	46	31	34	48	27	0	86	52	62	70	239	10	0	9	26	24	9	8	0	27	0	63	16	18	42	45	46	31	10	0	40	0	32	70	93	0	34	48	27	0	86	52	62	70	226	8	0	9	10	0	9	6	0	27	0	31	0	18	21	26	24	9	10	0	18	0	28	56	27	0	8	0	27	0	63	16	18	42	45	46	31	4	0	12	0	0	0	0	0	10	0	40	0	32	70	93	0	34	48	27	0	86	52	62	70	213	2	0	9	8	0	9	0	0	27	0	24	0	18	21	10	0	9	2	0	18	0	7	0	27	0	6	0	27	0	31	0	18	21	26	24	9	0	0	0	0	0	0	0	0	10	0	18	0	28	56	27	0	8	0	27	0	63	16	18	42	45	46	31	2	0	29	0	0	0	0	0	4	0	12	0	0	0	0	0	10	0	40	0	32	70	93	0	34	48	27	0	86	52	62	70
126	120	3	0	27	114	0	0	7	3	0	27	0	0	18	14	0	0	0	86	108	0	0	7	0	0	7	0	0	0	14	0	0	0	68	3	0	27	0	0	0	0	3	0	0	0	0	0	18	14	0	0	0	86	102	0	0	7	0	0	7	0	0	0	14	0	0	0	66	0	0	7	0	0	0	0	0	0	0	0	0	0	0	14	0	0	0	68	3	0	27	0	0	0	0	0	0	0	0	0	0	0	0	3	0	0	0	0	0	18	14	0	0	0	86	96	0	0	7	0	0	7	0	0	0	14	0	0	0	66	0	0	7	0	0	0	0	0	0	0	0	0	0	0	14	0	0	0	66	0	0	7	0	0	0	0	0	0	0	0	0	0	0	0	0	0	0	0	0	0	0	14	0	0	0	68	3	0	27	0	0	0	0	0	0	0	0	0	0	0	0	0	0	0	0	0	0	0	0	3	0	0	0	0	0	18	14	0	0	0	86
105	100	2	0	18	95	0	0	7	2	0	18	0	0	9	14	0	0	0	45	90	0	0	7	0	0	7	0	0	0	14	0	0	0	39	2	0	18	0	0	0	0	2	0	0	0	0	0	9	14	0	0	0	45	85	0	0	7	0	0	7	0	0	0	14	0	0	0	38	0	0	7	0	0	0	0	0	0	0	0	0	0	0	14	0	0	0	39	2	0	18	0	0	0	0	0	0	0	0	0	0	0	0	2	0	0	0	0	0	9	14	0	0	0	45	80	0	0	7	0	0	7	0	0	0	14	0	0	0	38	0	0	7	0	0	0	0	0	0	0	0	0	0	0	14	0	0	0	38	0	0	7	0	0	0	0	0	0	0	0	0	0	0	0	0	0	0	0	0	0	0	14	0	0	0	39	2	0	18	0	0	0	0	0	0	0	0	0	0	0	0	0	0	0	0	0	0	0	0	2	0	0	0	0	0	9	14	0	0	0	45
168	160	7	0	43	152	0	0	26	7	0	43	0	0	37	69	0	0	0	45	144	0	0	26	0	0	26	0	0	18	69	0	0	0	39	7	0	43	0	0	0	0	6	0	0	0	0	0	37	69	0	0	0	45	136	0	0	26	0	0	26	0	0	18	69	0	0	0	38	0	0	26	0	0	0	0	0	0	0	0	0	0	18	69	0	0	0	39	7	0	43	0	0	0	0	0	0	0	0	0	0	0	0	6	0	0	0	0	0	37	69	0	0	0	45	128	0	0	26	0	0	26	0	0	18	69	0	0	0	38	0	0	26	0	0	0	0	0	0	0	0	0	0	18	69	0	0	0	38	0	0	26	0	0	0	0	0	0	0	0	0	0	0	0	0	0	0	0	0	0	18	69	0	0	0	39	7	0	43	0	0	0	0	0	0	0	0	0	0	0	0	0	0	0	0	0	0	0	0	6	0	0	0	0	0	37	69	0	0	0	45
209	199	15	9	53	189	3	0	9	15	9	53	0	0	96	45	16	0	53	210	179	2	0	9	3	0	9	0	0	18	45	12	0	9	137	15	9	53	4	0	0	0	19	9	0	0	0	0	96	45	16	0	53	210	169	0	0	9	2	0	9	0	0	18	45	8	0	9	133	3	0	9	0	0	0	0	1	0	0	0	0	0	18	45	12	0	9	137	15	9	53	0	0	26	0	0	0	0	0	4	0	0	0	19	9	0	0	0	0	96	45	16	0	53	210	159	0	0	9	0	0	9	0	0	18	45	0	0	9	118	2	0	9	0	0	0	0	1	0	0	0	0	0	18	45	8	0	9	133	3	0	9	0	0	0	0	0	0	0	0	0	0	0	0	1	0	0	0	0	0	18	45	12	0	9	137	15	9	53	0	0	0	0	0	0	0	0	0	0	26	0	0	0	0	0	4	0	0	0	19	9	0	0	0	0	96	45	16	0	53	210
207	197	15	21	53	187	5	0	9	15	21	53	0	0	96	45	22	0	159	210	177	2	0	9	5	0	9	0	0	18	45	18	0	27	137	15	21	53	4	0	0	0	17	21	0	0	0	0	96	45	22	0	159	210	167	0	0	9	2	0	9	0	0	18	45	8	0	27	133	5	0	9	0	0	0	0	1	0	0	0	0	0	18	45	18	0	27	137	15	21	53	0	0	26	0	0	0	0	0	4	0	0	0	17	21	0	0	0	0	96	45	22	0	159	210	157	0	0	9	0	0	9	0	0	18	45	0	0	27	118	2	0	9	0	0	0	0	1	0	0	0	0	0	18	45	8	0	27	133	5	0	9	0	0	0	0	0	0	0	0	0	0	0	0	1	0	0	0	0	0	18	45	18	0	27	137	15	21	53	0	0	0	0	0	0	0	0	0	0	26	0	0	0	0	0	4	0	0	0	17	21	0	0	0	0	96	45	22	0	159	210
298	283	23	14	126	268	16	14	95	23	14	126	14	0	0	156	63	56	0	106	253	2	0	46	16	14	95	3	0	0	27	51	56	0	18	23	14	126	0	0	69	115	3	0	126	210	14	0	0	156	63	56	0	106	238	0	0	45	2	0	46	0	0	0	27	1	0	0	18	16	14	95	0	0	65	111	3	0	95	137	3	0	0	27	51	56	0	18	23	14	126	0	0	24	13	0	0	0	0	0	0	69	115	3	0	126	210	14	0	0	156	63	56	0	106	223	0	0	44	0	0	45	0	0	0	27	0	0	0	18	2	0	46	0	0	37	107	0	0	46	133	0	0	0	27	1	0	0	18	16	14	95	0	0	24	12	0	0	0	0	0	0	65	111	3	0	95	137	3	0	0	27	51	56	0	18	23	14	126	0	0	0	12	0	0	0	0	0	0	24	13	0	0	0	0	0	0	69	115	3	0	126	210	14	0	0	156	63	56	0	106
120	114	9	0	33	108	8	0	23	9	0	33	4	0	0	42	28	0	0	53	102	1	0	18	8	0	23	1	0	0	27	24	0	0	9	9	0	33	0	0	9	45	0	0	0	0	4	0	0	42	28	0	0	53	96	0	0	18	1	0	18	0	0	0	27	0	0	0	9	8	0	23	0	0	9	45	0	0	0	0	1	0	0	27	24	0	0	9	9	0	33	0	0	9	0	0	0	0	0	0	0	9	45	0	0	0	0	4	0	0	42	28	0	0	53	90	0	0	18	0	0	18	0	0	0	27	0	0	0	9	1	0	18	0	0	9	45	0	0	0	0	0	0	0	27	0	0	0	9	8	0	23	0	0	9	0	0	0	0	0	0	0	9	45	0	0	0	0	1	0	0	27	24	0	0	9	9	0	33	0	0	0	0	0	0	0	0	0	0	9	0	0	0	0	0	0	0	9	45	0	0	0	0	4	0	0	42	28	0	0	53
176	167	19	14	26	158	10	14	17	19	14	26	12	0	0	16	44	42	0	53	149	1	0	9	10	14	17	1	0	0	0	32	42	0	9	19	14	26	0	0	9	0	1	0	52	31	12	0	0	16	44	42	0	53	140	0	0	9	1	0	9	0	0	0	0	0	0	0	9	10	14	17	0	0	9	0	1	0	34	9	1	0	0	0	32	42	0	9	19	14	26	0	0	9	0	0	0	0	0	0	0	9	0	1	0	52	31	12	0	0	16	44	42	0	53	131	0	0	9	0	0	9	0	0	0	0	0	0	0	9	1	0	9	0	0	9	0	0	0	18	9	0	0	0	0	0	0	0	9	10	14	17	0	0	9	0	0	0	0	0	0	0	9	0	1	0	34	9	1	0	0	0	32	42	0	9	19	14	26	0	0	0	0	0	0	0	0	0	0	9	0	0	0	0	0	0	0	9	0	1	0	52	31	12	0	0	16	44	42	0	53
270	256	39	56	59	242	15	32	55	39	56	59	13	64	20	42	86	196	118	0	228	2	0	22	15	32	55	0	0	20	0	44	112	110	0	39	56	59	2	0	74	82	11	10	236	124	13	64	20	42	86	196	118	0	214	2	0	0	2	0	22	0	0	12	0	1	0	44	0	15	32	55	2	0	70	0	7	8	220	69	0	0	20	0	44	112	110	0	39	56	59	0	0	0	0	1	0	0	70	2	0	74	82	11	10	236	124	13	64	20	42	86	196	118	0	200	0	0	0	2	0	0	0	0	0	0	1	0	0	0	2	0	22	0	0	29	0	3	0	88	67	0	0	12	0	1	0	44	0	15	32	55	0	0	0	0	0	0	0	42	2	0	70	0	7	8	220	69	0	0	20	0	44	112	110	0	39	56	59	0	0	28	0	0	0	0	0	0	0	0	0	1	0	0	70	2	0	74	82	11	10	236	124	13	64	20	42	86	196	118	0
153	145	23	19	0	137	7	12	0	23	19	0	8	12	0	0	48	66	0	0	129	0	0	0	7	12	0	0	0	0	0	24	40	0	0	23	19	0	0	0	0	0	3	0	0	0	8	12	0	0	48	66	0	0	121	0	0	0	0	0	0	0	0	0	0	0	0	0	0	7	12	0	0	0	0	0	1	0	0	0	0	0	0	0	24	40	0	0	23	19	0	0	0	0	0	0	0	0	0	0	0	0	0	3	0	0	0	8	12	0	0	48	66	0	0	113	0	0	0	0	0	0	0	0	0	0	0	0	0	0	0	0	0	0	0	0	0	0	0	0	0	0	0	0	0	0	0	0	0	7	12	0	0	0	0	0	0	0	0	0	0	0	0	0	1	0	0	0	0	0	0	0	24	40	0	0	23	19	0	0	0	0	0	0	0	0	0	0	0	0	0	0	0	0	0	0	0	0	0	3	0	0	0	8	12	0	0	48	66	0	0
206	195	38	24	34	184	8	0	25	38	24	34	17	0	79	10	78	88	102	59	173	2	0	25	8	0	25	2	0	44	10	3	0	75	55	38	24	34	4	0	0	0	12	16	0	0	17	0	79	10	78	88	102	59	162	0	0	20	2	0	25	0	0	44	6	0	0	75	22	8	0	25	0	0	0	0	0	0	0	0	2	0	44	10	3	0	75	55	38	24	34	0	0	7	31	3	0	0	0	4	0	0	0	12	16	0	0	17	0	79	10	78	88	102	59	151	0	0	2	0	0	20	0	0	32	0	0	0	60	0	2	0	25	0	0	0	0	0	0	0	0	0	0	44	6	0	0	75	22	8	0	25	0	0	7	0	1	0	0	0	0	0	0	0	0	0	0	0	2	0	44	10	3	0	75	55	38	24	34	0	0	0	10	0	0	0	20	0	0	7	31	3	0	0	0	4	0	0	0	12	16	0	0	17	0	79	10	78	88	102	59
166	157	30	23	7	148	7	5	7	30	23	7	14	15	14	0	53	55	21	0	139	2	0	7	7	5	7	2	0	14	0	3	0	21	0	30	23	7	4	0	0	0	9	10	7	0	14	15	14	0	53	55	21	0	130	0	0	7	2	0	7	0	0	14	0	0	0	21	0	7	5	7	0	0	0	0	0	0	7	0	2	0	14	0	3	0	21	0	30	23	7	0	0	7	0	3	0	0	0	4	0	0	0	9	10	7	0	14	15	14	0	53	55	21	0	121	0	0	2	0	0	7	0	0	14	0	0	0	21	0	2	0	7	0	0	0	0	0	0	7	0	0	0	14	0	0	0	21	0	7	5	7	0	0	7	0	1	0	0	0	0	0	0	0	0	0	7	0	2	0	14	0	3	0	21	0	30	23	7	0	0	0	10	0	0	0	0	0	0	7	0	3	0	0	0	4	0	0	0	9	10	7	0	14	15	14	0	53	55	21	0
111	105	19	9	7	99	6	4	7	19	9	7	12	4	14	0	42	12	7	0	93	2	0	7	6	4	7	2	0	14	0	3	0	7	0	19	9	7	4	0	0	0	8	4	7	0	12	4	14	0	42	12	7	0	87	0	0	7	2	0	7	0	0	14	0	0	0	7	0	6	4	7	0	0	0	0	0	0	7	0	2	0	14	0	3	0	7	0	19	9	7	0	0	7	0	2	0	0	0	4	0	0	0	8	4	7	0	12	4	14	0	42	12	7	0	81	0	0	2	0	0	7	0	0	14	0	0	0	7	0	2	0	7	0	0	0	0	0	0	7	0	0	0	14	0	0	0	7	0	6	4	7	0	0	7	0	1	0	0	0	0	0	0	0	0	0	7	0	2	0	14	0	3	0	7	0	19	9	7	0	0	0	10	0	0	0	0	0	0	7	0	2	0	0	0	4	0	0	0	8	4	7	0	12	4	14	0	42	12	7	0
162	153	25	28	7	144	6	14	7	25	28	7	11	28	14	0	41	46	14	0	135	2	4	7	6	14	7	0	8	14	0	2	12	14	0	25	28	7	4	8	0	0	10	8	14	0	11	28	14	0	41	46	14	0	126	0	0	7	2	4	7	0	0	14	0	2	0	14	0	6	14	7	0	0	0	0	0	0	14	0	0	8	14	0	2	12	14	0	25	28	7	0	0	7	0	2	6	7	0	4	8	0	0	10	8	14	0	11	28	14	0	41	46	14	0	117	0	0	2	0	0	7	0	0	14	0	0	0	14	0	2	4	7	0	0	0	0	0	0	14	0	0	0	14	0	2	0	14	0	6	14	7	0	0	7	0	0	4	7	0	0	0	0	0	0	0	14	0	0	8	14	0	2	12	14	0	25	28	7	0	0	0	10	0	0	0	0	0	0	7	0	2	6	7	0	4	8	0	0	10	8	14	0	11	28	14	0	41	46	14	0
167	158	34	20	23	149	3	0	10	34	20	23	10	0	77	10	65	75	92	59	140	0	0	10	3	0	10	0	0	30	10	0	0	40	55	34	20	23	0	0	0	0	7	10	0	0	10	0	77	10	65	75	92	59	131	0	0	6	0	0	10	0	0	30	6	0	0	40	22	3	0	10	0	0	0	0	0	0	0	0	0	0	30	10	0	0	40	55	34	20	23	0	0	0	24	2	0	0	0	0	0	0	0	7	10	0	0	10	0	77	10	65	75	92	59	122	0	0	0	0	0	6	0	0	18	0	0	0	24	0	0	0	10	0	0	0	0	0	0	0	0	0	0	30	6	0	0	40	22	3	0	10	0	0	0	0	0	0	0	0	0	0	0	0	0	0	0	0	0	0	30	10	0	0	40	55	34	20	23	0	0	0	0	0	0	0	6	0	0	0	24	2	0	0	0	0	0	0	0	7	10	0	0	10	0	77	10	65	75	92	59
354	334	33	79	133	314	13	15	103	33	79	133	15	60	55	66	26	45	532	71	294	5	0	90	13	15	103	4	0	42	48	13	0	412	49	33	79	133	7	0	84	69	9	0	133	59	15	60	55	66	26	45	532	71	274	3	0	88	5	0	90	1	0	41	48	11	0	360	49	13	15	103	3	0	76	65	6	0	103	55	4	0	42	48	13	0	412	49	33	79	133	2	0	13	26	3	15	0	0	7	0	84	69	9	0	133	59	15	60	55	66	26	45	532	71	254	2	0	64	3	0	88	0	0	41	40	6	0	352	40	5	0	90	0	0	74	31	0	0	90	22	1	0	41	48	11	0	360	49	13	15	103	0	0	13	0	0	0	0	0	3	0	76	65	6	0	103	55	4	0	42	48	13	0	412	49	33	79	133	0	0	13	111	2	0	0	93	2	0	13	26	3	15	0	0	7	0	84	69	9	0	133	59	15	60	55	66	26	45	532	71
284	268	16	48	99	252	1	0	91	16	48	99	4	0	54	20	6	12	396	23	236	0	0	52	1	0	91	0	0	54	0	0	0	364	10	16	48	99	0	0	0	72	0	0	0	211	4	0	54	20	6	12	396	23	220	0	0	50	0	0	52	0	0	50	0	0	0	208	10	1	0	91	0	0	0	68	0	0	0	167	0	0	54	0	0	0	364	10	16	48	99	0	0	0	26	1	0	0	0	0	0	0	72	0	0	0	211	4	0	54	20	6	12	396	23	204	0	0	36	0	0	50	0	0	50	0	0	0	200	6	0	0	52	0	0	0	41	0	0	0	77	0	0	50	0	0	0	208	10	1	0	91	0	0	0	0	0	0	0	0	0	0	0	68	0	0	0	167	0	0	54	0	0	0	364	10	16	48	99	0	0	0	14	0	0	0	93	0	0	0	26	1	0	0	0	0	0	0	72	0	0	0	211	4	0	54	20	6	12	396	23
229	216	19	39	50	203	4	9	18	19	39	50	6	27	17	50	10	27	150	78	190	1	0	17	4	9	18	0	0	0	48	2	0	54	56	19	39	50	2	0	15	10	3	0	50	0	6	27	17	50	10	27	150	78	177	0	0	17	1	0	17	0	0	0	48	2	0	51	56	4	9	18	0	0	7	10	0	0	18	0	0	0	0	48	2	0	54	56	19	39	50	0	0	0	0	2	9	0	0	2	0	15	10	3	0	50	0	6	27	17	50	10	27	150	78	164	0	0	13	0	0	17	0	0	0	40	0	0	51	47	1	0	17	0	0	7	6	0	0	17	0	0	0	0	48	2	0	51	56	4	9	18	0	0	0	0	0	0	0	0	0	0	7	10	0	0	18	0	0	0	0	48	2	0	54	56	19	39	50	0	0	0	24	0	0	0	0	0	0	0	0	2	9	0	0	2	0	15	10	3	0	50	0	6	27	17	50	10	27	150	78
248	234	17	40	46	220	2	0	23	17	40	46	7	0	5	42	7	10	184	64	206	0	0	10	2	0	23	0	0	0	20	0	0	92	42	17	40	46	0	0	0	10	0	0	0	59	7	0	5	42	7	10	184	64	192	0	0	10	0	0	10	0	0	0	20	0	0	40	42	2	0	23	0	0	0	10	0	0	0	55	0	0	0	20	0	0	92	42	17	40	46	0	0	0	0	2	0	0	0	0	0	0	10	0	0	0	59	7	0	5	42	7	10	184	64	178	0	0	6	0	0	10	0	0	0	12	0	0	40	33	0	0	10	0	0	0	6	0	0	0	22	0	0	0	20	0	0	40	42	2	0	23	0	0	0	0	0	0	0	0	0	0	0	10	0	0	0	55	0	0	0	20	0	0	92	42	17	40	46	0	0	0	24	0	0	0	0	0	0	0	0	2	0	0	0	0	0	0	10	0	0	0	59	7	0	5	42	7	10	184	64
124	117	8	10	22	110	0	0	19	8	10	22	0	0	0	20	2	0	44	0	103	0	0	0	0	0	19	0	0	0	0	0	0	38	0	8	10	22	0	0	0	0	0	0	0	85	0	0	0	20	2	0	44	0	96	0	0	0	0	0	0	0	0	0	0	0	0	0	0	0	0	19	0	0	0	0	0	0	0	72	0	0	0	0	0	0	38	0	8	10	22	0	0	0	0	0	0	0	0	0	0	0	0	0	0	0	85	0	0	0	20	2	0	44	0	89	0	0	0	0	0	0	0	0	0	0	0	0	0	0	0	0	0	0	0	0	0	0	0	0	31	0	0	0	0	0	0	0	0	0	0	19	0	0	0	0	0	0	0	0	0	0	0	0	0	0	0	72	0	0	0	0	0	0	38	0	8	10	22	0	0	0	0	0	0	0	0	0	0	0	0	0	0	0	0	0	0	0	0	0	0	0	85	0	0	0	20	2	0	44	0
254	239	20	14	126	224	9	0	74	20	14	126	8	0	95	66	18	0	126	328	209	8	0	70	9	0	74	5	0	66	58	15	0	74	235	20	14	126	10	0	14	0	9	0	0	7	8	0	95	66	18	0	126	328	194	3	0	69	8	0	70	4	0	62	56	12	0	70	169	9	0	74	0	0	13	0	0	0	0	7	5	0	66	58	15	0	74	235	20	14	126	4	0	37	15	0	0	0	0	10	0	14	0	9	0	0	7	8	0	95	66	18	0	126	328	179	0	0	69	3	0	69	0	0	62	56	0	0	69	165	8	0	70	0	0	13	0	0	0	0	7	4	0	62	56	12	0	70	169	9	0	74	0	0	36	15	0	0	0	0	0	0	13	0	0	0	0	7	5	0	66	58	15	0	74	235	20	14	126	0	0	22	0	5	0	0	0	4	0	37	15	0	0	0	0	10	0	14	0	9	0	0	7	8	0	95	66	18	0	126	328
153	144	2	0	69	135	0	0	25	2	0	69	0	0	15	25	0	0	0	300	126	0	0	25	0	0	25	0	0	0	25	0	0	0	236	2	0	69	0	0	0	0	0	0	0	0	0	0	15	25	0	0	0	300	117	0	0	22	0	0	25	0	0	0	22	0	0	0	152	0	0	25	0	0	0	0	0	0	0	0	0	0	0	25	0	0	0	236	2	0	69	0	0	0	27	0	0	0	0	0	0	0	0	0	0	0	0	0	0	15	25	0	0	0	300	108	0	0	22	0	0	22	0	0	0	22	0	0	0	148	0	0	25	0	0	0	0	0	0	0	0	0	0	0	22	0	0	0	152	0	0	25	0	0	0	27	0	0	0	0	0	0	0	0	0	0	0	0	0	0	0	25	0	0	0	236	2	0	69	0	0	0	0	0	0	0	0	0	0	0	27	0	0	0	0	0	0	0	0	0	0	0	0	0	0	15	25	0	0	0	300
204	192	10	0	79	180	4	0	29	10	0	79	2	0	31	19	5	0	0	328	168	4	0	20	4	0	29	2	0	7	0	4	0	0	235	10	0	79	3	0	0	0	3	0	0	14	2	0	31	19	5	0	0	328	156	2	0	20	4	0	20	2	0	7	0	4	0	0	169	4	0	29	0	0	0	0	0	0	0	14	2	0	7	0	4	0	0	235	10	0	79	2	0	7	0	0	0	0	0	3	0	0	0	3	0	0	14	2	0	31	19	5	0	0	328	144	0	0	20	2	0	20	0	0	7	0	0	0	0	165	4	0	20	0	0	0	0	0	0	0	14	2	0	7	0	4	0	0	169	4	0	29	0	0	7	0	0	0	0	0	0	0	0	0	0	0	0	14	2	0	7	0	4	0	0	235	10	0	79	0	0	14	0	2	0	0	0	2	0	7	0	0	0	0	0	3	0	0	0	3	0	0	14	2	0	31	19	5	0	0	328
199	187	34	29	67	175	16	11	40	34	29	67	29	0	135	21	42	31	134	183	163	9	9	36	16	11	40	8	0	106	13	30	22	80	121	34	29	67	14	18	38	0	10	27	0	7	29	0	135	21	42	31	134	183	151	4	0	36	9	9	36	4	0	102	13	15	18	72	107	16	11	40	1	0	37	0	0	0	0	7	8	0	106	13	30	22	80	121	34	29	67	7	0	45	0	1	0	67	0	14	18	38	0	10	27	0	7	29	0	135	21	42	31	134	183	139	1	0	36	4	0	36	0	0	102	13	2	0	72	105	9	9	36	1	0	37	0	0	0	0	7	4	0	102	13	15	18	72	107	16	11	40	3	0	44	0	1	0	40	0	1	0	37	0	0	0	0	7	8	0	106	13	30	22	80	121	34	29	67	5	0	22	0	11	0	0	0	7	0	45	0	1	0	67	0	14	18	38	0	10	27	0	7	29	0	135	21	42	31	134	183
85	80	0	0	27	75	0	0	0	0	0	27	0	0	0	0	0	0	0	167	70	0	0	0	0	0	0	0	0	0	0	0	0	0	133	0	0	27	0	0	0	0	0	0	0	0	0	0	0	0	0	0	0	167	65	0	0	0	0	0	0	0	0	0	0	0	0	0	62	0	0	0	0	0	0	0	0	0	0	0	0	0	0	0	0	0	0	133	0	0	27	0	0	0	0	0	0	0	0	0	0	0	0	0	0	0	0	0	0	0	0	0	0	0	167	60	0	0	0	0	0	0	0	0	0	0	0	0	0	60	0	0	0	0	0	0	0	0	0	0	0	0	0	0	0	0	0	0	62	0	0	0	0	0	0	0	0	0	0	0	0	0	0	0	0	0	0	0	0	0	0	0	0	0	0	133	0	0	27	0	0	0	0	0	0	0	0	0	0	0	0	0	0	0	0	0	0	0	0	0	0	0	0	0	0	0	0	0	0	0	167
186	174	47	39	35	162	31	7	34	47	39	35	30	28	45	8	109	64	140	0	150	26	0	34	31	7	34	22	0	42	8	80	14	136	0	47	39	35	15	0	18	0	6	0	35	0	30	28	45	8	109	64	140	0	138	24	0	34	26	0	34	21	0	42	8	67	0	136	0	31	7	34	11	0	17	0	6	0	34	0	22	0	42	8	80	14	136	0	47	39	35	20	0	9	0	6	7	0	0	15	0	18	0	6	0	35	0	30	28	45	8	109	64	140	0	126	17	0	34	24	0	34	16	0	42	8	62	0	136	0	26	0	34	6	0	17	0	6	0	34	0	21	0	42	8	67	0	136	0	31	7	34	7	0	9	0	3	0	0	0	11	0	17	0	6	0	34	0	22	0	42	8	80	14	136	0	47	39	35	17	0	45	0	25	14	0	0	20	0	9	0	6	7	0	0	15	0	18	0	6	0	35	0	30	28	45	8	109	64	140	0
240	225	18	0	160	210	13	0	120	18	0	160	11	0	43	172	35	0	0	193	195	4	0	90	13	0	120	4	0	38	79	24	0	0	114	18	0	160	1	0	64	58	0	0	0	183	11	0	43	172	35	0	0	193	180	1	0	82	4	0	90	0	0	37	71	2	0	0	106	13	0	120	1	0	45	42	0	0	0	121	4	0	38	79	24	0	0	114	18	0	160	3	0	30	28	1	0	0	7	1	0	64	58	0	0	0	183	11	0	43	172	35	0	0	193	165	0	0	81	1	0	82	0	0	37	71	2	0	0	105	4	0	90	0	0	44	41	0	0	0	107	0	0	37	71	2	0	0	106	13	0	120	0	0	22	28	0	0	0	7	1	0	45	42	0	0	0	121	4	0	38	79	24	0	0	114	18	0	160	0	0	9	14	9	0	0	0	3	0	30	28	1	0	0	7	1	0	64	58	0	0	0	183	11	0	43	172	35	0	0	193
233	218	39	47	89	203	21	33	75	39	47	89	22	33	43	52	72	117	89	67	188	15	0	73	21	33	75	14	0	38	50	49	77	75	40	39	47	89	2	0	54	28	0	0	267	0	22	33	43	52	72	117	89	67	173	14	0	73	15	0	73	12	0	37	50	34	0	73	36	21	33	75	2	0	38	28	0	0	225	0	14	0	38	50	49	77	75	40	39	47	89	6	0	10	0	2	0	0	0	2	0	54	28	0	0	267	0	22	33	43	52	72	117	89	67	158	12	0	72	14	0	73	12	0	37	50	34	0	73	36	15	0	73	1	0	37	27	0	0	219	0	12	0	37	50	34	0	73	36	21	33	75	0	0	8	0	0	0	0	0	2	0	38	28	0	0	225	0	14	0	38	50	49	77	75	40	39	47	89	19	0	9	14	16	12	0	0	6	0	10	0	2	0	0	0	2	0	54	28	0	0	267	0	22	33	43	52	72	117	89	67
160	150	19	0	59	140	8	0	56	19	0	59	11	0	43	36	39	0	0	0	130	2	0	55	8	0	56	0	0	38	34	20	0	0	0	19	0	59	1	0	25	13	1	0	0	0	11	0	43	36	39	0	0	0	120	2	0	55	2	0	55	0	0	37	34	5	0	0	0	8	0	56	1	0	22	13	1	0	0	0	0	0	38	34	20	0	0	0	19	0	59	3	0	0	0	3	0	0	0	1	0	25	13	1	0	0	0	11	0	43	36	39	0	0	0	110	1	0	55	2	0	55	0	0	37	34	5	0	0	0	2	0	55	0	0	21	13	1	0	0	0	0	0	37	34	5	0	0	0	8	0	56	0	0	0	0	0	0	0	0	1	0	22	13	1	0	0	0	0	0	38	34	20	0	0	0	19	0	59	2	0	9	0	10	0	0	0	3	0	0	0	3	0	0	0	1	0	25	13	1	0	0	0	11	0	43	36	39	0	0	0
121	113	25	17	19	105	13	7	18	25	17	19	18	0	27	8	63	31	38	0	97	10	7	18	13	7	18	8	0	24	8	39	21	36	0	25	17	19	8	0	9	0	4	7	0	0	18	0	27	8	63	31	38	0	89	9	7	18	10	7	18	8	0	24	8	30	21	36	0	13	7	18	6	0	8	0	3	7	0	0	8	0	24	8	39	21	36	0	25	17	19	10	0	0	0	4	5	0	0	8	0	9	0	4	7	0	0	18	0	27	8	63	31	38	0	81	5	5	18	9	7	18	7	0	24	8	27	21	36	0	10	7	18	4	0	8	0	3	7	0	0	8	0	24	8	30	21	36	0	13	7	18	2	0	0	0	1	0	0	0	6	0	8	0	3	7	0	0	8	0	24	8	39	21	36	0	25	17	19	4	10	9	0	10	17	0	0	10	0	0	0	4	5	0	0	8	0	9	0	4	7	0	0	18	0	27	8	63	31	38	0
209	193	69	89	36	177	39	66	18	69	89	36	41	80	31	54	148	245	72	54	161	36	60	17	39	66	18	34	74	18	49	96	186	36	52	69	89	36	17	58	10	8	7	21	0	0	41	80	31	54	148	245	72	54	145	30	48	17	36	60	17	29	68	17	49	88	169	34	52	39	66	18	9	40	9	8	5	20	0	0	34	74	18	49	96	186	36	52	69	89	36	20	36	54	0	4	10	36	0	17	58	10	8	7	21	0	0	41	80	31	54	148	245	72	54	129	23	36	17	30	48	17	23	56	17	49	76	134	34	52	36	60	17	5	36	9	8	4	18	0	0	29	68	17	49	88	169	34	52	39	66	18	7	20	45	0	3	10	18	0	9	40	9	8	5	20	0	0	34	74	18	49	96	186	36	52	69	89	36	31	32	15	0	24	39	36	0	20	36	54	0	4	10	36	0	17	58	10	8	7	21	0	0	41	80	31	54	148	245	72	54
223	206	64	91	61	189	33	60	34	64	91	61	31	48	83	102	123	227	183	124	172	32	60	31	33	60	34	30	48	34	91	81	156	102	109	64	91	61	14	0	10	36	5	0	0	0	31	48	83	102	123	227	183	124	155	26	60	30	32	60	31	26	48	31	88	79	156	93	107	33	60	34	7	0	9	34	5	0	0	0	30	48	34	91	81	156	102	109	64	91	61	12	0	54	13	3	0	0	0	14	0	10	36	5	0	0	0	31	48	83	102	123	227	183	124	138	22	57	30	26	60	30	21	48	30	88	68	156	90	107	32	60	31	6	0	9	34	5	0	0	0	26	48	31	88	79	156	93	107	33	60	34	6	0	45	13	3	0	0	0	7	0	9	34	5	0	0	0	30	48	34	91	81	156	102	109	64	91	61	27	27	10	0	24	9	0	0	12	0	54	13	3	0	0	0	14	0	10	36	5	0	0	0	31	48	83	102	123	227	183	124
126	117	38	15	26	108	21	14	9	38	15	26	18	7	21	45	100	61	0	54	99	20	14	8	21	14	9	15	7	9	40	59	56	0	52	38	15	26	8	0	0	8	4	7	0	0	18	7	21	45	100	61	0	54	90	18	14	8	20	14	8	15	7	8	40	55	56	0	52	21	14	9	5	0	0	8	3	7	0	0	15	7	9	40	59	56	0	52	38	15	26	7	0	14	0	2	0	0	0	8	0	0	8	4	7	0	0	18	7	21	45	100	61	0	54	81	15	7	8	18	14	8	14	7	8	40	50	56	0	52	20	14	8	4	0	0	8	3	7	0	0	15	7	8	40	55	56	0	52	21	14	9	2	0	9	0	1	0	0	0	5	0	0	8	3	7	0	0	15	7	9	40	59	56	0	52	38	15	26	9	0	5	0	7	7	26	0	7	0	14	0	2	0	0	0	8	0	0	8	4	7	0	0	18	7	21	45	100	61	0	54
108	100	34	18	7	92	19	12	0	34	18	7	15	6	7	0	80	47	7	35	84	19	12	0	19	12	0	15	6	0	0	52	36	0	34	34	18	7	6	0	0	0	3	0	0	0	15	6	7	0	80	47	7	35	76	18	12	0	19	12	0	15	6	0	0	52	36	0	34	19	12	0	4	0	0	0	3	0	0	0	15	6	0	0	52	36	0	34	34	18	7	4	0	0	0	1	0	0	0	6	0	0	0	3	0	0	0	15	6	7	0	80	47	7	35	68	16	11	0	18	12	0	14	6	0	0	49	36	0	34	19	12	0	4	0	0	0	3	0	0	0	15	6	0	0	52	36	0	34	19	12	0	2	0	0	0	1	0	0	0	4	0	0	0	3	0	0	0	15	6	0	0	52	36	0	34	34	18	7	12	5	0	0	8	0	0	0	4	0	0	0	1	0	0	0	6	0	0	0	3	0	0	0	15	6	7	0	80	47	7	35
111	102	36	27	0	93	17	20	0	36	27	0	13	15	0	0	74	69	0	0	84	17	20	0	17	20	0	13	15	0	0	47	55	0	0	36	27	0	6	0	0	0	3	0	0	0	13	15	0	0	74	69	0	0	75	16	20	0	17	20	0	13	15	0	0	47	55	0	0	17	20	0	4	0	0	0	3	0	0	0	13	15	0	0	47	55	0	0	36	27	0	4	0	0	0	1	0	0	0	6	0	0	0	3	0	0	0	13	15	0	0	74	69	0	0	66	14	19	0	16	20	0	12	15	0	0	44	55	0	0	17	20	0	4	0	0	0	3	0	0	0	13	15	0	0	47	55	0	0	17	20	0	2	0	0	0	1	0	0	0	4	0	0	0	3	0	0	0	13	15	0	0	47	55	0	0	36	27	0	12	4	0	0	8	0	0	0	4	0	0	0	1	0	0	0	6	0	0	0	3	0	0	0	13	15	0	0	74	69	0	0
152	141	36	18	55	130	19	0	54	36	18	55	14	0	79	11	34	0	110	0	119	19	0	38	19	0	54	14	0	79	0	29	0	108	0	36	18	55	1	0	0	48	0	0	0	89	14	0	79	11	34	0	110	0	108	19	0	24	19	0	38	14	0	75	0	29	0	76	0	19	0	54	1	0	0	23	0	0	0	75	14	0	79	0	29	0	108	0	36	18	55	3	0	0	37	0	0	0	67	1	0	0	48	0	0	0	89	14	0	79	11	34	0	110	0	97	16	0	24	19	0	24	14	0	67	0	29	0	48	0	19	0	38	1	0	0	23	0	0	0	73	14	0	75	0	29	0	76	0	19	0	54	0	0	0	37	0	0	0	40	1	0	0	23	0	0	0	75	14	0	79	0	29	0	108	0	36	18	55	24	0	0	0	15	18	0	0	3	0	0	37	0	0	0	67	1	0	0	48	0	0	0	89	14	0	79	11	34	0	110	0
289	266	83	153	125	243	45	103	101	83	153	125	51	140	134	92	103	311	375	97	220	33	102	79	45	103	101	29	136	132	61	75	272	303	52	81	153	125	7	17	147	122	7	0	0	89	51	140	134	92	103	311	375	97	197	31	99	74	33	102	79	24	136	129	56	57	272	237	48	43	103	101	6	17	128	107	6	0	0	75	29	136	132	61	75	272	303	52	81	153	125	8	42	20	52	10	0	0	0	7	17	147	122	7	0	0	89	51	140	134	92	103	311	375	97	174	25	73	73	31	99	74	22	124	127	55	51	257	222	47	31	102	79	4	17	119	104	2	0	0	73	24	136	129	56	57	272	237	48	43	103	101	6	0	10	50	8	0	0	0	6	17	128	107	6	0	0	75	29	136	132	61	75	272	303	52	81	153	125	21	168	25	13	44	42	125	0	8	42	20	52	10	0	0	0	7	17	147	122	7	0	0	89	51	140	134	92	103	311	375	97
184	170	46	44	49	156	34	24	18	46	44	49	29	0	0	39	75	36	98	104	142	33	24	0	34	24	18	29	0	0	0	73	36	36	52	46	44	49	5	0	8	0	2	0	0	124	29	0	0	39	75	36	98	104	128	32	24	0	33	24	0	28	0	0	0	70	36	0	48	34	24	18	5	0	0	0	2	0	0	109	29	0	0	0	73	36	36	52	46	44	49	5	0	8	0	1	0	0	0	5	0	8	0	2	0	0	124	29	0	0	39	75	36	98	104	114	24	20	0	32	24	0	26	0	0	0	67	36	0	47	33	24	0	3	0	0	0	1	0	0	107	28	0	0	0	70	36	0	48	34	24	18	2	0	0	0	1	0	0	0	5	0	0	0	2	0	0	109	29	0	0	0	73	36	36	52	46	44	49	20	40	34	0	12	20	0	0	5	0	8	0	1	0	0	0	5	0	8	0	2	0	0	124	29	0	0	39	75	36	98	104
122	112	33	33	9	102	21	21	0	33	33	9	16	14	0	0	41	21	18	61	92	21	21	0	21	21	0	16	14	0	0	39	21	0	34	33	33	9	1	0	0	0	0	0	0	0	16	14	0	0	41	21	18	61	82	21	21	0	21	21	0	16	14	0	0	39	21	0	31	21	21	0	1	0	0	0	0	0	0	0	16	14	0	0	39	21	0	34	33	33	9	3	0	0	0	0	0	0	0	1	0	0	0	0	0	0	0	16	14	0	0	41	21	18	61	72	17	17	0	21	21	0	16	14	0	0	39	21	0	30	21	21	0	1	0	0	0	0	0	0	0	16	14	0	0	39	21	0	31	21	21	0	0	0	0	0	0	0	0	0	1	0	0	0	0	0	0	0	16	14	0	0	39	21	0	34	33	33	9	20	20	9	0	9	10	0	0	3	0	0	0	0	0	0	0	1	0	0	0	0	0	0	0	16	14	0	0	41	21	18	61
100	92	29	20	0	84	17	12	0	29	20	0	14	0	0	0	28	18	0	0	76	17	12	0	17	12	0	14	0	0	0	26	18	0	0	29	20	0	1	0	0	0	0	0	0	0	14	0	0	0	28	18	0	0	68	17	12	0	17	12	0	14	0	0	0	26	18	0	0	17	12	0	1	0	0	0	0	0	0	0	14	0	0	0	26	18	0	0	29	20	0	3	0	0	0	0	0	0	0	1	0	0	0	0	0	0	0	14	0	0	0	28	18	0	0	60	14	8	0	17	12	0	14	0	0	0	26	18	0	0	17	12	0	1	0	0	0	0	0	0	0	14	0	0	0	26	18	0	0	17	12	0	0	0	0	0	0	0	0	0	1	0	0	0	0	0	0	0	14	0	0	0	26	18	0	0	29	20	0	20	16	0	0	9	8	0	0	3	0	0	0	0	0	0	0	1	0	0	0	0	0	0	0	14	0	0	0	28	18	0	0
162	148	36	40	53	134	29	40	50	36	40	53	22	0	32	29	37	10	0	0	120	29	40	50	29	40	50	22	0	29	29	28	10	0	0	29	40	53	1	0	0	0	2	0	0	0	22	0	32	29	35	10	0	0	106	29	40	50	29	40	50	22	0	29	29	28	10	0	0	22	40	50	1	0	0	0	0	0	0	0	22	0	29	29	26	10	0	0	24	40	53	2	0	0	0	6	0	0	0	1	0	0	0	2	0	0	0	12	0	32	29	26	10	0	0	92	26	40	50	29	40	50	22	0	29	29	28	10	0	0	22	40	50	1	0	0	0	0	0	0	0	22	0	29	29	26	10	0	0	17	40	50	0	0	0	0	0	0	0	0	1	0	0	0	0	0	0	0	12	0	29	29	17	10	0	0	24	40	53	13	0	0	0	16	0	0	0	2	0	0	0	6	0	0	0	1	0	0	0	2	0	0	0	12	0	32	29	26	10	0	0
169	154	50	59	56	139	39	50	52	50	59	56	31	0	80	44	56	30	56	0	124	39	50	52	39	50	52	31	0	74	44	40	30	52	0	38	59	56	3	0	0	0	3	0	0	0	31	0	80	44	50	30	56	0	109	38	50	52	39	50	52	31	0	74	44	40	30	52	0	27	50	52	3	0	0	0	0	0	0	0	31	0	74	44	34	30	52	0	33	59	56	2	0	0	0	7	9	0	0	3	0	0	0	3	0	0	0	21	0	80	44	41	30	56	0	94	32	45	52	38	50	52	28	0	74	44	36	30	52	0	27	50	52	3	0	0	0	0	0	0	0	31	0	74	44	34	30	52	0	22	50	52	0	0	0	0	0	0	0	0	3	0	0	0	0	0	0	0	21	0	74	44	25	30	52	0	33	59	56	8	45	0	0	19	27	0	0	2	0	0	0	7	9	0	0	3	0	0	0	3	0	0	0	21	0	80	44	41	30	56	0
147	135	30	21	64	123	27	20	20	30	21	64	13	10	0	20	31	20	0	238	111	27	20	20	27	20	20	13	10	0	20	31	20	0	173	29	21	64	1	0	0	0	0	0	0	0	13	10	0	20	31	20	0	238	99	26	20	19	27	20	20	13	10	0	19	31	20	0	117	26	20	20	1	0	0	0	0	0	0	0	13	10	0	20	31	20	0	173	29	21	64	0	0	14	10	1	0	0	0	1	0	0	0	0	0	0	0	13	10	0	20	31	20	0	238	87	15	10	16	26	20	19	9	10	0	16	26	20	0	98	26	20	20	1	0	0	0	0	0	0	0	13	10	0	19	31	20	0	117	26	20	20	0	0	0	7	0	0	0	0	1	0	0	0	0	0	0	0	13	10	0	20	31	20	0	173	29	21	64	5	0	94	21	3	0	64	0	0	0	14	10	1	0	0	0	1	0	0	0	0	0	0	0	13	10	0	20	31	20	0	238
215	197	46	59	100	179	38	56	52	46	59	100	29	42	32	64	56	28	0	238	161	38	56	52	38	56	52	29	42	29	64	50	28	0	173	43	59	100	2	0	0	0	2	0	0	0	29	42	32	64	56	28	0	238	143	37	56	49	38	56	52	29	42	29	59	50	28	0	117	35	56	52	2	0	0	0	0	0	0	0	29	42	29	64	50	28	0	173	38	59	100	2	0	14	30	6	0	0	0	2	0	0	0	2	0	0	0	19	42	32	64	47	28	0	238	125	25	42	44	37	56	49	25	42	29	52	45	28	0	98	35	56	52	2	0	0	0	0	0	0	0	29	42	29	59	50	28	0	117	30	56	52	0	0	0	23	0	0	0	0	2	0	0	0	0	0	0	0	19	42	29	64	41	28	0	173	38	59	100	13	0	94	37	16	0	100	0	2	0	14	30	6	0	0	0	2	0	0	0	2	0	0	0	19	42	32	64	47	28	0	238
189	172	79	93	75	155	55	67	56	78	93	75	50	92	132	56	97	155	150	125	138	53	66	54	54	67	56	43	88	122	54	70	113	112	101	63	93	75	12	11	13	20	6	9	0	0	46	92	132	56	87	155	150	125	121	50	64	53	52	66	54	42	88	114	53	65	110	108	79	39	67	56	9	11	12	18	2	0	0	0	39	88	122	54	60	113	112	101	58	93	75	13	18	14	9	9	18	0	0	12	11	13	20	6	9	0	0	36	92	132	56	78	155	150	125	104	39	47	53	49	64	53	33	80	110	53	52	102	106	74	37	66	54	6	11	10	18	0	0	0	0	38	88	114	53	55	110	108	79	34	67	56	3	0	0	9	1	0	0	0	9	11	12	18	2	0	0	0	29	88	122	54	51	113	112	101	58	93	75	26	72	69	0	33	45	75	0	13	18	14	9	9	18	0	0	12	11	13	20	6	9	0	0	36	92	132	56	78	155	150	125
203	184	67	89	124	165	50	80	95	64	89	124	42	123	14	133	79	145	0	131	146	49	78	91	47	80	95	39	117	13	122	57	133	0	108	46	89	124	10	26	0	47	4	0	0	0	32	123	14	133	65	145	0	131	127	46	65	89	46	78	91	38	117	12	120	55	130	0	106	29	80	95	6	26	0	45	1	0	0	0	29	117	13	122	43	133	0	108	41	89	124	10	0	23	20	1	0	124	0	10	26	0	47	4	0	0	0	22	123	14	133	56	145	0	131	108	34	26	88	43	65	89	32	78	10	119	43	78	0	105	28	78	91	4	26	0	44	0	0	0	0	28	117	12	120	41	130	0	106	24	80	95	3	0	13	18	1	0	95	0	6	26	0	45	1	0	0	0	19	117	13	122	34	133	0	108	41	89	124	25	0	81	9	11	0	372	0	10	0	23	20	1	0	124	0	10	26	0	47	4	0	0	0	22	123	14	133	56	145	0	131
197	178	86	128	65	159	60	89	49	81	128	65	62	149	24	85	124	220	195	75	140	56	72	44	55	89	49	55	111	23	78	79	147	147	56	62	128	65	9	90	20	52	8	21	65	0	48	149	24	85	106	220	195	75	121	50	54	34	51	72	44	50	90	20	76	68	111	132	54	36	89	49	4	54	20	34	2	9	49	0	41	111	23	78	61	147	147	56	62	128	65	14	90	43	20	2	12	65	36	9	90	20	52	8	21	65	0	48	149	24	85	106	220	195	75	102	36	27	33	45	54	34	43	54	10	75	48	63	102	53	32	72	44	3	27	16	33	2	0	44	0	36	90	20	76	50	111	132	54	36	89	49	0	27	33	18	0	9	49	18	4	54	20	34	2	9	49	0	41	111	23	78	61	147	147	56	62	128	65	28	81	36	9	15	54	130	0	14	90	43	20	2	12	65	36	9	90	20	52	8	21	65	0	48	149	24	85	106	220	195	75
165	150	49	49	89	135	34	36	86	46	49	89	33	24	14	45	62	74	89	0	120	33	36	84	31	36	86	30	24	13	42	38	60	86	0	34	49	89	11	0	0	27	5	0	0	0	23	24	14	45	50	74	89	0	105	30	35	82	30	36	84	29	24	12	40	36	60	84	0	19	36	86	7	0	0	25	1	0	0	0	20	24	13	42	26	60	86	0	34	49	89	9	11	14	20	1	0	0	0	11	0	0	27	5	0	0	0	23	24	14	45	50	74	89	0	90	25	22	81	27	35	82	24	22	10	39	24	58	82	0	18	36	84	5	0	0	24	0	0	0	0	19	24	12	40	24	60	84	0	19	36	86	3	0	13	18	1	0	0	0	7	0	0	25	1	0	0	0	20	24	13	42	26	60	86	0	34	49	89	29	22	0	9	17	0	89	0	9	11	14	20	1	0	0	0	11	0	0	27	5	0	0	0	23	24	14	45	50	74	89	0
125	114	39	26	59	103	27	10	58	37	26	59	34	0	14	13	67	32	118	0	92	25	10	56	25	10	58	28	0	13	12	42	0	116	0	34	26	59	12	0	0	29	5	8	0	0	28	0	14	13	63	32	118	0	81	22	10	51	23	10	56	27	0	12	10	36	0	112	0	22	10	58	8	0	0	24	1	0	0	0	22	0	13	12	38	0	116	0	34	26	59	13	0	14	62	2	0	0	0	12	0	0	29	5	8	0	0	28	0	14	13	63	32	118	0	70	15	8	45	20	10	51	22	0	10	9	24	0	102	0	20	10	56	5	0	0	18	0	0	0	0	21	0	12	10	32	0	112	0	22	10	58	3	0	13	45	1	0	0	0	8	0	0	24	1	0	0	0	22	0	13	12	38	0	116	0	34	26	59	17	16	0	54	13	8	0	0	13	0	14	62	2	0	0	0	12	0	0	29	5	8	0	0	28	0	14	13	63	32	118	0
89	80	42	29	0	71	30	18	0	38	29	0	42	12	0	0	65	18	0	0	62	28	18	0	26	18	0	36	12	0	0	42	0	0	0	33	29	0	9	0	0	0	7	3	0	0	32	12	0	0	57	18	0	0	53	27	18	0	24	18	0	35	12	0	0	36	0	0	0	21	18	0	6	0	0	0	3	0	0	0	26	12	0	0	34	0	0	0	33	29	0	23	0	0	0	3	0	0	0	9	0	0	0	7	3	0	0	32	12	0	0	57	18	0	0	44	18	12	0	23	18	0	33	12	0	0	32	0	0	0	19	18	0	3	0	0	0	2	0	0	0	25	12	0	0	28	0	0	0	21	18	0	3	0	0	0	1	0	0	0	6	0	0	0	3	0	0	0	26	12	0	0	34	0	0	0	33	29	0	19	18	0	0	10	18	0	0	23	0	0	0	3	0	0	0	9	0	0	0	7	3	0	0	32	12	0	0	57	18	0	0
167	151	72	62	63	135	41	26	38	71	62	63	47	33	38	66	116	189	189	124	119	36	14	37	40	26	38	40	0	27	62	52	89	114	107	64	62	63	7	14	49	13	9	11	63	0	43	33	38	66	112	189	189	124	103	33	11	34	35	14	37	37	0	27	56	38	42	111	100	33	26	38	3	11	34	12	3	0	38	0	36	0	27	62	48	89	114	107	64	62	63	26	33	18	28	5	11	0	0	7	14	49	13	9	11	63	0	43	33	38	66	112	189	189	124	87	19	0	15	32	11	34	31	0	23	40	32	33	102	85	28	14	37	0	0	33	10	3	0	37	0	33	0	27	56	34	42	111	100	33	26	38	0	0	0	10	1	0	0	0	3	11	34	12	3	0	38	0	36	0	27	62	48	89	114	107	64	62	63	57	0	41	30	16	0	63	62	26	33	18	28	5	11	0	0	7	14	49	13	9	11	63	0	43	33	38	66	112	189	189	124
76	69	30	6	31	62	23	0	0	30	6	31	31	0	9	0	49	6	31	213	55	21	0	0	23	0	0	27	0	0	0	32	0	0	193	30	6	31	6	0	9	0	5	0	0	0	31	0	9	0	49	6	31	213	48	18	0	0	21	0	0	25	0	0	0	24	0	0	184	23	0	0	4	0	0	0	2	0	0	0	27	0	0	0	32	0	0	193	30	6	31	16	0	29	0	3	0	0	0	6	0	9	0	5	0	0	0	31	0	9	0	49	6	31	213	41	4	0	0	18	0	0	17	0	0	0	19	0	0	167	21	0	0	0	0	0	0	2	0	0	0	25	0	0	0	24	0	0	184	23	0	0	0	0	0	0	0	0	0	0	4	0	0	0	2	0	0	0	27	0	0	0	32	0	0	193	30	6	31	6	0	63	0	3	0	0	0	16	0	29	0	3	0	0	0	6	0	9	0	5	0	0	0	31	0	9	0	49	6	31	213
139	123	77	91	12	107	50	64	0	69	91	12	50	120	9	0	105	103	24	65	91	45	64	0	42	64	0	38	120	0	0	56	80	0	49	52	91	12	8	0	9	0	7	22	0	0	33	120	9	0	87	103	24	65	75	42	54	0	37	64	0	35	120	0	0	45	80	0	44	25	64	0	4	0	0	0	1	16	0	0	21	120	0	0	38	80	0	49	52	91	12	24	60	18	0	15	6	0	0	8	0	9	0	7	22	0	0	33	120	9	0	87	103	24	65	59	30	18	0	34	54	0	29	90	0	0	39	62	0	34	20	64	0	0	0	0	0	1	16	0	0	18	120	0	0	27	80	0	44	25	64	0	2	0	0	0	7	0	0	0	4	0	0	0	1	16	0	0	21	120	0	0	38	80	0	49	52	91	12	60	36	33	0	26	39	60	0	24	60	18	0	15	6	0	0	8	0	9	0	7	22	0	0	33	120	9	0	87	103	24	65
107	94	60	65	0	81	33	47	0	58	65	0	39	42	0	0	89	89	0	0	69	29	47	0	31	47	0	25	42	0	0	37	63	0	0	46	53	0	3	0	0	0	6	13	0	0	34	42	0	0	81	89	0	0	57	28	39	0	27	47	0	24	42	0	0	30	63	0	0	19	35	0	1	0	0	0	2	7	0	0	20	42	0	0	29	63	0	0	46	53	0	22	24	0	0	11	3	0	0	3	0	0	0	6	13	0	0	34	42	0	0	81	89	0	0	45	18	18	0	26	39	0	24	18	0	0	27	31	0	0	15	35	0	0	0	0	0	2	7	0	0	19	42	0	0	22	63	0	0	19	35	0	1	0	0	0	4	0	0	0	1	0	0	0	2	7	0	0	20	42	0	0	29	63	0	0	46	53	0	48	63	0	0	24	27	0	0	22	24	0	0	11	3	0	0	3	0	0	0	6	13	0	0	34	42	0	0	81	89	0	0
116	102	63	72	0	88	35	53	0	62	72	0	39	32	0	0	105	90	0	0	75	32	53	0	34	53	0	30	32	0	0	44	48	0	0	47	59	0	5	0	0	0	10	6	0	0	35	32	0	0	95	90	0	0	62	30	48	0	31	53	0	29	32	0	0	38	48	0	0	19	40	0	1	0	0	0	3	0	0	0	26	32	0	0	34	48	0	0	46	59	0	32	15	0	0	12	12	0	0	5	0	0	0	10	6	0	0	31	32	0	0	92	90	0	0	49	15	21	0	29	48	0	25	12	0	0	32	33	0	0	16	40	0	0	0	0	0	3	0	0	0	25	32	0	0	28	48	0	0	18	40	0	0	0	0	0	0	8	0	0	1	0	0	0	3	0	0	0	22	32	0	0	31	48	0	0	46	59	0	33	96	0	0	14	63	0	0	32	15	0	0	12	12	0	0	5	0	0	0	10	6	0	0	31	32	0	0	92	90	0	0
165	148	51	60	74	131	16	0	58	51	60	74	15	0	172	18	74	144	370	63	114	13	0	57	16	0	58	5	0	159	17	14	0	290	38	45	60	74	3	0	17	10	0	0	0	0	15	0	172	18	74	144	370	63	97	10	0	54	13	0	57	4	0	157	17	12	0	285	37	10	0	58	0	0	17	10	0	0	0	0	5	0	159	17	14	0	290	38	45	60	74	0	0	14	42	1	0	0	0	3	0	17	10	0	0	0	0	15	0	172	18	74	144	370	63	80	6	0	33	10	0	54	0	0	145	15	3	0	270	34	7	0	57	0	0	17	8	0	0	0	0	4	0	157	17	12	0	285	37	10	0	58	0	0	0	0	1	0	0	0	0	0	17	10	0	0	0	0	5	0	159	17	14	0	290	38	45	60	74	4	0	12	52	7	0	0	125	0	0	14	42	1	0	0	0	3	0	17	10	0	0	0	0	15	0	172	18	74	144	370	63
109	98	46	10	41	87	27	0	11	46	10	41	32	0	35	11	74	40	41	106	76	25	0	10	27	0	11	26	0	22	10	33	0	11	38	41	10	41	3	0	0	10	3	0	0	0	32	0	35	11	74	40	41	106	65	15	0	10	25	0	10	25	0	20	10	31	0	10	37	22	0	11	0	0	0	10	3	0	0	0	26	0	22	10	33	0	11	38	41	10	41	0	0	50	0	1	0	0	0	3	0	0	10	3	0	0	0	32	0	35	11	74	40	41	106	54	5	0	8	15	0	10	0	0	20	8	5	0	10	34	20	0	10	0	0	0	8	3	0	0	0	25	0	20	10	31	0	10	37	22	0	11	0	0	0	0	1	0	0	0	0	0	0	10	3	0	0	0	26	0	22	10	33	0	11	38	41	10	41	7	0	39	16	13	0	0	0	0	0	50	0	1	0	0	0	3	0	0	10	3	0	0	0	32	0	35	11	74	40	41	106
125	111	65	54	35	97	40	33	9	64	54	35	41	29	23	27	82	119	70	75	84	37	22	0	39	33	9	35	9	9	0	41	42	18	38	50	41	35	4	18	24	0	3	0	35	65	37	29	23	27	76	119	70	75	71	25	13	0	36	22	0	29	0	0	0	37	27	0	37	25	20	9	0	0	18	0	3	0	9	49	31	9	9	0	35	42	18	38	50	41	35	0	0	86	0	1	0	35	0	4	18	24	0	3	0	35	65	37	29	23	27	76	119	70	75	58	15	13	0	24	13	0	4	0	0	0	11	0	0	34	22	9	0	0	0	0	0	3	0	0	44	25	0	0	0	31	27	0	37	25	20	9	0	0	27	0	1	0	9	0	0	0	18	0	3	0	9	49	31	9	9	0	35	42	18	38	50	41	35	19	0	39	0	16	0	0	0	0	0	86	0	1	0	35	0	4	18	24	0	3	0	35	65	37	29	23	27	76	119	70	75
71	63	30	13	6	55	17	7	0	30	13	6	17	0	0	0	54	6	6	0	48	15	7	0	17	7	0	11	0	0	0	20	0	0	0	26	6	6	2	0	0	0	1	0	0	0	17	0	0	0	54	6	6	0	41	11	7	0	15	7	0	10	0	0	0	18	0	0	0	13	0	0	0	0	0	0	1	0	0	0	11	0	0	0	20	0	0	0	26	6	6	0	0	9	0	1	0	0	0	2	0	0	0	1	0	0	0	17	0	0	0	54	6	6	0	34	4	7	0	11	7	0	0	0	0	0	4	0	0	0	11	0	0	0	0	0	0	1	0	0	0	10	0	0	0	18	0	0	0	13	0	0	0	0	0	0	1	0	0	0	0	0	0	0	1	0	0	0	11	0	0	0	20	0	0	0	26	6	6	7	0	21	0	10	0	0	0	0	0	9	0	1	0	0	0	2	0	0	0	1	0	0	0	17	0	0	0	54	6	6	0
106	94	42	45	6	82	22	17	0	42	45	6	13	24	0	0	51	70	24	0	71	21	11	0	22	17	0	11	0	0	0	21	6	0	0	32	34	6	2	0	0	0	1	0	6	0	13	24	0	0	49	70	24	0	60	17	11	0	21	11	0	10	0	0	0	20	0	0	0	12	6	0	0	0	0	0	1	0	0	0	11	0	0	0	19	6	0	0	32	34	6	0	0	9	0	1	0	0	0	2	0	0	0	1	0	6	0	13	24	0	0	49	70	24	0	49	10	11	0	17	11	0	0	0	0	0	6	0	0	0	11	0	0	0	0	0	0	1	0	0	0	10	0	0	0	18	0	0	0	12	6	0	0	0	0	0	1	0	0	0	0	0	0	0	1	0	0	0	11	0	0	0	19	6	0	0	32	34	6	7	0	21	0	10	0	0	0	0	0	9	0	1	0	0	0	2	0	0	0	1	0	6	0	13	24	0	0	49	70	24	0
185	164	45	68	158	143	24	0	112	45	68	158	27	0	142	103	41	17	632	156	122	16	0	96	24	0	112	10	0	124	65	26	0	448	78	34	68	158	0	0	99	56	0	0	0	63	27	0	142	103	39	17	632	156	101	16	0	67	16	0	96	10	0	118	54	11	0	384	67	13	0	112	0	0	84	24	0	0	0	38	10	0	124	65	24	0	448	78	29	68	158	0	0	0	84	0	0	0	189	0	0	99	56	0	0	0	63	17	0	142	103	30	17	632	156	80	16	0	54	16	0	67	10	0	53	51	11	0	268	64	5	0	96	0	0	64	23	0	0	0	37	10	0	118	54	9	0	384	67	8	0	112	0	0	0	62	0	0	0	144	0	0	84	24	0	0	0	38	0	0	124	65	15	0	448	78	29	68	158	0	0	0	55	0	0	0	75	0	0	0	84	0	0	0	189	0	0	99	56	0	0	0	63	17	0	142	103	30	17	632	156
134	119	17	14	101	104	3	0	77	17	14	101	0	0	31	64	3	0	101	80	89	3	0	76	3	0	77	0	0	24	62	0	0	77	58	14	14	101	0	0	0	11	0	0	0	0	0	0	31	64	3	0	101	80	74	3	0	75	3	0	76	0	0	24	60	0	0	76	57	0	0	77	0	0	0	10	0	0	0	0	0	0	24	62	0	0	77	58	14	14	101	0	0	0	10	0	0	0	0	0	0	0	11	0	0	0	0	0	0	31	64	3	0	101	80	59	3	0	66	3	0	75	0	0	24	57	0	0	75	54	0	0	76	0	0	0	10	0	0	0	0	0	0	24	60	0	0	76	57	0	0	77	0	0	0	10	0	0	0	0	0	0	0	10	0	0	0	0	0	0	24	62	0	0	77	58	14	14	101	0	0	0	80	0	0	0	0	0	0	0	10	0	0	0	0	0	0	0	11	0	0	0	0	0	0	31	64	3	0	101	80
89	79	16	9	43	69	4	0	17	16	9	43	0	0	6	17	3	0	43	86	59	4	0	17	4	0	17	0	0	0	17	0	0	17	58	12	9	43	0	0	0	0	0	0	0	0	0	0	6	17	3	0	43	86	49	4	0	17	4	0	17	0	0	0	17	0	0	17	57	0	0	17	0	0	0	0	0	0	0	0	0	0	0	17	0	0	17	58	12	9	43	0	0	0	0	0	0	0	0	0	0	0	0	0	0	0	0	0	0	6	17	3	0	43	86	39	4	0	17	4	0	17	0	0	0	17	0	0	17	54	0	0	17	0	0	0	0	0	0	0	0	0	0	0	17	0	0	17	57	0	0	17	0	0	0	0	0	0	0	0	0	0	0	0	0	0	0	0	0	0	0	17	0	0	17	58	12	9	43	0	0	0	0	0	0	0	0	0	0	0	0	0	0	0	0	0	0	0	0	0	0	0	0	0	0	6	17	3	0	43	86
124	110	19	24	92	96	3	0	78	19	24	92	0	0	77	29	2	0	184	74	82	3	0	78	3	0	78	0	0	76	29	0	0	156	58	16	24	92	0	0	0	0	0	0	0	0	0	0	77	29	2	0	184	74	68	3	0	78	3	0	78	0	0	76	29	0	0	156	57	0	0	78	0	0	0	0	0	0	0	0	0	0	76	29	0	0	156	58	16	24	92	0	0	0	0	0	0	0	0	0	0	0	0	0	0	0	0	0	0	77	29	2	0	184	74	54	3	0	45	3	0	78	0	0	76	26	0	0	156	54	0	0	78	0	0	0	0	0	0	0	0	0	0	76	29	0	0	156	57	0	0	78	0	0	0	0	0	0	0	0	0	0	0	0	0	0	0	0	0	0	76	29	0	0	156	58	16	24	92	0	0	0	80	0	0	0	164	0	0	0	0	0	0	0	0	0	0	0	0	0	0	0	0	0	0	77	29	2	0	184	74
108	94	27	56	45	80	15	24	17	27	56	45	11	0	33	17	20	8	180	115	68	14	24	17	15	24	17	10	0	17	17	14	0	68	67	18	32	45	0	0	9	0	0	0	0	0	11	0	33	17	18	8	180	115	56	14	24	17	14	24	17	10	0	17	17	11	0	68	57	6	0	17	0	0	0	0	0	0	0	0	10	0	17	17	12	0	68	67	13	32	45	0	0	0	0	0	0	0	0	0	0	9	0	0	0	0	0	1	0	33	17	9	8	180	115	44	14	24	14	14	24	17	10	0	17	14	11	0	68	54	5	0	17	0	0	0	0	0	0	0	0	10	0	17	17	9	0	68	57	1	0	17	0	0	0	0	0	0	0	0	0	0	0	0	0	0	0	0	0	0	17	17	3	0	68	67	13	32	45	0	0	0	42	0	0	0	0	0	0	0	0	0	0	0	0	0	0	9	0	0	0	0	0	1	0	33	17	9	8	180	115
112	98	16	0	138	84	14	0	70	16	0	138	10	0	12	111	17	0	0	439	70	14	0	69	14	0	70	10	0	11	107	11	0	0	301	7	0	138	0	0	0	17	0	0	0	0	10	0	12	111	15	0	0	439	56	14	0	69	14	0	69	10	0	11	107	11	0	0	284	5	0	70	0	0	0	17	0	0	0	0	10	0	11	107	9	0	0	301	2	0	138	0	0	0	0	0	0	0	0	0	0	0	17	0	0	0	0	0	0	12	111	6	0	0	439	42	14	0	66	14	0	69	10	0	11	105	11	0	0	254	5	0	69	0	0	0	17	0	0	0	0	10	0	11	107	9	0	0	284	0	0	70	0	0	0	0	0	0	0	0	0	0	0	17	0	0	0	0	0	0	11	107	0	0	0	301	2	0	138	0	0	0	27	0	0	0	0	0	0	0	0	0	0	0	0	0	0	0	17	0	0	0	0	0	0	12	111	6	0	0	439
82	71	14	10	83	60	13	10	44	14	10	83	10	0	0	24	14	0	0	295	50	13	10	44	13	10	44	10	0	0	24	11	0	0	207	6	0	83	0	0	0	0	0	0	0	0	10	0	0	24	12	0	0	295	40	13	10	44	13	10	44	10	0	0	24	11	0	0	191	5	0	44	0	0	0	0	0	0	0	0	10	0	0	24	9	0	0	207	1	0	83	0	0	0	0	0	0	0	0	0	0	0	0	0	0	0	0	0	0	0	24	3	0	0	295	30	13	10	43	13	10	44	10	0	0	24	11	0	0	162	5	0	44	0	0	0	0	0	0	0	0	10	0	0	24	9	0	0	191	0	0	44	0	0	0	0	0	0	0	0	0	0	0	0	0	0	0	0	0	0	0	24	0	0	0	207	1	0	83	0	0	0	9	0	0	0	0	0	0	0	0	0	0	0	0	0	0	0	0	0	0	0	0	0	0	0	24	3	0	0	295
107	89	27	87	86	71	12	77	58	27	87	86	0	110	40	38	18	99	0	203	55	12	77	58	12	77	58	0	110	37	38	6	99	0	129	6	55	86	0	0	0	0	0	0	0	0	0	110	40	38	12	99	0	203	44	12	77	58	12	77	58	0	110	37	38	6	99	0	113	0	55	58	0	0	0	0	0	0	0	0	0	110	37	38	0	99	0	129	6	0	86	0	0	0	0	0	0	0	0	0	0	0	0	0	0	0	0	0	0	40	38	12	0	0	203	33	12	77	42	12	77	58	0	110	37	23	6	99	0	84	0	55	58	0	0	0	0	0	0	0	0	0	110	37	38	0	99	0	113	0	0	58	0	0	0	0	0	0	0	0	0	0	0	0	0	0	0	0	0	0	37	38	0	0	0	129	6	0	86	0	0	0	27	0	0	0	124	0	0	0	0	0	0	0	0	0	0	0	0	0	0	0	0	0	0	40	38	12	0	0	203
119	101	36	69	106	83	22	56	72	33	69	106	14	0	93	79	33	67	106	203	69	22	56	56	21	56	72	14	0	85	36	17	28	72	129	17	13	106	0	0	0	12	0	0	0	41	10	0	93	79	25	39	106	203	55	22	56	53	21	56	56	14	0	73	33	17	28	56	113	5	0	72	0	0	0	9	0	0	0	9	10	0	85	36	9	0	72	129	12	13	106	0	0	0	27	0	0	0	0	0	0	0	12	0	0	0	41	0	0	93	79	16	39	106	203	41	22	56	28	21	56	53	14	0	64	9	17	28	53	84	5	0	56	0	0	0	0	0	0	0	0	10	0	73	33	9	0	56	113	0	0	72	0	0	0	0	0	0	0	0	0	0	0	9	0	0	0	9	0	0	85	36	0	0	72	129	12	13	106	12	0	0	27	3	0	0	189	0	0	0	27	0	0	0	0	0	0	0	12	0	0	0	41	0	0	93	79	16	39	106	203
80	66	37	59	62	52	21	45	59	30	59	62	20	0	106	37	35	57	124	0	43	21	45	58	18	45	59	20	0	100	36	19	36	118	0	17	14	62	0	0	0	12	0	0	0	0	10	0	106	37	25	21	124	0	34	21	45	54	18	45	58	20	0	97	33	19	36	116	0	5	0	59	0	0	0	9	0	0	0	0	10	0	100	36	9	0	118	0	12	14	62	0	0	0	38	0	0	0	0	0	0	0	12	0	0	0	0	0	0	106	37	16	21	124	0	25	21	45	18	18	45	54	20	0	86	9	19	36	108	0	5	0	58	0	0	0	0	0	0	0	0	10	0	97	33	9	0	116	0	0	0	59	0	0	0	0	0	0	0	0	0	0	0	9	0	0	0	0	0	0	100	36	0	0	118	0	12	14	62	12	0	0	27	3	0	0	278	0	0	0	38	0	0	0	0	0	0	0	12	0	0	0	0	0	0	106	37	16	21	124	0
85	69	30	61	89	55	18	55	76	21	33	89	11	66	30	82	17	44	0	62	44	17	55	74	13	33	76	10	66	30	77	15	44	0	59	9	0	89	0	0	0	26	0	0	0	0	1	0	30	82	3	0	0	62	33	17	55	71	12	33	74	10	66	30	75	14	44	0	58	1	0	76	0	0	0	25	0	0	0	0	0	0	30	77	1	0	0	59	9	0	89	1	0	0	24	3	0	0	0	0	0	0	26	0	0	0	0	1	0	30	82	3	0	0	62	22	17	55	56	12	33	71	10	66	24	68	14	44	0	54	0	0	74	0	0	0	22	0	0	0	0	0	0	30	75	0	0	0	58	1	0	76	1	0	0	9	3	0	0	0	0	0	0	25	0	0	0	0	0	0	30	77	1	0	0	59	9	0	89	15	0	0	63	8	0	0	12	1	0	0	24	3	0	0	0	0	0	0	26	0	0	0	0	1	0	30	82	3	0	0	62
132	109	52	139	132	87	31	90	101	41	117	132	19	72	77	141	31	87	396	168	69	29	90	95	24	72	101	13	72	77	130	22	72	303	131	19	45	132	0	0	0	69	0	0	0	0	6	0	77	141	11	15	396	168	51	29	90	71	22	72	95	13	72	77	119	20	72	285	114	2	0	101	0	0	0	47	0	0	0	0	0	0	77	130	2	0	303	131	19	45	132	5	0	0	84	11	0	0	35	0	0	0	69	0	0	0	0	6	0	77	141	11	15	396	168	33	26	78	44	22	72	71	13	72	39	112	20	72	213	107	0	0	95	0	0	0	33	0	0	0	0	0	0	77	119	0	0	285	114	2	0	101	2	0	0	9	6	0	0	9	0	0	0	47	0	0	0	0	0	0	77	130	2	0	303	131	19	45	132	16	180	0	38	26	45	0	75	5	0	0	84	11	0	0	35	0	0	0	69	0	0	0	0	6	0	77	141	11	15	396	168
55	44	34	32	30	35	17	28	28	24	14	30	19	28	30	28	19	28	0	0	28	15	28	27	11	14	28	13	28	30	26	14	28	0	0	15	0	30	0	0	0	13	0	0	0	0	6	0	30	28	7	0	0	0	21	15	28	24	9	14	27	13	28	30	24	12	28	0	0	2	0	28	0	0	0	12	0	0	0	0	0	0	30	26	2	0	0	0	15	0	30	2	0	0	24	7	0	0	0	0	0	0	13	0	0	0	0	6	0	30	28	7	0	0	0	14	15	28	12	9	14	24	13	28	24	18	12	28	0	0	0	0	27	0	0	0	9	0	0	0	0	0	0	30	24	0	0	0	0	2	0	28	2	0	0	9	6	0	0	0	0	0	0	12	0	0	0	0	0	0	30	26	2	0	0	0	15	0	30	21	0	0	36	17	0	0	12	2	0	0	24	7	0	0	0	0	0	0	13	0	0	0	0	6	0	30	28	7	0	0	0
50	40	36	34	8	32	22	26	8	26	18	8	26	19	24	0	25	20	8	0	25	21	21	8	14	12	8	21	14	24	0	19	19	8	0	13	11	8	3	0	0	0	0	0	8	0	5	5	24	0	7	6	8	0	18	18	20	6	13	7	8	21	14	24	0	18	14	8	0	1	5	8	0	0	0	0	0	0	8	0	0	0	24	0	1	5	8	0	13	11	8	3	6	0	12	4	18	0	0	3	0	0	0	0	0	8	0	5	5	24	0	7	6	8	0	11	16	17	0	10	6	6	15	12	18	0	14	12	6	0	0	0	8	0	0	0	0	0	0	8	0	0	0	24	0	0	0	8	0	1	5	8	1	5	0	0	3	15	0	0	0	0	0	0	0	0	8	0	0	0	24	0	1	5	8	0	12	11	8	18	17	0	0	15	12	0	12	1	6	0	12	4	18	0	0	0	0	0	0	0	0	8	0	5	5	24	0	6	6	8	0
73	60	43	58	15	48	27	27	15	34	46	15	21	36	45	0	34	47	75	0	37	26	22	15	20	16	15	20	11	45	0	24	27	75	0	16	35	15	5	0	0	0	3	0	15	0	5	25	45	0	14	25	75	0	26	22	21	9	19	11	15	20	11	45	0	23	22	75	0	2	5	15	0	0	0	0	0	0	15	0	4	0	45	0	4	5	75	0	15	35	15	14	10	0	24	12	35	0	0	5	0	0	0	3	0	15	0	1	25	45	0	11	25	75	0	15	13	15	0	15	10	9	10	10	27	0	16	20	45	0	1	0	15	0	0	0	0	0	0	15	0	4	0	45	0	3	0	75	0	1	5	15	1	5	0	0	3	15	0	0	0	0	0	0	0	0	15	0	0	0	45	0	1	5	75	0	14	35	15	18	35	0	0	16	55	0	12	12	10	0	24	12	35	0	0	2	0	0	0	3	0	15	0	1	25	45	0	10	25	75	0
54	45	17	0	55	36	14	0	21	13	0	55	7	0	10	66	13	0	0	155	27	14	0	21	10	0	21	7	0	0	66	10	0	0	124	3	0	55	0	0	0	0	0	0	0	0	0	0	10	66	3	0	0	155	18	14	0	21	10	0	21	7	0	0	66	10	0	0	118	0	0	21	0	0	0	0	0	0	0	0	0	0	0	66	0	0	0	124	3	0	55	5	0	0	0	9	0	0	0	0	0	0	0	0	0	0	0	0	0	10	66	3	0	0	155	9	4	0	15	10	0	21	7	0	0	48	10	0	0	86	0	0	21	0	0	0	0	0	0	0	0	0	0	0	66	0	0	0	118	0	0	21	0	0	0	0	0	0	0	0	0	0	0	0	0	0	0	0	0	0	0	66	0	0	0	124	3	0	55	3	0	79	24	6	0	0	0	5	0	0	0	9	0	0	0	0	0	0	0	0	0	0	0	0	0	10	66	3	0	0	155
48	40	14	0	51	32	12	0	23	12	0	51	5	0	5	62	10	0	0	147	24	12	0	23	10	0	23	5	0	0	62	8	0	0	116	2	0	51	0	0	0	0	0	0	0	0	0	0	5	62	2	0	0	147	16	12	0	23	10	0	23	5	0	0	62	8	0	0	110	0	0	23	0	0	0	0	0	0	0	0	0	0	0	62	0	0	0	116	2	0	51	4	0	0	0	6	0	0	0	0	0	0	0	0	0	0	0	0	0	5	62	2	0	0	147	8	2	0	12	10	0	23	5	0	0	39	8	0	0	80	0	0	23	0	0	0	0	0	0	0	0	0	0	0	62	0	0	0	110	0	0	23	0	0	0	0	0	0	0	0	0	0	0	0	0	0	0	0	0	0	0	62	0	0	0	116	2	0	51	1	0	83	39	4	0	0	0	4	0	0	0	6	0	0	0	0	0	0	0	0	0	0	0	0	0	5	62	2	0	0	147
65	52	25	39	51	39	19	30	23	19	39	51	15	0	5	62	24	29	51	147	29	19	30	23	15	30	23	15	0	0	62	17	20	23	116	5	9	51	5	0	0	0	3	0	0	0	4	0	5	62	10	9	51	147	19	15	27	23	15	30	23	15	0	0	62	17	20	23	110	1	0	23	0	0	0	0	0	0	0	0	4	0	0	62	3	0	23	116	4	9	51	11	27	0	0	9	27	0	0	5	0	0	0	3	0	0	0	0	0	5	62	7	9	51	147	9	2	0	12	11	27	23	5	0	0	39	10	18	23	80	1	0	23	0	0	0	0	0	0	0	0	4	0	0	62	3	0	23	110	0	0	23	0	0	0	0	0	0	0	0	0	0	0	0	0	0	0	0	0	0	0	62	0	0	23	116	3	9	51	1	0	83	39	5	18	153	0	9	27	0	0	9	27	0	0	2	0	0	0	3	0	0	0	0	0	5	62	6	9	51	147
36	30	15	0	14	24	11	0	8	14	0	14	5	0	5	8	18	0	0	15	18	11	0	8	10	0	8	5	0	0	8	11	0	0	15	5	0	14	2	0	0	0	3	0	0	0	4	0	5	8	10	0	0	15	12	10	0	8	10	0	8	5	0	0	8	11	0	0	15	1	0	8	0	0	0	0	0	0	0	0	4	0	0	8	3	0	0	15	4	0	14	12	0	0	0	12	0	0	0	2	0	0	0	3	0	0	0	0	0	5	8	7	0	0	15	6	1	0	3	9	0	8	1	0	0	3	8	0	0	9	1	0	8	0	0	0	0	0	0	0	0	4	0	0	8	3	0	0	15	0	0	8	0	0	0	0	0	0	0	0	0	0	0	0	0	0	0	0	0	0	0	8	0	0	0	15	4	0	14	1	0	14	15	7	0	0	0	12	0	0	0	12	0	0	0	2	0	0	0	3	0	0	0	0	0	5	8	7	0	0	15
45	34	32	42	14	23	18	30	8	24	42	14	31	24	5	8	27	66	28	15	16	15	28	8	14	30	8	19	24	0	8	18	42	16	15	10	14	14	18	8	0	0	0	12	0	0	21	24	5	8	15	38	28	15	10	9	16	8	11	28	8	10	16	0	8	12	36	16	15	3	6	8	3	0	0	0	0	0	0	0	9	24	0	8	6	18	16	15	7	8	14	10	32	0	0	6	24	14	0	15	8	0	0	0	12	0	0	12	0	5	8	9	20	28	15	4	1	0	3	5	16	8	1	0	0	3	4	16	16	9	0	4	8	0	0	0	0	0	0	0	0	0	16	0	8	0	12	16	15	0	0	8	0	0	0	0	0	0	8	0	0	0	0	0	0	0	0	0	0	0	0	8	0	0	16	15	2	8	14	1	0	14	15	4	12	56	0	4	32	0	0	6	24	14	0	0	8	0	0	0	12	0	0	0	0	5	8	2	20	28	15
42	30	35	47	29	20	23	35	10	26	27	29	33	42	0	30	37	34	29	65	13	19	32	0	18	21	10	21	42	0	0	27	28	10	31	12	6	29	21	18	4	0	0	0	0	23	25	0	0	30	19	6	29	65	6	5	12	0	14	18	0	8	36	0	0	18	24	0	31	4	0	10	3	0	0	0	0	0	0	23	13	0	0	0	9	0	10	31	7	6	29	7	12	59	0	0	0	87	0	18	18	4	0	0	0	0	23	12	0	0	30	8	6	29	65	0	0	0	0	0	0	0	0	0	0	0	0	0	0	31	0	0	0	0	0	0	0	0	0	0	23	0	0	0	0	0	0	0	31	0	0	10	0	0	10	0	0	0	30	0	0	0	0	0	0	0	0	23	0	0	0	0	0	0	10	31	0	0	29	0	0	22	0	0	0	58	0	0	0	59	0	0	0	87	0	0	0	4	0	0	0	0	23	0	0	0	30	0	0	29	65
52	37	37	87	4	23	14	47	0	30	73	4	12	153	0	0	34	116	16	14	12	13	20	0	11	36	0	12	60	0	0	17	56	0	8	14	40	4	12	72	4	0	0	0	12	0	4	120	0	0	20	72	16	14	4	3	4	0	10	12	0	8	12	0	0	14	16	0	8	1	12	0	0	12	0	0	0	0	0	0	4	36	0	0	3	24	0	8	7	16	4	5	16	16	0	0	0	12	0	12	48	4	0	0	0	12	0	0	48	0	0	5	24	16	14	0	0	0	0	0	0	0	0	0	0	0	0	0	0	8	0	0	0	0	0	0	0	0	0	0	0	0	0	0	0	0	0	0	8	0	0	0	0	0	0	0	0	0	0	0	0	0	0	0	0	0	0	0	0	0	0	0	0	0	0	8	0	0	4	0	0	0	0	0	0	4	0	0	0	16	0	0	0	12	0	0	0	4	0	0	0	12	0	0	0	0	0	0	0	16	14
37	27	30	35	0	18	13	21	0	23	26	0	30	14	0	0	31	36	0	0	11	10	15	0	10	14	0	18	14	0	0	16	28	0	0	16	12	0	21	24	0	0	0	0	0	0	21	0	0	0	21	8	0	0	4	3	4	0	7	8	0	9	8	0	0	10	16	0	0	3	0	0	3	0	0	0	0	0	0	0	9	0	0	0	6	0	0	0	11	12	0	6	12	0	0	0	0	0	0	18	24	0	0	0	0	0	0	12	0	0	0	11	8	0	0	0	0	0	0	0	0	0	0	0	0	0	0	0	0	0	0	0	0	0	0	0	0	0	0	0	0	0	0	0	0	0	0	0	0	0	0	0	0	0	0	0	0	0	0	0	0	0	0	0	0	0	0	0	0	0	0	0	0	0	0	0	0	0	0	0	0	0	0	0	0	0	0	0	0	0	0	0	0	0	0	0	0	0	0	0	0	0	0	0	0	0	0	0	0	0	0
29	22	24	15	0	15	10	6	0	20	15	0	26	0	0	0	28	18	0	0	9	7	3	0	8	6	0	14	0	0	0	14	12	0	0	15	9	0	21	9	0	0	0	0	0	0	21	0	0	0	20	6	0	0	3	2	0	0	5	3	0	5	0	0	0	8	6	0	0	3	0	0	3	0	0	0	0	0	0	0	9	0	0	0	6	0	0	0	10	9	0	7	0	0	0	0	0	0	0	18	9	0	0	0	0	0	0	12	0	0	0	10	6	0	0	0	0	0	0	0	0	0	0	0	0	0	0	0	0	0	0	0	0	0	0	0	0	0	0	0	0	0	0	0	0	0	0	0	0	0	0	0	0	0	0	0	0	0	0	0	0	0	0	0	0	0	0	0	0	0	0	0	0	0	0	0	0	0	0	0	0	0	0	0	0	0	0	0	0	0	0	0	0	0	0	0	0	0	0	0	0	0	0	0	0	0	0	0	0	0	0
22	17	12	6	0	12	4	0	0	11	6	0	2	0	0	0	14	4	0	0	7	4	0	0	3	0	0	2	0	0	0	6	0	0	0	8	6	0	9	0	0	0	0	0	0	0	0	0	0	0	8	4	0	0	2	1	0	0	3	0	0	2	0	0	0	6	0	0	0	0	0	0	0	0	0	0	0	0	0	0	0	0	0	0	0	0	0	0	6	6	0	3	0	0	0	0	0	0	0	9	0	0	0	0	0	0	0	0	0	0	0	4	4	0	0	0	0	0	0	0	0	0	0	0	0	0	0	0	0	0	0	0	0	0	0	0	0	0	0	0	0	0	0	0	0	0	0	0	0	0	0	0	0	0	0	0	0	0	0	0	0	0	0	0	0	0	0	0	0	0	0	0	0	0	0	0	0	0	0	0	0	0	0	0	0	0	0	0	0	0	0	0	0	0	0	0	0	0	0	0	0	0	0	0	0	0	0	0	0	0	0
39	29	23	9	19	19	13	0	0	19	9	19	20	0	12	0	30	18	19	33	9	4	0	0	9	0	0	11	0	0	0	14	0	0	10	8	9	19	3	0	41	0	0	0	0	0	9	0	12	0	16	18	19	33	0	0	0	0	0	0	0	0	0	0	0	0	0	0	0	0	0	0	0	0	0	0	0	0	0	0	0	0	0	0	0	0	0	10	0	0	19	0	0	20	0	0	0	0	0	0	0	41	0	0	0	0	0	0	0	12	0	0	0	19	33	0	0	0	0	0	0	0	0	0	0	0	0	0	0	0	0	0	0	0	0	0	0	0	0	0	0	0	0	0	0	0	0	0	0	0	0	0	0	0	0	0	0	0	0	0	0	0	0	0	0	0	0	0	0	0	0	0	0	0	0	10	0	0	0	0	0	0	0	0	0	0	0	0	0	0	0	0	0	0	0	0	0	0	0	0	0	0	0	0	0	0	0	0	0	0	33
35	26	18	8	13	17	8	0	0	16	8	13	14	0	12	0	26	16	13	4	8	2	0	0	6	0	0	5	0	0	0	10	0	0	0	8	8	13	3	0	23	0	0	0	0	0	9	0	12	0	16	16	13	4	0	0	0	0	0	0	0	0	0	0	0	0	0	0	0	0	0	0	0	0	0	0	0	0	0	0	0	0	0	0	0	0	0	0	0	0	13	0	0	8	0	0	0	0	0	0	0	23	0	0	0	0	0	0	0	12	0	0	0	13	4	0	0	0	0	0	0	0	0	0	0	0	0	0	0	0	0	0	0	0	0	0	0	0	0	0	0	0	0	0	0	0	0	0	0	0	0	0	0	0	0	0	0	0	0	0	0	0	0	0	0	0	0	0	0	0	0	0	0	0	0	0	0	0	0	0	0	0	0	0	0	0	0	0	0	0	0	0	0	0	0	0	0	0	0	0	0	0	0	0	0	0	0	0	0	0	4
23	17	14	5	4	11	4	0	0	13	5	4	12	0	12	0	20	10	4	4	5	1	0	0	3	0	0	3	0	0	0	4	0	0	0	8	5	4	3	0	12	0	0	0	0	0	9	0	12	0	16	10	4	4	0	0	0	0	0	0	0	0	0	0	0	0	0	0	0	0	0	0	0	0	0	0	0	0	0	0	0	0	0	0	0	0	0	0	0	0	4	0	0	4	0	0	0	0	0	0	0	12	0	0	0	0	0	0	0	12	0	0	0	4	4	0	0	0	0	0	0	0	0	0	0	0	0	0	0	0	0	0	0	0	0	0	0	0	0	0	0	0	0	0	0	0	0	0	0	0	0	0	0	0	0	0	0	0	0	0	0	0	0	0	0	0	0	0	0	0	0	0	0	0	0	0	0	0	0	0	0	0	0	0	0	0	0	0	0	0	0	0	0	0	0	0	0	0	0	0	0	0	0	0	0	0	0	0	0	0	4
29	21	16	15	4	13	4	0	0	15	15	4	12	0	12	0	16	30	12	4	5	1	0	0	3	0	0	3	0	0	0	4	0	0	0	6	15	4	3	0	12	0	0	0	0	0	9	0	12	0	12	30	12	4	0	0	0	0	0	0	0	0	0	0	0	0	0	0	0	0	0	0	0	0	0	0	0	0	0	0	0	0	0	0	0	0	0	0	0	0	4	0	0	4	0	0	0	0	0	0	0	12	0	0	0	0	0	0	0	12	0	0	0	12	4	0	0	0	0	0	0	0	0	0	0	0	0	0	0	0	0	0	0	0	0	0	0	0	0	0	0	0	0	0	0	0	0	0	0	0	0	0	0	0	0	0	0	0	0	0	0	0	0	0	0	0	0	0	0	0	0	0	0	0	0	0	0	0	0	0	0	0	0	0	0	0	0	0	0	0	0	0	0	0	0	0	0	0	0	0	0	0	0	0	0	0	0	0	0	0	4
28	21	10	0	9	14	4	0	0	9	0	9	2	0	0	0	18	0	0	0	7	1	0	0	3	0	0	2	0	0	0	6	0	0	0	6	0	9	0	0	11	0	0	0	0	0	0	0	0	0	12	0	0	0	0	0	0	0	0	0	0	0	0	0	0	0	0	0	0	0	0	0	0	0	0	0	0	0	0	0	0	0	0	0	0	0	0	0	0	0	9	0	0	4	0	0	0	0	0	0	0	11	0	0	0	0	0	0	0	0	0	0	0	0	0	0	0	0	0	0	0	0	0	0	0	0	0	0	0	0	0	0	0	0	0	0	0	0	0	0	0	0	0	0	0	0	0	0	0	0	0	0	0	0	0	0	0	0	0	0	0	0	0	0	0	0	0	0	0	0	0	0	0	0	0	0	0	0	0	0	0	0	0	0	0	0	0	0	0	0	0	0	0	0	0	0	0	0	0	0	0	0	0	0	0	0	0	0	0	0	0
34	22	13	20	46	10	1	0	15	12	20	46	3	0	46	16	4	0	92	40	0	0	0	11	0	0	15	0	0	34	0	0	0	30	0	0	0	46	0	0	8	0	0	0	0	4	0	0	46	16	0	0	92	40	0	0	0	11	0	0	11	0	0	22	0	0	0	22	0	0	0	15	0	0	4	0	0	0	0	0	0	0	34	0	0	0	30	0	0	0	0	0	0	0	0	0	0	0	0	0	0	0	0	0	0	0	4	0	0	0	16	0	0	0	40	0	0	0	11	0	0	11	0	0	22	0	0	0	22	0	0	0	11	0	0	0	0	0	0	0	0	0	0	22	0	0	0	22	0	0	0	0	0	0	0	0	0	0	0	0	0	0	0	0	0	0	0	0	0	0	0	0	0	0	0	0	0	0	0	0	0	0	0	0	0	0	0	0	0	0	0	0	0	0	0	0	0	0	0	0	0	0	4	0	0	0	0	0	0	0	0
23	15	14	7	24	7	1	0	15	13	7	24	3	0	46	16	4	0	24	4	0	0	0	11	0	0	15	0	0	34	0	0	0	15	0	0	0	24	0	0	8	0	0	0	0	4	0	0	46	16	0	0	24	4	0	0	0	11	0	0	11	0	0	22	0	0	0	11	0	0	0	15	0	0	4	0	0	0	0	0	0	0	34	0	0	0	15	0	0	0	0	0	0	0	0	0	0	0	0	0	0	0	0	0	0	0	4	0	0	0	16	0	0	0	4	0	0	0	11	0	0	11	0	0	22	0	0	0	11	0	0	0	11	0	0	0	0	0	0	0	0	0	0	22	0	0	0	11	0	0	0	0	0	0	0	0	0	0	0	0	0	0	0	0	0	0	0	0	0	0	0	0	0	0	0	0	0	0	0	0	0	0	0	0	0	0	0	0	0	0	0	0	0	0	0	0	0	0	0	0	0	0	4	0	0	0	0	0	0	0	0
17	11	10	5	11	5	0	0	11	10	5	11	0	0	22	0	0	0	11	0	0	0	0	11	0	0	11	0	0	22	0	0	0	11	0	0	0	11	0	0	0	0	0	0	0	0	0	0	22	0	0	0	11	0	0	0	0	11	0	0	11	0	0	22	0	0	0	11	0	0	0	11	0	0	0	0	0	0	0	0	0	0	22	0	0	0	11	0	0	0	0	0	0	0	0	0	0	0	0	0	0	0	0	0	0	0	0	0	0	0	0	0	0	0	0	0	0	0	11	0	0	11	0	0	22	0	0	0	11	0	0	0	11	0	0	0	0	0	0	0	0	0	0	22	0	0	0	11	0	0	0	0	0	0	0	0	0	0	0	0	0	0	0	0	0	0	0	0	0	0	0	0	0	0	0	0	0	0	0	0	0	0	0	0	0	0	0	0	0	0	0	0	0	0	0	0	0	0	0	0	0	0	0	0	0	0	0	0	0	0	0
19	12	9	10	11	5	0	0	11	9	10	11	0	0	22	0	0	0	22	0	0	0	0	11	0	0	11	0	0	22	0	0	0	22	0	0	0	11	0	0	0	0	0	0	0	0	0	0	22	0	0	0	22	0	0	0	0	11	0	0	11	0	0	22	0	0	0	22	0	0	0	11	0	0	0	0	0	0	0	0	0	0	22	0	0	0	22	0	0	0	0	0	0	0	0	0	0	0	0	0	0	0	0	0	0	0	0	0	0	0	0	0	0	0	0	0	0	0	11	0	0	11	0	0	22	0	0	0	22	0	0	0	11	0	0	0	0	0	0	0	0	0	0	22	0	0	0	22	0	0	0	0	0	0	0	0	0	0	0	0	0	0	0	0	0	0	0	0	0	0	0	0	0	0	0	0	0	0	0	0	0	0	0	0	0	0	0	0	0	0	0	0	0	0	0	0	0	0	0	0	0	0	0	0	0	0	0	0	0	0	0
30	19	16	24	30	8	1	0	21	15	24	30	3	0	70	16	8	0	90	4	0	0	0	15	0	0	21	0	0	58	0	0	0	63	0	0	0	30	0	0	8	8	0	0	0	4	0	0	70	16	0	0	90	4	0	0	0	11	0	0	15	0	0	38	0	0	0	45	0	0	0	21	0	0	4	0	0	0	0	0	0	0	58	0	0	0	63	0	0	0	0	0	0	0	0	0	0	0	14	0	0	0	8	0	0	0	4	0	0	0	16	0	0	0	4	0	0	0	11	0	0	11	0	0	22	0	0	0	33	0	0	0	15	0	0	0	0	0	0	0	0	0	0	38	0	0	0	45	0	0	0	0	0	0	0	0	0	0	0	8	0	0	0	0	0	0	0	0	0	0	0	0	0	0	0	0	0	0	0	0	0	0	0	0	0	0	0	0	0	0	0	0	0	0	14	0	0	0	8	0	0	0	4	0	0	0	0	0	0	0	0
34	17	3	0	155	0	0	0	136	0	0	155	0	0	18	61	0	0	0	41	0	0	0	136	0	0	136	0	0	18	61	0	0	0	32	0	0	0	0	0	0	0	0	0	0	0	0	0	0	61	0	0	0	41	0	0	0	133	0	0	136	0	0	18	59	0	0	0	26	0	0	0	0	0	0	0	0	0	0	0	0	0	0	61	0	0	0	32	0	0	0	0	0	0	17	0	0	0	0	0	0	0	0	0	0	0	0	0	0	0	0	0	0	0	0	0	0	0	110	0	0	133	0	0	18	55	0	0	0	22	0	0	0	0	0	0	0	0	0	0	0	0	0	0	59	0	0	0	26	0	0	0	0	0	0	0	0	0	0	0	0	0	0	0	0	0	0	0	0	0	0	0	0	0	0	0	0	0	0	0	0	0	108	0	0	0	65	0	0	0	17	0	0	0	0	0	0	0	0	0	0	0	0	0	0	0	0	0	0	0	0
24	12	0	0	96	0	0	0	56	0	0	96	0	0	0	55	0	0	0	122	0	0	0	56	0	0	56	0	0	0	55	0	0	0	73	0	0	0	0	0	0	0	0	0	0	0	0	0	0	55	0	0	0	122	0	0	0	56	0	0	56	0	0	0	55	0	0	0	59	0	0	0	0	0	0	0	0	0	0	0	0	0	0	55	0	0	0	73	0	0	0	0	0	0	0	0	0	0	0	0	0	0	0	0	0	0	0	0	0	0	0	0	0	0	0	0	0	0	56	0	0	56	0	0	0	55	0	0	0	55	0	0	0	0	0	0	0	0	0	0	0	0	0	0	55	0	0	0	59	0	0	0	0	0	0	0	0	0	0	0	0	0	0	0	0	0	0	0	0	0	0	0	0	0	0	0	0	0	0	0	0	0	0	0	0	0	0	0	0	0	0	0	0	0	0	0	0	0	0	0	0	0	0	0	0	0	0	0	0	0	0
28	14	10	0	105	0	0	0	83	0	0	105	0	0	65	30	0	0	0	76	0	0	0	78	0	0	83	0	0	62	18	0	0	0	36	0	0	0	0	0	0	22	0	0	0	0	0	0	0	30	0	0	0	76	0	0	0	65	0	0	78	0	0	56	4	0	0	0	26	0	0	0	0	0	0	0	0	0	0	0	0	0	0	18	0	0	0	36	0	0	0	0	0	0	17	0	0	0	33	0	0	0	22	0	0	0	0	0	0	0	0	0	0	0	0	0	0	0	49	0	0	65	0	0	40	0	0	0	0	22	0	0	0	0	0	0	0	0	0	0	0	0	0	0	4	0	0	0	26	0	0	0	0	0	0	0	0	0	0	10	0	0	0	0	0	0	0	0	0	0	0	0	0	0	0	0	0	0	0	0	0	0	45	0	0	0	65	0	0	0	17	0	0	0	33	0	0	0	0	0	0	0	0	0	0	0	0	0	0	0	0
32	15	14	30	119	0	0	0	115	0	0	119	0	0	111	30	0	0	238	0	0	0	0	107	0	0	115	0	0	108	18	0	0	230	0	0	0	0	0	0	0	34	0	0	0	0	0	0	0	30	0	0	0	0	0	0	0	88	0	0	107	0	0	99	4	0	0	214	0	0	0	0	0	0	0	0	0	0	0	0	0	0	0	18	0	0	0	0	0	0	0	0	0	0	33	0	0	0	33	0	0	0	34	0	0	0	0	0	0	0	0	0	0	0	0	0	0	0	66	0	0	88	0	0	76	0	0	0	176	0	0	0	0	0	0	0	0	0	0	0	0	0	0	0	4	0	0	0	0	0	0	0	0	0	0	10	0	0	0	10	0	0	0	0	0	0	0	0	0	0	0	0	0	0	0	0	0	0	0	0	0	0	75	0	0	0	65	0	0	0	33	0	0	0	33	0	0	0	0	0	0	0	0	0	0	0	0	0	0	0	0
24	11	11	22	83	0	0	0	79	0	0	83	0	0	86	30	0	0	166	0	0	0	0	68	0	0	79	0	0	83	18	0	0	158	0	0	0	0	0	0	0	43	0	0	0	0	0	0	0	30	0	0	0	0	0	0	0	49	0	0	68	0	0	74	4	0	0	136	0	0	0	0	0	0	0	0	0	0	0	0	0	0	0	18	0	0	0	0	0	0	0	0	0	0	8	0	0	0	33	0	0	0	43	0	0	0	0	0	0	0	0	0	0	0	0	0	0	0	42	0	0	49	0	0	54	0	0	0	98	0	0	0	0	0	0	0	0	0	0	0	0	0	0	0	4	0	0	0	0	0	0	0	0	0	0	0	0	0	0	10	0	0	0	0	0	0	0	0	0	0	0	0	0	0	0	0	0	0	0	0	0	0	45	0	0	0	14	0	0	0	8	0	0	0	33	0	0	0	0	0	0	0	0	0	0	0	0	0	0	0	0
11	0	0	0	124	0	0	0	79	0	0	0	0	0	0	205	0	0	0	202	0	0	0	76	0	0	0	0	0	0	196	0	0	0	194	0	0	0	0	0	0	24	0	0	0	0	0	0	0	0	0	0	0	0	0	0	0	68	0	0	0	0	0	0	175	0	0	0	175	0	0	0	0	0	0	12	0	0	0	0	0	0	0	0	0	0	0	0	0	0	0	0	0	0	34	0	0	0	0	0	0	0	0	0	0	0	0	0	0	0	0	0	0	0	0	0	0	0	52	0	0	0	0	0	0	135	0	0	0	137	0	0	0	0	0	0	0	0	0	0	0	0	0	0	0	0	0	0	0	0	0	0	0	0	0	0	0	0	0	0	0	0	0	0	0	0	0	0	0	0	0	0	0	0	0	0	0	0	0	0	0	0	16	0	0	0	33	0	0	0	0	0	0	0	0	0	0	0	0	0	0	0	0	0	0	0	0	0	0	0	0
7	0	0	0	67	0	0	0	32	0	0	0	0	0	0	75	0	0	0	202	0	0	0	32	0	0	0	0	0	0	75	0	0	0	194	0	0	0	0	0	0	0	0	0	0	0	0	0	0	0	0	0	0	0	0	0	0	31	0	0	0	0	0	0	72	0	0	0	175	0	0	0	0	0	0	0	0	0	0	0	0	0	0	0	0	0	0	0	0	0	0	0	0	0	6	0	0	0	0	0	0	0	0	0	0	0	0	0	0	0	0	0	0	0	0	0	0	0	24	0	0	0	0	0	0	53	0	0	0	137	0	0	0	0	0	0	0	0	0	0	0	0	0	0	0	0	0	0	0	0	0	0	0	0	0	0	0	0	0	0	0	0	0	0	0	0	0	0	0	0	0	0	0	0	0	0	0	0	0	0	0	0	6	0	0	0	29	0	0	0	0	0	0	0	0	0	0	0	0	0	0	0	0	0	0	0	0	0	0	0	0
