179	174	20	4	0	169	5	0	0	19	4	0	5	0	0	0	51	4	0	0	164	5	0	0	4	0	0	5	0	0	0	16	0	0	0	18	4	0	3	0	0	0	1	0	0	0	4	0	0	0	47	4	0	0	159	5	0	0	4	0	0	5	0	0	0	16	0	0	0	3	0	0	3	0	0	0	1	0	0	0	4	0	0	0	12	0	0	0	16	4	0	1	0	0	0	0	0	0	0	1	0	0	0	0	0	0	0	2	0	0	0	40	4	0	0	154	5	0	0	4	0	0	5	0	0	0	16	0	0	0	3	0	0	3	0	0	0	1	0	0	0	4	0	0	0	12	0	0	0	1	0	0	1	0	0	0	0	0	0	0	1	0	0	0	0	0	0	0	2	0	0	0	5	0	0	0	15	4	0	0	0	0	0	0	0	0	0	0	0	0	0	0	0	0	0	0	0	0	0	0	0	0	0	0	0	0	0	35	4	0	0
214	208	23	8	0	202	7	0	0	22	8	0	5	0	0	0	62	12	0	0	196	7	0	0	6	0	0	5	0	0	0	26	0	0	0	21	8	0	3	0	0	0	1	0	0	0	4	0	0	0	58	12	0	0	190	7	0	0	6	0	0	5	0	0	0	26	0	0	0	5	0	0	3	0	0	0	1	0	0	0	4	0	0	0	22	0	0	0	19	8	0	2	0	0	0	1	0	0	0	1	0	0	0	0	0	0	0	2	0	0	0	51	12	0	0	184	7	0	0	6	0	0	5	0	0	0	26	0	0	0	5	0	0	3	0	0	0	1	0	0	0	4	0	0	0	22	0	0	0	3	0	0	2	0	0	0	1	0	0	0	1	0	0	0	0	0	0	0	2	0	0	0	15	0	0	0	17	8	0	0	0	0	0	0	0	0	0	1	0	0	0	1	0	0	0	0	0	0	0	0	0	0	0	0	0	0	0	41	12	0	0
249	242	28	12	0	235	10	0	0	27	12	0	6	0	0	0	77	24	0	0	228	10	0	0	9	0	0	6	0	0	0	38	0	0	0	26	12	0	3	0	0	0	2	0	0	0	5	0	0	0	73	24	0	0	221	10	0	0	9	0	0	6	0	0	0	38	0	0	0	8	0	0	3	0	0	0	2	0	0	0	5	0	0	0	34	0	0	0	24	12	0	2	0	0	0	2	0	0	0	1	0	0	0	1	0	0	0	3	0	0	0	66	24	0	0	214	10	0	0	9	0	0	6	0	0	0	38	0	0	0	8	0	0	3	0	0	0	2	0	0	0	5	0	0	0	34	0	0	0	6	0	0	2	0	0	0	2	0	0	0	1	0	0	0	1	0	0	0	3	0	0	0	27	0	0	0	22	12	0	0	0	0	0	0	0	0	0	1	0	0	0	2	0	0	0	0	0	0	0	1	0	0	0	1	0	0	0	56	24	0	0
284	276	37	16	0	268	16	0	0	36	16	0	12	0	0	0	102	40	0	0	260	16	0	0	15	0	0	12	0	0	0	56	0	0	0	35	16	0	3	0	0	0	3	0	0	0	11	0	0	0	98	40	0	0	252	16	0	0	15	0	0	12	0	0	0	56	0	0	0	14	0	0	3	0	0	0	3	0	0	0	11	0	0	0	52	0	0	0	33	16	0	2	0	0	0	3	0	0	0	1	0	0	0	2	0	0	0	9	0	0	0	91	40	0	0	244	16	0	0	15	0	0	12	0	0	0	56	0	0	0	14	0	0	3	0	0	0	3	0	0	0	11	0	0	0	52	0	0	0	12	0	0	2	0	0	0	3	0	0	0	1	0	0	0	2	0	0	0	9	0	0	0	45	0	0	0	31	16	0	0	0	0	0	0	0	0	0	1	0	0	0	3	0	0	0	0	0	0	0	2	0	0	0	7	0	0	0	81	40	0	0
319	310	55	20	0	301	30	0	0	50	20	0	30	0	0	0	147	60	0	0	292	30	0	0	25	0	0	30	0	0	0	90	0	0	0	48	20	0	8	0	0	0	6	0	0	0	25	0	0	0	139	60	0	0	283	30	0	0	25	0	0	30	0	0	0	90	0	0	0	23	0	0	8	0	0	0	5	0	0	0	25	0	0	0	82	0	0	0	45	20	0	6	0	0	0	3	0	0	0	2	0	0	0	4	0	0	0	22	0	0	0	129	60	0	0	274	30	0	0	25	0	0	30	0	0	0	90	0	0	0	23	0	0	8	0	0	0	5	0	0	0	25	0	0	0	82	0	0	0	20	0	0	6	0	0	0	3	0	0	0	2	0	0	0	3	0	0	0	22	0	0	0	72	0	0	0	42	20	0	0	0	0	0	0	0	0	0	1	0	0	0	3	0	0	0	0	0	0	0	4	0	0	0	19	0	0	0	114	60	0	0
362	347	63	68	20	333	32	54	0	54	54	20	32	55	0	0	169	188	20	0	320	31	51	0	27	41	0	29	51	0	0	96	164	0	0	46	41	20	8	32	0	0	9	11	0	0	25	42	0	0	145	136	20	0	309	31	50	0	27	40	0	29	50	0	0	96	160	0	0	26	30	0	8	30	0	0	6	10	0	0	25	40	0	0	92	120	0	0	39	19	20	9	10	0	0	4	0	0	0	4	10	0	0	5	0	0	0	24	20	0	0	124	59	20	0	299	31	50	0	27	40	0	29	50	0	0	96	160	0	0	26	30	0	8	30	0	0	6	10	0	0	25	40	0	0	92	120	0	0	24	10	0	9	10	0	0	4	0	0	0	4	10	0	0	4	0	0	0	24	20	0	0	86	50	0	0	34	9	20	1	0	0	0	0	0	0	0	5	0	0	0	4	0	0	0	3	0	0	0	5	0	0	0	20	0	0	0	104	9	20	0
359	347	66	37	16	335	40	21	0	61	37	16	34	0	0	0	183	129	32	0	323	40	21	0	35	21	0	34	0	0	0	114	105	0	0	59	37	16	16	0	0	0	13	0	0	0	29	0	0	0	175	129	32	0	311	39	20	0	35	21	0	34	0	0	0	114	105	0	0	33	21	0	11	0	0	0	7	0	0	0	29	0	0	0	106	105	0	0	50	37	16	9	10	0	0	5	10	0	0	10	0	0	0	8	0	0	0	26	0	0	0	147	129	32	0	300	39	20	0	34	20	0	34	0	0	0	113	100	0	0	33	21	0	11	0	0	0	7	0	0	0	29	0	0	0	106	105	0	0	29	21	0	9	10	0	0	4	10	0	0	5	0	0	0	4	0	0	0	26	0	0	0	93	105	0	0	44	26	16	3	0	0	0	2	0	0	0	4	10	0	0	5	10	0	0	8	0	0	0	8	0	0	0	20	0	0	0	126	74	32	0
389	376	77	54	12	363	47	32	0	72	54	12	40	11	0	0	201	175	36	0	350	46	32	0	42	32	0	36	11	0	0	127	129	0	0	70	54	12	16	0	0	0	15	12	0	0	35	11	0	0	193	175	36	0	337	45	32	0	41	32	0	36	11	0	0	126	129	0	0	40	32	0	11	0	0	0	7	11	0	0	31	11	0	0	119	129	0	0	66	54	12	10	0	0	0	6	11	0	0	10	0	0	0	12	12	0	0	32	11	0	0	180	175	36	0	324	45	32	0	40	32	0	36	11	0	0	125	129	0	0	39	32	0	11	0	0	0	7	11	0	0	31	11	0	0	118	129	0	0	36	32	0	10	0	0	0	4	11	0	0	5	0	0	0	4	11	0	0	28	11	0	0	106	129	0	0	58	54	12	6	0	0	0	6	0	0	0	5	0	0	0	6	11	0	0	8	0	0	0	12	12	0	0	26	11	0	0	153	175	36	0
495	479	97	95	8	463	57	65	0	87	95	8	39	60	0	0	235	287	32	0	447	56	65	0	47	65	0	37	60	0	0	142	205	0	0	84	95	8	21	0	0	0	19	12	0	0	33	60	0	0	224	287	32	0	431	55	65	0	46	65	0	37	60	0	0	142	205	0	0	44	65	0	16	0	0	0	9	10	0	0	31	60	0	0	131	205	0	0	77	95	8	11	0	0	0	8	15	0	0	11	0	0	0	14	12	0	0	28	60	0	0	203	287	32	0	415	55	65	0	45	65	0	37	60	0	0	141	205	0	0	43	65	0	16	0	0	0	9	10	0	0	31	60	0	0	131	205	0	0	37	65	0	11	0	0	0	5	15	0	0	6	0	0	0	4	10	0	0	26	60	0	0	110	205	0	0	69	95	8	6	0	0	0	15	0	0	0	5	0	0	0	8	15	0	0	8	0	0	0	14	12	0	0	20	60	0	0	173	287	32	0
557	533	123	241	4	513	63	198	0	107	161	4	39	231	0	0	280	551	20	0	494	60	193	0	51	122	0	29	226	0	0	146	428	0	0	102	142	4	13	89	0	0	23	36	0	0	34	155	0	0	264	475	20	0	476	60	189	0	49	121	0	29	222	0	0	145	424	0	0	49	104	0	13	85	0	0	10	27	0	0	27	154	0	0	139	356	0	0	90	124	4	12	68	0	0	11	0	0	0	7	17	0	0	16	18	0	0	30	137	0	0	228	421	20	0	459	60	189	0	49	121	0	29	222	0	0	145	424	0	0	47	104	0	13	85	0	0	10	27	0	0	27	154	0	0	138	356	0	0	42	87	0	12	68	0	0	7	0	0	0	7	17	0	0	5	10	0	0	23	137	0	0	118	305	0	0	82	107	4	8	0	0	0	17	0	0	0	10	0	0	0	11	0	0	0	5	0	0	0	16	18	0	0	21	120	0	0	199	336	20	0
367	351	101	81	35	335	62	68	0	94	81	35	55	46	0	0	252	277	35	60	319	59	65	0	55	68	0	43	46	0	0	154	246	0	0	88	81	35	18	33	0	0	18	26	0	0	46	46	0	0	232	277	35	60	304	58	61	0	53	65	0	43	43	0	0	152	236	0	0	52	68	0	13	30	0	0	9	22	0	0	37	46	0	0	143	246	0	0	72	66	35	12	41	0	0	10	10	0	0	10	33	0	0	11	11	0	0	41	46	0	0	188	232	35	60	292	58	60	0	52	61	0	43	40	0	0	151	223	0	0	50	65	0	13	30	0	0	9	22	0	0	37	43	0	0	141	236	0	0	46	56	0	12	40	0	0	6	10	0	0	5	30	0	0	5	10	0	0	32	46	0	0	125	210	0	0	64	30	35	7	10	0	0	11	0	0	0	6	41	0	0	10	10	0	0	7	33	0	0	11	11	0	0	34	10	0	0	162	112	35	60
410	395	109	75	26	380	79	59	0	104	75	26	65	0	0	0	250	171	52	40	365	77	59	0	74	59	0	57	0	0	0	182	131	0	0	102	75	26	25	0	0	0	25	8	0	0	60	0	0	0	243	171	52	40	350	75	59	0	72	59	0	56	0	0	0	180	131	0	0	72	59	0	17	0	0	0	16	0	0	0	52	0	0	0	175	131	0	0	97	75	26	23	0	0	0	15	21	0	0	19	0	0	0	21	8	0	0	57	0	0	0	229	171	52	40	335	73	57	0	70	59	0	56	0	0	0	176	131	0	0	70	59	0	17	0	0	0	16	0	0	0	51	0	0	0	173	131	0	0	67	59	0	21	0	0	0	11	13	0	0	11	0	0	0	12	0	0	0	49	0	0	0	161	131	0	0	88	75	26	27	16	0	0	33	22	0	0	18	0	0	0	15	21	0	0	17	0	0	0	21	8	0	0	49	0	0	0	199	171	52	40
467	452	115	78	18	437	82	54	0	106	78	18	66	30	0	0	243	188	54	24	422	79	54	0	73	54	0	56	30	0	0	175	124	0	0	104	78	18	22	0	0	0	22	18	0	0	61	30	0	0	236	188	54	24	407	78	54	0	70	54	0	55	30	0	0	173	124	0	0	71	54	0	19	0	0	0	16	10	0	0	51	30	0	0	168	124	0	0	98	78	18	22	0	0	0	15	7	0	0	14	0	0	0	17	18	0	0	58	30	0	0	219	188	54	24	392	76	51	0	69	54	0	55	30	0	0	170	124	0	0	68	54	0	19	0	0	0	16	10	0	0	50	30	0	0	166	124	0	0	65	54	0	20	0	0	0	12	0	0	0	11	0	0	0	11	10	0	0	48	30	0	0	151	124	0	0	91	78	18	25	21	0	0	42	28	0	0	17	0	0	0	15	7	0	0	12	0	0	0	17	18	0	0	50	30	0	0	195	188	54	24
437	419	121	127	11	402	79	91	0	108	110	11	65	81	0	0	246	315	55	12	386	76	88	0	69	75	0	54	77	0	0	164	225	0	0	101	94	11	19	41	0	0	19	20	0	0	55	65	0	0	223	267	55	12	372	75	87	0	67	74	0	53	76	0	0	162	222	0	0	67	61	0	16	39	0	0	15	13	0	0	47	63	0	0	157	183	0	0	93	66	11	19	13	0	0	13	6	0	0	13	13	0	0	14	6	0	0	54	37	0	0	201	197	55	12	359	75	87	0	66	74	0	53	76	0	0	159	222	0	0	65	61	0	16	39	0	0	15	13	0	0	46	63	0	0	155	183	0	0	63	35	0	19	13	0	0	10	0	0	0	10	13	0	0	11	0	0	0	46	37	0	0	145	118	0	0	85	53	11	26	0	0	0	31	0	0	0	15	0	0	0	13	6	0	0	12	0	0	0	14	6	0	0	48	11	0	0	176	145	55	12
398	381	114	114	5	364	72	80	0	108	114	5	57	75	0	0	231	298	25	4	347	69	73	0	66	80	0	48	50	0	0	143	216	0	0	103	114	5	23	26	0	0	19	34	5	0	49	75	0	0	215	298	25	4	331	67	68	0	64	73	0	47	48	0	0	141	206	0	0	64	80	0	15	22	0	0	12	25	0	0	43	50	0	0	136	216	0	0	94	98	5	15	57	0	0	15	16	0	0	17	26	0	0	15	18	5	0	46	75	0	0	193	250	25	4	317	67	66	0	62	68	0	47	44	0	0	137	193	0	0	62	73	0	15	22	0	0	12	25	0	0	42	48	0	0	134	206	0	0	60	66	0	15	55	0	0	12	11	0	0	9	22	0	0	9	11	0	0	40	50	0	0	125	174	0	0	85	70	5	26	22	0	0	40	0	0	0	10	57	0	0	15	16	0	0	15	26	0	0	15	18	5	0	40	47	0	0	167	180	25	4
426	410	98	81	35	394	81	63	0	97	81	35	55	0	5	0	171	57	70	95	378	80	63	0	80	63	0	52	0	0	0	147	39	0	0	96	81	35	16	0	0	0	13	0	0	0	54	0	5	0	168	57	70	95	362	78	63	0	79	63	0	51	0	0	0	146	39	0	0	79	63	0	13	0	0	0	12	0	0	0	51	0	0	0	144	39	0	0	92	81	35	18	0	0	0	14	11	0	0	14	0	0	0	10	0	0	0	52	0	5	0	157	57	70	95	346	69	63	0	77	63	0	48	0	0	0	139	39	0	0	78	63	0	13	0	0	0	12	0	0	0	50	0	0	0	143	39	0	0	75	63	0	16	0	0	0	13	11	0	0	11	0	0	0	9	0	0	0	49	0	0	0	133	39	0	0	84	81	35	33	0	15	0	49	81	0	0	17	0	0	0	14	11	0	0	13	0	0	0	10	0	0	0	45	0	5	0	133	57	70	95
650	627	149	212	26	604	113	176	0	143	212	26	89	139	5	0	212	317	78	60	581	107	161	0	107	176	0	75	112	0	0	158	255	0	0	142	212	26	27	72	0	0	14	82	26	0	88	139	5	0	209	317	78	60	558	102	147	0	101	161	0	70	96	0	0	147	227	0	0	106	176	0	24	44	0	0	12	80	0	0	74	112	0	0	155	255	0	0	138	212	26	29	68	0	0	36	88	26	0	23	72	0	0	11	82	26	0	86	139	5	0	198	317	78	60	535	86	133	0	96	147	0	58	88	0	0	135	188	0	0	100	161	0	16	32	0	0	8	71	0	0	69	96	0	0	144	227	0	0	102	176	0	14	54	0	0	34	87	0	0	20	44	0	0	9	80	0	0	72	112	0	0	144	255	0	0	133	212	26	38	118	15	0	127	232	0	0	28	68	0	0	36	88	26	0	22	72	0	0	11	82	26	0	82	139	5	0	184	317	78	60
409	396	90	53	18	383	67	30	0	84	53	18	38	20	5	0	127	107	54	34	370	66	30	0	61	30	0	35	20	0	0	102	70	0	0	82	53	18	15	0	0	0	11	0	0	0	34	20	5	0	121	107	54	34	357	65	30	0	60	30	0	34	20	0	0	101	70	0	0	59	30	0	12	0	0	0	11	0	0	0	31	20	0	0	96	70	0	0	78	53	18	15	0	0	0	16	0	0	0	11	0	0	0	8	0	0	0	32	20	5	0	110	107	54	34	344	63	27	0	59	30	0	34	20	0	0	98	70	0	0	58	30	0	12	0	0	0	11	0	0	0	30	20	0	0	95	70	0	0	55	30	0	12	0	0	0	16	0	0	0	8	0	0	0	8	0	0	0	29	20	0	0	85	70	0	0	73	53	18	30	21	7	0	54	7	0	0	14	0	0	0	16	0	0	0	10	0	0	0	8	0	0	0	28	20	5	0	96	107	54	34
275	264	72	38	11	253	48	24	0	71	38	11	28	16	5	0	115	97	22	16	242	47	24	0	47	24	0	25	16	0	0	71	80	0	0	70	38	11	12	0	0	0	10	0	0	0	27	16	5	0	112	97	22	16	231	46	24	0	46	24	0	24	16	0	0	70	80	0	0	46	24	0	9	0	0	0	9	0	0	0	24	16	0	0	68	80	0	0	62	38	11	12	0	0	0	12	0	0	0	10	0	0	0	7	0	0	0	25	16	5	0	93	97	22	16	222	46	24	0	45	24	0	24	16	0	0	67	80	0	0	45	24	0	9	0	0	0	9	0	0	0	23	16	0	0	67	80	0	0	43	24	0	12	0	0	0	12	0	0	0	7	0	0	0	7	0	0	0	22	16	0	0	60	80	0	0	54	20	11	25	0	0	0	41	0	0	0	11	0	0	0	12	0	0	0	9	0	0	0	7	0	0	0	21	16	5	0	69	52	22	16
341	327	80	72	11	313	61	51	0	79	72	11	37	31	5	0	115	62	33	16	299	60	51	0	60	51	0	34	31	0	0	96	31	0	0	78	72	11	13	0	0	0	10	0	0	0	36	31	5	0	112	62	33	16	285	59	51	0	59	51	0	33	31	0	0	95	31	0	0	59	51	0	10	0	0	0	9	0	0	0	33	31	0	0	93	31	0	0	75	72	11	15	0	0	0	16	0	0	0	11	0	0	0	8	0	0	0	34	31	5	0	104	62	33	16	271	56	50	0	58	51	0	33	31	0	0	92	31	0	0	58	51	0	10	0	0	0	9	0	0	0	32	31	0	0	92	31	0	0	56	51	0	12	0	0	0	16	0	0	0	8	0	0	0	7	0	0	0	31	31	0	0	85	31	0	0	70	72	11	35	10	0	0	50	26	0	0	14	0	0	0	16	0	0	0	10	0	0	0	8	0	0	0	30	31	5	0	90	62	33	16
378	364	88	54	46	350	79	44	5	88	54	46	56	12	8	25	106	12	46	101	336	78	44	0	79	44	5	55	12	0	0	104	12	5	0	88	54	46	8	0	8	0	8	0	0	5	56	12	8	25	106	12	46	101	322	74	44	0	78	44	0	55	12	0	0	101	12	0	0	79	44	5	8	0	0	0	8	0	0	0	55	12	0	0	104	12	5	0	87	54	46	14	0	0	0	17	40	0	0	8	0	8	0	7	0	0	5	56	12	8	25	103	12	46	101	308	57	42	0	74	44	0	37	12	0	0	89	12	0	0	78	44	0	4	0	0	0	6	0	0	0	55	12	0	0	101	12	0	0	78	44	5	7	0	0	0	17	40	0	0	8	0	0	0	7	0	0	0	55	12	0	0	101	12	5	0	83	54	46	29	20	39	0	58	115	0	0	14	0	0	0	17	40	0	0	8	0	8	0	7	0	0	5	54	12	8	25	93	12	46	101
359	344	78	73	36	329	68	65	0	78	73	36	37	0	8	0	81	23	36	101	314	67	65	0	68	65	0	36	0	0	0	79	23	0	0	78	73	36	6	0	8	0	6	0	0	0	37	0	8	0	81	23	36	101	299	66	65	0	67	65	0	36	0	0	0	76	23	0	0	68	65	0	6	0	0	0	6	0	0	0	36	0	0	0	79	23	0	0	78	73	36	9	0	0	0	19	9	0	0	6	0	8	0	6	0	0	0	37	0	8	0	81	23	36	101	284	55	62	0	66	65	0	33	0	0	0	72	23	0	0	67	65	0	2	0	0	0	4	0	0	0	36	0	0	0	76	23	0	0	68	65	0	2	0	0	0	19	9	0	0	6	0	0	0	6	0	0	0	36	0	0	0	79	23	0	0	76	73	36	26	27	39	0	63	45	0	0	9	0	0	0	19	9	0	0	6	0	8	0	6	0	0	0	37	0	8	0	76	23	36	101
472	455	108	110	21	438	89	85	0	106	110	21	74	42	8	0	102	117	63	55	421	88	84	0	87	85	0	73	40	0	0	89	106	0	0	106	110	21	13	10	8	0	11	0	0	0	74	42	8	0	102	117	63	55	404	84	81	0	86	84	0	73	40	0	0	86	106	0	0	87	85	0	13	10	0	0	9	0	0	0	73	40	0	0	89	106	0	0	105	110	21	9	21	0	0	37	56	0	0	11	10	8	0	10	0	0	0	74	42	8	0	99	117	63	55	387	69	66	0	82	81	0	55	34	0	0	74	91	0	0	86	84	0	9	10	0	0	7	0	0	0	73	40	0	0	86	106	0	0	86	85	0	4	0	0	0	35	56	0	0	11	10	0	0	8	0	0	0	73	40	0	0	86	106	0	0	105	110	21	38	70	39	0	119	126	21	0	9	21	0	0	37	56	0	0	11	10	8	0	10	0	0	0	74	42	8	0	99	117	63	55
314	303	62	45	0	292	51	31	0	62	45	0	36	14	0	0	39	31	0	0	281	51	31	0	51	31	0	36	14	0	0	38	31	0	0	62	45	0	7	0	0	0	1	0	0	0	36	14	0	0	39	31	0	0	270	51	31	0	51	31	0	36	14	0	0	38	31	0	0	51	31	0	7	0	0	0	1	0	0	0	36	14	0	0	38	31	0	0	62	45	0	5	0	0	0	27	0	0	0	7	0	0	0	1	0	0	0	36	14	0	0	39	31	0	0	259	47	25	0	51	31	0	36	14	0	0	38	31	0	0	51	31	0	7	0	0	0	1	0	0	0	36	14	0	0	38	31	0	0	51	31	0	2	0	0	0	27	0	0	0	7	0	0	0	1	0	0	0	36	14	0	0	38	31	0	0	62	45	0	32	24	0	0	78	12	0	0	5	0	0	0	27	0	0	0	7	0	0	0	1	0	0	0	36	14	0	0	39	31	0	0
232	224	35	24	0	216	26	16	0	35	24	0	13	16	0	0	21	12	0	0	208	26	16	0	26	16	0	13	16	0	0	20	12	0	0	35	24	0	1	0	0	0	0	0	0	0	13	16	0	0	21	12	0	0	200	26	16	0	26	16	0	13	16	0	0	20	12	0	0	26	16	0	1	0	0	0	0	0	0	0	13	16	0	0	20	12	0	0	35	24	0	3	0	0	0	16	0	0	0	1	0	0	0	0	0	0	0	13	16	0	0	21	12	0	0	192	21	12	0	26	16	0	13	16	0	0	20	12	0	0	26	16	0	1	0	0	0	0	0	0	0	13	16	0	0	20	12	0	0	26	16	0	0	0	0	0	16	0	0	0	1	0	0	0	0	0	0	0	13	16	0	0	20	12	0	0	35	24	0	18	8	0	0	37	12	0	0	3	0	0	0	16	0	0	0	1	0	0	0	0	0	0	0	13	16	0	0	21	12	0	0
428	411	135	110	18	394	119	96	8	135	110	18	129	78	11	24	187	103	18	21	377	116	96	0	119	96	8	123	78	8	0	164	84	8	0	135	110	18	50	0	0	0	45	23	0	26	129	78	11	24	187	103	18	21	360	100	95	0	116	96	0	118	78	0	0	155	84	0	0	119	96	8	38	0	0	0	37	12	0	0	123	78	8	0	164	84	8	0	135	110	18	67	5	51	0	75	122	0	0	50	0	0	0	45	23	0	26	129	78	11	24	187	103	18	21	343	65	85	0	100	95	0	71	73	0	0	111	81	0	0	116	96	0	30	0	0	0	33	12	0	0	118	78	0	0	155	84	0	0	119	96	8	33	0	32	0	57	108	0	0	38	0	0	0	37	12	0	0	123	78	8	0	164	84	8	0	135	110	18	55	25	36	0	158	291	18	0	67	5	51	0	75	122	0	0	50	0	0	0	45	23	0	26	129	78	11	24	187	103	18	21
413	397	85	87	30	381	81	84	0	85	87	30	68	24	0	0	74	30	0	103	365	81	84	0	81	84	0	68	24	0	0	71	30	0	5	85	87	30	8	0	0	0	8	0	0	0	68	24	0	0	74	30	0	103	349	75	84	0	81	84	0	68	24	0	0	71	30	0	0	81	84	0	8	0	0	0	6	0	0	0	68	24	0	0	71	30	0	5	85	87	30	3	0	7	0	40	57	0	0	8	0	0	0	8	0	0	0	68	24	0	0	74	30	0	103	333	54	72	0	75	84	0	45	24	0	0	52	30	0	0	81	84	0	8	0	0	0	6	0	0	0	68	24	0	0	71	30	0	0	81	84	0	2	0	0	0	39	56	0	0	8	0	0	0	6	0	0	0	68	24	0	0	71	30	0	5	85	87	30	23	48	26	0	98	132	30	0	3	0	7	0	40	57	0	0	8	0	0	0	8	0	0	0	68	24	0	0	74	30	0	103
473	453	117	159	11	433	101	139	0	117	159	11	91	244	0	0	150	148	0	21	413	100	133	0	101	139	0	91	220	0	0	137	138	0	0	117	159	11	26	66	0	0	27	17	0	0	91	244	0	0	150	148	0	21	393	89	131	0	100	133	0	88	220	0	0	133	138	0	0	101	139	0	23	66	0	0	21	13	0	0	91	220	0	0	137	138	0	0	117	159	11	45	20	7	0	64	148	0	0	26	66	0	0	27	17	0	0	91	244	0	0	150	148	0	21	373	54	123	0	89	131	0	56	212	0	0	103	131	0	0	100	133	0	21	66	0	0	20	11	0	0	88	220	0	0	133	138	0	0	101	139	0	25	20	0	0	45	118	0	0	23	66	0	0	21	13	0	0	91	220	0	0	137	138	0	0	117	159	11	44	64	22	0	138	335	0	0	45	20	7	0	64	148	0	0	26	66	0	0	27	17	0	0	91	244	0	0	150	148	0	21
247	238	43	28	6	229	40	24	0	43	28	6	44	16	0	0	34	12	0	0	220	40	24	0	40	24	0	44	16	0	0	34	12	0	0	43	28	6	6	0	0	0	1	0	0	0	44	16	0	0	34	12	0	0	211	37	24	0	40	24	0	44	16	0	0	34	12	0	0	40	24	0	6	0	0	0	1	0	0	0	44	16	0	0	34	12	0	0	43	28	6	2	0	0	0	19	24	0	0	6	0	0	0	1	0	0	0	44	16	0	0	34	12	0	0	202	26	16	0	37	24	0	29	16	0	0	26	12	0	0	40	24	0	6	0	0	0	1	0	0	0	44	16	0	0	34	12	0	0	40	24	0	2	0	0	0	19	24	0	0	6	0	0	0	1	0	0	0	44	16	0	0	34	12	0	0	43	28	6	12	0	12	0	47	46	12	0	2	0	0	0	19	24	0	0	6	0	0	0	1	0	0	0	44	16	0	0	34	12	0	0
427	408	153	157	0	389	125	142	0	153	157	0	159	102	0	0	244	268	0	0	370	114	132	0	125	142	0	138	97	0	0	192	244	0	0	153	157	0	54	115	0	0	52	104	0	0	159	102	0	0	244	268	0	0	351	101	121	0	114	132	0	122	88	0	0	165	219	0	0	125	142	0	41	107	0	0	44	93	0	0	138	97	0	0	192	244	0	0	153	157	0	76	121	0	0	75	116	0	0	54	115	0	0	52	104	0	0	159	102	0	0	244	268	0	0	332	69	106	0	101	121	0	94	86	0	0	134	205	0	0	114	132	0	29	102	0	0	38	86	0	0	122	88	0	0	165	219	0	0	125	142	0	34	112	0	0	55	97	0	0	41	107	0	0	44	93	0	0	138	97	0	0	192	244	0	0	153	157	0	80	64	0	0	171	224	0	0	76	121	0	0	75	116	0	0	54	115	0	0	52	104	0	0	159	102	0	0	244	268	0	0
504	485	161	146	19	466	126	114	11	159	146	19	123	123	0	11	266	217	57	18	447	115	92	8	124	114	11	106	72	0	8	185	118	33	8	159	146	19	49	83	48	24	65	58	38	0	123	123	0	11	266	217	57	18	428	103	75	0	113	92	8	92	45	0	0	162	72	24	0	124	114	11	44	45	44	0	51	46	22	0	106	72	0	8	185	118	33	8	159	146	19	77	72	29	0	74	133	19	26	49	83	48	24	65	58	38	0	123	123	0	11	266	217	57	18	409	69	54	0	101	75	0	65	18	0	0	138	43	0	0	113	92	8	36	6	32	0	45	27	16	0	92	45	0	0	162	72	24	0	124	114	11	46	12	22	0	62	122	11	0	44	45	44	0	51	46	22	0	106	72	0	8	185	118	33	8	159	146	19	71	18	33	0	169	274	57	0	77	72	29	0	74	133	19	26	49	83	48	24	65	58	38	0	123	123	0	11	266	217	57	18
456	436	159	172	2	416	116	151	0	159	172	2	132	186	0	0	303	300	2	0	396	105	145	0	116	151	0	104	174	0	0	197	254	0	0	159	172	2	65	78	0	0	67	91	0	0	132	186	0	0	303	300	2	0	376	95	140	0	105	145	0	94	174	0	0	173	239	0	0	116	151	0	53	78	0	0	54	83	0	0	104	174	0	0	197	254	0	0	159	172	2	100	46	0	0	68	85	0	0	65	78	0	0	67	91	0	0	132	186	0	0	303	300	2	0	356	61	116	0	95	140	0	69	164	0	0	156	232	0	0	105	145	0	34	78	0	0	46	77	0	0	94	174	0	0	173	239	0	0	116	151	0	49	30	0	0	53	75	0	0	53	78	0	0	54	83	0	0	104	174	0	0	197	254	0	0	159	172	2	90	126	8	0	138	245	4	0	100	46	0	0	68	85	0	0	65	78	0	0	67	91	0	0	132	186	0	0	303	300	2	0
442	425	117	116	0	408	78	93	0	116	116	0	89	27	0	0	226	198	0	0	391	72	89	0	77	93	0	72	27	0	0	128	133	0	0	116	116	0	48	43	0	0	64	20	0	0	89	27	0	0	226	198	0	0	374	64	83	0	71	89	0	65	27	0	0	115	126	0	0	77	93	0	34	40	0	0	41	18	0	0	72	27	0	0	128	133	0	0	116	116	0	61	29	0	0	52	69	0	0	48	43	0	0	64	20	0	0	89	27	0	0	226	198	0	0	357	40	61	0	63	83	0	43	12	0	0	101	114	0	0	71	89	0	19	37	0	0	36	18	0	0	65	27	0	0	115	126	0	0	77	93	0	18	9	0	0	37	63	0	0	34	40	0	0	41	18	0	0	72	27	0	0	128	133	0	0	116	116	0	45	90	0	0	84	191	0	0	61	29	0	0	52	69	0	0	48	43	0	0	64	20	0	0	89	27	0	0	226	198	0	0
440	424	123	104	0	408	84	76	0	118	104	0	89	72	0	0	228	192	0	0	392	78	60	0	79	76	0	74	40	0	0	131	118	0	0	118	104	0	42	80	0	0	59	40	0	0	89	72	0	0	228	192	0	0	376	71	44	0	73	60	0	67	32	0	0	120	90	0	0	79	76	0	30	56	0	0	41	28	0	0	74	40	0	0	131	118	0	0	118	104	0	63	104	0	0	58	70	0	0	42	80	0	0	59	40	0	0	89	72	0	0	228	192	0	0	360	52	28	0	66	44	0	48	16	0	0	108	66	0	0	73	60	0	19	40	0	0	38	20	0	0	67	32	0	0	120	90	0	0	79	76	0	27	56	0	0	44	60	0	0	30	56	0	0	41	28	0	0	74	40	0	0	131	118	0	0	118	104	0	68	32	0	0	97	140	0	0	63	104	0	0	58	70	0	0	42	80	0	0	59	40	0	0	89	72	0	0	228	192	0	0
376	362	97	76	0	348	58	52	0	96	76	0	70	93	0	0	181	197	0	0	334	51	49	0	57	52	0	51	84	0	0	89	125	0	0	96	76	0	44	21	0	0	45	44	0	0	70	93	0	0	181	197	0	0	320	42	49	0	50	49	0	40	84	0	0	77	119	0	0	57	52	0	26	21	0	0	29	35	0	0	51	84	0	0	89	125	0	0	96	76	0	42	0	0	0	33	72	0	0	44	21	0	0	45	44	0	0	70	93	0	0	181	197	0	0	306	29	37	0	41	49	0	25	84	0	0	64	119	0	0	50	49	0	17	21	0	0	23	35	0	0	40	84	0	0	77	119	0	0	57	52	0	13	0	0	0	24	63	0	0	26	21	0	0	29	35	0	0	51	84	0	0	89	125	0	0	96	76	0	42	36	0	0	58	56	0	0	42	0	0	0	33	72	0	0	44	21	0	0	45	44	0	0	70	93	0	0	181	197	0	0
461	444	94	67	64	427	60	31	50	86	67	64	38	0	120	0	169	103	192	19	410	56	31	50	52	31	50	28	0	100	0	86	31	150	11	85	67	64	24	0	6	0	23	36	0	0	34	0	120	0	165	103	192	19	393	50	31	50	48	31	50	25	0	100	0	81	31	150	8	51	31	50	14	0	0	0	8	0	0	0	24	0	100	0	82	31	150	11	84	67	64	21	0	30	0	29	0	0	0	20	0	6	0	22	36	0	0	33	0	120	0	162	103	192	19	376	42	31	45	42	31	50	15	0	100	0	73	31	150	0	47	31	50	13	0	0	0	8	0	0	0	21	0	100	0	77	31	150	8	50	31	50	13	0	0	0	28	0	0	0	10	0	0	0	7	0	0	0	23	0	100	0	79	31	150	11	83	67	64	18	0	26	37	80	30	0	0	17	0	30	0	29	0	0	0	19	0	6	0	22	36	0	0	32	0	120	0	157	103	192	19
288	278	56	16	27	268	33	0	20	49	16	27	23	0	70	0	113	24	54	0	258	32	0	20	26	0	20	21	0	70	0	53	0	40	0	48	16	27	12	0	0	0	19	8	0	0	19	0	70	0	109	24	54	0	248	31	0	20	25	0	20	21	0	70	0	53	0	40	0	25	0	20	12	0	0	0	8	0	0	0	17	0	70	0	49	0	40	0	47	16	27	5	0	4	0	18	0	0	0	8	0	0	0	18	8	0	0	18	0	70	0	106	24	54	0	238	25	0	20	24	0	20	18	0	70	0	51	0	40	0	24	0	20	12	0	0	0	8	0	0	0	17	0	70	0	49	0	40	0	24	0	20	5	0	0	0	18	0	0	0	8	0	0	0	7	0	0	0	16	0	70	0	46	0	40	0	46	16	27	3	0	21	0	36	0	0	0	1	0	4	0	18	0	0	0	7	0	0	0	18	8	0	0	17	0	70	0	101	24	54	0
448	431	93	89	27	415	57	44	10	79	73	27	43	0	60	0	142	177	135	19	399	53	44	10	43	28	10	33	0	40	0	70	42	50	11	78	73	27	29	0	6	0	27	27	0	0	39	0	60	0	138	177	135	19	383	47	44	10	39	28	10	30	0	40	0	65	42	50	8	42	28	10	19	0	0	0	13	0	0	0	29	0	40	0	66	42	50	11	76	73	27	19	0	30	0	34	0	0	0	23	0	6	0	25	27	0	0	38	0	60	0	132	177	135	19	367	38	44	10	33	28	10	20	0	40	0	57	42	50	0	38	28	10	18	0	0	0	13	0	0	0	26	0	40	0	61	42	50	8	40	28	10	13	0	0	0	34	0	0	0	13	0	0	0	11	0	0	0	28	0	40	0	60	42	50	11	75	73	27	11	0	35	0	82	0	0	0	15	0	30	0	34	0	0	0	22	0	6	0	25	27	0	0	37	0	60	0	127	177	135	19
390	376	93	49	22	362	67	13	0	85	49	22	59	0	20	0	141	103	88	21	348	63	13	0	59	13	0	49	0	0	0	86	13	0	11	85	49	22	28	0	6	0	30	27	0	0	59	0	20	0	141	103	88	21	334	55	13	0	55	13	0	46	0	0	0	81	13	0	8	59	13	0	18	0	0	0	18	0	0	0	49	0	0	0	86	13	0	11	85	49	22	20	0	40	0	43	0	0	0	28	0	6	0	30	27	0	0	59	0	20	0	141	103	88	21	320	42	13	0	47	13	0	32	0	0	0	70	13	0	0	55	13	0	17	0	0	0	18	0	0	0	46	0	0	0	81	13	0	8	59	13	0	12	0	0	0	43	0	0	0	18	0	0	0	18	0	0	0	49	0	0	0	86	13	0	11	85	49	22	26	0	45	0	109	26	0	0	20	0	40	0	43	0	0	0	28	0	6	0	30	27	0	0	59	0	20	0	141	103	88	21
231	223	46	7	11	215	29	0	0	43	7	11	19	0	8	0	85	7	11	0	207	29	0	0	26	0	0	19	0	0	0	44	0	0	0	43	7	11	15	0	0	0	21	0	0	0	19	0	8	0	85	7	11	0	199	26	0	0	26	0	0	19	0	0	0	44	0	0	0	26	0	0	11	0	0	0	9	0	0	0	19	0	0	0	44	0	0	0	43	7	11	9	0	12	0	22	0	0	0	15	0	0	0	21	0	0	0	19	0	8	0	85	7	11	0	191	18	0	0	23	0	0	12	0	0	0	39	0	0	0	26	0	0	11	0	0	0	9	0	0	0	19	0	0	0	44	0	0	0	26	0	0	5	0	0	0	22	0	0	0	11	0	0	0	9	0	0	0	19	0	0	0	44	0	0	0	43	7	11	3	0	29	0	42	0	0	0	9	0	12	0	22	0	0	0	15	0	0	0	21	0	0	0	19	0	8	0	85	7	11	0
421	404	59	44	102	389	40	30	47	47	14	102	20	0	26	76	74	42	102	151	374	35	30	42	28	0	47	12	0	26	60	43	0	47	80	46	14	102	11	0	16	12	5	0	0	0	16	0	26	76	70	42	102	151	359	33	30	41	23	0	42	8	0	24	60	38	0	42	80	27	0	47	11	0	8	11	5	0	0	0	8	0	26	60	39	0	47	80	44	14	102	12	0	16	11	15	0	0	0	5	0	16	12	3	0	0	0	15	0	26	76	64	42	102	151	344	33	30	38	21	0	41	8	0	22	60	35	0	41	80	22	0	42	11	0	0	8	5	0	0	0	4	0	24	60	34	0	42	80	25	0	47	12	0	8	8	14	0	0	0	5	0	8	11	3	0	0	0	7	0	26	60	33	0	47	80	43	14	102	8	0	0	24	52	0	0	0	8	0	16	11	15	0	0	0	4	0	16	12	3	0	0	0	14	0	26	76	59	42	102	151
461	444	76	57	96	427	54	29	49	61	57	96	31	26	35	78	82	81	192	140	410	49	16	42	39	29	49	22	0	32	60	50	16	98	80	60	57	96	8	0	27	12	9	0	96	19	27	26	35	78	78	81	192	140	393	47	16	41	34	16	42	19	0	24	60	45	16	84	80	38	29	49	7	0	18	11	9	0	49	11	18	0	32	60	46	16	98	80	58	57	96	14	0	9	11	21	15	0	0	2	0	27	12	7	0	96	19	26	26	35	78	72	81	192	140	376	40	16	38	32	16	41	16	0	22	60	42	16	82	80	33	16	42	7	0	0	8	9	0	42	8	15	0	24	60	41	16	84	80	36	29	49	8	0	6	8	19	13	0	0	1	0	18	11	7	0	49	11	17	0	32	60	40	16	98	80	57	57	96	13	0	0	24	62	103	0	0	10	0	9	11	21	15	0	0	1	0	27	12	7	0	96	19	25	26	35	78	67	81	192	140
476	456	77	113	89	438	48	53	74	59	77	89	31	0	77	60	88	159	445	27	420	43	51	73	30	17	74	18	0	77	60	47	51	370	10	53	77	89	8	34	10	12	3	17	0	0	20	0	77	60	69	159	445	27	403	43	51	69	26	17	73	18	0	75	60	45	51	365	10	27	17	74	8	34	10	11	3	17	0	0	10	0	77	60	37	51	370	10	50	60	89	13	0	0	32	14	0	0	0	2	0	10	12	1	0	0	0	17	0	77	60	61	108	445	27	386	41	51	56	26	17	69	18	0	67	60	45	51	345	10	23	17	73	8	34	10	8	3	17	0	0	10	0	75	60	35	51	365	10	24	0	74	9	0	0	8	12	0	0	0	2	0	10	11	1	0	0	0	7	0	77	60	29	0	370	10	48	60	89	12	0	0	45	45	24	0	21	8	0	0	32	14	0	0	0	0	0	10	12	1	0	0	0	14	0	77	60	52	108	445	27
308	293	50	72	31	282	32	44	10	36	28	31	21	0	0	30	54	49	124	49	271	29	44	10	18	0	10	13	0	0	30	31	0	40	10	34	28	31	7	0	0	0	2	0	0	0	14	0	0	30	47	49	124	49	260	29	44	10	15	0	10	13	0	0	30	29	0	40	10	16	0	10	7	0	0	0	2	0	0	0	6	0	0	30	24	0	40	10	32	28	31	12	0	0	0	5	0	0	0	1	0	0	0	0	0	0	0	13	0	0	30	41	49	124	49	249	27	44	10	15	0	10	13	0	0	30	29	0	40	10	13	0	10	7	0	0	0	2	0	0	0	6	0	0	30	22	0	40	10	14	0	10	8	0	0	0	3	0	0	0	1	0	0	0	0	0	0	0	5	0	0	30	18	0	40	10	31	28	31	10	0	0	0	27	14	0	0	8	0	0	0	5	0	0	0	0	0	0	0	0	0	0	0	12	0	0	30	36	49	124	49
482	463	80	121	60	445	54	83	23	66	103	60	28	90	35	34	83	131	180	113	427	48	63	12	40	65	23	23	30	32	0	48	65	69	60	65	103	60	11	0	43	12	20	0	120	19	25	90	35	34	80	131	180	113	409	43	59	11	34	45	12	16	30	24	0	42	45	36	60	39	65	23	8	0	26	11	17	0	46	11	20	30	32	0	45	65	69	60	64	103	60	20	52	25	11	32	26	0	0	9	0	43	12	19	0	120	19	25	90	35	34	77	131	180	113	391	34	51	8	29	41	11	9	26	22	0	34	39	33	60	33	45	12	8	0	0	8	17	0	24	8	13	30	24	0	39	45	36	60	38	65	23	8	40	14	8	25	20	0	0	6	0	26	11	16	0	46	11	20	30	32	0	42	65	69	60	64	103	60	5	86	0	24	69	111	0	0	20	52	25	11	32	26	0	0	9	0	43	12	19	0	120	19	25	90	35	34	77	131	180	113
274	260	33	52	52	249	20	40	21	21	19	52	9	30	20	21	23	30	52	180	239	20	40	21	11	10	21	9	30	0	21	21	30	21	107	20	9	52	5	0	0	0	2	0	0	0	8	0	20	21	20	0	52	180	229	20	40	21	11	10	21	9	30	0	21	21	30	21	95	10	0	21	5	0	0	0	2	0	0	0	8	0	0	21	18	0	21	107	17	9	52	9	0	0	0	4	0	0	0	1	0	0	0	0	0	0	0	6	0	20	21	12	0	52	180	219	16	40	21	11	10	21	9	30	0	21	21	30	21	90	10	0	21	5	0	0	0	2	0	0	0	8	0	0	21	18	0	21	95	7	0	21	1	0	0	0	0	0	0	0	1	0	0	0	0	0	0	0	6	0	0	21	10	0	21	107	16	9	52	4	0	20	0	15	0	0	0	8	0	0	0	4	0	0	0	0	0	0	0	0	0	0	0	4	0	20	21	8	0	52	180
429	413	62	39	101	397	44	0	38	49	39	101	17	0	107	80	32	0	303	378	381	43	0	35	31	0	38	14	0	67	74	24	0	114	203	48	39	101	2	0	11	18	9	0	0	0	14	0	107	80	29	0	303	378	365	42	0	27	30	0	35	14	0	58	58	23	0	105	179	30	0	38	2	0	9	0	9	0	0	0	11	0	67	74	21	0	114	203	47	39	101	8	0	0	17	38	13	0	19	0	0	11	18	8	0	0	0	14	0	107	80	26	0	303	378	349	34	0	18	29	0	27	11	0	35	51	21	0	81	172	29	0	35	2	0	6	0	8	0	0	0	11	0	58	58	20	0	105	179	29	0	38	0	0	0	11	30	0	0	11	0	0	9	0	8	0	0	0	11	0	67	74	18	0	114	203	47	39	101	6	0	20	32	85	52	0	18	8	0	0	17	38	13	0	19	0	0	11	18	8	0	0	0	14	0	107	80	26	0	303	378
350	337	38	12	73	324	24	0	48	28	12	73	5	0	34	72	12	0	73	120	311	24	0	48	14	0	48	5	0	33	72	12	0	48	84	27	12	73	2	0	0	0	2	0	0	0	2	0	34	72	9	0	73	120	298	24	0	47	14	0	48	5	0	33	68	12	0	48	83	13	0	48	2	0	0	0	2	0	0	0	2	0	33	72	9	0	48	84	26	12	73	4	0	0	12	13	0	0	0	0	0	0	0	1	0	0	0	2	0	34	72	6	0	73	120	285	22	0	34	14	0	47	5	0	33	61	12	0	47	79	13	0	48	2	0	0	0	2	0	0	0	2	0	33	68	9	0	48	83	12	0	48	0	0	0	11	11	0	0	0	0	0	0	0	1	0	0	0	2	0	33	72	6	0	48	84	26	12	73	4	0	0	48	32	0	0	6	4	0	0	12	13	0	0	0	0	0	0	0	1	0	0	0	2	0	34	72	6	0	73	120
295	284	34	18	35	273	19	0	23	28	18	35	5	0	47	0	11	0	70	89	262	19	0	23	13	0	23	5	0	47	0	11	0	46	74	27	18	35	2	0	0	0	1	0	0	0	2	0	47	0	8	0	70	89	251	19	0	23	13	0	23	5	0	47	0	11	0	46	73	12	0	23	2	0	0	0	1	0	0	0	2	0	47	0	8	0	46	74	26	18	35	4	0	0	0	14	0	0	0	0	0	0	0	0	0	0	0	2	0	47	0	5	0	70	89	240	16	0	6	13	0	23	5	0	47	0	11	0	46	69	12	0	23	2	0	0	0	1	0	0	0	2	0	47	0	8	0	46	73	11	0	23	0	0	0	0	11	0	0	0	0	0	0	0	0	0	0	0	2	0	47	0	5	0	46	74	26	18	35	6	0	0	16	31	9	0	36	4	0	0	0	14	0	0	0	0	0	0	0	0	0	0	0	2	0	47	0	5	0	70	89
337	323	34	61	42	310	21	43	0	23	48	42	8	20	33	0	15	30	84	276	297	21	43	0	10	30	0	8	20	0	0	13	30	0	156	22	48	42	2	0	0	0	5	0	0	0	5	20	33	0	12	30	84	276	284	20	39	0	10	30	0	8	20	0	0	13	30	0	137	9	30	0	2	0	0	0	5	0	0	0	5	20	0	0	10	30	0	156	21	48	42	4	32	0	0	8	8	0	0	0	0	0	0	4	0	0	0	5	20	33	0	9	30	84	276	271	15	21	0	9	26	0	5	16	0	0	11	24	0	131	9	30	0	2	0	0	0	5	0	0	0	5	20	0	0	10	30	0	137	8	30	0	0	0	0	0	3	0	0	0	0	0	0	0	4	0	0	0	5	20	0	0	7	30	0	156	21	48	42	2	16	20	0	17	24	84	0	4	32	0	0	8	8	0	0	0	0	0	0	4	0	0	0	5	20	33	0	9	30	84	276
364	350	38	0	107	336	38	0	46	34	0	107	32	0	0	66	28	0	0	303	322	38	0	45	34	0	46	32	0	0	64	28	0	0	130	33	0	107	6	0	0	10	6	0	0	0	29	0	0	66	25	0	0	303	308	35	0	45	34	0	45	32	0	0	64	28	0	0	127	33	0	46	6	0	0	10	6	0	0	0	29	0	0	64	25	0	0	130	33	0	107	2	0	16	0	35	0	0	0	6	0	0	10	6	0	0	0	29	0	0	66	25	0	0	303	294	29	0	44	31	0	45	27	0	0	63	23	0	0	118	33	0	45	6	0	0	10	6	0	0	0	29	0	0	64	25	0	0	127	33	0	46	2	0	0	0	35	0	0	0	6	0	0	10	6	0	0	0	29	0	0	64	25	0	0	130	33	0	107	10	0	14	5	60	0	0	0	2	0	16	0	35	0	0	0	6	0	0	10	6	0	0	0	29	0	0	66	25	0	0	303
325	312	54	23	60	299	52	23	32	54	23	60	55	0	4	30	72	0	0	136	286	52	23	32	52	23	32	55	0	4	30	70	0	0	61	54	23	60	16	0	0	0	21	0	0	0	55	0	4	30	72	0	0	136	273	47	23	32	52	23	32	55	0	4	30	70	0	0	58	52	23	32	16	0	0	0	19	0	0	0	55	0	4	30	70	0	0	61	54	23	60	29	0	0	0	44	47	0	0	16	0	0	0	21	0	0	0	55	0	4	30	72	0	0	136	260	33	12	29	47	23	32	37	0	4	29	58	0	0	50	52	23	32	16	0	0	0	19	0	0	0	55	0	4	30	70	0	0	58	52	23	32	24	0	0	0	38	47	0	0	16	0	0	0	19	0	0	0	55	0	4	30	70	0	0	61	54	23	60	19	0	10	9	70	60	60	0	29	0	0	0	44	47	0	0	16	0	0	0	21	0	0	0	55	0	4	30	72	0	0	136
427	410	74	55	87	393	66	52	58	72	55	87	61	39	16	81	105	40	0	143	376	62	52	33	64	52	58	57	39	15	23	96	39	0	38	72	55	87	22	0	0	18	28	56	0	156	61	39	16	81	105	40	0	143	359	54	39	30	60	52	33	49	39	13	20	85	39	0	35	64	52	58	18	0	0	12	23	52	0	72	57	39	15	23	96	39	0	38	72	55	87	41	0	42	18	57	42	87	0	22	0	0	18	28	56	0	156	61	39	16	81	105	40	0	143	342	41	0	21	52	39	30	41	0	10	13	68	13	0	27	60	52	33	18	0	0	0	23	52	0	54	49	39	13	20	85	39	0	35	64	52	58	28	0	20	0	42	39	58	0	18	0	0	12	23	52	0	72	57	39	15	23	96	39	0	38	72	55	87	22	0	31	9	86	0	261	19	41	0	42	18	57	42	87	0	22	0	0	18	28	56	0	156	61	39	16	81	105	40	0	143
440	421	107	125	45	402	80	110	43	107	125	45	91	84	48	17	163	265	45	0	383	74	110	39	80	110	43	85	84	47	15	133	244	43	0	107	125	45	46	0	0	34	46	59	0	0	91	84	48	17	163	265	45	0	364	63	94	31	74	110	39	74	84	41	12	115	244	39	0	80	110	43	32	0	0	20	35	50	0	0	85	84	47	15	133	244	43	0	107	125	45	43	156	20	39	78	74	0	0	46	0	0	34	46	59	0	0	91	84	48	17	163	265	45	0	345	45	50	13	63	94	31	58	60	28	5	91	194	31	0	74	110	39	30	0	0	0	35	50	0	0	74	84	41	12	115	244	39	0	80	110	43	20	120	20	0	42	44	0	0	32	0	0	20	35	50	0	0	85	84	47	15	133	244	43	0	107	125	45	38	80	10	9	125	120	180	21	43	156	20	39	78	74	0	0	46	0	0	34	46	59	0	0	91	84	48	17	163	265	45	0
435	417	103	110	61	399	76	84	56	102	110	61	73	92	75	47	174	230	122	0	381	67	80	42	75	84	56	61	88	74	15	128	187	112	0	102	110	61	41	45	0	34	49	102	0	60	73	92	75	47	174	230	122	0	363	54	59	29	66	80	42	48	80	68	12	101	175	84	0	75	84	56	25	23	0	20	34	77	0	23	61	88	74	15	128	187	112	0	102	110	61	39	120	55	59	63	69	61	0	41	45	0	34	49	102	0	60	73	92	75	47	174	230	122	0	345	40	20	7	53	59	29	31	36	40	5	77	129	58	0	66	80	42	20	20	0	0	34	77	0	12	48	80	68	12	101	175	84	0	75	84	56	26	44	49	0	31	22	56	0	25	23	0	20	34	77	0	23	61	88	74	15	128	187	112	0	102	110	61	36	29	17	9	95	45	244	21	39	120	55	59	63	69	61	0	41	45	0	34	49	102	0	60	73	92	75	47	174	230	122	0
441	422	105	122	78	403	81	100	48	105	122	78	88	145	21	93	211	230	78	106	384	66	82	47	81	100	48	68	120	21	90	153	178	48	99	105	122	78	40	88	50	11	50	104	78	0	88	145	21	93	211	230	78	106	365	49	49	43	66	82	47	48	82	21	80	116	144	47	81	81	100	48	23	53	36	9	38	77	48	0	68	120	21	90	153	178	48	99	105	122	78	45	31	80	34	31	54	234	0	40	88	50	11	50	104	78	0	88	145	21	93	211	230	78	106	346	37	27	26	49	49	43	35	20	21	56	93	98	43	60	66	82	47	18	30	36	6	35	70	47	0	48	82	21	80	116	144	47	81	81	100	48	29	10	4	20	21	22	144	0	23	53	36	9	38	77	48	0	68	120	21	90	153	178	48	99	105	122	78	34	27	35	71	54	35	156	0	45	31	80	34	31	54	234	0	40	88	50	11	50	104	78	0	88	145	21	93	211	230	78	106
378	362	75	87	46	346	51	61	32	75	87	46	58	102	21	41	148	145	92	61	330	39	46	32	51	61	32	41	76	21	41	92	90	64	56	75	87	46	28	62	50	0	39	57	46	0	58	102	21	41	148	145	92	61	314	28	24	30	39	46	32	28	48	21	37	65	64	64	42	51	61	32	14	24	36	0	26	30	32	0	41	76	21	41	92	90	64	56	75	87	46	24	48	36	16	19	24	92	0	28	62	50	0	39	57	46	0	58	102	21	41	148	145	92	61	298	17	0	16	28	24	30	15	0	21	22	51	32	60	29	39	46	32	10	0	36	0	22	24	32	0	28	48	21	37	65	64	64	42	51	61	32	8	0	0	8	7	0	64	0	14	24	36	0	26	30	32	0	41	76	21	41	92	90	64	56	75	87	46	15	0	35	53	24	0	138	0	24	48	36	16	19	24	92	0	28	62	50	0	39	57	46	0	58	102	21	41	148	145	92	61
283	271	59	47	17	259	33	32	16	59	47	17	44	24	21	9	124	82	34	0	247	24	30	16	33	32	16	26	24	21	9	56	48	32	0	59	47	17	25	12	17	0	31	34	0	0	44	24	21	9	124	82	34	0	235	16	18	16	24	30	16	15	18	21	9	37	44	32	0	33	32	16	9	0	16	0	15	16	0	0	26	24	21	9	56	48	32	0	59	47	17	17	36	0	0	17	18	17	0	25	12	17	0	31	34	0	0	44	24	21	9	124	82	34	0	223	8	0	7	16	18	16	3	0	21	4	26	24	32	0	24	30	16	3	0	16	0	11	12	0	0	15	18	21	9	37	44	32	0	33	32	16	1	0	0	0	2	0	16	0	9	0	16	0	15	16	0	0	26	24	21	9	56	48	32	0	59	47	17	6	0	10	32	13	0	51	0	17	36	0	0	17	18	17	0	25	12	17	0	31	34	0	0	44	24	21	9	124	82	34	0
213	204	44	26	0	195	20	14	0	44	26	0	32	0	0	0	83	61	0	0	186	15	14	0	20	14	0	18	0	0	0	29	28	0	0	44	26	0	18	0	0	0	21	12	0	0	32	0	0	0	83	61	0	0	177	9	6	0	15	14	0	10	0	0	0	22	28	0	0	20	14	0	3	0	0	0	11	0	0	0	18	0	0	0	29	28	0	0	44	26	0	12	24	0	0	9	9	0	0	18	0	0	0	21	12	0	0	32	0	0	0	83	61	0	0	168	3	0	0	9	6	0	1	0	0	0	13	12	0	0	15	14	0	0	0	0	0	6	0	0	0	10	0	0	0	22	28	0	0	20	14	0	0	0	0	0	0	0	0	0	3	0	0	0	11	0	0	0	18	0	0	0	29	28	0	0	44	26	0	4	0	0	0	4	0	0	0	12	24	0	0	9	9	0	0	18	0	0	0	21	12	0	0	32	0	0	0	83	61	0	0
170	163	35	10	0	156	13	0	0	35	10	0	21	0	0	0	61	32	0	0	149	9	0	0	13	0	0	9	0	0	0	19	0	0	0	35	10	0	11	0	0	0	14	8	0	0	21	0	0	0	61	32	0	0	142	5	0	0	9	0	0	3	0	0	0	14	0	0	0	13	0	0	0	0	0	0	7	0	0	0	9	0	0	0	19	0	0	0	35	10	0	14	0	0	0	6	6	0	0	11	0	0	0	14	8	0	0	21	0	0	0	61	32	0	0	135	0	0	0	5	0	0	0	0	0	0	8	0	0	0	9	0	0	0	0	0	0	2	0	0	0	3	0	0	0	14	0	0	0	13	0	0	0	0	0	0	0	0	0	0	0	0	0	0	7	0	0	0	9	0	0	0	19	0	0	0	35	10	0	0	0	0	0	0	0	0	0	14	0	0	0	6	6	0	0	11	0	0	0	14	8	0	0	21	0	0	0	61	32	0	0
284	272	39	29	29	260	18	9	7	39	29	29	28	18	18	21	61	47	58	63	248	11	0	7	18	9	7	15	0	7	21	30	9	14	48	39	29	29	12	0	22	0	11	11	29	0	28	18	18	21	61	47	58	63	236	0	0	7	11	0	7	0	0	7	21	16	0	14	48	18	9	7	0	0	0	0	9	9	7	0	15	0	7	21	30	9	14	48	39	29	29	0	0	48	0	0	0	0	0	12	0	22	0	11	11	29	0	28	18	18	21	61	47	58	63	224	0	0	7	0	0	7	0	0	7	21	0	0	14	46	11	0	7	0	0	0	0	0	0	7	0	0	0	7	21	16	0	14	48	18	9	7	0	0	0	0	0	0	0	0	0	0	0	0	9	9	7	0	15	0	7	21	30	9	14	48	39	29	29	0	0	0	0	0	0	0	0	0	0	48	0	0	0	0	0	12	0	22	0	11	11	29	0	28	18	18	21	61	47	58	63
416	398	55	101	39	380	27	59	7	55	101	39	34	138	28	21	96	149	117	141	362	16	30	7	27	59	7	18	60	7	21	50	82	21	96	55	101	39	8	90	52	0	17	39	78	0	34	138	28	21	96	149	117	141	344	6	0	7	16	30	7	3	0	7	21	27	40	21	95	27	59	7	3	0	0	0	15	30	14	0	18	60	7	21	50	82	21	96	55	101	39	1	0	68	0	2	0	117	0	8	90	52	0	17	39	78	0	34	138	28	21	96	149	117	141	326	5	0	7	6	0	7	1	0	7	21	11	0	21	89	16	30	7	0	0	0	0	1	0	14	0	3	0	7	21	27	40	21	95	27	59	7	0	0	0	0	2	0	21	0	3	0	0	0	15	30	14	0	18	60	7	21	50	82	21	96	55	101	39	5	0	10	0	8	0	0	0	1	0	68	0	2	0	117	0	8	90	52	0	17	39	78	0	34	138	28	21	96	149	117	141
259	248	28	30	12	237	8	0	7	27	30	12	18	0	10	21	31	48	60	0	226	4	0	7	7	0	7	6	0	7	21	9	0	35	0	27	30	12	9	0	0	0	7	0	0	0	18	0	10	21	31	48	60	0	215	1	0	7	3	0	7	0	0	7	21	4	0	35	0	7	0	7	0	0	0	0	5	0	0	0	6	0	7	21	9	0	35	0	27	30	12	0	0	0	0	1	0	0	0	9	0	0	0	7	0	0	0	18	0	10	21	31	48	60	0	204	1	0	7	0	0	7	0	0	7	21	0	0	35	0	3	0	7	0	0	0	0	0	0	0	0	0	0	7	21	4	0	35	0	7	0	7	0	0	0	0	0	0	0	0	0	0	0	0	5	0	0	0	6	0	7	21	9	0	35	0	27	30	12	0	0	0	0	0	0	0	0	0	0	0	0	1	0	0	0	9	0	0	0	7	0	0	0	18	0	10	21	31	48	60	0
190	182	26	12	5	174	9	0	0	26	12	5	18	0	0	0	37	18	10	0	166	5	0	0	9	0	0	6	0	0	0	13	0	0	0	26	12	5	9	0	0	0	6	0	0	0	18	0	0	0	37	18	10	0	158	0	0	0	5	0	0	0	0	0	0	8	0	0	0	9	0	0	0	0	0	0	5	0	0	0	6	0	0	0	13	0	0	0	26	12	5	0	0	6	0	0	0	0	0	9	0	0	0	6	0	0	0	18	0	0	0	37	18	10	0	150	0	0	0	0	0	0	0	0	0	0	0	0	0	0	5	0	0	0	0	0	0	0	0	0	0	0	0	0	0	8	0	0	0	9	0	0	0	0	0	0	0	0	0	0	0	0	0	0	5	0	0	0	6	0	0	0	13	0	0	0	26	12	5	0	0	0	0	0	0	0	0	0	0	6	0	0	0	0	0	9	0	0	0	6	0	0	0	18	0	0	0	37	18	10	0
258	247	29	34	5	236	10	6	0	28	34	5	15	24	0	0	42	46	20	0	225	6	0	0	9	6	0	6	0	0	0	17	6	0	0	28	34	5	9	0	0	0	6	10	5	0	15	24	0	0	42	46	20	0	214	1	0	0	5	0	0	0	0	0	0	8	0	0	0	9	6	0	0	0	0	0	4	6	0	0	6	0	0	0	17	6	0	0	28	34	5	0	0	6	0	0	0	0	0	9	0	0	0	6	10	5	0	15	24	0	0	42	46	20	0	203	1	0	0	0	0	0	0	0	0	0	0	0	0	0	5	0	0	0	0	0	0	0	0	0	0	0	0	0	0	8	0	0	0	9	6	0	0	0	0	0	0	0	0	0	0	0	0	0	4	6	0	0	6	0	0	0	17	6	0	0	28	34	5	0	0	0	0	0	0	0	0	0	0	6	0	0	0	0	0	9	0	0	0	6	10	5	0	15	24	0	0	42	46	20	0
435	416	40	34	138	397	19	0	95	37	34	138	25	0	147	56	52	17	276	90	378	8	0	67	16	0	95	2	0	105	21	32	0	190	21	37	34	138	4	0	106	93	23	17	0	124	25	0	147	56	52	17	276	90	359	7	0	53	5	0	67	0	0	51	21	11	0	134	21	16	0	95	1	0	68	68	0	0	0	80	2	0	105	21	32	0	190	21	37	34	138	4	0	11	55	5	0	0	61	4	0	106	93	23	17	0	124	25	0	147	56	52	17	276	90	340	6	0	50	4	0	53	0	0	13	21	9	0	106	21	5	0	67	0	0	19	68	0	0	0	79	0	0	51	21	11	0	134	21	16	0	95	0	0	10	49	0	0	0	56	1	0	68	68	0	0	0	80	2	0	105	21	32	0	190	21	37	34	138	1	0	11	30	7	0	0	0	4	0	11	55	5	0	0	61	4	0	106	93	23	17	0	124	25	0	147	56	52	17	276	90
253	241	13	21	65	230	3	11	53	10	10	65	0	0	31	0	3	0	65	17	219	3	11	51	0	0	53	0	0	25	0	0	0	53	7	10	10	65	0	0	0	24	3	0	0	0	0	0	31	0	3	0	65	17	208	3	11	45	0	0	51	0	0	25	0	0	0	51	7	0	0	53	0	0	0	20	0	0	0	0	0	0	25	0	0	0	53	7	10	10	65	0	0	0	62	1	0	0	0	0	0	0	24	3	0	0	0	0	0	31	0	3	0	65	17	197	3	11	34	0	0	45	0	0	21	0	0	0	45	7	0	0	51	0	0	0	20	0	0	0	0	0	0	25	0	0	0	51	7	0	0	53	0	0	0	40	0	0	0	0	0	0	0	20	0	0	0	0	0	0	25	0	0	0	53	7	10	10	65	0	0	0	30	0	0	0	42	0	0	0	62	1	0	0	0	0	0	0	24	3	0	0	0	0	0	31	0	3	0	65	17
205	196	13	14	29	187	3	0	23	11	14	29	0	0	49	0	5	0	58	12	178	3	0	23	1	0	23	0	0	49	0	2	0	46	7	11	14	29	0	0	0	0	6	0	0	0	0	0	49	0	5	0	58	12	169	2	0	8	1	0	23	0	0	49	0	2	0	46	7	1	0	23	0	0	0	0	0	0	0	0	0	0	49	0	2	0	46	7	11	14	29	0	0	0	16	3	7	0	87	0	0	0	0	6	0	0	0	0	0	49	0	5	0	58	12	160	2	0	0	0	0	8	0	0	8	0	0	0	16	7	1	0	23	0	0	0	0	0	0	0	0	0	0	49	0	2	0	46	7	1	0	23	0	0	0	0	0	0	0	58	0	0	0	0	0	0	0	0	0	0	49	0	2	0	46	7	11	14	29	0	0	0	0	0	0	0	42	0	0	0	16	3	7	0	87	0	0	0	0	6	0	0	0	0	0	49	0	5	0	58	12
206	197	14	8	28	188	4	0	0	13	8	28	6	0	26	0	10	0	28	61	179	1	0	0	3	0	0	0	0	0	0	4	0	0	14	13	8	28	0	0	30	0	6	0	0	0	6	0	26	0	10	0	28	61	170	1	0	0	0	0	0	0	0	0	0	0	0	0	14	3	0	0	0	0	0	0	0	0	0	0	0	0	0	0	4	0	0	14	13	8	28	0	0	0	0	1	0	0	0	0	0	30	0	6	0	0	0	6	0	26	0	10	0	28	61	161	1	0	0	0	0	0	0	0	0	0	0	0	0	14	0	0	0	0	0	0	0	0	0	0	0	0	0	0	0	0	0	0	14	3	0	0	0	0	0	0	0	0	0	0	0	0	0	0	0	0	0	0	0	0	0	0	4	0	0	14	13	8	28	0	0	0	0	0	0	0	0	0	0	0	0	1	0	0	0	0	0	30	0	6	0	0	0	6	0	26	0	10	0	28	61
228	218	16	16	31	208	5	0	0	15	16	31	7	0	35	0	18	8	62	85	198	1	0	0	4	0	0	0	0	0	0	9	0	0	21	15	16	31	0	0	30	0	6	8	0	0	7	0	35	0	18	8	62	85	188	1	0	0	0	0	0	0	0	0	0	0	0	0	21	4	0	0	0	0	0	0	0	0	0	0	0	0	0	0	9	0	0	21	15	16	31	0	0	0	0	1	0	0	0	0	0	30	0	6	8	0	0	7	0	35	0	18	8	62	85	178	1	0	0	0	0	0	0	0	0	0	0	0	0	21	0	0	0	0	0	0	0	0	0	0	0	0	0	0	0	0	0	0	21	4	0	0	0	0	0	0	0	0	0	0	0	0	0	0	0	0	0	0	0	0	0	0	9	0	0	21	15	16	31	0	0	0	0	0	0	0	0	0	0	0	0	1	0	0	0	0	0	30	0	6	8	0	0	7	0	35	0	18	8	62	85
195	186	26	8	52	177	22	8	44	26	8	52	39	0	0	13	57	16	0	29	168	17	8	44	22	8	44	34	0	0	13	51	16	0	23	26	8	52	8	0	0	0	1	0	0	0	39	0	0	13	57	16	0	29	159	10	0	43	17	8	44	26	0	0	13	35	16	0	23	22	8	44	6	0	0	0	1	0	0	0	34	0	0	13	51	16	0	23	26	8	52	0	0	50	9	12	0	52	0	8	0	0	0	1	0	0	0	39	0	0	13	57	16	0	29	150	4	0	6	10	0	43	12	0	0	0	9	0	0	8	17	8	44	6	0	0	0	1	0	0	0	26	0	0	13	35	16	0	23	22	8	44	0	0	50	0	12	0	44	0	6	0	0	0	1	0	0	0	34	0	0	13	51	16	0	23	26	8	52	0	0	60	24	31	0	0	192	0	0	50	9	12	0	52	0	8	0	0	0	1	0	0	0	39	0	0	13	57	16	0	29
337	321	60	77	57	305	33	56	54	60	77	57	30	116	36	35	154	235	57	0	289	28	18	53	33	56	54	23	72	33	34	84	169	54	0	60	77	57	11	18	21	10	8	0	228	0	30	116	36	35	154	235	57	0	273	22	0	39	28	18	53	22	0	31	22	68	63	53	0	33	56	54	10	0	20	0	8	0	216	0	23	72	33	34	84	169	54	0	60	77	57	11	0	51	35	8	0	114	78	11	18	21	10	8	0	228	0	30	116	36	35	154	235	57	0	257	18	0	4	22	0	39	15	0	9	0	44	0	39	0	28	18	53	9	0	19	0	8	0	212	0	22	0	31	22	68	63	53	0	33	56	54	9	0	50	4	7	0	108	48	10	0	20	0	8	0	216	0	23	72	33	34	84	169	54	0	60	77	57	26	0	29	16	38	10	0	193	11	0	51	35	8	0	114	78	11	18	21	10	8	0	228	0	30	116	36	35	154	235	57	0
286	273	20	0	115	260	17	0	59	17	0	115	19	0	12	74	55	0	0	291	247	12	0	59	14	0	59	14	0	11	74	46	0	0	171	17	0	115	3	0	0	0	0	0	0	0	19	0	12	74	55	0	0	291	234	5	0	56	9	0	59	6	0	11	72	30	0	0	141	14	0	59	0	0	0	0	0	0	0	0	14	0	11	74	46	0	0	171	17	0	115	0	0	42	27	1	0	0	0	3	0	0	0	0	0	0	0	19	0	12	74	55	0	0	291	221	3	0	21	2	0	56	0	0	9	42	4	0	0	106	9	0	59	0	0	0	0	0	0	0	0	6	0	11	72	30	0	0	141	14	0	59	0	0	41	0	1	0	0	0	0	0	0	0	0	0	0	0	14	0	11	74	46	0	0	171	17	0	115	0	0	20	42	7	0	0	193	0	0	42	27	1	0	0	0	3	0	0	0	0	0	0	0	19	0	12	74	55	0	0	291
327	312	38	27	104	297	18	13	67	38	27	104	24	13	108	104	102	109	104	169	282	11	0	39	18	13	67	14	0	93	29	54	65	67	95	38	27	104	3	0	12	26	0	0	104	73	24	13	108	104	102	109	104	169	267	4	0	18	11	0	39	6	0	55	9	34	0	39	67	18	13	67	0	0	11	0	0	0	67	14	14	0	93	29	54	65	67	95	38	27	104	0	0	42	27	1	0	0	124	3	0	12	26	0	0	104	73	24	13	108	104	102	109	104	169	252	2	0	0	4	0	18	0	0	9	0	8	0	18	53	11	0	39	0	0	10	0	0	0	39	14	6	0	55	9	34	0	39	67	18	13	67	0	0	41	0	1	0	0	80	0	0	11	0	0	0	67	14	14	0	93	29	54	65	67	95	38	27	104	4	0	20	0	13	0	0	106	0	0	42	27	1	0	0	124	3	0	12	26	0	0	104	73	24	13	108	104	102	109	104	169
236	225	44	32	56	214	19	14	50	44	32	56	24	28	132	62	112	91	112	0	203	13	0	35	19	14	50	17	0	117	29	50	49	100	0	44	32	56	4	0	12	38	4	0	112	39	24	28	132	62	112	91	112	0	192	10	0	9	13	0	35	9	0	73	9	32	0	70	0	19	14	50	1	0	11	0	4	0	100	7	17	0	117	29	50	49	100	0	44	32	56	2	0	12	18	1	0	0	141	4	0	12	38	4	0	112	39	24	28	132	62	112	91	112	0	181	9	0	0	10	0	9	9	0	9	0	20	0	18	0	13	0	35	1	0	10	0	4	0	70	7	9	0	73	9	32	0	70	0	19	14	50	0	0	11	0	1	0	0	96	1	0	11	0	4	0	100	7	17	0	117	29	50	49	100	0	44	32	56	13	0	0	0	12	9	0	61	2	0	12	18	1	0	0	141	4	0	12	38	4	0	112	39	24	28	132	62	112	91	112	0
370	352	54	59	114	334	28	17	73	54	59	114	31	0	88	140	141	146	342	217	316	25	17	67	28	17	73	23	0	22	125	64	34	219	171	54	59	114	7	0	34	62	13	0	0	0	31	0	88	140	141	146	342	217	298	25	17	48	25	17	67	23	0	21	96	52	34	201	127	28	17	73	7	0	12	29	11	0	0	0	23	0	22	125	64	34	219	171	54	59	114	7	0	0	50	5	0	0	39	7	0	34	62	13	0	0	0	31	0	88	140	141	146	342	217	280	20	14	17	25	17	48	23	0	20	36	52	34	144	66	25	17	67	7	0	11	9	11	0	0	0	23	0	21	96	52	34	201	127	28	17	73	0	0	0	0	4	0	0	7	7	0	12	29	11	0	0	0	23	0	22	125	64	34	219	171	54	59	114	21	42	30	34	29	31	0	141	7	0	0	50	5	0	0	39	7	0	34	62	13	0	0	0	31	0	88	140	141	146	342	217
282	268	37	36	90	254	23	24	75	37	36	90	21	12	39	92	76	59	90	56	240	22	24	69	23	24	75	20	12	22	81	41	36	75	50	37	36	90	7	0	0	64	11	13	0	0	21	12	39	92	76	59	90	56	226	22	24	50	22	24	69	20	12	21	52	39	36	69	35	23	24	75	7	0	0	31	9	12	0	0	20	12	22	81	41	36	75	50	37	36	90	7	0	0	50	5	0	0	39	7	0	0	64	11	13	0	0	21	12	39	92	76	59	90	56	212	17	23	18	22	24	50	20	12	20	0	39	36	50	9	22	24	69	7	0	0	10	9	12	0	0	20	12	21	52	39	36	69	35	23	24	75	0	0	0	0	4	0	0	7	7	0	0	31	9	12	0	0	20	12	22	81	41	36	75	50	37	36	90	18	11	30	46	32	23	0	141	7	0	0	50	5	0	0	39	7	0	0	64	11	13	0	0	21	12	39	92	76	59	90	56
163	155	22	7	37	147	10	7	32	22	7	37	5	0	0	56	48	14	0	0	139	10	7	28	10	7	32	5	0	0	48	22	14	0	0	22	7	37	0	0	0	40	5	0	0	0	5	0	0	56	48	14	0	0	131	10	7	14	10	7	28	5	0	0	22	22	14	0	0	10	7	32	0	0	0	8	3	0	0	0	5	0	0	48	22	14	0	0	22	7	37	2	0	0	28	1	0	0	39	0	0	0	40	5	0	0	0	5	0	0	56	48	14	0	0	123	9	7	0	10	7	14	5	0	0	0	22	14	0	0	10	7	28	0	0	0	0	3	0	0	0	5	0	0	22	22	14	0	0	10	7	32	0	0	0	0	0	0	0	7	0	0	0	8	3	0	0	0	5	0	0	48	22	14	0	0	22	7	37	12	0	0	0	10	7	0	63	2	0	0	28	1	0	0	39	0	0	0	40	5	0	0	0	5	0	0	56	48	14	0	0
155	147	31	21	0	139	17	12	0	31	21	0	13	6	0	0	78	31	0	0	131	16	12	0	17	12	0	12	6	0	0	40	18	0	0	31	21	0	1	0	0	0	7	7	0	0	13	6	0	0	78	31	0	0	123	16	12	0	16	12	0	12	6	0	0	38	18	0	0	17	12	0	1	0	0	0	5	6	0	0	12	6	0	0	40	18	0	0	31	21	0	4	0	0	0	2	0	0	0	1	0	0	0	7	7	0	0	13	6	0	0	78	31	0	0	115	14	10	0	16	12	0	12	6	0	0	38	18	0	0	16	12	0	1	0	0	0	5	6	0	0	12	6	0	0	38	18	0	0	17	12	0	0	0	0	0	1	0	0	0	1	0	0	0	5	6	0	0	12	6	0	0	40	18	0	0	31	21	0	19	8	0	0	14	10	0	0	4	0	0	0	2	0	0	0	1	0	0	0	7	7	0	0	13	6	0	0	78	31	0	0
189	179	42	35	0	169	17	21	0	42	35	0	13	14	0	0	107	105	0	0	159	16	21	0	17	21	0	12	14	0	0	38	70	0	0	42	35	0	1	0	0	0	9	8	0	0	13	14	0	0	107	105	0	0	149	16	21	0	16	21	0	12	14	0	0	36	70	0	0	17	21	0	1	0	0	0	5	7	0	0	12	14	0	0	38	70	0	0	42	35	0	2	0	0	0	2	0	0	0	1	0	0	0	9	8	0	0	13	14	0	0	107	105	0	0	139	15	17	0	16	21	0	12	14	0	0	36	70	0	0	16	21	0	1	0	0	0	5	7	0	0	12	14	0	0	36	70	0	0	17	21	0	0	0	0	0	1	0	0	0	1	0	0	0	5	7	0	0	12	14	0	0	38	70	0	0	42	35	0	24	12	0	0	15	3	0	0	2	0	0	0	2	0	0	0	1	0	0	0	9	8	0	0	13	14	0	0	107	105	0	0
388	367	81	125	90	346	43	91	51	81	125	90	38	124	30	73	162	323	180	204	325	39	90	31	43	91	51	30	120	28	44	81	195	102	148	81	125	90	20	15	10	45	15	48	0	113	38	124	30	73	162	323	180	204	304	31	88	30	39	90	31	25	120	9	42	72	195	62	136	43	91	51	14	15	10	42	13	45	0	104	30	120	28	44	81	195	102	148	81	125	90	18	26	76	11	11	16	0	0	20	15	10	45	15	48	0	113	38	124	30	73	162	323	180	204	283	20	67	29	31	88	30	17	112	9	40	62	191	60	98	39	90	31	12	15	9	39	13	45	0	88	25	120	9	42	72	195	62	136	43	91	51	8	0	70	10	9	15	0	0	14	15	10	42	13	45	0	104	30	120	28	44	81	195	102	148	81	125	90	31	104	73	10	52	60	90	0	18	26	76	11	11	16	0	0	20	15	10	45	15	48	0	113	38	124	30	73	162	323	180	204
194	184	43	17	31	174	18	9	9	43	17	31	14	0	20	9	108	76	31	114	164	18	9	0	18	9	9	14	0	18	0	40	36	9	73	43	17	31	1	0	0	0	6	0	0	57	14	0	20	9	108	76	31	114	154	18	9	0	18	9	0	14	0	0	0	40	36	0	67	18	9	9	1	0	0	0	6	0	0	54	14	0	18	0	40	36	9	73	43	17	31	2	0	0	0	2	0	0	0	1	0	0	0	6	0	0	57	14	0	20	9	108	76	31	114	144	14	8	0	18	9	0	14	0	0	0	40	36	0	48	18	9	0	1	0	0	0	6	0	0	53	14	0	0	0	40	36	0	67	18	9	9	0	0	0	0	1	0	0	0	1	0	0	0	6	0	0	54	14	0	18	0	40	36	9	73	43	17	31	23	8	21	0	19	0	0	0	2	0	0	0	2	0	0	0	1	0	0	0	6	0	0	57	14	0	20	9	108	76	31	114
221	209	50	47	13	197	17	27	9	50	47	13	17	18	20	9	106	138	39	0	185	16	27	0	17	27	9	13	18	18	0	37	72	27	0	50	47	13	1	0	0	0	4	9	0	57	17	18	20	9	106	138	39	0	173	16	27	0	16	27	0	13	18	0	0	35	72	0	0	17	27	9	1	0	0	0	4	9	0	54	13	18	18	0	37	72	27	0	50	47	13	6	0	0	0	2	0	0	0	1	0	0	0	4	9	0	57	17	18	20	9	106	138	39	0	161	13	21	0	16	27	0	13	18	0	0	35	72	0	0	16	27	0	1	0	0	0	4	9	0	53	13	18	0	0	35	72	0	0	17	27	9	0	0	0	0	1	0	0	0	1	0	0	0	4	9	0	54	13	18	18	0	37	72	27	0	50	47	13	26	36	3	0	23	6	0	0	6	0	0	0	2	0	0	0	1	0	0	0	4	9	0	57	17	18	20	9	106	138	39	0
255	242	47	40	47	229	17	0	29	47	40	47	13	0	20	36	92	144	235	114	216	17	0	0	17	0	29	13	0	18	0	35	0	145	73	47	40	47	1	0	0	0	4	0	0	217	13	0	20	36	92	144	235	114	203	17	0	0	17	0	0	13	0	0	0	35	0	0	67	17	0	29	1	0	0	0	4	0	0	171	13	0	18	0	35	0	145	73	47	40	47	6	0	0	0	3	0	0	0	1	0	0	0	4	0	0	217	13	0	20	36	92	144	235	114	190	14	0	0	17	0	0	13	0	0	0	35	0	0	48	17	0	0	1	0	0	0	4	0	0	127	13	0	0	0	35	0	0	67	17	0	29	0	0	0	0	1	0	0	0	1	0	0	0	4	0	0	171	13	0	18	0	35	0	145	73	47	40	47	32	0	14	0	31	8	0	0	6	0	0	0	3	0	0	0	1	0	0	0	4	0	0	217	13	0	20	36	92	144	235	114
205	194	45	39	3	183	17	18	0	45	39	3	14	9	0	0	94	101	12	0	172	17	18	0	17	18	0	14	9	0	0	39	36	0	0	45	39	3	1	0	0	0	5	0	0	0	14	9	0	0	94	101	12	0	161	17	18	0	17	18	0	14	9	0	0	39	36	0	0	17	18	0	1	0	0	0	5	0	0	0	14	9	0	0	39	36	0	0	45	39	3	6	0	0	0	2	0	0	0	1	0	0	0	5	0	0	0	14	9	0	0	94	101	12	0	150	14	14	0	17	18	0	14	9	0	0	39	36	0	0	17	18	0	1	0	0	0	5	0	0	0	14	9	0	0	39	36	0	0	17	18	0	0	0	0	0	1	0	0	0	1	0	0	0	5	0	0	0	14	9	0	0	39	36	0	0	45	39	3	28	20	3	0	22	5	0	0	6	0	0	0	2	0	0	0	1	0	0	0	5	0	0	0	14	9	0	0	94	101	12	0
226	214	31	20	60	202	9	0	43	31	20	60	15	0	72	40	29	0	120	50	190	6	0	42	9	0	43	3	0	72	36	8	0	86	29	31	20	60	0	0	33	9	1	0	0	0	15	0	72	40	29	0	120	50	178	6	0	20	6	0	42	3	0	72	0	8	0	84	0	9	0	43	0	0	33	0	1	0	0	0	3	0	72	36	8	0	86	29	31	20	60	4	0	0	50	11	0	0	109	0	0	33	9	1	0	0	0	15	0	72	40	29	0	120	50	166	4	0	20	6	0	20	3	0	60	0	8	0	40	0	6	0	42	0	0	33	0	0	0	0	0	3	0	72	0	8	0	84	0	9	0	43	0	0	0	50	7	0	0	98	0	0	33	0	1	0	0	0	3	0	72	36	8	0	86	29	31	20	60	13	0	5	0	49	0	0	0	4	0	0	50	11	0	0	109	0	0	33	9	1	0	0	0	15	0	72	40	29	0	120	50
223	211	45	35	33	199	21	0	25	45	35	33	29	0	72	0	49	35	165	47	187	18	0	25	21	0	25	17	0	72	0	33	0	125	29	45	35	33	6	0	33	0	3	0	0	0	29	0	72	0	49	35	165	47	175	17	0	20	18	0	25	17	0	72	0	33	0	125	0	21	0	25	3	0	33	0	2	0	0	0	17	0	72	0	33	0	125	29	45	35	33	19	0	0	50	23	7	0	0	6	0	33	0	3	0	0	0	29	0	72	0	49	35	165	47	163	7	0	20	17	0	20	14	0	60	0	29	0	100	0	18	0	25	3	0	33	0	1	0	0	0	17	0	72	0	33	0	125	0	21	0	25	0	0	0	50	7	0	0	0	3	0	33	0	2	0	0	0	17	0	72	0	33	0	125	29	45	35	33	23	0	0	0	61	63	0	0	19	0	0	50	23	7	0	0	6	0	33	0	3	0	0	0	29	0	72	0	49	35	165	47
351	332	56	83	96	313	35	18	51	56	83	96	33	0	39	50	84	65	480	184	294	31	18	49	35	18	51	29	0	38	46	70	0	255	98	56	83	96	11	0	44	25	10	0	0	0	33	0	39	50	84	65	480	184	275	29	18	31	31	18	49	29	0	38	9	66	0	245	31	35	18	51	8	0	40	12	9	0	0	0	29	0	38	46	70	0	255	98	56	83	96	24	0	13	97	21	13	0	57	11	0	44	25	10	0	0	0	33	0	39	50	84	65	480	184	256	10	13	30	29	18	31	22	0	29	9	60	0	155	30	31	18	49	4	0	40	11	6	0	0	0	29	0	38	9	66	0	245	31	35	18	51	4	0	0	93	5	0	0	54	8	0	40	12	9	0	0	0	29	0	38	46	70	0	255	98	56	83	96	19	65	88	11	56	117	0	0	24	0	13	97	21	13	0	57	11	0	44	25	10	0	0	0	33	0	39	50	84	65	480	184
267	252	39	70	32	237	19	36	0	39	70	32	14	24	0	0	56	64	128	153	222	19	36	0	19	36	0	14	24	0	0	41	48	0	89	39	70	32	1	0	0	0	4	0	0	0	14	24	0	0	56	64	128	153	207	18	32	0	19	36	0	14	24	0	0	41	48	0	31	19	36	0	1	0	0	0	4	0	0	0	14	24	0	0	41	48	0	89	39	70	32	6	32	13	0	9	0	0	0	1	0	0	0	4	0	0	0	14	24	0	0	56	64	128	153	192	5	16	0	18	32	0	10	16	0	0	39	32	0	30	19	36	0	1	0	0	0	4	0	0	0	14	24	0	0	41	48	0	31	19	36	0	0	0	0	0	1	0	0	0	1	0	0	0	4	0	0	0	14	24	0	0	41	48	0	89	39	70	32	6	64	69	0	32	48	32	0	6	32	13	0	9	0	0	0	1	0	0	0	4	0	0	0	14	24	0	0	56	64	128	153
169	160	25	14	19	151	9	0	0	25	14	19	5	0	0	0	28	0	38	63	142	9	0	0	9	0	0	5	0	0	0	16	0	0	38	25	14	19	0	0	0	0	1	0	0	0	5	0	0	0	28	0	38	63	133	9	0	0	9	0	0	5	0	0	0	16	0	0	0	9	0	0	0	0	0	0	1	0	0	0	5	0	0	0	16	0	0	38	25	14	19	4	0	0	0	2	0	0	0	0	0	0	0	1	0	0	0	5	0	0	0	28	0	38	63	124	5	0	0	9	0	0	5	0	0	0	16	0	0	0	9	0	0	0	0	0	0	1	0	0	0	5	0	0	0	16	0	0	0	9	0	0	0	0	0	0	0	0	0	0	0	0	0	0	1	0	0	0	5	0	0	0	16	0	0	38	25	14	19	13	0	17	0	24	0	0	0	4	0	0	0	2	0	0	0	0	0	0	0	1	0	0	0	5	0	0	0	28	0	38	63
162	153	16	0	58	144	11	0	11	16	0	58	5	0	39	22	20	0	0	240	135	11	0	11	11	0	11	5	0	33	22	20	0	0	119	16	0	58	0	0	0	0	1	0	0	0	5	0	39	22	20	0	0	240	126	10	0	11	11	0	11	5	0	33	22	20	0	0	116	11	0	11	0	0	0	0	0	0	0	0	5	0	33	22	20	0	0	119	16	0	58	6	0	8	0	13	0	0	0	0	0	0	0	1	0	0	0	5	0	39	22	20	0	0	240	117	1	0	10	10	0	11	3	0	33	20	16	0	0	71	11	0	11	0	0	0	0	0	0	0	0	5	0	33	22	20	0	0	116	11	0	11	0	0	0	0	0	0	0	0	0	0	0	0	0	0	0	0	5	0	33	22	20	0	0	119	16	0	58	1	0	29	10	20	0	0	0	6	0	8	0	13	0	0	0	0	0	0	0	1	0	0	0	5	0	39	22	20	0	0	240
216	203	48	47	41	190	33	36	11	48	47	41	35	27	39	22	48	72	41	161	177	33	36	11	33	36	11	35	27	33	22	44	72	11	76	48	47	41	6	0	0	0	3	0	0	0	35	27	39	22	48	72	41	161	164	28	33	11	33	36	11	35	27	33	22	44	72	11	74	33	36	11	3	0	0	0	1	0	0	0	35	27	33	22	44	72	11	76	48	47	41	12	24	8	0	17	24	0	0	6	0	0	0	3	0	0	0	35	27	39	22	48	72	41	161	151	14	8	10	28	33	11	15	24	33	20	28	64	11	51	33	36	11	3	0	0	0	1	0	0	0	35	27	33	22	44	72	11	74	33	36	11	0	0	0	0	0	0	0	0	3	0	0	0	1	0	0	0	35	27	33	22	44	72	11	76	48	47	41	17	8	29	10	29	40	123	0	12	24	8	0	17	24	0	0	6	0	0	0	3	0	0	0	35	27	39	22	48	72	41	161
221	208	46	39	58	195	31	30	25	46	39	58	38	0	39	64	48	80	58	161	182	31	30	25	31	30	25	38	0	33	64	44	80	25	76	46	39	58	6	0	0	0	3	0	0	0	38	0	39	64	48	80	58	161	169	26	27	25	31	30	25	38	0	33	64	44	80	25	74	31	30	25	3	0	0	0	1	0	0	0	38	0	33	64	44	80	25	76	46	39	58	12	27	8	0	17	27	0	0	6	0	0	0	3	0	0	0	38	0	39	64	48	80	58	161	156	12	0	20	26	27	25	18	0	33	50	28	72	25	51	31	30	25	3	0	0	0	1	0	0	0	38	0	33	64	44	80	25	74	31	30	25	0	0	0	0	0	0	0	0	3	0	0	0	1	0	0	0	38	0	33	64	44	80	25	76	46	39	58	18	0	29	50	29	45	174	0	12	27	8	0	17	27	0	0	6	0	0	0	3	0	0	0	38	0	39	64	48	80	58	161
291	273	78	116	74	255	52	80	48	78	116	74	53	141	135	75	87	155	222	129	237	50	74	47	52	80	48	49	132	125	74	73	144	144	76	78	116	74	13	57	0	10	7	19	0	0	53	141	135	75	87	155	222	129	219	42	57	47	50	74	47	46	123	121	74	67	131	141	74	52	80	48	9	33	0	10	2	11	0	0	49	132	125	74	73	144	144	76	78	116	74	12	72	12	0	24	56	74	0	13	57	0	10	7	19	0	0	53	141	135	75	87	155	222	129	201	23	24	41	42	57	47	21	72	121	59	46	75	141	51	50	74	47	7	24	0	9	1	8	0	0	46	123	121	74	67	131	141	74	52	80	48	2	0	11	0	0	0	48	0	9	33	0	10	2	11	0	0	49	132	125	74	73	144	144	76	78	116	74	12	72	25	59	53	95	222	0	12	72	12	0	24	56	74	0	13	57	0	10	7	19	0	0	53	141	135	75	87	155	222	129
144	136	13	0	45	128	11	0	0	13	0	45	5	0	0	0	20	0	0	240	120	11	0	0	11	0	0	5	0	0	0	20	0	0	119	13	0	45	0	0	0	0	0	0	0	0	5	0	0	0	20	0	0	240	112	10	0	0	11	0	0	5	0	0	0	20	0	0	116	11	0	0	0	0	0	0	0	0	0	0	5	0	0	0	20	0	0	119	13	0	45	6	0	8	0	6	0	0	0	0	0	0	0	0	0	0	0	5	0	0	0	20	0	0	240	104	1	0	0	10	0	0	3	0	0	0	16	0	0	71	11	0	0	0	0	0	0	0	0	0	0	5	0	0	0	20	0	0	116	11	0	0	0	0	0	0	0	0	0	0	0	0	0	0	0	0	0	0	5	0	0	0	20	0	0	119	13	0	45	1	0	29	0	10	0	0	0	6	0	8	0	6	0	0	0	0	0	0	0	0	0	0	0	5	0	0	0	20	0	0	240
316	296	68	95	154	276	57	75	152	68	95	154	48	90	26	24	99	96	154	0	256	51	75	151	57	75	152	38	90	26	23	83	90	152	0	68	95	154	11	0	39	11	6	0	0	0	48	90	26	24	99	96	154	0	236	46	73	149	51	75	151	34	90	26	22	67	90	151	0	57	75	152	11	0	38	10	6	0	0	0	38	90	26	23	83	90	152	0	68	95	154	15	28	13	22	4	0	0	0	11	0	39	11	6	0	0	0	48	90	26	24	99	96	154	0	216	33	42	147	46	73	149	25	84	24	22	58	87	149	0	51	75	151	7	0	37	10	0	0	0	0	34	90	26	22	67	90	151	0	57	75	152	10	0	12	20	2	0	0	0	11	0	38	10	6	0	0	0	38	90	26	23	83	90	152	0	68	95	154	31	42	0	20	36	107	308	0	15	28	13	22	4	0	0	0	11	0	39	11	6	0	0	0	48	90	26	24	99	96	154	0
303	284	75	77	142	265	67	71	128	75	77	142	69	87	0	76	88	101	0	74	246	64	70	125	67	71	128	69	84	0	67	83	98	0	48	75	77	142	11	14	21	33	3	0	0	0	69	87	0	76	88	101	0	74	227	54	56	124	64	70	125	62	84	0	66	71	98	0	47	67	71	128	11	14	12	32	3	0	0	0	69	84	0	67	83	98	0	48	75	77	142	4	0	37	10	0	0	142	0	11	14	21	33	3	0	0	0	69	87	0	76	88	101	0	74	208	32	14	124	54	56	124	32	42	0	66	50	42	0	47	64	70	125	6	14	11	32	0	0	0	0	62	84	0	66	71	98	0	47	67	71	128	2	0	12	10	0	0	128	0	11	14	12	32	3	0	0	0	69	84	0	67	83	98	0	48	75	77	142	18	0	99	0	26	51	426	0	4	0	37	10	0	0	142	0	11	14	21	33	3	0	0	0	69	87	0	76	88	101	0	74
294	275	84	111	99	256	64	98	85	84	111	99	82	165	26	76	122	183	0	74	237	57	79	82	64	98	85	68	147	26	67	99	165	0	48	84	111	99	7	94	47	33	7	11	99	0	82	165	26	76	122	183	0	74	218	49	44	80	57	79	82	64	110	26	66	81	112	0	47	64	98	85	7	88	38	32	7	11	85	0	68	147	26	67	99	165	0	48	84	111	99	16	22	37	22	2	0	297	0	7	94	47	33	7	11	99	0	82	165	26	76	122	183	0	74	199	31	22	78	49	44	80	37	44	24	66	61	55	0	47	57	79	82	2	66	37	32	1	0	82	0	64	110	26	66	81	112	0	47	64	98	85	8	22	12	20	1	0	255	0	7	88	38	32	7	11	85	0	68	147	26	67	99	165	0	48	84	111	99	40	0	24	20	37	63	198	0	16	22	37	22	2	0	297	0	7	94	47	33	7	11	99	0	82	165	26	76	122	183	0	74
311	291	71	111	111	271	60	96	81	71	111	111	50	180	0	64	83	141	0	173	251	58	96	79	60	96	81	50	180	0	56	77	132	0	84	71	111	111	12	0	8	22	2	0	0	0	50	180	0	64	83	141	0	173	231	45	60	79	58	96	79	44	180	0	56	69	132	0	83	60	96	81	12	0	0	22	2	0	0	0	50	180	0	56	77	132	0	84	71	111	111	2	0	75	0	0	0	333	0	12	0	8	22	2	0	0	0	50	180	0	64	83	141	0	173	211	31	0	79	45	60	79	23	0	0	56	36	36	0	83	58	96	79	7	0	0	22	0	0	0	0	44	180	0	56	69	132	0	83	60	96	81	2	0	0	0	0	0	243	0	12	0	0	22	2	0	0	0	50	180	0	56	77	132	0	84	71	111	111	15	0	80	0	17	15	555	0	2	0	75	0	0	0	333	0	12	0	8	22	2	0	0	0	50	180	0	64	83	141	0	173
207	193	70	75	26	179	52	53	25	70	75	26	47	60	26	12	109	115	78	0	165	46	43	24	52	53	25	40	36	26	11	83	84	75	0	70	75	26	14	14	39	11	8	14	52	0	47	60	26	12	109	115	78	0	151	41	32	22	46	43	24	35	28	26	10	66	68	72	0	52	53	25	12	8	38	10	4	8	50	0	40	36	26	11	83	84	75	0	70	75	26	15	68	13	22	6	7	0	0	14	14	39	11	8	14	52	0	47	60	26	12	109	115	78	0	137	27	16	20	41	32	22	27	16	24	10	59	50	66	0	46	43	24	8	0	37	10	0	0	48	0	35	28	26	10	66	68	72	0	52	53	25	5	32	12	20	1	4	0	0	12	8	38	10	4	8	50	0	40	36	26	11	83	84	75	0	70	75	26	35	48	0	20	34	64	26	0	15	68	13	22	6	7	0	0	14	14	39	11	8	14	52	0	47	60	26	12	109	115	78	0
144	134	44	24	49	124	30	24	28	44	24	49	21	0	40	39	73	36	0	180	114	30	24	28	30	24	28	21	0	26	39	45	36	0	177	44	24	49	2	0	0	0	8	0	0	0	21	0	40	39	73	36	0	180	104	27	24	28	30	24	28	21	0	26	39	45	36	0	175	30	24	28	0	0	0	0	0	0	0	0	21	0	26	39	45	36	0	177	44	24	49	12	0	32	0	6	0	0	0	2	0	0	0	8	0	0	0	21	0	40	39	73	36	0	180	94	16	0	27	27	24	28	11	0	26	36	40	36	0	171	30	24	28	0	0	0	0	0	0	0	0	21	0	26	39	45	36	0	175	30	24	28	0	0	0	0	0	0	0	0	0	0	0	0	0	0	0	0	21	0	26	39	45	36	0	177	44	24	49	25	0	58	12	16	18	196	0	12	0	32	0	6	0	0	0	2	0	0	0	8	0	0	0	21	0	40	39	73	36	0	180
245	229	46	53	110	213	24	28	103	46	53	110	20	14	118	39	76	94	220	26	197	21	28	103	24	28	103	13	14	104	39	39	56	206	25	46	53	110	8	0	15	0	14	24	0	0	20	14	118	39	76	94	220	26	181	19	26	101	21	28	103	12	14	104	39	35	56	206	24	24	28	103	4	0	15	0	0	0	0	0	13	14	104	39	39	56	206	25	46	53	110	17	24	4	26	6	12	0	0	8	0	15	0	14	24	0	0	20	14	118	39	76	94	220	26	165	8	12	80	19	26	101	6	12	96	36	31	52	202	22	21	28	103	2	0	15	0	0	0	0	0	12	14	104	39	35	56	206	24	24	28	103	3	0	0	0	1	0	0	0	4	0	15	0	0	0	0	0	13	14	104	39	39	56	206	25	46	53	110	16	24	16	90	19	38	110	90	17	24	4	26	6	12	0	0	8	0	15	0	14	24	0	0	20	14	118	39	76	94	220	26
123	115	36	15	7	107	15	0	7	36	15	7	15	0	14	0	55	42	35	0	99	11	0	7	15	0	7	5	0	14	0	28	0	35	0	36	15	7	6	0	0	0	7	12	0	0	15	0	14	0	55	42	35	0	91	10	0	7	11	0	7	4	0	14	0	20	0	35	0	15	0	7	4	0	0	0	1	0	0	0	5	0	14	0	28	0	35	0	36	15	7	11	0	0	0	3	3	0	0	6	0	0	0	7	12	0	0	15	0	14	0	55	42	35	0	83	8	0	3	10	0	7	2	0	14	0	18	0	35	0	11	0	7	2	0	0	0	1	0	0	0	4	0	14	0	20	0	35	0	15	0	7	7	0	0	0	1	0	0	0	4	0	0	0	1	0	0	0	5	0	14	0	28	0	35	0	36	15	7	20	0	0	12	11	6	0	0	11	0	0	0	3	3	0	0	6	0	0	0	7	12	0	0	15	0	14	0	55	42	35	0
121	113	36	17	4	105	19	7	0	36	17	4	13	0	8	0	61	29	8	26	97	17	7	0	19	7	0	10	0	0	0	33	14	0	25	36	17	4	8	0	0	0	11	10	0	0	13	0	8	0	61	29	8	26	89	15	7	0	17	7	0	9	0	0	0	29	14	0	24	19	7	0	4	0	0	0	0	0	0	0	10	0	0	0	33	14	0	25	36	17	4	17	0	4	0	5	5	0	0	8	0	0	0	11	10	0	0	13	0	8	0	61	29	8	26	81	4	5	0	15	7	0	3	0	0	0	25	14	0	22	17	7	0	2	0	0	0	0	0	0	0	9	0	0	0	29	14	0	24	19	7	0	3	0	0	0	1	0	0	0	4	0	0	0	0	0	0	0	10	0	0	0	33	14	0	25	36	17	4	8	10	16	0	19	10	0	0	17	0	4	0	5	5	0	0	8	0	0	0	11	10	0	0	13	0	8	0	61	29	8	26
104	97	32	15	0	90	15	6	0	32	15	0	12	0	0	0	51	30	0	0	83	12	6	0	15	6	0	6	0	0	0	28	12	0	0	32	15	0	6	0	0	0	9	9	0	0	12	0	0	0	51	30	0	0	76	11	6	0	12	6	0	5	0	0	0	22	12	0	0	15	6	0	4	0	0	0	1	0	0	0	6	0	0	0	28	12	0	0	32	15	0	13	0	0	0	4	3	0	0	6	0	0	0	9	9	0	0	12	0	0	0	51	30	0	0	69	8	3	0	11	6	0	3	0	0	0	20	12	0	0	12	6	0	2	0	0	0	1	0	0	0	5	0	0	0	22	12	0	0	15	6	0	7	0	0	0	1	0	0	0	4	0	0	0	1	0	0	0	6	0	0	0	28	12	0	0	32	15	0	19	9	0	0	12	6	0	0	13	0	0	0	4	3	0	0	6	0	0	0	9	9	0	0	12	0	0	0	51	30	0	0
234	218	58	59	85	202	32	11	79	58	59	85	44	44	108	47	80	85	340	7	186	24	0	58	32	11	79	23	0	107	41	52	22	316	7	58	59	85	13	0	55	115	2	0	85	99	44	44	108	47	80	85	340	7	170	21	0	49	24	0	58	18	0	61	41	42	0	232	7	32	11	79	5	0	55	87	2	0	79	85	23	0	107	41	52	22	316	7	58	59	85	12	0	22	12	1	0	0	74	13	0	55	115	2	0	85	99	44	44	108	47	80	85	340	7	154	18	0	43	21	0	49	16	0	36	39	38	0	196	7	24	0	58	3	0	24	83	2	0	58	82	18	0	61	41	42	0	232	7	32	11	79	7	0	22	11	1	0	0	48	5	0	55	87	2	0	79	85	23	0	107	41	52	22	316	7	58	59	85	29	0	0	55	15	11	0	0	12	0	22	12	1	0	0	74	13	0	55	115	2	0	85	99	44	44	108	47	80	85	340	7
237	221	46	29	92	205	29	14	60	46	29	92	27	14	16	84	70	44	92	121	189	25	0	53	29	14	60	18	0	15	66	54	28	60	110	46	29	92	7	0	7	39	2	0	92	26	27	14	16	84	70	44	92	121	173	19	0	53	25	0	53	13	0	15	66	46	0	53	110	29	14	60	5	0	4	39	2	0	60	25	18	0	15	66	54	28	60	110	46	29	92	12	0	40	0	1	0	0	0	7	0	7	39	2	0	92	26	27	14	16	84	70	44	92	121	157	13	0	51	19	0	53	10	0	15	64	36	0	53	108	25	0	53	3	0	0	39	2	0	53	24	13	0	15	66	46	0	53	110	29	14	60	7	0	16	0	1	0	0	0	5	0	4	39	2	0	60	25	18	0	15	66	54	28	60	110	46	29	92	21	0	20	26	13	14	0	0	12	0	40	0	1	0	0	0	7	0	7	39	2	0	92	26	27	14	16	84	70	44	92	121
221	206	42	44	66	191	22	0	61	42	44	66	25	0	58	22	57	55	264	7	176	18	0	61	22	0	61	15	0	57	22	44	0	244	7	42	44	66	7	0	0	0	2	0	0	0	25	0	58	22	57	55	264	7	161	17	0	57	18	0	61	14	0	57	22	36	0	244	7	22	0	61	5	0	0	0	2	0	0	0	15	0	57	22	44	0	244	7	42	44	66	12	0	0	32	1	0	0	0	7	0	0	0	2	0	0	0	25	0	58	22	57	55	264	7	146	14	0	39	17	0	57	12	0	49	20	34	0	228	7	18	0	61	3	0	0	0	2	0	0	0	14	0	57	22	36	0	244	7	22	0	61	7	0	0	0	1	0	0	0	5	0	0	0	2	0	0	0	15	0	57	22	44	0	244	7	42	44	66	25	0	0	72	7	11	0	32	12	0	0	32	1	0	0	0	7	0	0	0	2	0	0	0	25	0	58	22	57	55	264	7
243	225	56	106	46	207	31	79	19	56	106	46	26	86	16	27	78	164	92	121	189	27	63	15	31	79	19	18	60	15	15	56	143	38	110	56	106	46	4	73	7	0	2	0	46	26	26	86	16	27	78	164	92	121	171	21	46	15	27	63	15	14	44	15	15	48	112	30	110	31	79	19	1	46	4	0	2	0	19	25	18	60	15	15	56	143	38	110	56	106	46	10	80	40	0	1	14	46	0	4	73	7	0	2	0	46	26	26	86	16	27	78	164	92	121	153	15	23	13	21	46	15	12	20	15	13	38	78	30	108	27	63	15	1	23	0	0	2	0	15	24	14	44	15	15	48	112	30	110	31	79	19	4	36	16	0	0	13	19	0	1	46	4	0	2	0	19	25	18	60	15	15	56	143	38	110	56	106	46	26	33	20	26	12	37	92	0	10	80	40	0	1	14	46	0	4	73	7	0	2	0	46	26	26	86	16	27	78	164	92	121
185	171	39	67	6	157	18	46	0	39	67	6	23	18	0	0	66	94	18	7	143	14	40	0	18	46	0	13	0	0	0	35	82	0	7	39	67	6	7	0	0	0	1	10	6	0	23	18	0	0	66	94	18	7	129	13	36	0	14	40	0	12	0	0	0	27	70	0	7	18	46	0	5	0	0	0	1	10	0	0	13	0	0	0	35	82	0	7	39	67	6	8	36	0	0	1	0	0	0	7	0	0	0	1	10	6	0	23	18	0	0	66	94	18	7	115	9	24	0	13	36	0	10	0	0	0	25	63	0	7	14	40	0	3	0	0	0	1	10	0	0	12	0	0	0	27	70	0	7	18	46	0	3	24	0	0	1	0	0	0	5	0	0	0	1	10	0	0	13	0	0	0	35	82	0	7	39	67	6	9	72	3	0	9	6	0	0	8	36	0	0	1	0	0	0	7	0	0	0	1	10	6	0	23	18	0	0	66	94	18	7
252	234	40	0	173	216	18	0	134	40	0	173	14	0	146	142	46	0	0	157	198	16	0	133	18	0	134	10	0	124	138	29	0	0	140	40	0	173	1	0	24	15	2	0	0	0	14	0	146	142	46	0	0	157	180	16	0	101	16	0	133	10	0	124	120	27	0	0	119	18	0	134	1	0	22	15	2	0	0	0	10	0	124	138	29	0	0	140	40	0	173	5	0	0	93	0	0	0	210	1	0	24	15	2	0	0	0	14	0	146	142	46	0	0	157	162	11	0	66	16	0	101	10	0	32	107	27	0	0	106	16	0	133	1	0	22	15	2	0	0	0	10	0	124	120	27	0	0	119	18	0	134	0	0	0	48	0	0	0	166	1	0	22	15	2	0	0	0	10	0	124	138	29	0	0	140	40	0	173	10	0	24	109	7	0	0	173	5	0	0	93	0	0	0	210	1	0	24	15	2	0	0	0	14	0	146	142	46	0	0	157
112	104	26	0	51	96	18	0	12	26	0	51	15	0	27	12	47	0	0	203	88	17	0	12	18	0	12	14	0	0	12	36	0	0	159	26	0	51	5	0	10	0	2	0	0	0	15	0	27	12	47	0	0	203	80	15	0	12	17	0	12	12	0	0	12	34	0	0	134	18	0	12	3	0	0	0	2	0	0	0	14	0	0	12	36	0	0	159	26	0	51	8	0	20	0	1	0	0	0	5	0	10	0	2	0	0	0	15	0	27	12	47	0	0	203	72	9	0	8	15	0	12	10	0	0	8	29	0	0	121	17	0	12	2	0	0	0	2	0	0	0	12	0	0	12	34	0	0	134	18	0	12	2	0	0	0	1	0	0	0	3	0	0	0	2	0	0	0	14	0	0	12	36	0	0	159	26	0	51	11	0	34	32	3	0	0	0	8	0	20	0	1	0	0	0	5	0	10	0	2	0	0	0	15	0	27	12	47	0	0	203
262	241	57	134	91	220	26	80	67	57	134	91	20	96	182	22	49	166	364	151	199	23	80	67	26	80	67	13	96	166	22	29	128	268	140	57	134	91	1	0	38	0	1	0	0	0	20	96	182	22	49	166	364	151	178	23	80	25	23	80	67	13	96	166	8	27	128	268	119	26	80	67	1	0	36	0	1	0	0	0	13	96	166	22	29	128	268	140	57	134	91	1	0	0	41	0	0	0	352	1	0	38	0	1	0	0	0	20	96	182	22	49	166	364	151	157	21	72	0	23	80	25	13	96	32	0	27	128	100	106	23	80	67	1	0	36	0	1	0	0	0	13	96	166	8	27	128	268	119	26	80	67	0	0	0	0	0	0	0	294	1	0	36	0	1	0	0	0	13	96	166	22	29	128	268	140	57	134	91	9	96	0	0	14	12	0	173	1	0	0	41	0	0	0	352	1	0	38	0	1	0	0	0	20	96	182	22	49	166	364	151
160	147	35	54	43	134	21	30	42	35	54	43	11	0	105	11	27	6	172	0	121	21	30	42	21	30	42	11	0	102	11	20	0	168	0	35	54	43	0	0	0	0	0	0	0	0	11	0	105	11	27	6	172	0	108	21	30	25	21	30	42	11	0	102	8	20	0	168	0	21	30	42	0	0	0	0	0	0	0	0	11	0	102	11	20	0	168	0	35	54	43	0	0	0	41	0	0	0	111	0	0	0	0	0	0	0	0	11	0	105	11	27	6	172	0	95	20	30	0	21	30	25	11	0	32	0	20	0	100	0	21	30	42	0	0	0	0	0	0	0	0	11	0	102	8	20	0	168	0	21	30	42	0	0	0	0	0	0	0	81	0	0	0	0	0	0	0	0	11	0	102	11	20	0	168	0	35	54	43	11	0	0	0	5	6	0	173	0	0	0	41	0	0	0	111	0	0	0	0	0	0	0	0	11	0	105	11	27	6	172	0
175	161	45	54	64	147	21	41	11	45	54	64	22	42	65	11	59	151	64	295	133	17	40	11	21	41	11	14	40	22	11	32	122	11	219	45	54	64	4	10	34	0	1	10	0	0	22	42	65	11	59	151	64	295	119	15	39	0	17	40	11	12	40	22	0	26	120	11	187	21	41	11	2	10	22	0	1	10	0	0	14	40	22	11	32	122	11	219	45	54	64	7	9	20	0	1	0	0	99	4	10	34	0	1	10	0	0	22	42	65	11	59	151	64	295	105	10	28	0	15	39	0	10	38	0	0	21	117	0	174	17	40	11	1	10	22	0	1	10	0	0	12	40	22	0	26	120	11	187	21	41	11	2	0	0	0	1	0	0	85	2	10	22	0	1	10	0	0	14	40	22	11	32	122	11	219	45	54	64	13	18	34	0	9	0	64	0	7	9	20	0	1	0	0	99	4	10	34	0	1	10	0	0	22	42	65	11	59	151	64	295
257	236	48	71	164	215	35	54	136	48	71	164	23	0	111	122	37	54	164	134	194	35	54	134	35	54	136	23	0	104	116	29	54	136	109	48	71	164	0	0	0	22	0	0	0	0	23	0	111	122	37	54	164	134	173	35	54	133	35	54	134	23	0	102	116	29	54	134	109	35	54	136	0	0	0	22	0	0	0	0	23	0	104	116	29	54	136	109	48	71	164	0	0	0	14	0	0	0	0	0	0	0	22	0	0	0	0	23	0	111	122	37	54	164	134	152	30	51	72	35	54	133	23	0	99	24	29	54	133	50	35	54	134	0	0	0	8	0	0	0	0	23	0	102	116	29	54	134	109	35	54	136	0	0	0	0	0	0	0	0	0	0	0	22	0	0	0	0	23	0	104	116	29	54	136	109	48	71	164	5	51	24	105	15	34	0	506	0	0	0	14	0	0	0	0	0	0	0	22	0	0	0	0	23	0	111	122	37	54	164	134
123	112	19	28	45	101	17	28	36	19	28	45	5	0	0	36	12	7	0	43	90	17	28	36	17	28	36	5	0	0	36	12	7	0	42	19	28	45	0	0	0	0	0	0	0	0	5	0	0	36	12	7	0	43	79	17	28	36	17	28	36	5	0	0	36	12	7	0	42	17	28	36	0	0	0	0	0	0	0	0	5	0	0	36	12	7	0	42	19	28	45	0	0	0	0	0	0	0	0	0	0	0	0	0	0	0	0	5	0	0	36	12	7	0	43	68	16	28	21	17	28	36	5	0	0	0	12	7	0	25	17	28	36	0	0	0	0	0	0	0	0	5	0	0	36	12	7	0	42	17	28	36	0	0	0	0	0	0	0	0	0	0	0	0	0	0	0	0	5	0	0	36	12	7	0	42	19	28	45	3	0	0	33	2	0	0	111	0	0	0	0	0	0	0	0	0	0	0	0	0	0	0	0	5	0	0	36	12	7	0	43
179	163	36	65	73	147	24	60	48	36	65	73	10	50	15	86	23	83	0	134	131	24	60	47	24	60	48	10	50	14	83	17	80	0	109	36	65	73	0	0	0	11	0	0	0	0	10	50	15	86	23	83	0	134	115	24	60	47	24	60	47	10	50	14	83	17	80	0	109	24	60	48	0	0	0	11	0	0	0	0	10	50	14	83	17	80	0	109	36	65	73	0	0	0	0	0	0	0	0	0	0	0	11	0	0	0	0	10	50	15	86	23	83	0	134	99	22	50	17	24	60	47	10	50	14	24	17	80	0	50	24	60	47	0	0	0	8	0	0	0	0	10	50	14	83	17	80	0	109	24	60	48	0	0	0	0	0	0	0	0	0	0	0	11	0	0	0	0	10	50	14	83	17	80	0	109	36	65	73	7	0	24	33	7	0	73	253	0	0	0	0	0	0	0	0	0	0	0	11	0	0	0	0	10	50	15	86	23	83	0	134
128	117	22	24	60	106	21	24	33	22	24	60	11	0	0	99	20	0	0	134	95	21	24	32	21	24	33	11	0	0	96	20	0	0	109	22	24	60	0	0	0	11	0	0	0	0	11	0	0	99	20	0	0	134	84	21	24	32	21	24	32	11	0	0	96	20	0	0	109	21	24	33	0	0	0	11	0	0	0	0	11	0	0	96	20	0	0	109	22	24	60	0	0	0	0	0	0	0	0	0	0	0	11	0	0	0	0	11	0	0	99	20	0	0	134	73	18	24	16	21	24	32	11	0	0	48	20	0	0	50	21	24	32	0	0	0	8	0	0	0	0	11	0	0	96	20	0	0	109	21	24	33	0	0	0	0	0	0	0	0	0	0	0	11	0	0	0	0	11	0	0	96	20	0	0	109	22	24	60	3	0	24	32	2	0	0	111	0	0	0	0	0	0	0	0	0	0	0	11	0	0	0	0	11	0	0	99	20	0	0	134
223	204	54	90	141	185	36	60	103	54	90	141	29	60	138	182	80	88	282	155	166	34	60	59	36	60	103	27	60	129	83	58	60	206	78	54	90	141	3	0	24	25	3	0	0	229	29	60	138	182	80	88	282	155	147	28	60	55	34	60	59	25	60	109	83	53	60	118	78	36	60	103	2	0	20	19	2	0	0	158	27	60	129	83	58	60	206	78	54	90	141	4	0	57	26	2	0	0	0	3	0	24	25	3	0	0	229	29	60	138	182	80	88	282	155	128	20	56	0	28	60	55	23	60	94	0	43	60	110	25	34	60	59	2	0	0	0	2	0	0	126	25	60	109	83	53	60	118	78	36	60	103	2	0	34	0	1	0	0	0	2	0	20	19	2	0	0	158	27	60	129	83	58	60	206	78	54	90	141	12	52	42	0	16	39	0	532	4	0	57	26	2	0	0	0	3	0	24	25	3	0	0	229	29	60	138	182	80	88	282	155
159	144	37	54	74	129	18	44	71	37	54	74	11	0	0	39	65	96	74	0	114	18	44	71	18	44	71	11	0	0	39	29	66	71	0	37	54	74	3	0	0	0	4	0	0	0	11	0	0	39	65	96	74	0	99	17	44	69	18	44	71	11	0	0	37	29	66	71	0	18	44	71	0	0	0	0	0	0	0	0	11	0	0	39	29	66	71	0	37	54	74	5	0	0	14	4	10	0	0	3	0	0	0	4	0	0	0	11	0	0	39	65	96	74	0	84	13	40	59	17	44	69	10	0	0	32	27	66	69	0	18	44	71	0	0	0	0	0	0	0	0	11	0	0	37	29	66	71	0	18	44	71	0	0	0	8	1	0	0	0	0	0	0	0	0	0	0	0	11	0	0	39	29	66	71	0	37	54	74	17	40	0	26	3	10	0	49	5	0	0	14	4	10	0	0	3	0	0	0	4	0	0	0	11	0	0	39	65	96	74	0
193	175	28	71	156	157	20	65	116	28	71	156	10	78	0	135	39	69	0	305	139	20	65	112	20	65	116	10	78	0	126	24	65	0	239	28	71	156	0	0	0	50	2	0	0	0	10	78	0	135	39	69	0	305	121	20	65	109	20	65	112	10	78	0	122	24	65	0	193	20	65	116	0	0	0	47	0	0	0	0	10	78	0	126	24	65	0	239	28	71	156	2	0	0	25	2	0	0	0	0	0	0	50	2	0	0	0	10	78	0	135	39	69	0	305	103	13	39	99	20	65	109	10	78	0	117	24	65	0	188	20	65	112	0	0	0	47	0	0	0	0	10	78	0	122	24	65	0	193	20	65	116	0	0	0	19	0	0	0	0	0	0	0	47	0	0	0	0	10	78	0	126	24	65	0	239	28	71	156	12	0	87	26	2	0	312	49	2	0	0	25	2	0	0	0	0	0	0	50	2	0	0	0	10	78	0	135	39	69	0	305
190	172	45	91	90	154	20	65	71	45	91	90	13	52	40	81	68	165	180	141	136	19	65	66	20	65	71	11	52	38	73	26	104	142	103	45	91	90	4	0	13	56	4	0	0	0	13	52	40	81	68	165	180	141	118	18	63	51	19	65	66	11	52	34	59	26	104	132	59	20	65	71	1	0	12	33	0	0	0	0	11	52	38	73	26	104	142	103	45	91	90	5	22	0	49	4	11	0	46	4	0	13	56	4	0	0	0	13	52	40	81	68	165	180	141	100	12	44	29	18	63	51	10	44	12	54	24	100	102	55	19	65	66	0	0	10	33	0	0	0	0	11	52	34	59	26	104	132	59	20	65	71	0	0	0	19	0	0	0	19	1	0	12	33	0	0	0	0	11	52	38	73	26	104	142	103	45	91	90	13	88	39	26	4	11	90	159	5	22	0	49	4	11	0	46	4	0	13	56	4	0	0	0	13	52	40	81	68	165	180	141
114	103	31	39	16	92	11	24	15	31	39	16	5	0	0	9	50	78	48	0	81	11	24	15	11	24	15	5	0	0	9	17	48	45	0	31	39	16	3	0	0	0	4	0	0	0	5	0	0	9	50	78	48	0	70	10	24	13	11	24	15	5	0	0	7	17	48	45	0	11	24	15	0	0	0	0	0	0	0	0	5	0	0	9	17	48	45	0	31	39	16	5	0	0	14	3	5	0	0	3	0	0	0	4	0	0	0	5	0	0	9	50	78	48	0	59	8	15	4	10	24	13	4	0	0	4	15	48	39	0	11	24	15	0	0	0	0	0	0	0	0	5	0	0	7	17	48	45	0	11	24	15	0	0	0	8	0	0	0	0	0	0	0	0	0	0	0	0	5	0	0	9	17	48	45	0	31	39	16	12	45	0	12	3	5	0	49	5	0	0	14	3	5	0	0	3	0	0	0	4	0	0	0	5	0	0	9	50	78	48	0
91	83	29	15	0	75	14	0	0	29	15	0	5	0	0	0	37	27	0	0	67	14	0	0	14	0	0	5	0	0	0	23	0	0	0	29	15	0	3	0	0	0	0	0	0	0	5	0	0	0	37	27	0	0	59	13	0	0	14	0	0	5	0	0	0	23	0	0	0	14	0	0	0	0	0	0	0	0	0	0	5	0	0	0	23	0	0	0	29	15	0	5	0	0	0	3	3	0	0	3	0	0	0	0	0	0	0	5	0	0	0	37	27	0	0	51	11	0	0	13	0	0	4	0	0	0	21	0	0	0	14	0	0	0	0	0	0	0	0	0	0	5	0	0	0	23	0	0	0	14	0	0	0	0	0	0	0	0	0	0	0	0	0	0	0	0	0	0	5	0	0	0	23	0	0	0	29	15	0	21	0	0	0	3	3	0	0	5	0	0	0	3	3	0	0	3	0	0	0	0	0	0	0	5	0	0	0	37	27	0	0
141	128	19	22	61	115	11	0	40	19	22	61	5	0	14	27	19	0	122	106	102	11	0	39	11	0	40	5	0	13	26	19	0	80	86	19	22	61	4	0	0	12	0	0	0	0	5	0	14	27	19	0	122	106	89	8	0	37	11	0	39	5	0	12	24	19	0	78	81	11	0	40	0	0	0	10	0	0	0	0	5	0	13	26	19	0	80	86	19	22	61	3	0	25	20	0	0	0	0	4	0	0	12	0	0	0	0	5	0	14	27	19	0	122	106	76	0	0	20	8	0	37	0	0	10	12	13	0	74	64	11	0	39	0	0	0	0	0	0	0	0	5	0	12	24	19	0	78	81	11	0	40	0	0	13	0	0	0	0	0	0	0	0	10	0	0	0	0	5	0	13	26	19	0	80	86	19	22	61	0	0	59	43	0	0	0	46	3	0	25	20	0	0	0	0	4	0	0	12	0	0	0	0	5	0	14	27	19	0	122	106
144	130	23	52	43	116	13	24	13	23	52	43	4	12	14	13	26	37	129	180	102	13	21	12	13	24	13	4	12	13	12	22	36	39	157	23	52	43	1	27	0	12	1	0	0	0	4	12	14	13	26	37	129	180	88	11	9	10	13	21	12	4	9	12	10	22	30	36	152	13	24	13	0	0	0	10	0	0	0	0	4	12	13	12	22	36	39	157	23	52	43	0	27	25	20	0	0	43	0	1	27	0	12	1	0	0	0	4	12	14	13	26	37	129	180	74	0	0	0	11	9	10	0	0	10	0	18	9	30	133	13	21	12	0	0	0	0	0	0	0	0	4	9	12	10	22	30	36	152	13	24	13	0	0	13	0	0	0	13	0	0	0	0	10	0	0	0	0	4	12	13	12	22	36	39	157	23	52	43	0	0	99	0	0	0	43	46	0	27	25	20	0	0	43	0	1	27	0	12	1	0	0	0	4	12	14	13	26	37	129	180
76	69	13	6	8	62	5	0	0	13	6	8	1	0	0	0	9	0	8	16	55	5	0	0	5	0	0	1	0	0	0	9	0	0	15	13	6	8	3	0	0	0	0	0	0	0	1	0	0	0	9	0	8	16	48	4	0	0	5	0	0	1	0	0	0	9	0	0	15	5	0	0	0	0	0	0	0	0	0	0	1	0	0	0	9	0	0	15	13	6	8	3	0	0	0	0	0	0	0	3	0	0	0	0	0	0	0	1	0	0	0	9	0	8	16	41	0	0	0	4	0	0	0	0	0	0	7	0	0	13	5	0	0	0	0	0	0	0	0	0	0	1	0	0	0	9	0	0	15	5	0	0	0	0	0	0	0	0	0	0	0	0	0	0	0	0	0	0	1	0	0	0	9	0	0	15	13	6	8	0	0	15	0	0	0	0	0	3	0	0	0	0	0	0	0	3	0	0	0	0	0	0	0	1	0	0	0	9	0	8	16
65	59	10	5	3	53	2	0	0	10	5	3	1	0	0	0	3	0	3	0	47	2	0	0	2	0	0	1	0	0	0	3	0	0	0	10	5	3	3	0	0	0	0	0	0	0	1	0	0	0	3	0	3	0	41	1	0	0	2	0	0	1	0	0	0	3	0	0	0	2	0	0	0	0	0	0	0	0	0	0	1	0	0	0	3	0	0	0	10	5	3	3	0	0	0	0	0	0	0	3	0	0	0	0	0	0	0	1	0	0	0	3	0	3	0	35	0	0	0	1	0	0	0	0	0	0	1	0	0	0	2	0	0	0	0	0	0	0	0	0	0	1	0	0	0	3	0	0	0	2	0	0	0	0	0	0	0	0	0	0	0	0	0	0	0	0	0	0	1	0	0	0	3	0	0	0	10	5	3	0	0	0	0	0	0	0	0	3	0	0	0	0	0	0	0	3	0	0	0	0	0	0	0	1	0	0	0	3	0	3	0
75	68	9	10	3	61	2	0	0	9	10	3	1	0	0	0	3	0	6	0	54	2	0	0	2	0	0	1	0	0	0	3	0	0	0	9	10	3	3	0	0	0	0	0	0	0	1	0	0	0	3	0	6	0	47	1	0	0	2	0	0	1	0	0	0	3	0	0	0	2	0	0	0	0	0	0	0	0	0	0	1	0	0	0	3	0	0	0	9	10	3	3	0	0	0	0	0	0	0	3	0	0	0	0	0	0	0	1	0	0	0	3	0	6	0	40	0	0	0	1	0	0	0	0	0	0	1	0	0	0	2	0	0	0	0	0	0	0	0	0	0	1	0	0	0	3	0	0	0	2	0	0	0	0	0	0	0	0	0	0	0	0	0	0	0	0	0	0	1	0	0	0	3	0	0	0	9	10	3	0	0	0	0	0	0	0	0	3	0	0	0	0	0	0	0	3	0	0	0	0	0	0	0	1	0	0	0	3	0	6	0
80	72	7	0	51	64	4	0	24	7	0	51	4	0	0	28	14	0	0	107	56	1	0	23	4	0	24	1	0	0	26	7	0	0	53	7	0	51	0	0	25	13	0	0	0	0	4	0	0	28	14	0	0	107	48	0	0	21	1	0	23	0	0	0	24	1	0	0	51	4	0	24	0	0	14	12	0	0	0	0	1	0	0	26	7	0	0	53	7	0	51	0	0	9	21	0	0	0	0	0	0	25	13	0	0	0	0	4	0	0	28	14	0	0	107	40	0	0	16	0	0	21	0	0	0	20	0	0	0	47	1	0	23	0	0	13	10	0	0	0	0	0	0	0	24	1	0	0	51	4	0	24	0	0	0	16	0	0	0	0	0	0	14	12	0	0	0	0	1	0	0	26	7	0	0	53	7	0	51	0	0	0	38	0	0	0	0	0	0	9	21	0	0	0	0	0	0	25	13	0	0	0	0	4	0	0	28	14	0	0	107
60	54	10	0	19	48	3	0	10	10	0	19	4	0	0	0	20	0	0	43	42	1	0	10	3	0	10	1	0	0	0	5	0	0	13	10	0	19	0	0	9	0	0	0	0	0	4	0	0	0	20	0	0	43	36	0	0	9	1	0	10	0	0	0	0	1	0	0	12	3	0	10	0	0	0	0	0	0	0	0	1	0	0	0	5	0	0	13	10	0	19	0	0	9	9	0	0	0	0	0	0	9	0	0	0	0	0	4	0	0	0	20	0	0	43	30	0	0	6	0	0	9	0	0	0	0	0	0	0	10	1	0	10	0	0	0	0	0	0	0	0	0	0	0	0	1	0	0	12	3	0	10	0	0	0	6	0	0	0	0	0	0	0	0	0	0	0	0	1	0	0	0	5	0	0	13	10	0	19	0	0	0	18	0	0	0	0	0	0	9	9	0	0	0	0	0	0	9	0	0	0	0	0	4	0	0	0	20	0	0	43
85	76	16	23	20	67	1	5	20	16	23	20	2	15	20	0	21	51	60	0	58	0	0	20	1	5	20	0	0	20	0	2	10	60	0	16	23	20	0	0	10	0	0	0	20	0	2	15	20	0	21	51	60	0	49	0	0	18	0	0	20	0	0	20	0	0	0	60	0	1	5	20	0	0	10	0	0	0	20	0	0	0	20	0	2	10	60	0	16	23	20	0	0	0	18	0	0	0	0	0	0	10	0	0	0	20	0	2	15	20	0	21	51	60	0	40	0	0	6	0	0	18	0	0	18	0	0	0	54	0	0	0	20	0	0	10	0	0	0	20	0	0	0	20	0	0	0	60	0	1	5	20	0	0	0	6	0	0	0	0	0	0	10	0	0	0	20	0	0	0	20	0	2	10	60	0	16	23	20	0	0	0	18	0	0	0	64	0	0	0	18	0	0	0	0	0	0	10	0	0	0	20	0	2	15	20	0	21	51	60	0
66	59	12	12	10	52	1	0	10	12	12	10	3	0	0	0	12	24	40	0	45	0	0	10	1	0	10	0	0	0	0	2	0	40	0	12	12	10	0	0	0	0	0	0	0	0	3	0	0	0	12	24	40	0	38	0	0	9	0	0	10	0	0	0	0	0	0	40	0	1	0	10	0	0	0	0	0	0	0	0	0	0	0	0	2	0	40	0	12	12	10	0	0	0	9	0	0	0	0	0	0	0	0	0	0	0	0	3	0	0	0	12	24	40	0	31	0	0	6	0	0	9	0	0	0	0	0	0	36	0	0	0	10	0	0	0	0	0	0	0	0	0	0	0	0	0	0	40	0	1	0	10	0	0	0	6	0	0	0	0	0	0	0	0	0	0	0	0	0	0	0	0	2	0	40	0	12	12	10	0	0	0	18	0	0	0	0	0	0	0	9	0	0	0	0	0	0	0	0	0	0	0	0	3	0	0	0	12	24	40	0
70	63	2	0	36	56	2	0	0	2	0	36	1	0	0	0	3	0	0	118	49	1	0	0	2	0	0	1	0	0	0	3	0	0	53	2	0	36	0	0	9	0	0	0	0	0	1	0	0	0	3	0	0	118	42	0	0	0	1	0	0	0	0	0	0	1	0	0	51	2	0	0	0	0	0	0	0	0	0	0	1	0	0	0	3	0	0	53	2	0	36	0	0	9	0	0	0	0	0	0	0	9	0	0	0	0	0	1	0	0	0	3	0	0	118	35	0	0	0	0	0	0	0	0	0	0	0	0	0	47	1	0	0	0	0	0	0	0	0	0	0	0	0	0	0	1	0	0	51	2	0	0	0	0	0	0	0	0	0	0	0	0	0	0	0	0	0	0	1	0	0	0	3	0	0	53	2	0	36	0	0	0	0	0	0	0	0	0	0	9	0	0	0	0	0	0	0	9	0	0	0	0	0	1	0	0	0	3	0	0	118
88	78	14	16	35	68	0	0	26	14	16	35	0	0	64	10	8	0	70	30	58	0	0	26	0	0	26	0	0	58	10	0	0	52	30	14	16	35	0	0	0	0	0	0	0	0	0	0	64	10	8	0	70	30	48	0	0	26	0	0	26	0	0	58	10	0	0	52	30	0	0	26	0	0	0	0	0	0	0	0	0	0	58	10	0	0	52	30	14	16	35	0	0	0	0	0	0	0	0	0	0	0	0	0	0	0	0	0	0	64	10	8	0	70	30	38	0	0	21	0	0	26	0	0	58	9	0	0	52	27	0	0	26	0	0	0	0	0	0	0	0	0	0	58	10	0	0	52	30	0	0	26	0	0	0	0	0	0	0	0	0	0	0	0	0	0	0	0	0	0	58	10	0	0	52	30	14	16	35	0	0	0	57	0	0	0	0	0	0	0	0	0	0	0	0	0	0	0	0	0	0	0	0	0	0	64	10	8	0	70	30
121	107	19	45	45	93	0	0	36	19	45	45	0	0	114	10	9	27	225	30	79	0	0	36	0	0	36	0	0	108	10	0	0	180	30	19	45	45	0	0	0	0	0	0	0	0	0	0	114	10	9	27	225	30	65	0	0	36	0	0	36	0	0	108	10	0	0	180	30	0	0	36	0	0	0	0	0	0	0	0	0	0	108	10	0	0	180	30	19	45	45	0	0	0	0	0	0	0	0	0	0	0	0	0	0	0	0	0	0	114	10	9	27	225	30	51	0	0	21	0	0	36	0	0	108	9	0	0	180	27	0	0	36	0	0	0	0	0	0	0	0	0	0	108	10	0	0	180	30	0	0	36	0	0	0	0	0	0	0	0	0	0	0	0	0	0	0	0	0	0	108	10	0	0	180	30	19	45	45	0	0	0	57	0	0	0	73	0	0	0	0	0	0	0	0	0	0	0	0	0	0	0	0	0	0	114	10	9	27	225	30
54	48	12	0	8	42	0	0	0	12	0	8	0	0	5	0	5	0	0	30	36	0	0	0	0	0	0	0	0	0	0	0	0	0	30	12	0	8	0	0	0	0	0	0	0	0	0	0	5	0	5	0	0	30	30	0	0	0	0	0	0	0	0	0	0	0	0	0	30	0	0	0	0	0	0	0	0	0	0	0	0	0	0	0	0	0	0	30	12	0	8	0	0	0	0	0	0	0	0	0	0	0	0	0	0	0	0	0	0	5	0	5	0	0	30	24	0	0	0	0	0	0	0	0	0	0	0	0	0	27	0	0	0	0	0	0	0	0	0	0	0	0	0	0	0	0	0	0	30	0	0	0	0	0	0	0	0	0	0	0	0	0	0	0	0	0	0	0	0	0	0	0	0	0	0	30	12	0	8	0	0	0	0	0	0	0	0	0	0	0	0	0	0	0	0	0	0	0	0	0	0	0	0	0	0	5	0	5	0	0	30
53	47	10	5	3	41	0	0	0	10	5	3	0	0	0	0	3	0	3	10	35	0	0	0	0	0	0	0	0	0	0	0	0	0	10	10	5	3	0	0	0	0	0	0	0	0	0	0	0	0	3	0	3	10	29	0	0	0	0	0	0	0	0	0	0	0	0	0	10	0	0	0	0	0	0	0	0	0	0	0	0	0	0	0	0	0	0	10	10	5	3	0	0	0	0	0	0	0	0	0	0	0	0	0	0	0	0	0	0	0	0	3	0	3	10	23	0	0	0	0	0	0	0	0	0	0	0	0	0	9	0	0	0	0	0	0	0	0	0	0	0	0	0	0	0	0	0	0	10	0	0	0	0	0	0	0	0	0	0	0	0	0	0	0	0	0	0	0	0	0	0	0	0	0	0	10	10	5	3	0	0	0	0	0	0	0	0	0	0	0	0	0	0	0	0	0	0	0	0	0	0	0	0	0	0	0	0	3	0	3	10
60	53	8	12	0	46	0	0	0	8	12	0	0	0	0	0	3	0	0	0	39	0	0	0	0	0	0	0	0	0	0	0	0	0	0	8	12	0	0	0	0	0	0	0	0	0	0	0	0	0	3	0	0	0	32	0	0	0	0	0	0	0	0	0	0	0	0	0	0	0	0	0	0	0	0	0	0	0	0	0	0	0	0	0	0	0	0	0	8	12	0	0	0	0	0	0	0	0	0	0	0	0	0	0	0	0	0	0	0	0	0	3	0	0	0	25	0	0	0	0	0	0	0	0	0	0	0	0	0	0	0	0	0	0	0	0	0	0	0	0	0	0	0	0	0	0	0	0	0	0	0	0	0	0	0	0	0	0	0	0	0	0	0	0	0	0	0	0	0	0	0	0	0	0	0	0	8	12	0	0	0	0	0	0	0	0	0	0	0	0	0	0	0	0	0	0	0	0	0	0	0	0	0	0	0	0	0	3	0	0	0
103	90	9	12	115	77	0	0	103	9	12	115	0	0	91	42	5	0	115	45	64	0	0	103	0	0	103	0	0	91	42	0	0	103	36	9	12	115	0	0	0	0	0	0	0	0	0	0	91	42	5	0	115	45	51	0	0	103	0	0	103	0	0	91	42	0	0	103	36	0	0	103	0	0	0	0	0	0	0	0	0	0	91	42	0	0	103	36	9	12	115	0	0	0	0	0	0	0	0	0	0	0	0	0	0	0	0	0	0	91	42	5	0	115	45	38	0	0	86	0	0	103	0	0	91	42	0	0	103	36	0	0	103	0	0	0	0	0	0	0	0	0	0	91	42	0	0	103	36	0	0	103	0	0	0	0	0	0	0	0	0	0	0	0	0	0	0	0	0	0	91	42	0	0	103	36	9	12	115	0	0	0	53	0	0	0	156	0	0	0	0	0	0	0	0	0	0	0	0	0	0	0	0	0	0	91	42	5	0	115	45
80	70	1	0	62	60	0	0	48	1	0	62	0	0	0	10	0	0	0	45	50	0	0	48	0	0	48	0	0	0	10	0	0	0	36	1	0	62	0	0	0	0	0	0	0	0	0	0	0	10	0	0	0	45	40	0	0	48	0	0	48	0	0	0	10	0	0	0	36	0	0	48	0	0	0	0	0	0	0	0	0	0	0	10	0	0	0	36	1	0	62	0	0	0	0	0	0	0	0	0	0	0	0	0	0	0	0	0	0	0	10	0	0	0	45	30	0	0	48	0	0	48	0	0	0	10	0	0	0	36	0	0	48	0	0	0	0	0	0	0	0	0	0	0	10	0	0	0	36	0	0	48	0	0	0	0	0	0	0	0	0	0	0	0	0	0	0	0	0	0	0	10	0	0	0	36	1	0	62	0	0	0	0	0	0	0	0	0	0	0	0	0	0	0	0	0	0	0	0	0	0	0	0	0	0	0	10	0	0	0	45
110	96	12	24	129	82	0	0	114	12	24	129	0	0	133	47	13	12	258	45	68	0	0	104	0	0	114	0	0	133	30	0	0	228	36	12	24	129	0	0	0	53	1	0	0	20	0	0	133	47	13	12	258	45	54	0	0	91	0	0	104	0	0	130	30	0	0	208	36	0	0	114	0	0	0	24	0	0	0	20	0	0	133	30	0	0	228	36	12	24	129	0	0	0	50	0	0	0	43	0	0	0	53	1	0	0	20	0	0	133	47	13	12	258	45	40	0	0	63	0	0	91	0	0	113	30	0	0	182	36	0	0	104	0	0	0	23	0	0	0	20	0	0	130	30	0	0	208	36	0	0	114	0	0	0	26	0	0	0	13	0	0	0	24	0	0	0	20	0	0	133	30	0	0	228	36	12	24	129	0	0	0	56	0	0	0	246	0	0	0	50	0	0	0	43	0	0	0	53	1	0	0	20	0	0	133	47	13	12	258	45
88	77	0	0	80	66	0	0	51	0	0	80	0	0	0	42	0	0	0	83	55	0	0	51	0	0	51	0	0	0	42	0	0	0	62	0	0	80	0	0	0	0	0	0	0	0	0	0	0	42	0	0	0	83	44	0	0	51	0	0	51	0	0	0	42	0	0	0	62	0	0	51	0	0	0	0	0	0	0	0	0	0	0	42	0	0	0	62	0	0	80	0	0	0	0	0	0	0	0	0	0	0	0	0	0	0	0	0	0	0	42	0	0	0	83	33	0	0	51	0	0	51	0	0	0	42	0	0	0	62	0	0	51	0	0	0	0	0	0	0	0	0	0	0	42	0	0	0	62	0	0	51	0	0	0	0	0	0	0	0	0	0	0	0	0	0	0	0	0	0	0	42	0	0	0	62	0	0	80	0	0	0	0	0	0	0	0	0	0	0	0	0	0	0	0	0	0	0	0	0	0	0	0	0	0	0	42	0	0	0	83
104	91	3	0	93	78	0	0	69	3	0	93	0	0	0	42	1	0	0	80	65	0	0	69	0	0	69	0	0	0	42	0	0	0	62	3	0	93	0	0	0	0	0	0	0	0	0	0	0	42	1	0	0	80	52	0	0	69	0	0	69	0	0	0	42	0	0	0	62	0	0	69	0	0	0	0	0	0	0	0	0	0	0	42	0	0	0	62	3	0	93	0	0	0	0	0	0	0	0	0	0	0	0	0	0	0	0	0	0	0	42	1	0	0	80	39	0	0	68	0	0	69	0	0	0	42	0	0	0	62	0	0	69	0	0	0	0	0	0	0	0	0	0	0	42	0	0	0	62	0	0	69	0	0	0	0	0	0	0	0	0	0	0	0	0	0	0	0	0	0	0	42	0	0	0	62	3	0	93	0	0	0	17	0	0	0	0	0	0	0	0	0	0	0	0	0	0	0	0	0	0	0	0	0	0	0	42	1	0	0	80
90	76	32	53	70	62	10	13	70	32	53	70	12	0	32	0	74	117	350	0	48	8	8	70	10	13	70	5	0	32	0	28	13	350	0	32	53	70	5	40	0	0	8	16	0	0	12	0	32	0	74	117	350	0	34	2	0	70	8	8	70	5	0	32	0	26	8	350	0	10	13	70	0	0	0	0	2	0	0	0	5	0	32	0	28	13	350	0	29	53	70	2	0	62	0	0	0	70	0	5	40	0	0	6	16	0	0	12	0	32	0	67	117	350	0	21	0	0	70	2	0	70	0	0	32	0	6	0	350	0	8	8	70	0	0	0	0	2	0	0	0	5	0	32	0	26	8	350	0	8	13	70	0	0	62	0	0	0	70	0	0	0	0	0	0	0	0	0	5	0	32	0	22	13	350	0	21	40	70	0	0	21	0	0	0	0	0	2	0	62	0	0	0	70	0	5	40	0	0	6	16	0	0	7	0	32	0	45	104	350	0
90	77	19	12	99	64	5	0	95	19	12	99	5	0	11	50	44	36	99	0	51	4	0	95	5	0	95	2	0	11	50	10	0	95	0	19	12	99	7	0	0	0	7	12	0	0	5	0	11	50	44	36	99	0	38	1	0	95	4	0	95	2	0	11	50	9	0	95	0	5	0	95	0	0	0	0	1	0	0	0	2	0	11	50	10	0	95	0	18	12	99	1	0	22	0	0	0	0	0	7	0	0	0	6	12	0	0	5	0	11	50	41	36	99	0	25	0	0	89	1	0	95	0	0	11	48	3	0	95	0	4	0	95	0	0	0	0	1	0	0	0	2	0	11	50	9	0	95	0	4	0	95	0	0	22	0	0	0	0	0	0	0	0	0	0	0	0	0	2	0	11	50	7	0	95	0	14	12	99	0	0	11	47	0	0	0	0	1	0	22	0	0	0	0	0	7	0	0	0	6	12	0	0	3	0	11	50	34	36	99	0
63	54	2	0	93	45	0	0	63	2	0	93	0	0	0	80	6	0	0	244	36	0	0	63	0	0	63	0	0	0	80	0	0	0	217	2	0	93	0	0	0	0	2	0	0	0	0	0	0	80	6	0	0	244	27	0	0	63	0	0	63	0	0	0	80	0	0	0	207	0	0	63	0	0	0	0	0	0	0	0	0	0	0	80	0	0	0	217	2	0	93	0	0	0	0	0	0	0	0	0	0	0	0	2	0	0	0	0	0	0	80	6	0	0	244	18	0	0	60	0	0	63	0	0	0	78	0	0	0	194	0	0	63	0	0	0	0	0	0	0	0	0	0	0	80	0	0	0	207	0	0	63	0	0	0	0	0	0	0	0	0	0	0	0	0	0	0	0	0	0	0	80	0	0	0	217	2	0	93	0	0	0	32	0	0	0	0	0	0	0	0	0	0	0	0	0	0	0	0	2	0	0	0	0	0	0	80	6	0	0	244
76	65	9	10	90	54	1	0	72	9	10	90	3	0	0	81	19	30	90	129	43	0	0	72	1	0	72	0	0	0	81	1	0	72	114	9	10	90	0	0	0	0	3	10	0	0	3	0	0	81	19	30	90	129	32	0	0	69	0	0	72	0	0	0	78	0	0	72	104	1	0	72	0	0	0	0	0	0	0	0	0	0	0	81	1	0	72	114	9	10	90	0	0	0	27	0	0	0	0	0	0	0	0	3	10	0	0	3	0	0	81	19	30	90	129	21	0	0	54	0	0	69	0	0	0	67	0	0	69	91	0	0	72	0	0	0	0	0	0	0	0	0	0	0	78	0	0	72	104	1	0	72	0	0	0	0	0	0	0	0	0	0	0	0	0	0	0	0	0	0	0	81	1	0	72	114	8	10	90	0	0	0	47	0	0	0	43	0	0	0	27	0	0	0	0	0	0	0	0	3	10	0	0	3	0	0	81	18	30	90	129
66	56	20	24	33	46	3	0	32	20	24	33	7	0	0	13	38	60	132	0	36	1	0	32	3	0	32	0	0	0	13	3	0	128	0	20	24	33	5	0	0	0	4	12	0	0	7	0	0	13	38	60	132	0	26	0	0	32	1	0	32	0	0	0	13	1	0	128	0	3	0	32	0	0	0	0	0	0	0	0	0	0	0	13	3	0	128	0	20	24	33	0	0	0	0	0	0	0	0	5	0	0	0	4	12	0	0	7	0	0	13	38	60	132	0	16	0	0	26	0	0	32	0	0	0	11	0	0	128	0	1	0	32	0	0	0	0	0	0	0	0	0	0	0	13	1	0	128	0	3	0	32	0	0	0	0	0	0	0	0	0	0	0	0	0	0	0	0	0	0	0	13	3	0	128	0	17	24	33	0	0	0	47	0	0	0	0	0	0	0	0	0	0	0	0	5	0	0	0	4	12	0	0	7	0	0	13	35	60	132	0
72	59	25	44	37	46	6	8	21	25	44	37	6	32	0	21	47	84	148	103	33	1	0	21	6	8	21	3	0	0	21	15	8	84	102	25	44	37	0	0	41	0	1	0	37	0	6	32	0	21	47	84	148	103	20	0	0	21	1	0	21	0	0	0	21	3	0	84	102	6	8	21	0	0	30	0	1	0	21	0	3	0	0	21	15	8	84	102	23	44	37	0	0	11	0	0	0	0	0	0	0	41	0	0	0	37	0	6	32	0	21	43	84	148	103	8	0	0	21	0	0	21	0	0	0	21	0	0	84	102	1	0	21	0	0	30	0	1	0	21	0	0	0	0	21	3	0	84	102	5	8	21	0	0	10	0	0	0	0	0	0	0	30	0	0	0	21	0	3	0	0	21	12	8	84	102	9	32	37	0	0	0	0	0	0	0	0	0	0	11	0	0	0	0	0	0	0	41	0	0	0	37	0	3	32	0	21	12	72	148	103
73	60	21	39	49	47	5	9	11	21	39	49	6	27	0	22	36	57	147	292	34	1	0	11	5	9	11	2	0	0	22	10	9	33	269	21	39	49	0	0	34	0	1	0	49	0	6	27	0	22	36	57	147	292	21	0	0	11	1	0	11	0	0	0	22	3	0	33	269	5	9	11	0	0	22	0	1	0	11	0	2	0	0	22	10	9	33	269	19	39	49	0	0	13	0	0	0	0	0	0	0	34	0	0	0	49	0	6	27	0	22	32	57	147	292	9	0	0	11	0	0	11	0	0	0	22	0	0	33	266	1	0	11	0	0	22	0	1	0	11	0	0	0	0	22	3	0	33	269	4	9	11	0	0	11	0	0	0	0	0	0	0	22	0	0	0	11	0	2	0	0	22	7	9	33	269	10	27	49	0	0	0	0	0	0	0	0	0	0	13	0	0	0	0	0	0	0	34	0	0	0	49	0	4	27	0	22	16	45	147	292
41	34	15	6	14	27	3	0	0	15	6	14	7	0	0	0	24	0	14	103	20	0	0	0	3	0	0	0	0	0	0	3	0	0	102	15	6	14	0	0	8	0	0	0	0	0	7	0	0	0	24	0	14	103	13	0	0	0	0	0	0	0	0	0	0	0	0	0	102	3	0	0	0	0	0	0	0	0	0	0	0	0	0	0	3	0	0	102	15	6	14	0	0	0	0	0	0	0	0	0	0	8	0	0	0	0	0	7	0	0	0	24	0	14	103	6	0	0	0	0	0	0	0	0	0	0	0	0	0	102	0	0	0	0	0	0	0	0	0	0	0	0	0	0	0	0	0	0	102	3	0	0	0	0	0	0	0	0	0	0	0	0	0	0	0	0	0	0	0	0	0	0	3	0	0	102	12	6	14	0	0	0	0	0	0	0	0	0	0	0	0	0	0	0	0	0	0	8	0	0	0	0	0	7	0	0	0	21	0	14	103
46	38	16	12	14	30	3	0	0	16	12	14	7	0	0	0	25	12	28	103	22	0	0	0	3	0	0	0	0	0	0	3	0	0	102	16	12	14	0	0	8	0	0	0	0	0	7	0	0	0	25	12	28	103	14	0	0	0	0	0	0	0	0	0	0	0	0	0	102	3	0	0	0	0	0	0	0	0	0	0	0	0	0	0	3	0	0	102	16	12	14	0	0	0	0	0	0	0	0	0	0	8	0	0	0	0	0	7	0	0	0	25	12	28	103	6	0	0	0	0	0	0	0	0	0	0	0	0	0	102	0	0	0	0	0	0	0	0	0	0	0	0	0	0	0	0	0	0	102	3	0	0	0	0	0	0	0	0	0	0	0	0	0	0	0	0	0	0	0	0	0	0	3	0	0	102	11	12	14	0	0	0	0	0	0	0	0	0	0	0	0	0	0	0	0	0	0	8	0	0	0	0	0	7	0	0	0	19	12	28	103
45	37	18	15	8	29	3	0	0	18	15	8	7	0	0	0	28	25	24	70	21	0	0	0	3	0	0	0	0	0	0	3	0	0	70	18	15	8	0	0	8	0	0	0	0	0	7	0	0	0	28	25	24	70	13	0	0	0	0	0	0	0	0	0	0	0	0	0	70	3	0	0	0	0	0	0	0	0	0	0	0	0	0	0	3	0	0	70	18	15	8	0	0	0	0	0	0	0	0	0	0	8	0	0	0	0	0	7	0	0	0	28	25	24	70	5	0	0	0	0	0	0	0	0	0	0	0	0	0	70	0	0	0	0	0	0	0	0	0	0	0	0	0	0	0	0	0	0	70	3	0	0	0	0	0	0	0	0	0	0	0	0	0	0	0	0	0	0	0	0	0	0	3	0	0	70	10	15	8	0	0	0	0	0	0	0	0	0	0	0	0	0	0	0	0	0	0	8	0	0	0	0	0	7	0	0	0	16	25	24	70
40	31	26	20	8	22	0	0	8	26	20	8	0	0	16	0	59	60	40	0	13	0	0	8	0	0	8	0	0	16	0	0	0	40	0	26	20	8	0	0	0	0	4	0	0	0	0	0	16	0	59	60	40	0	4	0	0	8	0	0	8	0	0	16	0	0	0	40	0	0	0	8	0	0	0	0	0	0	0	0	0	0	16	0	0	0	40	0	11	20	8	0	0	0	0	0	0	0	0	0	0	0	0	0	0	0	0	0	0	16	0	24	60	40	0	0	0	0	8	0	0	8	0	0	16	0	0	0	40	0	0	0	8	0	0	0	0	0	0	0	0	0	0	16	0	0	0	40	0	0	0	8	0	0	0	0	0	0	0	0	0	0	0	0	0	0	0	0	0	0	16	0	0	0	40	0	0	0	8	0	0	0	0	0	0	0	0	0	0	0	0	0	0	0	0	0	0	0	0	0	0	0	0	0	0	16	0	0	0	40	0
35	28	7	0	34	21	0	0	0	7	0	34	0	0	17	0	11	0	0	122	14	0	0	0	0	0	0	0	0	0	0	0	0	0	32	7	0	34	0	0	0	0	0	0	0	0	0	0	17	0	11	0	0	122	7	0	0	0	0	0	0	0	0	0	0	0	0	0	32	0	0	0	0	0	0	0	0	0	0	0	0	0	0	0	0	0	0	32	7	0	34	0	0	0	0	0	0	0	0	0	0	0	0	0	0	0	0	0	0	17	0	11	0	0	122	0	0	0	0	0	0	0	0	0	0	0	0	0	0	32	0	0	0	0	0	0	0	0	0	0	0	0	0	0	0	0	0	0	32	0	0	0	0	0	0	0	0	0	0	0	0	0	0	0	0	0	0	0	0	0	0	0	0	0	0	32	0	0	34	0	0	0	0	0	0	0	0	0	0	0	0	0	0	0	0	0	0	0	0	0	0	0	0	0	0	17	0	0	0	0	122
48	38	17	16	28	28	0	0	0	17	16	28	0	0	17	0	37	24	56	108	18	0	0	0	0	0	0	0	0	0	0	0	0	0	32	17	16	28	0	0	0	0	0	0	0	0	0	0	17	0	37	24	56	108	8	0	0	0	0	0	0	0	0	0	0	0	0	0	32	0	0	0	0	0	0	0	0	0	0	0	0	0	0	0	0	0	0	32	14	16	28	0	0	0	0	0	0	0	0	0	0	0	0	0	0	0	0	0	0	17	0	33	24	56	108	0	0	0	0	0	0	0	0	0	0	0	0	0	0	32	0	0	0	0	0	0	0	0	0	0	0	0	0	0	0	0	0	0	32	0	0	0	0	0	0	0	0	0	0	0	0	0	0	0	0	0	0	0	0	0	0	0	0	0	0	32	0	0	28	0	0	0	0	0	0	0	0	0	0	0	0	0	0	0	0	0	0	0	0	0	0	0	0	0	0	17	0	0	0	56	108
47	37	19	21	22	27	0	0	0	19	21	22	0	0	17	0	40	42	66	94	17	0	0	0	0	0	0	0	0	0	0	0	0	0	32	19	21	22	0	0	0	0	1	0	0	0	0	0	17	0	40	42	66	94	7	0	0	0	0	0	0	0	0	0	0	0	0	0	32	0	0	0	0	0	0	0	0	0	0	0	0	0	0	0	0	0	0	32	13	21	22	0	0	0	0	0	0	0	0	0	0	0	0	0	0	0	0	0	0	17	0	30	42	66	94	0	0	0	0	0	0	0	0	0	0	0	0	0	0	32	0	0	0	0	0	0	0	0	0	0	0	0	0	0	0	0	0	0	32	0	0	0	0	0	0	0	0	0	0	0	0	0	0	0	0	0	0	0	0	0	0	0	0	0	0	32	0	0	22	0	0	0	0	0	0	0	0	0	0	0	0	0	0	0	0	0	0	0	0	0	0	0	0	0	0	17	0	0	0	66	94
36	28	21	16	8	20	0	0	0	21	16	8	0	0	8	0	45	40	32	37	12	0	0	0	0	0	0	0	0	0	0	0	0	0	21	21	16	8	0	0	0	0	2	0	0	0	0	0	8	0	45	40	32	37	4	0	0	0	0	0	0	0	0	0	0	0	0	0	21	0	0	0	0	0	0	0	0	0	0	0	0	0	0	0	0	0	0	21	11	16	8	0	0	0	0	0	0	0	0	0	0	0	0	0	0	0	0	0	0	8	0	25	40	32	37	0	0	0	0	0	0	0	0	0	0	0	0	0	0	21	0	0	0	0	0	0	0	0	0	0	0	0	0	0	0	0	0	0	21	0	0	0	0	0	0	0	0	0	0	0	0	0	0	0	0	0	0	0	0	0	0	0	0	0	0	21	0	0	8	0	0	0	0	0	0	0	0	0	0	0	0	0	0	0	0	0	0	0	0	0	0	0	0	0	0	8	0	0	0	32	37
51	37	38	45	54	23	9	0	50	31	45	54	16	0	49	0	85	135	270	8	9	5	0	49	2	0	50	5	0	49	0	8	0	250	8	14	45	54	6	0	27	11	5	18	0	0	3	0	49	0	33	135	270	8	0	0	0	47	0	0	49	0	0	48	0	0	0	245	8	0	0	50	0	0	27	10	0	0	0	0	0	0	49	0	0	0	250	8	0	0	54	0	0	78	20	0	0	0	0	0	0	27	11	0	0	0	0	0	0	49	0	0	0	270	8	0	0	0	47	0	0	47	0	0	47	0	0	0	235	8	0	0	49	0	0	27	10	0	0	0	0	0	0	48	0	0	0	245	8	0	0	50	0	0	78	20	0	0	0	0	0	0	27	10	0	0	0	0	0	0	49	0	0	0	250	8	0	0	0	0	0	0	0	0	0	0	0	0	0	0	20	0	0	0	0	0	0	0	11	0	0	0	0	0	0	0	0	0	0	0	8
59	44	17	14	95	29	0	0	64	17	14	95	0	0	26	67	43	14	95	66	14	0	0	40	0	0	64	0	0	26	8	0	0	64	8	16	14	95	0	0	0	64	6	0	0	86	0	0	26	67	40	14	95	66	0	0	0	29	0	0	40	0	0	24	8	0	0	40	8	0	0	64	0	0	0	21	0	0	0	32	0	0	26	8	0	0	64	8	0	0	95	0	0	0	32	0	0	0	70	0	0	0	64	0	0	0	86	0	0	26	67	0	0	95	66	0	0	0	29	0	0	29	0	0	21	8	0	0	29	8	0	0	40	0	0	0	21	0	0	0	32	0	0	24	8	0	0	40	8	0	0	64	0	0	0	32	0	0	0	70	0	0	0	21	0	0	0	32	0	0	26	8	0	0	64	8	0	0	0	0	0	0	0	0	0	0	0	0	0	0	32	0	0	0	70	0	0	0	64	0	0	0	86	0	0	0	67	0	0	0	66
52	38	28	40	56	24	3	0	47	26	40	56	6	0	52	8	69	100	224	16	10	1	0	45	1	0	47	1	0	52	8	3	0	188	8	15	40	56	2	0	13	24	6	10	0	0	2	0	52	8	36	100	224	16	0	0	0	42	0	0	45	0	0	50	8	0	0	180	8	0	0	47	0	0	13	21	0	0	0	0	0	0	52	8	0	0	188	8	0	0	56	0	0	13	32	0	0	0	0	0	0	13	24	0	0	0	0	0	0	52	8	0	0	224	16	0	0	0	42	0	0	42	0	0	47	8	0	0	168	8	0	0	45	0	0	13	21	0	0	0	0	0	0	50	8	0	0	180	8	0	0	47	0	0	13	32	0	0	0	0	0	0	13	21	0	0	0	0	0	0	52	8	0	0	188	8	0	0	0	0	0	0	0	0	0	0	0	0	0	0	32	0	0	0	0	0	0	0	24	0	0	0	0	0	0	0	8	0	0	0	16
38	28	16	16	23	18	0	0	0	16	16	23	0	0	0	0	42	24	46	66	8	0	0	0	0	0	0	0	0	0	0	0	0	0	8	13	16	23	0	0	0	0	4	0	0	0	0	0	0	0	32	24	46	66	0	0	0	0	0	0	0	0	0	0	0	0	0	0	8	0	0	0	0	0	0	0	0	0	0	0	0	0	0	0	0	0	0	8	0	0	23	0	0	0	0	0	0	0	0	0	0	0	0	0	0	0	0	0	0	0	0	0	0	46	66	0	0	0	0	0	0	0	0	0	0	0	0	0	0	8	0	0	0	0	0	0	0	0	0	0	0	0	0	0	0	0	0	0	8	0	0	0	0	0	0	0	0	0	0	0	0	0	0	0	0	0	0	0	0	0	0	0	0	0	0	8	0	0	0	0	0	0	0	0	0	0	0	0	0	0	0	0	0	0	0	0	0	0	0	0	0	0	0	0	0	0	0	0	0	0	66
37	27	19	21	15	17	1	0	0	18	21	15	3	0	0	0	48	42	45	38	7	0	0	0	0	0	0	0	0	0	0	0	0	0	8	12	21	15	0	0	0	0	3	7	0	0	0	0	0	0	29	42	45	38	0	0	0	0	0	0	0	0	0	0	0	0	0	0	8	0	0	0	0	0	0	0	0	0	0	0	0	0	0	0	0	0	0	8	0	0	15	0	0	0	0	0	0	0	0	0	0	0	0	0	0	0	0	0	0	0	0	0	0	45	38	0	0	0	0	0	0	0	0	0	0	0	0	0	0	8	0	0	0	0	0	0	0	0	0	0	0	0	0	0	0	0	0	0	8	0	0	0	0	0	0	0	0	0	0	0	0	0	0	0	0	0	0	0	0	0	0	0	0	0	0	8	0	0	0	0	0	0	0	0	0	0	0	0	0	0	0	0	0	0	0	0	0	0	0	0	0	0	0	0	0	0	0	0	0	0	38
46	29	33	55	117	13	9	13	83	15	39	117	11	39	43	104	46	117	351	125	0	0	0	83	0	0	83	0	0	40	104	0	0	249	97	0	0	117	0	0	131	0	0	0	117	0	0	0	43	104	0	0	351	125	0	0	0	81	0	0	83	0	0	40	99	0	0	249	94	0	0	83	0	0	125	0	0	0	83	0	0	0	40	104	0	0	249	97	0	0	0	0	0	0	24	0	0	0	0	0	0	0	0	0	0	0	0	0	0	0	104	0	0	0	125	0	0	0	78	0	0	81	0	0	40	92	0	0	243	89	0	0	83	0	0	125	0	0	0	83	0	0	0	40	99	0	0	249	94	0	0	0	0	0	0	21	0	0	0	0	0	0	0	0	0	0	0	0	0	0	0	104	0	0	0	97	0	0	0	0	0	0	32	0	0	0	0	0	0	0	24	0	0	0	0	0	0	0	0	0	0	0	0	0	0	0	0	0	0	0	0
29	18	26	28	30	7	3	0	10	12	28	30	9	0	11	10	37	77	120	110	0	0	0	10	0	0	10	0	0	10	10	0	0	40	97	0	0	30	0	0	11	0	0	0	0	0	0	0	11	10	0	0	120	110	0	0	0	10	0	0	10	0	0	10	10	0	0	40	94	0	0	10	0	0	10	0	0	0	0	0	0	0	10	10	0	0	40	97	0	0	0	0	0	0	0	0	0	0	0	0	0	0	0	0	0	0	0	0	0	0	10	0	0	0	110	0	0	0	10	0	0	10	0	0	10	10	0	0	40	89	0	0	10	0	0	10	0	0	0	0	0	0	0	10	10	0	0	40	94	0	0	0	0	0	0	0	0	0	0	0	0	0	0	0	0	0	0	0	0	0	0	10	0	0	0	97	0	0	0	0	0	0	0	0	0	0	0	0	0	0	0	0	0	0	0	0	0	0	0	0	0	0	0	0	0	0	0	0	0	0	0
31	20	24	18	48	9	3	0	13	14	18	48	9	0	14	13	40	63	96	148	0	0	0	13	0	0	13	0	0	13	13	0	0	26	97	0	0	48	0	0	14	0	0	0	0	0	0	0	14	13	0	0	96	148	0	0	0	13	0	0	13	0	0	13	13	0	0	26	94	0	0	13	0	0	13	0	0	0	0	0	0	0	13	13	0	0	26	97	0	0	0	0	0	0	0	0	0	0	0	0	0	0	0	0	0	0	0	0	0	0	13	0	0	0	148	0	0	0	13	0	0	13	0	0	13	13	0	0	26	89	0	0	13	0	0	13	0	0	0	0	0	0	0	13	13	0	0	26	94	0	0	0	0	0	0	0	0	0	0	0	0	0	0	0	0	0	0	0	0	0	0	13	0	0	0	97	0	0	0	0	0	0	0	0	0	0	0	0	0	0	0	0	0	0	0	0	0	0	0	0	0	0	0	0	0	0	0	0	0	0	0
29	19	19	9	48	9	2	0	0	14	9	48	8	0	0	0	41	27	48	243	0	0	0	0	0	0	0	0	0	0	0	0	0	0	161	0	0	48	0	0	0	0	0	0	0	0	0	0	0	0	0	0	48	243	0	0	0	0	0	0	0	0	0	0	0	0	0	0	134	0	0	0	0	0	0	0	0	0	0	0	0	0	0	0	0	0	0	161	0	0	0	0	0	0	0	0	0	0	0	0	0	0	0	0	0	0	0	0	0	0	0	0	0	0	243	0	0	0	0	0	0	0	0	0	0	0	0	0	0	118	0	0	0	0	0	0	0	0	0	0	0	0	0	0	0	0	0	0	134	0	0	0	0	0	0	0	0	0	0	0	0	0	0	0	0	0	0	0	0	0	0	0	0	0	0	161	0	0	0	0	0	0	0	0	0	0	0	0	0	0	0	0	0	0	0	0	0	0	0	0	0	0	0	0	0	0	0	0	0	0	0
26	15	25	35	9	5	1	5	0	10	25	9	3	25	0	0	30	70	45	54	0	0	0	0	0	0	0	0	0	0	0	0	0	0	50	0	0	9	0	0	0	0	0	0	9	0	0	0	0	0	0	0	45	54	0	0	0	0	0	0	0	0	0	0	0	0	0	0	49	0	0	0	0	0	0	0	0	0	0	0	0	0	0	0	0	0	0	50	0	0	0	0	0	0	0	0	0	0	0	0	0	0	0	0	0	0	0	0	0	0	0	0	0	0	54	0	0	0	0	0	0	0	0	0	0	0	0	0	0	47	0	0	0	0	0	0	0	0	0	0	0	0	0	0	0	0	0	0	49	0	0	0	0	0	0	0	0	0	0	0	0	0	0	0	0	0	0	0	0	0	0	0	0	0	0	50	0	0	0	0	0	0	0	0	0	0	0	0	0	0	0	0	0	0	0	0	0	0	0	0	0	0	0	0	0	0	0	0	0	0	0
24	10	17	40	66	0	0	0	29	0	0	66	0	0	107	40	0	0	264	204	0	0	0	27	0	0	29	0	0	83	37	0	0	116	106	0	0	0	0	0	0	27	0	0	0	0	0	0	0	40	0	0	0	204	0	0	0	27	0	0	27	0	0	78	37	0	0	108	106	0	0	0	0	0	0	27	0	0	0	0	0	0	0	37	0	0	0	106	0	0	0	0	0	0	0	0	0	0	0	0	0	0	27	0	0	0	0	0	0	0	0	0	0	0	0	0	0	0	27	0	0	27	0	0	78	37	0	0	108	104	0	0	0	0	0	0	27	0	0	0	0	0	0	0	37	0	0	0	106	0	0	0	0	0	0	0	0	0	0	0	0	0	0	27	0	0	0	0	0	0	0	0	0	0	0	0	0	0	0	0	0	0	0	0	0	0	0	0	0	0	0	0	0	0	0	0	0	0	0	0	0	0	0	0	0	0	0	0	0	0	0
25	11	17	33	69	0	0	0	24	0	0	69	0	0	64	28	0	0	207	252	0	0	0	23	0	0	24	0	0	44	26	0	0	72	106	0	0	0	0	0	0	13	0	0	0	0	0	0	0	28	0	0	0	252	0	0	0	23	0	0	23	0	0	43	26	0	0	69	106	0	0	0	0	0	0	13	0	0	0	0	0	0	0	26	0	0	0	106	0	0	0	0	0	0	0	0	0	0	0	0	0	0	13	0	0	0	0	0	0	0	0	0	0	0	0	0	0	0	23	0	0	23	0	0	43	26	0	0	69	104	0	0	0	0	0	0	13	0	0	0	0	0	0	0	26	0	0	0	106	0	0	0	0	0	0	0	0	0	0	0	0	0	0	13	0	0	0	0	0	0	0	0	0	0	0	0	0	0	0	0	0	0	0	0	0	0	0	0	0	0	0	0	0	0	0	0	0	0	0	0	0	0	0	0	0	0	0	0	0	0	0
16	7	14	14	25	0	0	0	0	0	0	25	0	0	18	0	0	0	50	156	0	0	0	0	0	0	0	0	0	0	0	0	0	0	93	0	0	0	0	0	0	0	0	0	0	0	0	0	0	0	0	0	0	156	0	0	0	0	0	0	0	0	0	0	0	0	0	0	93	0	0	0	0	0	0	0	0	0	0	0	0	0	0	0	0	0	0	93	0	0	0	0	0	0	0	0	0	0	0	0	0	0	0	0	0	0	0	0	0	0	0	0	0	0	0	0	0	0	0	0	0	0	0	0	0	0	0	0	0	91	0	0	0	0	0	0	0	0	0	0	0	0	0	0	0	0	0	0	93	0	0	0	0	0	0	0	0	0	0	0	0	0	0	0	0	0	0	0	0	0	0	0	0	0	0	0	0	0	0	0	0	0	0	0	0	0	0	0	0	0	0	0	0	0	0	0	0	0	0	0	0	0	0	0	0	0	0	0	0	0	0
14	6	13	12	12	0	0	0	0	0	0	12	0	0	5	0	0	0	24	39	0	0	0	0	0	0	0	0	0	0	0	0	0	0	10	0	0	0	0	0	0	0	0	0	0	0	0	0	0	0	0	0	0	39	0	0	0	0	0	0	0	0	0	0	0	0	0	0	10	0	0	0	0	0	0	0	0	0	0	0	0	0	0	0	0	0	0	10	0	0	0	0	0	0	0	0	0	0	0	0	0	0	0	0	0	0	0	0	0	0	0	0	0	0	0	0	0	0	0	0	0	0	0	0	0	0	0	0	0	10	0	0	0	0	0	0	0	0	0	0	0	0	0	0	0	0	0	0	10	0	0	0	0	0	0	0	0	0	0	0	0	0	0	0	0	0	0	0	0	0	0	0	0	0	0	0	0	0	0	0	0	0	0	0	0	0	0	0	0	0	0	0	0	0	0	0	0	0	0	0	0	0	0	0	0	0	0	0	0	0	0
13	5	12	15	5	0	0	0	0	0	0	5	0	0	5	0	0	0	15	9	0	0	0	0	0	0	0	0	0	0	0	0	0	0	0	0	0	0	0	0	0	0	0	0	0	0	0	0	0	0	0	0	0	9	0	0	0	0	0	0	0	0	0	0	0	0	0	0	0	0	0	0	0	0	0	0	0	0	0	0	0	0	0	0	0	0	0	0	0	0	0	0	0	0	0	0	0	0	0	0	0	0	0	0	0	0	0	0	0	0	0	0	0	0	0	0	0	0	0	0	0	0	0	0	0	0	0	0	0	0	0	0	0	0	0	0	0	0	0	0	0	0	0	0	0	0	0	0	0	0	0	0	0	0	0	0	0	0	0	0	0	0	0	0	0	0	0	0	0	0	0	0	0	0	0	0	0	0	0	0	0	0	0	0	0	0	0	0	0	0	0	0	0	0	0	0	0	0	0	0	0	0	0	0	0	0	0	0	0	0	0
7	0	0	0	55	0	0	0	43	0	0	0	0	0	0	32	0	0	0	66	0	0	0	40	0	0	0	0	0	0	29	0	0	0	29	0	0	0	0	0	0	40	0	0	0	0	0	0	0	0	0	0	0	0	0	0	0	38	0	0	0	0	0	0	27	0	0	0	27	0	0	0	0	0	0	37	0	0	0	0	0	0	0	0	0	0	0	0	0	0	0	0	0	0	27	0	0	0	0	0	0	0	0	0	0	0	0	0	0	0	0	0	0	0	0	0	0	0	38	0	0	0	0	0	0	27	0	0	0	27	0	0	0	0	0	0	37	0	0	0	0	0	0	0	0	0	0	0	0	0	0	0	0	0	0	27	0	0	0	0	0	0	0	0	0	0	0	0	0	0	0	0	0	0	0	0	0	0	0	0	0	0	0	0	0	0	0	0	0	0	0	0	0	0	0	0	0	0	0	0	0	0	0	0	0	0	0	0	0	0	0
15	0	0	0	147	0	0	0	102	0	0	0	0	0	0	84	0	0	0	177	0	0	0	85	0	0	0	0	0	0	42	0	0	0	53	0	0	0	0	0	0	63	0	0	0	117	0	0	0	0	0	0	0	0	0	0	0	83	0	0	0	0	0	0	40	0	0	0	50	0	0	0	0	0	0	60	0	0	0	83	0	0	0	0	0	0	0	0	0	0	0	0	0	0	30	0	0	0	0	0	0	0	0	0	0	0	0	0	0	0	0	0	0	0	0	0	0	0	83	0	0	0	0	0	0	40	0	0	0	50	0	0	0	0	0	0	60	0	0	0	83	0	0	0	0	0	0	0	0	0	0	0	0	0	0	30	0	0	0	0	0	0	0	0	0	0	0	0	0	0	0	0	0	0	0	0	0	0	0	0	0	0	0	0	0	0	0	0	0	0	0	0	0	0	0	0	0	0	0	0	0	0	0	0	0	0	0	0	0	0	0
11	0	0	0	86	0	0	0	58	0	0	0	0	0	0	29	0	0	0	140	0	0	0	56	0	0	0	0	0	0	28	0	0	0	53	0	0	0	0	0	0	35	0	0	0	0	0	0	0	0	0	0	0	0	0	0	0	55	0	0	0	0	0	0	27	0	0	0	50	0	0	0	0	0	0	34	0	0	0	0	0	0	0	0	0	0	0	0	0	0	0	0	0	0	17	0	0	0	0	0	0	0	0	0	0	0	0	0	0	0	0	0	0	0	0	0	0	0	55	0	0	0	0	0	0	27	0	0	0	50	0	0	0	0	0	0	34	0	0	0	0	0	0	0	0	0	0	0	0	0	0	0	0	0	0	17	0	0	0	0	0	0	0	0	0	0	0	0	0	0	0	0	0	0	0	0	0	0	0	0	0	0	0	0	0	0	0	0	0	0	0	0	0	0	0	0	0	0	0	0	0	0	0	0	0	0	0	0	0	0	0
9	0	0	0	104	0	0	0	103	0	0	0	0	0	0	19	0	0	0	0	0	0	0	102	0	0	0	0	0	0	18	0	0	0	0	0	0	0	0	0	0	18	0	0	0	0	0	0	0	0	0	0	0	0	0	0	0	101	0	0	0	0	0	0	17	0	0	0	0	0	0	0	0	0	0	17	0	0	0	0	0	0	0	0	0	0	0	0	0	0	0	0	0	0	17	0	0	0	0	0	0	0	0	0	0	0	0	0	0	0	0	0	0	0	0	0	0	0	101	0	0	0	0	0	0	17	0	0	0	0	0	0	0	0	0	0	17	0	0	0	0	0	0	0	0	0	0	0	0	0	0	0	0	0	0	17	0	0	0	0	0	0	0	0	0	0	0	0	0	0	0	0	0	0	0	0	0	0	0	0	0	0	0	0	0	0	0	0	0	0	0	0	0	0	0	0	0	0	0	0	0	0	0	0	0	0	0	0	0	0	0
9	0	0	0	60	0	0	0	15	0	0	0	0	0	0	35	0	0	0	177	0	0	0	10	0	0	0	0	0	0	10	0	0	0	53	0	0	0	0	0	0	0	0	0	0	9	0	0	0	0	0	0	0	0	0	0	0	10	0	0	0	0	0	0	10	0	0	0	50	0	0	0	0	0	0	0	0	0	0	0	0	0	0	0	0	0	0	0	0	0	0	0	0	0	0	0	0	0	0	0	0	0	0	0	0	0	0	0	0	0	0	0	0	0	0	0	0	0	10	0	0	0	0	0	0	10	0	0	0	50	0	0	0	0	0	0	0	0	0	0	0	0	0	0	0	0	0	0	0	0	0	0	0	0	0	0	0	0	0	0	0	0	0	0	0	0	0	0	0	0	0	0	0	0	0	0	0	0	0	0	0	0	0	0	0	0	0	0	0	0	0	0	0	0	0	0	0	0	0	0	0	0	0	0	0	0	0	0	0	0	0
