129	123	29	11	0	117	25	11	0	29	11	0	22	0	0	0	18	14	0	0	111	25	11	0	25	11	0	22	0	0	0	18	14	0	0	29	11	0	0	0	0	0	0	0	0	0	22	0	0	0	18	14	0	0	105	25	11	0	25	11	0	22	0	0	0	18	14	0	0	25	11	0	0	0	0	0	0	0	0	0	22	0	0	0	18	14	0	0	29	11	0	1	0	0	0	6	0	0	0	0	0	0	0	0	0	0	0	22	0	0	0	18	14	0	0	99	24	11	0	25	11	0	22	0	0	0	18	14	0	0	25	11	0	0	0	0	0	0	0	0	0	22	0	0	0	18	14	0	0	25	11	0	0	0	0	0	3	0	0	0	0	0	0	0	0	0	0	0	22	0	0	0	18	14	0	0	29	11	0	8	0	0	0	29	2	0	0	1	0	0	0	6	0	0	0	0	0	0	0	0	0	0	0	22	0	0	0	18	14	0	0
230	219	49	42	0	208	42	36	0	49	42	0	43	24	0	0	32	30	0	0	197	42	36	0	42	36	0	43	24	0	0	31	30	0	0	49	42	0	3	0	0	0	6	0	0	0	43	24	0	0	32	30	0	0	186	41	36	0	42	36	0	43	24	0	0	31	30	0	0	42	36	0	3	0	0	0	4	0	0	0	43	24	0	0	31	30	0	0	49	42	0	2	0	0	0	11	8	0	0	3	0	0	0	6	0	0	0	43	24	0	0	32	30	0	0	175	34	36	0	41	36	0	41	24	0	0	30	30	0	0	42	36	0	3	0	0	0	4	0	0	0	43	24	0	0	31	30	0	0	42	36	0	0	0	0	0	6	3	0	0	3	0	0	0	4	0	0	0	43	24	0	0	31	30	0	0	49	42	0	12	0	0	0	51	49	0	0	2	0	0	0	11	8	0	0	3	0	0	0	6	0	0	0	43	24	0	0	32	30	0	0
310	294	84	100	0	278	73	84	0	84	100	0	73	112	0	0	71	56	0	0	262	73	84	0	73	84	0	73	112	0	0	69	56	0	0	84	100	0	25	0	0	0	16	0	0	0	73	112	0	0	71	56	0	0	246	71	84	0	73	84	0	73	112	0	0	69	56	0	0	73	84	0	25	0	0	0	11	0	0	0	73	112	0	0	69	56	0	0	84	100	0	4	0	0	0	21	22	0	0	25	0	0	0	16	0	0	0	73	112	0	0	71	56	0	0	230	56	84	0	71	84	0	68	112	0	0	63	56	0	0	73	84	0	25	0	0	0	11	0	0	0	73	112	0	0	69	56	0	0	73	84	0	0	0	0	0	14	14	0	0	25	0	0	0	11	0	0	0	73	112	0	0	69	56	0	0	84	100	0	22	0	0	0	74	138	0	0	4	0	0	0	21	22	0	0	25	0	0	0	16	0	0	0	73	112	0	0	71	56	0	0
336	319	108	120	0	302	96	95	0	108	120	0	93	148	0	0	104	74	0	0	285	90	92	0	96	95	0	89	136	0	0	98	68	0	0	108	120	0	43	12	0	0	24	37	0	0	93	148	0	0	104	74	0	0	268	85	91	0	90	92	0	81	136	0	0	84	68	0	0	96	95	0	42	12	0	0	21	19	0	0	89	136	0	0	98	68	0	0	108	120	0	15	3	0	0	24	44	0	0	43	12	0	0	24	37	0	0	93	148	0	0	104	74	0	0	251	65	84	0	85	91	0	66	132	0	0	75	66	0	0	90	92	0	27	12	0	0	14	16	0	0	81	136	0	0	84	68	0	0	96	95	0	12	0	0	0	19	27	0	0	42	12	0	0	21	19	0	0	89	136	0	0	98	68	0	0	108	120	0	29	12	0	0	98	207	0	0	15	3	0	0	24	44	0	0	43	12	0	0	24	37	0	0	93	148	0	0	104	74	0	0
320	303	133	121	0	286	117	102	0	133	121	0	141	132	0	0	174	126	0	0	269	107	94	0	117	102	0	131	120	0	0	156	113	0	0	133	121	0	64	56	0	0	36	67	0	0	141	132	0	0	174	126	0	0	252	99	92	0	107	94	0	120	120	0	0	130	110	0	0	117	102	0	57	56	0	0	30	52	0	0	131	120	0	0	156	113	0	0	133	121	0	40	4	0	0	42	68	0	0	64	56	0	0	36	67	0	0	141	132	0	0	174	126	0	0	235	74	88	0	99	92	0	100	118	0	0	107	106	0	0	107	94	0	39	56	0	0	22	46	0	0	120	120	0	0	130	110	0	0	117	102	0	30	0	0	0	32	57	0	0	57	56	0	0	30	52	0	0	131	120	0	0	156	113	0	0	133	121	0	38	4	0	0	119	217	0	0	40	4	0	0	42	68	0	0	64	56	0	0	36	67	0	0	141	132	0	0	174	126	0	0
369	351	154	126	5	333	127	117	0	154	126	5	147	22	0	0	235	139	5	0	315	117	101	0	127	117	0	130	10	0	0	178	110	0	0	154	126	5	71	45	0	0	59	77	10	0	147	22	0	0	235	139	5	0	297	109	86	0	117	101	0	121	0	0	0	152	78	0	0	127	117	0	66	30	0	0	54	75	0	0	130	10	0	0	178	110	0	0	154	126	5	47	60	5	0	56	61	5	0	71	45	0	0	59	77	10	0	147	22	0	0	235	139	5	0	279	79	81	0	109	86	0	100	0	0	0	136	58	0	0	117	101	0	48	25	0	0	46	71	0	0	121	0	0	0	152	78	0	0	127	117	0	30	50	0	0	41	60	0	0	66	30	0	0	54	75	0	0	130	10	0	0	178	110	0	0	154	126	5	57	25	14	0	125	270	0	0	47	60	5	0	56	61	5	0	71	45	0	0	59	77	10	0	147	22	0	0	235	139	5	0
308	291	144	117	2	274	114	104	0	144	117	2	125	137	0	0	255	196	0	0	257	101	94	0	114	104	0	100	125	0	0	187	166	0	0	144	117	2	74	56	0	0	52	83	2	0	125	137	0	0	255	196	0	0	240	91	88	0	101	94	0	87	117	0	0	154	148	0	0	114	104	0	65	54	0	0	45	75	0	0	100	125	0	0	187	166	0	0	144	117	2	58	34	2	0	65	70	0	0	74	56	0	0	52	83	2	0	125	137	0	0	255	196	0	0	223	65	88	0	91	88	0	66	117	0	0	124	137	0	0	101	94	0	46	54	0	0	34	70	0	0	87	117	0	0	154	148	0	0	114	104	0	34	34	0	0	38	66	0	0	65	54	0	0	45	75	0	0	100	125	0	0	187	166	0	0	144	117	2	62	0	2	0	118	195	0	0	58	34	2	0	65	70	0	0	74	56	0	0	52	83	2	0	125	137	0	0	255	196	0	0
349	332	122	116	0	315	85	88	0	122	116	0	75	59	0	0	229	208	0	0	298	75	81	0	85	88	0	56	39	0	0	144	135	0	0	122	116	0	38	36	0	0	46	64	0	0	75	59	0	0	229	208	0	0	281	71	78	0	75	81	0	49	36	0	0	118	123	0	0	85	88	0	33	36	0	0	43	64	0	0	56	39	0	0	144	135	0	0	122	116	0	61	30	0	0	60	37	0	0	38	36	0	0	46	64	0	0	75	59	0	0	229	208	0	0	264	59	68	0	71	78	0	46	36	0	0	105	117	0	0	75	81	0	29	36	0	0	39	60	0	0	49	36	0	0	118	123	0	0	85	88	0	41	20	0	0	38	37	0	0	33	36	0	0	43	64	0	0	56	39	0	0	144	135	0	0	122	116	0	60	40	0	0	101	143	0	0	61	30	0	0	60	37	0	0	38	36	0	0	46	64	0	0	75	59	0	0	229	208	0	0
346	330	123	102	0	314	87	82	0	123	102	0	97	16	0	0	206	190	0	0	298	75	73	0	87	82	0	75	0	0	0	127	126	0	0	123	102	0	56	49	0	0	48	81	0	0	97	16	0	0	206	190	0	0	282	71	68	0	75	73	0	67	0	0	0	105	102	0	0	87	82	0	52	49	0	0	46	81	0	0	75	0	0	0	127	126	0	0	123	102	0	44	46	0	0	53	26	0	0	56	49	0	0	48	81	0	0	97	16	0	0	206	190	0	0	266	57	48	0	71	68	0	57	0	0	0	102	95	0	0	75	73	0	37	45	0	0	39	69	0	0	67	0	0	0	105	102	0	0	87	82	0	29	30	0	0	36	22	0	0	52	49	0	0	46	81	0	0	75	0	0	0	127	126	0	0	123	102	0	48	100	0	0	92	126	0	0	44	46	0	0	53	26	0	0	56	49	0	0	48	81	0	0	97	16	0	0	206	190	0	0
299	285	81	81	0	271	46	61	0	81	81	0	43	72	0	0	136	137	0	0	257	37	53	0	46	61	0	25	56	0	0	65	89	0	0	81	81	0	22	50	0	0	36	77	0	0	43	72	0	0	136	137	0	0	243	31	49	0	37	53	0	25	56	0	0	58	77	0	0	46	61	0	13	46	0	0	23	63	0	0	25	56	0	0	65	89	0	0	81	81	0	25	30	0	0	32	51	0	0	22	50	0	0	36	77	0	0	43	72	0	0	136	137	0	0	229	24	37	0	31	49	0	22	52	0	0	51	72	0	0	37	53	0	13	42	0	0	23	49	0	0	25	56	0	0	58	77	0	0	46	61	0	10	18	0	0	16	37	0	0	13	46	0	0	23	63	0	0	25	56	0	0	65	89	0	0	81	81	0	43	42	0	0	41	51	0	0	25	30	0	0	32	51	0	0	22	50	0	0	36	77	0	0	43	72	0	0	136	137	0	0
297	284	76	44	15	271	48	12	0	76	44	15	19	0	20	0	121	104	60	5	258	46	12	0	48	12	0	15	0	0	0	66	24	0	0	76	44	15	24	0	5	0	45	12	0	0	19	0	20	0	121	104	60	5	245	45	12	0	46	12	0	15	0	0	0	63	24	0	0	48	12	0	21	0	0	0	38	12	0	0	15	0	0	0	66	24	0	0	76	44	15	28	0	0	0	26	8	0	0	24	0	5	0	45	12	0	0	19	0	20	0	121	104	60	5	232	32	12	0	45	12	0	15	0	0	0	63	24	0	0	46	12	0	16	0	0	0	37	12	0	0	15	0	0	0	63	24	0	0	48	12	0	10	0	0	0	21	0	0	0	21	0	0	0	38	12	0	0	15	0	0	0	66	24	0	0	76	44	15	22	0	53	0	75	0	0	0	28	0	0	0	26	8	0	0	24	0	5	0	45	12	0	0	19	0	20	0	121	104	60	5
191	183	42	7	10	175	24	0	0	42	7	10	11	0	10	0	81	7	10	0	167	24	0	0	24	0	0	11	0	0	0	37	0	0	0	42	7	10	14	0	0	0	22	0	0	0	11	0	10	0	81	7	10	0	159	24	0	0	24	0	0	11	0	0	0	37	0	0	0	24	0	0	14	0	0	0	21	0	0	0	11	0	0	0	37	0	0	0	42	7	10	12	0	0	0	15	0	0	0	14	0	0	0	22	0	0	0	11	0	10	0	81	7	10	0	151	16	0	0	24	0	0	11	0	0	0	37	0	0	0	24	0	0	14	0	0	0	21	0	0	0	11	0	0	0	37	0	0	0	24	0	0	4	0	0	0	10	0	0	0	14	0	0	0	21	0	0	0	11	0	0	0	37	0	0	0	42	7	10	8	0	28	0	33	0	0	0	12	0	0	0	15	0	0	0	14	0	0	0	22	0	0	0	11	0	10	0	81	7	10	0
190	182	40	12	6	174	22	0	0	40	12	6	11	0	6	0	74	18	12	0	166	22	0	0	22	0	0	11	0	0	0	32	0	0	0	40	12	6	9	0	0	0	21	0	0	0	11	0	6	0	74	18	12	0	158	22	0	0	22	0	0	11	0	0	0	32	0	0	0	22	0	0	9	0	0	0	18	0	0	0	11	0	0	0	32	0	0	0	40	12	6	7	0	0	0	13	0	0	0	9	0	0	0	21	0	0	0	11	0	6	0	74	18	12	0	150	18	0	0	22	0	0	11	0	0	0	32	0	0	0	22	0	0	9	0	0	0	18	0	0	0	11	0	0	0	32	0	0	0	22	0	0	3	0	0	0	9	0	0	0	9	0	0	0	18	0	0	0	11	0	0	0	32	0	0	0	40	12	6	4	0	12	0	23	0	0	0	7	0	0	0	13	0	0	0	9	0	0	0	21	0	0	0	11	0	6	0	74	18	12	0
234	223	57	37	8	212	34	19	0	57	37	8	9	0	8	0	95	64	24	0	201	33	19	0	34	19	0	7	0	0	0	47	28	0	0	53	37	8	13	0	0	0	29	9	0	0	9	0	8	0	93	64	24	0	190	32	19	0	33	19	0	7	0	0	0	46	28	0	0	30	19	0	10	0	0	0	24	9	0	0	7	0	0	0	45	28	0	0	53	37	8	14	0	0	0	14	6	0	0	13	0	0	0	29	9	0	0	9	0	8	0	93	64	24	0	179	26	19	0	32	19	0	7	0	0	0	46	28	0	0	29	19	0	10	0	0	0	24	9	0	0	7	0	0	0	44	28	0	0	30	19	0	8	0	0	0	11	0	0	0	10	0	0	0	24	9	0	0	7	0	0	0	45	28	0	0	53	37	8	18	0	24	0	42	0	0	0	14	0	0	0	14	6	0	0	13	0	0	0	29	9	0	0	9	0	8	0	93	64	24	0
283	271	62	35	10	259	34	0	0	62	35	10	15	0	10	0	101	105	50	0	247	34	0	0	34	0	0	15	0	0	0	51	0	0	0	62	35	10	19	0	0	0	41	0	0	0	15	0	10	0	101	105	50	0	235	33	0	0	34	0	0	15	0	0	0	51	0	0	0	34	0	0	16	0	0	0	32	0	0	0	15	0	0	0	51	0	0	0	62	35	10	14	0	0	0	17	7	0	0	19	0	0	0	41	0	0	0	15	0	10	0	101	105	50	0	223	25	0	0	33	0	0	15	0	0	0	51	0	0	0	34	0	0	16	0	0	0	32	0	0	0	15	0	0	0	51	0	0	0	34	0	0	6	0	0	0	13	0	0	0	16	0	0	0	32	0	0	0	15	0	0	0	51	0	0	0	62	35	10	14	0	28	0	45	0	0	0	14	0	0	0	17	7	0	0	19	0	0	0	41	0	0	0	15	0	10	0	101	105	50	0
352	334	95	93	46	316	73	71	13	95	93	46	52	0	6	25	136	101	92	39	298	67	71	0	73	71	13	41	0	5	0	101	68	26	0	87	93	46	29	0	0	0	43	74	0	7	52	0	6	25	133	101	92	39	280	54	71	0	67	71	0	38	0	0	0	90	68	0	0	65	71	13	19	0	0	0	34	52	0	0	41	0	5	0	98	68	26	0	86	93	46	29	0	64	0	28	13	0	0	29	0	0	0	43	74	0	7	48	0	6	25	131	101	92	39	262	50	71	0	54	71	0	37	0	0	0	70	68	0	0	59	71	0	15	0	0	0	30	52	0	0	38	0	0	0	87	68	0	0	64	71	13	26	0	49	0	28	13	0	0	19	0	0	0	34	52	0	0	37	0	5	0	96	68	26	0	86	93	46	31	0	0	0	92	50	0	0	29	0	64	0	28	13	0	0	29	0	0	0	43	74	0	7	48	0	6	25	131	101	92	39
386	368	80	103	41	350	55	69	11	80	103	41	44	56	6	29	91	158	123	33	332	46	64	0	55	69	11	27	56	5	0	60	126	33	0	80	103	41	32	56	0	0	45	115	0	5	44	56	6	29	91	158	123	33	314	33	52	0	46	64	0	21	52	0	0	51	118	0	0	55	69	11	27	26	0	0	37	95	0	0	27	56	5	0	60	126	33	0	80	103	41	9	26	74	0	16	26	41	0	32	56	0	0	45	115	0	5	44	56	6	29	91	158	123	33	296	25	46	0	33	52	0	7	52	0	0	35	117	0	0	46	64	0	11	20	0	0	27	82	0	0	21	52	0	0	51	118	0	0	55	69	11	8	26	45	0	16	26	11	0	27	26	0	0	37	95	0	0	27	56	5	0	60	126	33	0	80	103	41	15	60	12	0	63	75	0	0	9	26	74	0	16	26	41	0	32	56	0	0	45	115	0	5	44	56	6	29	91	158	123	33
229	219	33	9	34	209	17	0	0	33	9	34	6	0	0	0	41	18	34	49	199	16	0	0	17	0	0	4	0	0	0	20	0	0	0	33	9	34	5	0	0	0	21	9	0	0	6	0	0	0	41	18	34	49	189	15	0	0	16	0	0	4	0	0	0	20	0	0	0	17	0	0	2	0	0	0	13	0	0	0	4	0	0	0	20	0	0	0	33	9	34	4	0	0	0	4	0	0	0	5	0	0	0	21	9	0	0	6	0	0	0	41	18	34	49	179	15	0	0	15	0	0	4	0	0	0	20	0	0	0	16	0	0	2	0	0	0	13	0	0	0	4	0	0	0	20	0	0	0	17	0	0	4	0	0	0	4	0	0	0	2	0	0	0	13	0	0	0	4	0	0	0	20	0	0	0	33	9	34	12	0	0	0	17	0	0	0	4	0	0	0	4	0	0	0	5	0	0	0	21	9	0	0	6	0	0	0	41	18	34	49
226	216	38	24	15	206	21	0	0	38	24	15	10	0	0	0	42	36	60	25	196	19	0	0	21	0	0	7	0	0	0	23	0	0	0	38	24	15	6	0	0	0	23	12	0	0	10	0	0	0	42	36	60	25	186	18	0	0	19	0	0	7	0	0	0	23	0	0	0	21	0	0	3	0	0	0	16	0	0	0	7	0	0	0	23	0	0	0	38	24	15	8	0	0	0	6	0	0	0	6	0	0	0	23	12	0	0	10	0	0	0	42	36	60	25	176	17	0	0	18	0	0	7	0	0	0	23	0	0	0	19	0	0	2	0	0	0	13	0	0	0	7	0	0	0	23	0	0	0	21	0	0	7	0	0	0	6	0	0	0	3	0	0	0	16	0	0	0	7	0	0	0	23	0	0	0	38	24	15	15	0	0	0	23	6	0	0	8	0	0	0	6	0	0	0	6	0	0	0	23	12	0	0	10	0	0	0	42	36	60	25
225	215	38	25	7	205	20	0	0	38	25	7	10	0	0	0	38	40	35	10	195	18	0	0	20	0	0	7	0	0	0	21	0	0	0	38	25	7	6	0	0	0	22	10	0	0	10	0	0	0	38	40	35	10	185	17	0	0	18	0	0	7	0	0	0	21	0	0	0	20	0	0	3	0	0	0	15	0	0	0	7	0	0	0	21	0	0	0	38	25	7	8	0	0	0	6	0	0	0	6	0	0	0	22	10	0	0	10	0	0	0	38	40	35	10	175	16	0	0	17	0	0	7	0	0	0	21	0	0	0	18	0	0	2	0	0	0	12	0	0	0	7	0	0	0	21	0	0	0	20	0	0	7	0	0	0	6	0	0	0	3	0	0	0	15	0	0	0	7	0	0	0	21	0	0	0	38	25	7	15	0	0	0	23	5	0	0	8	0	0	0	6	0	0	0	6	0	0	0	22	10	0	0	10	0	0	0	38	40	35	10
373	355	67	85	57	337	54	59	14	67	85	57	48	24	20	12	59	27	114	143	319	40	47	13	54	59	14	31	0	20	10	52	15	28	24	67	85	57	7	0	78	5	30	0	57	0	48	24	20	12	59	27	114	143	301	39	45	5	40	47	13	31	0	20	0	46	15	26	0	54	59	14	7	0	58	0	30	0	14	0	31	0	20	10	52	15	28	24	67	85	57	7	28	0	7	22	14	0	5	7	0	78	5	30	0	57	0	48	24	20	12	59	27	114	143	283	31	39	0	39	45	5	29	0	14	0	45	14	10	0	40	47	13	4	0	53	0	15	0	13	0	31	0	20	0	46	15	26	0	54	59	14	5	24	0	0	21	12	0	0	7	0	58	0	30	0	14	0	31	0	20	10	52	15	28	24	67	85	57	3	78	20	0	88	74	0	0	7	28	0	7	22	14	0	5	7	0	78	5	30	0	57	0	48	24	20	12	59	27	114	143
264	251	39	54	32	238	27	43	0	39	54	32	27	34	0	0	37	62	32	109	225	21	35	0	27	43	0	20	27	0	0	31	54	0	24	39	54	32	17	8	10	0	18	33	32	0	27	34	0	0	37	62	32	109	212	19	31	0	21	35	0	14	24	0	0	22	49	0	0	27	43	0	17	7	0	0	18	30	0	0	20	27	0	0	31	54	0	24	39	54	32	5	31	0	0	5	16	0	0	17	8	10	0	18	33	32	0	27	34	0	0	37	62	32	109	199	11	21	0	19	31	0	4	21	0	0	21	43	0	0	21	35	0	0	0	0	0	8	8	0	0	14	24	0	0	22	49	0	0	27	43	0	4	21	0	0	4	14	0	0	17	7	0	0	18	30	0	0	20	27	0	0	31	54	0	24	39	54	32	6	21	20	0	16	47	32	0	5	31	0	0	5	16	0	0	17	8	10	0	18	33	32	0	27	34	0	0	37	62	32	109
171	163	22	7	21	155	14	7	0	22	7	21	10	0	0	0	19	0	0	63	147	11	7	0	14	7	0	7	0	0	0	16	0	0	11	22	7	21	3	0	10	0	11	0	0	0	10	0	0	0	19	0	0	63	139	11	7	0	11	7	0	7	0	0	0	16	0	0	0	14	7	0	3	0	0	0	11	0	0	0	7	0	0	0	16	0	0	11	22	7	21	8	0	0	0	5	0	0	0	3	0	10	0	11	0	0	0	10	0	0	0	19	0	0	63	131	8	7	0	11	7	0	7	0	0	0	16	0	0	0	11	7	0	0	0	0	0	5	0	0	0	7	0	0	0	16	0	0	0	14	7	0	7	0	0	0	5	0	0	0	3	0	0	0	11	0	0	0	7	0	0	0	16	0	0	11	22	7	21	9	0	20	0	17	0	0	0	8	0	0	0	5	0	0	0	3	0	10	0	11	0	0	0	10	0	0	0	19	0	0	63
195	186	18	18	11	177	12	0	0	18	18	11	6	0	0	0	10	6	33	22	168	10	0	0	12	0	0	3	0	0	0	8	0	0	0	18	18	11	1	0	0	0	4	0	0	0	6	0	0	0	10	6	33	22	159	10	0	0	10	0	0	3	0	0	0	8	0	0	0	12	0	0	1	0	0	0	4	0	0	0	3	0	0	0	8	0	0	0	18	18	11	7	0	0	0	4	0	0	0	1	0	0	0	4	0	0	0	6	0	0	0	10	6	33	22	150	8	0	0	10	0	0	3	0	0	0	8	0	0	0	10	0	0	0	0	0	0	1	0	0	0	3	0	0	0	8	0	0	0	12	0	0	5	0	0	0	3	0	0	0	1	0	0	0	4	0	0	0	3	0	0	0	8	0	0	0	18	18	11	9	0	0	0	16	6	0	0	7	0	0	0	4	0	0	0	1	0	0	0	4	0	0	0	6	0	0	0	10	6	33	22
130	124	11	8	5	118	6	0	0	11	8	5	2	0	0	0	3	0	10	7	112	5	0	0	6	0	0	0	0	0	0	1	0	0	0	11	8	5	0	0	0	0	0	0	0	0	2	0	0	0	3	0	10	7	106	5	0	0	5	0	0	0	0	0	0	1	0	0	0	6	0	0	0	0	0	0	0	0	0	0	0	0	0	0	1	0	0	0	11	8	5	2	0	0	0	1	0	0	0	0	0	0	0	0	0	0	0	2	0	0	0	3	0	10	7	100	5	0	0	5	0	0	0	0	0	0	1	0	0	0	5	0	0	0	0	0	0	0	0	0	0	0	0	0	0	1	0	0	0	6	0	0	2	0	0	0	1	0	0	0	0	0	0	0	0	0	0	0	0	0	0	0	1	0	0	0	11	8	5	6	0	0	0	9	0	0	0	2	0	0	0	1	0	0	0	0	0	0	0	0	0	0	0	2	0	0	0	3	0	10	7
189	180	24	0	24	171	16	0	13	24	0	24	15	0	26	4	13	0	0	16	162	16	0	13	16	0	13	15	0	23	4	13	0	0	0	24	0	24	0	0	0	0	3	0	0	0	15	0	26	4	13	0	0	16	153	16	0	13	16	0	13	15	0	23	4	13	0	0	0	16	0	13	0	0	0	0	0	0	0	0	15	0	23	4	13	0	0	0	24	0	24	1	0	0	0	9	0	0	0	0	0	0	0	3	0	0	0	15	0	26	4	13	0	0	16	144	15	0	12	16	0	13	15	0	23	3	13	0	0	0	16	0	13	0	0	0	0	0	0	0	0	15	0	23	4	13	0	0	0	16	0	13	0	0	0	0	2	0	0	0	0	0	0	0	0	0	0	0	15	0	23	4	13	0	0	0	24	0	24	0	0	0	3	42	0	0	0	1	0	0	0	9	0	0	0	0	0	0	0	3	0	0	0	15	0	26	4	13	0	0	16
268	255	37	23	39	242	25	12	13	37	23	39	20	0	45	4	22	12	39	100	229	25	12	13	25	12	13	20	0	23	4	22	12	13	14	37	23	39	1	0	0	0	7	0	0	0	20	0	45	4	22	12	39	100	216	23	11	13	25	12	13	20	0	23	4	22	12	13	13	25	12	13	0	0	0	0	1	0	0	0	20	0	23	4	22	12	13	14	37	23	39	5	11	7	0	12	11	0	0	1	0	0	0	7	0	0	0	20	0	45	4	22	12	39	100	203	16	0	12	23	11	13	15	0	23	3	16	11	13	5	25	12	13	0	0	0	0	1	0	0	0	20	0	23	4	22	12	13	13	25	12	13	0	0	0	0	2	0	0	0	0	0	0	0	1	0	0	0	20	0	23	4	22	12	13	14	37	23	39	2	0	45	3	54	22	39	0	5	11	7	0	12	11	0	0	1	0	0	0	7	0	0	0	20	0	45	4	22	12	39	100
146	139	19	6	9	132	13	0	9	19	6	9	11	0	11	0	12	0	9	0	125	13	0	9	13	0	9	11	0	11	0	12	0	9	0	19	6	9	0	0	0	0	0	0	0	0	11	0	11	0	12	0	9	0	118	12	0	9	13	0	9	11	0	11	0	12	0	9	0	13	0	9	0	0	0	0	0	0	0	0	11	0	11	0	12	0	9	0	19	6	9	1	0	0	0	5	6	0	0	0	0	0	0	0	0	0	0	11	0	11	0	12	0	9	0	111	9	0	9	12	0	9	9	0	11	0	11	0	9	0	13	0	9	0	0	0	0	0	0	0	0	11	0	11	0	12	0	9	0	13	0	9	0	0	0	0	1	0	0	0	0	0	0	0	0	0	0	0	11	0	11	0	12	0	9	0	19	6	9	0	0	0	0	24	12	0	0	1	0	0	0	5	6	0	0	0	0	0	0	0	0	0	0	11	0	11	0	12	0	9	0
160	152	21	7	30	144	15	7	7	21	7	30	10	0	30	4	11	0	0	73	136	15	7	7	15	7	7	10	0	15	4	11	0	0	14	21	7	30	0	0	0	0	3	0	0	0	10	0	30	4	11	0	0	73	128	15	7	7	15	7	7	10	0	15	4	11	0	0	13	15	7	7	0	0	0	0	0	0	0	0	10	0	15	4	11	0	0	14	21	7	30	3	0	0	0	7	0	0	0	0	0	0	0	3	0	0	0	10	0	30	4	11	0	0	73	120	9	7	6	15	7	7	10	0	15	3	11	0	0	5	15	7	7	0	0	0	0	0	0	0	0	10	0	15	4	11	0	0	13	15	7	7	0	0	0	0	1	0	0	0	0	0	0	0	0	0	0	0	10	0	15	4	11	0	0	14	21	7	30	2	0	24	3	29	21	0	0	3	0	0	0	7	0	0	0	0	0	0	0	3	0	0	0	10	0	30	4	11	0	0	73
166	158	45	12	17	150	33	0	15	45	12	17	41	0	46	8	35	0	34	0	142	33	0	15	33	0	15	41	0	39	8	34	0	30	0	45	12	17	16	0	0	0	9	0	0	0	41	0	46	8	35	0	34	0	134	32	0	15	33	0	15	41	0	39	8	34	0	30	0	33	0	15	16	0	0	0	3	0	0	0	41	0	39	8	34	0	30	0	45	12	17	1	0	0	0	18	6	0	0	16	0	0	0	9	0	0	0	41	0	46	8	35	0	34	0	126	26	0	12	32	0	15	39	0	39	5	33	0	30	0	33	0	15	16	0	0	0	3	0	0	0	41	0	39	8	34	0	30	0	33	0	15	0	0	0	0	8	0	0	0	16	0	0	0	3	0	0	0	41	0	39	8	34	0	30	0	45	12	17	0	0	0	7	66	30	0	0	1	0	0	0	18	6	0	0	16	0	0	0	9	0	0	0	41	0	46	8	35	0	34	0
269	255	50	35	77	241	47	33	38	50	35	77	55	22	0	80	53	35	0	65	227	44	33	23	47	33	38	55	22	0	51	49	33	0	37	50	35	77	31	0	0	16	14	0	0	57	55	22	0	80	53	35	0	65	213	39	22	21	44	33	23	49	22	0	51	40	33	0	37	47	33	38	31	0	0	14	13	0	0	14	55	22	0	51	49	33	0	37	50	35	77	0	0	39	12	12	0	77	0	31	0	0	16	14	0	0	57	55	22	0	80	53	35	0	65	199	31	0	20	39	22	21	39	0	0	51	37	22	0	37	44	33	23	16	0	0	13	6	0	0	13	49	22	0	51	40	33	0	37	47	33	38	0	0	24	10	10	0	38	0	31	0	0	14	13	0	0	14	55	22	0	51	49	33	0	37	50	35	77	2	0	0	5	44	0	154	0	0	0	39	12	12	0	77	0	31	0	0	16	14	0	0	57	55	22	0	80	53	35	0	65
334	315	80	116	52	296	68	102	37	80	116	52	77	164	0	41	103	145	0	17	277	64	90	34	68	102	37	77	140	0	36	91	122	0	15	80	116	52	37	120	9	16	29	0	0	0	77	164	0	41	103	145	0	17	258	59	90	30	64	90	34	71	140	0	36	79	110	0	15	68	102	37	33	120	9	14	25	0	0	0	77	140	0	36	91	122	0	15	80	116	52	10	0	0	24	31	30	0	0	37	120	9	16	29	0	0	0	77	164	0	41	103	145	0	17	239	45	60	25	59	90	30	55	140	0	36	68	110	0	15	64	90	34	17	120	9	13	15	0	0	0	71	140	0	36	79	110	0	15	68	102	37	3	0	0	18	19	26	0	0	33	120	9	14	25	0	0	0	77	140	0	36	91	122	0	15	80	116	52	17	0	9	21	69	45	156	0	10	0	0	24	31	30	0	0	37	120	9	16	29	0	0	0	77	164	0	41	103	145	0	17
388	367	85	141	59	346	65	125	53	85	141	59	84	206	0	32	105	193	0	0	325	54	77	40	65	125	53	67	176	0	20	80	180	0	0	85	141	59	26	165	43	46	25	77	177	32	84	206	0	32	105	193	0	0	304	48	55	26	54	77	40	60	110	0	20	64	66	0	0	65	125	53	26	165	42	14	23	77	159	0	67	176	0	20	80	180	0	0	85	141	59	18	0	50	24	39	0	118	41	26	165	43	46	25	77	177	32	84	206	0	32	105	193	0	0	283	36	0	21	48	55	26	58	0	0	20	61	55	0	0	54	77	40	25	0	29	13	15	0	120	0	60	110	0	20	64	66	0	0	65	125	53	3	0	47	18	21	0	106	11	26	165	42	14	23	77	159	0	67	176	0	20	80	180	0	0	85	141	59	7	0	9	21	53	0	295	0	18	0	50	24	39	0	118	41	26	165	43	46	25	77	177	32	84	206	0	32	105	193	0	0
306	289	87	94	46	272	69	73	45	87	94	46	80	129	14	5	140	147	46	0	255	62	70	43	69	73	45	75	120	14	4	112	126	45	0	87	94	46	54	30	23	12	47	13	0	0	80	129	14	5	140	147	46	0	238	53	67	37	62	70	43	67	120	14	4	95	120	43	0	69	73	45	48	30	23	10	42	10	0	0	75	120	14	4	112	126	45	0	87	94	46	24	27	0	39	51	85	0	0	54	30	23	12	47	13	0	0	80	129	14	5	140	147	46	0	221	35	37	23	53	67	37	48	111	12	4	74	115	37	0	62	70	43	29	30	23	9	22	10	0	0	67	120	14	4	95	120	43	0	69	73	45	4	0	0	24	23	46	0	0	48	30	23	10	42	10	0	0	75	120	14	4	112	126	45	0	87	94	46	9	27	16	49	63	67	138	0	24	27	0	39	51	85	0	0	54	30	23	12	47	13	0	0	80	129	14	5	140	147	46	0
279	264	72	75	40	249	57	44	40	72	75	40	58	33	14	0	102	111	160	0	234	50	44	39	57	44	40	53	33	14	0	87	66	160	0	72	75	40	49	0	23	8	64	14	0	0	58	33	14	0	102	111	160	0	219	35	32	33	50	44	39	45	33	14	0	70	66	156	0	57	44	40	31	0	23	6	39	11	0	0	53	33	14	0	87	66	160	0	72	75	40	11	84	0	39	34	105	0	0	49	0	23	8	64	14	0	0	58	33	14	0	102	111	160	0	204	22	7	19	35	32	33	28	21	12	0	46	46	132	0	50	44	39	12	0	23	5	19	11	0	0	45	33	14	0	70	66	156	0	57	44	40	4	0	0	24	20	22	0	0	31	0	23	6	39	11	0	0	53	33	14	0	87	66	160	0	72	75	40	3	28	16	49	42	28	120	0	11	84	0	39	34	105	0	0	49	0	23	8	64	14	0	0	58	33	14	0	102	111	160	0
196	185	41	31	25	174	25	28	7	41	31	25	22	21	18	14	58	45	0	86	163	24	28	7	25	28	7	21	21	14	14	43	42	0	85	41	31	25	24	0	0	0	47	10	0	0	22	21	18	14	58	45	0	86	152	7	7	7	24	28	7	19	21	14	14	41	42	0	82	25	28	7	4	0	0	0	7	7	0	0	21	21	14	14	43	42	0	85	41	31	25	2	0	57	0	15	20	75	0	24	0	0	0	47	10	0	0	22	21	18	14	58	45	0	86	141	1	0	6	7	7	7	3	0	14	12	13	7	0	70	24	28	7	3	0	0	0	4	7	0	0	19	21	14	14	41	42	0	82	25	28	7	0	0	7	0	9	14	21	0	4	0	0	0	7	7	0	0	21	21	14	14	43	42	0	85	41	31	25	0	0	34	6	14	10	25	0	2	0	57	0	15	20	75	0	24	0	0	0	47	10	0	0	22	21	18	14	58	45	0	86
200	189	37	36	16	178	27	18	7	37	36	16	11	0	18	14	39	24	48	40	167	16	12	7	27	18	7	8	0	14	14	30	18	21	40	37	36	16	12	36	0	0	31	66	0	0	11	0	18	14	39	24	48	40	156	3	0	7	16	12	7	8	0	14	14	23	12	21	39	27	18	7	0	0	0	0	3	0	0	0	8	0	14	14	30	18	21	40	37	36	16	1	0	30	0	8	0	32	0	12	36	0	0	31	66	0	0	11	0	18	14	39	24	48	40	145	0	0	6	3	0	7	0	0	14	12	3	0	21	33	16	12	7	0	0	0	0	3	0	0	0	8	0	14	14	23	12	21	39	27	18	7	0	0	7	0	6	0	14	0	0	0	0	0	3	0	0	0	8	0	14	14	30	18	21	40	37	36	16	0	0	7	6	4	0	0	0	1	0	30	0	8	0	32	0	12	36	0	0	31	66	0	0	11	0	18	14	39	24	48	40
160	151	35	25	7	142	22	18	0	35	25	7	11	12	0	0	48	38	7	40	133	17	16	0	22	18	0	10	12	0	0	36	36	0	40	35	25	7	17	10	0	0	35	28	0	0	11	12	0	0	48	38	7	40	124	3	5	0	17	16	0	8	10	0	0	29	31	0	39	22	18	0	1	0	0	0	6	6	0	0	10	12	0	0	36	36	0	40	35	25	7	1	5	21	0	11	16	14	0	17	10	0	0	35	28	0	0	11	12	0	0	48	38	7	40	115	0	0	0	3	5	0	0	0	0	0	6	5	0	33	17	16	0	0	0	0	0	3	6	0	0	8	10	0	0	29	31	0	39	22	18	0	0	0	0	0	5	12	0	0	1	0	0	0	6	6	0	0	10	12	0	0	36	36	0	40	35	25	7	0	0	7	0	10	8	7	0	1	5	21	0	11	16	14	0	17	10	0	0	35	28	0	0	11	12	0	0	48	38	7	40
195	184	32	38	7	173	21	28	0	32	38	7	8	0	0	0	37	35	14	40	162	13	20	0	21	28	0	8	0	0	0	27	35	0	40	32	38	7	8	40	0	0	28	40	0	0	8	0	0	0	37	35	14	40	151	3	0	0	13	20	0	8	0	0	0	20	25	0	39	21	28	0	0	0	0	0	3	0	0	0	8	0	0	0	27	35	0	40	32	38	7	1	0	21	0	10	0	28	0	8	40	0	0	28	40	0	0	8	0	0	0	37	35	14	40	140	0	0	0	3	0	0	0	0	0	0	3	0	0	33	13	20	0	0	0	0	0	3	0	0	0	8	0	0	0	20	25	0	39	21	28	0	0	0	0	0	6	0	0	0	0	0	0	0	3	0	0	0	8	0	0	0	27	35	0	40	32	38	7	0	0	7	0	6	0	0	0	1	0	21	0	10	0	28	0	8	40	0	0	28	40	0	0	8	0	0	0	37	35	14	40
112	106	27	8	0	100	21	0	0	27	8	0	5	0	0	0	27	0	0	0	94	13	0	0	21	0	0	5	0	0	0	26	0	0	0	27	8	0	16	0	0	0	25	32	0	0	5	0	0	0	27	0	0	0	88	2	0	0	13	0	0	5	0	0	0	19	0	0	0	21	0	0	0	0	0	0	2	0	0	0	5	0	0	0	26	0	0	0	27	8	0	1	0	0	0	4	0	0	0	16	0	0	0	25	32	0	0	5	0	0	0	27	0	0	0	82	0	0	0	2	0	0	0	0	0	0	2	0	0	0	13	0	0	0	0	0	0	2	0	0	0	5	0	0	0	19	0	0	0	21	0	0	0	0	0	0	4	0	0	0	0	0	0	0	2	0	0	0	5	0	0	0	26	0	0	0	27	8	0	0	0	0	0	2	0	0	0	1	0	0	0	4	0	0	0	16	0	0	0	25	32	0	0	5	0	0	0	27	0	0	0
225	212	30	51	49	199	16	21	47	30	51	49	18	63	50	18	17	28	147	0	186	1	0	29	16	21	47	0	0	50	14	9	0	141	0	30	51	49	0	0	79	63	1	0	147	59	18	63	50	18	17	28	147	0	173	1	0	29	1	0	29	0	0	26	14	2	0	87	0	16	21	47	0	0	77	63	1	0	141	53	0	0	50	14	9	0	141	0	30	51	49	1	0	0	0	0	0	0	0	0	0	79	63	1	0	147	59	18	63	50	18	17	28	147	0	160	1	0	26	1	0	29	0	0	26	14	2	0	87	0	1	0	29	0	0	16	60	1	0	87	40	0	0	26	14	2	0	87	0	16	21	47	1	0	0	0	0	0	0	0	0	0	77	63	1	0	141	53	0	0	50	14	9	0	141	0	30	51	49	0	0	0	30	0	0	0	0	1	0	0	0	0	0	0	0	0	0	79	63	1	0	147	59	18	63	50	18	17	28	147	0
190	179	23	28	26	168	17	28	9	23	28	26	12	0	0	18	22	14	0	23	157	0	0	7	17	28	9	0	0	0	14	12	14	0	7	23	28	26	0	0	43	14	1	0	104	0	12	0	0	18	22	14	0	23	146	0	0	7	0	0	7	0	0	0	14	0	0	0	7	17	28	9	0	0	9	14	0	0	36	0	0	0	0	14	12	14	0	7	23	28	26	0	0	0	0	2	0	0	0	0	0	43	14	1	0	104	0	12	0	0	18	22	14	0	23	135	0	0	7	0	0	7	0	0	0	14	0	0	0	7	0	0	7	0	0	7	14	0	0	28	0	0	0	0	14	0	0	0	7	17	28	9	0	0	0	0	0	0	0	0	0	0	9	14	0	0	36	0	0	0	0	14	12	14	0	7	23	28	26	0	0	0	0	1	0	0	0	0	0	0	0	2	0	0	0	0	0	43	14	1	0	104	0	12	0	0	18	22	14	0	23
191	180	26	35	34	169	11	5	34	26	35	34	22	25	77	0	14	20	170	0	158	0	0	21	11	5	34	0	0	77	0	5	0	170	0	26	35	34	0	0	55	21	0	0	34	59	22	25	77	0	14	20	170	0	147	0	0	20	0	0	21	0	0	50	0	0	0	105	0	11	5	34	0	0	55	20	0	0	34	53	0	0	77	0	5	0	170	0	26	35	34	0	0	0	7	0	0	0	0	0	0	55	21	0	0	34	59	22	25	77	0	14	20	170	0	136	0	0	10	0	0	20	0	0	47	0	0	0	100	0	0	0	21	0	0	0	10	0	0	21	40	0	0	50	0	0	0	105	0	11	5	34	0	0	0	0	0	0	0	0	0	0	55	20	0	0	34	53	0	0	77	0	5	0	170	0	26	35	34	0	0	0	30	0	0	0	32	0	0	0	7	0	0	0	0	0	0	55	21	0	0	34	59	22	25	77	0	14	20	170	0
173	163	31	27	17	153	19	18	11	31	27	17	24	18	22	0	23	12	17	16	143	0	0	0	19	18	11	0	0	22	0	14	0	11	7	31	27	17	0	0	67	0	0	0	51	59	24	18	22	0	23	12	17	16	133	0	0	0	0	0	0	0	0	0	0	0	0	0	7	19	18	11	0	0	55	0	0	0	33	53	0	0	22	0	14	0	11	7	31	27	17	0	0	0	0	0	0	0	0	0	0	67	0	0	0	51	59	24	18	22	0	23	12	17	16	123	0	0	0	0	0	0	0	0	0	0	0	0	0	7	0	0	0	0	0	0	0	0	0	0	40	0	0	0	0	0	0	0	7	19	18	11	0	0	0	0	0	0	0	0	0	0	55	0	0	0	33	53	0	0	22	0	14	0	11	7	31	27	17	0	0	0	0	0	0	0	0	0	0	0	0	0	0	0	0	0	0	67	0	0	0	51	59	24	18	22	0	23	12	17	16
172	162	22	24	20	152	16	24	0	22	24	20	5	0	0	0	26	30	0	30	142	1	0	0	16	24	0	2	0	0	0	15	30	0	7	22	24	20	0	0	42	0	3	0	80	0	5	0	0	0	26	30	0	30	132	0	0	0	1	0	0	0	0	0	0	1	0	0	7	16	24	0	0	0	0	0	1	0	0	0	2	0	0	0	15	30	0	7	22	24	20	0	0	5	0	6	0	0	0	0	0	42	0	3	0	80	0	5	0	0	0	26	30	0	30	122	0	0	0	0	0	0	0	0	0	0	0	0	0	7	1	0	0	0	0	0	0	1	0	0	0	0	0	0	0	1	0	0	7	16	24	0	0	0	0	0	2	0	0	0	0	0	0	0	1	0	0	0	2	0	0	0	15	30	0	7	22	24	20	0	0	0	0	4	0	0	0	0	0	5	0	6	0	0	0	0	0	42	0	3	0	80	0	5	0	0	0	26	30	0	30
220	207	15	12	90	194	1	0	72	15	12	90	0	0	118	70	7	0	90	83	181	1	0	72	1	0	72	0	0	77	70	0	0	72	81	15	12	90	0	0	0	0	0	0	0	0	0	0	118	70	7	0	90	83	168	1	0	46	1	0	72	0	0	77	34	0	0	72	50	1	0	72	0	0	0	0	0	0	0	0	0	0	77	70	0	0	72	81	15	12	90	0	0	0	46	0	0	0	136	0	0	0	0	0	0	0	0	0	0	118	70	7	0	90	83	155	0	0	32	1	0	46	0	0	0	33	0	0	46	49	1	0	72	0	0	0	0	0	0	0	0	0	0	77	34	0	0	72	50	1	0	72	0	0	0	32	0	0	0	91	0	0	0	0	0	0	0	0	0	0	77	70	0	0	72	81	15	12	90	0	0	15	31	2	0	0	39	0	0	0	46	0	0	0	136	0	0	0	0	0	0	0	0	0	0	118	70	7	0	90	83
153	144	9	0	67	135	1	0	56	9	0	67	0	0	75	70	5	0	0	34	126	1	0	56	1	0	56	0	0	55	70	0	0	0	34	9	0	67	0	0	0	0	0	0	0	0	0	0	75	70	5	0	0	34	117	1	0	42	1	0	56	0	0	55	34	0	0	0	21	1	0	56	0	0	0	0	0	0	0	0	0	0	55	70	0	0	0	34	9	0	67	0	0	0	35	0	0	0	59	0	0	0	0	0	0	0	0	0	0	75	70	5	0	0	34	108	0	0	39	1	0	42	0	0	0	33	0	0	0	20	1	0	56	0	0	0	0	0	0	0	0	0	0	55	34	0	0	0	21	1	0	56	0	0	0	32	0	0	0	53	0	0	0	0	0	0	0	0	0	0	55	70	0	0	0	34	9	0	67	0	0	15	31	2	0	0	0	0	0	0	35	0	0	0	59	0	0	0	0	0	0	0	0	0	0	75	70	5	0	0	34
102	96	5	0	15	90	0	0	9	5	0	15	0	0	5	9	0	0	0	34	84	0	0	9	0	0	9	0	0	0	9	0	0	0	34	5	0	15	0	0	0	0	0	0	0	0	0	0	5	9	0	0	0	34	78	0	0	8	0	0	9	0	0	0	8	0	0	0	21	0	0	9	0	0	0	0	0	0	0	0	0	0	0	9	0	0	0	34	5	0	15	0	0	0	8	0	0	0	0	0	0	0	0	0	0	0	0	0	0	5	9	0	0	0	34	72	0	0	7	0	0	8	0	0	0	7	0	0	0	20	0	0	9	0	0	0	0	0	0	0	0	0	0	0	8	0	0	0	21	0	0	9	0	0	0	7	0	0	0	0	0	0	0	0	0	0	0	0	0	0	0	9	0	0	0	34	5	0	15	0	0	0	7	0	0	0	0	0	0	0	8	0	0	0	0	0	0	0	0	0	0	0	0	0	0	5	9	0	0	0	34
134	126	9	12	18	118	0	0	0	9	12	18	0	0	44	0	0	0	36	100	110	0	0	0	0	0	0	0	0	0	0	0	0	0	92	9	12	18	0	0	0	0	0	0	0	0	0	0	44	0	0	0	36	100	102	0	0	0	0	0	0	0	0	0	0	0	0	0	50	0	0	0	0	0	0	0	0	0	0	0	0	0	0	0	0	0	0	92	9	12	18	0	0	0	0	0	0	0	0	0	0	0	0	0	0	0	0	0	0	44	0	0	0	36	100	94	0	0	0	0	0	0	0	0	0	0	0	0	0	49	0	0	0	0	0	0	0	0	0	0	0	0	0	0	0	0	0	0	50	0	0	0	0	0	0	0	0	0	0	0	0	0	0	0	0	0	0	0	0	0	0	0	0	0	0	92	9	12	18	0	0	0	0	0	0	0	0	0	0	0	0	0	0	0	0	0	0	0	0	0	0	0	0	0	0	44	0	0	0	36	100
118	111	7	6	12	104	0	0	0	7	6	12	0	0	26	0	0	0	12	83	97	0	0	0	0	0	0	0	0	0	0	0	0	0	81	7	6	12	0	0	0	0	0	0	0	0	0	0	26	0	0	0	12	83	90	0	0	0	0	0	0	0	0	0	0	0	0	0	50	0	0	0	0	0	0	0	0	0	0	0	0	0	0	0	0	0	0	81	7	6	12	0	0	0	0	0	0	0	0	0	0	0	0	0	0	0	0	0	0	26	0	0	0	12	83	83	0	0	0	0	0	0	0	0	0	0	0	0	0	49	0	0	0	0	0	0	0	0	0	0	0	0	0	0	0	0	0	0	50	0	0	0	0	0	0	0	0	0	0	0	0	0	0	0	0	0	0	0	0	0	0	0	0	0	0	81	7	6	12	0	0	0	0	0	0	0	0	0	0	0	0	0	0	0	0	0	0	0	0	0	0	0	0	0	0	26	0	0	0	12	83
256	240	12	0	117	224	2	0	111	12	0	117	3	0	48	55	20	0	0	0	208	1	0	74	2	0	111	0	0	48	22	4	0	0	0	12	0	117	0	0	10	96	6	0	0	112	3	0	48	55	20	0	0	0	192	0	0	49	1	0	74	0	0	48	22	2	0	0	0	2	0	111	0	0	10	64	1	0	0	67	0	0	48	22	4	0	0	0	12	0	117	0	0	14	55	12	0	0	48	0	0	10	96	6	0	0	112	3	0	48	55	20	0	0	0	176	0	0	16	0	0	49	0	0	34	0	0	0	0	0	1	0	74	0	0	10	23	1	0	0	36	0	0	48	22	2	0	0	0	2	0	111	0	0	14	14	2	0	0	14	0	0	10	64	1	0	0	67	0	0	48	22	4	0	0	0	12	0	117	0	0	0	50	9	0	0	145	0	0	14	55	12	0	0	48	0	0	10	96	6	0	0	112	3	0	48	55	20	0	0	0
192	180	6	0	96	168	4	0	60	6	0	96	8	0	20	91	9	0	0	120	156	0	0	32	4	0	60	0	0	20	33	4	0	0	72	6	0	96	0	0	40	33	0	0	0	126	8	0	20	91	9	0	0	120	144	0	0	32	0	0	32	0	0	20	33	0	0	0	72	4	0	60	0	0	40	33	0	0	0	101	0	0	20	33	4	0	0	72	6	0	96	0	0	0	0	2	0	0	0	0	0	40	33	0	0	0	126	8	0	20	91	9	0	0	120	132	0	0	0	0	0	32	0	0	20	0	0	0	0	46	0	0	32	0	0	40	0	0	0	0	57	0	0	20	33	0	0	0	72	4	0	60	0	0	0	0	2	0	0	0	0	0	40	33	0	0	0	101	0	0	20	33	4	0	0	72	6	0	96	0	0	0	0	3	0	0	188	0	0	0	0	2	0	0	0	0	0	40	33	0	0	0	126	8	0	20	91	9	0	0	120
254	238	24	28	101	222	9	0	98	24	28	101	16	0	74	39	42	56	202	0	206	3	0	76	9	0	98	4	0	74	33	18	0	196	0	24	28	101	3	0	50	66	9	14	0	46	16	0	74	39	42	56	202	0	190	1	0	48	3	0	76	2	0	73	33	10	0	152	0	9	0	98	1	0	50	33	4	0	0	9	4	0	74	33	18	0	196	0	24	28	101	1	0	0	37	19	28	0	55	3	0	50	66	9	14	0	46	16	0	74	39	42	56	202	0	174	0	0	0	1	0	48	0	0	54	0	4	0	96	0	3	0	76	0	0	50	0	1	0	0	7	2	0	73	33	10	0	152	0	9	0	98	0	0	0	0	5	0	0	14	1	0	50	33	4	0	0	9	4	0	74	33	18	0	196	0	24	28	101	0	0	0	0	20	14	0	274	1	0	0	37	19	28	0	55	3	0	50	66	9	14	0	46	16	0	74	39	42	56	202	0
176	165	8	0	69	154	4	0	57	8	0	69	8	0	20	55	13	0	0	18	143	0	0	26	4	0	57	0	0	20	22	4	0	0	0	8	0	69	0	0	40	43	1	0	0	112	8	0	20	55	13	0	0	18	132	0	0	21	0	0	26	0	0	20	22	0	0	0	0	4	0	57	0	0	40	33	0	0	0	67	0	0	20	22	4	0	0	0	8	0	69	0	0	0	0	4	0	0	7	0	0	40	43	1	0	0	112	8	0	20	55	13	0	0	18	121	0	0	0	0	0	21	0	0	20	0	0	0	0	0	0	0	26	0	0	40	0	0	0	0	36	0	0	20	22	0	0	0	0	4	0	57	0	0	0	0	2	0	0	0	0	0	40	33	0	0	0	67	0	0	20	22	4	0	0	0	8	0	69	0	0	0	0	4	0	0	111	0	0	0	0	4	0	0	7	0	0	40	43	1	0	0	112	8	0	20	55	13	0	0	18
189	177	20	27	63	165	7	0	61	20	27	63	9	0	54	28	41	45	189	0	153	5	0	49	7	0	61	5	0	54	22	21	0	183	0	20	27	63	3	0	10	48	9	9	0	20	9	0	54	28	41	45	189	0	141	3	0	27	5	0	49	3	0	53	22	17	0	147	0	7	0	61	1	0	10	33	4	0	0	0	5	0	54	22	21	0	183	0	20	27	63	2	0	0	37	19	18	0	39	3	0	10	48	9	9	0	20	9	0	54	28	41	45	189	0	129	1	0	0	3	0	27	1	0	34	0	11	0	81	0	5	0	49	0	0	10	0	1	0	0	0	3	0	53	22	17	0	147	0	7	0	61	0	0	0	0	3	0	0	7	1	0	10	33	4	0	0	0	5	0	54	22	21	0	183	0	20	27	63	1	0	0	0	18	18	0	145	2	0	0	37	19	18	0	39	3	0	10	48	9	9	0	20	9	0	54	28	41	45	189	0
177	165	46	27	59	153	29	0	30	46	27	59	30	0	85	60	79	36	177	164	141	24	0	30	29	0	30	21	0	70	60	59	0	90	159	46	27	59	13	0	40	0	11	0	0	0	30	0	85	60	79	36	177	164	129	20	0	30	24	0	30	19	0	70	60	55	0	90	125	29	0	30	7	0	40	0	8	0	0	0	21	0	70	60	59	0	90	159	46	27	59	10	0	0	0	21	18	0	0	13	0	40	0	11	0	0	0	30	0	85	60	79	36	177	164	117	13	0	29	20	0	30	13	0	70	57	40	0	90	75	24	0	30	6	0	40	0	2	0	0	0	19	0	70	60	55	0	90	125	29	0	30	0	0	0	0	4	0	0	0	7	0	40	0	8	0	0	0	21	0	70	60	59	0	90	159	46	27	59	19	0	0	9	40	27	0	0	10	0	0	0	21	18	0	0	13	0	40	0	11	0	0	0	30	0	85	60	79	36	177	164
227	211	57	64	89	195	35	48	55	57	64	89	49	61	22	96	130	184	89	164	179	24	34	55	35	48	55	34	46	19	96	82	146	55	159	57	64	89	21	34	72	0	16	49	89	0	49	61	22	96	130	184	89	164	163	18	11	54	24	34	55	20	22	19	94	63	114	55	125	35	48	55	13	11	72	0	11	45	55	0	34	46	19	96	82	146	55	159	57	64	89	25	11	30	5	31	34	178	0	21	34	72	0	16	49	89	0	49	61	22	96	130	184	89	164	147	10	0	37	18	11	54	15	0	19	48	42	44	54	75	24	34	55	10	0	72	0	2	11	55	0	20	22	19	94	63	114	55	125	35	48	55	12	0	30	0	9	11	110	0	13	11	72	0	11	45	55	0	34	46	19	96	82	146	55	159	57	64	89	17	0	0	37	42	60	89	32	25	11	30	5	31	34	178	0	21	34	72	0	16	49	89	0	49	61	22	96	130	184	89	164
98	91	31	14	13	84	16	6	10	31	14	13	17	0	52	30	55	26	26	0	77	16	6	10	16	6	10	17	0	40	30	41	18	20	0	31	14	13	10	0	0	0	4	0	0	0	17	0	52	30	55	26	26	0	70	14	6	10	16	6	10	17	0	40	30	41	18	20	0	16	6	10	6	0	0	0	1	0	0	0	17	0	40	30	41	18	20	0	31	14	13	9	0	0	0	11	8	0	0	10	0	0	0	4	0	0	0	17	0	52	30	55	26	26	0	63	8	4	10	14	6	10	13	0	40	30	32	18	20	0	16	6	10	6	0	0	0	1	0	0	0	17	0	40	30	41	18	20	0	16	6	10	0	0	0	0	1	0	0	0	6	0	0	0	1	0	0	0	17	0	40	30	41	18	20	0	31	14	13	9	8	0	0	16	12	0	0	9	0	0	0	11	8	0	0	10	0	0	0	4	0	0	0	17	0	52	30	55	26	26	0
125	116	34	21	22	107	16	14	10	34	21	22	19	7	13	30	74	64	22	63	98	15	14	10	16	14	10	18	7	10	30	46	49	10	61	34	21	22	13	0	0	0	8	0	0	0	19	7	13	30	74	64	22	63	89	11	13	10	15	14	10	16	7	10	30	44	49	10	49	16	14	10	7	0	0	0	5	0	0	0	18	7	10	30	46	49	10	61	34	21	22	9	6	0	0	15	12	0	0	13	0	0	0	8	0	0	0	19	7	13	30	74	64	22	63	80	6	6	9	11	13	10	10	6	10	27	29	45	10	27	15	14	10	6	0	0	0	2	0	0	0	16	7	10	30	44	49	10	49	16	14	10	0	0	0	0	2	0	0	0	7	0	0	0	5	0	0	0	18	7	10	30	46	49	10	61	34	21	22	10	6	0	9	21	12	22	0	9	6	0	0	15	12	0	0	13	0	0	0	8	0	0	0	19	7	13	30	74	64	22	63
139	128	39	46	0	117	16	32	0	39	46	0	16	40	0	0	75	108	0	0	106	15	30	0	16	32	0	15	36	0	0	42	84	0	0	39	46	0	11	12	0	0	8	0	0	0	16	40	0	0	75	108	0	0	95	11	26	0	15	30	0	13	36	0	0	40	84	0	0	16	32	0	5	12	0	0	5	0	0	0	15	36	0	0	42	84	0	0	39	46	0	6	16	0	0	14	8	0	0	11	12	0	0	8	0	0	0	16	40	0	0	75	108	0	0	84	6	14	0	11	26	0	7	28	0	0	25	72	0	0	15	30	0	4	12	0	0	2	0	0	0	13	36	0	0	40	84	0	0	16	32	0	0	0	0	0	2	0	0	0	5	12	0	0	5	0	0	0	15	36	0	0	42	84	0	0	39	46	0	7	16	0	0	18	12	0	0	6	16	0	0	14	8	0	0	11	12	0	0	8	0	0	0	16	40	0	0	75	108	0	0
160	147	44	50	36	134	31	36	36	44	50	36	28	0	65	0	45	27	72	0	121	31	36	36	31	36	36	28	0	65	0	40	27	72	0	38	50	36	10	0	0	0	4	0	0	0	28	0	65	0	45	27	72	0	108	28	36	36	31	36	36	28	0	65	0	40	27	72	0	25	36	36	6	0	0	0	1	0	0	0	28	0	65	0	40	27	72	0	34	50	36	4	0	0	0	6	7	0	0	10	0	0	0	4	0	0	0	20	0	65	0	37	27	72	0	95	20	28	36	28	36	36	21	0	65	0	26	27	72	0	25	36	36	6	0	0	0	1	0	0	0	28	0	65	0	40	27	72	0	21	36	36	0	0	0	0	1	0	0	0	6	0	0	0	1	0	0	0	20	0	65	0	32	27	72	0	34	50	36	12	56	0	0	28	42	0	0	4	0	0	0	6	7	0	0	10	0	0	0	4	0	0	0	20	0	65	0	37	27	72	0
140	129	28	26	42	118	19	24	23	28	26	42	15	16	20	26	39	24	0	72	107	19	24	20	19	24	23	15	16	20	20	37	24	0	40	27	26	42	10	0	0	30	4	0	0	0	15	16	20	26	39	24	0	72	96	15	24	20	19	24	20	15	16	20	20	37	24	0	40	18	24	23	6	0	0	30	1	0	0	0	15	16	20	20	37	24	0	40	26	26	42	4	0	8	0	5	0	0	0	10	0	0	30	4	0	0	0	14	16	20	26	37	24	0	72	85	10	16	20	15	24	20	7	16	20	20	22	24	0	40	18	24	20	6	0	0	30	1	0	0	0	15	16	20	20	37	24	0	40	17	24	23	0	0	0	0	1	0	0	0	6	0	0	30	1	0	0	0	14	16	20	20	35	24	0	40	26	26	42	12	0	12	0	17	0	42	0	4	0	8	0	5	0	0	0	10	0	0	30	4	0	0	0	14	16	20	26	37	24	0	72
93	86	25	6	25	79	17	6	23	25	6	25	10	0	20	26	26	0	0	0	72	17	6	20	17	6	23	10	0	20	20	24	0	0	0	25	6	25	8	0	0	30	4	0	0	0	10	0	20	26	26	0	0	0	65	15	6	20	17	6	20	10	0	20	20	24	0	0	0	17	6	23	4	0	0	30	1	0	0	0	10	0	20	20	24	0	0	0	25	6	25	4	0	0	0	6	0	0	0	8	0	0	30	4	0	0	0	10	0	20	26	26	0	0	0	58	12	6	20	15	6	20	6	0	20	20	15	0	0	0	17	6	20	4	0	0	30	1	0	0	0	10	0	20	20	24	0	0	0	17	6	23	0	0	0	0	1	0	0	0	4	0	0	30	1	0	0	0	10	0	20	20	24	0	0	0	25	6	25	20	0	0	0	23	0	0	0	4	0	0	0	6	0	0	0	8	0	0	30	4	0	0	0	10	0	20	26	26	0	0	0
188	173	44	62	57	158	30	44	45	44	62	57	27	0	100	36	47	11	114	59	143	30	44	42	30	44	45	27	0	96	30	43	11	90	30	41	62	57	10	0	0	30	7	0	0	0	27	0	100	36	47	11	114	59	128	27	44	42	30	44	42	27	0	96	30	43	11	84	30	27	44	45	6	0	0	30	1	0	0	0	27	0	96	30	43	11	90	30	38	62	57	4	0	0	0	8	9	0	0	10	0	0	30	7	0	0	0	22	0	100	36	41	11	114	59	113	18	36	42	27	44	42	20	0	96	30	29	11	84	30	27	44	42	6	0	0	30	1	0	0	0	27	0	96	30	43	11	84	30	24	44	45	0	0	0	0	1	0	0	0	6	0	0	30	1	0	0	0	22	0	96	30	37	11	90	30	38	62	57	12	72	0	0	34	54	0	0	4	0	0	0	8	9	0	0	10	0	0	30	7	0	0	0	22	0	100	36	41	11	114	59
268	247	78	128	86	226	46	94	45	78	128	86	52	128	95	84	139	297	172	183	205	38	86	39	46	94	45	31	120	76	69	91	255	90	105	76	128	86	20	112	42	60	14	54	0	0	52	128	95	84	139	297	172	183	184	31	56	39	38	86	39	25	112	76	69	67	237	78	105	44	94	45	12	60	18	60	3	15	0	0	31	120	76	69	91	255	90	105	75	128	86	19	52	25	0	13	41	172	0	20	112	42	60	14	54	0	0	51	128	95	84	137	297	172	183	163	21	26	39	31	56	39	15	52	76	69	40	104	78	104	36	86	39	8	52	18	60	0	13	0	0	25	112	76	69	67	237	78	105	43	94	45	12	0	0	0	4	15	90	0	12	60	18	60	3	15	0	0	30	120	76	69	89	255	90	105	75	128	86	24	52	18	0	37	67	172	0	19	52	25	0	13	41	172	0	20	112	42	60	14	54	0	0	51	128	95	84	137	297	172	183
165	151	37	43	88	137	34	40	63	37	43	88	27	30	0	95	36	30	0	93	123	34	40	62	34	40	63	27	30	0	93	33	30	0	81	27	43	88	2	0	0	10	0	0	0	0	27	30	0	95	35	30	0	93	109	33	40	62	34	40	62	27	30	0	93	33	30	0	78	24	40	63	2	0	0	10	0	0	0	0	27	30	0	93	32	30	0	81	22	43	88	0	0	0	0	0	0	0	0	2	0	0	10	0	0	0	0	15	30	0	95	25	30	0	93	95	20	10	62	33	40	62	24	30	0	93	28	30	0	78	24	40	62	2	0	0	10	0	0	0	0	27	30	0	93	32	30	0	78	19	40	63	0	0	0	0	0	0	0	0	2	0	0	10	0	0	0	0	15	30	0	93	22	30	0	81	22	43	88	0	0	64	0	0	0	264	0	0	0	0	0	0	0	0	0	2	0	0	10	0	0	0	0	15	30	0	95	25	30	0	93
196	179	67	77	95	162	52	68	57	67	77	95	43	105	22	96	91	136	0	179	145	47	66	55	52	68	57	37	99	20	93	68	124	0	126	52	77	95	13	22	26	19	4	0	0	0	43	105	22	96	88	136	0	179	128	44	55	55	47	66	55	30	99	18	93	49	121	0	117	37	68	57	11	22	0	19	2	0	0	0	37	99	20	93	65	124	0	126	47	77	95	14	0	26	0	5	0	95	0	13	22	26	19	4	0	0	0	31	105	22	96	78	136	0	179	111	28	22	55	44	55	55	25	66	18	93	36	66	0	117	32	66	55	4	22	0	19	0	0	0	0	30	99	18	93	46	121	0	117	32	68	57	12	0	0	0	5	0	57	0	11	22	0	19	2	0	0	0	25	99	20	93	55	124	0	126	47	77	95	8	0	90	0	8	0	285	0	14	0	26	0	5	0	95	0	13	22	26	19	4	0	0	0	31	105	22	96	78	136	0	179
185	169	62	61	95	153	48	55	90	62	61	95	39	66	35	56	87	85	0	0	137	44	55	87	48	55	90	31	66	33	53	60	77	0	0	44	61	95	11	0	0	31	3	0	0	0	39	66	35	56	82	85	0	0	121	42	55	87	44	55	87	28	66	30	53	49	77	0	0	30	55	90	9	0	0	31	1	0	0	0	31	66	33	53	55	77	0	0	40	61	95	18	0	0	0	7	0	0	0	11	0	0	31	3	0	0	0	28	66	35	56	74	85	0	0	105	35	33	85	42	55	87	24	66	30	53	39	77	0	0	26	55	87	6	0	0	31	0	0	0	0	28	66	30	53	44	77	0	0	26	55	90	16	0	0	0	7	0	0	0	9	0	0	31	1	0	0	0	20	66	33	53	47	77	0	0	40	61	95	16	0	0	30	15	0	190	0	18	0	0	0	7	0	0	0	11	0	0	31	3	0	0	0	28	66	35	56	74	85	0	0
238	217	94	155	89	196	57	121	72	94	155	89	52	175	59	43	160	406	178	86	175	51	82	58	57	121	72	38	102	55	29	79	302	144	45	75	155	89	15	116	38	31	4	22	267	89	52	175	59	43	154	406	178	86	154	44	58	58	51	82	58	33	58	30	29	62	179	116	39	38	121	72	7	78	11	31	1	10	216	55	38	102	55	29	73	302	144	45	73	155	89	13	164	26	0	17	48	89	0	15	116	38	31	4	22	267	89	45	175	59	43	150	406	178	86	133	32	40	58	44	58	58	19	40	30	29	39	104	116	39	32	82	58	2	40	0	31	0	0	174	55	33	58	30	29	56	179	116	39	36	121	72	4	120	0	0	5	40	72	0	7	78	11	31	1	10	216	55	31	102	55	29	69	302	144	45	73	155	89	8	80	26	0	20	56	89	0	13	164	26	0	17	48	89	0	15	116	38	31	4	22	267	89	45	175	59	43	150	406	178	86
171	156	58	70	73	141	42	52	72	58	70	73	30	16	35	10	90	111	146	0	126	39	44	70	42	52	72	24	0	33	9	60	85	144	0	43	70	73	12	0	0	21	3	0	73	0	30	16	35	10	84	111	146	0	111	35	40	69	39	44	70	21	0	30	9	50	77	140	0	27	52	72	7	0	0	21	1	0	72	0	24	0	33	9	54	85	144	0	42	70	73	22	40	0	14	13	30	0	0	12	0	0	21	3	0	73	0	26	16	35	10	82	111	146	0	96	26	32	69	35	40	69	14	0	30	9	38	70	138	0	24	44	70	4	0	0	21	0	0	70	0	21	0	30	9	44	77	140	0	26	52	72	12	32	0	14	4	24	0	0	7	0	0	21	1	0	72	0	20	0	33	9	52	85	144	0	42	70	73	8	64	0	0	15	52	0	0	22	40	0	14	13	30	0	0	12	0	0	21	3	0	73	0	26	16	35	10	82	111	146	0
135	123	54	29	62	111	30	20	36	54	29	62	24	0	51	95	103	49	62	162	99	28	20	34	30	20	36	16	0	12	90	52	40	36	144	48	29	62	10	0	10	21	2	0	0	0	24	0	51	95	100	49	62	162	87	24	18	21	28	20	34	15	0	11	72	46	40	34	128	24	20	36	4	0	0	9	0	0	0	0	16	0	12	90	49	40	36	144	48	29	62	32	18	10	21	30	27	0	89	10	0	10	21	2	0	0	0	24	0	51	95	100	49	62	162	75	9	0	21	24	18	21	5	0	0	72	37	36	21	127	22	20	34	0	0	0	9	0	0	0	0	15	0	11	72	43	40	34	128	24	20	36	0	0	0	21	1	0	0	55	4	0	0	9	0	0	0	0	16	0	12	90	49	40	36	144	48	29	62	10	0	72	0	22	18	124	0	32	18	10	21	30	27	0	89	10	0	10	21	2	0	0	0	24	0	51	95	100	49	62	162
149	136	59	47	38	123	31	7	23	59	47	38	30	35	43	56	128	103	190	89	110	29	0	21	31	7	23	22	0	12	51	62	7	115	72	57	47	38	19	0	10	21	1	7	38	0	30	35	43	56	128	103	190	89	97	21	0	9	29	0	21	20	0	11	36	55	0	105	58	29	7	23	5	0	0	9	0	0	23	0	22	0	12	51	62	7	115	72	57	47	38	37	0	10	9	27	54	0	89	19	0	10	21	1	7	38	0	30	35	43	56	128	103	190	89	84	5	0	9	21	0	9	5	0	0	36	35	0	45	58	27	0	21	0	0	0	9	0	0	21	0	20	0	11	36	55	0	105	58	29	7	23	0	0	0	9	0	7	0	55	5	0	0	9	0	0	23	0	22	0	12	51	62	7	115	72	57	47	38	10	0	40	0	17	35	0	0	37	0	10	9	27	54	0	89	19	0	10	21	1	7	38	0	30	35	43	56	128	103	190	89
98	89	51	24	8	80	29	14	0	51	24	8	20	0	8	0	83	52	16	73	71	28	14	0	29	14	0	15	0	0	0	44	42	0	72	44	24	8	5	0	0	0	1	0	0	0	20	0	8	0	80	52	16	73	62	23	10	0	28	14	0	15	0	0	0	43	42	0	70	22	14	0	0	0	0	0	0	0	0	0	15	0	0	0	41	42	0	72	44	24	8	20	20	0	0	25	25	0	0	5	0	0	0	1	0	0	0	20	0	8	0	80	52	16	73	53	10	0	0	23	10	0	5	0	0	0	30	30	0	69	21	14	0	0	0	0	0	0	0	0	0	15	0	0	0	40	42	0	70	22	14	0	0	0	0	0	1	0	0	0	0	0	0	0	0	0	0	0	15	0	0	0	41	42	0	72	44	24	8	10	0	32	0	17	20	16	0	20	20	0	0	25	25	0	0	5	0	0	0	1	0	0	0	20	0	8	0	80	52	16	73
111	100	46	44	0	89	21	28	0	46	44	0	16	28	0	0	75	83	0	0	78	20	28	0	21	28	0	11	28	0	0	33	63	0	0	41	44	0	5	0	0	0	1	0	0	0	16	28	0	0	73	83	0	0	67	15	22	0	20	28	0	11	28	0	0	32	63	0	0	16	28	0	0	0	0	0	0	0	0	0	11	28	0	0	31	63	0	0	41	44	0	14	24	0	0	25	20	0	0	5	0	0	0	1	0	0	0	16	28	0	0	73	83	0	0	56	6	8	0	15	22	0	1	16	0	0	19	42	0	0	15	28	0	0	0	0	0	0	0	0	0	11	28	0	0	30	63	0	0	16	28	0	0	0	0	0	1	0	0	0	0	0	0	0	0	0	0	0	11	28	0	0	31	63	0	0	41	44	0	8	24	0	0	18	16	0	0	14	24	0	0	25	20	0	0	5	0	0	0	1	0	0	0	16	28	0	0	73	83	0	0
107	97	42	33	0	87	20	16	0	42	33	0	19	8	0	0	83	56	0	0	77	19	16	0	20	16	0	14	8	0	0	38	24	0	0	40	33	0	5	0	0	0	1	0	0	0	19	8	0	0	82	56	0	0	67	14	12	0	19	16	0	14	8	0	0	37	24	0	0	18	16	0	0	0	0	0	0	0	0	0	14	8	0	0	37	24	0	0	40	33	0	16	16	0	0	24	20	0	0	5	0	0	0	1	0	0	0	19	8	0	0	82	56	0	0	57	4	4	0	14	12	0	4	4	0	0	24	12	0	0	17	16	0	0	0	0	0	0	0	0	0	14	8	0	0	36	24	0	0	18	16	0	0	0	0	0	1	0	0	0	0	0	0	0	0	0	0	0	14	8	0	0	37	24	0	0	40	33	0	6	16	0	0	15	16	0	0	16	16	0	0	24	20	0	0	5	0	0	0	1	0	0	0	19	8	0	0	82	56	0	0
161	146	58	44	66	131	28	0	51	58	44	66	31	0	68	46	96	154	264	38	116	23	0	38	28	0	51	19	0	59	24	42	0	204	23	55	44	66	16	0	48	38	0	0	0	89	31	0	68	46	96	154	264	38	101	11	0	21	23	0	38	14	0	45	22	38	0	152	21	25	0	51	1	0	46	11	0	0	0	72	19	0	59	24	42	0	204	23	53	44	66	9	0	52	25	5	11	0	86	16	0	48	38	0	0	0	89	29	0	68	46	92	154	264	38	86	5	0	0	11	0	21	2	0	14	0	10	0	84	9	20	0	38	0	0	32	0	0	0	0	58	14	0	45	22	38	0	152	21	23	0	51	0	0	40	0	0	0	0	45	1	0	46	11	0	0	0	72	17	0	59	24	38	0	204	23	53	44	66	0	0	4	0	0	0	0	111	9	0	52	25	5	11	0	86	16	0	48	38	0	0	0	89	29	0	68	46	92	154	264	38
108	98	40	16	21	88	22	0	6	40	16	21	24	0	19	0	80	32	42	38	78	20	0	6	22	0	6	17	0	12	0	38	0	12	23	38	16	21	12	0	6	0	0	0	0	0	24	0	19	0	80	32	42	38	68	10	0	4	20	0	6	16	0	12	0	36	0	12	21	20	0	6	1	0	6	0	0	0	0	0	17	0	12	0	38	0	12	23	38	16	21	9	0	12	8	5	8	0	0	12	0	6	0	0	0	0	0	24	0	19	0	80	32	42	38	58	2	0	0	10	0	4	0	0	8	0	8	0	8	9	18	0	6	0	0	6	0	0	0	0	0	16	0	12	0	36	0	12	21	20	0	6	0	0	0	0	0	0	0	0	1	0	6	0	0	0	0	0	17	0	12	0	38	0	12	23	38	16	21	0	0	12	0	0	0	0	0	9	0	12	8	5	8	0	0	12	0	6	0	0	0	0	0	24	0	19	0	80	32	42	38
153	137	68	89	34	121	32	47	25	68	89	34	24	60	49	20	84	210	170	38	106	29	34	13	32	47	25	19	19	40	0	36	76	125	23	56	74	34	10	47	42	26	0	0	34	89	24	60	49	20	82	210	170	38	91	19	22	0	29	34	13	15	7	26	0	34	45	65	21	20	32	25	0	7	40	0	0	0	25	72	19	19	40	0	34	76	125	23	53	74	34	4	35	48	0	7	7	34	86	10	47	42	26	0	0	34	89	19	60	49	20	76	210	170	38	76	15	15	0	19	22	0	5	0	0	0	12	14	0	9	17	19	13	0	0	26	0	0	0	13	58	15	7	26	0	32	45	65	21	17	32	25	0	0	40	0	0	0	25	45	0	7	40	0	0	0	25	72	14	19	40	0	28	76	125	23	53	74	34	4	0	0	0	3	0	34	0	4	35	48	0	7	7	34	86	10	47	42	26	0	0	34	89	19	60	49	20	76	210	170	38
169	152	66	77	51	135	42	60	18	66	77	51	21	72	19	36	115	125	51	108	118	40	57	0	42	60	18	15	72	10	0	60	108	18	59	51	77	51	13	33	12	0	0	0	0	162	21	72	19	36	110	125	51	108	101	21	22	0	40	57	0	10	66	0	0	56	101	0	55	27	60	18	1	0	10	0	0	0	0	144	15	72	10	0	55	108	18	59	51	77	51	7	22	128	0	7	11	153	0	13	33	12	0	0	0	0	162	21	72	19	36	110	125	51	108	84	15	0	0	21	22	0	0	0	0	0	11	22	0	30	25	57	0	0	0	0	0	0	0	0	128	10	66	0	0	51	101	0	55	27	60	18	0	0	72	0	0	0	54	0	1	0	10	0	0	0	0	144	15	72	10	0	55	108	18	59	51	77	51	4	0	12	0	3	0	102	0	7	22	128	0	7	11	153	0	13	33	12	0	0	0	0	162	21	72	19	36	110	125	51	108
128	115	50	48	20	102	28	36	0	50	48	20	18	36	7	0	86	84	20	46	89	27	34	0	28	36	0	13	36	0	0	39	72	0	23	39	48	20	10	16	0	0	0	0	0	0	18	36	7	0	83	84	20	46	76	17	16	0	27	34	0	12	32	0	0	37	66	0	21	17	36	0	1	0	0	0	0	0	0	0	13	36	0	0	36	72	0	23	39	48	20	7	16	22	0	7	8	40	0	10	16	0	0	0	0	0	0	18	36	7	0	83	84	20	46	63	11	0	0	17	16	0	0	0	0	0	9	16	0	9	16	34	0	0	0	0	0	0	0	0	0	12	32	0	0	34	66	0	21	17	36	0	0	0	0	0	0	0	0	0	1	0	0	0	0	0	0	0	13	36	0	0	36	72	0	23	39	48	20	4	0	12	0	3	0	40	0	7	16	22	0	7	8	40	0	10	16	0	0	0	0	0	0	18	36	7	0	83	84	20	46
147	132	30	36	73	117	10	0	42	30	36	73	5	0	65	49	21	0	219	121	102	9	0	42	10	0	42	4	0	52	49	13	0	126	82	26	36	73	2	0	7	0	0	0	0	0	5	0	65	49	21	0	219	121	87	7	0	40	9	0	42	3	0	52	45	10	0	126	57	6	0	42	0	0	0	0	0	0	0	0	4	0	52	49	13	0	126	82	23	36	73	0	0	7	26	0	0	0	0	2	0	7	0	0	0	0	0	2	0	65	49	15	0	219	121	72	7	0	14	7	0	40	3	0	48	14	6	0	120	25	5	0	42	0	0	0	0	0	0	0	0	3	0	52	45	10	0	126	57	3	0	42	0	0	0	0	0	0	0	0	0	0	0	0	0	0	0	0	1	0	52	49	7	0	126	82	23	36	73	0	0	0	22	0	0	0	128	0	0	7	26	0	0	0	0	2	0	7	0	0	0	0	0	2	0	65	49	15	0	219	121
145	130	47	50	69	115	24	0	44	47	50	69	22	0	97	78	42	30	345	100	100	17	0	42	24	0	44	11	0	81	72	29	0	220	76	38	50	69	2	0	89	20	0	0	0	0	22	0	97	78	42	30	345	100	85	15	0	19	17	0	42	10	0	79	38	16	0	210	51	15	0	44	0	0	70	0	0	0	0	0	11	0	81	72	29	0	220	76	32	50	69	0	0	7	26	0	0	0	184	2	0	89	20	0	0	0	0	12	0	97	78	30	30	345	100	70	15	0	4	15	0	19	10	0	32	8	12	0	95	21	8	0	42	0	0	62	0	0	0	0	0	10	0	79	38	16	0	210	51	9	0	44	0	0	0	0	0	0	0	129	0	0	70	0	0	0	0	0	1	0	81	72	17	0	220	76	32	50	69	0	0	0	8	0	0	0	86	0	0	7	26	0	0	0	184	2	0	89	20	0	0	0	0	12	0	97	78	30	30	345	100
118	105	36	33	57	92	17	23	7	36	33	57	14	0	7	35	34	22	57	192	80	11	22	0	17	23	7	13	0	0	0	26	22	7	100	32	21	57	1	10	56	0	0	0	0	38	14	0	7	35	34	22	57	192	68	6	12	0	11	22	0	2	0	0	0	10	20	0	57	13	11	7	0	0	0	0	0	0	0	23	13	0	0	0	26	22	7	100	30	21	57	0	0	45	0	2	0	57	0	1	10	56	0	0	0	0	38	12	0	7	35	30	22	57	192	56	6	12	0	6	12	0	2	0	0	0	4	0	0	25	7	10	0	0	0	0	0	0	0	0	21	2	0	0	0	10	20	0	57	11	11	7	0	0	0	0	0	0	7	0	0	0	0	0	0	0	0	23	11	0	0	0	22	22	7	100	30	21	57	4	0	0	0	3	0	0	0	0	0	45	0	2	0	57	0	1	10	56	0	0	0	0	38	12	0	7	35	30	22	57	192
113	99	35	65	18	85	15	33	0	35	65	18	10	22	7	0	23	62	90	100	72	14	33	0	15	33	0	9	22	0	0	15	44	0	76	23	52	18	2	0	7	0	0	0	0	0	10	22	7	0	23	62	90	100	61	12	33	0	14	33	0	8	22	0	0	12	44	0	51	7	22	0	0	0	0	0	0	0	0	0	9	22	0	0	15	44	0	76	19	30	18	0	0	7	0	0	0	0	0	2	0	7	0	0	0	0	0	2	0	7	0	15	18	90	100	50	12	33	0	12	33	0	8	22	0	0	8	44	0	21	6	22	0	0	0	0	0	0	0	0	0	8	22	0	0	12	44	0	51	3	0	0	0	0	0	0	0	0	0	0	0	0	0	0	0	0	0	0	1	0	0	0	7	0	0	76	19	30	18	0	0	0	0	0	0	0	0	0	0	7	0	0	0	0	0	2	0	7	0	0	0	0	0	2	0	7	0	15	18	90	100
77	69	25	15	7	61	10	0	0	25	15	7	5	0	7	0	21	0	21	34	53	9	0	0	10	0	0	4	0	0	0	13	0	0	25	21	15	7	2	0	7	0	0	0	0	0	5	0	7	0	21	0	21	34	45	7	0	0	9	0	0	3	0	0	0	10	0	0	13	6	0	0	0	0	0	0	0	0	0	0	4	0	0	0	13	0	0	25	18	15	7	0	0	7	0	0	0	0	0	2	0	7	0	0	0	0	0	2	0	7	0	15	0	21	34	37	7	0	0	7	0	0	3	0	0	0	6	0	0	0	5	0	0	0	0	0	0	0	0	0	0	3	0	0	0	10	0	0	13	3	0	0	0	0	0	0	0	0	0	0	0	0	0	0	0	0	0	0	1	0	0	0	7	0	0	25	18	15	7	0	0	0	0	0	0	0	0	0	0	7	0	0	0	0	0	2	0	7	0	0	0	0	0	2	0	7	0	15	0	21	34
108	96	7	0	98	84	7	0	50	7	0	98	3	0	0	58	8	0	0	224	72	6	0	46	7	0	50	3	0	0	50	8	0	0	93	4	0	98	0	0	10	42	0	0	0	0	3	0	0	58	8	0	0	224	60	6	0	46	6	0	46	3	0	0	50	6	0	0	84	4	0	50	0	0	0	42	0	0	0	0	3	0	0	50	8	0	0	93	1	0	98	0	0	0	0	0	0	0	0	0	0	10	42	0	0	0	0	0	0	0	58	2	0	0	224	48	6	0	42	6	0	46	3	0	0	46	6	0	0	59	3	0	46	0	0	0	38	0	0	0	0	3	0	0	50	6	0	0	84	1	0	50	0	0	0	0	0	0	0	0	0	0	0	42	0	0	0	0	0	0	0	50	2	0	0	93	1	0	98	0	0	0	44	0	0	0	0	0	0	0	0	0	0	0	0	0	0	10	42	0	0	0	0	0	0	0	58	2	0	0	224
131	115	19	29	103	99	11	28	66	19	29	103	9	14	34	53	16	28	0	167	84	11	28	64	11	28	66	9	14	32	49	10	28	0	86	11	14	103	0	0	0	30	0	0	0	0	9	14	34	53	16	28	0	167	70	11	28	64	11	28	64	9	14	32	49	10	28	0	84	5	14	66	0	0	0	30	0	0	0	0	9	14	32	49	10	28	0	86	6	0	103	0	0	0	0	0	0	0	0	0	0	0	30	0	0	0	0	0	0	34	53	6	0	0	167	56	11	28	37	11	28	64	9	14	32	34	10	28	0	59	5	14	64	0	0	0	26	0	0	0	0	9	14	32	49	10	28	0	84	0	0	66	0	0	0	0	0	0	0	0	0	0	0	30	0	0	0	0	0	0	32	49	0	0	0	86	6	0	103	0	0	0	58	0	0	0	183	0	0	0	0	0	0	0	0	0	0	0	30	0	0	0	0	0	0	34	53	6	0	0	167
81	72	10	0	53	63	9	0	20	10	0	53	7	0	0	0	10	0	0	167	54	9	0	20	9	0	20	7	0	0	0	10	0	0	86	6	0	53	0	0	0	0	0	0	0	0	7	0	0	0	10	0	0	167	45	9	0	20	9	0	20	7	0	0	0	10	0	0	84	5	0	20	0	0	0	0	0	0	0	0	7	0	0	0	10	0	0	86	1	0	53	0	0	0	0	0	0	0	0	0	0	0	0	0	0	0	0	0	0	0	0	0	0	0	167	36	9	0	16	9	0	20	7	0	0	0	10	0	0	59	5	0	20	0	0	0	0	0	0	0	0	7	0	0	0	10	0	0	84	0	0	20	0	0	0	0	0	0	0	0	0	0	0	0	0	0	0	0	0	0	0	0	0	0	0	86	1	0	53	0	0	0	32	0	0	0	0	0	0	0	0	0	0	0	0	0	0	0	0	0	0	0	0	0	0	0	0	0	0	0	167
108	93	26	58	69	78	14	44	52	26	58	69	10	44	67	11	21	44	69	87	65	14	44	52	14	44	52	10	44	65	11	11	44	52	44	13	32	69	0	0	0	0	0	0	0	0	10	44	67	11	20	44	69	87	54	14	44	52	14	44	52	10	44	65	11	11	44	52	42	5	22	52	0	0	0	0	0	0	0	0	10	44	65	11	10	44	52	44	8	10	69	0	0	0	0	0	0	0	0	0	0	0	0	0	0	0	0	0	0	67	11	10	0	69	87	43	14	44	16	14	44	52	10	44	65	0	11	44	52	19	5	22	52	0	0	0	0	0	0	0	0	10	44	65	11	10	44	52	42	0	0	52	0	0	0	0	0	0	0	0	0	0	0	0	0	0	0	0	0	0	65	11	0	0	52	44	8	10	69	0	0	0	32	0	0	0	278	0	0	0	0	0	0	0	0	0	0	0	0	0	0	0	0	0	0	67	11	10	0	69	87
115	99	38	71	86	83	21	48	63	38	71	86	12	36	143	61	39	54	172	87	70	20	48	53	21	48	63	11	36	132	23	17	24	126	44	22	32	86	0	0	12	36	0	0	0	34	12	36	143	61	36	54	172	87	58	20	48	51	20	48	53	11	36	113	21	15	24	106	42	7	12	63	0	0	7	30	0	0	0	25	11	36	132	23	14	24	126	44	16	20	86	0	0	0	20	0	0	0	0	0	0	12	36	0	0	0	34	1	0	143	61	24	30	172	87	46	20	48	7	20	48	51	11	36	105	0	15	24	102	19	6	12	53	0	0	0	0	0	0	0	13	11	36	113	21	12	24	106	42	1	0	63	0	0	0	0	0	0	0	0	0	0	7	30	0	0	0	25	0	0	132	23	2	0	126	44	16	20	86	0	0	0	14	0	0	0	367	0	0	0	20	0	0	0	0	0	0	12	36	0	0	0	34	1	0	143	61	24	30	172	87
103	87	34	59	89	71	17	48	86	31	59	89	7	0	24	38	31	57	89	0	59	17	48	84	16	48	86	7	0	24	37	9	24	86	0	16	11	89	0	0	0	26	5	0	0	0	4	0	24	38	24	33	89	0	47	17	48	68	16	48	84	7	0	22	34	9	24	84	0	1	0	86	0	0	0	12	0	0	0	0	4	0	24	37	2	0	86	0	15	11	89	0	0	0	55	5	0	0	51	0	0	0	26	5	0	0	0	0	0	24	38	22	33	89	0	35	17	48	55	16	48	68	7	0	0	32	9	24	68	0	1	0	84	0	0	0	10	0	0	0	0	4	0	22	34	2	0	84	0	0	0	86	0	0	0	38	0	0	0	18	0	0	0	12	0	0	0	0	0	0	24	37	0	0	86	0	15	11	89	9	0	0	36	11	0	0	62	0	0	0	55	5	0	0	51	0	0	0	26	5	0	0	0	0	0	24	38	22	33	89	0
91	76	24	54	105	61	17	50	76	23	54	105	7	40	0	104	18	31	0	155	50	17	50	74	17	50	76	7	40	0	100	10	30	0	115	7	10	105	0	0	0	26	0	0	0	0	7	40	0	104	14	20	0	155	40	17	50	70	17	50	74	7	40	0	97	10	30	0	105	3	10	76	0	0	0	23	0	0	0	0	7	40	0	100	6	20	0	115	4	0	105	0	0	0	46	0	0	0	0	0	0	0	26	0	0	0	0	0	0	0	104	8	0	0	155	30	17	50	66	17	50	70	7	40	0	95	10	30	0	103	3	10	74	0	0	0	21	0	0	0	0	7	40	0	97	6	20	0	105	0	0	76	0	0	0	38	0	0	0	0	0	0	0	23	0	0	0	0	0	0	0	100	0	0	0	115	4	0	105	0	0	0	36	0	0	0	0	0	0	0	46	0	0	0	0	0	0	0	26	0	0	0	0	0	0	0	104	8	0	0	155
135	114	43	119	107	93	23	80	90	40	119	107	10	0	55	86	35	97	321	86	77	23	80	81	22	80	90	10	0	54	77	11	32	270	63	20	39	107	0	0	0	80	5	0	0	0	7	0	55	86	28	65	321	86	61	23	80	49	22	80	81	10	0	45	67	11	32	243	53	2	0	90	0	0	0	23	0	0	0	0	7	0	54	77	4	0	270	63	18	39	107	0	0	0	56	7	0	0	105	0	0	0	80	5	0	0	0	0	0	55	86	24	65	321	86	45	23	80	40	22	80	49	10	0	0	65	11	32	147	51	2	0	81	0	0	0	21	0	0	0	0	7	0	45	67	4	0	243	53	0	0	90	0	0	0	38	0	0	0	43	0	0	0	23	0	0	0	0	0	0	54	77	0	0	270	63	18	39	107	13	0	0	36	14	0	0	8	0	0	0	56	7	0	0	105	0	0	0	80	5	0	0	0	0	0	55	86	24	65	321	86
113	97	37	61	81	81	16	28	80	35	61	81	3	0	64	16	31	69	243	0	67	16	28	77	15	28	80	3	0	64	15	7	14	240	0	20	33	81	0	0	0	34	5	0	0	0	0	0	64	16	24	55	243	0	53	16	28	44	15	28	77	3	0	60	12	7	14	231	0	0	0	80	0	0	0	12	0	0	0	0	0	0	64	15	0	0	240	0	20	33	81	0	0	0	93	7	0	0	71	0	0	0	34	5	0	0	0	0	0	64	16	24	55	243	0	39	16	28	18	15	28	44	3	0	12	10	7	14	132	0	0	0	77	0	0	0	10	0	0	0	0	0	0	60	12	0	0	231	0	0	0	80	0	0	0	38	0	0	0	18	0	0	0	12	0	0	0	0	0	0	64	15	0	0	240	0	20	33	81	13	0	0	36	14	0	0	70	0	0	0	93	7	0	0	71	0	0	0	34	5	0	0	0	0	0	64	16	24	55	243	0
62	53	34	24	7	44	17	8	7	32	24	7	3	0	14	0	27	36	28	0	36	17	8	7	16	8	7	3	0	14	0	7	8	28	0	16	16	7	0	0	0	0	7	0	0	0	0	0	14	0	20	28	28	0	28	17	8	4	16	8	7	3	0	14	0	7	8	28	0	0	0	7	0	0	0	0	0	0	0	0	0	0	14	0	0	0	28	0	16	16	7	0	0	0	12	8	0	0	0	0	0	0	0	7	0	0	0	0	0	14	0	20	28	28	0	20	17	8	0	16	8	4	3	0	8	0	7	8	16	0	0	0	7	0	0	0	0	0	0	0	0	0	0	14	0	0	0	28	0	0	0	7	0	0	0	0	0	0	0	0	0	0	0	0	0	0	0	0	0	0	14	0	0	0	28	0	16	16	7	13	0	0	0	18	0	0	0	0	0	0	12	8	0	0	0	0	0	0	0	7	0	0	0	0	0	14	0	20	28	28	0
77	66	25	0	72	55	14	0	36	24	0	72	3	0	0	76	12	0	0	195	44	14	0	36	13	0	36	3	0	0	76	6	0	0	177	11	0	72	0	0	0	0	10	0	0	0	0	0	0	76	6	0	0	195	33	14	0	34	13	0	36	3	0	0	71	6	0	0	165	0	0	36	0	0	0	0	0	0	0	0	0	0	0	76	0	0	0	177	11	0	72	0	0	0	19	18	0	0	0	0	0	0	0	10	0	0	0	0	0	0	76	6	0	0	195	22	14	0	8	13	0	34	3	0	0	12	6	0	0	97	0	0	36	0	0	0	0	0	0	0	0	0	0	0	71	0	0	0	165	0	0	36	0	0	0	0	0	0	0	0	0	0	0	0	0	0	0	0	0	0	0	76	0	0	0	177	11	0	72	13	0	0	28	26	0	0	71	0	0	0	19	18	0	0	0	0	0	0	0	10	0	0	0	0	0	0	76	6	0	0	195
100	84	28	52	88	68	19	28	52	27	52	88	6	0	0	81	16	0	176	195	54	19	28	50	18	28	52	6	0	0	80	10	0	104	177	11	24	88	0	0	0	22	10	0	0	0	3	0	0	81	10	0	176	195	40	17	28	33	18	28	50	6	0	0	70	10	0	100	165	2	0	52	0	0	0	7	0	0	0	0	3	0	0	80	4	0	104	177	9	24	88	0	0	0	54	16	24	0	57	0	0	0	22	10	0	0	0	0	0	0	81	6	0	176	195	26	14	24	4	16	28	33	3	0	0	8	6	0	66	97	2	0	50	0	0	0	0	0	0	0	0	3	0	0	70	4	0	100	165	0	0	52	0	0	0	0	0	0	0	7	0	0	0	7	0	0	0	0	0	0	0	80	0	0	104	177	9	24	88	9	48	0	12	23	36	0	105	0	0	0	54	16	24	0	57	0	0	0	22	10	0	0	0	0	0	0	81	6	0	176	195
81	66	49	71	39	52	36	44	0	46	57	39	42	33	0	0	37	46	117	284	41	31	44	0	35	33	0	35	33	0	0	24	22	0	263	21	24	39	24	0	0	0	6	40	0	0	38	0	0	0	28	24	117	284	30	26	44	0	30	33	0	23	33	0	0	15	22	0	249	10	0	0	20	0	0	0	1	0	0	0	31	0	0	0	15	0	0	263	16	24	39	14	0	0	0	23	40	0	0	24	0	0	0	6	40	0	0	19	0	0	0	22	24	117	284	19	15	35	0	25	33	0	4	33	0	0	9	22	0	165	5	0	0	0	0	0	0	0	0	0	0	19	0	0	0	6	0	0	249	5	0	0	2	0	0	0	0	0	0	0	20	0	0	0	1	0	0	0	12	0	0	0	9	0	0	263	11	24	39	6	72	0	0	15	88	0	0	12	0	0	0	23	40	0	0	4	0	0	0	5	40	0	0	7	0	0	0	13	24	117	284
47	40	26	10	4	33	15	0	0	24	10	4	11	0	0	0	20	10	8	7	26	13	0	0	13	0	0	7	0	0	0	10	0	0	7	14	10	4	8	0	0	0	8	10	0	0	4	0	0	0	15	10	8	7	19	12	0	0	11	0	0	7	0	0	0	7	0	0	7	3	0	0	8	0	0	0	0	0	0	0	0	0	0	0	5	0	0	7	13	10	4	10	0	0	0	23	5	0	0	8	0	0	0	8	10	0	0	4	0	0	0	13	10	8	7	12	8	0	0	10	0	0	7	0	0	0	5	0	0	4	1	0	0	0	0	0	0	0	0	0	0	0	0	0	0	2	0	0	7	2	0	0	2	0	0	0	0	0	0	0	8	0	0	0	0	0	0	0	0	0	0	0	3	0	0	7	11	10	4	15	0	0	0	22	20	0	0	8	0	0	0	23	5	0	0	0	0	0	0	8	10	0	0	4	0	0	0	10	10	8	7
52	44	35	16	0	36	27	0	0	34	16	0	41	0	0	0	32	4	0	0	28	24	0	0	26	0	0	38	0	0	0	23	0	0	0	21	16	0	16	0	0	0	8	12	0	0	38	0	0	0	29	4	0	0	20	14	0	0	23	0	0	26	0	0	0	17	0	0	0	13	0	0	12	0	0	0	1	0	0	0	35	0	0	0	20	0	0	0	11	16	0	4	0	0	0	12	40	0	0	16	0	0	0	8	12	0	0	15	0	0	0	15	4	0	0	12	6	0	0	13	0	0	3	0	0	0	3	0	0	0	10	0	0	0	0	0	0	0	0	0	0	23	0	0	0	14	0	0	0	3	0	0	0	0	0	0	0	0	0	0	12	0	0	0	1	0	0	0	12	0	0	0	6	0	0	0	8	16	0	13	0	0	0	18	32	0	0	4	0	0	0	12	40	0	0	4	0	0	0	7	12	0	0	3	0	0	0	9	4	0	0
39	32	25	6	21	25	22	6	0	25	6	21	38	0	0	0	23	12	0	92	18	19	6	0	22	6	0	35	0	0	0	19	12	0	52	13	6	21	16	0	0	0	1	0	0	0	38	0	0	0	22	12	0	92	12	10	0	0	19	6	0	23	0	0	0	13	12	0	50	12	6	0	12	0	0	0	1	0	0	0	35	0	0	0	18	12	0	52	4	0	21	4	0	0	0	4	0	21	0	16	0	0	0	1	0	0	0	15	0	0	0	10	0	0	92	6	0	0	0	10	0	0	0	0	0	0	1	0	0	33	9	6	0	0	0	0	0	0	0	0	0	23	0	0	0	12	12	0	50	3	0	0	0	0	0	0	0	0	0	0	12	0	0	0	1	0	0	0	12	0	0	0	6	0	0	52	1	0	21	0	0	24	0	0	0	0	0	4	0	0	0	4	0	21	0	4	0	0	0	0	0	0	0	3	0	0	0	4	0	0	92
51	40	35	31	24	29	30	28	0	33	31	24	46	21	0	0	36	14	0	127	21	25	28	0	28	28	0	39	21	0	0	26	14	0	52	17	7	24	24	0	0	0	1	0	0	0	39	21	0	0	31	14	0	127	14	16	21	0	23	28	0	27	21	0	0	17	14	0	50	14	7	0	20	0	0	0	1	0	0	0	32	21	0	0	21	14	0	52	8	0	24	14	0	0	0	10	0	24	0	24	0	0	0	1	0	0	0	19	0	0	0	19	0	0	127	7	2	0	0	14	21	0	7	0	0	0	5	0	0	33	9	7	0	0	0	0	0	0	0	0	0	20	21	0	0	12	14	0	50	5	0	0	2	0	0	0	0	0	0	0	20	0	0	0	1	0	0	0	12	0	0	0	9	0	0	52	3	0	24	2	0	48	0	0	0	72	0	12	0	0	0	10	0	24	0	4	0	0	0	0	0	0	0	7	0	0	0	10	0	0	127
73	55	43	123	12	37	26	86	0	40	123	12	21	262	0	0	36	120	12	39	23	23	52	0	24	86	0	14	184	0	0	19	74	0	0	20	67	12	24	108	0	0	1	7	36	0	14	262	0	0	30	106	12	39	13	13	24	0	21	52	0	14	96	0	0	16	31	0	0	8	46	0	8	72	0	0	0	6	0	0	7	184	0	0	13	64	0	0	8	27	12	10	24	0	0	6	24	48	0	24	108	0	0	1	7	36	0	4	102	0	0	16	66	12	39	6	2	0	0	11	24	0	7	0	0	0	4	6	0	0	6	24	0	0	0	0	0	0	0	0	0	7	96	0	0	10	24	0	0	2	18	0	2	0	0	0	0	0	0	0	8	72	0	0	0	6	0	0	0	72	0	0	3	36	0	0	2	6	12	2	0	24	0	0	0	48	0	8	24	0	0	6	24	48	0	0	24	0	0	0	0	36	0	4	18	0	0	6	24	12	39
51	38	37	64	13	26	25	48	0	34	52	13	37	48	0	0	32	58	26	43	18	22	32	0	24	40	0	34	32	0	0	18	28	0	0	18	20	13	36	48	0	0	2	0	26	0	34	16	0	0	26	42	26	43	10	11	22	0	21	24	0	22	24	0	0	12	12	0	0	8	8	0	12	32	0	0	1	0	0	0	31	0	0	0	12	12	0	0	10	20	13	4	44	0	0	4	24	0	0	36	48	0	0	2	0	26	0	15	16	0	0	18	42	26	43	4	1	4	0	10	16	0	3	16	0	0	3	8	0	0	5	0	0	0	0	0	0	0	0	0	0	19	0	0	0	6	0	0	0	3	8	0	0	8	0	0	0	0	0	0	12	32	0	0	1	0	0	0	12	0	0	0	6	12	0	0	1	8	13	0	8	24	0	0	0	52	0	4	32	0	0	4	24	0	0	4	0	0	0	0	0	26	0	3	16	0	0	4	24	26	43
38	29	23	24	4	20	16	20	0	23	24	4	34	16	0	0	19	24	0	0	12	13	20	0	16	20	0	31	16	0	0	15	24	0	0	10	16	4	16	0	0	0	1	0	0	0	34	16	0	0	18	24	0	0	8	7	4	0	13	20	0	19	16	0	0	9	24	0	0	9	16	0	12	0	0	0	1	0	0	0	31	16	0	0	14	24	0	0	4	0	4	4	0	0	0	4	0	16	0	16	0	0	0	1	0	0	0	15	0	0	0	10	0	0	0	4	0	0	0	7	4	0	0	0	0	0	1	0	0	0	6	16	0	0	0	0	0	0	0	0	0	19	16	0	0	8	24	0	0	3	0	0	0	0	0	0	0	0	0	0	12	0	0	0	1	0	0	0	12	0	0	0	6	0	0	0	1	0	4	0	0	0	0	0	0	4	0	4	0	0	0	4	0	16	0	4	0	0	0	0	0	0	0	3	0	0	0	4	0	0	0
44	32	36	48	10	20	16	32	0	33	48	10	35	0	26	0	28	44	40	25	12	11	16	0	15	32	0	20	0	0	0	8	16	0	0	22	16	10	24	64	24	0	2	4	0	0	31	0	26	0	24	28	40	25	4	1	0	0	10	16	0	4	0	0	0	4	8	0	0	4	0	0	0	0	0	0	0	0	0	0	16	0	0	0	4	0	0	0	11	16	10	2	0	40	0	0	0	40	0	24	64	24	0	2	4	0	0	12	0	26	0	16	28	40	25	0	0	0	0	0	0	0	0	0	0	0	0	0	0	0	0	0	0	0	0	0	0	0	0	0	0	0	0	0	0	0	0	0	0	0	0	0	0	0	0	0	0	0	0	0	0	0	0	0	0	0	0	0	0	0	0	0	0	0	0	0	0	0	10	0	0	4	0	0	0	0	0	0	0	40	0	0	0	40	0	0	0	24	0	0	0	0	0	0	0	26	0	0	0	40	25
37	28	26	24	4	19	9	14	0	24	24	4	4	0	8	0	24	12	8	13	12	9	10	0	8	14	0	4	0	0	0	4	7	0	0	16	10	4	24	20	0	0	2	0	0	0	0	0	8	0	20	5	8	13	5	1	0	0	8	10	0	4	0	0	0	4	5	0	0	0	0	0	0	0	0	0	0	0	0	0	0	0	0	0	0	0	0	0	15	10	4	2	0	16	0	0	0	8	0	24	20	0	0	2	0	0	0	0	0	8	0	20	5	8	13	0	0	0	0	0	0	0	0	0	0	0	0	0	0	0	0	0	0	0	0	0	0	0	0	0	0	0	0	0	0	0	0	0	0	0	0	0	0	0	0	0	0	0	0	0	0	0	0	0	0	0	0	0	0	0	0	0	0	0	0	0	0	0	4	0	0	4	0	0	0	0	0	0	0	16	0	0	0	8	0	0	0	0	0	0	0	0	0	0	0	8	0	0	0	8	13
36	28	24	16	0	20	7	0	0	24	16	0	3	0	0	0	17	24	0	0	12	6	0	0	7	0	0	0	0	0	0	3	0	0	0	17	16	0	20	0	0	0	1	4	0	0	3	0	0	0	14	24	0	0	4	0	0	0	6	0	0	0	0	0	0	3	0	0	0	0	0	0	0	0	0	0	0	0	0	0	0	0	0	0	0	0	0	0	11	16	0	0	0	0	0	0	0	0	0	20	0	0	0	1	4	0	0	0	0	0	0	12	24	0	0	0	0	0	0	0	0	0	0	0	0	0	0	0	0	0	0	0	0	0	0	0	0	0	0	0	0	0	0	0	0	0	0	0	0	0	0	0	0	0	0	0	0	0	0	0	0	0	0	0	0	0	0	0	0	0	0	0	0	0	0	0	0	0	0	0	0	0	0	0	0	0	0	0	0	0	0	0	0	0	0	0	0	0	0	0	0	0	0	0	0	0	0	0	0	0	0
23	18	12	6	0	13	2	0	0	12	6	0	0	0	0	0	11	3	0	0	8	2	0	0	2	0	0	0	0	0	0	1	0	0	0	10	6	0	4	0	0	0	1	0	0	0	0	0	0	0	10	3	0	0	3	0	0	0	2	0	0	0	0	0	0	1	0	0	0	0	0	0	0	0	0	0	0	0	0	0	0	0	0	0	0	0	0	0	9	6	0	0	0	0	0	0	0	0	0	4	0	0	0	1	0	0	0	0	0	0	0	10	3	0	0	0	0	0	0	0	0	0	0	0	0	0	0	0	0	0	0	0	0	0	0	0	0	0	0	0	0	0	0	0	0	0	0	0	0	0	0	0	0	0	0	0	0	0	0	0	0	0	0	0	0	0	0	0	0	0	0	0	0	0	0	0	0	0	0	0	0	0	0	0	0	0	0	0	0	0	0	0	0	0	0	0	0	0	0	0	0	0	0	0	0	0	0	0	0	0	0
27	21	13	9	0	15	2	0	0	13	9	0	0	0	0	0	9	9	0	0	9	2	0	0	2	0	0	0	0	0	0	1	0	0	0	11	9	0	4	0	0	0	1	0	0	0	0	0	0	0	8	9	0	0	3	0	0	0	2	0	0	0	0	0	0	1	0	0	0	0	0	0	0	0	0	0	0	0	0	0	0	0	0	0	0	0	0	0	8	9	0	0	0	0	0	0	0	0	0	4	0	0	0	1	0	0	0	0	0	0	0	8	9	0	0	0	0	0	0	0	0	0	0	0	0	0	0	0	0	0	0	0	0	0	0	0	0	0	0	0	0	0	0	0	0	0	0	0	0	0	0	0	0	0	0	0	0	0	0	0	0	0	0	0	0	0	0	0	0	0	0	0	0	0	0	0	0	0	0	0	0	0	0	0	0	0	0	0	0	0	0	0	0	0	0	0	0	0	0	0	0	0	0	0	0	0	0	0	0	0	0
44	33	29	0	32	22	16	0	10	28	0	32	23	0	28	14	14	0	0	14	11	1	0	0	15	0	10	4	0	24	0	6	0	0	0	13	0	32	0	0	78	0	0	0	0	25	19	0	28	14	8	0	0	14	0	0	0	0	0	0	0	0	0	0	0	0	0	0	0	0	0	10	0	0	40	0	0	0	0	0	0	0	24	0	0	0	0	0	0	0	32	0	0	6	0	0	0	0	0	0	0	78	0	0	0	0	25	0	0	28	14	0	0	0	14	0	0	0	0	0	0	0	0	0	0	0	0	0	0	0	0	0	0	0	0	0	0	0	0	0	0	0	0	0	0	0	0	0	0	0	0	10	0	0	4	0	0	0	0	0	0	0	40	0	0	0	0	0	0	0	24	0	0	0	0	0	0	0	0	0	0	0	0	0	0	0	0	0	0	0	0	0	0	0	0	0	0	0	0	0	0	0	25	0	0	0	14	0	0	0	14
37	27	26	21	17	17	14	0	10	25	21	17	23	0	28	14	11	14	51	10	7	1	0	0	13	0	10	4	0	24	0	5	0	30	0	10	21	17	0	0	68	0	0	0	0	25	19	0	28	14	6	14	51	10	0	0	0	0	0	0	0	0	0	0	0	0	0	0	0	0	0	10	0	0	40	0	0	0	0	0	0	0	24	0	0	0	30	0	0	0	17	0	0	6	0	0	0	0	0	0	0	68	0	0	0	0	25	0	0	28	14	0	0	51	10	0	0	0	0	0	0	0	0	0	0	0	0	0	0	0	0	0	0	0	0	0	0	0	0	0	0	0	0	0	0	0	0	0	0	0	0	10	0	0	4	0	0	0	0	0	0	0	40	0	0	0	0	0	0	0	24	0	0	0	30	0	0	0	0	0	0	0	0	0	0	0	0	0	0	0	0	0	0	0	0	0	0	0	0	0	0	0	25	0	0	0	14	0	0	0	10
39	28	20	31	15	17	8	7	6	20	31	15	16	21	28	6	9	14	45	10	7	0	0	0	8	7	6	0	0	24	0	3	0	18	0	10	21	15	0	0	44	0	0	0	15	12	16	21	28	6	6	14	45	10	0	0	0	0	0	0	0	0	0	0	0	0	0	0	0	0	0	6	0	0	24	0	0	0	6	0	0	0	24	0	0	0	18	0	0	0	15	0	0	0	0	0	0	0	0	0	0	44	0	0	0	15	12	0	0	28	6	0	0	45	10	0	0	0	0	0	0	0	0	0	0	0	0	0	0	0	0	0	0	0	0	0	0	0	0	0	0	0	0	0	0	0	0	0	0	0	0	6	0	0	0	0	0	0	0	0	0	0	24	0	0	0	6	0	0	0	24	0	0	0	18	0	0	0	0	0	0	0	0	0	0	0	0	0	0	0	0	0	0	0	0	0	0	0	0	0	0	0	12	0	0	0	6	0	0	0	10
39	29	15	9	19	19	7	0	0	15	9	19	3	0	0	0	7	0	19	14	9	0	0	0	7	0	0	0	0	0	0	3	0	0	0	8	9	19	0	0	26	0	0	0	0	0	3	0	0	0	4	0	19	14	0	0	0	0	0	0	0	0	0	0	0	0	0	0	0	0	0	0	0	0	0	0	0	0	0	0	0	0	0	0	0	0	0	0	0	0	19	0	0	0	0	0	0	0	0	0	0	26	0	0	0	0	0	0	0	0	0	0	0	19	14	0	0	0	0	0	0	0	0	0	0	0	0	0	0	0	0	0	0	0	0	0	0	0	0	0	0	0	0	0	0	0	0	0	0	0	0	0	0	0	0	0	0	0	0	0	0	0	0	0	0	0	0	0	0	0	0	0	0	0	0	0	0	0	0	0	0	0	0	0	0	0	0	0	0	0	0	0	0	0	0	0	0	0	0	0	0	0	0	0	0	0	0	0	0	0	14
30	22	8	12	7	14	1	0	0	8	12	7	3	0	0	0	4	0	14	0	6	0	0	0	1	0	0	0	0	0	0	0	0	0	0	7	12	7	0	0	0	0	0	0	0	0	3	0	0	0	4	0	14	0	0	0	0	0	0	0	0	0	0	0	0	0	0	0	0	0	0	0	0	0	0	0	0	0	0	0	0	0	0	0	0	0	0	0	0	0	7	0	0	0	0	0	0	0	0	0	0	0	0	0	0	0	0	0	0	0	0	0	0	14	0	0	0	0	0	0	0	0	0	0	0	0	0	0	0	0	0	0	0	0	0	0	0	0	0	0	0	0	0	0	0	0	0	0	0	0	0	0	0	0	0	0	0	0	0	0	0	0	0	0	0	0	0	0	0	0	0	0	0	0	0	0	0	0	0	0	0	0	0	0	0	0	0	0	0	0	0	0	0	0	0	0	0	0	0	0	0	0	0	0	0	0	0	0	0	0	0
28	18	13	16	38	8	0	0	35	13	16	38	0	0	76	21	1	0	76	0	0	0	0	34	0	0	35	0	0	64	18	0	0	70	0	0	0	38	0	0	0	6	0	0	0	0	0	0	76	21	0	0	76	0	0	0	0	11	0	0	34	0	0	60	0	0	0	68	0	0	0	35	0	0	0	0	0	0	0	0	0	0	64	18	0	0	70	0	0	0	0	0	0	0	0	0	0	0	61	0	0	0	6	0	0	0	0	0	0	0	21	0	0	0	0	0	0	0	11	0	0	11	0	0	11	0	0	0	22	0	0	0	34	0	0	0	0	0	0	0	0	0	0	60	0	0	0	68	0	0	0	0	0	0	0	0	0	0	0	0	0	0	0	0	0	0	0	0	0	0	0	18	0	0	0	0	0	0	0	0	0	0	0	0	0	0	0	0	0	0	0	0	0	0	61	0	0	0	6	0	0	0	0	0	0	0	0	0	0	0	0
28	18	16	16	62	8	0	0	62	16	16	62	0	0	127	0	1	0	124	0	0	0	0	62	0	0	62	0	0	127	0	0	0	124	0	0	0	62	0	0	0	0	0	0	0	0	0	0	127	0	0	0	124	0	0	0	0	58	0	0	62	0	0	127	0	0	0	124	0	0	0	62	0	0	0	0	0	0	0	0	0	0	127	0	0	0	124	0	0	0	0	0	0	0	0	0	0	0	4	0	0	0	0	0	0	0	0	0	0	0	0	0	0	0	0	0	0	0	58	0	0	58	0	0	123	0	0	0	116	0	0	0	62	0	0	0	0	0	0	0	0	0	0	127	0	0	0	124	0	0	0	0	0	0	0	0	0	0	0	0	0	0	0	0	0	0	0	0	0	0	0	0	0	0	0	0	0	0	0	0	0	0	0	0	0	0	0	0	0	0	0	0	0	0	4	0	0	0	0	0	0	0	0	0	0	0	0	0	0	0	0
31	20	12	18	39	9	0	0	22	12	18	39	0	0	73	21	1	0	78	32	0	0	0	21	0	0	22	0	0	54	18	0	0	44	16	0	0	39	0	0	0	6	0	0	0	0	0	0	73	21	0	0	78	32	0	0	0	11	0	0	21	0	0	50	0	0	0	42	0	0	0	22	0	0	0	0	0	0	0	0	0	0	54	18	0	0	44	16	0	0	0	0	0	0	0	0	0	0	16	0	0	0	6	0	0	0	0	0	0	0	21	0	0	0	32	0	0	0	11	0	0	11	0	0	22	0	0	0	22	0	0	0	21	0	0	0	0	0	0	0	0	0	0	50	0	0	0	42	0	0	0	0	0	0	0	0	0	0	0	0	0	0	0	0	0	0	0	0	0	0	0	18	0	0	0	16	0	0	0	0	0	0	0	0	0	0	0	0	0	0	0	0	0	0	16	0	0	0	6	0	0	0	0	0	0	0	0	0	0	0	0
24	16	10	0	34	8	0	0	11	10	0	34	0	0	51	21	1	0	0	39	0	0	0	10	0	0	11	0	0	32	18	0	0	0	16	0	0	34	0	0	0	6	0	0	0	0	0	0	51	21	0	0	0	39	0	0	0	0	0	0	10	0	0	28	0	0	0	0	0	0	0	11	0	0	0	0	0	0	0	0	0	0	32	18	0	0	0	16	0	0	0	0	0	0	0	0	0	0	16	0	0	0	6	0	0	0	0	0	0	0	21	0	0	0	39	0	0	0	0	0	0	0	0	0	0	0	0	0	0	0	0	0	10	0	0	0	0	0	0	0	0	0	0	28	0	0	0	0	0	0	0	0	0	0	0	0	0	0	0	0	0	0	0	0	0	0	0	0	0	0	0	18	0	0	0	16	0	0	0	0	0	0	0	0	0	0	0	0	0	0	0	0	0	0	16	0	0	0	6	0	0	0	0	0	0	0	0	0	0	0	0
21	14	7	0	39	7	0	0	7	7	0	39	0	0	47	21	1	0	0	58	0	0	0	6	0	0	7	0	0	28	18	0	0	0	16	0	0	39	0	0	0	6	0	0	0	0	0	0	47	21	0	0	0	58	0	0	0	0	0	0	6	0	0	24	0	0	0	0	0	0	0	7	0	0	0	0	0	0	0	0	0	0	28	18	0	0	0	16	0	0	0	0	0	0	0	0	0	0	12	0	0	0	6	0	0	0	0	0	0	0	21	0	0	0	58	0	0	0	0	0	0	0	0	0	0	0	0	0	0	0	0	0	6	0	0	0	0	0	0	0	0	0	0	24	0	0	0	0	0	0	0	0	0	0	0	0	0	0	0	0	0	0	0	0	0	0	0	0	0	0	0	18	0	0	0	16	0	0	0	0	0	0	0	0	0	0	0	0	0	0	0	0	0	0	12	0	0	0	6	0	0	0	0	0	0	0	0	0	0	0	0
34	17	0	0	177	0	0	0	136	0	0	177	0	0	0	143	0	0	0	139	0	0	0	133	0	0	136	0	0	0	131	0	0	0	119	0	0	0	0	0	0	21	0	0	0	0	0	0	0	143	0	0	0	139	0	0	0	132	0	0	133	0	0	0	127	0	0	0	117	0	0	0	0	0	0	18	0	0	0	0	0	0	0	131	0	0	0	119	0	0	0	0	0	0	6	0	0	0	0	0	0	0	21	0	0	0	0	0	0	0	0	0	0	0	0	0	0	0	113	0	0	132	0	0	0	80	0	0	0	80	0	0	0	0	0	0	0	0	0	0	0	0	0	0	127	0	0	0	117	0	0	0	0	0	0	0	0	0	0	0	0	0	0	18	0	0	0	0	0	0	0	0	0	0	0	0	0	0	0	0	0	0	24	0	0	0	40	0	0	0	6	0	0	0	0	0	0	0	0	0	0	0	0	0	0	0	0	0	0	0	0
32	16	2	0	138	0	0	0	101	0	0	138	0	0	8	112	0	0	0	139	0	0	0	85	0	0	101	0	0	8	79	0	0	0	119	0	0	0	0	0	0	49	0	0	0	15	0	0	0	112	0	0	0	139	0	0	0	78	0	0	85	0	0	6	75	0	0	0	117	0	0	0	0	0	0	26	0	0	0	6	0	0	0	79	0	0	0	119	0	0	0	0	0	0	14	0	0	0	10	0	0	0	49	0	0	0	15	0	0	0	0	0	0	0	0	0	0	0	61	0	0	78	0	0	4	44	0	0	0	80	0	0	0	0	0	0	0	0	0	0	0	0	0	0	75	0	0	0	117	0	0	0	0	0	0	0	0	0	0	0	0	0	0	26	0	0	0	6	0	0	0	0	0	0	0	0	0	0	0	0	0	0	0	0	0	0	49	0	0	0	14	0	0	0	10	0	0	0	0	0	0	0	0	0	0	0	0	0	0	0	0
32	16	4	0	136	0	0	0	129	0	0	136	0	0	19	69	0	0	0	0	0	0	0	118	0	0	129	0	0	19	57	0	0	0	0	0	0	0	0	0	0	59	0	0	0	0	0	0	0	69	0	0	0	0	0	0	0	106	0	0	118	0	0	17	53	0	0	0	0	0	0	0	0	0	0	26	0	0	0	0	0	0	0	57	0	0	0	0	0	0	0	0	0	0	14	0	0	0	14	0	0	0	59	0	0	0	0	0	0	0	0	0	0	0	0	0	0	0	84	0	0	106	0	0	15	22	0	0	0	0	0	0	0	0	0	0	0	0	0	0	0	0	0	0	53	0	0	0	0	0	0	0	0	0	0	0	0	0	0	0	0	0	0	26	0	0	0	0	0	0	0	0	0	0	0	0	0	0	0	0	0	0	48	0	0	0	49	0	0	0	14	0	0	0	14	0	0	0	0	0	0	0	0	0	0	0	0	0	0	0	0
25	12	3	12	102	0	0	0	97	0	0	102	0	0	19	50	0	0	102	0	0	0	0	88	0	0	97	0	0	19	38	0	0	97	0	0	0	0	0	0	0	49	0	0	0	0	0	0	0	50	0	0	0	0	0	0	0	81	0	0	88	0	0	17	34	0	0	88	0	0	0	0	0	0	0	26	0	0	0	0	0	0	0	38	0	0	0	0	0	0	0	0	0	0	14	0	0	0	10	0	0	0	49	0	0	0	0	0	0	0	0	0	0	0	0	0	0	0	68	0	0	81	0	0	15	10	0	0	81	0	0	0	0	0	0	0	0	0	0	0	0	0	0	0	34	0	0	0	0	0	0	0	0	0	0	0	0	0	0	0	0	0	0	26	0	0	0	0	0	0	0	0	0	0	0	0	0	0	0	0	0	0	24	0	0	0	25	0	0	0	14	0	0	0	10	0	0	0	0	0	0	0	0	0	0	0	0	0	0	0	0
17	8	3	8	62	0	0	0	62	0	0	62	0	0	19	0	0	0	62	0	0	0	0	54	0	0	62	0	0	19	0	0	0	62	0	0	0	0	0	0	0	38	0	0	0	0	0	0	0	0	0	0	0	0	0	0	0	43	0	0	54	0	0	17	0	0	0	54	0	0	0	0	0	0	0	8	0	0	0	0	0	0	0	0	0	0	0	0	0	0	0	0	0	0	8	0	0	0	14	0	0	0	38	0	0	0	0	0	0	0	0	0	0	0	0	0	0	0	36	0	0	43	0	0	15	0	0	0	43	0	0	0	0	0	0	0	0	0	0	0	0	0	0	0	0	0	0	0	0	0	0	0	0	0	0	0	0	0	0	0	0	0	0	8	0	0	0	0	0	0	0	0	0	0	0	0	0	0	0	0	0	0	24	0	0	0	13	0	0	0	8	0	0	0	14	0	0	0	0	0	0	0	0	0	0	0	0	0	0	0	0
4	0	0	0	46	0	0	0	19	0	0	0	0	0	0	65	0	0	0	164	0	0	0	19	0	0	0	0	0	0	65	0	0	0	159	0	0	0	0	0	0	0	0	0	0	0	0	0	0	0	0	0	0	0	0	0	0	17	0	0	0	0	0	0	57	0	0	0	142	0	0	0	0	0	0	0	0	0	0	0	0	0	0	0	0	0	0	0	0	0	0	0	0	0	12	0	0	0	0	0	0	0	0	0	0	0	0	0	0	0	0	0	0	0	0	0	0	0	15	0	0	0	0	0	0	49	0	0	0	124	0	0	0	0	0	0	0	0	0	0	0	0	0	0	0	0	0	0	0	0	0	0	0	0	0	8	0	0	0	0	0	0	0	0	0	0	0	0	0	0	0	0	0	0	0	0	0	0	0	0	0	0	8	0	0	0	0	0	0	0	0	0	0	0	0	0	0	0	0	0	0	0	0	0	0	0	0	0	0	0	0
