82	83
82	84
82	85
82	86
82	87
82	104
83	84
83	85
83	86
83	87
83	88
83	105
83	108
83	119
83	120
83	123
84	85
84	86
84	87
84	88
84	89
85	86
85	87
85	88
85	89
85	90
85	101
86	87
86	88
86	89
86	90
86	91
86	101
86	102
86	104
86	105
86	108
86	125
87	88
87	89
87	90
87	91
87	92
87	101
87	105
87	123
87	125
88	89
88	90
88	91
88	92
88	101
89	90
89	91
89	92
89	93
89	94
89	97
89	98
89	99
89	101
89	128
89	132
90	91
90	92
90	93
90	97
90	98
90	101
90	102
90	105
90	125
90	128
90	129
90	132
91	92
91	93
91	98
91	123
91	124
91	125
91	128
91	132
92	93
92	94
92	95
92	97
92	98
92	128
92	132
93	94
93	95
93	98
93	128
94	95
94	96
94	97
94	98
94	99
95	96
95	97
95	98
95	99
95	100
95	135
95	137
95	140
96	97
96	98
96	99
96	100
96	101
97	98
97	99
97	100
97	101
97	102
98	99
98	100
98	101
98	102
98	103
98	128
98	132
98	135
98	140
99	100
99	101
99	102
99	103
99	104
99	132
99	137
99	139
99	140
99	143
100	101
100	102
100	103
100	104
100	105
101	102
101	103
101	104
101	105
101	106
101	129
102	103
102	104
102	105
102	106
102	107
102	129
102	132
102	140
102	143
102	144
102	147
103	104
103	105
103	106
103	107
103	108
103	139
103	143
104	105
104	106
104	107
104	108
104	109
104	143
105	106
105	107
105	108
105	109
105	110
105	120
105	123
105	125
105	129
105	147
106	107
106	108
106	109
106	110
106	111
106	129
106	142
106	143
106	146
106	147
106	150
107	108
107	109
107	110
107	111
107	143
108	109
108	110
108	111
108	114
108	115
108	116
108	120
109	110
109	111
109	115
109	116
109	117
109	120
109	129
109	146
109	147
109	148
109	150
109	151
110	111
110	112
110	115
110	146
110	150
111	112
111	113
111	114
111	115
111	116
112	113
112	114
112	115
113	114
113	115
114	115
114	116
114	117
115	116
115	117
115	118
115	119
115	150
115	153
116	117
116	118
116	119
116	120
116	121
117	118
117	119
117	120
117	121
117	122
117	150
117	151
117	152
117	153
117	154
117	155
117	158
118	119
118	120
118	121
118	122
118	123
118	155
118	157
118	158
119	120
119	121
119	122
119	123
119	124
120	121
120	122
120	123
120	124
120	125
120	126
120	129
120	151
121	122
121	123
121	124
121	125
121	126
121	151
121	157
121	158
121	159
121	161
122	123
122	124
122	125
123	124
123	125
123	126
124	125
124	126
124	127
124	128
125	126
125	127
125	128
125	129
125	130
125	151
126	127
126	128
126	129
126	130
126	131
126	148
126	151
126	161
126	162
126	165
127	128
127	129
127	130
127	131
127	132
127	165
128	129
128	130
128	131
128	132
128	133
128	144
129	130
129	131
129	132
129	133
129	134
129	140
129	144
129	145
129	147
129	148
129	151
130	131
130	132
130	133
130	134
130	144
130	148
130	162
130	165
130	166
130	167
130	170
131	132
131	133
131	134
131	135
131	170
132	133
132	134
132	135
132	136
132	137
132	140
132	141
132	144
133	134
133	135
133	140
133	141
133	142
133	144
133	145
133	148
133	167
133	170
133	171
133	174
134	135
134	136
134	141
134	169
134	170
134	173
134	174
135	136
135	137
135	138
135	140
135	141
136	137
136	138
136	141
137	138
137	139
137	140
137	141
137	142
138	139
138	140
138	141
138	142
138	143
138	177
138	178
138	179
138	182
139	140
139	141
139	142
139	143
139	144
139	182
140	141
140	142
140	143
140	144
140	145
141	142
141	143
141	144
141	145
141	146
141	174
141	177
141	179
141	182
142	143
142	144
142	145
142	146
142	147
142	181
142	182
142	185
143	144
143	145
143	146
143	147
143	148
144	145
144	146
144	147
144	148
144	149
144	171
145	146
145	147
145	148
145	149
145	150
145	171
145	174
145	182
145	185
145	186
145	189
146	147
146	148
146	149
146	150
146	151
146	185
147	148
147	149
147	150
147	151
147	152
148	149
148	150
148	151
148	152
148	153
148	162
148	167
148	171
148	189
149	150
149	151
149	152
149	153
149	154
149	171
149	185
149	186
149	188
149	189
149	190
149	192
150	151
150	152
150	153
150	154
150	185
150	188
150	192
151	152
151	153
151	154
151	155
151	158
151	159
151	161
151	162
152	153
152	154
152	155
152	158
152	159
152	162
152	189
152	192
152	193
152	196
153	154
153	155
153	158
153	159
153	192
154	155
154	156
154	158
154	159
154	196
155	156
155	157
155	158
155	159
155	160
155	196
156	157
156	158
156	159
156	160
156	161
156	196
157	158
157	159
157	160
157	161
157	162
157	196
158	159
158	160
158	161
158	162
158	163
159	160
159	161
159	162
159	163
159	164
159	192
159	193
159	196
159	200
160	161
160	162
160	163
160	164
160	165
160	200
161	162
161	163
161	164
161	165
161	166
162	163
162	164
162	165
162	166
162	167
162	168
162	171
162	193
163	164
163	165
163	166
163	167
163	168
163	193
163	200
163	203
164	165
164	166
164	167
165	166
165	167
165	170
166	167
166	168
166	169
166	170
166	171
166	203
167	168
167	169
167	170
167	171
167	172
167	190
167	193
167	203
168	169
168	170
168	171
168	172
168	173
168	190
168	193
168	203
168	204
168	207
169	170
169	171
169	172
169	173
169	174
169	203
169	207
170	171
170	172
170	173
170	174
170	175
170	186
171	172
171	173
171	174
171	175
171	176
171	185
171	186
171	187
171	189
171	190
171	193
172	173
172	174
172	175
172	176
172	186
172	190
172	204
172	207
172	208
172	209
172	212
173	174
173	175
173	176
173	177
174	175
174	176
174	177
174	178
174	179
174	182
174	183
174	184
174	186
175	176
175	177
175	183
175	186
175	187
175	190
175	208
175	209
175	210
175	212
175	213
175	216
176	177
176	178
176	183
176	212
177	178
177	179
177	180
177	182
177	183
178	179
178	180
178	183
179	180
179	181
179	182
179	183
179	184
180	181
180	182
180	183
180	184
180	185
181	182
181	183
181	184
181	185
181	186
182	183
182	184
182	185
182	186
182	187
183	184
183	185
183	186
183	187
183	188
183	216
184	185
184	186
184	187
184	188
184	189
185	186
185	187
185	188
185	189
185	190
186	187
186	188
186	189
186	190
186	191
187	188
187	189
187	190
187	191
187	192
187	213
187	216
188	189
188	190
188	191
188	192
188	193
189	190
189	191
189	192
189	193
189	194
190	191
190	192
190	193
190	194
190	195
190	204
190	209
191	192
191	193
191	194
191	195
191	196
192	193
192	194
192	195
192	196
193	194
193	195
193	196
193	197
193	200
193	201
193	203
193	204
194	195
194	196
194	197
194	198
194	200
194	201
194	204
195	196
195	197
195	200
195	201
196	197
196	198
196	200
196	201
197	198
197	199
197	200
197	201
197	202
198	199
198	200
198	201
198	202
198	203
199	200
199	201
199	202
199	203
199	204
200	201
200	202
200	203
200	204
200	205
201	202
201	203
201	204
201	205
201	206
202	203
202	204
202	205
202	206
202	207
203	204
203	205
203	206
203	207
203	208
204	205
204	206
204	207
204	208
204	209
204	210
205	206
205	207
205	208
205	209
205	210
206	207
206	208
206	209
207	208
207	209
208	209
208	210
208	211
208	212
209	210
209	211
209	212
209	213
209	214
210	211
210	212
210	213
210	214
210	215
211	212
211	213
211	214
211	215
211	216
212	213
212	214
212	215
212	216
212	217
213	214
213	215
213	216
213	217
213	218
214	215
214	216
214	217
214	218
214	219
215	216
215	217
215	218
215	219
215	220
216	217
216	218
216	219
216	220
216	221
217	218
217	219
217	220
218	219
218	220
219	220
219	221
220	221
