13	14
13	15
14	15
14	16
15	16
15	17
15	18
15	19
15	37
16	17
16	18
16	19
16	20
16	21
17	18
17	19
17	20
17	21
17	22
17	33
18	19
18	20
18	21
18	22
18	23
18	29
18	30
18	33
18	34
18	37
18	47
18	50
19	20
19	21
19	22
19	23
19	24
19	30
19	46
19	50
20	21
20	22
20	23
20	24
20	25
21	22
21	23
21	24
21	25
21	26
21	27
21	29
21	30
22	23
22	24
22	25
22	26
22	27
22	29
22	30
22	50
22	54
23	24
23	25
23	26
23	30
23	50
24	25
24	26
25	26
25	27
26	27
26	28
26	29
26	30
26	31
27	28
27	29
27	30
27	31
27	32
27	54
28	29
28	30
28	31
28	32
28	33
28	54
29	30
29	31
29	32
29	33
29	34
30	31
30	32
30	33
30	34
30	35
30	50
30	54
31	32
31	33
31	34
31	35
31	36
31	54
31	60
32	33
32	34
32	35
32	36
32	37
33	34
33	35
33	36
33	37
33	38
34	35
34	36
34	37
34	38
34	39
34	46
34	47
34	48
34	50
34	51
35	36
35	37
35	38
35	39
35	40
35	47
36	37
36	38
36	39
36	40
36	41
37	38
37	39
37	40
37	41
37	42
37	44
37	47
38	39
38	40
38	41
38	42
38	43
38	44
38	47
38	48
39	40
39	41
39	42
40	41
40	42
41	42
41	43
41	44
42	43
42	44
42	48
43	44
43	45
43	46
43	48
44	45
44	46
44	47
44	48
44	49
45	46
45	47
45	48
45	49
45	50
46	47
46	48
46	49
46	50
46	51
47	48
47	49
47	50
47	51
47	52
48	49
48	50
48	51
48	52
48	53
49	50
49	51
49	52
49	53
49	54
50	51
50	52
50	53
50	54
50	55
51	52
51	53
51	54
51	55
51	56
52	53
52	54
52	55
52	56
52	57
53	54
53	55
53	56
53	57
53	58
54	55
54	56
54	57
54	58
54	59
54	60
55	56
55	57
55	58
55	59
55	60
55	61
56	57
56	58
56	59
56	60
56	61
57	58
57	59
57	60
58	59
58	60
59	60
59	61
59	62
60	61
60	62
61	62
