141	142
141	143
141	264
141	265
141	266
141	267
141	271
141	272
141	302
141	303
142	143
142	144
142	145
142	146
142	271
142	272
142	302
142	303
143	144
143	145
143	171
143	172
143	173
143	271
143	272
143	273
143	275
143	299
143	300
143	302
143	303
144	145
144	146
144	149
144	164
144	165
144	168
144	169
144	170
144	171
144	300
144	303
145	146
145	147
145	148
145	149
145	150
145	303
146	147
146	148
146	149
146	150
146	151
147	148
147	149
147	150
147	151
147	152
148	149
148	150
148	151
148	152
148	153
148	167
149	150
149	151
149	152
149	153
149	154
149	156
149	157
149	158
149	164
149	167
149	168
149	169
150	151
150	152
150	153
150	154
150	155
150	156
150	157
150	158
150	167
151	152
151	153
151	154
151	155
151	156
152	153
152	154
152	155
152	166
152	167
152	168
152	169
153	154
153	155
153	156
153	157
153	158
153	159
153	163
153	167
154	155
154	156
155	156
155	157
156	157
156	158
157	158
157	159
157	160
158	159
158	160
158	161
158	163
158	164
158	165
158	167
158	168
159	160
159	161
159	163
159	164
160	161
160	162
160	163
160	164
160	165
161	162
161	163
161	164
161	165
161	166
161	291
161	292
161	293
161	294
161	296
161	297
161	298
161	300
161	301
162	163
162	164
162	165
162	166
162	167
162	301
163	164
163	165
163	166
163	167
163	168
164	165
164	166
164	167
164	168
164	169
164	300
164	303
165	166
165	167
165	168
165	169
165	170
165	291
165	300
166	167
166	168
166	169
167	168
167	169
168	169
168	170
168	171
169	170
169	171
170	171
170	172
170	174
170	175
170	275
170	279
171	172
171	173
171	174
171	175
171	275
172	173
172	174
172	175
172	176
172	272
173	174
173	175
173	176
173	177
173	178
173	271
173	272
173	273
173	275
173	276
174	175
174	176
174	275
174	276
174	279
175	176
175	177
175	276
176	177
176	178
176	276
177	178
177	276
178	270
178	272
178	273
178	276
222	223
222	224
222	225
222	226
222	227
222	263
222	268
222	269
223	224
223	225
223	226
223	227
223	228
223	268
224	225
224	226
224	227
224	228
224	229
224	260
224	263
225	226
225	227
225	228
225	229
225	230
225	260
225	263
225	268
225	269
226	227
226	228
226	229
226	230
226	231
226	260
226	268
226	269
226	273
227	228
227	229
227	230
227	231
227	232
228	229
228	230
228	231
228	232
228	233
228	255
228	257
228	258
228	259
228	260
228	263
229	230
229	231
229	232
229	233
229	234
229	260
229	269
229	273
229	274
229	277
230	231
230	232
230	233
230	234
230	235
231	232
231	233
231	234
231	235
232	233
232	234
232	235
232	238
232	239
232	257
232	258
232	259
232	260
232	295
233	234
233	235
233	236
233	238
233	239
233	258
233	274
233	277
233	278
233	281
233	295
234	235
234	236
234	237
234	239
235	236
235	237
235	238
235	239
235	240
236	237
236	238
236	239
236	240
236	241
236	281
236	284
236	285
237	238
237	239
237	240
237	241
237	242
237	285
238	239
238	240
238	241
238	242
238	243
238	255
238	256
238	257
238	258
238	295
239	240
239	241
239	242
239	278
239	281
239	282
239	288
239	289
239	295
240	241
240	242
240	281
240	282
240	285
240	287
240	288
240	289
241	242
241	243
241	287
241	288
241	289
242	243
242	244
242	256
242	257
242	258
242	282
242	289
242	290
242	293
242	294
242	295
242	296
242	298
243	244
243	245
243	246
243	247
243	289
243	293
243	294
243	295
244	245
244	246
244	247
244	257
244	292
244	293
244	294
244	298
245	246
245	247
245	293
246	247
246	248
247	248
247	249
247	256
247	257
248	249
248	250
248	251
248	252
248	255
248	256
249	250
249	251
249	252
249	256
250	251
250	252
250	253
251	252
251	253
251	254
251	255
251	256
252	253
252	254
252	255
253	254
253	255
254	255
254	256
254	257
255	256
255	257
255	258
255	259
256	257
256	258
257	258
257	259
257	260
258	259
258	260
258	261
258	274
258	295
259	260
259	261
259	262
259	263
260	261
260	262
260	263
260	264
260	265
260	269
260	274
261	262
261	263
261	264
261	265
261	266
262	263
262	264
262	265
262	266
262	267
262	268
263	264
263	265
263	266
263	267
263	268
263	269
263	270
264	265
264	266
264	267
264	268
264	269
264	270
264	271
264	274
264	299
264	302
265	266
265	267
265	268
265	302
266	267
266	268
266	269
267	268
267	269
267	270
268	269
268	270
269	270
269	271
269	272
269	273
269	274
270	271
270	272
270	273
270	274
270	275
271	272
271	273
271	274
271	275
271	276
271	299
271	302
271	303
272	273
272	274
272	275
272	276
272	277
273	274
273	275
273	276
273	277
273	278
274	275
274	276
274	277
274	278
274	279
274	295
274	299
275	276
275	277
275	278
275	279
275	280
275	296
275	299
275	300
276	277
276	278
276	279
276	280
276	281
277	278
277	279
277	280
277	281
277	282
278	279
278	280
278	281
278	282
278	283
278	295
278	296
278	297
278	299
279	280
279	281
279	282
279	283
279	284
279	296
280	281
280	282
280	283
280	284
280	285
281	282
281	283
281	284
281	285
281	286
281	288
282	283
282	284
282	285
282	286
282	287
282	288
282	289
282	290
282	294
282	295
282	296
282	297
283	284
283	285
283	286
283	288
284	285
284	286
285	286
285	287
285	288
286	287
286	288
287	288
287	289
288	289
288	290
289	290
289	291
289	293
289	294
289	295
290	291
290	292
290	293
290	294
290	297
291	292
291	293
291	294
291	296
291	297
291	300
292	293
292	294
292	295
292	296
292	297
292	298
292	301
293	294
293	295
293	297
293	298
293	301
294	295
294	296
294	297
294	298
294	299
295	296
295	297
295	298
295	299
295	300
296	297
296	298
296	299
296	300
296	301
297	298
297	299
297	300
297	301
297	302
298	299
298	300
298	301
298	302
298	303
299	300
299	301
299	302
299	303
300	301
300	302
300	303
301	302
301	303
302	303
