141	142
141	143
142	143
142	144
142	145
142	146
143	144
143	145
144	145
144	146
144	149
144	164
144	165
145	146
145	147
145	148
145	149
145	150
146	147
146	148
146	149
146	150
146	151
147	148
147	149
147	150
147	151
147	152
148	149
148	150
148	151
148	152
148	153
149	150
149	151
149	152
149	153
149	154
149	156
149	157
149	158
149	164
150	151
150	152
150	153
150	154
150	155
150	156
150	157
150	158
151	152
151	153
151	154
151	155
151	156
152	153
152	154
152	155
153	154
153	155
153	156
153	157
153	158
153	159
153	163
154	155
154	156
155	156
155	157
156	157
156	158
157	158
157	159
157	160
158	159
158	160
158	161
158	163
158	164
158	165
159	160
159	161
159	163
159	164
160	161
160	162
160	163
160	164
160	165
161	162
161	163
161	164
161	165
162	163
162	164
162	165
163	164
163	165
164	165
