134	135
134	136
135	136
135	137
135	140
136	137
136	138
136	141
137	138
137	139
137	140
137	141
137	142
138	139
138	140
138	141
138	142
138	143
139	140
139	141
139	142
139	143
139	144
140	141
140	142
140	143
140	144
140	145
141	142
141	143
141	144
141	145
141	146
142	143
142	144
142	145
142	146
142	147
143	144
143	145
143	146
143	147
143	148
144	145
144	146
144	147
144	148
144	149
145	146
145	147
145	148
145	149
145	150
145	158
146	147
146	148
146	149
146	150
146	151
147	148
147	149
147	150
147	151
147	152
147	155
148	149
148	150
148	151
148	152
148	155
148	156
148	158
149	150
149	151
149	152
149	153
149	155
149	156
150	151
150	152
151	152
151	153
151	154
151	155
151	156
152	153
152	154
152	155
152	156
153	154
153	155
153	156
153	157
154	155
154	156
154	157
154	158
155	156
155	157
155	158
156	157
156	158
157	158
