515	516
515	517
515	518
515	519
515	520
516	517
516	518
516	519
516	520
516	521
517	518
517	519
517	520
517	521
517	522
517	534
517	538
517	539
518	519
518	520
518	521
518	522
518	523
519	520
519	521
519	522
519	523
519	524
520	521
520	522
520	523
520	524
520	525
520	533
520	534
520	538
521	522
521	523
521	524
521	525
521	533
521	534
522	523
522	524
522	525
523	524
523	525
524	525
524	532
524	533
525	533
532	533
532	534
533	534
533	535
533	538
534	535
534	536
534	538
534	539
535	536
535	537
535	538
535	539
536	537
536	538
536	539
536	540
537	538
537	539
537	540
538	539
538	540
539	540
