366	367
366	368
366	370
366	374
366	392
366	395
366	396
366	397
367	368
367	369
367	377
367	392
367	396
368	369
368	370
368	371
368	373
368	374
368	376
368	377
368	378
368	392
368	396
369	370
369	371
369	372
369	373
369	374
370	371
370	372
370	373
370	374
370	375
371	372
371	373
371	374
371	375
371	376
371	398
372	373
372	374
372	375
372	376
372	377
372	405
373	374
373	375
373	376
373	377
373	378
374	375
374	376
374	377
374	378
374	379
374	393
374	396
374	397
374	398
375	376
375	377
375	378
375	379
375	380
375	398
375	399
375	402
375	403
375	404
375	405
376	377
376	378
376	379
376	380
376	381
376	383
376	404
376	405
377	378
377	379
377	380
377	381
377	382
377	389
377	393
377	396
377	398
378	379
378	380
378	381
378	382
378	383
378	389
378	390
378	393
378	398
378	399
378	400
378	401
378	402
378	404
378	416
378	419
378	435
379	380
379	381
379	382
379	383
379	384
379	404
379	405
379	406
379	416
379	419
380	381
380	382
380	383
380	384
380	385
380	386
381	382
381	383
381	384
381	385
381	386
381	387
381	389
381	390
381	431
382	383
382	384
382	385
382	386
382	390
382	416
382	419
382	420
382	423
382	424
382	431
382	435
383	384
383	385
383	386
383	405
383	406
383	407
383	419
383	423
384	385
384	386
385	386
385	387
385	423
385	424
385	425
385	427
385	428
385	430
385	431
386	387
386	388
386	389
386	390
386	391
386	430
386	431
387	388
387	389
387	390
387	391
387	392
387	430
387	431
387	434
388	389
388	390
388	391
388	392
388	393
389	390
389	391
389	392
389	393
389	394
390	391
390	392
390	393
390	394
390	395
390	400
390	416
390	430
390	431
390	432
390	434
390	435
391	392
391	393
391	394
391	395
391	396
391	434
392	393
392	394
392	395
392	396
392	397
392	398
393	394
393	395
393	396
393	397
393	398
393	400
394	395
394	396
394	397
394	398
394	400
394	434
394	438
395	396
395	397
395	398
396	397
396	398
397	398
397	399
398	399
398	400
398	402
399	400
399	401
399	402
399	403
400	401
400	402
400	415
400	416
400	417
400	434
400	435
400	438
400	439
401	402
401	403
401	415
401	416
401	439
401	440
401	441
401	442
401	444
402	403
402	404
402	414
402	415
402	416
402	444
403	404
403	405
403	413
403	414
403	415
403	416
404	405
404	406
404	407
404	413
404	414
404	415
404	416
404	419
405	406
405	407
406	407
406	408
406	409
406	410
406	414
406	415
406	419
406	422
407	408
407	409
408	409
408	410
408	422
409	410
409	411
409	412
409	414
409	422
409	455
410	411
410	412
410	414
410	422
410	448
410	455
410	458
411	412
411	413
411	414
411	422
411	446
411	447
411	448
411	449
411	450
411	455
411	458
412	413
412	414
412	445
412	446
412	447
412	448
412	455
413	414
413	415
413	418
413	445
413	446
413	447
414	415
414	416
414	417
414	418
414	419
414	422
414	445
414	446
414	447
414	455
415	416
415	417
415	418
415	419
415	420
415	444
415	445
415	446
416	417
416	418
416	419
416	420
416	421
416	435
417	418
417	419
417	420
417	421
417	422
417	432
417	435
417	436
417	439
417	441
417	442
417	443
417	452
417	455
417	468
418	419
418	420
418	421
418	422
418	423
418	443
418	444
418	445
418	446
418	450
418	451
418	452
418	455
419	420
419	421
419	422
419	423
419	424
419	455
420	421
420	422
420	423
420	424
420	431
420	432
420	435
420	464
421	422
421	423
421	424
421	432
421	452
421	455
421	456
421	459
421	461
421	464
421	468
422	423
422	424
422	432
422	455
422	459
422	461
423	424
423	425
423	428
424	425
424	426
424	428
424	429
424	431
424	432
424	461
424	464
425	426
425	427
425	428
425	429
425	430
425	516
425	517
426	427
426	428
426	429
426	516
426	517
426	518
426	519
427	428
427	429
427	430
427	517
427	518
428	429
428	430
428	431
428	432
428	433
428	517
429	430
429	431
429	432
429	433
429	434
429	461
429	463
429	464
429	467
429	515
429	516
429	517
430	431
430	432
430	433
430	434
430	435
430	467
430	517
431	432
431	433
431	434
431	435
431	436
432	433
432	434
432	435
432	436
432	437
432	464
432	467
432	468
433	434
433	435
433	436
433	437
433	438
433	467
433	470
434	435
434	436
434	437
434	438
434	439
435	436
435	437
435	438
435	439
435	442
436	437
436	438
436	439
436	440
436	442
436	464
436	467
436	468
436	470
436	471
437	438
437	439
437	442
437	470
438	439
438	440
439	440
439	441
439	442
440	441
440	442
441	442
441	443
441	444
442	443
442	444
442	451
442	452
442	453
442	467
442	468
442	471
442	472
442	473
442	474
443	444
443	445
443	450
443	451
443	452
443	453
443	472
443	473
443	474
443	475
443	476
443	477
444	445
444	446
444	450
444	451
444	452
445	446
445	447
445	448
445	449
445	450
445	451
445	454
445	477
445	478
445	479
445	480
446	447
446	448
446	449
446	450
446	451
446	455
447	448
447	449
447	450
447	480
448	449
448	450
448	478
448	479
448	480
448	481
449	450
449	451
449	454
449	477
449	478
449	479
449	480
449	483
450	451
450	452
450	454
450	455
450	458
450	478
450	479
450	480
451	452
451	453
451	454
451	455
451	456
451	474
451	477
451	478
451	479
451	485
452	453
452	454
452	455
452	456
452	457
452	468
453	454
453	455
453	456
453	457
453	458
453	464
453	465
453	468
453	469
453	473
453	474
453	475
453	485
453	501
454	455
454	456
454	457
454	458
454	459
454	477
454	478
454	479
454	483
454	484
454	485
454	488
455	456
455	457
455	458
455	459
455	460
455	461
455	488
456	457
456	458
456	459
456	460
456	461
456	462
456	464
456	465
456	468
456	494
456	497
457	458
457	459
457	460
457	461
457	465
457	485
457	486
457	488
457	489
457	492
457	494
457	497
457	501
458	459
458	460
458	461
458	488
458	491
458	492
458	494
459	460
459	461
459	492
459	494
460	461
460	462
460	463
460	494
460	495
460	496
460	497
461	462
461	463
461	464
461	465
461	466
461	494
461	497
462	463
462	464
462	465
462	466
462	467
462	496
462	497
462	500
463	464
463	465
463	466
463	467
463	468
463	496
463	500
463	514
463	515
463	516
463	517
464	465
464	466
464	467
464	468
464	469
465	466
465	467
465	468
465	469
465	470
465	485
465	496
465	497
465	498
465	500
465	501
465	509
466	467
466	468
466	469
466	470
466	471
466	496
466	500
466	509
466	510
466	513
466	514
466	515
466	516
467	468
467	469
467	470
467	471
467	472
467	509
467	513
467	515
468	469
468	470
468	471
468	472
468	473
469	470
469	471
469	472
469	473
469	475
469	500
469	501
469	504
469	509
470	471
470	472
470	473
470	509
470	511
470	513
471	472
471	473
472	473
472	474
473	474
473	475
473	476
474	475
474	476
474	477
474	485
475	476
475	477
475	484
475	485
475	486
475	501
475	504
475	505
476	477
476	478
476	484
476	485
477	478
477	479
477	483
477	484
477	485
478	479
478	480
478	481
478	482
478	483
478	484
478	485
479	480
479	481
479	482
479	483
479	484
479	488
480	481
480	482
480	483
481	482
481	483
482	483
482	484
482	487
483	484
483	485
483	487
483	488
483	491
484	485
484	486
484	487
484	488
484	489
485	486
485	487
485	488
485	489
485	490
485	501
486	487
486	488
486	489
486	490
486	491
486	497
486	498
486	501
486	502
486	505
487	488
487	489
487	490
487	491
487	492
488	489
488	490
488	491
488	492
488	493
488	494
489	490
489	491
489	492
489	493
489	494
489	495
489	497
489	498
489	501
490	491
490	492
490	493
490	494
490	498
491	492
491	493
491	494
492	493
492	494
493	494
493	495
493	496
493	498
494	495
494	496
494	497
494	498
494	499
495	496
495	497
495	498
495	499
495	500
496	497
496	498
496	499
496	500
496	501
496	503
497	498
497	499
497	500
497	501
497	502
498	499
498	500
498	501
498	502
498	503
499	500
499	501
499	502
499	503
499	504
500	501
500	502
500	503
500	504
500	505
500	509
500	510
501	502
501	503
501	504
501	505
501	506
502	503
502	504
502	505
502	506
502	507
502	508
503	504
503	505
503	506
503	507
503	508
503	509
503	510
504	505
504	506
504	507
504	508
504	509
505	506
505	507
505	508
506	507
506	508
506	509
507	508
507	509
508	509
508	510
509	510
509	511
509	513
510	511
510	512
510	513
511	512
511	513
512	513
512	514
513	514
513	515
514	515
514	516
515	516
515	517
515	519
516	517
516	518
516	519
517	518
517	519
517	520
518	519
518	520
518	521
519	520
519	521
519	522
520	521
520	522
521	522
