2	3
2	4
3	4
3	5
4	5
4	6
5	6
5	7
5	22
6	7
6	8
7	8
7	9
7	10
7	15
7	16
7	18
7	19
7	22
8	9
8	10
8	11
8	15
9	10
9	11
9	12
9	13
9	14
9	15
9	16
10	11
10	12
10	15
10	16
10	17
10	19
11	12
11	13
11	15
11	16
12	13
12	14
12	15
12	16
12	17
13	14
13	15
13	16
13	17
13	18
14	15
14	16
14	17
14	18
14	19
15	16
15	17
15	18
15	19
15	20
16	17
16	18
16	19
16	20
16	21
17	18
17	19
17	20
17	21
17	22
18	19
18	20
18	21
18	22
18	23
19	20
19	21
19	22
19	23
19	24
20	21
20	22
20	23
20	24
20	25
21	22
21	23
21	24
21	25
21	26
22	23
22	24
22	25
22	26
23	24
23	25
23	26
24	25
24	26
25	26
