1	2
1	3
1	22
1	23
2	3
2	4
3	4
3	5
3	6
4	5
4	6
5	6
5	7
6	7
6	8
6	15
7	8
7	9
7	15
8	9
8	10
8	15
9	10
9	11
9	13
9	15
10	11
10	12
10	13
10	14
11	12
11	13
12	13
12	14
13	14
13	15
14	15
14	16
15	16
15	17
16	17
16	18
16	20
17	18
17	19
17	20
18	19
18	20
19	20
19	21
20	21
20	22
20	24
20	46
20	55
21	22
21	23
21	24
21	46
22	23
22	24
22	46
22	47
22	53
23	24
23	25
23	45
23	46
23	47
24	25
24	26
24	44
24	45
24	46
24	55
25	26
25	27
25	43
25	44
25	45
25	46
25	55
26	27
26	28
26	42
26	43
26	44
26	45
26	55
26	59
27	28
27	29
27	42
27	43
27	44
27	59
28	29
28	30
28	36
28	41
28	42
28	43
28	44
28	58
28	59
28	60
28	61
29	30
29	31
29	42
29	59
29	61
30	31
30	32
30	34
30	35
30	36
30	37
30	60
30	61
30	62
31	32
31	33
31	34
31	35
31	61
31	64
32	33
32	34
32	64
33	34
33	35
33	62
33	63
33	64
34	35
34	36
34	61
34	62
34	63
34	64
35	36
35	37
35	38
35	39
35	60
35	61
35	62
35	63
35	64
36	37
36	38
36	39
36	40
36	41
36	42
36	60
36	61
36	62
37	38
37	39
37	40
37	41
37	60
37	61
37	62
38	39
38	40
38	62
39	40
39	41
40	41
40	42
41	42
41	43
41	44
41	57
41	58
41	59
42	43
42	44
42	59
43	44
43	45
43	57
43	58
43	59
44	45
44	46
44	55
44	56
44	57
44	58
44	59
45	46
45	47
45	54
45	55
45	56
45	57
46	47
46	53
46	54
46	55
46	56
47	53
47	54
47	55
47	56
53	54
53	55
54	55
54	56
55	56
55	57
55	58
56	57
56	58
57	58
57	59
58	59
58	60
59	60
59	61
60	61
60	62
61	62
61	63
62	63
62	64
63	64
