21	22
21	23
21	26
21	27
21	30
22	23
22	24
22	26
22	27
23	24
23	25
23	26
23	27
23	28
24	25
24	26
24	27
24	28
24	29
25	26
25	27
25	28
25	29
25	30
26	27
26	28
26	29
26	30
26	31
27	28
27	29
27	30
27	31
27	32
27	45
28	29
28	30
28	31
28	32
28	33
29	30
29	31
29	32
29	33
29	34
30	31
30	32
30	33
30	34
30	35
30	42
30	43
31	32
31	33
31	34
31	35
31	36
31	39
31	42
31	43
32	33
32	34
32	35
32	36
32	37
32	43
33	34
33	35
33	36
33	37
33	38
33	39
34	35
34	36
34	37
34	38
34	39
34	40
34	42
34	43
35	36
35	37
35	38
35	39
35	40
35	43
36	37
36	38
36	39
37	38
37	39
38	39
38	40
38	41
39	40
39	41
39	42
39	43
39	44
40	41
40	42
40	43
40	44
40	45
41	42
41	43
41	44
41	45
42	43
42	44
42	45
43	44
43	45
44	45
