7	8
7	9
7	10
7	11
8	9
8	10
8	11
8	12
9	10
9	11
10	11
10	12
10	37
11	12
11	13
11	15
11	37
12	13
12	14
12	15
12	16
12	33
12	34
12	37
12	38
12	39
12	40
12	95
13	14
13	15
13	37
13	38
13	39
13	40
14	15
14	16
14	37
14	38
14	39
14	40
14	94
15	16
15	17
15	38
15	39
15	40
15	41
15	94
15	95
15	143
16	17
16	18
16	39
16	40
16	41
16	89
16	92
16	93
16	94
16	95
16	96
17	18
17	19
17	30
17	34
17	39
17	40
17	41
17	42
17	43
17	89
17	93
17	94
17	95
17	96
17	97
18	19
18	20
18	40
18	41
18	42
18	43
18	44
18	81
18	82
18	85
18	89
18	93
18	95
18	96
18	97
18	98
18	130
19	20
19	21
19	22
19	27
19	28
19	30
19	31
19	41
19	42
19	43
19	44
19	95
19	96
19	97
19	98
19	99
20	21
20	22
20	27
20	42
20	43
20	44
20	72
20	81
20	96
20	97
20	98
20	99
20	100
20	130
21	22
21	23
21	24
21	25
21	26
21	27
21	28
21	43
21	44
21	45
21	99
22	23
22	24
22	27
22	28
22	29
22	31
22	43
22	44
22	45
22	54
22	58
22	99
23	24
23	25
23	27
23	28
23	31
23	43
23	44
23	45
23	47
23	50
23	51
23	54
23	58
24	25
24	26
24	27
24	28
24	29
24	50
24	54
24	99
25	26
25	27
25	28
25	29
25	30
26	27
26	28
26	29
26	30
26	31
26	99
26	149
26	194
27	28
27	29
27	30
27	31
27	32
27	43
27	58
27	99
28	29
28	30
28	31
28	32
28	33
28	54
28	58
28	99
29	30
29	31
29	32
29	33
29	34
30	31
30	32
30	33
30	34
30	35
30	97
30	99
30	147
30	149
31	32
31	33
31	34
31	35
31	36
31	41
31	43
31	58
31	63
31	65
32	33
32	34
32	35
32	36
32	37
32	58
32	61
32	63
33	34
33	35
33	36
33	37
33	38
34	35
34	36
34	37
34	38
34	39
34	40
34	41
34	95
34	97
35	36
35	37
35	38
35	39
35	41
35	62
35	63
35	64
35	65
36	37
36	38
36	39
36	63
37	38
37	39
38	39
38	40
38	41
38	64
39	40
39	41
39	63
39	64
39	65
40	41
40	42
40	64
40	65
40	89
41	42
41	43
41	64
41	65
41	66
41	67
41	88
41	89
42	43
42	44
42	64
42	65
42	66
42	67
42	68
42	81
42	84
42	85
42	88
42	89
43	44
43	45
43	51
43	55
43	58
43	65
43	66
43	67
43	68
43	69
43	81
44	45
44	46
44	51
44	66
44	67
44	68
44	69
44	70
44	72
44	81
45	46
45	47
45	48
45	51
45	68
45	69
45	70
45	71
46	47
46	48
46	68
46	69
46	70
46	71
46	72
47	48
47	49
47	50
47	51
47	52
47	69
47	70
48	49
48	50
48	51
48	52
48	53
48	69
49	50
49	51
49	52
49	53
49	54
50	51
50	52
50	53
50	54
50	55
51	52
51	53
51	54
51	55
51	56
51	58
51	66
51	67
51	68
51	69
52	53
52	54
52	55
52	56
52	57
53	54
53	55
53	56
53	57
53	58
54	55
54	56
54	57
54	58
54	59
55	56
55	57
55	58
55	59
55	60
55	63
55	65
55	66
55	67
55	68
56	57
56	58
56	59
56	60
56	61
57	58
57	59
57	60
57	61
57	62
57	63
58	59
58	60
58	61
58	62
58	63
58	64
58	65
59	60
59	61
59	62
59	63
59	64
59	65
60	61
60	62
60	63
61	62
61	63
62	63
62	64
63	64
63	65
64	65
64	66
65	66
65	67
66	67
66	68
66	88
66	89
67	68
67	69
68	69
68	70
68	81
68	84
69	70
69	71
69	77
69	80
70	71
70	72
70	74
70	77
70	78
70	81
71	72
71	73
71	74
71	75
71	77
71	78
72	73
72	74
72	75
72	77
72	78
72	81
72	122
72	126
72	130
73	74
73	75
73	77
73	78
73	122
73	125
73	126
74	75
74	76
74	77
74	78
74	79
74	129
75	76
75	77
75	78
75	79
75	80
75	125
75	129
75	133
76	77
76	78
76	79
76	80
76	81
76	129
77	78
77	79
77	80
77	81
77	82
78	79
78	80
78	81
78	82
78	83
78	122
78	125
78	126
78	127
78	129
78	130
78	133
79	80
79	81
79	82
79	83
79	84
79	129
79	130
79	133
80	81
80	82
80	83
80	84
80	85
81	82
81	83
81	84
81	85
81	86
81	130
82	83
82	84
82	85
82	86
82	87
82	93
82	96
82	130
82	131
82	133
82	134
82	137
83	84
83	85
83	86
83	87
83	88
84	85
84	86
84	87
84	88
84	89
85	86
85	87
85	88
85	89
85	90
85	91
85	92
85	93
85	137
86	87
86	88
86	89
86	90
86	91
86	92
86	137
87	88
87	89
87	90
87	91
88	89
88	90
88	91
89	90
89	91
89	92
89	93
90	91
90	92
91	92
91	93
91	136
91	137
91	138
91	140
91	141
92	93
92	94
92	137
92	138
92	140
92	141
93	94
93	95
93	96
93	134
93	137
93	138
93	139
93	140
93	141
93	143
93	144
93	145
94	95
94	96
94	137
94	138
94	141
94	142
94	143
94	144
94	145
94	146
95	96
95	97
95	138
95	143
95	144
95	145
95	146
95	147
96	97
96	98
96	127
96	130
96	131
96	134
96	138
96	145
96	146
96	147
96	148
97	98
97	99
97	130
97	145
97	146
97	147
97	148
97	149
98	99
98	100
98	126
98	127
98	128
98	130
98	131
98	146
98	147
98	148
98	149
98	150
99	100
99	101
99	147
99	148
99	149
99	150
100	101
100	102
100	122
100	123
100	124
100	126
100	127
100	148
100	149
100	150
100	167
100	171
101	102
101	123
101	150
101	164
102	164
109	110
109	111
110	111
110	112
110	115
111	112
111	113
111	115
111	116
111	119
111	163
112	113
112	114
112	115
112	116
112	117
112	163
113	114
113	115
113	116
113	117
113	118
114	115
114	116
114	117
114	118
114	119
115	116
115	117
115	118
115	119
115	120
115	163
116	117
116	118
116	119
116	120
116	121
116	162
116	163
116	166
117	118
117	119
117	120
117	121
117	122
117	163
118	119
118	120
118	121
118	122
118	123
119	120
119	121
119	122
119	123
119	124
119	163
119	167
120	121
120	122
120	123
120	124
120	125
120	162
120	163
120	166
120	167
120	170
121	122
121	123
121	124
121	125
121	126
122	123
122	124
122	125
122	126
122	127
123	124
123	125
123	126
123	127
123	128
123	150
123	163
123	167
123	171
124	125
124	126
124	127
124	128
124	129
124	166
124	167
124	168
124	170
124	171
124	174
125	126
125	127
125	128
125	129
125	130
126	127
126	128
126	129
126	130
126	131
127	128
127	129
127	130
127	131
127	132
127	148
127	171
127	174
128	129
128	130
128	131
128	132
128	133
128	148
128	174
128	178
128	182
129	130
129	131
129	132
129	133
129	134
130	131
130	132
130	133
130	134
130	135
131	132
131	133
131	134
131	135
131	136
131	138
131	146
131	148
131	174
131	178
131	182
132	133
132	134
132	135
132	136
132	182
133	134
133	135
133	136
133	137
134	135
134	136
134	137
134	138
134	139
135	136
135	137
135	138
135	139
135	140
135	182
135	185
135	187
136	137
136	138
136	139
136	140
136	141
137	138
137	139
137	140
137	141
137	142
138	139
138	140
138	141
138	142
138	143
138	144
138	145
138	146
138	182
138	185
138	186
138	187
139	140
139	141
139	142
139	143
139	144
139	185
139	187
140	141
140	142
140	143
140	185
141	142
141	143
141	144
141	145
141	186
142	143
142	144
142	185
142	186
142	187
143	144
143	145
143	185
143	186
143	187
144	145
144	146
144	185
144	186
144	187
144	188
144	189
145	146
145	147
145	186
145	187
145	188
145	189
145	190
146	147
146	148
146	178
146	182
146	187
146	188
146	189
146	190
146	191
147	148
147	149
147	188
147	189
147	190
147	191
147	192
148	149
148	150
148	171
148	174
148	175
148	178
148	189
148	190
148	191
148	192
148	193
149	150
149	171
149	190
149	191
149	192
149	193
149	194
150	164
150	167
150	168
150	171
150	192
150	193
150	194
161	162
161	163
161	164
161	165
162	163
162	164
162	165
162	166
162	167
163	164
163	165
163	166
163	167
163	168
164	165
164	166
164	167
164	168
164	169
165	166
165	167
165	168
165	169
165	170
166	167
166	168
166	169
166	170
166	171
167	168
167	169
167	170
167	171
167	172
168	169
168	170
168	171
168	172
168	173
168	193
168	194
168	196
169	170
169	171
169	172
169	173
169	174
169	176
170	171
170	172
170	173
170	174
170	175
171	172
171	173
171	174
171	175
171	176
171	191
172	173
172	174
172	175
172	176
172	177
172	191
172	192
173	174
173	175
173	176
173	177
173	178
174	175
174	176
174	177
174	178
174	179
175	176
175	177
175	178
175	179
175	180
175	189
175	190
175	191
176	177
176	178
176	179
176	180
176	181
176	189
177	178
177	179
177	180
177	181
177	182
178	179
178	180
178	181
178	182
178	183
178	187
178	188
178	189
179	180
179	181
179	182
179	183
179	184
179	187
179	188
179	189
179	190
180	181
180	182
180	183
180	184
181	182
181	183
181	184
181	185
182	183
182	184
182	185
182	186
182	187
182	188
183	184
183	185
183	186
183	187
183	188
184	185
184	186
184	187
185	186
185	187
186	187
186	188
187	188
187	189
188	189
188	190
189	190
189	191
190	191
190	192
191	192
191	193
192	193
192	194
193	194
193	195
194	195
194	196
195	196
195	197
196	197
