7	8
7	9
7	10
7	11
8	9
8	10
8	11
8	12
9	10
9	11
10	11
10	12
11	12
11	13
11	15
12	13
12	14
12	15
12	16
12	33
12	34
13	14
13	15
14	15
14	16
15	16
15	17
16	17
16	18
17	18
17	19
17	30
17	34
18	19
18	20
19	20
19	21
19	22
19	27
19	28
19	30
19	31
20	21
20	22
20	27
21	22
21	23
21	24
21	25
21	26
21	27
21	28
22	23
22	24
22	27
22	28
22	29
22	31
23	24
23	25
23	27
23	28
23	31
24	25
24	26
24	27
24	28
24	29
25	26
25	27
25	28
25	29
25	30
26	27
26	28
26	29
26	30
26	31
27	28
27	29
27	30
27	31
27	32
28	29
28	30
28	31
28	32
28	33
29	30
29	31
29	32
29	33
29	34
30	31
30	32
30	33
30	34
30	35
31	32
31	33
31	34
31	35
31	36
32	33
32	34
32	35
32	36
33	34
33	35
33	36
34	35
34	36
35	36
