3	4
3	5
4	5
4	6
5	6
5	7
5	28
5	29
5	30
5	31
5	75
5	205
6	7
6	8
6	29
6	30
6	31
6	75
6	76
6	106
7	8
7	9
7	30
7	31
7	32
7	33
7	72
7	73
7	74
7	75
7	76
7	77
7	105
8	9
8	10
8	21
8	25
8	30
8	31
8	32
8	33
8	34
8	74
8	75
8	76
8	77
8	78
8	201
8	204
9	10
9	11
9	31
9	32
9	33
9	34
9	70
9	71
9	74
9	75
9	76
9	77
9	78
9	79
9	105
10	11
10	12
10	13
10	18
10	19
10	21
10	22
10	32
10	33
10	34
10	35
10	70
10	76
10	77
10	78
10	79
11	12
11	13
11	18
11	33
11	34
11	35
11	60
11	70
11	71
11	78
11	79
11	80
11	81
11	91
11	95
12	13
12	14
12	15
12	16
12	17
12	18
12	19
12	22
12	35
12	78
12	80
12	81
13	14
13	15
13	16
13	17
13	18
13	19
13	20
13	22
13	34
13	35
13	36
13	43
13	47
13	55
13	80
14	15
14	16
14	18
14	19
14	22
14	35
14	36
14	38
14	43
14	44
14	47
15	16
15	17
15	18
15	19
15	20
15	43
15	80
16	17
16	18
16	19
16	20
16	21
16	23
16	153
16	155
16	156
16	192
16	193
16	196
17	18
17	19
17	20
17	21
17	22
17	78
17	80
17	111
17	148
17	150
17	153
17	190
17	192
17	196
17	197
17	200
17	218
18	19
18	20
18	21
18	22
18	23
18	47
18	78
18	80
18	196
18	200
19	20
19	21
19	22
19	23
19	24
19	43
19	47
20	21
20	22
20	23
20	24
20	25
20	191
20	192
20	193
20	194
20	195
20	196
20	197
20	198
21	22
21	23
21	24
21	25
21	26
21	78
21	196
21	197
21	198
21	200
21	201
21	204
22	23
22	24
22	25
22	26
22	27
22	32
22	34
22	47
22	50
22	53
22	55
22	197
23	24
23	25
23	26
23	27
23	28
23	43
23	46
23	47
23	50
23	193
24	25
24	26
24	27
24	28
24	29
24	30
24	197
24	198
24	201
25	26
25	27
25	28
25	29
25	30
25	31
25	32
25	52
25	201
26	27
26	28
26	29
26	30
26	31
26	32
26	50
26	52
26	53
27	28
27	29
27	30
27	50
27	52
28	29
28	30
28	52
28	201
28	205
29	30
29	31
29	52
30	31
30	32
30	52
30	53
30	76
30	201
30	204
30	205
31	32
31	33
31	51
31	52
31	53
32	33
32	34
32	52
32	53
32	54
32	55
32	56
33	34
33	35
33	52
33	53
33	54
33	55
33	56
33	68
33	69
33	70
33	71
33	72
33	73
33	74
34	35
34	36
34	47
34	53
34	54
34	55
34	56
34	57
34	70
35	36
35	37
35	54
35	55
35	56
35	57
35	58
35	59
35	60
35	66
35	70
36	37
36	38
36	39
36	44
36	47
36	55
36	56
36	57
36	58
36	59
36	66
37	38
37	39
37	56
37	57
37	58
37	59
38	39
38	40
38	41
38	44
38	55
38	57
38	58
39	40
39	41
39	44
39	45
39	48
39	55
39	56
39	57
40	41
40	42
40	44
40	45
41	42
41	43
41	44
41	45
41	46
42	43
42	44
42	45
42	46
42	47
43	44
43	45
43	46
43	47
43	48
43	55
44	45
44	46
44	47
44	48
44	49
44	55
45	46
45	47
45	48
45	49
45	50
45	55
46	47
46	48
46	49
46	50
47	48
47	49
47	50
47	51
47	53
47	54
47	55
48	49
48	50
48	51
48	53
48	55
49	50
49	51
50	51
50	52
50	53
50	54
51	52
51	53
51	54
52	53
52	54
53	54
53	55
54	55
54	56
54	70
55	56
55	57
56	57
56	58
56	66
56	69
56	70
57	58
57	59
57	63
57	66
58	59
58	60
58	63
58	66
59	60
59	61
59	62
59	63
59	66
60	61
60	62
60	63
60	64
60	66
60	67
60	70
60	81
60	91
60	94
60	95
61	62
61	63
61	67
61	85
61	86
61	87
61	90
61	91
62	63
62	64
62	65
62	67
62	87
62	91
62	94
63	64
63	65
63	66
63	67
63	68
63	94
64	65
64	66
64	67
64	68
64	69
64	94
64	98
64	101
65	66
65	67
65	68
65	69
65	70
66	67
66	68
66	69
66	70
66	71
67	68
67	69
67	70
67	71
67	72
67	90
67	91
67	94
67	95
67	98
67	101
68	69
68	70
68	71
68	72
68	98
68	101
68	102
69	70
69	71
69	72
69	73
70	71
70	72
70	73
70	74
70	79
70	95
71	72
71	73
71	74
71	75
71	76
71	77
71	79
71	94
71	95
71	96
71	98
71	99
71	102
71	104
71	105
71	108
72	73
72	74
72	102
72	104
73	74
73	75
73	104
74	75
74	76
74	102
74	104
74	105
74	106
75	76
75	77
75	104
75	105
75	106
75	107
76	77
76	78
76	104
76	105
76	106
76	107
76	108
76	204
77	78
77	79
77	99
77	105
77	107
77	108
77	109
77	110
77	204
78	79
78	80
78	107
78	108
78	109
78	110
78	111
78	148
78	196
78	200
78	204
79	80
79	81
79	92
79	95
79	108
79	109
79	110
79	111
79	112
80	81
80	82
80	88
80	109
80	110
80	111
80	131
80	153
81	82
81	83
81	88
81	91
81	92
81	95
81	110
81	111
81	131
81	134
82	83
82	84
82	85
82	86
82	87
82	88
82	91
82	131
83	84
83	85
83	86
83	87
83	88
83	126
83	127
83	131
84	85
84	86
84	127
85	86
85	87
85	88
85	91
86	87
86	88
86	89
86	91
87	88
87	89
87	90
87	91
87	92
88	89
88	90
88	91
88	92
88	93
88	110
88	126
88	127
88	130
88	131
88	134
89	90
89	91
89	92
89	93
89	94
89	130
89	131
89	133
89	134
90	91
90	92
90	93
90	94
90	95
90	134
91	92
91	93
91	94
91	95
91	96
92	93
92	94
92	95
92	96
92	97
92	108
92	110
92	134
92	137
92	138
93	94
93	95
93	96
93	97
93	98
93	133
93	134
93	137
93	141
94	95
94	96
94	97
94	98
94	99
94	101
94	137
95	96
95	97
95	98
95	99
95	100
95	108
96	97
96	98
96	99
96	100
96	101
96	108
96	134
96	137
96	138
96	141
96	143
97	98
97	99
97	100
97	101
97	102
97	108
97	137
97	141
98	99
98	100
98	101
98	102
98	103
98	105
99	100
99	101
99	102
99	103
99	104
99	105
99	108
99	143
100	101
100	102
100	103
100	104
100	105
100	141
100	142
100	143
100	144
101	102
101	103
101	104
102	103
102	104
102	105
103	104
103	105
103	106
104	105
104	106
104	107
105	106
105	107
105	108
105	143
105	144
106	107
106	108
106	143
106	144
106	145
106	208
107	108
107	109
107	143
107	144
107	145
107	146
107	203
107	204
107	206
107	207
107	208
107	211
107	212
108	109
108	110
108	138
108	143
108	144
108	145
108	146
108	147
108	204
109	110
109	111
109	144
109	145
109	146
109	147
109	148
109	200
109	203
109	204
110	111
110	112
110	113
110	130
110	131
110	132
110	134
110	135
110	138
110	146
110	147
110	148
110	149
111	112
111	113
111	131
111	146
111	147
111	148
111	149
111	150
112	113
112	114
112	128
112	131
112	132
112	133
112	135
112	147
112	148
112	149
112	150
113	114
113	115
113	127
113	128
113	129
113	131
113	132
113	135
113	148
113	149
113	150
114	115
114	116
114	119
114	125
114	128
114	129
114	130
114	132
114	149
115	116
115	117
115	118
115	119
115	123
115	124
115	125
115	128
115	129
115	132
115	133
116	117
116	118
116	119
116	120
116	121
116	122
116	123
116	124
116	125
116	128
116	129
117	118
117	119
117	120
117	122
117	123
117	124
117	125
118	119
118	120
118	122
118	132
119	120
119	121
119	122
119	132
119	215
120	121
120	122
120	123
121	122
121	123
122	123
122	124
123	124
123	125
124	125
124	126
124	129
125	126
125	127
125	128
125	129
125	130
126	127
126	128
126	129
126	130
127	128
127	129
127	130
127	131
128	129
128	130
128	131
128	132
128	133
129	130
129	131
129	132
129	133
129	134
130	131
130	132
130	133
130	134
130	135
131	132
131	133
131	134
131	135
131	136
132	133
132	134
132	135
132	136
132	137
132	139
132	149
132	215
133	134
133	135
133	136
133	137
133	138
134	135
134	136
134	137
134	138
134	139
134	147
135	136
135	137
135	138
135	139
135	140
135	145
135	147
135	149
135	214
135	215
136	137
136	138
136	139
136	140
136	141
136	147
136	215
137	138
137	139
137	140
137	141
138	139
138	140
138	141
138	142
138	143
138	145
138	147
139	140
139	141
139	142
139	143
139	145
139	147
139	149
139	213
139	214
139	215
140	141
140	142
141	142
141	143
141	144
141	145
142	143
142	144
143	144
143	145
143	212
144	145
144	146
144	208
144	209
144	212
144	213
145	146
145	147
145	208
145	211
145	212
145	213
145	214
146	147
146	148
146	203
146	207
146	208
146	211
146	212
146	213
146	214
146	215
146	216
147	148
147	149
147	211
147	213
147	214
147	215
147	216
147	217
148	149
148	150
148	200
148	203
148	214
148	215
148	216
148	217
148	218
149	150
149	151
149	215
149	216
149	217
149	218
149	219
150	151
150	152
150	153
150	188
150	190
150	196
150	216
150	217
150	218
150	219
151	152
151	153
151	188
151	189
151	190
151	217
151	218
151	219
152	153
152	154
152	155
152	156
152	165
152	181
152	187
152	188
152	189
152	190
152	191
152	218
152	219
153	154
153	155
153	156
153	157
153	165
153	188
153	189
153	190
153	191
153	192
153	196
154	155
154	156
154	157
154	189
154	190
154	191
154	192
154	221
154	232
155	156
155	157
155	158
155	190
155	191
155	192
155	193
156	157
156	158
156	165
156	166
156	189
157	158
157	159
157	164
157	165
157	166
157	167
157	177
157	189
157	228
157	232
158	159
158	160
158	161
158	162
158	165
158	166
158	167
158	168
159	160
159	161
159	162
159	165
159	166
159	167
159	168
159	169
159	175
160	161
160	162
160	163
160	165
160	166
160	167
161	162
161	163
161	166
161	249
161	250
161	251
161	252
162	163
162	164
162	165
162	166
162	249
162	251
162	252
163	164
163	165
163	166
163	248
163	249
163	250
163	251
163	252
164	165
164	166
164	177
164	178
164	179
164	180
164	181
164	248
164	249
165	166
165	167
165	177
165	178
165	181
165	189
166	167
166	168
166	169
166	176
166	177
166	178
166	249
166	251
167	168
167	169
167	175
167	176
167	177
167	228
167	229
167	232
167	240
168	169
168	170
168	174
168	175
168	176
168	177
168	178
168	249
168	251
169	170
169	171
169	173
169	174
169	175
169	176
169	238
170	171
170	172
170	173
170	174
170	175
170	176
170	178
171	172
171	173
171	174
172	173
172	174
172	175
172	238
172	239
173	174
173	175
173	238
173	239
174	175
174	176
174	238
174	239
174	240
175	176
175	177
175	236
175	238
175	239
175	240
175	241
175	242
176	177
176	178
176	229
176	239
176	240
176	241
176	242
176	243
177	178
177	179
177	181
177	187
177	189
177	224
177	225
177	226
177	228
177	229
177	240
177	241
177	242
177	243
177	244
178	179
178	180
178	241
178	242
178	243
178	244
178	245
178	249
178	251
179	180
179	181
179	182
179	242
179	243
179	244
179	245
179	246
179	247
179	248
180	181
180	182
180	242
180	243
180	244
180	245
180	246
180	247
180	248
181	182
181	183
181	184
181	187
181	225
181	242
181	244
181	245
182	183
182	184
182	185
182	187
182	224
182	225
182	226
182	242
182	244
183	184
183	185
183	224
183	225
183	226
183	227
183	242
183	243
183	244
184	185
184	186
184	224
184	225
184	226
184	227
185	186
185	187
185	223
185	224
185	225
186	187
186	188
186	189
186	222
186	223
186	224
186	225
186	227
187	188
187	189
187	219
187	221
187	222
187	223
187	224
187	225
188	189
188	190
188	219
188	221
188	222
188	223
189	190
189	191
189	218
189	219
189	220
189	221
189	222
189	223
189	224
189	225
189	228
190	191
190	192
190	195
190	196
190	218
190	219
190	220
190	221
191	192
191	193
191	194
191	195
191	196
191	220
192	193
192	194
192	195
192	196
192	197
193	194
193	195
193	196
193	197
193	198
194	195
194	196
194	197
194	198
195	196
195	197
195	198
195	199
195	200
195	218
195	220
196	197
196	198
196	199
196	200
196	201
196	218
196	220
197	198
197	199
197	200
197	201
197	202
198	199
198	200
198	201
198	202
198	203
198	205
199	200
199	201
199	202
199	203
199	204
199	218
199	220
200	201
200	202
200	203
200	204
200	205
200	218
201	202
201	203
201	204
201	205
201	206
202	203
202	204
202	205
202	206
202	207
202	211
203	204
203	205
203	206
203	207
203	208
203	211
203	216
203	218
204	205
204	206
204	207
204	208
204	211
205	206
205	207
206	207
206	208
206	209
206	210
206	211
207	208
207	209
207	210
207	211
207	212
208	209
208	210
208	211
208	212
208	213
209	210
209	211
209	212
210	211
210	212
210	214
211	212
211	213
211	214
211	215
211	216
212	213
212	214
213	214
213	215
214	215
214	216
215	216
215	217
216	217
216	218
217	218
217	219
217	220
218	219
218	220
219	220
219	221
219	222
220	221
220	222
221	222
221	223
222	223
222	224
222	227
223	224
223	225
223	227
223	228
223	231
224	225
224	226
224	227
224	228
224	229
225	226
225	227
225	228
225	229
225	230
225	242
226	227
226	228
226	229
226	230
226	231
226	240
226	242
227	228
227	229
227	230
227	231
227	232
227	234
228	229
228	230
228	231
228	232
228	233
228	240
229	230
229	231
229	232
229	233
229	234
229	238
229	240
229	241
229	242
229	243
230	231
230	232
230	233
230	234
230	235
230	240
231	232
231	233
231	234
231	235
231	236
232	233
232	234
232	235
232	236
232	237
232	238
232	240
233	234
233	235
233	236
233	237
233	238
233	239
233	240
234	235
234	236
234	237
234	238
235	236
235	237
235	238
236	237
236	238
236	240
237	238
237	239
238	239
238	240
239	240
239	241
240	241
240	242
241	242
241	243
242	243
242	244
242	245
243	244
243	245
244	245
244	246
245	246
245	247
245	248
245	249
246	247
246	248
247	248
247	249
248	249
248	250
249	250
249	251
250	251
250	252
251	252
