496	497
496	498
496	499
496	506
496	507
496	542
496	545
497	498
497	499
497	506
498	499
498	500
498	501
498	502
498	503
498	504
498	505
498	506
499	500
499	501
499	502
499	503
499	504
499	505
499	506
500	501
500	502
500	503
500	504
500	505
500	506
500	592
501	502
501	503
501	504
502	503
502	504
502	505
503	504
503	505
504	505
504	506
505	506
505	507
505	508
505	545
505	546
505	547
506	507
506	508
506	512
506	546
507	508
507	509
507	510
507	511
507	512
507	513
507	515
507	542
507	543
507	546
508	509
508	510
508	511
508	512
509	510
509	511
509	512
510	511
510	512
510	513
510	514
510	515
511	512
511	513
511	514
511	515
511	516
511	543
512	513
512	514
512	515
512	516
512	517
512	543
512	546
512	549
513	514
513	515
513	516
513	517
513	518
513	546
513	548
513	549
513	552
514	515
514	516
514	517
514	518
514	519
514	543
515	516
515	517
515	518
515	519
515	520
515	540
515	543
516	517
516	518
516	519
516	520
516	521
516	540
516	543
516	549
517	518
517	519
517	520
517	521
517	522
517	543
518	519
518	520
518	521
518	522
518	523
519	520
519	521
519	522
519	523
519	524
519	535
519	536
519	537
519	539
519	540
519	543
520	521
520	522
520	523
520	524
520	525
520	536
520	540
520	553
520	556
520	558
520	559
521	522
521	523
521	524
521	525
521	526
522	523
522	524
522	525
522	526
522	528
522	532
522	533
522	536
523	524
523	525
523	526
523	532
523	533
523	534
523	536
523	537
523	540
523	553
523	558
523	559
523	560
523	562
523	563
523	566
524	525
524	526
524	527
524	533
524	556
524	558
524	559
524	562
525	526
525	527
525	528
525	529
525	532
525	533
526	527
526	528
526	529
526	533
527	528
527	529
528	529
528	530
528	532
528	533
529	530
529	531
529	533
530	531
530	532
530	533
530	534
530	566
531	532
531	533
531	534
531	535
531	536
531	573
532	533
532	534
532	535
532	536
532	537
533	534
533	535
533	536
533	537
533	538
533	562
533	563
533	565
533	566
534	535
534	536
534	537
534	538
534	539
534	566
534	573
534	574
534	577
535	536
535	537
535	538
535	539
535	540
536	537
536	538
536	539
536	540
536	541
537	538
537	539
537	540
537	541
537	542
537	563
537	566
537	574
537	576
537	577
537	578
537	581
538	539
538	540
538	541
538	542
538	543
538	573
538	574
538	576
538	577
538	578
538	581
539	540
539	541
539	542
539	543
539	544
539	581
540	541
540	542
540	543
540	544
540	545
540	553
540	559
540	563
540	577
540	580
540	581
540	584
541	542
541	543
541	544
541	545
541	576
541	577
541	578
541	580
541	581
541	584
542	543
542	544
542	545
542	546
542	576
542	580
542	581
542	584
543	544
543	545
543	546
543	547
543	549
543	550
543	584
544	545
544	546
544	547
544	549
544	550
544	553
544	580
544	581
544	582
544	584
544	585
544	589
545	546
545	547
545	549
545	550
545	584
545	589
546	547
546	548
546	549
546	550
546	551
547	548
547	549
547	550
547	551
547	552
547	624
548	549
548	550
548	551
548	552
548	553
549	550
549	551
549	552
549	553
549	554
549	585
550	551
550	552
550	553
550	554
550	555
550	584
550	585
550	586
550	587
550	589
550	624
551	552
551	553
551	554
551	555
551	556
551	585
551	620
551	621
551	624
552	553
552	554
552	555
552	556
553	554
553	555
553	556
553	557
553	559
553	560
553	563
553	581
553	585
554	555
554	556
554	557
554	560
554	585
554	623
554	624
554	625
554	627
554	628
555	556
555	557
555	558
555	560
556	557
556	558
556	559
556	560
556	561
557	558
557	559
557	560
557	561
557	562
557	627
557	631
558	559
558	560
558	561
558	562
558	563
559	560
559	561
559	562
559	563
559	564
560	561
560	562
560	563
560	564
560	565
560	582
560	585
560	627
560	628
560	631
561	562
561	563
561	564
561	565
561	566
561	568
561	631
562	563
562	564
562	565
562	566
562	567
563	564
563	565
563	566
563	567
563	568
563	577
563	578
563	581
563	582
563	585
564	565
564	566
564	567
564	568
564	569
564	578
564	582
564	627
564	628
564	629
564	631
564	632
564	633
564	636
565	566
565	567
565	568
565	569
565	570
566	567
566	568
566	569
566	570
566	571
566	574
566	578
566	640
567	568
567	569
567	570
567	571
567	574
567	578
567	579
567	582
567	636
567	637
567	639
567	640
568	569
568	570
568	571
568	631
568	632
568	633
568	635
568	636
568	637
568	639
568	640
569	570
569	571
569	572
569	639
570	571
570	572
570	573
570	639
570	640
570	642
571	572
571	573
571	574
571	575
571	640
572	573
572	574
572	575
572	576
572	639
572	640
572	641
572	642
572	643
572	644
572	648
573	574
573	575
573	576
573	577
574	575
574	576
574	577
574	578
574	579
574	640
575	576
575	577
575	578
575	579
575	580
575	640
575	641
575	643
575	648
575	649
575	651
575	652
576	577
576	578
576	579
576	580
576	581
576	648
576	651
577	578
577	579
577	580
577	581
577	582
578	579
578	580
578	581
578	582
578	583
578	637
578	640
579	580
579	581
579	582
579	583
579	584
579	637
579	640
579	648
579	651
579	652
579	655
580	581
580	582
580	583
580	584
580	585
580	651
581	582
581	583
581	584
581	585
581	586
582	583
582	584
582	585
582	586
582	587
582	588
582	628
582	633
582	636
582	637
582	655
583	584
583	585
583	586
583	587
583	588
583	589
583	650
583	651
583	652
583	654
583	655
584	585
584	586
584	587
584	588
584	589
584	624
585	586
585	587
585	588
585	589
585	621
585	624
585	625
585	628
586	587
586	588
586	589
586	613
586	621
586	624
586	625
586	628
586	633
586	654
586	655
586	658
586	659
587	588
587	589
587	613
587	617
587	621
587	624
588	589
588	590
588	613
588	654
588	655
588	658
588	692
589	590
589	591
589	654
590	591
590	592
590	593
590	650
590	654
590	688
590	692
591	592
591	593
591	611
591	612
591	654
592	593
592	594
593	594
593	595
593	688
593	691
593	729
594	595
594	596
595	596
595	597
596	597
596	598
596	599
596	602
597	598
597	599
598	599
598	600
598	601
598	602
599	600
599	601
599	602
599	603
599	728
599	729
599	767
600	601
600	602
600	603
600	604
600	728
600	767
600	771
601	602
601	603
601	604
601	606
601	771
602	603
602	604
602	606
602	728
602	771
602	773
603	604
603	605
603	606
603	727
603	728
603	729
603	730
603	731
603	732
603	735
603	767
603	768
603	771
603	772
603	773
603	776
604	605
604	606
604	770
604	771
604	772
604	773
605	606
605	607
605	771
605	772
605	773
605	774
606	607
606	608
606	772
606	773
606	774
606	775
607	608
607	609
607	772
607	773
607	774
607	775
608	609
608	610
608	611
608	732
608	773
608	774
608	775
609	610
609	611
609	732
609	733
609	736
609	773
609	775
609	776
610	611
610	612
610	732
610	733
611	612
611	613
611	614
611	615
611	733
612	613
612	614
612	657
612	661
612	695
612	699
612	733
613	614
613	615
613	617
613	618
613	621
613	622
613	625
614	615
614	616
614	617
614	618
615	616
615	617
615	618
615	619
616	617
616	618
616	619
616	620
617	618
617	619
617	620
617	621
617	622
617	624
618	619
618	620
618	621
618	622
618	623
619	620
619	621
619	622
619	623
619	624
620	621
620	622
620	623
620	624
620	625
621	622
621	623
621	624
621	625
621	626
621	662
622	623
622	624
622	625
622	626
622	627
622	662
623	624
623	625
623	626
623	627
623	628
623	662
624	625
624	626
624	627
624	628
624	629
625	626
625	627
625	628
625	629
625	630
625	633
625	655
625	658
625	659
625	660
625	662
625	665
626	627
626	628
626	629
626	630
626	631
626	662
626	664
626	665
627	628
627	629
627	630
627	631
627	632
628	629
628	630
628	631
628	632
628	633
628	634
628	655
628	659
629	630
629	631
629	632
629	633
629	634
629	659
629	665
629	668
629	672
630	631
630	632
630	633
630	665
630	668
630	672
631	632
631	633
631	635
631	636
631	668
631	672
632	633
632	634
632	635
632	636
632	637
632	668
632	672
633	634
633	635
633	636
633	637
633	638
633	655
633	656
633	659
633	672
634	635
634	636
634	637
634	638
634	639
634	656
634	659
634	668
634	669
634	670
634	672
634	673
634	674
635	636
635	637
635	638
635	639
635	640
635	672
635	673
636	637
636	638
636	639
636	640
636	641
636	672
637	638
637	639
637	640
637	641
637	642
637	651
637	652
637	653
637	655
637	656
637	681
638	639
638	640
638	641
638	642
638	652
638	656
638	672
638	673
638	674
638	677
639	640
639	641
639	642
639	643
640	641
640	642
640	643
640	652
641	642
641	643
641	644
641	649
641	652
641	677
641	680
641	681
642	643
642	644
642	652
642	680
643	644
643	645
643	648
643	649
643	652
643	680
644	645
644	646
644	649
644	680
645	646
645	647
645	648
645	649
645	650
646	647
646	648
646	649
646	650
646	651
646	684
646	685
646	686
646	689
647	648
647	649
647	650
647	651
647	652
647	686
648	649
648	650
648	651
648	652
648	653
648	681
649	650
649	651
649	652
649	653
649	654
649	680
649	681
649	684
649	685
649	686
649	689
650	651
650	652
650	653
650	654
650	655
650	681
650	686
650	687
650	688
650	689
650	690
650	692
651	652
651	653
651	654
651	655
651	656
652	653
652	654
652	655
652	656
652	657
652	678
652	681
653	654
653	655
653	656
653	657
653	658
653	678
653	681
653	689
653	690
653	692
653	693
653	696
654	655
654	656
654	657
654	658
654	659
654	688
654	689
654	692
654	693
655	656
655	657
655	658
655	659
655	660
656	657
656	658
656	659
656	660
656	661
656	669
656	674
656	677
656	678
656	681
656	696
657	658
657	659
657	660
657	661
657	662
657	678
657	691
657	692
657	693
657	695
657	696
657	697
657	699
658	659
658	660
658	661
658	662
658	665
658	696
658	699
659	660
659	661
659	662
659	663
659	665
659	666
659	669
659	699
660	661
660	662
660	663
660	665
660	666
660	669
660	678
660	695
660	696
660	697
660	699
660	700
661	662
661	663
661	666
661	699
661	737
662	663
662	664
662	665
662	666
662	699
663	664
663	665
663	666
663	667
663	703
664	665
664	666
664	667
664	668
665	666
665	667
665	668
665	669
665	670
666	667
666	668
666	669
666	670
666	671
666	696
666	699
666	700
666	701
666	702
666	703
666	704
666	737
667	668
667	669
667	670
667	671
667	672
667	703
667	704
668	669
668	670
668	671
668	672
668	673
668	674
669	670
669	671
669	672
669	673
669	674
669	675
669	678
669	700
670	671
670	672
670	673
670	674
670	675
670	700
670	704
670	708
670	709
671	672
671	673
671	674
672	673
672	674
673	674
673	675
673	676
673	677
673	678
674	675
674	676
674	677
674	678
674	679
674	697
674	700
675	676
675	677
675	678
675	679
675	680
675	697
675	700
675	709
675	710
675	714
676	677
676	678
676	679
676	680
676	681
676	714
677	678
677	679
677	680
677	681
677	682
678	679
678	680
678	681
678	682
678	683
678	692
678	693
678	694
678	696
678	697
678	700
679	680
679	681
679	682
679	683
679	684
679	693
679	697
679	710
679	713
679	714
679	715
679	717
679	718
679	721
680	681
680	682
680	683
680	684
680	685
681	682
681	683
681	684
681	685
681	686
681	689
681	690
681	691
681	693
681	694
682	683
682	684
682	685
682	689
682	690
682	691
682	693
682	694
682	697
682	721
683	684
683	685
683	690
683	694
683	717
683	718
683	720
683	721
684	685
684	686
684	690
685	686
685	687
685	689
685	690
686	687
686	688
686	689
686	690
686	691
687	688
687	689
687	690
687	691
687	692
688	689
688	690
688	691
688	692
688	693
689	690
689	691
689	692
689	693
689	694
690	691
690	692
690	693
690	694
690	695
690	725
691	692
691	693
691	694
691	695
691	696
691	725
691	727
691	729
691	730
691	731
691	734
692	693
692	694
692	695
692	696
692	697
692	734
693	694
693	695
693	696
693	697
693	698
694	695
694	696
694	697
694	698
694	699
694	718
694	721
694	722
694	723
694	725
695	696
695	697
695	698
695	699
695	700
695	722
695	725
695	731
695	733
695	734
695	737
696	697
696	698
696	699
696	700
696	701
697	698
697	699
697	700
697	701
697	702
697	710
697	718
697	721
697	722
697	741
698	699
698	700
698	701
698	702
698	703
698	710
698	722
698	725
698	734
698	737
698	738
698	741
699	700
699	701
699	702
699	703
699	704
699	733
699	737
699	741
700	701
700	702
700	703
700	704
700	705
700	709
700	710
701	702
701	703
701	704
701	705
701	706
701	709
701	710
701	740
701	741
701	744
702	703
702	704
702	705
702	736
702	737
702	738
702	740
702	741
702	744
703	704
703	705
703	744
704	705
704	706
704	707
704	708
704	709
704	710
704	744
705	706
705	707
705	708
705	709
705	710
705	744
706	707
706	708
706	709
706	710
706	711
706	715
706	741
706	744
706	745
706	747
706	748
707	708
707	709
707	710
707	711
707	744
707	747
707	748
708	709
708	710
708	711
708	714
709	710
709	711
709	714
710	711
710	712
710	713
710	714
710	715
710	716
710	718
710	745
710	748
711	712
711	713
711	714
711	715
712	713
712	714
712	715
712	716
712	717
712	752
713	714
713	715
713	716
713	717
713	718
713	755
714	715
714	716
714	717
714	718
714	719
714	745
715	716
715	717
715	718
715	719
715	745
715	748
715	749
715	752
715	755
716	717
716	718
716	719
716	720
716	745
716	749
716	751
716	752
716	753
716	755
717	718
717	719
717	720
717	721
717	755
718	719
718	720
718	721
718	722
718	723
718	745
719	720
719	721
719	722
719	723
719	724
719	742
719	745
719	752
719	755
719	756
719	759
720	721
720	722
720	723
720	724
720	725
720	755
720	759
720	764
721	722
721	723
721	724
721	725
721	726
721	738
722	723
722	724
722	725
722	726
722	737
722	738
722	741
722	742
722	745
723	724
723	725
723	726
723	727
723	738
723	742
723	755
723	756
723	759
723	760
723	761
723	762
723	764
723	765
724	725
724	726
724	727
724	730
724	738
724	764
725	726
725	727
725	730
725	731
725	734
725	735
725	736
725	738
725	768
726	727
726	728
726	730
726	734
726	735
726	736
726	738
726	739
726	742
726	761
726	764
726	765
726	767
726	768
727	728
727	729
727	730
727	731
727	735
727	768
728	729
728	730
728	731
728	735
728	767
728	768
729	730
729	731
729	734
730	731
730	732
730	734
730	735
731	732
731	733
731	734
731	735
731	736
732	733
732	734
732	735
732	736
732	737
732	773
732	776
733	734
733	735
733	736
733	737
733	738
733	776
734	735
734	736
734	737
734	738
734	739
735	736
735	737
735	738
735	739
735	740
735	768
735	776
735	779
736	737
736	738
736	739
736	740
736	741
736	775
736	776
736	778
736	779
737	738
737	739
737	740
737	741
737	742
738	739
738	740
738	741
738	742
738	743
739	740
739	741
739	742
739	743
739	744
739	764
739	765
739	768
739	775
739	776
739	777
739	779
739	780
739	783
740	741
740	742
740	743
740	744
740	745
740	779
740	782
741	742
741	743
741	744
741	745
741	746
742	743
742	744
742	745
742	746
742	747
742	756
742	765
742	783
743	744
743	745
743	746
743	747
743	748
743	779
743	780
743	782
743	783
743	784
743	786
744	745
744	746
744	747
744	748
744	786
745	746
745	747
745	748
745	749
745	752
745	753
745	756
746	747
746	748
746	749
746	752
746	753
746	756
746	783
746	786
746	787
746	789
747	748
747	749
747	752
747	753
747	786
747	789
748	749
748	750
748	752
748	753
749	750
749	751
749	752
749	753
749	754
750	751
750	752
750	753
750	754
750	755
750	757
750	787
750	789
750	790
750	791
750	792
751	752
751	753
751	754
751	755
751	756
752	753
752	754
752	755
752	756
752	757
753	754
753	755
753	756
753	757
753	758
753	786
753	787
753	788
753	789
753	790
753	793
754	755
754	756
754	757
754	758
754	759
754	790
754	792
755	756
755	757
755	758
755	759
755	760
755	761
756	757
756	758
756	759
756	760
756	761
756	762
756	765
756	783
756	787
757	758
757	759
757	760
757	761
757	762
757	787
757	790
757	792
757	793
757	796
758	759
758	760
758	761
759	760
759	761
759	762
759	764
760	761
760	762
760	763
760	764
760	765
761	762
761	763
761	764
761	765
761	766
761	787
762	763
762	764
762	765
762	766
762	767
762	784
762	787
762	793
762	796
762	797
762	803
763	764
763	765
763	766
763	767
763	768
763	803
764	765
764	766
764	767
764	768
765	766
765	767
765	768
765	769
765	779
765	780
765	781
765	783
765	784
765	787
766	767
766	768
766	769
766	770
766	780
766	784
766	797
766	803
767	768
767	769
767	770
767	771
768	769
768	770
768	771
768	772
768	773
768	776
768	777
768	780
769	770
769	771
769	772
769	776
769	777
769	780
769	781
769	782
769	784
769	807
769	810
769	818
769	822
770	771
770	772
770	773
770	777
770	806
770	810
771	772
771	773
771	776
771	777
772	773
772	774
772	777
772	813
773	774
773	775
773	776
773	777
773	778
773	818
774	775
774	776
774	777
774	778
774	779
774	815
774	818
775	776
775	777
775	778
775	779
775	780
776	777
776	778
776	779
776	780
776	781
777	778
777	779
777	780
777	781
777	782
777	810
777	813
777	818
778	779
778	780
778	781
778	782
778	783
778	815
778	817
778	818
778	821
779	780
779	781
779	782
779	783
779	784
779	818
780	781
780	782
780	783
780	784
780	785
781	782
781	783
781	784
781	785
781	786
781	817
781	818
781	821
781	822
781	825
782	783
782	784
782	785
782	786
782	787
782	817
782	818
782	821
782	822
783	784
783	785
783	786
783	787
783	788
783	821
784	785
784	786
784	787
784	788
784	789
784	793
784	797
784	807
784	825
785	786
785	787
785	788
785	789
785	820
785	821
785	822
785	824
785	825
785	828
786	787
786	788
786	789
786	790
787	788
787	789
787	790
787	791
787	793
787	794
788	789
788	790
788	791
788	793
788	794
788	797
788	807
788	824
788	825
788	826
788	828
788	829
789	790
789	791
789	793
789	794
789	828
790	791
790	792
790	793
790	794
790	795
791	792
791	793
791	794
791	795
791	796
792	793
792	794
792	795
792	796
792	797
793	794
793	795
793	796
793	797
793	798
794	795
794	796
794	797
794	798
794	799
794	828
794	829
794	832
794	833
794	836
795	796
795	797
795	798
795	799
796	797
796	798
796	799
796	800
796	801
796	803
797	798
797	799
797	801
797	803
797	804
797	807
797	829
797	836
797	839
798	799
798	800
798	801
798	804
798	832
798	833
798	834
798	835
798	836
798	839
799	800
799	801
799	839
800	801
800	802
800	839
801	802
801	803
801	804
801	805
801	839
802	803
802	804
802	805
802	806
802	807
803	804
803	805
803	806
803	807
803	808
804	805
804	806
804	807
804	808
804	809
804	826
804	829
804	836
804	839
804	840
804	843
805	806
805	807
805	808
805	809
805	810
805	839
805	843
805	844
805	849
806	807
806	808
806	809
806	810
806	811
806	822
806	843
807	808
807	809
807	810
807	811
807	821
807	822
807	823
807	825
807	826
807	829
808	809
808	810
808	811
808	812
808	826
808	840
808	843
808	849
809	810
809	811
809	812
809	813
809	843
809	844
809	849
810	811
810	812
810	813
810	818
810	819
810	822
811	812
811	813
811	819
811	822
811	823
811	824
811	826
811	849
811	852
811	853
811	856
811	861
811	868
812	813
812	814
812	819
812	848
812	849
812	850
812	852
812	853
812	856
813	814
813	815
813	816
813	818
813	819
814	815
814	816
814	819
815	816
815	817
815	818
815	819
815	820
816	817
816	818
816	819
816	820
816	821
816	858
816	859
816	860
816	861
817	818
817	819
817	820
817	821
817	822
818	819
818	820
818	821
818	822
818	823
819	820
819	821
819	822
819	823
819	824
819	856
819	861
819	864
820	821
820	822
820	823
820	824
820	825
820	858
820	860
820	861
820	864
821	822
821	823
821	824
821	825
821	826
821	864
822	823
822	824
822	825
822	826
822	827
822	868
823	824
823	825
823	826
823	827
823	828
823	853
823	860
823	861
823	864
823	865
823	868
824	825
824	826
824	827
824	828
824	829
824	864
824	868
825	826
825	827
825	828
825	829
825	830
825	864
826	827
826	828
826	829
826	830
826	831
826	836
826	840
826	853
826	868
826	871
827	828
827	829
827	830
827	831
827	832
827	864
827	867
827	868
827	871
828	829
828	830
828	831
828	832
828	833
828	868
828	871
829	830
829	831
829	832
829	833
829	834
829	836
829	837
829	871
830	831
830	832
830	833
830	834
830	836
830	837
830	840
830	867
830	868
830	869
830	871
830	872
830	875
831	832
831	833
831	837
831	871
832	833
832	834
832	871
833	834
833	835
833	836
833	837
833	838
833	875
834	835
834	836
834	837
834	838
834	839
834	875
834	876
834	879
835	836
835	837
835	838
835	839
835	840
836	837
836	838
836	839
836	840
836	841
837	838
837	839
837	840
837	841
837	842
837	868
837	871
837	872
837	875
837	879
838	839
838	840
838	841
838	842
838	843
838	879
839	840
839	841
839	842
839	843
840	841
840	842
840	843
840	844
840	846
840	850
840	868
840	872
841	842
841	843
841	844
841	846
841	850
841	872
841	878
841	879
841	880
841	882
841	883
842	843
842	844
842	846
843	844
843	845
843	846
843	847
843	849
844	845
844	846
844	849
845	846
845	847
845	848
845	849
845	850
846	847
846	848
846	849
846	850
846	851
846	882
846	883
847	848
847	849
847	850
847	851
847	852
848	849
848	850
848	851
848	852
848	853
849	850
849	851
849	852
849	853
849	854
850	851
850	852
850	853
850	854
850	855
850	865
850	868
850	869
850	872
850	883
851	852
851	853
851	854
851	855
851	856
852	853
852	854
852	855
852	856
852	857
852	861
853	854
853	855
853	856
853	861
853	862
853	863
853	864
853	865
853	866
853	868
853	869
854	855
854	856
854	862
854	865
854	866
854	869
855	856
855	857
855	858
855	862
856	857
856	858
856	859
856	861
856	862
857	858
857	859
857	860
857	862
858	859
858	860
858	861
858	862
858	863
859	860
859	861
859	862
859	863
859	864
860	861
860	862
860	863
860	864
860	865
861	862
861	863
861	864
861	865
861	866
862	863
862	864
862	865
862	866
862	867
863	864
863	865
863	866
863	867
863	868
864	865
864	866
864	867
864	868
864	869
865	866
865	867
865	868
865	869
865	870
866	867
866	868
866	869
866	870
866	871
867	868
867	869
867	870
867	871
867	872
868	869
868	870
868	871
868	872
868	873
869	870
869	871
869	872
869	873
869	874
869	883
870	871
870	872
870	873
870	874
870	875
871	872
871	873
871	874
871	875
871	876
872	873
872	874
872	875
872	876
872	879
872	880
872	883
873	874
873	875
873	876
873	877
873	879
873	880
873	883
873	884
874	875
874	876
874	880
875	876
875	877
875	879
876	877
876	878
876	879
876	880
876	881
877	878
877	879
877	880
877	881
877	882
877	884
878	879
878	880
878	881
878	882
878	883
879	880
879	881
879	882
879	883
879	884
880	881
880	882
880	883
880	884
880	885
881	882
881	883
881	884
881	885
882	883
882	884
882	885
883	884
883	885
884	885
