163	164
163	165
164	165
164	166
165	166
165	167
165	168
165	169
165	170
166	167
166	168
166	169
166	170
166	171
167	168
167	169
167	170
167	171
167	172
168	169
168	170
168	171
168	172
168	173
169	170
169	171
169	172
169	173
170	171
170	172
170	173
170	174
170	211
171	172
171	173
171	174
171	175
171	176
172	173
172	174
172	175
172	176
172	177
173	174
173	175
173	176
173	177
173	178
173	205
173	209
173	211
174	175
174	176
174	177
174	178
174	179
174	210
174	211
174	212
174	213
174	214
175	176
175	177
175	178
175	179
175	180
175	211
175	214
176	177
176	178
176	179
176	180
176	181
177	178
177	179
177	180
177	181
177	182
177	184
177	202
177	205
177	206
177	209
177	211
177	214
177	218
178	179
178	180
178	181
178	182
178	183
178	213
178	214
178	217
179	180
179	181
179	182
179	183
179	184
179	214
180	181
180	182
180	183
180	184
180	185
180	191
181	182
181	183
181	184
181	185
181	186
181	214
181	217
181	218
181	221
182	183
182	184
182	185
182	186
182	187
182	213
182	217
183	184
183	185
183	186
183	187
183	188
183	189
183	217
184	185
184	186
184	187
184	188
184	189
184	190
184	191
184	192
184	193
184	202
184	218
184	221
184	223
185	186
185	187
185	188
185	189
185	190
185	217
185	220
185	221
186	187
186	188
186	189
187	188
187	189
187	190
188	189
188	190
189	190
189	191
190	191
190	192
190	218
190	221
190	222
190	223
191	192
191	193
192	193
192	194
192	200
192	201
192	202
192	203
192	223
193	194
193	195
193	196
193	200
194	195
194	196
194	199
194	200
194	201
194	223
194	227
194	228
194	229
194	230
195	196
195	197
195	198
195	199
195	200
195	201
195	230
196	197
196	198
196	199
196	230
197	198
197	199
197	200
197	230
198	199
198	200
198	229
198	230
198	231
199	200
199	201
199	204
199	227
199	228
199	229
199	230
200	201
200	202
200	204
200	228
200	229
200	230
201	202
201	203
201	204
201	205
201	206
201	223
201	227
201	228
201	229
202	203
202	204
202	205
202	206
202	207
202	214
202	215
202	218
202	223
203	204
203	205
203	206
203	207
203	208
203	215
203	218
203	219
203	223
203	224
203	225
203	226
203	227
204	205
204	206
204	207
204	208
204	209
204	215
204	227
204	228
204	229
205	206
205	207
205	208
205	209
205	210
205	211
206	207
206	208
206	209
206	210
206	211
206	212
206	214
206	215
206	218
207	208
207	209
207	210
207	211
207	215
208	209
208	210
208	211
209	210
209	211
210	211
210	212
210	213
211	212
211	213
211	214
211	215
211	216
212	213
212	214
212	215
212	216
212	217
213	214
213	215
213	216
213	217
213	218
214	215
214	216
214	217
214	218
214	219
215	216
215	217
215	218
215	219
215	220
216	217
216	218
216	219
216	220
216	221
217	218
217	219
217	220
217	221
217	222
218	219
218	220
218	221
218	222
218	223
219	220
219	221
219	222
219	223
219	225
220	221
220	222
220	223
221	222
221	223
222	223
222	224
223	224
223	225
223	226
223	227
224	225
224	226
224	227
225	226
225	227
226	227
226	228
227	228
227	229
228	229
228	230
228	231
228	232
229	230
229	231
229	232
230	231
230	232
231	232
