172	173
172	174
172	175
172	176
172	208
172	211
172	212
173	174
173	175
173	176
173	177
173	211
173	212
173	215
174	175
174	176
174	177
174	178
174	212
175	176
175	177
175	178
175	179
175	180
175	182
175	208
175	212
176	177
176	178
176	179
176	180
176	208
176	209
176	212
177	178
177	179
177	180
177	181
178	179
178	180
178	181
178	182
178	183
178	208
179	180
179	181
179	182
179	183
179	184
179	204
179	205
179	206
179	208
179	209
180	181
180	182
180	183
180	184
180	185
181	182
181	183
181	184
181	185
181	186
182	183
182	184
182	185
182	186
182	187
182	200
182	201
182	202
182	204
182	205
182	208
183	184
183	185
183	186
183	187
183	188
183	201
183	202
183	205
184	185
184	186
184	187
184	188
184	189
185	186
185	187
185	188
185	189
185	190
185	192
185	198
185	201
186	187
186	188
186	189
186	190
186	191
186	194
186	197
186	198
186	201
186	202
187	188
187	189
187	190
187	191
187	192
187	198
187	202
188	189
188	190
188	191
188	192
188	193
188	194
188	202
189	190
189	191
189	192
189	193
189	194
189	195
189	197
189	198
189	201
190	191
190	192
190	193
190	194
190	195
190	198
190	202
191	192
191	193
191	194
192	193
192	194
193	194
193	195
193	196
194	195
194	196
194	197
194	198
194	199
195	196
195	197
195	198
195	199
195	200
196	197
196	198
196	199
196	200
196	201
197	198
197	199
197	200
197	201
197	202
198	199
198	200
198	201
198	202
198	203
199	200
199	201
199	202
199	203
199	204
200	201
200	202
200	203
200	204
200	205
201	202
201	203
201	204
201	205
201	206
202	203
202	204
202	205
202	206
202	207
203	204
203	205
203	206
203	207
203	208
204	205
204	206
204	207
204	208
204	209
205	206
205	207
205	208
205	209
205	210
206	207
206	208
206	209
206	210
206	211
207	208
207	209
207	210
207	211
207	212
208	209
208	210
208	211
208	212
208	213
209	210
209	211
209	212
209	213
209	214
210	211
210	212
210	213
210	214
210	215
211	212
211	213
211	214
211	215
212	213
212	214
212	215
212	216
213	214
213	215
213	216
213	217
213	218
214	215
214	216
214	217
215	216
215	217
216	217
216	218
216	220
217	218
217	219
217	220
217	221
218	219
218	220
219	220
219	221
220	221
