131	132
131	133
131	135
131	165
131	166
131	167
131	170
132	133
132	134
132	135
132	136
132	166
132	170
133	134
133	135
133	136
133	137
133	170
133	173
134	135
134	136
134	137
134	138
134	139
134	170
135	136
135	137
135	138
135	139
135	140
135	142
135	162
135	166
135	170
136	137
136	138
136	139
136	140
136	141
136	170
136	173
136	174
137	138
137	139
137	140
137	141
137	142
137	170
137	173
137	174
137	177
138	139
138	140
138	141
138	142
138	143
139	140
139	141
139	142
139	143
139	144
139	155
139	158
139	159
139	162
139	170
139	174
140	141
140	142
140	143
140	144
140	145
140	173
140	174
140	175
140	177
140	178
141	142
141	143
141	144
141	145
141	146
142	143
142	144
142	145
142	146
142	147
142	155
143	144
143	145
143	146
143	147
143	152
143	155
143	156
143	159
143	174
143	178
144	145
144	146
144	147
144	177
144	178
144	180
145	146
145	147
146	147
146	148
147	148
147	149
147	151
147	152
147	153
147	155
148	149
148	150
148	151
148	152
148	153
149	150
149	151
149	152
149	153
149	154
150	151
150	152
150	153
150	154
150	155
151	152
151	153
151	154
151	155
151	156
152	153
152	154
152	155
152	156
152	157
153	154
153	155
153	156
153	157
153	158
154	155
154	156
154	157
154	158
154	159
155	156
155	157
155	158
155	159
155	160
156	157
156	158
156	159
156	160
156	161
157	158
157	159
157	160
157	161
157	162
158	159
158	160
158	161
158	162
158	163
159	160
159	161
159	162
159	163
159	164
159	170
159	174
160	161
160	162
160	163
160	164
160	165
161	162
161	163
161	164
161	165
161	166
162	163
162	164
162	165
162	166
162	170
163	164
163	165
163	166
163	170
163	171
163	174
164	165
164	166
165	166
165	167
166	167
166	168
166	169
166	170
166	171
167	168
167	169
167	170
167	171
167	172
168	169
168	170
168	171
168	172
168	173
169	170
169	171
169	172
169	173
169	174
170	171
170	172
170	173
170	174
170	175
171	172
171	173
171	174
171	175
171	176
172	173
172	174
172	175
172	176
173	174
173	175
173	176
173	177
174	175
174	176
174	177
174	178
174	179
175	176
175	177
175	178
175	179
175	180
176	177
176	178
176	179
176	180
177	178
177	179
177	180
178	179
178	180
179	180
