1	2
1	3
2	3
2	4
2	5
3	4
3	5
4	5
4	6
4	29
4	30
4	31
5	6
5	7
5	28
5	29
5	30
5	31
5	32
6	7
6	8
6	28
6	29
6	30
6	31
6	32
6	33
7	8
7	9
7	24
7	28
7	30
7	31
7	32
7	33
7	34
8	9
8	10
8	24
8	31
8	32
8	33
8	34
8	35
8	61
8	72
9	10
9	11
9	12
9	17
9	18
9	20
9	21
9	24
9	32
9	33
9	34
9	35
9	36
9	61
10	11
10	12
10	17
10	33
10	35
10	36
10	61
10	63
11	12
11	13
11	14
11	16
11	17
11	18
11	35
11	36
11	37
11	61
11	63
12	13
12	14
12	17
12	18
12	19
12	21
12	33
12	34
12	35
12	36
12	45
13	14
13	15
13	17
13	18
13	34
13	35
13	36
13	37
13	38
13	41
13	42
13	45
14	15
14	16
14	17
14	18
14	19
14	45
15	16
15	17
15	18
15	19
15	20
16	17
16	18
16	19
16	20
16	21
17	18
17	19
17	20
17	21
17	22
18	19
18	20
18	21
18	22
18	23
18	34
18	45
18	46
18	48
18	49
18	52
19	20
19	21
19	22
19	23
19	24
20	21
20	22
20	23
20	24
20	25
20	32
21	22
21	23
21	24
21	25
21	26
21	32
21	33
21	34
21	35
21	49
21	54
21	56
22	23
22	24
22	25
22	26
22	27
22	48
22	49
22	52
22	54
23	24
23	25
23	26
23	27
23	28
23	54
24	25
24	26
24	27
24	28
24	29
24	30
24	32
25	26
25	27
25	28
25	30
25	32
25	49
25	54
25	55
25	56
26	27
26	28
26	32
26	52
26	54
27	28
27	29
28	29
28	30
28	31
28	32
29	30
29	31
30	31
30	32
31	32
31	33
31	55
31	57
32	33
32	34
32	55
32	56
32	57
32	58
33	34
33	35
33	56
33	57
33	58
33	59
33	72
33	75
34	35
34	36
34	42
34	45
34	46
34	49
34	56
34	57
34	58
34	59
34	60
35	36
35	37
35	42
35	57
35	58
35	59
35	60
35	61
35	72
36	37
36	38
36	39
36	41
36	42
36	58
36	59
36	60
36	61
36	62
37	38
37	39
37	41
37	60
37	61
37	62
37	63
38	39
38	40
38	41
38	42
38	43
38	58
38	60
38	61
39	40
39	41
39	42
39	43
39	44
39	58
39	60
40	41
40	42
40	43
40	44
40	45
40	58
41	42
41	43
41	44
41	45
41	46
42	43
42	44
42	45
42	46
42	47
42	58
43	44
43	45
43	46
43	47
43	48
43	50
43	58
44	45
44	46
44	47
44	48
44	49
45	46
45	47
45	48
45	49
45	50
45	56
46	47
46	48
46	49
46	50
46	51
46	54
46	55
46	56
46	57
46	58
47	48
47	49
47	50
47	51
47	52
48	49
48	50
48	51
48	52
49	50
49	51
49	52
49	53
49	54
49	55
49	56
50	51
50	52
50	53
50	54
50	55
50	56
51	52
51	53
51	54
52	53
52	54
53	54
53	55
54	55
54	56
55	56
55	57
56	57
56	58
57	58
57	59
57	75
58	59
58	60
58	61
58	75
59	60
59	61
59	68
59	71
59	72
59	75
60	61
60	62
60	68
60	72
61	62
61	63
61	65
61	68
61	69
61	72
62	63
62	64
62	65
62	66
62	68
62	69
63	64
63	65
63	66
63	68
63	69
64	65
64	66
64	69
65	66
65	67
65	68
65	69
65	70
66	67
66	68
66	69
66	70
66	71
67	68
67	69
67	70
67	71
67	72
68	69
68	70
68	71
68	72
68	73
69	70
69	71
69	72
69	73
69	74
70	71
70	72
70	73
70	74
70	75
71	72
71	73
71	74
71	75
72	73
72	74
72	75
73	74
73	75
74	75
