1	2
1	3
1	4
1	26
1	27
1	28
1	29
2	3
2	4
2	6
2	28
2	29
3	4
3	5
3	6
3	7
3	8
3	25
3	28
3	29
3	30
3	31
4	5
4	6
4	28
4	29
4	30
5	6
5	7
5	28
5	29
5	30
5	31
6	7
6	8
6	29
6	30
6	31
6	32
7	8
7	9
7	30
7	31
7	32
8	9
8	10
8	25
8	30
8	31
8	32
8	33
8	34
9	10
9	11
9	31
9	32
9	33
9	34
9	35
10	11
10	12
10	13
10	18
10	21
10	22
10	25
10	32
10	33
10	34
10	35
10	36
11	12
11	13
11	18
11	33
11	34
11	35
11	36
12	13
12	14
12	15
12	16
12	17
12	18
12	19
12	34
12	35
12	36
13	14
13	15
13	18
13	19
13	20
13	22
13	34
13	35
13	36
13	42
13	45
14	15
14	16
14	18
14	19
14	22
14	34
14	35
14	36
14	38
14	41
14	42
14	44
14	45
15	16
15	17
15	18
15	19
15	20
15	36
15	41
16	17
16	18
16	19
16	20
16	21
17	18
17	19
17	20
17	21
17	22
18	19
18	20
18	21
18	22
18	23
19	20
19	21
19	22
19	23
19	24
19	41
19	44
19	45
20	21
20	22
20	23
20	24
20	25
21	22
21	23
21	24
21	25
21	26
21	32
22	23
22	24
22	25
22	26
22	27
22	32
22	34
22	45
23	24
23	25
23	26
23	27
23	28
23	45
24	25
24	26
24	27
24	28
24	29
25	26
25	27
25	28
25	29
25	30
25	31
25	32
26	27
26	28
26	29
26	30
26	31
26	32
27	28
27	29
27	30
28	29
28	30
29	30
29	31
30	31
30	32
31	32
31	33
32	33
32	34
33	34
33	35
34	35
34	36
34	42
34	45
35	36
35	37
35	42
36	37
36	38
36	39
36	41
36	42
37	38
37	39
37	41
37	42
38	39
38	40
38	41
38	42
38	43
39	40
39	41
39	42
39	43
39	44
40	41
40	42
40	43
40	44
40	45
41	42
41	43
41	44
41	45
42	43
42	44
42	45
43	44
43	45
44	45
