2	3
2	4
3	4
3	5
3	26
3	27
3	28
4	5
4	6
4	26
4	27
4	28
4	29
5	6
5	7
5	27
5	28
5	29
5	30
6	7
6	8
6	22
6	27
6	28
6	29
6	30
6	31
7	8
7	9
7	28
7	29
7	30
7	31
7	32
8	9
8	10
8	11
8	15
8	16
8	18
8	19
8	22
8	29
8	30
8	31
8	32
8	33
9	10
9	11
9	15
9	30
9	31
9	32
9	33
10	11
10	12
10	15
10	31
10	32
10	33
11	12
11	13
11	15
11	31
11	32
11	33
11	35
12	13
12	14
12	15
12	16
13	14
13	15
13	16
13	17
14	15
14	16
14	17
14	18
15	16
15	17
15	18
15	19
15	20
16	17
16	18
16	19
16	20
16	21
17	18
17	19
17	20
17	21
17	22
18	19
18	20
18	21
18	22
18	23
18	29
19	20
19	21
19	22
19	23
19	24
19	27
19	29
19	31
20	21
20	22
20	23
20	24
20	25
21	22
21	23
21	24
21	25
21	26
21	27
22	23
22	24
22	25
22	26
22	27
22	28
22	29
23	24
23	25
23	26
23	27
23	28
23	29
24	25
24	26
24	27
25	26
25	27
26	27
26	28
27	28
27	29
28	29
28	30
29	30
29	31
30	31
30	32
31	32
31	33
32	33
32	34
33	34
33	35
33	36
34	35
34	36
35	36
