4	5
4	6
4	9
4	42
4	43
4	44
5	6
5	7
5	8
5	9
5	10
5	38
5	39
5	40
5	42
5	43
5	44
6	7
6	8
6	9
6	10
6	11
6	42
6	43
6	44
6	111
7	8
7	9
7	10
7	11
7	12
7	43
7	44
7	45
7	46
7	49
7	104
7	111
8	9
8	10
8	11
8	12
8	13
8	43
8	44
8	46
8	49
8	104
8	105
8	107
8	108
8	111
9	10
9	11
9	12
9	13
9	14
9	104
9	108
9	111
10	11
10	12
10	13
10	14
10	15
10	36
10	39
10	40
10	43
10	49
11	12
11	13
11	14
11	15
11	16
11	49
11	52
11	101
11	104
11	105
12	13
12	14
12	15
12	16
12	17
12	19
12	52
12	104
12	105
12	108
13	14
13	15
13	16
13	17
13	18
13	32
13	35
13	36
13	39
14	15
14	16
14	17
14	18
14	19
14	36
14	40
14	49
14	52
14	53
14	56
15	16
15	17
15	18
15	19
15	20
15	52
15	56
15	97
15	100
15	101
15	102
15	104
15	105
16	17
16	18
16	19
16	20
16	21
16	32
17	18
17	19
17	20
17	21
17	22
17	28
17	29
17	30
17	32
17	33
17	36
17	37
17	52
17	53
17	56
17	57
17	60
18	19
18	20
18	21
18	22
18	23
18	32
18	52
18	56
18	59
18	87
18	93
18	94
18	97
18	98
18	101
19	20
19	21
19	22
19	23
19	24
19	105
20	21
20	22
20	23
20	24
20	25
20	26
20	28
20	29
20	32
20	63
21	22
21	23
21	24
21	25
21	29
21	56
21	59
21	60
21	63
21	83
22	23
22	24
22	25
22	59
22	63
22	79
22	83
22	87
22	94
23	24
23	25
23	63
23	79
23	83
24	25
24	26
24	27
24	59
24	62
24	63
24	66
24	67
24	78
24	79
24	82
24	83
24	86
25	26
25	27
25	28
25	29
25	30
25	63
26	27
26	28
26	29
26	30
26	31
26	60
26	63
26	64
26	67
27	28
27	29
27	30
27	31
27	32
28	29
28	30
28	31
28	32
28	33
29	30
29	31
29	32
29	33
29	34
29	60
29	63
30	31
30	32
30	33
30	34
30	35
30	60
30	63
30	64
31	32
31	33
31	34
31	35
31	36
32	33
32	34
32	35
32	36
32	37
33	34
33	35
33	36
33	37
33	38
33	53
33	57
33	60
34	35
34	36
34	37
34	38
34	39
35	36
35	37
35	38
35	39
35	40
36	37
36	38
36	39
36	40
36	41
36	49
36	53
37	38
37	39
37	40
37	41
37	53
37	57
38	39
38	40
38	41
38	42
38	43
39	40
39	41
39	42
39	43
40	41
40	42
40	43
40	44
40	49
40	50
40	53
41	42
41	43
42	43
42	44
43	44
43	45
43	46
43	49
43	50
44	45
44	46
44	111
45	46
45	47
46	47
46	48
46	49
46	50
46	51
46	104
46	144
47	48
47	49
47	50
47	51
47	52
48	49
48	50
48	51
48	52
48	53
48	100
48	103
48	104
48	137
48	140
48	144
48	178
49	50
49	51
49	52
49	53
49	54
49	104
50	51
50	52
50	53
50	54
50	55
50	104
51	52
51	53
51	54
51	55
51	56
51	96
51	100
52	53
52	54
52	55
52	56
52	57
52	96
52	97
52	98
52	100
52	101
52	102
52	104
53	54
53	55
53	56
53	57
53	58
54	55
54	56
54	57
54	58
54	59
55	56
55	57
55	58
55	59
55	60
55	93
55	96
55	97
55	100
56	57
56	58
56	59
56	60
56	61
56	93
56	97
57	58
57	59
57	60
57	61
57	62
58	59
58	60
58	61
58	62
58	63
58	90
58	93
59	60
59	61
59	62
59	63
59	64
59	83
59	86
59	87
59	93
59	94
59	97
60	61
60	62
60	63
60	64
60	65
61	62
61	63
61	64
61	65
61	66
62	63
62	64
62	65
62	66
62	67
62	86
62	90
62	93
63	64
63	65
63	66
63	67
63	68
63	86
64	65
64	66
64	67
64	68
65	66
65	67
65	68
66	67
66	68
66	82
66	85
66	86
66	89
67	68
67	82
77	78
77	79
77	81
77	82
78	79
78	80
78	81
78	82
78	83
79	80
79	81
79	82
79	83
79	84
80	81
80	82
80	83
80	84
80	85
81	82
81	83
81	84
81	85
81	86
82	83
82	84
82	85
82	86
82	87
83	84
83	85
83	86
83	87
83	88
84	85
84	86
84	87
84	88
84	89
85	86
85	87
85	88
85	89
86	87
86	88
86	89
86	90
86	94
87	88
87	89
87	90
87	91
87	94
88	89
88	90
88	91
88	94
89	90
89	91
89	92
90	91
90	92
90	93
90	94
90	95
91	92
91	93
91	94
91	95
91	96
92	93
92	94
92	95
92	96
92	97
92	131
93	94
93	95
93	96
93	97
93	98
94	95
94	96
94	97
94	98
94	99
95	96
95	97
95	98
95	99
95	100
95	128
95	132
96	97
96	98
96	99
96	100
96	101
96	132
96	137
97	98
97	99
97	100
97	101
97	102
98	99
98	100
98	101
98	102
98	103
98	128
99	100
99	101
99	102
99	103
99	104
99	125
99	126
99	128
99	129
99	132
99	137
99	140
99	141
100	101
100	102
100	103
100	104
100	105
100	137
101	102
101	103
101	104
101	105
101	106
101	121
102	103
102	104
102	105
102	106
102	107
102	121
102	122
102	124
102	125
102	128
103	104
103	105
103	106
103	107
103	108
103	121
103	122
103	125
103	140
103	141
103	144
103	145
104	105
104	106
104	107
104	108
104	109
105	106
105	107
105	108
105	109
105	110
105	117
105	118
105	121
106	107
106	108
106	109
106	110
106	111
106	114
106	117
106	118
106	119
106	121
106	122
107	108
107	109
107	110
107	111
107	112
107	118
107	121
107	122
107	144
107	145
107	148
108	109
108	110
108	111
108	112
108	113
108	114
109	110
109	111
109	112
109	113
109	114
109	115
109	117
109	118
109	121
110	111
110	112
110	113
110	114
110	115
110	118
110	122
110	147
110	148
110	149
110	151
110	152
111	112
111	113
111	114
111	115
112	113
112	114
112	115
113	114
113	115
113	116
113	151
114	115
114	116
114	117
114	118
114	119
115	116
115	117
115	118
115	119
115	120
115	151
115	152
116	117
116	118
116	119
116	120
116	121
116	152
117	118
117	119
117	120
117	121
117	122
118	119
118	120
118	121
118	122
118	123
118	152
119	120
119	121
119	122
119	123
119	124
119	149
119	152
119	154
120	121
120	122
120	123
120	124
120	125
121	122
121	123
121	124
121	125
121	126
121	141
122	123
122	124
122	125
122	126
122	127
122	141
122	144
122	145
122	148
122	149
122	152
123	124
123	125
123	126
123	127
123	128
123	141
123	149
123	161
124	125
124	126
124	127
124	128
125	126
125	127
125	128
125	129
125	130
125	141
126	127
126	128
126	129
126	130
126	141
126	142
126	160
126	161
126	164
127	128
127	129
127	130
127	131
128	129
128	130
128	131
128	132
129	130
129	131
129	132
129	133
129	134
129	137
129	138
129	141
129	142
130	131
130	132
130	133
130	138
131	132
131	133
131	138
132	133
132	134
132	135
132	137
132	138
133	134
133	135
133	138
134	135
134	136
134	137
134	138
134	139
135	136
135	137
135	138
135	139
135	140
135	168
135	172
136	137
136	138
136	139
136	140
136	141
136	168
136	169
136	172
136	175
137	138
137	139
137	140
137	141
137	142
138	139
138	140
138	141
138	142
138	143
138	165
138	168
139	140
139	141
139	142
139	143
139	144
139	164
139	165
139	166
139	168
139	169
140	141
140	142
140	143
140	144
140	145
140	165
140	169
140	175
140	178
141	142
141	143
141	144
141	145
141	146
141	161
141	169
142	143
142	144
142	145
142	146
142	147
142	158
142	160
142	161
142	162
142	164
142	165
142	168
143	144
143	145
143	146
143	147
143	148
143	161
143	162
143	165
143	169
143	178
143	181
143	182
143	185
144	145
144	146
144	147
144	148
144	149
144	178
145	146
145	147
145	148
145	149
145	150
145	158
145	161
146	147
146	148
146	149
146	150
146	151
146	157
146	158
146	159
146	161
146	162
146	185
146	189
147	148
147	149
147	150
147	151
147	152
147	158
147	162
147	181
147	185
148	149
148	150
148	151
148	152
148	153
148	154
149	150
149	151
149	152
149	153
149	154
149	155
149	157
149	158
149	161
150	151
150	152
150	153
150	154
150	155
150	158
150	185
150	188
150	189
150	192
151	152
151	153
151	154
152	153
152	154
152	155
153	154
153	155
153	156
153	192
154	155
154	156
154	157
154	158
154	159
155	156
155	157
155	158
155	159
155	160
155	188
155	189
155	190
155	192
155	193
156	157
156	158
156	159
156	160
156	161
156	193
157	158
157	159
157	160
157	161
157	162
158	159
158	160
158	161
158	162
158	163
158	185
158	189
159	160
159	161
159	162
159	163
159	164
159	185
159	186
159	187
159	189
159	190
159	193
160	161
160	162
160	163
160	164
160	165
161	162
161	163
161	164
161	165
161	166
162	163
162	164
162	165
162	166
162	167
162	181
162	182
162	183
162	185
162	186
162	189
163	164
163	165
163	166
163	167
163	168
163	186
164	165
164	166
164	167
164	168
164	169
165	166
165	167
165	168
165	169
165	170
165	182
166	167
166	168
166	169
166	170
166	171
166	178
166	179
166	180
166	182
166	183
166	186
166	202
167	168
167	169
167	170
167	171
167	172
168	169
168	170
168	171
168	172
169	170
169	171
169	172
169	173
169	174
169	175
169	176
169	178
169	179
169	182
170	171
170	172
170	173
170	179
170	183
171	172
171	173
172	173
172	174
172	175
172	176
172	179
173	174
173	175
173	176
174	175
174	176
174	177
175	176
175	177
175	178
175	179
175	180
175	209
176	177
176	178
176	179
176	180
176	181
176	209
177	178
177	179
177	180
177	181
177	182
177	209
178	179
178	180
178	181
178	182
178	183
179	180
179	181
179	182
179	183
179	184
179	206
179	209
180	181
180	182
180	183
180	184
180	185
180	205
180	206
180	209
180	210
181	182
181	183
181	184
181	185
181	186
182	183
182	184
182	185
182	186
182	187
183	184
183	185
183	186
183	187
183	188
183	199
183	202
183	203
183	205
183	206
183	207
183	209
184	185
184	186
184	187
184	188
184	189
184	202
184	203
184	206
184	207
185	186
185	187
185	188
185	189
185	190
186	187
186	188
186	189
186	190
186	191
186	199
186	202
187	188
187	189
187	190
187	191
187	192
187	195
187	198
187	199
187	200
187	202
187	203
188	189
188	190
188	191
188	192
188	193
188	199
188	203
189	190
189	191
189	192
189	193
189	194
190	191
190	192
190	193
190	194
190	195
190	196
190	198
190	199
190	202
191	192
191	193
191	194
191	195
191	196
191	199
191	203
192	193
192	194
192	195
193	194
193	195
193	196
194	195
194	196
194	197
195	196
195	197
195	198
195	199
195	200
196	197
196	198
196	199
196	200
196	201
197	198
197	199
197	200
197	201
198	199
198	200
198	201
198	202
199	200
199	201
199	202
199	203
199	204
200	201
200	202
200	203
200	204
200	205
201	202
201	203
201	204
201	205
201	206
202	203
202	204
202	205
202	206
202	207
203	204
203	205
203	206
203	207
203	208
204	205
204	206
204	207
204	208
204	209
205	206
205	207
205	208
205	209
205	210
206	207
206	208
206	209
206	210
206	211
207	208
207	209
207	210
207	211
208	209
208	210
208	211
209	210
209	211
210	211
