103	104
103	105
104	105
104	106
105	106
105	107
106	107
106	108
106	117
106	119
107	108
107	109
107	110
107	117
107	119
108	109
108	110
108	113
108	117
109	110
109	111
109	113
109	117
110	111
110	112
110	113
110	117
111	112
111	113
112	113
112	114
113	114
113	115
113	117
114	115
114	116
114	117
115	116
115	117
116	117
116	118
117	118
117	119
118	119
118	120
119	120
119	121
120	121
120	122
121	122
121	123
121	125
121	127
122	123
122	124
122	125
122	126
123	124
123	125
124	125
124	126
125	126
125	127
126	127
126	128
127	128
127	129
128	129
128	130
129	130
129	131
129	139
130	131
130	132
130	133
131	132
131	133
131	134
131	135
131	136
131	137
131	138
132	133
132	134
132	135
132	136
133	134
133	135
134	135
134	136
135	136
135	137
136	137
136	138
137	138
137	139
138	139
138	140
139	140
139	141
139	142
140	141
140	142
141	142
