7	8
7	9
7	74
8	9
8	10
8	11
8	39
8	43
8	56
8	59
8	63
8	71
8	72
8	74
8	75
9	10
9	11
9	43
10	11
10	12
10	43
10	44
10	46
10	47
10	56
10	59
11	12
11	13
11	14
11	36
11	39
11	40
11	43
11	47
11	63
12	13
12	14
12	15
12	43
13	14
13	15
13	17
14	15
14	16
14	17
14	18
14	39
14	40
14	41
14	42
14	43
14	44
14	47
15	16
15	17
15	18
15	19
15	40
16	17
16	18
16	19
16	20
16	22
16	29
16	37
16	40
16	41
16	44
16	45
16	48
17	18
17	19
17	44
17	47
17	48
18	19
18	20
18	21
18	44
18	48
19	20
19	21
19	22
19	23
19	25
19	29
19	41
19	44
19	48
20	21
20	22
20	23
20	24
20	48
21	22
21	23
21	24
21	25
21	26
21	41
21	48
22	23
22	24
22	25
22	26
22	27
22	41
22	42
22	44
22	45
22	48
23	24
23	25
23	26
23	27
23	28
23	41
23	42
23	45
23	48
23	52
23	54
23	55
23	56
23	58
24	25
24	26
24	27
24	28
24	29
24	42
25	26
25	27
25	28
25	29
25	30
25	41
25	42
26	27
26	28
26	29
26	30
26	31
26	34
26	37
26	38
26	41
26	42
27	28
27	29
27	30
27	31
27	32
27	38
27	41
27	42
27	54
27	58
28	29
28	30
28	31
28	32
28	33
28	38
29	30
29	31
29	32
29	33
29	34
29	35
29	37
29	38
29	41
29	231
30	31
30	32
30	33
30	34
30	35
30	38
30	42
30	58
30	62
30	65
30	201
30	231
31	32
31	33
31	34
31	38
31	231
32	33
32	34
32	231
33	34
33	35
33	36
33	38
33	231
33	232
33	233
33	234
34	35
34	36
34	37
34	38
34	39
34	62
34	231
34	233
35	36
35	37
35	38
35	39
35	40
35	62
35	65
35	66
35	201
35	231
35	233
35	234
35	235
36	37
36	38
36	39
36	40
36	41
36	62
36	66
36	233
36	264
36	265
36	266
36	267
37	38
37	39
37	40
37	41
37	42
38	39
38	40
38	41
38	42
38	43
38	58
38	59
38	62
39	40
39	41
39	42
39	43
39	44
39	59
39	62
39	63
39	66
40	41
40	42
40	43
40	44
40	45
40	59
41	42
41	43
41	44
41	45
41	46
42	43
42	44
42	45
42	46
42	47
42	54
42	55
42	56
42	58
42	59
42	62
43	44
43	45
43	46
43	47
43	48
43	59
43	63
44	45
44	46
44	47
44	48
44	49
45	46
45	47
45	48
45	49
45	50
45	52
45	55
46	47
46	48
46	49
46	50
46	51
46	52
46	55
46	56
46	59
47	48
47	49
47	50
48	49
48	50
49	50
49	51
49	52
49	53
49	55
49	56
50	51
50	52
50	53
50	56
50	78
50	82
51	52
51	53
51	56
51	82
52	53
52	54
52	55
52	56
52	57
52	82
53	54
53	55
53	56
53	57
53	58
53	79
53	82
53	83
53	86
54	55
54	56
54	57
54	58
54	59
54	79
54	83
54	86
55	56
55	57
55	58
55	59
55	60
56	57
56	58
56	59
56	60
56	61
56	74
56	75
56	76
56	78
56	79
56	82
57	58
57	59
57	60
57	61
57	62
57	75
57	76
57	79
57	83
57	86
57	88
57	89
58	59
58	60
58	61
58	62
58	63
58	76
59	60
59	61
59	62
59	63
59	64
59	72
59	75
60	61
60	62
60	63
60	64
60	65
60	68
60	71
60	72
60	73
60	75
60	76
61	62
61	63
61	64
61	65
61	66
61	72
61	76
61	88
61	89
61	92
62	63
62	64
62	65
62	66
62	67
63	64
63	65
63	66
63	67
63	68
63	69
63	71
63	72
63	75
63	236
64	65
64	66
64	67
64	68
64	69
64	72
64	96
64	234
64	236
65	66
65	67
65	68
65	201
65	202
65	206
65	231
65	233
65	234
65	235
65	236
65	237
66	67
66	68
66	234
66	235
66	236
66	264
66	265
66	280
66	283
67	68
67	69
67	235
67	236
67	239
67	240
67	265
67	280
67	282
67	283
68	69
68	70
68	71
68	72
68	73
68	236
68	265
68	280
69	70
69	71
69	72
69	73
69	74
69	92
69	95
69	96
69	97
69	99
69	100
69	236
69	280
70	71
70	72
70	73
70	74
70	75
71	72
71	73
71	74
71	75
71	76
72	73
72	74
72	75
72	76
72	77
72	93
72	96
73	74
73	75
73	76
73	77
73	78
73	93
73	96
73	97
73	100
74	75
74	76
74	77
74	78
74	79
75	76
75	77
75	78
75	79
75	80
76	77
76	78
76	79
76	80
76	81
76	88
76	89
76	92
76	93
76	94
76	96
77	78
77	79
77	80
77	81
77	82
77	93
77	97
78	79
78	80
78	81
78	82
78	83
79	80
79	81
79	82
79	83
79	84
79	86
79	89
80	81
80	82
80	83
80	84
80	85
80	86
80	87
80	89
80	90
80	93
80	109
81	82
81	83
81	84
82	83
82	84
83	84
83	85
83	86
83	87
84	85
84	86
84	90
84	116
85	86
85	87
85	90
85	116
86	87
86	88
86	89
86	90
86	91
86	113
86	116
87	88
87	89
87	90
87	91
87	92
87	112
87	113
87	114
87	116
87	117
87	118
88	89
88	90
88	91
88	92
88	93
88	113
88	168
88	197
89	90
89	91
89	92
89	93
89	94
89	113
90	91
90	92
90	93
90	94
90	95
90	106
90	109
90	110
90	112
90	113
90	114
90	116
91	92
91	93
91	94
91	95
91	96
91	109
91	110
91	113
91	154
91	168
91	169
91	171
91	172
91	175
91	206
92	93
92	94
92	95
92	96
92	97
92	206
93	94
93	95
93	96
93	97
93	98
93	106
93	109
94	95
94	96
94	97
94	98
94	99
94	105
94	106
94	107
94	109
94	110
94	175
95	96
95	97
95	98
95	99
95	100
95	106
95	171
95	175
95	206
95	236
96	97
96	98
96	99
96	100
96	101
96	102
96	236
97	98
97	99
97	100
97	101
97	102
97	103
97	105
97	106
97	107
97	109
97	179
98	99
98	100
98	101
98	102
98	106
98	175
98	178
98	179
99	100
99	101
99	102
99	236
100	101
100	102
101	102
101	103
102	103
102	104
102	105
102	106
102	107
102	179
103	104
103	105
103	106
103	107
103	108
103	144
103	147
103	179
103	180
104	105
104	106
104	107
104	108
104	109
105	106
105	107
105	108
105	109
105	110
106	107
106	108
106	109
106	110
106	111
106	175
106	179
107	108
107	109
107	110
107	111
107	112
107	146
107	147
107	150
107	176
107	179
108	109
108	110
108	111
108	112
108	113
108	150
109	110
109	111
109	112
109	113
109	114
109	154
110	111
110	112
110	113
110	114
110	115
110	150
110	153
110	154
110	172
110	175
110	176
110	179
111	112
111	113
111	114
111	115
111	116
111	146
111	150
111	153
111	154
112	113
112	114
112	115
112	116
112	117
113	114
113	115
113	116
113	117
113	120
113	154
113	166
113	168
113	169
114	115
114	116
114	117
114	118
114	120
114	121
114	123
114	150
114	153
114	154
114	157
114	169
115	116
115	117
115	118
115	120
115	121
116	117
116	118
117	118
117	119
117	120
117	121
117	122
117	166
117	169
118	119
118	120
118	121
118	122
119	120
119	121
119	122
119	123
119	161
119	166
120	121
120	122
120	123
120	157
120	158
120	160
120	161
120	166
120	169
121	122
121	123
122	123
123	153
123	157
123	160
143	144
143	145
143	146
144	145
144	146
144	147
144	148
144	149
145	146
145	147
145	148
145	149
145	150
146	147
146	148
146	149
146	150
146	151
147	148
147	149
147	150
147	151
147	152
147	176
147	179
147	180
148	149
148	150
148	151
148	152
148	153
148	180
148	182
149	150
149	151
149	152
149	153
149	154
150	151
150	152
150	153
150	154
150	155
150	176
151	152
151	153
151	154
151	155
151	156
151	173
151	176
151	177
151	180
151	182
151	185
152	153
152	154
152	155
152	156
152	157
153	154
153	155
153	156
153	157
153	158
154	155
154	156
154	157
154	158
154	159
154	168
154	169
154	172
154	173
154	176
155	156
155	157
155	158
155	159
155	160
155	173
155	176
155	177
155	185
156	157
156	158
156	159
156	160
156	161
157	158
157	159
157	160
157	161
157	169
158	159
158	160
158	161
158	162
158	169
158	170
158	173
159	160
159	161
159	162
160	161
160	162
161	162
161	163
161	164
161	165
161	166
161	169
162	163
162	164
162	165
163	164
163	165
164	165
164	166
164	167
164	196
165	166
165	167
165	170
165	192
165	193
165	195
165	196
166	167
166	168
166	169
166	170
166	171
166	193
166	196
166	197
167	168
167	169
167	170
167	171
167	172
167	189
167	192
167	193
167	194
167	196
167	197
167	203
168	169
168	170
168	171
168	172
168	173
168	193
168	197
169	170
169	171
169	172
169	173
169	174
170	171
170	172
170	173
170	174
170	175
170	186
170	188
170	189
170	190
170	192
170	193
171	172
171	173
171	174
171	175
171	176
171	189
171	190
171	193
171	197
171	203
171	206
172	173
172	174
172	175
172	176
172	177
172	190
173	174
173	175
173	176
173	177
173	178
173	186
173	189
173	190
174	175
174	176
174	177
174	178
174	179
174	182
174	185
174	186
174	187
174	189
174	190
174	210
175	176
175	177
175	178
175	179
175	180
175	186
175	189
175	190
175	206
176	177
176	178
176	179
176	180
176	181
176	182
177	178
177	179
177	180
177	181
177	182
177	183
177	185
177	186
177	187
177	189
178	179
178	180
178	181
178	182
178	183
178	186
178	190
178	206
178	209
178	210
178	213
179	180
179	181
179	182
180	181
180	182
181	182
181	183
182	183
182	184
182	185
182	186
182	187
183	184
183	185
183	186
183	187
183	188
183	209
183	210
183	211
183	213
183	214
184	185
184	186
184	187
184	188
184	189
185	186
185	187
185	188
185	189
185	190
186	187
186	188
186	189
186	190
186	191
186	207
186	210
187	188
187	189
187	190
187	191
187	192
187	207
187	210
187	211
187	214
187	216
188	189
188	190
188	191
188	192
188	193
189	190
189	191
189	192
189	193
189	194
190	191
190	192
190	193
190	194
190	195
190	203
190	206
190	207
190	210
191	192
191	193
191	194
191	195
191	196
191	204
191	207
192	193
192	194
192	195
192	196
192	197
193	194
193	195
193	196
193	197
193	198
193	203
194	195
194	196
194	197
194	198
194	199
194	200
194	203
194	204
194	207
195	196
195	197
195	198
196	197
196	198
197	198
197	199
197	200
197	203
197	204
198	199
198	200
198	204
198	226
198	230
199	200
199	201
199	202
199	204
199	226
199	230
200	201
200	202
200	203
200	204
200	205
200	230
201	202
201	203
201	204
201	205
201	206
201	226
201	227
201	228
201	230
201	231
201	234
201	237
202	203
202	204
202	205
202	206
202	207
202	227
202	234
203	204
203	205
203	206
203	207
203	208
204	205
204	206
204	207
204	208
204	209
204	220
204	222
204	223
204	224
204	226
204	227
204	230
204	237
205	206
205	207
205	208
205	209
205	210
205	223
205	224
205	227
205	234
205	236
205	237
205	238
205	240
205	241
206	207
206	208
206	209
206	210
206	211
206	236
207	208
207	209
207	210
207	211
207	212
207	220
207	223
207	224
208	209
208	210
208	211
208	212
208	213
208	216
208	219
208	220
208	221
208	223
208	224
208	240
208	244
209	210
209	211
209	212
209	213
209	214
209	220
209	223
209	224
209	240
210	211
210	212
210	213
210	214
210	215
210	216
210	224
211	212
211	213
211	214
211	215
211	216
211	217
211	219
211	220
211	221
211	223
212	213
212	214
212	215
212	216
212	217
212	220
212	224
212	240
212	244
212	247
213	214
213	215
213	216
213	220
213	224
214	215
214	216
215	216
215	217
215	219
215	247
216	217
216	218
216	219
216	220
216	221
217	218
217	219
217	220
217	221
217	222
217	224
217	243
217	244
217	247
217	248
218	219
218	220
218	221
218	222
218	223
218	248
219	220
219	221
219	222
219	223
219	224
220	221
220	222
220	223
220	224
220	225
220	241
220	244
221	222
221	223
221	224
221	225
221	226
221	241
221	244
221	245
221	248
222	223
222	224
222	225
222	226
222	227
223	224
223	225
223	226
223	227
223	228
223	237
224	225
224	226
224	227
224	228
224	229
224	236
224	237
224	240
224	241
224	242
224	243
224	244
225	226
225	227
225	228
225	229
225	230
225	237
225	241
226	227
226	228
226	229
226	230
226	231
227	228
227	229
227	230
227	231
227	232
227	234
227	237
228	229
228	230
228	231
228	232
228	233
228	234
228	235
228	237
228	238
228	241
228	257
229	230
229	231
229	232
230	231
230	232
231	232
231	233
231	234
231	235
232	233
232	234
232	235
232	238
232	264
233	234
233	235
233	264
234	235
234	236
234	237
234	238
234	239
234	264
235	236
235	237
235	238
235	239
235	240
235	260
235	261
235	262
235	264
235	265
235	283
236	237
236	238
236	239
236	240
236	241
237	238
237	239
237	240
237	241
237	242
237	257
238	239
238	240
238	241
238	242
238	243
238	254
238	257
238	258
238	260
238	261
238	264
239	240
239	241
239	242
239	243
239	244
239	257
239	258
239	261
239	282
239	283
239	284
239	286
240	241
240	242
240	243
240	244
240	245
240	258
241	242
241	243
241	244
241	245
241	246
241	254
241	257
241	258
242	243
242	244
242	245
242	246
242	247
242	250
242	253
242	254
242	255
242	257
242	258
243	244
243	245
243	246
243	247
243	248
243	254
243	258
243	286
244	245
244	246
244	247
244	248
244	249
244	250
245	246
245	247
245	248
245	249
245	250
245	251
245	253
245	254
245	257
246	247
246	248
246	249
246	250
246	251
246	254
246	258
246	286
246	287
246	289
246	290
246	293
247	248
247	249
247	250
248	249
248	250
248	251
249	250
249	251
250	251
250	252
250	253
250	254
250	255
250	290
251	252
251	253
251	254
251	255
251	256
251	290
251	293
251	294
252	253
252	254
252	255
252	256
252	257
252	294
252	296
252	315
252	317
253	254
253	255
253	256
253	257
253	258
254	255
254	256
254	257
254	258
254	259
254	287
254	290
255	256
255	257
255	258
255	259
255	260
255	287
255	290
255	291
255	294
255	317
256	257
256	258
256	259
256	260
256	261
256	287
256	317
257	258
257	259
257	260
257	261
257	262
257	283
258	259
258	260
258	261
258	262
258	263
258	283
258	286
258	287
258	288
258	290
259	260
259	261
259	262
259	263
259	264
259	283
259	287
259	308
259	311
259	312
259	314
259	317
260	261
260	262
260	263
260	264
260	265
261	262
261	263
261	264
261	265
261	266
261	283
262	263
262	264
262	265
262	266
262	267
262	280
262	283
262	284
262	287
262	308
263	264
263	265
263	266
263	267
263	308
263	312
264	265
264	266
264	267
265	266
265	267
265	280
265	281
265	282
265	283
265	284
266	267
266	308
280	281
280	282
280	283
280	284
281	282
281	283
281	284
281	285
281	286
281	288
282	283
282	284
282	285
282	286
282	287
283	284
283	285
283	286
283	287
283	288
284	285
284	286
284	287
284	288
284	289
284	302
284	303
284	305
284	306
284	307
284	308
284	311
285	286
285	287
285	288
285	289
285	290
286	287
286	288
286	289
286	290
286	291
287	288
287	289
287	290
287	291
287	292
287	303
287	311
288	289
288	290
288	291
288	292
288	293
288	300
288	303
288	304
288	305
288	306
289	290
289	291
289	292
289	293
289	294
289	300
290	291
290	292
290	293
290	294
290	295
291	292
291	293
291	294
291	295
291	296
291	299
291	300
291	301
291	302
291	303
291	311
292	293
292	294
292	295
292	296
292	300
293	294
293	295
293	296
294	295
294	296
295	296
295	297
295	298
296	297
296	298
296	299
296	300
296	301
296	315
297	298
297	299
297	300
297	301
297	302
298	299
298	300
298	301
298	302
298	303
298	310
298	311
299	300
299	301
299	302
299	303
299	304
299	310
299	311
299	313
299	314
300	301
300	302
300	303
300	304
300	305
300	311
301	302
301	303
301	304
301	305
301	306
301	307
302	303
302	304
302	305
302	306
302	307
302	308
302	310
302	311
303	304
303	305
303	306
303	307
303	311
304	305
304	306
304	307
305	306
305	307
306	307
306	308
307	308
307	309
307	310
307	311
308	309
308	310
308	311
308	312
309	310
309	311
309	312
309	313
309	314
310	311
310	312
310	313
310	314
311	312
311	313
311	314
311	315
311	317
312	313
312	314
312	315
312	316
312	317
313	314
313	315
313	316
313	317
314	315
314	316
314	317
315	316
315	317
316	317
