127	128
127	129
127	130
127	161
127	162
127	163
128	129
128	130
128	161
128	162
128	163
128	164
128	165
129	130
129	131
129	132
129	133
129	134
129	159
129	161
129	162
129	163
130	131
130	132
130	133
130	134
130	135
130	162
130	163
131	132
131	133
131	134
131	135
131	136
132	133
132	134
132	135
132	136
132	137
132	158
132	159
132	161
132	162
133	134
133	135
133	136
133	137
133	138
133	155
133	158
133	159
133	160
133	162
133	163
133	166
133	169
134	135
134	136
134	137
134	138
134	139
134	166
134	169
135	136
135	137
135	138
135	139
135	140
136	137
136	138
136	139
136	140
136	141
136	155
136	156
136	158
136	159
136	160
136	162
136	169
137	138
137	139
137	140
137	141
137	142
137	155
137	156
137	159
137	166
137	168
137	169
138	139
138	140
138	141
138	142
138	143
138	156
139	140
139	141
139	142
139	143
139	144
139	151
139	152
139	155
139	156
140	141
140	142
140	143
140	144
140	145
140	148
140	151
140	152
140	153
140	155
140	156
141	142
141	143
141	144
141	145
141	146
141	152
141	156
142	143
142	144
142	145
142	146
142	147
142	148
142	156
143	144
143	145
143	146
143	147
143	148
143	149
143	151
143	152
143	155
144	145
144	146
144	147
144	148
144	149
144	152
144	156
145	146
145	147
145	148
145	149
146	147
146	148
146	149
147	148
147	149
147	150
147	151
148	149
148	150
148	151
148	152
148	153
149	150
149	151
149	152
149	153
149	154
150	151
150	152
150	153
150	154
150	155
151	152
151	153
151	154
151	155
151	156
152	153
152	154
152	155
152	156
152	157
153	154
153	155
153	156
153	157
153	158
154	155
154	156
154	157
154	158
154	159
155	156
155	157
155	158
155	159
155	160
155	169
156	157
156	158
156	159
156	160
156	161
156	169
156	170
157	158
157	159
157	160
157	161
157	162
158	159
158	160
158	161
158	162
158	163
159	160
159	161
159	162
159	163
159	164
159	169
160	161
160	162
160	163
160	164
160	165
160	166
160	169
160	170
161	162
161	163
161	164
161	169
162	163
162	164
163	164
163	165
163	166
163	169
164	165
164	166
164	169
165	166
165	167
166	167
166	168
166	169
166	170
167	168
167	169
167	170
167	171
168	169
168	170
168	171
169	170
169	171
170	171
