30	31
30	32
30	33
31	32
31	33
31	38
32	33
32	34
33	34
33	35
33	37
33	38
33	41
34	35
34	36
34	37
34	38
34	39
35	36
35	37
35	38
35	39
35	40
36	37
36	38
36	39
36	40
36	41
37	38
37	39
37	40
37	41
37	42
38	39
38	40
38	41
38	42
38	43
39	40
39	41
39	42
39	43
39	44
40	41
40	42
40	43
40	44
40	45
41	42
41	43
41	44
41	45
41	46
42	43
42	44
42	45
42	46
42	47
42	53
42	54
43	44
43	45
43	46
43	47
43	48
43	54
44	45
44	46
44	47
44	48
44	49
45	46
45	47
45	48
45	49
45	50
45	51
45	53
45	54
46	47
46	48
46	49
46	50
46	51
46	54
47	48
47	49
47	50
47	51
48	49
48	50
49	50
49	51
49	52
50	51
50	52
50	53
50	54
51	52
51	53
51	54
52	53
52	54
53	54
