9	10
9	11
9	32
10	11
10	12
10	31
10	32
11	12
11	13
11	14
11	31
11	32
12	13
12	14
12	15
12	31
12	32
13	14
13	15
13	16
13	17
14	15
14	16
14	17
14	18
14	19
14	20
14	24
14	31
15	16
15	17
15	20
16	17
16	18
16	19
16	20
17	18
17	19
17	20
17	21
17	29
18	19
18	20
18	21
18	22
18	23
19	20
19	21
19	22
19	23
19	24
19	25
19	29
20	21
20	22
20	23
20	24
20	25
20	29
21	22
21	23
21	24
21	25
22	23
22	24
22	25
22	26
22	27
22	28
23	24
23	25
23	26
23	27
23	28
23	29
23	30
24	25
24	26
24	27
24	28
24	29
24	30
24	31
25	26
25	27
25	28
25	29
26	27
26	28
26	29
27	28
27	29
27	30
28	29
28	30
29	30
29	31
29	33
30	31
30	32
30	33
31	32
31	33
32	33
