1909	1910
1909	1911
1909	1912
1909	1917
1910	1911
1910	1912
1910	1915
1910	1916
1910	1917
1910	1918
1911	1912
1911	1913
1911	1914
1911	1915
1911	1916
1911	1917
1912	1913
1912	1914
1912	1915
1912	1916
1912	1917
1912	1932
1912	1941
1912	1948
1913	1914
1913	1915
1913	1932
1913	1933
1913	1941
1913	1943
1913	1944
1913	1945
1913	1947
1913	1948
1914	1915
1914	1916
1914	1931
1914	1932
1914	1933
1914	1935
1914	1936
1914	1939
1914	1941
1914	1944
1914	1948
1915	1916
1915	1917
1915	1918
1915	1919
1915	1920
1915	1921
1915	1922
1915	1932
1915	1948
1916	1917
1916	1918
1916	1919
1916	1920
1917	1918
1917	1919
1918	1919
1918	1920
1919	1920
1919	1921
1919	1923
1920	1921
1920	1922
1920	1923
1921	1922
1921	1923
1921	1931
1921	1932
1921	1933
1921	1948
1921	1951
1921	1952
1921	1953
1921	1954
1921	1957
1922	1923
1922	1924
1922	1931
1922	1952
1922	1953
1922	1954
1922	1957
1923	1924
1923	1925
1923	1929
1923	1930
1923	1931
1923	1932
1923	1957
1924	1925
1924	1926
1924	1927
1924	1929
1924	1930
1924	1931
1924	1934
1924	1957
1924	1958
1924	1959
1924	1960
1925	1926
1925	1927
1925	1928
1925	1929
1925	1930
1925	1931
1925	1935
1925	1960
1926	1927
1926	1928
1926	1929
1926	1960
1927	1928
1927	1929
1927	1960
1928	1929
1928	1930
1928	1935
1928	1938
1928	1959
1928	1960
1928	1961
1928	1963
1929	1930
1929	1931
1929	1934
1929	1957
1929	1958
1929	1959
1929	1960
1930	1931
1930	1932
1930	1934
1930	1935
1930	1938
1930	1958
1930	1959
1930	1960
1930	1963
1930	1968
1931	1932
1931	1933
1931	1934
1931	1935
1931	1936
1931	1954
1931	1957
1931	1959
1931	1965
1932	1933
1932	1934
1932	1935
1932	1936
1932	1937
1932	1948
1933	1934
1933	1935
1933	1936
1933	1937
1933	1938
1933	1944
1933	1945
1933	1946
1933	1948
1933	1949
1933	1953
1933	1954
1933	1955
1933	1956
1933	1965
1933	1968
1933	1977
1933	1981
1934	1935
1934	1936
1934	1937
1934	1938
1934	1939
1934	1948
1934	1954
1934	1956
1934	1957
1934	1958
1934	1959
1934	1963
1934	1964
1934	1965
1934	1968
1934	1969
1935	1936
1935	1937
1935	1938
1935	1939
1935	1940
1935	1941
1936	1937
1936	1938
1936	1939
1936	1940
1936	1941
1936	1942
1936	1944
1936	1945
1936	1948
1936	1974
1936	1977
1937	1938
1937	1939
1937	1940
1937	1941
1937	1945
1937	1965
1937	1966
1937	1968
1937	1969
1937	1972
1937	1974
1937	1977
1937	1981
1938	1939
1938	1940
1938	1941
1938	1968
1938	1969
1938	1971
1938	1972
1938	1974
1939	1940
1939	1941
1939	1972
1939	1974
1940	1941
1940	1942
1940	1943
1940	1972
1940	1973
1940	1974
1940	1975
1940	1977
1941	1942
1941	1943
1941	1944
1941	1945
1941	1946
1941	1947
1941	1974
1941	1977
1941	1980
1942	1943
1942	1944
1942	1945
1942	1946
1942	1947
1942	1975
1942	1976
1942	1977
1942	1980
1943	1944
1943	1945
1943	1946
1943	1947
1943	1948
1943	1950
1943	1980
1944	1945
1944	1946
1944	1947
1944	1948
1944	1949
1945	1946
1945	1947
1945	1948
1945	1949
1945	1950
1945	1977
1945	1980
1945	1981
1946	1947
1946	1948
1946	1949
1946	1950
1946	1951
1946	1980
1946	1983
1947	1948
1947	1949
1947	1950
1947	1951
1947	1952
1948	1949
1948	1950
1948	1951
1948	1952
1948	1953
1948	1954
1949	1950
1949	1951
1949	1952
1949	1953
1949	1954
1949	1955
1949	1980
1949	1981
1949	1984
1949	1987
1950	1951
1950	1952
1950	1953
1951	1952
1951	1953
1952	1953
1952	1954
1953	1954
1953	1955
1953	1956
1953	1984
1954	1955
1954	1956
1954	1957
1954	1965
1955	1956
1955	1957
1955	1964
1955	1965
1955	1966
1955	1981
1955	1984
1955	1986
1955	1987
1955	1988
1956	1957
1956	1958
1956	1964
1956	1965
1956	1986
1956	1987
1956	1988
1956	1989
1956	1991
1957	1958
1957	1959
1957	1962
1957	1963
1957	1964
1957	1965
1958	1959
1958	1960
1958	1961
1958	1962
1958	1963
1958	1964
1958	1965
1958	1992
1958	1993
1958	1994
1959	1960
1959	1961
1959	1962
1959	1963
1959	1964
1959	1994
1960	1961
1960	1962
1960	1963
1960	1994
1961	1962
1961	1963
1961	1992
1961	1993
1961	1994
1961	1995
1962	1963
1962	1964
1962	1967
1962	1991
1962	1992
1962	1993
1962	1994
1963	1964
1963	1965
1963	1966
1963	1967
1963	1968
1963	1971
1963	1992
1963	1993
1963	1994
1964	1965
1964	1966
1964	1967
1964	1968
1964	1969
1964	1987
1964	1988
1964	1991
1964	1992
1964	1993
1964	1999
1965	1966
1965	1967
1965	1968
1965	1969
1965	1970
1965	1977
1965	1981
1966	1967
1966	1968
1966	1969
1966	1970
1966	1971
1966	1978
1966	1981
1966	1982
1966	1987
1966	1988
1966	1989
1966	1990
1966	1999
1966	2002
1967	1968
1967	1969
1967	1970
1967	1971
1967	1972
1967	1981
1967	1990
1967	1991
1967	1992
1967	1993
1967	1997
1967	1998
1967	1999
1967	2002
1968	1969
1968	1970
1968	1971
1968	1972
1968	1973
1968	1974
1968	2002
1969	1970
1969	1971
1969	1972
1969	1973
1969	1974
1969	1975
1969	1977
1969	1978
1969	1981
1970	1971
1970	1972
1970	1973
1970	1974
1970	1978
1970	1999
1970	2002
1970	2003
1971	1972
1971	1973
1971	1974
1971	2002
1972	1973
1972	1974
1972	1975
1973	1974
1973	1975
1973	1976
1974	1975
1974	1976
1974	1977
1974	1978
1974	1979
1975	1976
1975	1977
1975	1978
1975	1979
1975	1980
1976	1977
1976	1978
1976	1979
1976	1980
1976	1981
1976	1983
1977	1978
1977	1979
1977	1980
1977	1981
1977	1982
1978	1979
1978	1980
1978	1981
1978	1982
1978	1983
1979	1980
1979	1981
1979	1982
1979	1983
1979	1984
1980	1981
1980	1982
1980	1983
1980	1984
1980	1987
1981	1982
1981	1983
1981	1984
1981	1985
1981	1987
1981	1989
1982	1983
1982	1984
1982	1985
1982	1987
1982	1989
1983	1984
1983	1985
1983	1987
1984	1985
1984	1986
1984	1987
1984	1988
1984	1989
1985	1986
1985	1987
1985	1988
1986	1987
1986	1988
1987	1988
1987	1989
1987	1990
1988	1989
1988	1990
1988	1991
1988	1992
1988	1999
1989	1990
1989	1991
1989	1998
1989	1999
1989	2000
1990	1991
1990	1992
1990	1997
1990	1998
1990	1999
1991	1992
1991	1993
1991	1996
1991	1997
1991	1998
1991	1999
1992	1993
1992	1994
1992	1995
1992	1996
1992	1997
1992	1998
1992	1999
1993	1994
1993	1995
1993	1996
1993	1997
1993	1998
1993	2002
1994	1995
1994	1996
1994	1997
1995	1996
1995	1997
1996	1997
1996	1998
1996	2001
1997	1998
1997	1999
1997	2001
1997	2002
1998	1999
1998	2000
1998	2001
1998	2002
1998	2003
1999	2000
1999	2001
1999	2002
1999	2003
2000	2001
2000	2002
2000	2003
2001	2002
2001	2003
2002	2003
