1	2
1	3
1	4
1	30
2	3
2	4
2	5
2	6
2	25
3	4
3	5
3	6
3	7
3	8
3	25
3	30
3	31
3	32
3	33
4	5
4	6
4	7
4	8
4	9
5	6
5	7
5	8
5	9
5	10
5	18
5	21
5	24
6	7
6	8
6	9
6	10
6	11
6	18
6	21
6	22
6	25
6	32
6	33
6	36
6	40
7	8
7	9
7	10
7	11
7	12
7	18
7	32
7	36
7	87
8	9
8	10
8	11
8	12
8	13
9	10
9	11
9	12
9	13
9	14
9	15
9	17
9	18
9	19
9	21
10	11
10	12
10	13
10	14
10	15
10	18
10	36
10	39
10	40
10	43
10	90
11	12
11	13
11	35
11	36
11	39
11	90
12	13
12	14
13	14
13	15
13	16
14	15
14	16
14	17
14	18
14	19
14	44
15	16
15	17
15	18
15	19
15	20
15	39
15	40
15	43
15	44
16	17
16	18
16	19
16	20
16	40
16	44
17	18
17	19
17	20
17	21
17	22
18	19
18	20
18	21
18	22
18	23
18	36
18	40
19	20
19	21
19	22
19	23
19	24
19	37
19	40
19	41
19	44
19	46
20	21
20	22
20	23
20	24
21	22
21	23
21	24
21	25
21	33
22	23
22	24
22	25
22	26
22	27
22	33
22	36
22	37
22	38
22	40
23	24
23	25
23	26
23	37
24	25
24	26
25	26
25	27
25	28
25	33
26	27
26	28
26	29
27	28
27	29
27	30
27	33
27	37
27	50
28	29
28	30
28	31
28	33
29	30
29	31
29	33
29	34
29	54
30	31
30	32
30	33
30	34
30	35
31	32
31	33
31	34
31	35
31	36
31	54
31	56
31	57
31	85
31	87
32	33
32	34
32	35
32	36
32	37
32	56
32	87
33	34
33	35
33	36
33	37
33	38
34	35
34	36
34	37
34	38
34	39
34	50
34	51
34	54
34	56
34	57
34	58
34	60
35	36
35	37
35	38
35	39
35	40
35	56
35	60
35	87
35	88
35	90
35	91
36	37
36	38
36	39
36	40
36	41
36	87
37	38
37	39
37	40
37	41
37	42
37	47
37	50
38	39
38	40
38	41
38	42
38	43
38	47
38	50
38	60
39	40
39	41
39	42
39	43
39	44
39	47
39	60
39	63
39	90
39	91
39	94
40	41
40	42
40	43
40	44
40	45
41	42
41	43
41	44
41	45
41	46
41	47
41	48
41	50
42	43
42	44
42	45
42	46
42	47
42	63
42	64
42	67
43	44
43	45
43	46
44	45
44	46
44	47
45	46
45	47
46	47
46	48
47	48
47	49
47	50
47	57
47	60
47	61
47	64
48	49
48	50
48	51
48	61
49	50
49	51
49	52
49	57
49	61
50	51
50	52
50	54
50	57
50	61
51	52
51	53
51	54
51	56
51	57
51	58
51	61
52	53
52	54
52	55
52	57
52	58
52	61
53	54
53	55
53	56
53	58
54	55
54	56
54	57
54	58
54	59
55	56
55	57
55	58
55	59
55	82
55	88
56	57
56	58
56	59
56	60
56	61
56	85
56	87
56	88
56	91
57	58
57	59
57	60
57	61
57	62
58	59
58	60
58	61
58	62
58	63
58	78
59	60
59	61
59	62
59	63
59	64
59	75
59	78
59	79
59	87
59	88
59	89
59	91
59	92
60	61
60	62
60	63
60	64
60	65
60	91
61	62
61	63
61	64
61	65
61	66
62	63
62	64
62	65
62	66
62	67
62	71
62	74
62	75
62	78
63	64
63	65
63	66
63	67
63	68
63	75
63	90
63	91
63	92
63	94
63	95
64	65
64	66
64	67
64	68
64	69
65	66
65	67
65	68
65	69
65	70
65	71
65	74
66	67
66	68
66	69
66	70
66	71
66	72
66	73
66	75
66	94
66	95
67	68
67	69
67	70
67	71
67	95
68	69
68	70
69	70
69	71
69	72
70	71
70	72
71	72
71	73
71	74
71	75
72	73
72	74
72	75
72	76
72	77
72	92
72	95
73	74
73	75
73	76
73	77
73	78
74	75
74	76
74	77
74	78
74	79
75	76
75	77
75	78
75	79
75	80
75	88
75	91
75	92
75	95
76	77
76	78
76	79
76	80
76	92
77	78
77	79
77	80
77	82
78	79
78	80
78	82
78	84
78	88
79	80
79	81
79	82
79	83
79	84
79	88
79	89
79	92
80	81
80	82
80	84
81	82
81	83
82	83
82	84
83	84
83	85
83	88
84	85
84	86
84	88
84	89
85	86
85	87
85	88
85	89
85	90
86	87
86	88
86	89
86	90
86	91
87	88
87	89
87	90
87	91
87	92
88	89
88	90
88	91
88	92
88	93
89	90
89	91
89	92
89	93
89	94
90	91
90	92
90	93
90	94
90	95
91	92
91	93
91	94
91	95
92	93
92	94
92	95
93	94
93	95
94	95
