312	313
312	314
312	345
312	346
312	347
312	348
313	314
313	315
313	316
313	317
313	318
313	343
313	346
313	347
314	315
314	316
314	317
314	318
314	319
314	346
314	347
314	350
315	316
315	317
315	318
315	319
315	320
316	317
316	318
316	319
316	320
316	321
316	343
316	346
317	318
317	319
317	320
317	321
317	322
317	342
317	343
317	344
317	346
317	347
317	350
318	319
318	320
318	321
318	322
318	323
318	343
318	347
318	350
319	320
319	321
319	322
319	323
319	324
319	350
320	321
320	322
320	323
320	324
320	325
320	339
320	340
320	342
320	343
320	344
320	346
321	322
321	323
321	324
321	325
321	326
321	339
321	340
321	343
321	350
321	352
321	353
321	354
321	356
322	323
322	324
322	325
322	326
322	327
323	324
323	325
323	326
323	327
323	328
323	339
324	325
324	326
324	327
324	328
324	329
324	332
324	335
324	336
324	337
324	339
324	340
325	326
325	327
325	328
325	329
325	330
325	336
325	340
325	356
326	327
326	328
326	329
326	330
326	331
327	328
327	329
327	330
327	331
327	332
327	333
327	335
327	336
327	339
328	329
328	330
328	331
328	332
328	333
328	336
328	340
328	355
328	356
328	357
328	359
328	360
328	363
329	330
329	331
329	332
330	331
330	332
331	332
331	333
331	334
332	333
332	334
332	335
332	336
332	337
332	338
333	334
333	335
333	336
333	337
333	338
333	360
333	363
333	364
334	335
334	336
334	337
334	338
334	339
334	364
335	336
335	337
335	338
335	339
335	340
336	337
336	338
336	339
336	340
336	341
336	357
336	360
337	338
337	339
337	340
337	341
337	342
337	357
337	360
337	361
337	364
338	339
338	340
338	341
338	342
338	343
339	340
339	341
339	342
339	343
339	344
340	341
340	342
340	343
340	344
340	345
340	352
340	353
340	356
340	357
340	360
341	342
341	343
341	344
341	345
341	346
341	357
341	361
341	366
341	369
341	373
342	343
342	344
342	345
342	346
342	347
343	344
343	345
343	346
343	347
343	348
343	350
343	353
344	345
344	346
344	347
344	348
344	349
344	350
344	351
344	353
344	354
344	357
344	373
345	346
345	347
345	348
346	347
346	348
347	348
347	349
347	350
347	351
347	353
347	354
348	349
348	350
348	351
348	354
348	376
348	379
348	380
349	350
349	351
349	354
349	376
349	379
349	380
350	351
350	352
350	353
350	354
350	355
350	377
350	380
351	352
351	353
351	354
351	355
351	356
351	373
351	376
351	377
351	378
351	380
351	381
351	384
352	353
352	354
352	355
352	356
352	357
352	377
352	384
353	354
353	355
353	356
353	357
353	358
353	373
354	355
354	356
354	357
354	358
354	359
354	370
354	372
354	373
354	374
354	376
354	377
354	379
354	380
355	356
355	357
355	358
355	359
355	360
355	373
355	374
355	377
355	384
355	386
355	387
355	390
356	357
356	358
356	359
356	360
356	361
356	374
357	358
357	359
357	360
357	361
357	362
357	370
357	373
358	359
358	360
358	361
358	362
358	363
358	366
358	369
358	370
358	371
358	373
358	374
358	394
359	360
359	361
359	362
359	363
359	364
359	370
359	374
359	390
360	361
360	362
360	363
360	364
360	365
360	366
360	374
361	362
361	363
361	364
361	365
361	366
361	367
361	369
361	370
361	373
362	363
362	364
362	365
362	366
362	367
362	370
362	374
362	390
362	391
362	393
362	394
362	397
363	364
363	365
363	366
363	367
364	365
364	366
364	367
365	366
365	367
365	368
365	397
366	367
366	368
366	369
366	370
366	371
367	368
367	369
367	370
367	371
367	372
367	394
367	397
367	398
368	369
368	370
368	371
368	372
368	373
368	375
368	394
368	398
369	370
369	371
369	372
369	373
369	374
370	371
370	372
370	373
370	374
370	375
370	394
371	372
371	373
371	374
371	375
371	376
371	391
371	394
371	395
371	398
372	373
372	374
372	375
372	376
372	377
373	374
373	375
373	376
373	377
373	378
374	375
374	376
374	377
374	378
374	379
374	386
374	387
374	388
374	390
374	391
374	394
375	376
375	377
375	378
375	379
375	380
375	391
376	377
376	378
376	379
376	380
376	381
377	378
377	379
377	380
377	381
377	382
377	384
377	387
378	379
378	380
378	381
378	382
378	383
378	384
378	387
378	388
378	391
379	380
379	381
379	382
380	381
380	382
381	382
381	383
381	384
381	385
381	388
382	383
382	384
382	385
382	388
382	414
383	384
383	385
383	386
383	388
383	414
383	415
384	385
384	386
384	387
384	388
384	389
384	414
385	386
385	387
385	388
385	389
385	390
385	407
385	411
385	412
385	414
385	415
385	418
386	387
386	388
386	389
386	390
386	391
386	411
386	418
387	388
387	389
387	390
387	391
387	392
387	418
388	389
388	390
388	391
388	392
388	393
388	404
388	406
388	407
388	408
388	410
388	411
388	414
389	390
389	391
389	392
389	393
389	394
389	407
389	408
389	411
389	418
390	391
390	392
390	393
390	394
390	395
390	408
391	392
391	393
391	394
391	395
391	396
391	404
391	407
391	408
392	393
392	394
392	395
392	396
392	397
392	400
392	403
392	404
392	405
392	407
392	408
393	394
393	395
393	396
393	397
393	398
393	404
393	407
393	408
394	395
394	396
394	397
394	398
394	399
394	408
395	396
395	397
395	398
395	399
395	400
395	401
395	403
395	404
395	407
396	397
396	398
396	399
396	400
396	401
396	404
396	408
397	398
397	399
397	400
398	399
398	400
399	400
399	401
399	402
400	401
400	402
400	403
400	404
400	405
401	402
401	403
401	404
401	405
401	406
402	403
402	404
402	405
402	406
402	407
403	404
403	405
403	406
403	407
403	408
404	405
404	406
404	407
404	408
404	409
405	406
405	407
405	408
405	409
405	410
406	407
406	408
406	409
406	410
406	411
407	408
407	409
407	410
407	411
407	412
408	409
408	410
408	411
408	412
408	413
409	410
409	411
409	412
409	413
409	414
410	411
410	412
410	413
410	414
410	415
411	412
411	413
411	414
411	415
411	416
411	418
412	413
412	414
412	415
412	416
412	417
412	418
413	414
413	415
413	416
414	415
414	416
415	416
415	417
415	418
416	417
416	418
417	418
