242	243
242	244
242	245
242	250
242	253
243	244
243	245
243	246
243	250
243	276
244	245
244	246
244	250
244	276
245	246
245	247
245	249
245	250
245	253
245	273
245	276
246	247
246	248
246	249
246	250
246	251
246	273
246	276
246	277
247	248
247	249
247	250
247	251
247	252
247	266
247	267
247	268
247	270
247	271
247	273
247	276
248	249
248	250
248	251
248	252
248	253
248	255
248	270
248	273
249	250
249	251
249	252
249	253
249	254
250	251
250	252
250	253
250	254
250	255
250	264
250	266
250	267
250	270
250	273
250	276
251	252
251	253
251	254
251	255
251	256
251	260
251	261
251	262
251	263
251	267
252	253
252	254
252	255
252	256
252	257
253	254
253	255
253	256
253	257
253	258
254	255
254	256
254	257
254	258
254	259
254	260
254	261
254	262
254	267
255	256
255	257
255	258
255	259
255	260
255	261
255	262
256	257
256	258
256	259
256	260
257	258
257	259
258	259
258	260
259	260
259	261
260	261
260	262
260	263
261	262
261	263
262	263
262	264
262	267
262	268
263	264
263	265
263	267
263	268
264	265
264	266
264	267
264	268
264	269
265	266
265	267
265	268
265	269
265	270
265	271
266	267
266	268
266	269
266	270
266	271
266	272
266	273
266	276
267	268
267	269
267	270
268	269
268	270
269	270
269	271
269	272
270	271
270	272
270	273
270	274
271	272
271	273
271	274
271	275
272	273
272	274
272	275
272	276
272	277
273	274
273	275
273	276
273	277
273	278
274	275
274	276
274	277
274	278
274	279
275	276
275	277
275	278
276	277
276	278
277	278
277	279
278	279
278	280
279	280
279	281
279	285
279	286
280	281
280	282
280	285
280	286
281	282
281	283
281	285
281	286
282	283
282	284
282	285
282	286
283	284
283	285
284	285
284	286
285	286
