1	2
1	3
1	8
2	3
2	4
2	7
2	8
3	4
3	5
3	6
3	7
3	8
3	11
4	5
4	6
4	7
4	8
4	9
5	6
5	7
5	8
5	9
5	10
6	7
6	8
6	9
6	10
6	11
6	46
7	8
7	9
7	10
7	11
7	12
8	9
8	10
8	11
8	12
8	13
8	41
9	10
9	11
9	12
9	13
9	14
9	41
9	42
9	43
9	46
9	49
10	11
10	12
10	13
10	14
10	15
10	46
11	12
11	13
11	14
11	15
11	16
11	18
12	13
12	14
12	15
12	16
12	17
12	34
12	37
12	38
12	39
12	41
12	42
12	49
13	14
13	15
13	16
13	17
13	18
13	38
13	42
13	46
13	47
13	48
13	49
13	50
14	15
14	16
14	17
14	18
14	19
14	49
15	16
15	17
15	18
15	19
15	20
15	34
15	35
15	37
15	38
16	17
16	18
16	19
16	20
16	21
16	34
16	35
16	38
16	42
16	49
16	50
16	52
16	53
17	18
17	19
17	20
17	21
17	22
17	48
17	49
17	52
18	19
18	20
18	21
18	22
18	23
18	30
18	31
18	33
18	34
19	20
19	21
19	22
19	23
19	24
19	27
19	30
19	31
19	32
19	34
19	35
19	53
20	21
20	22
20	23
20	24
20	25
20	31
20	52
20	55
21	22
21	23
21	24
21	25
21	26
21	27
22	23
22	24
22	25
22	26
22	27
22	28
22	30
22	31
22	34
23	24
23	25
23	26
23	27
23	28
23	31
24	25
24	26
24	27
25	26
25	27
26	27
26	28
27	28
27	29
27	30
27	31
27	32
28	29
28	30
28	31
28	32
28	33
29	30
29	31
29	32
29	33
29	34
30	31
30	32
30	33
30	34
30	35
31	32
31	33
31	34
31	35
31	36
32	33
32	34
32	35
32	36
32	37
33	34
33	35
33	36
33	37
33	38
34	35
34	36
34	37
34	38
34	39
34	53
35	36
35	37
35	38
35	39
35	40
35	52
35	53
35	54
36	37
36	38
36	39
36	40
36	41
36	53
37	38
37	39
37	40
37	41
37	42
38	39
38	40
38	41
38	42
38	49
38	50
38	53
39	40
39	41
39	42
39	43
39	49
39	50
39	51
39	53
39	54
40	41
40	42
40	50
41	42
41	43
41	50
42	43
42	44
42	46
42	49
42	50
42	53
43	44
43	45
43	46
43	47
43	50
44	45
44	46
44	47
44	50
45	46
45	47
45	48
46	47
46	48
46	49
46	50
46	51
47	48
47	49
47	50
47	51
47	52
48	49
48	50
48	51
48	52
48	53
49	50
49	51
49	52
49	53
49	54
50	51
50	52
50	53
50	54
50	55
51	52
51	53
51	54
51	55
52	53
52	54
52	55
53	54
53	55
54	55
