384	385
384	386
384	387
384	388
384	389
384	390
385	386
385	387
385	388
385	389
385	390
385	391
385	392
385	408
386	387
386	388
386	389
386	390
386	391
386	394
387	388
387	389
387	390
387	391
388	389
388	390
388	391
388	392
388	393
389	390
389	391
389	392
389	393
389	394
389	408
390	391
390	392
390	393
390	394
390	395
390	408
391	392
391	393
391	394
391	395
391	396
391	408
392	393
392	394
392	395
392	396
392	397
392	399
393	394
393	395
393	396
393	397
393	398
393	404
393	406
393	407
393	408
394	395
394	396
394	397
394	398
394	399
394	404
394	405
394	408
395	396
395	397
395	398
395	399
395	400
396	397
396	398
396	399
396	400
396	401
396	402
397	398
397	399
397	400
397	401
397	402
397	403
397	404
397	405
397	406
397	407
397	408
398	399
398	400
398	401
398	402
398	403
398	404
399	400
399	401
399	402
400	401
400	402
401	402
401	403
402	403
402	404
402	405
402	406
403	404
403	405
403	406
404	405
404	406
404	407
404	408
405	406
405	407
405	408
405	409
406	407
406	408
406	409
407	408
407	409
407	410
408	409
408	410
409	410
409	411
410	411
410	412
410	413
411	412
411	413
412	413
