42	43
42	44
43	44
43	45
43	46
43	47
43	48
43	124
44	45
44	46
44	47
44	48
44	49
45	46
45	47
45	48
45	49
45	117
45	120
45	124
46	47
46	48
46	49
46	51
46	120
46	121
46	124
46	133
47	48
47	49
47	51
47	52
48	49
48	51
48	52
48	53
48	117
49	51
49	52
49	53
49	54
49	117
49	120
49	121
51	52
51	53
51	54
51	55
51	56
52	53
52	54
52	55
52	56
52	109
52	113
52	114
52	117
53	54
53	55
53	56
53	57
53	113
53	114
53	115
53	117
53	118
53	121
53	137
53	140
53	141
53	144
54	55
54	56
54	57
54	58
54	59
54	140
55	56
55	57
55	58
55	59
55	60
55	61
55	109
55	110
55	113
55	140
56	57
56	58
56	59
56	104
56	109
56	110
56	111
56	113
56	114
56	140
56	141
56	144
56	147
57	58
57	59
57	68
57	69
57	104
57	110
57	140
57	143
57	144
57	147
58	59
58	60
58	65
58	68
58	69
58	147
59	60
59	61
59	62
59	64
59	65
59	68
59	69
59	109
59	110
59	147
60	61
60	62
60	65
60	109
61	62
61	63
61	64
61	65
61	66
61	109
62	63
62	64
62	65
62	66
62	67
63	64
63	65
63	66
63	67
63	68
63	103
64	65
64	66
64	67
64	68
64	69
64	103
64	107
64	109
64	110
65	66
65	67
65	68
65	69
65	70
65	71
66	67
66	68
66	69
66	70
66	71
66	72
66	87
67	68
67	69
67	70
67	71
67	72
67	73
67	91
67	99
67	100
67	101
67	103
67	104
68	69
68	70
68	71
68	72
68	73
68	74
68	103
68	104
68	110
68	147
69	70
69	71
69	72
69	73
69	74
69	75
69	80
69	104
69	147
70	71
70	72
70	73
70	74
70	75
70	80
70	81
70	82
71	72
71	73
71	74
71	75
71	76
71	80
71	82
71	87
71	91
71	92
71	100
72	73
72	74
72	75
72	76
72	77
72	82
72	91
72	100
72	101
72	104
72	151
73	74
73	75
73	76
73	77
73	78
73	79
73	80
74	75
74	76
74	77
74	78
74	79
74	80
74	81
75	76
75	77
75	78
75	79
75	80
75	81
75	82
75	92
76	77
76	78
76	79
76	80
76	91
76	92
76	94
77	78
77	79
77	80
78	79
78	80
79	80
79	81
80	81
80	82
80	92
81	82
81	83
81	92
82	83
82	84
82	87
82	90
82	91
82	92
82	93
82	100
83	84
83	85
83	87
84	85
84	86
84	87
84	88
85	86
85	87
85	88
86	87
86	88
86	89
87	88
87	89
87	90
87	93
87	100
88	89
88	90
88	93
88	95
89	90
89	91
89	93
89	95
89	96
89	97
89	100
90	91
90	92
90	93
90	94
90	95
90	96
90	97
90	100
91	92
91	93
91	94
91	95
91	96
91	100
91	101
92	93
92	94
92	95
92	100
93	94
93	95
93	96
94	95
94	96
95	96
95	97
96	97
96	98
96	100
96	101
97	98
97	99
97	100
97	101
97	102
98	99
98	100
98	101
98	102
98	103
99	100
99	101
99	102
99	103
100	101
100	102
100	103
100	104
101	102
101	103
101	104
101	105
101	152
102	103
102	104
102	105
102	106
102	107
102	152
103	104
103	105
103	106
103	107
103	108
103	110
103	152
104	105
104	106
104	107
104	110
104	111
104	144
104	147
104	148
104	151
104	152
105	106
105	107
105	110
105	111
105	148
105	152
106	107
106	108
106	109
106	111
106	152
107	108
107	109
107	110
107	111
107	112
107	113
108	109
108	110
108	111
108	112
108	113
108	114
109	110
109	111
109	112
109	113
109	114
110	111
110	112
110	113
110	114
110	115
110	144
110	148
111	112
111	113
111	114
111	115
111	116
111	148
112	113
112	114
112	115
112	116
112	117
113	114
113	115
113	116
113	117
113	118
114	115
114	116
114	117
114	118
114	119
114	137
114	140
114	141
114	144
115	116
115	117
115	118
115	119
115	120
115	141
116	117
116	118
116	119
116	120
116	121
117	118
117	119
117	120
117	121
117	122
117	137
118	119
118	120
118	121
118	122
118	123
118	134
118	137
118	138
118	141
119	120
119	121
119	122
119	123
119	124
119	134
120	121
120	122
120	123
120	124
120	125
121	122
121	123
121	124
121	125
121	126
121	133
121	134
121	135
121	137
122	123
122	124
122	125
122	126
122	127
122	134
123	124
123	125
123	126
123	127
123	128
124	125
124	126
124	127
124	128
124	129
124	130
124	133
125	126
125	127
125	128
125	129
125	130
125	131
125	132
125	133
125	134
125	135
126	127
126	128
126	129
126	130
127	128
127	129
127	130
128	129
128	130
128	133
129	130
129	131
130	131
130	132
130	133
130	134
131	132
131	133
131	134
131	135
131	136
132	133
132	134
132	135
132	136
132	137
133	134
133	135
133	136
133	137
133	138
134	135
134	136
134	137
134	138
134	139
134	141
135	136
135	137
135	138
135	139
135	140
136	137
136	138
136	139
136	140
136	141
137	138
137	139
137	140
137	141
137	142
138	139
138	140
138	141
138	142
138	143
139	140
139	141
139	142
139	143
139	144
140	141
140	142
140	143
140	144
141	142
141	143
141	144
141	146
142	143
142	144
142	146
142	147
143	144
143	146
143	147
144	146
144	147
144	148
144	149
146	147
146	148
146	149
146	150
146	151
147	148
147	149
147	150
147	151
147	152
148	149
148	150
148	151
148	152
148	153
149	150
149	151
149	152
149	153
150	151
150	152
150	153
151	152
151	153
152	153
