588	589
588	590
589	590
589	591
589	592
590	591
590	592
590	595
591	592
591	593
591	594
591	595
591	596
592	593
592	594
592	595
592	596
592	597
593	594
593	595
593	596
593	597
593	598
594	595
594	596
594	597
594	598
594	599
595	596
595	597
595	598
595	599
595	600
596	597
596	598
596	599
596	600
596	601
597	598
597	599
597	600
597	601
597	602
598	599
598	600
598	601
598	602
598	603
599	600
599	601
599	602
599	603
599	604
600	601
600	602
600	603
600	604
600	605
601	602
601	603
601	604
601	605
601	606
602	603
602	604
602	605
602	606
602	607
603	604
603	605
603	606
603	607
604	605
604	606
604	607
605	606
605	607
606	607
