588	589
588	590
589	590
589	591
589	592
590	591
590	592
590	595
591	592
591	593
591	594
591	595
591	596
592	593
592	594
592	595
592	596
592	597
593	594
593	595
593	596
593	597
593	598
593	622
594	595
594	596
594	597
594	598
594	599
594	622
595	596
595	597
595	598
595	599
595	600
596	597
596	598
596	599
596	600
596	601
597	598
597	599
597	600
597	601
597	602
597	618
597	619
597	622
598	599
598	600
598	601
598	602
598	603
598	619
599	600
599	601
599	602
599	603
599	604
600	601
600	602
600	603
600	604
600	605
600	611
600	615
600	619
601	602
601	603
601	604
601	605
601	606
601	611
601	616
601	619
601	620
602	603
602	604
602	605
602	606
602	607
603	604
603	605
603	606
603	607
603	608
603	610
603	611
604	605
604	606
604	607
604	608
604	609
604	610
604	611
604	616
605	606
605	607
605	608
606	607
606	608
607	608
607	609
607	610
607	611
608	609
608	610
608	611
609	610
609	611
609	612
610	611
610	612
610	615
611	612
611	613
611	615
611	616
611	619
612	613
612	614
612	615
612	616
612	617
613	614
613	615
613	616
613	617
613	618
614	615
614	616
614	617
614	618
614	619
615	616
615	617
615	618
615	619
615	620
616	617
616	618
616	619
616	620
616	621
617	618
617	619
617	620
617	621
617	622
618	619
618	620
618	621
618	622
619	620
619	621
619	622
620	621
620	622
621	622
