35	36
35	37
35	38
35	39
35	40
36	37
36	38
36	39
36	40
36	41
37	38
37	39
37	40
37	41
37	42
38	39
38	40
38	41
38	42
38	43
39	40
39	41
39	42
39	43
39	44
40	41
40	42
40	43
40	44
40	45
41	42
41	43
41	44
41	45
41	46
42	43
42	44
42	45
43	44
43	45
44	45
44	46
45	46
45	47
46	47
46	48
47	48
47	49
48	49
48	50
49	50
49	51
49	78
50	51
50	52
50	78
50	81
50	82
51	52
51	53
51	78
51	82
52	53
52	54
52	56
52	57
52	82
53	54
53	55
53	56
53	57
53	82
54	55
54	56
54	57
54	81
54	82
55	56
55	57
55	58
55	81
55	82
55	83
55	109
56	57
56	58
56	60
56	82
56	83
57	58
57	59
57	60
57	61
57	78
57	79
57	82
57	83
57	84
57	85
58	59
58	60
58	82
58	83
58	84
58	109
59	60
59	61
59	83
59	84
59	85
60	61
60	62
60	83
60	84
60	85
60	86
61	62
61	63
61	84
61	85
61	86
61	87
62	63
62	64
62	79
62	84
62	85
62	86
62	87
62	88
63	64
63	65
63	85
63	86
63	87
63	88
63	89
64	65
64	66
64	67
64	68
64	72
64	73
64	75
64	76
64	79
64	86
64	87
64	88
64	89
64	90
65	66
65	67
65	68
65	72
65	87
65	88
65	89
65	90
66	67
66	68
66	69
66	70
66	71
66	72
66	73
66	88
66	89
66	90
66	96
67	68
67	69
67	72
67	73
67	74
67	76
67	88
67	89
67	90
67	96
67	99
67	103
68	69
68	70
68	72
68	73
68	76
68	88
68	89
68	90
68	95
68	96
68	99
69	70
69	71
69	72
69	73
69	74
69	95
69	96
69	99
70	71
70	72
70	73
70	74
70	75
71	72
71	73
71	74
71	75
71	76
72	73
72	74
72	75
72	76
72	77
72	88
73	74
73	75
73	76
73	77
73	78
73	98
73	99
73	102
73	103
74	75
74	76
74	77
74	78
74	79
75	76
75	77
75	78
75	79
75	80
75	86
76	77
76	78
76	79
76	80
76	81
76	86
76	87
76	88
76	99
76	103
77	78
77	79
77	80
77	81
77	82
77	86
77	99
77	103
77	106
77	107
78	79
78	80
78	81
78	82
78	83
79	80
79	81
79	82
79	83
79	84
79	85
79	86
79	109
80	81
80	82
80	83
80	84
80	85
80	86
80	103
80	104
80	107
80	108
80	109
81	82
81	83
81	84
81	103
81	106
81	107
81	109
82	83
82	84
82	109
83	84
83	85
83	109
84	85
84	86
84	109
85	86
85	87
85	109
86	87
86	88
87	88
87	89
88	89
88	90
88	95
88	96
88	97
88	99
88	100
88	103
89	90
89	91
89	96
90	91
90	92
90	93
90	96
91	92
91	93
91	96
92	93
92	94
92	95
92	96
92	97
93	94
93	95
93	96
93	97
93	98
94	95
94	96
94	97
94	98
94	99
95	96
95	97
95	98
95	99
95	100
96	97
96	98
96	99
96	100
96	101
97	98
97	99
97	100
97	101
97	102
98	99
98	100
98	101
98	102
98	103
99	100
99	101
99	102
99	103
99	104
100	101
100	102
100	103
100	104
100	105
100	109
101	102
101	103
101	104
101	105
101	106
102	103
102	104
102	105
102	106
102	107
103	104
103	105
103	106
103	107
103	108
103	109
104	105
104	106
104	107
104	108
104	109
105	106
105	107
105	108
105	109
106	107
106	108
107	108
107	109
108	109
