35	36
35	37
35	38
35	39
35	40
36	37
36	38
36	39
36	40
36	41
37	38
37	39
37	40
37	41
37	42
38	39
38	40
38	41
38	42
38	43
39	40
39	41
39	42
39	43
39	44
40	41
40	42
40	43
40	44
40	45
40	263
40	266
40	267
40	268
40	269
40	270
41	42
41	43
41	44
41	45
41	46
41	268
42	43
42	44
42	45
43	44
43	45
44	45
44	46
44	267
44	268
44	269
44	270
44	276
45	46
45	47
45	270
45	276
46	47
46	48
46	270
46	273
46	276
47	48
47	49
47	270
47	273
47	275
47	276
47	279
48	49
48	50
48	273
48	274
48	275
48	276
48	279
49	50
49	51
49	78
49	275
49	279
50	51
50	52
50	78
50	81
50	82
50	279
51	52
51	53
51	78
51	82
51	279
51	280
51	283
52	53
52	54
52	56
52	57
52	82
52	279
52	282
52	283
52	286
52	288
53	54
53	55
53	56
53	57
53	82
53	288
54	55
54	56
54	57
54	81
54	82
55	56
55	57
55	58
55	81
55	82
55	83
55	109
56	57
56	58
56	60
56	82
56	83
56	288
57	58
57	59
57	60
57	61
57	78
57	79
57	82
57	83
57	84
57	85
57	140
57	282
57	283
57	285
57	286
57	287
58	59
58	60
58	82
58	83
58	84
58	109
59	60
59	61
59	83
59	84
59	85
59	139
60	61
60	62
60	83
60	84
60	85
60	86
60	139
60	140
60	287
61	62
61	63
61	84
61	85
61	86
61	87
61	131
61	135
61	136
61	137
61	138
61	139
61	140
61	141
62	63
62	64
62	79
62	84
62	85
62	86
62	87
62	88
62	131
62	138
62	139
62	140
62	141
62	142
63	64
63	65
63	85
63	86
63	87
63	88
63	89
63	114
63	127
63	128
63	131
63	138
63	140
63	141
63	142
63	143
63	175
63	179
64	65
64	66
64	67
64	68
64	72
64	73
64	75
64	76
64	79
64	86
64	87
64	88
64	89
64	90
64	140
64	141
64	142
64	143
64	144
65	66
65	67
65	68
65	72
65	87
65	88
65	89
65	90
65	118
65	142
65	143
65	144
65	145
65	172
65	175
66	67
66	68
66	69
66	70
66	71
66	72
66	73
66	88
66	89
66	90
66	96
66	142
66	144
66	145
67	68
67	69
67	72
67	73
67	74
67	76
67	88
67	89
67	90
67	96
67	99
67	103
67	144
68	69
68	70
68	72
68	73
68	76
68	88
68	89
68	90
68	95
68	96
68	99
69	70
69	71
69	72
69	73
69	74
69	95
69	96
69	99
69	144
70	71
70	72
70	73
70	74
70	75
70	245
70	274
71	72
71	73
71	74
71	75
71	76
71	144
71	195
71	240
71	243
71	245
71	274
71	277
71	278
72	73
72	74
72	75
72	76
72	77
72	88
72	144
73	74
73	75
73	76
73	77
73	78
73	98
73	99
73	102
73	103
73	144
73	274
74	75
74	76
74	77
74	78
74	79
74	274
74	278
75	76
75	77
75	78
75	79
75	80
75	86
75	142
75	144
75	193
75	195
75	238
75	274
75	277
75	278
75	281
76	77
76	78
76	79
76	80
76	81
76	86
76	87
76	88
76	99
76	103
76	111
77	78
77	79
77	80
77	81
77	82
77	86
77	99
77	103
77	106
77	107
78	79
78	80
78	81
78	82
78	83
78	275
78	278
78	279
78	280
78	282
79	80
79	81
79	82
79	83
79	84
79	85
79	86
79	109
79	140
79	142
79	281
79	282
79	285
80	81
80	82
80	83
80	84
80	85
80	86
80	103
80	104
80	107
80	108
80	109
80	110
80	111
81	82
81	83
81	84
81	103
81	106
81	107
81	109
82	83
82	84
82	109
82	282
83	84
83	85
83	109
84	85
84	86
84	109
84	110
84	140
85	86
85	87
85	109
85	110
85	111
85	112
85	134
85	135
85	136
86	87
86	88
86	110
86	111
86	112
86	113
86	135
87	88
87	89
87	110
87	111
87	112
87	113
87	114
87	127
87	131
87	134
87	135
88	89
88	90
88	95
88	96
88	97
88	99
88	100
88	103
88	111
88	112
88	113
88	114
88	115
89	90
89	91
89	96
89	112
89	113
89	114
89	115
89	116
89	118
89	127
89	145
90	91
90	92
90	93
90	96
90	114
90	115
90	116
90	117
91	92
91	93
91	96
91	115
91	116
91	117
91	118
91	119
92	93
92	94
92	95
92	96
92	97
92	115
92	116
93	94
93	95
93	96
93	97
93	98
93	113
93	114
93	115
94	95
94	96
94	97
94	98
94	99
95	96
95	97
95	98
95	99
95	100
96	97
96	98
96	99
96	100
96	101
96	113
96	114
96	115
96	116
97	98
97	99
97	100
97	101
97	102
97	113
98	99
98	100
98	101
98	102
98	103
99	100
99	101
99	102
99	103
99	104
99	111
100	101
100	102
100	103
100	104
100	105
100	109
100	110
100	111
100	112
100	113
101	102
101	103
101	104
101	105
101	106
101	110
101	111
102	103
102	104
102	105
102	106
102	107
103	104
103	105
103	106
103	107
103	108
103	109
103	111
104	105
104	106
104	107
104	108
104	109
104	110
104	111
104	112
105	106
105	107
105	108
105	109
106	107
106	108
107	108
107	109
107	110
107	111
108	109
108	110
109	110
109	111
110	111
110	112
111	112
111	113
112	113
112	114
112	130
112	134
112	135
113	114
113	115
113	130
114	115
114	116
114	126
114	127
114	128
114	130
114	131
114	134
115	116
115	117
115	123
115	127
115	130
116	117
116	118
116	120
116	123
116	124
116	127
116	175
117	118
117	119
117	120
117	121
117	123
117	124
117	127
117	167
118	119
118	120
118	121
118	123
118	124
118	145
118	166
118	167
118	168
118	170
118	171
118	172
118	174
118	175
119	120
119	121
119	124
119	163
119	166
119	167
119	170
119	171
119	174
120	121
120	122
120	123
120	124
120	125
120	174
121	122
121	123
121	124
121	125
121	126
121	174
122	123
122	124
122	125
122	126
122	127
123	124
123	125
123	126
123	127
123	128
124	125
124	126
124	127
124	128
124	129
124	171
124	174
124	175
124	178
125	126
125	127
125	128
125	129
125	130
125	178
126	127
126	128
126	129
126	130
126	131
127	128
127	129
127	130
127	131
127	132
128	129
128	130
128	131
128	132
128	133
128	174
128	175
128	178
128	179
128	182
129	130
129	131
129	132
129	133
129	134
129	178
130	131
130	132
130	133
130	134
130	135
130	136
131	132
131	133
131	134
131	135
131	136
131	137
131	138
131	179
132	133
132	134
132	135
132	136
132	137
132	138
132	182
133	134
133	135
133	136
134	135
134	136
135	136
135	137
136	137
136	138
137	138
137	139
137	182
137	183
137	186
137	188
138	139
138	140
138	141
138	179
138	183
138	189
138	190
138	191
139	140
139	141
139	189
139	190
139	191
139	192
139	285
140	141
140	142
140	190
140	191
140	192
140	285
140	286
141	142
141	143
141	175
141	176
141	179
141	183
141	190
141	191
141	192
141	193
141	194
141	285
142	143
142	144
142	145
142	191
142	192
142	193
142	194
142	195
142	281
142	285
143	144
143	145
143	171
143	172
143	173
143	175
143	176
143	192
143	193
143	194
143	195
143	196
143	214
143	217
144	145
144	146
144	172
144	193
144	194
144	195
144	214
145	146
145	147
145	167
145	168
145	172
145	214
146	147
146	148
146	167
146	168
146	214
147	148
147	149
147	164
147	167
147	168
147	210
148	149
148	150
148	164
148	167
148	199
148	206
148	207
148	208
148	209
148	210
148	211
149	150
149	151
149	156
149	159
149	160
149	161
149	163
149	164
149	206
149	207
149	208
149	209
149	210
150	151
150	152
150	206
150	207
151	152
151	153
151	154
151	155
151	156
151	205
151	206
151	207
151	208
152	153
152	154
152	155
152	156
152	206
153	154
153	155
153	156
153	157
153	161
153	205
153	206
153	207
153	208
153	209
154	155
154	156
154	206
155	156
155	157
156	157
156	158
156	160
156	161
156	208
156	209
157	158
157	159
157	160
157	161
157	162
158	159
158	160
158	161
158	162
158	163
159	160
159	161
159	162
159	163
159	164
160	161
160	162
160	163
160	164
160	165
160	209
161	162
161	163
161	164
161	165
161	166
161	208
161	209
161	210
161	212
162	163
162	164
162	165
162	166
162	167
162	170
162	209
163	164
163	165
163	166
163	167
163	168
164	165
164	166
164	167
164	168
164	169
164	209
164	210
164	213
165	166
165	167
165	168
165	169
165	170
165	171
165	209
165	213
166	167
166	168
166	169
166	170
166	171
166	172
166	174
167	168
167	169
167	170
167	171
167	172
168	169
168	170
168	171
168	172
168	173
168	210
168	213
168	214
168	217
168	220
169	170
169	171
169	172
169	173
169	174
169	212
169	213
169	214
169	216
169	217
169	220
170	171
170	172
170	173
170	174
170	175
170	220
171	172
171	173
171	174
171	175
171	176
172	173
172	174
172	175
172	176
172	177
172	194
172	217
172	220
173	174
173	175
173	176
173	177
173	178
173	220
174	175
174	176
174	177
174	178
174	179
175	176
175	177
175	178
175	179
175	180
175	192
176	177
176	178
176	179
176	180
176	181
176	192
176	194
176	220
176	224
176	228
176	233
176	235
177	178
177	179
177	180
177	181
177	182
177	228
178	179
178	180
178	181
178	182
178	183
179	180
179	181
179	182
179	183
179	184
179	190
179	192
179	228
179	233
180	181
180	182
180	183
180	184
180	185
180	192
180	228
180	233
181	182
181	183
181	184
181	185
181	186
181	228
181	233
182	183
182	184
182	185
182	186
182	187
182	188
183	184
183	185
183	186
183	187
183	188
183	189
183	190
183	192
183	231
183	233
184	185
184	186
184	187
184	188
184	228
184	231
184	233
185	186
185	187
185	188
186	187
186	188
187	188
187	189
187	231
188	189
188	190
188	231
188	232
188	233
189	190
189	191
189	231
189	232
189	233
190	191
190	192
190	231
190	232
190	233
190	234
190	235
191	192
191	193
191	232
191	233
191	234
191	235
191	284
191	285
191	286
192	193
192	194
192	228
192	233
192	234
192	235
192	236
192	237
192	284
192	285
193	194
193	195
193	221
193	234
193	235
193	236
193	237
193	238
193	280
193	281
193	282
193	284
193	285
194	195
194	196
194	217
194	221
194	236
194	237
194	238
194	239
195	196
195	197
195	214
195	217
195	236
195	237
195	238
195	239
195	240
195	277
195	281
196	197
196	198
196	200
196	214
196	215
196	217
196	218
196	237
196	238
196	239
196	240
196	296
197	198
197	199
197	200
197	201
197	210
197	211
197	214
197	218
197	237
197	238
197	239
197	240
198	199
198	200
198	201
198	202
198	203
198	239
198	240
198	241
198	242
198	298
198	299
198	300
198	303
198	304
198	307
199	200
199	201
199	202
199	203
199	204
199	207
199	210
199	211
199	214
199	240
199	304
200	201
200	202
200	203
200	210
200	211
200	214
200	215
200	218
200	239
201	202
201	203
201	215
201	218
201	239
201	296
202	203
202	204
202	304
202	308
203	204
203	205
203	211
204	205
204	206
204	207
204	208
204	211
205	206
205	207
205	208
206	207
206	208
206	209
207	208
207	209
207	210
207	211
207	212
208	209
208	210
208	211
208	212
208	213
209	210
209	211
209	212
209	213
209	214
210	211
210	212
210	213
210	214
210	215
211	212
211	213
211	214
211	215
211	216
212	213
212	214
212	215
212	216
212	217
213	214
213	215
213	216
213	217
213	218
214	215
214	216
214	217
214	218
214	219
215	216
215	217
215	218
215	219
215	220
216	217
216	218
216	219
216	220
216	221
217	218
217	219
217	220
217	221
217	222
217	237
218	219
218	220
218	221
218	222
218	223
218	237
218	238
218	239
218	296
219	220
219	221
219	222
219	223
219	224
220	221
220	222
220	223
220	224
220	225
220	235
221	222
221	223
221	224
221	225
221	226
221	235
221	236
221	237
221	293
221	294
222	223
222	224
222	225
222	226
222	227
222	235
222	294
222	296
223	224
223	225
223	226
223	227
223	228
224	225
224	226
224	227
224	228
224	229
224	233
224	234
224	235
224	293
225	226
225	227
225	228
225	229
225	230
225	233
225	234
225	235
225	293
225	294
226	227
226	228
226	229
226	230
226	293
227	228
227	229
227	230
227	231
228	229
228	230
228	231
228	232
228	233
228	234
228	235
229	230
229	231
229	232
229	233
229	234
229	293
230	231
230	232
230	233
231	232
231	233
232	233
232	234
233	234
233	235
233	293
234	235
234	236
234	283
234	284
234	285
234	286
234	287
234	288
234	289
234	290
234	291
234	292
234	293
234	294
235	236
235	237
235	292
235	293
235	294
235	295
236	237
236	238
236	284
236	289
236	292
236	293
236	294
236	295
236	296
237	238
237	239
237	284
237	294
237	295
237	296
237	297
237	298
238	239
238	240
238	277
238	280
238	281
238	284
238	295
238	296
238	297
238	298
238	299
239	240
239	241
239	296
239	297
239	298
239	299
239	300
240	241
240	242
240	243
240	277
240	297
240	298
240	299
240	300
241	242
241	243
241	299
241	300
241	303
242	243
242	244
242	262
242	266
242	270
242	271
242	272
242	273
242	299
242	300
242	303
243	244
243	245
243	271
243	272
243	273
243	274
243	277
243	299
244	245
244	259
244	271
244	272
244	273
244	274
245	271
245	272
245	274
252	253
252	254
252	255
252	258
253	254
253	255
253	256
253	257
253	258
254	255
254	256
254	257
255	256
255	257
255	258
256	257
256	258
256	259
256	260
256	261
257	258
257	259
257	260
257	261
257	262
258	259
258	260
258	261
258	262
258	263
259	260
259	261
259	262
259	263
259	264
259	271
260	261
260	262
260	263
260	264
261	262
261	263
261	264
261	265
262	263
262	264
262	265
262	266
262	271
262	303
263	264
263	265
263	266
263	267
263	269
263	270
263	271
264	265
264	266
264	267
264	306
265	266
265	267
265	302
265	303
265	304
265	306
265	307
266	267
266	268
266	269
266	270
266	271
266	272
266	300
266	301
266	302
266	303
266	306
267	268
267	269
267	270
267	300
267	301
267	302
267	303
267	305
267	306
268	269
268	270
268	301
268	302
269	270
269	271
269	301
270	271
270	272
270	273
270	276
270	300
270	301
271	272
271	273
271	276
272	273
272	274
272	276
272	299
273	274
273	275
273	276
273	277
273	278
273	299
274	275
274	276
274	277
274	278
274	279
275	276
275	277
275	278
275	279
275	280
276	277
276	278
276	279
276	280
276	281
276	299
277	278
277	279
277	280
277	281
277	282
277	299
278	279
278	280
278	281
278	282
278	283
278	299
279	280
279	281
279	282
279	283
279	284
280	281
280	282
280	283
280	284
280	285
280	297
280	298
280	299
281	282
281	283
281	284
281	285
281	286
282	283
282	284
282	285
282	286
282	287
283	284
283	285
283	286
283	287
283	288
283	289
283	292
283	297
284	285
284	286
284	289
284	292
284	295
284	297
285	286
285	287
285	289
286	287
286	288
286	289
286	290
287	288
287	289
287	290
287	291
288	289
288	290
288	291
288	292
289	290
289	291
289	292
289	293
290	291
290	292
290	293
291	292
291	293
292	293
292	294
292	295
292	297
293	294
293	295
294	295
294	296
295	296
295	297
296	297
296	298
297	298
297	299
298	299
298	300
298	302
298	304
298	305
299	300
299	301
299	302
300	301
300	302
300	303
300	304
300	305
301	302
301	303
302	303
302	304
302	305
302	306
302	307
303	304
303	305
303	306
303	307
303	308
304	305
304	306
304	307
304	308
304	309
305	306
305	307
305	308
305	309
306	307
306	308
306	309
306	310
307	308
307	309
307	310
308	309
308	310
309	310
