1	2
1	3
1	47
1	48
1	50
1	51
1	52
1	53
2	3
2	4
2	50
2	51
2	52
2	53
3	4
3	5
3	51
3	52
3	53
3	54
3	55
4	5
4	6
4	52
4	53
4	54
4	55
4	56
5	6
5	7
5	8
5	13
5	14
5	16
5	17
5	53
5	54
5	55
5	56
5	57
6	7
6	8
6	13
6	54
6	55
6	56
6	57
7	8
7	9
7	10
7	11
7	13
7	14
7	55
7	56
7	57
8	9
8	10
8	13
8	14
8	17
8	54
8	55
8	56
8	57
8	64
8	67
9	10
9	11
9	13
9	14
9	17
9	56
9	57
9	59
9	60
9	61
9	62
9	63
9	64
9	65
9	67
9	68
9	70
9	71
10	11
10	12
10	13
10	14
10	15
10	57
10	59
10	67
10	71
11	12
11	13
11	14
11	15
11	16
11	59
11	71
11	72
11	75
11	77
12	13
12	14
12	15
12	16
12	17
13	14
13	15
13	16
13	17
13	18
13	53
14	15
14	16
14	17
14	18
14	19
14	64
14	67
14	68
14	71
14	77
14	78
15	16
15	17
15	18
15	19
15	20
15	68
15	71
15	77
15	78
16	17
16	18
16	19
16	20
16	21
16	53
17	18
17	19
17	20
17	21
17	22
17	53
17	54
17	55
17	64
18	19
18	20
18	21
18	22
18	23
18	53
18	68
18	78
19	20
19	21
19	22
19	23
19	24
19	28
19	49
20	21
20	22
20	23
20	24
20	25
20	49
20	51
20	53
21	22
21	23
21	24
21	25
21	26
21	27
21	49
21	51
21	52
21	53
22	23
22	24
22	25
22	26
22	27
22	28
23	24
23	25
23	26
23	27
23	28
23	29
23	30
23	31
23	33
23	49
24	25
24	26
24	27
24	49
24	50
24	51
24	52
25	26
25	27
25	28
26	27
26	28
27	28
27	29
28	29
28	30
29	30
29	31
29	33
30	31
30	32
30	33
30	34
30	36
30	49
31	32
31	33
32	33
32	34
33	34
33	35
33	36
33	37
33	49
34	35
34	36
34	37
34	40
35	36
35	37
35	40
35	41
35	43
35	49
36	37
36	38
36	40
36	41
36	43
36	49
37	38
37	39
37	40
37	41
38	39
38	40
38	41
39	40
39	41
40	41
40	42
40	43
40	44
41	42
41	43
41	44
42	43
42	44
42	45
42	46
43	44
43	45
43	46
43	47
43	48
44	45
44	46
44	47
44	48
44	49
45	46
45	47
45	48
46	47
46	48
47	48
47	49
47	50
48	49
48	50
48	51
49	50
49	51
50	51
50	52
51	52
51	53
52	53
52	54
53	54
53	55
54	55
54	56
55	56
55	57
56	57
56	58
57	58
57	59
57	60
58	59
58	60
59	60
59	61
59	67
59	70
59	71
60	61
60	62
61	62
61	63
61	66
61	67
61	70
62	63
62	64
62	66
63	64
63	65
63	66
63	67
63	68
64	65
64	66
64	67
64	68
64	69
65	66
65	67
65	68
65	69
65	70
66	67
66	68
66	69
66	70
66	71
67	68
67	69
67	70
67	71
67	72
68	69
68	70
68	71
68	72
68	73
68	77
68	78
69	70
69	71
69	72
69	73
69	74
70	71
70	72
70	73
70	74
70	75
71	72
71	73
71	74
71	75
71	76
71	77
72	73
72	74
72	75
72	76
72	77
72	78
72	79
72	80
73	74
73	75
73	76
73	80
74	75
74	76
75	76
75	77
75	78
76	77
76	78
76	79
76	80
77	78
77	79
78	79
78	80
79	80
