1	2
1	3
2	3
2	4
3	4
3	5
4	5
4	6
5	6
5	7
5	8
5	13
5	14
5	16
5	17
6	7
6	8
6	13
7	8
7	9
7	10
7	11
7	13
7	14
8	9
8	10
8	13
8	14
8	17
9	10
9	11
9	13
9	14
9	17
10	11
10	12
10	13
10	14
10	15
11	12
11	13
11	14
11	15
11	16
12	13
12	14
12	15
12	16
12	17
13	14
13	15
13	16
13	17
13	18
14	15
14	16
14	17
14	18
14	19
15	16
15	17
15	18
15	19
15	20
16	17
16	18
16	19
16	20
16	21
17	18
17	19
17	20
17	21
17	22
18	19
18	20
18	21
18	22
18	23
19	20
19	21
19	22
19	23
19	24
19	28
20	21
20	22
20	23
20	24
20	25
21	22
21	23
21	24
21	25
21	26
21	27
22	23
22	24
22	25
22	26
22	27
22	28
23	24
23	25
23	26
23	27
23	28
23	29
23	30
23	31
23	33
24	25
24	26
24	27
25	26
25	27
25	28
26	27
26	28
27	28
27	29
28	29
28	30
29	30
29	31
29	33
30	31
30	32
30	33
30	34
30	36
31	32
31	33
32	33
32	34
33	34
33	35
33	36
33	37
34	35
34	36
34	37
34	40
35	36
35	37
35	40
36	37
36	38
36	40
37	38
37	39
37	40
38	39
38	40
39	40
