1140	1141
1140	1142
1140	1143
1140	1144
1140	1145
1140	1148
1141	1142
1141	1143
1141	1144
1141	1145
1141	1146
1142	1143
1142	1144
1142	1145
1142	1146
1142	1147
1143	1144
1143	1145
1143	1146
1143	1147
1144	1145
1144	1146
1144	1147
1144	1148
1145	1146
1145	1147
1145	1148
1145	1149
1146	1147
1146	1148
1146	1149
1146	1150
1146	1151
1147	1148
1147	1149
1147	1150
1147	1151
1147	1152
1147	1153
1147	1177
1147	1181
1148	1149
1148	1150
1148	1151
1148	1152
1148	1153
1148	1154
1148	1301
1148	1302
1149	1150
1149	1151
1149	1152
1149	1153
1149	1154
1149	1295
1149	1296
1150	1151
1150	1152
1150	1153
1150	1154
1150	1155
1150	1178
1150	1295
1151	1152
1151	1153
1151	1154
1151	1155
1151	1156
1151	1177
1151	1178
1151	1181
1151	1182
1152	1153
1152	1154
1152	1155
1152	1156
1152	1157
1152	1181
1152	1301
1152	1304
1153	1154
1153	1155
1153	1156
1153	1157
1153	1158
1153	1160
1153	1181
1153	1295
1153	1296
1153	1297
1153	1301
1154	1155
1154	1156
1154	1157
1154	1158
1154	1159
1154	1178
1154	1181
1154	1265
1154	1293
1154	1295
1154	1296
1154	1301
1155	1156
1155	1157
1155	1158
1155	1159
1155	1160
1155	1177
1155	1178
1155	1179
1155	1181
1155	1182
1155	1183
1155	1185
1155	1186
1155	1240
1155	1265
1156	1157
1156	1158
1156	1159
1156	1160
1156	1161
1156	1178
1156	1181
1156	1182
1156	1184
1156	1185
1156	1188
1156	1189
1156	1265
1156	1301
1157	1158
1157	1159
1157	1160
1157	1161
1157	1162
1157	1263
1157	1265
1157	1293
1157	1294
1157	1295
1157	1296
1157	1301
1158	1159
1158	1160
1158	1161
1158	1162
1158	1163
1158	1164
1158	1182
1158	1240
1158	1263
1158	1264
1158	1265
1159	1160
1159	1161
1159	1162
1159	1163
1159	1164
1159	1181
1159	1182
1159	1185
1159	1186
1159	1189
1159	1240
1159	1263
1159	1265
1160	1161
1160	1162
1160	1163
1160	1164
1160	1189
1160	1263
1160	1291
1160	1296
1160	1301
1161	1162
1161	1163
1161	1164
1161	1261
1161	1263
1161	1264
1161	1265
1161	1291
1161	1292
1161	1293
1161	1294
1162	1163
1162	1164
1162	1165
1162	1238
1162	1239
1162	1240
1162	1261
1162	1262
1162	1263
1162	1291
1163	1164
1163	1165
1163	1168
1163	1189
1163	1238
1163	1261
1163	1291
1164	1165
1164	1166
1164	1167
1164	1168
1164	1170
1164	1185
1164	1186
1164	1187
1164	1189
1164	1190
1164	1191
1164	1238
1164	1240
1165	1166
1165	1167
1165	1168
1165	1169
1165	1189
1165	1190
1165	1191
1165	1192
1165	1237
1165	1238
1166	1167
1166	1168
1166	1189
1166	1190
1166	1191
1166	1192
1167	1168
1167	1169
1167	1189
1167	1190
1167	1191
1167	1192
1167	1193
1167	1237
1168	1169
1168	1170
1168	1190
1168	1191
1168	1192
1168	1193
1168	1194
1168	1237
1168	1238
1169	1170
1169	1171
1169	1191
1169	1192
1169	1193
1169	1194
1169	1231
1169	1235
1169	1236
1169	1237
1169	1238
1169	1239
1169	1257
1170	1171
1170	1172
1170	1186
1170	1191
1170	1192
1170	1193
1170	1194
1170	1195
1170	1196
1170	1236
1170	1237
1170	1238
1170	1239
1170	1240
1171	1172
1171	1173
1171	1193
1171	1194
1171	1195
1171	1196
1171	1197
1171	1223
1171	1227
1171	1236
1171	1238
1171	1239
1171	1240
1171	1241
1171	1255
1172	1173
1172	1174
1172	1175
1172	1178
1172	1179
1172	1180
1172	1182
1172	1183
1172	1186
1172	1194
1172	1195
1172	1196
1172	1197
1172	1198
1172	1238
1172	1239
1172	1240
1172	1241
1172	1242
1173	1174
1173	1175
1173	1179
1173	1195
1173	1196
1173	1197
1173	1218
1173	1223
1173	1239
1173	1240
1173	1241
1173	1242
1173	1243
1173	1244
1173	1248
1173	1251
1173	1252
1173	1255
1174	1175
1174	1176
1174	1178
1174	1179
1174	1180
1174	1183
1174	1196
1174	1197
1174	1198
1174	1218
1174	1240
1174	1242
1174	1243
1174	1244
1175	1176
1175	1177
1175	1178
1175	1179
1175	1180
1175	1183
1175	1196
1175	1197
1175	1198
1175	1199
1175	1200
1175	1203
1175	1204
1175	1207
1175	1215
1175	1242
1175	1243
1176	1177
1176	1178
1176	1179
1176	1180
1176	1181
1176	1200
1176	1203
1177	1178
1177	1179
1177	1180
1177	1181
1177	1182
1177	1200
1177	1203
1178	1179
1178	1180
1178	1181
1178	1182
1178	1183
1178	1242
1178	1265
1178	1266
1179	1180
1179	1181
1179	1182
1179	1183
1179	1184
1179	1242
1179	1265
1180	1181
1180	1182
1180	1183
1180	1184
1180	1185
1180	1202
1180	1203
1180	1204
1180	1206
1180	1207
1180	1208
1180	1210
1180	1242
1181	1182
1181	1183
1181	1184
1181	1185
1181	1186
1181	1210
1182	1183
1182	1184
1182	1185
1182	1186
1182	1187
1182	1240
1182	1265
1183	1184
1183	1185
1183	1186
1183	1187
1183	1188
1183	1194
1183	1195
1183	1196
1183	1207
1183	1208
1183	1210
1183	1211
1183	1212
1183	1215
1183	1240
1184	1185
1184	1186
1184	1187
1184	1188
1184	1189
1184	1194
1184	1210
1184	1211
1185	1186
1185	1187
1185	1188
1185	1189
1185	1190
1185	1210
1186	1187
1186	1188
1186	1189
1186	1190
1186	1191
1186	1194
1186	1240
1187	1188
1187	1189
1187	1190
1187	1191
1187	1194
1187	1209
1187	1210
1187	1211
1188	1189
1188	1190
1188	1191
1189	1190
1189	1191
1190	1191
1190	1192
1191	1192
1191	1193
1191	1194
1192	1193
1192	1194
1192	1211
1192	1213
1193	1194
1193	1195
1193	1213
1193	1214
1193	1230
1193	1231
1194	1195
1194	1196
1194	1210
1194	1211
1194	1212
1194	1213
1194	1214
1194	1215
1195	1196
1195	1197
1195	1212
1195	1213
1195	1214
1195	1215
1195	1216
1195	1227
1195	1230
1195	1231
1195	1236
1196	1197
1196	1198
1196	1207
1196	1212
1196	1213
1196	1214
1196	1215
1196	1216
1196	1217
1197	1198
1197	1199
1197	1214
1197	1215
1197	1216
1197	1217
1197	1218
1197	1223
1197	1227
1197	1255
1198	1199
1198	1200
1198	1204
1198	1215
1198	1216
1198	1217
1198	1218
1199	1200
1199	1201
1199	1202
1199	1203
1199	1204
1199	1215
1199	1216
1199	1217
1199	1218
1199	1219
1200	1201
1200	1202
1200	1203
1200	1204
1200	1205
1201	1202
1201	1203
1201	1204
1201	1205
1201	1206
1202	1203
1202	1204
1202	1205
1202	1206
1202	1207
1203	1204
1203	1205
1203	1206
1203	1207
1203	1208
1203	1215
1204	1205
1204	1206
1204	1207
1204	1208
1204	1209
1204	1212
1204	1215
1205	1206
1205	1207
1205	1208
1205	1209
1205	1210
1206	1207
1206	1208
1206	1209
1206	1210
1206	1211
1207	1208
1207	1209
1207	1210
1207	1211
1207	1212
1207	1213
1207	1215
1208	1209
1208	1210
1208	1211
1208	1212
1208	1213
1208	1215
1209	1210
1209	1211
1209	1212
1210	1211
1210	1212
1211	1212
1211	1213
1211	1214
1212	1213
1212	1214
1212	1215
1213	1214
1213	1215
1214	1215
1214	1216
1214	1230
1215	1216
1215	1217
1216	1217
1216	1218
1216	1223
1216	1226
1216	1227
1216	1230
1217	1218
1217	1219
1217	1220
1217	1221
1217	1223
1217	1226
1218	1219
1218	1220
1218	1221
1218	1222
1218	1223
1218	1226
1218	1243
1218	1244
1218	1247
1218	1248
1218	1251
1219	1220
1219	1221
1219	1226
1220	1221
1220	1222
1220	1226
1221	1222
1221	1223
1221	1224
1221	1225
1221	1226
1222	1223
1222	1224
1222	1225
1222	1226
1222	1227
1223	1224
1223	1225
1223	1226
1223	1227
1223	1228
1223	1251
1223	1255
1224	1225
1224	1226
1224	1227
1224	1228
1224	1229
1224	1250
1224	1251
1224	1254
1224	1255
1225	1226
1225	1227
1225	1228
1225	1229
1225	1230
1226	1227
1226	1228
1226	1229
1226	1230
1226	1231
1227	1228
1227	1229
1227	1230
1227	1231
1227	1232
1227	1233
1227	1235
1227	1236
1227	1255
1228	1229
1228	1230
1228	1231
1228	1232
1228	1233
1228	1234
1228	1235
1228	1236
1228	1254
1228	1255
1229	1230
1229	1231
1229	1232
1229	1233
1230	1231
1230	1232
1230	1233
1231	1232
1231	1233
1231	1234
1231	1235
1231	1236
1231	1255
1232	1233
1232	1234
1232	1235
1233	1234
1233	1235
1234	1235
1234	1236
1234	1255
1234	1256
1234	1257
1234	1258
1235	1236
1235	1237
1235	1255
1235	1256
1235	1257
1236	1237
1236	1238
1236	1239
1236	1255
1236	1256
1236	1257
1236	1260
1237	1238
1237	1239
1237	1255
1237	1256
1237	1257
1237	1259
1237	1260
1237	1261
1237	1262
1238	1239
1238	1240
1238	1256
1238	1259
1238	1260
1238	1261
1238	1262
1239	1240
1239	1241
1239	1248
1239	1251
1239	1252
1239	1253
1239	1255
1239	1256
1239	1261
1239	1262
1239	1263
1239	1264
1240	1241
1240	1242
1240	1243
1240	1261
1240	1262
1240	1263
1240	1264
1240	1265
1241	1242
1241	1243
1241	1245
1241	1246
1241	1248
1241	1249
1241	1250
1241	1252
1241	1262
1241	1263
1241	1264
1241	1265
1241	1266
1241	1268
1241	1274
1242	1243
1242	1244
1242	1263
1242	1264
1242	1265
1242	1266
1242	1267
1243	1244
1243	1245
1243	1248
1243	1266
1244	1245
1244	1246
1244	1247
1244	1248
1244	1266
1244	1268
1245	1246
1245	1247
1245	1248
1245	1249
1245	1266
1245	1268
1246	1247
1246	1248
1246	1249
1246	1250
1246	1266
1246	1268
1246	1270
1246	1273
1246	1274
1246	1275
1247	1248
1247	1249
1247	1250
1247	1251
1247	1252
1247	1275
1248	1249
1248	1250
1248	1251
1248	1252
1248	1253
1248	1264
1248	1266
1248	1268
1249	1250
1249	1251
1249	1252
1249	1253
1249	1254
1249	1262
1249	1268
1249	1274
1249	1275
1249	1276
1249	1277
1249	1290
1250	1251
1250	1252
1250	1253
1250	1254
1250	1255
1250	1275
1250	1276
1250	1277
1250	1280
1251	1252
1251	1253
1251	1254
1251	1255
1251	1256
1251	1277
1252	1253
1252	1254
1252	1255
1252	1256
1252	1262
1252	1288
1253	1254
1253	1255
1253	1256
1253	1257
1253	1262
1253	1275
1253	1276
1253	1277
1253	1280
1253	1281
1253	1288
1253	1290
1254	1255
1254	1256
1254	1262
1254	1277
1254	1280
1254	1288
1255	1256
1255	1257
1255	1288
1256	1257
1256	1258
1256	1260
1256	1261
1256	1262
1256	1280
1256	1288
1257	1258
1257	1259
1257	1260
1257	1261
1257	1286
1257	1287
1257	1288
1258	1259
1258	1260
1258	1286
1258	1287
1258	1288
1259	1260
1259	1261
1259	1286
1259	1287
1259	1288
1259	1289
1260	1261
1260	1262
1260	1286
1260	1287
1260	1288
1260	1289
1260	1290
1261	1262
1261	1263
1261	1287
1261	1288
1261	1289
1261	1290
1261	1291
1262	1263
1262	1264
1262	1288
1262	1289
1262	1290
1262	1291
1262	1292
1263	1264
1263	1265
1263	1266
1263	1289
1263	1290
1263	1291
1263	1292
1264	1265
1264	1266
1264	1267
1264	1268
1264	1274
1264	1290
1264	1291
1264	1292
1264	1293
1264	1294
1265	1266
1265	1267
1265	1291
1265	1292
1265	1293
1266	1267
1266	1268
1267	1268
1267	1269
1268	1269
1268	1270
1268	1274
1269	1270
1269	1271
1270	1271
1270	1272
1270	1273
1271	1272
1271	1273
1272	1273
1272	1274
1273	1274
1273	1275
1274	1275
1274	1276
1275	1276
1275	1277
1275	1278
1276	1277
1276	1278
1276	1281
1276	1290
1277	1278
1277	1279
1277	1280
1277	1281
1277	1282
1277	1283
1278	1279
1278	1280
1278	1281
1278	1282
1278	1283
1278	1284
1279	1280
1279	1281
1279	1282
1279	1283
1280	1281
1280	1282
1280	1283
1280	1286
1280	1288
1281	1282
1281	1283
1281	1284
1281	1285
1281	1286
1281	1287
1281	1288
1281	1289
1281	1290
1282	1283
1282	1284
1282	1285
1282	1286
1282	1288
1283	1284
1283	1285
1283	1286
1284	1285
1284	1286
1284	1287
1285	1286
1285	1287
1285	1288
1286	1287
1286	1288
1286	1289
1287	1288
1287	1289
1288	1289
1288	1290
1289	1290
1289	1291
1290	1291
1290	1292
1291	1292
1291	1293
1292	1293
1292	1294
1293	1294
1293	1295
1294	1295
1294	1296
1295	1296
1295	1297
1295	1301
1296	1297
1296	1298
1296	1301
1297	1298
1297	1299
1297	1300
1297	1301
1297	1302
1298	1299
1298	1300
1298	1301
1298	1302
1298	1303
1299	1300
1299	1301
1299	1302
1299	1303
1299	1304
1300	1301
1300	1302
1300	1303
1300	1304
1301	1302
1301	1303
1301	1304
1302	1303
1302	1304
1303	1304
