138	139
138	140
138	142
138	143
138	146
139	140
139	141
139	142
139	143
139	144
140	141
140	142
140	143
140	144
140	145
141	142
141	143
141	144
141	145
142	143
142	144
142	145
142	146
143	144
143	145
143	146
143	147
144	145
144	146
144	147
144	148
144	149
145	146
145	147
145	148
145	149
145	150
145	151
146	147
146	148
146	149
146	150
146	151
146	152
146	179
146	183
147	148
147	149
147	150
147	151
148	149
148	150
148	151
148	152
148	153
148	176
149	150
149	151
149	152
149	153
149	154
149	175
149	176
149	179
149	183
150	151
150	152
150	153
150	154
150	155
150	176
150	179
150	183
151	152
151	153
151	154
151	155
151	156
151	183
152	153
152	154
152	155
152	156
152	157
152	176
153	154
153	155
153	156
153	157
153	158
153	176
153	177
153	179
153	180
153	183
153	187
154	155
154	156
154	157
154	158
154	159
154	180
154	183
154	187
155	156
155	157
155	158
155	159
155	160
156	157
156	158
156	159
156	160
156	161
157	158
157	159
157	160
157	161
157	162
157	168
157	170
157	179
157	180
157	181
157	183
157	184
157	187
157	189
158	159
158	160
158	161
158	162
158	187
159	160
159	161
159	162
160	161
160	162
160	168
160	189
161	162
161	163
161	166
162	163
162	164
162	166
162	167
162	168
162	187
162	189
163	164
163	165
163	166
163	167
163	187
163	188
163	189
164	165
164	166
164	187
164	188
164	189
165	166
165	167
165	187
165	188
165	189
165	190
166	167
166	168
166	188
166	189
166	190
166	191
167	168
167	169
167	189
167	190
167	191
167	192
168	169
168	170
168	184
168	189
168	190
168	191
168	192
168	193
169	170
169	171
169	190
169	191
169	192
169	193
169	194
170	171
170	172
170	173
170	176
170	177
170	178
170	180
170	181
170	184
170	191
170	192
170	193
170	194
170	195
171	172
171	173
171	177
171	192
171	193
171	194
171	195
172	173
172	174
172	176
172	177
172	178
172	194
172	195
173	174
173	175
173	176
173	177
173	178
173	181
173	193
173	194
173	195
173	200
173	201
173	203
173	204
173	207
174	175
174	176
174	177
174	178
174	179
174	195
174	200
175	176
175	177
175	178
175	179
176	177
176	178
176	179
176	180
176	181
177	178
177	179
177	180
177	181
177	182
178	179
178	180
178	181
178	182
178	183
178	203
178	207
179	180
179	181
179	182
179	183
179	184
179	207
180	181
180	182
180	183
180	184
180	185
180	191
181	182
181	183
181	184
181	185
181	186
181	191
181	193
181	204
181	207
182	183
182	184
182	185
182	186
182	187
182	207
183	184
183	185
183	186
183	187
183	188
183	189
184	185
184	186
184	187
184	188
184	189
184	190
184	191
185	186
185	187
185	188
185	189
185	190
185	191
185	207
186	187
186	188
186	189
187	188
187	189
188	189
188	190
189	190
189	191
190	191
190	192
191	192
191	193
192	193
192	194
193	194
193	195
193	201
193	204
193	205
194	195
194	196
194	201
195	196
195	197
195	198
195	200
195	201
196	197
196	198
196	201
197	198
197	199
197	200
197	201
197	202
198	199
198	200
198	201
198	202
198	203
199	200
199	201
199	202
199	203
199	204
200	201
200	202
200	203
200	204
200	205
201	202
201	203
201	204
201	205
201	206
202	203
202	204
202	205
202	206
202	207
203	204
203	205
203	206
203	207
204	205
204	206
204	207
205	206
205	207
206	207
