47	48
47	49
47	50
47	51
47	52
48	49
48	50
48	51
48	52
48	53
48	68
49	50
49	51
49	52
49	53
49	54
49	67
49	68
49	69
49	71
49	72
50	51
50	52
50	53
50	54
50	55
50	69
50	72
50	79
50	81
50	82
51	52
51	53
51	54
51	55
51	56
51	69
52	53
52	54
52	55
52	56
52	57
52	61
52	68
52	69
53	54
53	55
53	56
53	57
53	58
53	61
53	64
53	65
53	66
53	68
53	69
53	85
54	55
54	56
54	57
54	58
54	59
54	65
54	69
54	79
54	81
54	82
54	85
55	56
55	57
55	58
55	59
55	60
55	61
56	57
56	58
56	59
56	60
56	61
56	62
56	64
56	65
56	68
57	58
57	59
57	60
57	61
57	62
57	65
57	69
57	85
57	86
57	88
57	89
58	59
58	60
58	61
58	62
58	81
58	85
59	60
59	61
59	62
60	61
60	62
60	63
61	62
61	63
61	64
61	65
61	66
62	63
62	64
62	65
62	66
62	67
62	88
62	89
62	92
62	93
63	64
63	65
63	66
63	67
63	68
63	89
63	93
64	65
64	66
64	67
64	68
64	69
65	66
65	67
65	68
65	69
65	70
65	85
65	86
65	89
66	67
66	68
66	69
66	70
66	71
66	86
66	89
66	90
66	93
67	68
67	69
67	70
67	71
67	86
68	69
68	70
68	71
68	72
68	73
69	70
69	71
69	72
69	73
69	81
69	82
69	85
69	86
69	89
70	71
70	72
70	73
70	86
70	90
70	98
71	72
71	73
72	73
72	74
72	77
72	79
72	82
73	74
73	75
73	77
73	78
73	79
73	82
73	83
73	86
73	101
73	102
73	105
74	75
74	76
74	77
74	78
74	79
74	82
75	76
75	77
75	78
75	105
76	77
76	78
77	78
77	79
78	79
78	80
78	83
78	102
78	105
78	106
78	109
79	80
79	81
79	82
79	83
79	84
79	109
80	81
80	82
80	83
80	84
80	85
80	106
80	109
80	110
80	113
80	116
81	82
81	83
81	84
81	85
81	86
81	113
82	83
82	84
82	85
82	86
82	87
82	102
83	84
83	85
83	86
83	87
83	88
83	99
83	102
83	103
83	106
84	85
84	86
84	87
84	88
84	89
84	102
84	103
84	106
84	113
84	115
84	116
84	119
85	86
85	87
85	88
85	89
85	90
85	103
86	87
86	88
86	89
86	90
86	91
86	99
86	102
87	88
87	89
87	90
87	91
87	92
87	95
87	98
87	99
87	100
87	102
87	103
87	119
88	89
88	90
88	91
88	92
88	93
88	99
88	103
88	119
89	90
89	91
89	92
89	93
89	94
89	95
90	91
90	92
90	93
90	94
90	95
90	96
90	98
90	99
90	100
90	102
91	92
91	93
91	94
91	95
91	96
91	99
91	100
91	103
91	123
91	126
92	93
92	94
92	95
93	94
93	95
94	95
94	96
94	97
95	96
95	97
95	98
95	99
95	100
96	97
96	98
96	99
96	100
96	101
96	123
96	126
96	127
97	98
97	99
97	100
97	101
97	102
97	129
98	99
98	100
98	101
98	102
98	103
99	100
99	101
99	102
99	103
99	104
100	101
100	102
100	103
100	104
100	105
100	120
100	123
100	124
100	127
100	129
101	102
101	103
101	104
101	105
101	106
102	103
102	104
102	105
102	106
102	107
103	104
103	105
103	106
103	107
103	108
103	116
103	119
103	120
103	123
104	105
104	106
104	107
104	108
104	109
104	116
104	120
104	124
104	132
105	106
105	107
105	108
105	109
105	110
106	107
106	108
106	109
106	110
106	111
106	113
106	116
107	108
107	109
107	110
107	111
107	112
107	113
107	116
107	117
107	120
107	136
108	109
108	110
108	111
109	110
109	111
110	111
110	112
110	113
110	116
111	112
111	113
111	114
111	117
112	113
112	114
112	115
113	114
113	115
113	116
113	117
113	118
114	115
114	116
114	117
114	118
114	119
114	140
114	143
114	144
115	116
115	117
115	118
115	119
115	120
116	117
116	118
116	119
116	120
116	121
117	118
117	119
117	120
117	121
117	122
117	136
117	137
117	140
118	119
118	120
118	121
118	122
118	123
118	136
118	137
118	140
118	144
118	147
118	150
119	120
119	121
119	122
119	123
119	124
120	121
120	122
120	123
120	124
120	125
120	133
120	136
121	122
121	123
121	124
121	125
121	126
121	129
121	132
121	133
121	136
121	137
122	123
122	124
122	125
122	126
122	127
122	133
122	137
122	147
122	149
122	150
122	153
123	124
123	125
123	126
123	127
123	128
123	129
124	125
124	126
124	127
124	128
124	129
124	130
124	132
124	133
124	136
125	126
125	127
125	128
125	129
125	130
125	133
125	137
125	153
125	154
125	156
125	157
126	127
126	128
126	129
126	130
127	128
127	129
127	130
128	129
128	130
128	131
129	130
129	131
129	132
129	133
129	134
130	131
130	132
130	133
130	134
130	135
130	153
130	156
130	157
130	158
130	160
130	161
131	132
131	133
131	134
131	135
131	161
132	133
132	134
132	135
132	136
132	137
133	134
133	135
133	136
133	137
133	138
133	154
133	157
134	135
134	136
134	137
134	138
134	139
134	154
134	157
134	158
134	161
134	163
135	136
135	137
135	138
135	139
135	140
135	154
136	137
136	138
136	139
136	140
136	141
137	138
137	139
137	140
137	141
137	142
137	150
137	153
137	154
137	157
138	139
138	140
138	141
138	142
138	143
138	151
138	154
138	158
138	163
138	166
139	140
139	141
139	142
139	143
139	144
140	141
140	142
140	143
140	144
140	145
140	147
140	150
141	142
141	143
141	144
141	145
141	146
141	150
141	151
141	154
142	143
142	144
142	145
142	151
143	144
143	145
144	145
144	146
144	147
144	148
144	150
145	146
145	147
145	148
145	151
145	173
145	177
146	147
146	148
146	177
147	148
147	149
147	150
147	151
147	152
147	177
148	149
148	150
148	151
148	152
148	153
148	174
148	175
148	177
148	178
148	181
148	183
148	184
149	150
149	151
149	152
149	153
149	154
149	178
149	183
150	151
150	152
150	153
150	154
150	155
151	152
151	153
151	154
151	155
151	156
151	169
151	170
151	171
151	173
151	174
151	177
152	153
152	154
152	155
152	156
152	157
152	170
152	171
152	174
152	183
152	184
152	187
153	154
153	155
153	156
153	157
153	158
153	171
153	183
154	155
154	156
154	157
154	158
154	159
154	167
154	170
154	171
155	156
155	157
155	158
155	159
155	160
155	166
155	167
155	168
155	170
155	171
155	191
156	157
156	158
156	159
156	160
156	161
156	167
156	171
156	187
157	158
157	159
157	160
157	161
157	162
158	159
158	160
158	161
158	162
158	163
158	164
158	166
158	167
158	170
159	160
159	161
159	162
159	163
159	164
159	167
159	171
159	187
159	190
159	191
159	192
159	194
160	161
160	162
160	163
160	164
161	162
161	163
162	163
162	164
162	165
163	164
163	165
163	166
163	167
163	168
164	165
164	166
164	167
164	168
164	169
164	190
164	191
164	192
164	194
164	195
165	166
165	167
165	168
165	169
165	170
165	195
165	197
166	167
166	168
166	169
166	170
166	171
167	168
167	169
167	170
167	171
167	172
167	188
167	191
168	169
168	170
168	171
168	172
168	173
168	188
168	191
168	192
168	195
168	197
169	170
169	171
169	172
169	173
169	174
170	171
170	172
170	173
170	174
170	175
170	184
171	172
171	173
171	174
171	175
171	176
171	184
171	187
171	188
171	191
172	173
172	174
172	175
172	176
172	177
172	184
172	188
172	192
172	197
173	174
173	175
173	176
173	177
173	178
174	175
174	176
174	177
174	178
174	179
174	181
174	184
175	176
175	177
175	178
175	179
175	180
175	181
175	182
175	184
175	185
175	188
175	204
176	177
176	178
176	179
177	178
177	179
177	180
178	179
178	180
178	181
178	182
178	183
178	184
179	180
179	181
179	182
179	185
179	207
179	211
180	181
180	182
180	183
180	185
180	211
181	182
181	183
181	184
181	185
181	186
181	211
182	183
182	184
182	185
182	186
182	187
182	204
182	207
182	208
182	211
183	184
183	185
183	186
183	187
183	188
183	208
184	185
184	186
184	187
184	188
184	189
184	204
185	186
185	187
185	188
185	189
185	190
185	201
185	203
185	204
185	205
185	207
185	208
185	211
186	187
186	188
186	189
186	190
186	191
186	204
186	205
186	208
187	188
187	189
187	190
187	191
187	192
187	194
188	189
188	190
188	191
188	192
188	193
188	201
188	204
189	190
189	191
189	192
189	193
189	194
189	197
189	200
189	201
189	202
189	204
189	205
190	191
190	192
190	193
190	194
190	195
190	201
190	205
191	192
191	193
191	194
191	195
191	196
192	193
192	194
192	195
192	196
192	197
192	198
192	200
192	201
192	204
193	194
193	195
193	196
193	197
193	198
193	201
193	205
194	195
194	196
194	197
194	198
195	196
195	197
196	197
196	198
196	199
197	198
197	199
197	200
197	201
197	202
198	199
198	200
198	201
198	202
198	203
199	200
199	201
199	202
199	203
200	201
200	202
200	203
200	204
201	202
201	203
201	204
201	205
201	206
202	203
202	204
202	205
202	206
202	207
203	204
203	205
203	206
203	207
203	208
203	210
204	205
204	206
204	207
204	208
204	209
205	206
205	207
205	208
205	209
205	210
206	207
206	208
206	209
206	210
206	211
207	208
207	209
207	210
207	211
208	209
208	210
208	211
209	210
209	211
210	211
