40	36	7	4	0	32	6	4	0	7	4	0	2	0	0	0	9	0	0	0	28	6	4	0	6	4	0	2	0	0	0	8	0	0	0	7	4	0	0	0	0	0	2	0	0	0	2	0	0	0	9	0	0	0	24	6	4	0	6	4	0	2	0	0	0	8	0	0	0	6	4	0	0	0	0	0	2	0	0	0	2	0	0	0	8	0	0	0	2	4	0	0	0	0	0	0	0	0	0	0	0	0	0	2	0	0	0	2	0	0	0	5	0	0	0	20	5	0	0	6	4	0	2	0	0	0	8	0	0	0	6	4	0	0	0	0	0	2	0	0	0	2	0	0	0	8	0	0	0	1	4	0	0	0	0	0	0	0	0	0	0	0	0	0	2	0	0	0	2	0	0	0	4	0	0	0	1	4	0	0	0	0	0	0	2	0	0	0	0	0	0	0	0	0	0	0	0	0	0	0	0	0	0	0	0	0	0	1	0	0	0
36	33	4	0	0	30	2	0	0	4	0	0	0	0	0	0	2	0	0	0	27	2	0	0	2	0	0	0	0	0	0	0	0	0	0	4	0	0	0	0	0	0	0	0	0	0	0	0	0	0	2	0	0	0	24	2	0	0	2	0	0	0	0	0	0	0	0	0	0	2	0	0	0	0	0	0	0	0	0	0	0	0	0	0	0	0	0	0	4	0	0	0	0	0	0	0	0	0	0	0	0	0	0	0	0	0	0	0	0	0	0	2	0	0	0	21	0	0	0	2	0	0	0	0	0	0	0	0	0	0	2	0	0	0	0	0	0	0	0	0	0	0	0	0	0	0	0	0	0	2	0	0	0	0	0	0	0	0	0	0	0	0	0	0	0	0	0	0	0	0	0	0	0	0	0	0	4	0	0	0	0	0	0	1	0	0	0	0	0	0	0	0	0	0	0	0	0	0	0	0	0	0	0	0	0	0	0	2	0	0	0
59	54	6	4	0	49	2	0	0	6	4	0	0	0	0	0	5	4	0	0	44	2	0	0	2	0	0	0	0	0	0	0	0	0	0	6	4	0	0	0	0	0	0	0	0	0	0	0	0	0	5	4	0	0	39	2	0	0	2	0	0	0	0	0	0	0	0	0	0	2	0	0	0	0	0	0	0	0	0	0	0	0	0	0	0	0	0	0	6	4	0	0	0	0	0	0	0	0	0	0	0	0	0	0	0	0	0	0	0	0	0	5	4	0	0	34	0	0	0	2	0	0	0	0	0	0	0	0	0	0	2	0	0	0	0	0	0	0	0	0	0	0	0	0	0	0	0	0	0	2	0	0	0	0	0	0	0	0	0	0	0	0	0	0	0	0	0	0	0	0	0	0	0	0	0	0	6	4	0	0	0	0	0	1	0	0	0	0	0	0	0	0	0	0	0	0	0	0	0	0	0	0	0	0	0	0	0	5	4	0	0
47	43	4	3	0	39	0	0	0	4	3	0	0	0	0	0	5	3	0	0	35	0	0	0	0	0	0	0	0	0	0	0	0	0	0	4	3	0	0	0	0	0	0	0	0	0	0	0	0	0	5	3	0	0	31	0	0	0	0	0	0	0	0	0	0	0	0	0	0	0	0	0	0	0	0	0	0	0	0	0	0	0	0	0	0	0	0	0	4	3	0	0	0	0	0	0	0	0	0	0	0	0	0	0	0	0	0	0	0	0	0	5	3	0	0	27	0	0	0	0	0	0	0	0	0	0	0	0	0	0	0	0	0	0	0	0	0	0	0	0	0	0	0	0	0	0	0	0	0	0	0	0	0	0	0	0	0	0	0	0	0	0	0	0	0	0	0	0	0	0	0	0	0	0	0	0	4	3	0	0	0	0	0	0	0	0	0	0	0	0	0	0	0	0	0	0	0	0	0	0	0	0	0	0	0	0	0	5	3	0	0
46	42	4	4	0	38	0	0	0	4	4	0	0	0	0	0	6	4	0	0	34	0	0	0	0	0	0	0	0	0	0	0	0	0	0	4	4	0	0	0	0	0	0	0	0	0	0	0	0	0	6	4	0	0	30	0	0	0	0	0	0	0	0	0	0	0	0	0	0	0	0	0	0	0	0	0	0	0	0	0	0	0	0	0	0	0	0	0	4	4	0	0	0	0	0	0	0	0	0	0	0	0	0	0	0	0	0	0	0	0	0	6	4	0	0	26	0	0	0	0	0	0	0	0	0	0	0	0	0	0	0	0	0	0	0	0	0	0	0	0	0	0	0	0	0	0	0	0	0	0	0	0	0	0	0	0	0	0	0	0	0	0	0	0	0	0	0	0	0	0	0	0	0	0	0	0	4	4	0	0	0	0	0	0	0	0	0	0	0	0	0	0	0	0	0	0	0	0	0	0	0	0	0	0	0	0	0	6	4	0	0
65	59	4	5	9	53	0	0	0	4	5	9	0	0	0	0	4	10	9	0	47	0	0	0	0	0	0	0	0	0	0	0	0	0	0	4	5	9	0	0	0	0	0	0	0	0	0	0	0	0	4	10	9	0	41	0	0	0	0	0	0	0	0	0	0	0	0	0	0	0	0	0	0	0	0	0	0	0	0	0	0	0	0	0	0	0	0	0	4	5	9	0	0	0	0	0	0	0	0	0	0	0	0	0	0	0	0	0	0	0	0	4	10	9	0	35	0	0	0	0	0	0	0	0	0	0	0	0	0	0	0	0	0	0	0	0	0	0	0	0	0	0	0	0	0	0	0	0	0	0	0	0	0	0	0	0	0	0	0	0	0	0	0	0	0	0	0	0	0	0	0	0	0	0	0	0	4	5	9	0	0	0	0	0	0	0	0	0	0	0	0	0	0	0	0	0	0	0	0	0	0	0	0	0	0	0	0	4	10	9	0
54	49	7	4	2	44	0	0	0	7	4	2	0	0	0	0	6	8	2	0	39	0	0	0	0	0	0	0	0	0	0	0	0	0	0	7	4	2	0	0	0	0	0	0	0	0	0	0	0	0	6	8	2	0	34	0	0	0	0	0	0	0	0	0	0	0	0	0	0	0	0	0	0	0	0	0	0	0	0	0	0	0	0	0	0	0	0	0	7	4	2	0	0	0	0	0	0	0	0	0	0	0	0	0	0	0	0	0	0	0	0	6	8	2	0	29	0	0	0	0	0	0	0	0	0	0	0	0	0	0	0	0	0	0	0	0	0	0	0	0	0	0	0	0	0	0	0	0	0	0	0	0	0	0	0	0	0	0	0	0	0	0	0	0	0	0	0	0	0	0	0	0	0	0	0	0	7	4	2	0	0	0	0	0	0	0	0	0	0	0	0	0	0	0	0	0	0	0	0	0	0	0	0	0	0	0	0	6	8	2	0
54	49	11	4	0	44	0	0	0	11	4	0	0	0	0	0	7	8	0	0	39	0	0	0	0	0	0	0	0	0	0	0	0	0	0	11	4	0	0	0	0	0	0	0	0	0	0	0	0	0	7	8	0	0	34	0	0	0	0	0	0	0	0	0	0	0	0	0	0	0	0	0	0	0	0	0	0	0	0	0	0	0	0	0	0	0	0	0	11	4	0	0	0	0	0	0	0	0	0	0	0	0	0	0	0	0	0	0	0	0	0	7	8	0	0	29	0	0	0	0	0	0	0	0	0	0	0	0	0	0	0	0	0	0	0	0	0	0	0	0	0	0	0	0	0	0	0	0	0	0	0	0	0	0	0	0	0	0	0	0	0	0	0	0	0	0	0	0	0	0	0	0	0	0	0	0	11	4	0	0	0	0	0	0	0	0	0	0	0	0	0	0	0	0	0	0	0	0	0	0	0	0	0	0	0	0	0	7	8	0	0
63	57	8	9	0	51	0	0	0	8	9	0	0	0	0	0	5	6	0	0	45	0	0	0	0	0	0	0	0	0	0	0	0	0	0	8	9	0	0	0	0	0	0	0	0	0	0	0	0	0	5	6	0	0	39	0	0	0	0	0	0	0	0	0	0	0	0	0	0	0	0	0	0	0	0	0	0	0	0	0	0	0	0	0	0	0	0	0	8	9	0	0	0	0	0	0	0	0	0	0	0	0	0	0	0	0	0	0	0	0	0	5	6	0	0	33	0	0	0	0	0	0	0	0	0	0	0	0	0	0	0	0	0	0	0	0	0	0	0	0	0	0	0	0	0	0	0	0	0	0	0	0	0	0	0	0	0	0	0	0	0	0	0	0	0	0	0	0	0	0	0	0	0	0	0	0	8	9	0	0	0	0	0	0	0	0	0	0	0	0	0	0	0	0	0	0	0	0	0	0	0	0	0	0	0	0	0	5	6	0	0
62	56	5	8	0	50	0	0	0	5	8	0	0	0	0	0	4	2	0	0	44	0	0	0	0	0	0	0	0	0	0	0	0	0	0	5	8	0	0	0	0	0	0	0	0	0	0	0	0	0	4	2	0	0	38	0	0	0	0	0	0	0	0	0	0	0	0	0	0	0	0	0	0	0	0	0	0	0	0	0	0	0	0	0	0	0	0	0	5	8	0	0	0	0	0	0	0	0	0	0	0	0	0	0	0	0	0	0	0	0	0	4	2	0	0	32	0	0	0	0	0	0	0	0	0	0	0	0	0	0	0	0	0	0	0	0	0	0	0	0	0	0	0	0	0	0	0	0	0	0	0	0	0	0	0	0	0	0	0	0	0	0	0	0	0	0	0	0	0	0	0	0	0	0	0	0	5	8	0	0	0	0	0	0	0	0	0	0	0	0	0	0	0	0	0	0	0	0	0	0	0	0	0	0	0	0	0	4	2	0	0
78	70	1	12	16	62	0	0	0	1	12	16	0	0	0	0	0	0	32	11	54	0	0	0	0	0	0	0	0	0	0	0	0	0	0	1	12	16	0	0	0	0	0	0	0	0	0	0	0	0	0	0	32	11	46	0	0	0	0	0	0	0	0	0	0	0	0	0	0	0	0	0	0	0	0	0	0	0	0	0	0	0	0	0	0	0	0	0	1	12	16	0	0	0	0	0	0	0	0	0	0	0	0	0	0	0	0	0	0	0	0	0	0	32	11	38	0	0	0	0	0	0	0	0	0	0	0	0	0	0	0	0	0	0	0	0	0	0	0	0	0	0	0	0	0	0	0	0	0	0	0	0	0	0	0	0	0	0	0	0	0	0	0	0	0	0	0	0	0	0	0	0	0	0	0	0	1	12	16	0	0	0	0	0	0	0	0	0	0	0	0	0	0	0	0	0	0	0	0	0	0	0	0	0	0	0	0	0	0	32	11
40	36	0	0	5	32	0	0	0	0	0	5	0	0	0	0	0	0	0	0	28	0	0	0	0	0	0	0	0	0	0	0	0	0	0	0	0	5	0	0	0	0	0	0	0	0	0	0	0	0	0	0	0	0	24	0	0	0	0	0	0	0	0	0	0	0	0	0	0	0	0	0	0	0	0	0	0	0	0	0	0	0	0	0	0	0	0	0	0	0	5	0	0	0	0	0	0	0	0	0	0	0	0	0	0	0	0	0	0	0	0	0	0	0	0	20	0	0	0	0	0	0	0	0	0	0	0	0	0	0	0	0	0	0	0	0	0	0	0	0	0	0	0	0	0	0	0	0	0	0	0	0	0	0	0	0	0	0	0	0	0	0	0	0	0	0	0	0	0	0	0	0	0	0	0	0	0	0	5	0	0	0	0	0	0	0	0	0	0	0	0	0	0	0	0	0	0	0	0	0	0	0	0	0	0	0	0	0	0	0	0
60	54	3	0	5	48	0	0	0	3	0	5	0	0	0	0	0	0	0	0	42	0	0	0	0	0	0	0	0	0	0	0	0	0	0	3	0	5	0	0	0	0	0	0	0	0	0	0	0	0	0	0	0	0	36	0	0	0	0	0	0	0	0	0	0	0	0	0	0	0	0	0	0	0	0	0	0	0	0	0	0	0	0	0	0	0	0	0	3	0	5	0	0	0	0	0	0	0	0	0	0	0	0	0	0	0	0	0	0	0	0	0	0	0	0	30	0	0	0	0	0	0	0	0	0	0	0	0	0	0	0	0	0	0	0	0	0	0	0	0	0	0	0	0	0	0	0	0	0	0	0	0	0	0	0	0	0	0	0	0	0	0	0	0	0	0	0	0	0	0	0	0	0	0	0	0	3	0	5	0	0	0	0	0	0	0	0	0	0	0	0	0	0	0	0	0	0	0	0	0	0	0	0	0	0	0	0	0	0	0	0
40	36	1	0	2	32	0	0	0	1	0	2	0	0	0	0	0	0	0	0	28	0	0	0	0	0	0	0	0	0	0	0	0	0	0	1	0	2	0	0	0	0	0	0	0	0	0	0	0	0	0	0	0	0	24	0	0	0	0	0	0	0	0	0	0	0	0	0	0	0	0	0	0	0	0	0	0	0	0	0	0	0	0	0	0	0	0	0	1	0	2	0	0	0	0	0	0	0	0	0	0	0	0	0	0	0	0	0	0	0	0	0	0	0	0	20	0	0	0	0	0	0	0	0	0	0	0	0	0	0	0	0	0	0	0	0	0	0	0	0	0	0	0	0	0	0	0	0	0	0	0	0	0	0	0	0	0	0	0	0	0	0	0	0	0	0	0	0	0	0	0	0	0	0	0	0	1	0	2	0	0	0	0	0	0	0	0	0	0	0	0	0	0	0	0	0	0	0	0	0	0	0	0	0	0	0	0	0	0	0	0
49	44	2	4	2	39	0	0	0	2	4	2	0	0	0	0	0	0	2	0	34	0	0	0	0	0	0	0	0	0	0	0	0	0	0	2	4	2	0	0	0	0	0	0	0	0	0	0	0	0	0	0	2	0	29	0	0	0	0	0	0	0	0	0	0	0	0	0	0	0	0	0	0	0	0	0	0	0	0	0	0	0	0	0	0	0	0	0	2	4	2	0	0	0	0	0	0	0	0	0	0	0	0	0	0	0	0	0	0	0	0	0	0	2	0	24	0	0	0	0	0	0	0	0	0	0	0	0	0	0	0	0	0	0	0	0	0	0	0	0	0	0	0	0	0	0	0	0	0	0	0	0	0	0	0	0	0	0	0	0	0	0	0	0	0	0	0	0	0	0	0	0	0	0	0	0	2	4	2	0	0	0	0	0	0	0	0	0	0	0	0	0	0	0	0	0	0	0	0	0	0	0	0	0	0	0	0	0	0	2	0
45	40	5	0	10	35	2	0	0	5	0	10	0	0	0	0	5	0	0	18	30	2	0	0	2	0	0	0	0	0	0	4	0	0	0	5	0	10	0	0	0	0	0	0	0	0	0	0	0	0	5	0	0	18	25	2	0	0	2	0	0	0	0	0	0	4	0	0	0	2	0	0	0	0	0	0	0	0	0	0	0	0	0	0	4	0	0	0	3	0	10	0	0	0	0	0	0	0	0	0	0	0	0	0	0	0	0	0	0	0	0	1	0	0	18	20	2	0	0	2	0	0	0	0	0	0	4	0	0	0	2	0	0	0	0	0	0	0	0	0	0	0	0	0	0	4	0	0	0	0	0	0	0	0	0	0	0	0	0	0	0	0	0	0	0	0	0	0	0	0	0	0	0	0	0	0	3	0	10	0	0	0	0	2	0	0	0	0	0	0	0	0	0	0	0	0	0	0	0	0	0	0	0	0	0	0	0	1	0	0	18
45	40	6	0	6	35	2	0	0	6	0	6	0	0	0	0	5	0	0	16	30	2	0	0	2	0	0	0	0	0	0	4	0	0	0	6	0	6	0	0	0	0	0	0	0	0	0	0	0	0	5	0	0	16	25	2	0	0	2	0	0	0	0	0	0	4	0	0	0	2	0	0	0	0	0	0	0	0	0	0	0	0	0	0	4	0	0	0	4	0	6	0	0	0	0	0	0	0	0	0	0	0	0	0	0	0	0	0	0	0	0	1	0	0	16	20	2	0	0	2	0	0	0	0	0	0	4	0	0	0	2	0	0	0	0	0	0	0	0	0	0	0	0	0	0	4	0	0	0	0	0	0	0	0	0	0	0	0	0	0	0	0	0	0	0	0	0	0	0	0	0	0	0	0	0	0	4	0	6	0	0	0	0	2	0	0	0	0	0	0	0	0	0	0	0	0	0	0	0	0	0	0	0	0	0	0	0	1	0	0	16
36	32	6	0	0	28	2	0	0	6	0	0	0	0	0	0	5	0	0	0	24	2	0	0	2	0	0	0	0	0	0	4	0	0	0	6	0	0	0	0	0	0	0	0	0	0	0	0	0	0	5	0	0	0	20	2	0	0	2	0	0	0	0	0	0	4	0	0	0	2	0	0	0	0	0	0	0	0	0	0	0	0	0	0	4	0	0	0	4	0	0	0	0	0	0	0	0	0	0	0	0	0	0	0	0	0	0	0	0	0	0	1	0	0	0	16	2	0	0	2	0	0	0	0	0	0	4	0	0	0	2	0	0	0	0	0	0	0	0	0	0	0	0	0	0	4	0	0	0	0	0	0	0	0	0	0	0	0	0	0	0	0	0	0	0	0	0	0	0	0	0	0	0	0	0	0	4	0	0	0	0	0	0	2	0	0	0	0	0	0	0	0	0	0	0	0	0	0	0	0	0	0	0	0	0	0	0	1	0	0	0
66	57	14	26	0	48	8	14	0	14	26	0	4	0	0	0	13	32	0	0	39	8	14	0	8	14	0	4	0	0	0	13	28	0	0	10	26	0	0	0	0	0	6	0	0	0	4	0	0	0	13	32	0	0	32	8	14	0	8	14	0	4	0	0	0	13	28	0	0	8	14	0	0	0	0	0	6	0	0	0	4	0	0	0	13	28	0	0	4	12	0	2	0	0	0	4	0	0	0	0	0	0	0	6	0	0	0	4	0	0	0	6	4	0	0	25	6	14	0	8	14	0	4	0	0	0	13	28	0	0	8	14	0	0	0	0	0	6	0	0	0	4	0	0	0	13	28	0	0	2	0	0	0	0	0	0	0	0	0	0	0	0	0	0	6	0	0	0	4	0	0	0	6	0	0	0	2	12	0	2	0	0	0	1	8	0	0	2	0	0	0	4	0	0	0	0	0	0	0	0	0	0	0	0	0	0	0	0	4	0	0
35	31	6	3	0	27	3	0	0	6	3	0	0	0	0	0	6	0	0	0	23	3	0	0	3	0	0	0	0	0	0	5	0	0	0	6	3	0	0	0	0	0	0	0	0	0	0	0	0	0	6	0	0	0	19	3	0	0	3	0	0	0	0	0	0	5	0	0	0	3	0	0	0	0	0	0	0	0	0	0	0	0	0	0	5	0	0	0	3	3	0	0	0	0	0	0	0	0	0	0	0	0	0	0	0	0	0	0	0	0	0	1	0	0	0	15	3	0	0	3	0	0	0	0	0	0	5	0	0	0	3	0	0	0	0	0	0	0	0	0	0	0	0	0	0	5	0	0	0	0	0	0	0	0	0	0	0	0	0	0	0	0	0	0	0	0	0	0	0	0	0	0	0	0	0	0	3	3	0	0	0	0	0	2	0	0	0	0	0	0	0	0	0	0	0	0	0	0	0	0	0	0	0	0	0	0	0	1	0	0	0
49	41	13	15	6	33	10	15	2	13	15	6	6	0	0	0	21	10	0	0	25	10	15	2	10	15	2	6	0	0	0	21	10	0	0	11	15	6	0	0	0	0	8	0	0	0	6	0	0	0	21	10	0	0	20	10	15	2	10	15	2	6	0	0	0	21	10	0	0	10	15	2	0	0	0	0	8	0	0	0	6	0	0	0	21	10	0	0	4	0	6	2	0	0	0	4	0	0	0	0	0	0	0	8	0	0	0	6	0	0	0	10	0	0	0	15	7	15	0	10	15	2	6	0	0	0	21	10	0	0	10	15	2	0	0	0	0	8	0	0	0	6	0	0	0	21	10	0	0	3	0	2	0	0	0	0	0	0	0	0	0	0	0	0	8	0	0	0	6	0	0	0	10	0	0	0	1	0	6	2	0	0	0	1	0	0	0	2	0	0	0	4	0	0	0	0	0	0	0	0	0	0	0	0	0	0	0	0	0	0	0
50	42	24	17	2	34	15	15	2	24	17	2	18	10	0	0	29	32	0	0	26	13	15	2	15	15	2	10	10	0	0	23	30	0	0	20	17	2	0	0	0	0	15	10	0	0	18	10	0	0	29	32	0	0	20	13	15	2	13	15	2	10	10	0	0	23	30	0	0	13	15	2	0	0	0	0	15	10	0	0	10	10	0	0	23	30	0	0	8	5	2	8	0	0	0	11	0	0	0	0	0	0	0	15	10	0	0	10	10	0	0	12	20	0	0	15	8	10	0	13	15	2	10	10	0	0	23	30	0	0	13	15	2	0	0	0	0	15	10	0	0	10	10	0	0	23	30	0	0	5	5	2	0	0	0	0	0	0	0	0	0	0	0	0	15	10	0	0	10	10	0	0	12	20	0	0	3	0	2	6	0	0	0	2	0	2	0	8	0	0	0	11	0	0	0	0	0	0	0	0	0	0	0	0	0	0	0	0	0	0	0
43	37	14	5	7	31	12	5	0	14	5	7	6	0	0	0	22	5	0	0	25	12	5	0	12	5	0	6	0	0	0	22	5	0	0	13	5	7	0	0	0	0	8	0	0	0	6	0	0	0	22	5	0	0	20	12	5	0	12	5	0	6	0	0	0	22	5	0	0	12	5	0	0	0	0	0	8	0	0	0	6	0	0	0	22	5	0	0	4	0	7	2	0	0	0	4	0	0	0	0	0	0	0	8	0	0	0	6	0	0	0	10	0	0	0	15	9	5	0	12	5	0	6	0	0	0	22	5	0	0	12	5	0	0	0	0	0	8	0	0	0	6	0	0	0	22	5	0	0	3	0	0	0	0	0	0	0	0	0	0	0	0	0	0	8	0	0	0	6	0	0	0	10	0	0	0	1	0	7	2	0	0	0	1	0	0	0	2	0	0	0	4	0	0	0	0	0	0	0	0	0	0	0	0	0	0	0	0	0	0	0
61	51	38	33	4	41	26	24	0	38	33	4	29	24	0	0	44	68	4	0	31	20	24	0	26	24	0	13	24	0	0	34	60	0	0	27	33	4	4	0	0	0	21	36	0	0	29	24	0	0	42	68	4	0	23	16	22	0	20	24	0	13	24	0	0	33	60	0	0	19	24	0	4	0	0	0	21	36	0	0	13	24	0	0	32	60	0	0	10	17	4	6	10	0	0	7	20	0	0	4	0	0	0	21	36	0	0	12	24	0	0	16	36	4	0	17	11	10	0	16	22	0	9	20	0	0	27	54	0	0	19	24	0	4	0	0	0	21	36	0	0	13	24	0	0	32	60	0	0	8	12	0	0	0	0	0	0	0	0	0	4	0	0	0	21	36	0	0	12	24	0	0	16	36	0	0	2	5	4	4	10	0	0	1	5	8	0	6	10	0	0	7	20	0	0	0	0	0	0	0	0	0	0	0	0	0	0	0	0	4	0
48	39	37	30	0	30	26	20	0	37	30	0	27	24	0	0	41	52	0	0	21	17	20	0	26	20	0	11	24	0	0	31	40	0	0	22	30	0	7	0	0	0	26	36	0	0	27	24	0	0	37	52	0	0	14	10	14	0	17	20	0	11	24	0	0	29	40	0	0	15	20	0	7	0	0	0	26	36	0	0	11	24	0	0	27	40	0	0	11	16	0	2	12	0	0	4	14	0	0	7	0	0	0	26	36	0	0	10	24	0	0	18	24	0	0	10	6	4	0	10	14	0	7	12	0	0	21	28	0	0	15	20	0	7	0	0	0	26	36	0	0	11	24	0	0	27	40	0	0	10	12	0	0	0	0	0	0	0	0	0	7	0	0	0	26	36	0	0	10	24	0	0	18	24	0	0	1	4	0	2	8	0	0	1	2	0	0	2	12	0	0	4	14	0	0	0	0	0	0	0	0	0	0	0	0	0	0	0	0	0	0
49	39	42	33	7	29	32	28	0	40	33	7	33	24	0	0	43	57	0	4	20	21	24	0	31	28	0	17	20	0	0	33	44	0	0	23	24	7	15	16	0	0	34	40	0	0	30	24	0	0	36	48	0	4	12	9	8	0	20	24	0	13	20	0	0	28	40	0	0	17	20	0	15	16	0	0	34	40	0	0	14	20	0	0	26	36	0	0	13	16	7	7	0	16	0	1	0	28	0	15	16	0	0	34	40	0	0	14	16	0	0	18	24	0	4	8	5	4	0	8	8	0	3	4	0	0	12	16	0	0	16	20	0	15	16	0	0	34	40	0	0	10	20	0	0	24	36	0	0	13	16	0	7	0	0	0	1	0	0	0	15	16	0	0	34	40	0	0	14	16	0	0	18	24	0	0	1	0	7	1	0	14	0	2	0	7	0	3	0	16	0	1	0	28	0	0	0	0	0	0	0	0	0	4	0	0	0	2	0	0	4
42	34	35	19	2	26	31	19	0	32	19	2	27	0	0	0	35	15	0	0	19	22	16	0	29	19	0	19	0	0	0	31	15	0	0	19	12	2	18	12	0	0	31	32	0	0	23	0	0	0	27	8	0	0	12	10	4	0	20	16	0	15	0	0	0	26	12	0	0	16	12	0	17	12	0	0	31	32	0	0	15	0	0	0	23	8	0	0	14	12	2	8	0	6	0	1	0	6	0	18	12	0	0	31	32	0	0	14	0	0	0	16	8	0	0	8	7	4	0	8	4	0	5	0	0	0	12	4	0	0	15	12	0	17	12	0	0	31	32	0	0	11	0	0	0	21	8	0	0	13	12	0	8	0	0	0	1	0	0	0	17	12	0	0	31	32	0	0	14	0	0	0	16	8	0	0	2	0	2	2	0	4	0	2	0	0	0	3	0	6	0	1	0	6	0	1	0	0	0	0	0	0	0	4	0	0	0	2	0	0	0
56	43	44	63	0	31	32	56	0	36	51	0	26	43	0	0	34	45	0	0	22	19	40	0	27	47	0	10	43	0	0	25	43	0	0	20	24	0	11	60	0	0	23	55	0	0	21	16	0	0	23	18	0	0	13	10	17	0	14	31	0	10	15	0	0	18	23	0	0	11	20	0	8	48	0	0	19	44	0	0	5	16	0	0	14	16	0	0	17	24	0	7	32	0	0	2	4	0	0	11	60	0	0	23	55	0	0	12	16	0	0	16	18	0	0	8	7	16	0	5	12	0	4	12	0	0	8	12	0	0	9	16	0	8	48	0	0	19	44	0	0	5	0	0	0	11	8	0	0	10	20	0	3	28	0	0	2	4	0	0	8	48	0	0	19	44	0	0	4	16	0	0	11	16	0	0	7	4	0	9	4	0	0	5	8	0	0	2	12	0	0	2	4	0	0	1	0	0	0	0	0	0	0	8	16	0	0	8	8	0	0
34	27	26	18	0	21	21	14	0	20	12	0	17	5	0	0	21	5	0	0	16	17	12	0	16	9	0	9	5	0	0	16	5	0	0	14	7	0	15	7	0	0	19	4	0	0	12	0	0	0	14	0	0	0	11	10	8	0	12	7	0	5	4	0	0	10	4	0	0	10	4	0	15	4	0	0	19	4	0	0	4	0	0	0	9	0	0	0	14	7	0	9	4	0	0	3	0	0	0	15	7	0	0	19	4	0	0	12	0	0	0	14	0	0	0	7	10	7	0	5	4	0	5	4	0	0	6	4	0	0	7	3	0	15	3	0	0	19	3	0	0	0	0	0	0	4	0	0	0	10	4	0	9	4	0	0	3	0	0	0	15	4	0	0	19	4	0	0	4	0	0	0	9	0	0	0	7	3	0	9	3	0	0	7	0	0	0	5	0	0	0	3	0	0	0	0	3	0	0	0	0	0	0	12	0	0	0	10	0	0	0
52	41	41	46	0	32	30	28	0	22	28	0	16	32	0	0	20	44	0	0	24	29	24	0	13	12	0	16	16	0	0	14	22	0	0	15	20	0	17	0	0	0	19	0	0	0	4	16	0	0	10	28	0	0	16	22	22	0	12	8	0	12	16	0	0	12	16	0	0	6	4	0	13	0	0	0	12	0	0	0	4	0	0	0	4	6	0	0	15	20	0	18	12	0	0	4	12	0	0	17	0	0	0	19	0	0	0	4	16	0	0	10	28	0	0	8	17	14	0	5	6	0	8	12	0	0	6	12	0	0	5	0	0	13	0	0	0	12	0	0	0	0	0	0	0	2	0	0	0	6	4	0	8	4	0	0	1	4	0	0	13	0	0	0	12	0	0	0	4	0	0	0	4	6	0	0	7	20	0	22	32	0	0	9	26	0	0	7	12	0	0	4	12	0	0	1	0	0	0	0	0	0	0	4	16	0	0	8	28	0	0
38	30	26	12	5	24	19	12	0	11	0	5	7	0	4	0	14	0	0	0	18	18	12	0	4	0	0	7	0	0	0	5	0	0	0	8	0	5	1	0	3	0	1	0	0	0	0	0	4	0	9	0	0	0	12	18	12	0	3	0	0	7	0	0	0	5	0	0	0	1	0	0	1	0	0	0	1	0	0	0	0	0	0	0	0	0	0	0	8	0	5	7	0	0	0	5	0	0	0	1	0	3	0	1	0	0	0	0	0	4	0	9	0	0	0	6	15	12	0	3	0	0	7	0	0	0	5	0	0	0	0	0	0	0	0	0	0	0	0	0	0	0	0	0	0	0	0	0	0	1	0	0	1	0	0	0	0	0	0	0	1	0	0	0	1	0	0	0	0	0	0	0	0	0	0	0	7	0	5	24	0	5	0	11	0	0	0	6	0	0	0	5	0	0	0	0	0	3	0	0	0	0	0	0	0	4	0	9	0	0	0
25	20	15	4	2	16	12	4	0	4	0	2	2	0	4	0	7	0	0	0	12	12	4	0	1	0	0	2	0	0	0	2	0	0	0	3	0	2	0	0	0	0	0	0	0	0	0	0	4	0	5	0	0	0	8	12	4	0	1	0	0	2	0	0	0	2	0	0	0	0	0	0	0	0	0	0	0	0	0	0	0	0	0	0	0	0	0	0	3	0	2	2	0	0	0	3	0	0	0	0	0	0	0	0	0	0	0	0	0	4	0	5	0	0	0	4	11	4	0	1	0	0	2	0	0	0	2	0	0	0	0	0	0	0	0	0	0	0	0	0	0	0	0	0	0	0	0	0	0	0	0	0	0	0	0	0	0	0	0	0	0	0	0	0	0	0	0	0	0	0	0	0	0	0	0	0	3	0	2	8	0	2	0	6	0	0	0	2	0	0	0	3	0	0	0	0	0	0	0	0	0	0	0	0	0	4	0	5	0	0	0
39	29	25	29	2	23	17	24	0	11	5	2	8	0	4	0	13	10	2	0	17	17	24	0	3	0	0	8	0	0	0	6	0	0	0	8	5	2	2	0	0	0	4	0	0	0	0	0	4	0	7	10	2	0	11	16	24	0	3	0	0	8	0	0	0	6	0	0	0	0	0	0	0	0	0	0	0	0	0	0	0	0	0	0	0	0	0	0	8	5	2	10	0	0	0	4	5	0	0	2	0	0	0	4	0	0	0	0	0	4	0	7	10	2	0	5	12	20	0	2	0	0	6	0	0	0	4	0	0	0	0	0	0	0	0	0	0	0	0	0	0	0	0	0	0	0	0	0	0	0	0	0	0	0	0	0	0	0	0	0	0	0	0	0	0	0	0	0	0	0	0	0	0	0	0	0	6	5	2	20	20	2	0	9	10	0	0	6	0	0	0	4	5	0	0	0	0	0	0	0	0	0	0	0	0	4	0	7	10	2	0
50	37	28	60	2	28	19	40	0	10	24	2	6	32	4	0	11	32	8	0	20	19	40	0	3	8	0	6	32	0	0	6	16	0	0	7	16	2	3	0	0	0	10	0	0	0	0	0	4	0	5	16	8	0	12	17	36	0	3	8	0	6	32	0	0	6	16	0	0	0	0	0	0	0	0	0	0	0	0	0	0	0	0	0	0	0	0	0	7	16	2	8	16	0	0	3	8	0	0	3	0	0	0	10	0	0	0	0	0	4	0	5	16	8	0	4	11	16	0	1	4	0	2	16	0	0	2	8	0	0	0	0	0	0	0	0	0	0	0	0	0	0	0	0	0	0	0	0	0	0	0	0	0	0	0	0	0	0	0	0	0	0	0	0	0	0	0	0	0	0	0	0	0	0	0	0	3	16	2	8	64	2	0	6	20	2	0	2	16	0	0	3	8	0	0	0	0	0	0	0	0	0	0	0	0	4	0	5	16	8	0
27	20	17	12	0	16	12	12	0	6	0	0	4	0	0	0	8	0	0	0	12	12	12	0	1	0	0	4	0	0	0	2	0	0	0	5	0	0	0	0	0	0	0	0	0	0	0	0	0	0	6	0	0	0	8	12	12	0	1	0	0	4	0	0	0	2	0	0	0	0	0	0	0	0	0	0	0	0	0	0	0	0	0	0	0	0	0	0	5	0	0	4	0	0	0	3	0	0	0	0	0	0	0	0	0	0	0	0	0	0	0	6	0	0	0	4	11	12	0	1	0	0	4	0	0	0	2	0	0	0	0	0	0	0	0	0	0	0	0	0	0	0	0	0	0	0	0	0	0	0	0	0	0	0	0	0	0	0	0	0	0	0	0	0	0	0	0	0	0	0	0	0	0	0	0	0	5	0	0	20	0	0	0	7	0	0	0	4	0	0	0	3	0	0	0	0	0	0	0	0	0	0	0	0	0	0	0	6	0	0	0
52	39	34	48	19	28	24	30	6	18	26	19	11	20	16	8	13	20	38	4	18	20	28	0	10	10	6	11	20	16	0	11	20	12	0	8	16	19	13	16	0	0	21	32	0	0	0	0	16	8	2	0	38	4	8	14	16	0	6	8	0	11	16	0	0	9	16	0	0	0	0	6	0	0	0	0	0	0	0	0	0	0	16	0	0	0	12	0	8	16	19	6	32	22	0	0	0	19	0	13	16	0	0	21	32	0	0	0	0	16	8	2	0	38	4	0	0	0	0	0	0	0	0	0	0	0	0	0	0	0	0	0	0	0	0	0	0	0	0	0	0	0	0	0	0	0	0	0	0	0	0	6	0	0	14	0	0	0	6	0	0	0	0	0	0	0	0	0	0	0	16	0	0	0	12	0	0	0	19	0	0	52	0	0	0	38	0	0	0	22	0	0	0	19	0	0	0	0	0	0	0	0	0	0	0	16	8	0	0	38	4
38	28	22	29	10	20	15	21	2	11	13	10	8	14	0	8	7	14	10	2	13	12	20	0	6	7	2	8	14	0	0	7	14	2	0	5	6	10	2	6	0	0	11	18	0	0	0	0	0	8	0	0	10	2	6	9	12	0	3	6	0	8	12	0	0	6	12	0	0	0	0	2	0	0	0	0	0	0	0	0	0	0	0	0	0	0	2	0	5	6	10	4	12	10	0	0	0	10	0	2	6	0	0	11	18	0	0	0	0	0	8	0	0	10	2	0	0	0	0	0	0	0	0	0	0	0	0	0	0	0	0	0	0	0	0	0	0	0	0	0	0	0	0	0	0	0	0	0	0	0	0	2	0	0	2	0	0	0	2	0	0	0	0	0	0	0	0	0	0	0	0	0	0	0	2	0	0	0	10	0	0	28	0	0	0	20	0	0	0	10	0	0	0	10	0	0	0	0	0	0	0	0	0	0	0	0	8	0	0	10	2
26	20	17	5	4	15	11	5	0	9	0	4	8	0	0	0	6	0	0	2	10	11	5	0	3	0	0	8	0	0	0	6	0	0	0	6	0	4	3	0	0	0	14	0	0	0	0	0	0	0	0	0	0	2	5	8	5	0	3	0	0	8	0	0	0	6	0	0	0	0	0	0	0	0	0	0	0	0	0	0	0	0	0	0	0	0	0	0	6	0	4	6	0	4	0	0	0	0	0	3	0	0	0	14	0	0	0	0	0	0	0	0	0	0	2	0	0	0	0	0	0	0	0	0	0	0	0	0	0	0	0	0	0	0	0	0	0	0	0	0	0	0	0	0	0	0	0	0	0	0	0	0	0	0	0	0	0	0	0	0	0	0	0	0	0	0	0	0	0	0	0	0	0	0	0	0	0	0	4	0	0	16	0	0	0	4	0	0	0	4	0	0	0	0	0	0	0	0	0	0	0	0	0	0	0	0	0	0	0	0	2
29	23	20	5	4	17	15	0	0	11	5	4	8	0	0	0	7	0	4	2	11	12	0	0	6	0	0	8	0	0	0	7	0	0	0	5	5	4	3	0	0	0	11	15	0	0	0	0	0	0	0	0	4	2	5	9	0	0	3	0	0	8	0	0	0	6	0	0	0	0	0	0	0	0	0	0	0	0	0	0	0	0	0	0	0	0	0	0	5	5	4	6	0	4	0	0	0	0	0	3	0	0	0	11	15	0	0	0	0	0	0	0	0	4	2	0	0	0	0	0	0	0	0	0	0	0	0	0	0	0	0	0	0	0	0	0	0	0	0	0	0	0	0	0	0	0	0	0	0	0	0	0	0	0	0	0	0	0	0	0	0	0	0	0	0	0	0	0	0	0	0	0	0	0	0	0	0	0	4	0	0	16	0	0	0	0	0	0	0	4	0	0	0	0	0	0	0	0	0	0	0	0	0	0	0	0	0	0	0	4	2
28	22	15	8	0	16	11	0	0	10	8	0	4	0	0	0	6	0	0	0	10	7	0	0	6	0	0	4	0	0	0	6	0	0	0	4	8	0	3	0	0	0	10	16	0	0	0	0	0	0	0	0	0	0	4	5	0	0	2	0	0	4	0	0	0	4	0	0	0	0	0	0	0	0	0	0	0	0	0	0	0	0	0	0	0	0	0	0	4	8	0	6	0	0	0	0	0	0	0	3	0	0	0	10	16	0	0	0	0	0	0	0	0	0	0	0	0	0	0	0	0	0	0	0	0	0	0	0	0	0	0	0	0	0	0	0	0	0	0	0	0	0	0	0	0	0	0	0	0	0	0	0	0	0	0	0	0	0	0	0	0	0	0	0	0	0	0	0	0	0	0	0	0	0	0	0	0	0	0	0	0	0	0	0	0	0	0	0	0	0	0	0	0	0	0	0	0	0	0	0	0	0	0	0	0	0	0	0	0	0	0
40	28	23	44	19	16	8	12	19	23	44	19	9	48	34	0	20	36	76	0	6	0	0	19	8	12	19	0	0	34	0	3	0	76	0	9	24	19	0	0	4	0	0	0	38	0	9	48	34	0	17	36	76	0	0	0	0	12	0	0	19	0	0	34	0	0	0	76	0	0	0	19	0	0	4	0	0	0	38	0	0	0	34	0	0	0	76	0	0	0	19	0	0	0	9	0	0	0	7	0	0	4	0	0	0	38	0	0	0	34	0	0	0	76	0	0	0	0	0	0	0	12	0	0	24	0	0	0	48	0	0	0	19	0	0	4	0	0	0	38	0	0	0	34	0	0	0	76	0	0	0	19	0	0	0	0	0	0	0	0	0	0	4	0	0	0	38	0	0	0	34	0	0	0	76	0	0	0	0	0	0	0	0	0	0	0	6	0	0	0	9	0	0	0	7	0	0	0	0	0	0	0	0	0	0	0	0	0	0	0	0
50	35	29	62	23	20	15	36	22	27	62	23	12	72	24	4	25	47	46	0	9	1	0	22	14	36	22	3	0	24	4	8	9	44	0	9	18	23	0	0	23	0	0	0	92	0	9	72	24	4	17	36	46	0	0	0	0	7	0	0	22	0	0	24	0	0	0	44	0	0	0	22	0	0	20	0	0	0	88	0	0	0	24	4	0	0	44	0	0	0	23	0	0	5	9	0	0	0	9	0	0	23	0	0	0	92	0	0	0	24	4	0	0	46	0	0	0	0	0	0	0	7	0	0	14	0	0	0	14	0	0	0	22	0	0	20	0	0	0	88	0	0	0	24	0	0	0	44	0	0	0	22	0	0	4	0	0	0	0	0	0	0	20	0	0	0	88	0	0	0	24	4	0	0	44	0	0	0	0	0	0	0	0	0	0	0	4	0	0	0	9	0	0	0	9	0	0	0	0	0	0	0	0	0	0	0	4	0	0	0	0
38	27	26	24	17	16	16	24	16	24	24	17	20	0	12	4	25	8	0	0	8	1	0	16	15	24	16	3	0	12	4	8	8	0	0	9	0	17	0	0	23	0	0	0	51	0	17	0	12	4	17	0	0	0	0	0	0	2	0	0	16	0	0	12	0	0	0	0	0	0	0	16	0	0	20	0	0	0	48	0	0	0	12	4	0	0	0	0	0	0	17	0	0	5	4	0	0	0	9	0	0	23	0	0	0	51	0	0	0	12	4	0	0	0	0	0	0	0	0	0	0	2	0	0	4	0	0	0	0	0	0	0	16	0	0	20	0	0	0	48	0	0	0	12	0	0	0	0	0	0	0	16	0	0	4	0	0	0	0	0	0	0	20	0	0	0	48	0	0	0	12	4	0	0	0	0	0	0	0	0	0	0	0	0	0	0	0	0	0	0	4	0	0	0	9	0	0	0	0	0	0	0	0	0	0	0	4	0	0	0	0
38	28	25	9	29	18	21	9	16	20	9	29	15	0	4	4	18	9	0	19	9	4	0	15	17	9	16	6	0	4	4	11	9	0	6	3	0	29	0	0	35	3	0	0	29	0	9	0	4	4	7	0	0	19	0	0	0	0	0	0	15	0	0	4	0	0	0	0	0	0	0	16	0	0	24	0	0	0	16	0	0	0	4	4	0	0	0	6	0	0	29	0	0	25	0	0	0	0	9	0	0	35	3	0	0	29	0	0	0	4	4	0	0	0	19	0	0	0	0	0	0	0	0	0	0	0	0	0	0	0	0	0	15	0	0	23	0	0	0	15	0	0	0	4	0	0	0	0	0	0	0	16	0	0	8	0	0	0	0	0	0	0	24	0	0	0	16	0	0	0	4	4	0	0	0	6	0	0	0	0	0	0	0	0	0	0	0	0	0	0	0	0	0	0	9	0	0	0	3	0	0	0	0	0	0	0	4	0	0	0	19
38	27	21	24	28	16	18	24	4	15	24	28	15	0	0	4	14	8	0	33	8	5	0	4	13	24	4	7	0	0	4	10	8	0	8	2	0	28	0	0	29	0	0	0	84	0	8	0	0	4	4	0	0	33	0	0	0	0	0	0	4	0	0	0	0	0	0	0	0	0	0	4	0	0	12	0	0	0	12	0	0	0	0	4	0	0	0	8	0	0	28	0	0	33	0	0	0	0	0	0	0	29	0	0	0	84	0	0	0	0	4	0	0	0	33	0	0	0	0	0	0	0	0	0	0	0	0	0	0	0	0	0	4	0	0	12	0	0	0	12	0	0	0	0	0	0	0	0	0	0	0	4	0	0	4	0	0	0	0	0	0	0	12	0	0	0	12	0	0	0	0	4	0	0	0	8	0	0	0	0	0	0	0	0	0	0	0	0	0	0	0	0	0	0	0	0	0	0	0	0	0	0	0	0	0	0	4	0	0	0	33
38	25	11	12	53	12	0	0	32	11	12	53	0	0	48	29	1	0	53	42	0	0	0	32	0	0	32	0	0	0	29	0	0	32	41	0	0	53	0	0	0	0	0	0	0	0	0	0	48	29	0	0	53	42	0	0	0	32	0	0	32	0	0	0	29	0	0	32	41	0	0	32	0	0	0	0	0	0	0	0	0	0	0	29	0	0	32	41	0	0	0	0	0	0	0	0	0	0	0	0	0	0	0	0	0	0	0	0	0	0	29	0	0	0	42	0	0	0	29	0	0	32	0	0	0	21	0	0	32	19	0	0	32	0	0	0	0	0	0	0	0	0	0	0	29	0	0	32	41	0	0	0	0	0	0	0	0	0	0	0	0	0	0	0	0	0	0	0	0	0	0	29	0	0	0	41	0	0	0	0	0	0	9	0	0	0	0	0	0	0	0	0	0	0	0	0	0	0	0	0	0	0	0	0	0	0	0	0	0	0	0
36	23	10	30	45	10	0	0	21	10	30	45	0	0	56	40	2	0	135	42	0	0	0	21	0	0	21	0	0	4	40	0	0	63	41	0	0	45	0	0	0	0	0	0	0	0	0	0	56	40	0	0	135	42	0	0	0	21	0	0	21	0	0	4	40	0	0	63	41	0	0	21	0	0	0	0	0	0	0	0	0	0	4	40	0	0	63	41	0	0	0	0	0	0	0	0	0	0	0	0	0	0	0	0	0	0	0	0	0	0	40	0	0	0	42	0	0	0	14	0	0	21	0	0	4	16	0	0	63	19	0	0	21	0	0	0	0	0	0	0	0	0	0	4	40	0	0	63	41	0	0	0	0	0	0	0	0	0	0	0	0	0	0	0	0	0	0	0	0	0	0	40	0	0	0	41	0	0	0	0	0	0	9	0	0	0	7	0	0	0	0	0	0	0	0	0	0	0	0	0	0	0	0	0	0	0	0	0	0	0	0
23	15	7	7	17	7	0	0	10	7	7	17	0	0	12	5	0	0	17	19	0	0	0	10	0	0	10	0	0	0	5	0	0	10	19	0	0	17	0	0	0	0	0	0	0	0	0	0	12	5	0	0	17	19	0	0	0	10	0	0	10	0	0	0	5	0	0	10	19	0	0	10	0	0	0	0	0	0	0	0	0	0	0	5	0	0	10	19	0	0	0	0	0	0	0	0	0	0	0	0	0	0	0	0	0	0	0	0	0	0	5	0	0	0	19	0	0	0	10	0	0	10	0	0	0	5	0	0	10	12	0	0	10	0	0	0	0	0	0	0	0	0	0	0	5	0	0	10	19	0	0	0	0	0	0	0	0	0	0	0	0	0	0	0	0	0	0	0	0	0	0	5	0	0	0	19	0	0	0	0	0	0	0	0	0	0	0	0	0	0	0	0	0	0	0	0	0	0	0	0	0	0	0	0	0	0	0	0	0	0	0
15	10	6	0	5	5	0	0	5	6	0	5	0	0	0	0	0	0	0	0	0	0	0	5	0	0	5	0	0	0	0	0	0	0	0	0	0	5	0	0	0	0	0	0	0	0	0	0	0	0	0	0	0	0	0	0	0	5	0	0	5	0	0	0	0	0	0	0	0	0	0	5	0	0	0	0	0	0	0	0	0	0	0	0	0	0	0	0	0	0	0	0	0	0	0	0	0	0	0	0	0	0	0	0	0	0	0	0	0	0	0	0	0	0	0	0	0	0	5	0	0	5	0	0	0	0	0	0	0	0	0	0	5	0	0	0	0	0	0	0	0	0	0	0	0	0	0	0	0	0	0	0	0	0	0	0	0	0	0	0	0	0	0	0	0	0	0	0	0	0	0	0	0	0	0	0	0	0	0	0	0	0	0	0	0	0	0	0	0	0	0	0	0	0	0	0	0	0	0	0	0	0	0	0	0	0	0	0	0	0	0
17	11	7	5	6	5	0	0	0	7	5	6	0	0	12	0	0	0	6	19	0	0	0	0	0	0	0	0	0	0	0	0	0	0	19	0	0	6	0	0	0	0	0	0	0	0	0	0	12	0	0	0	6	19	0	0	0	0	0	0	0	0	0	0	0	0	0	0	19	0	0	0	0	0	0	0	0	0	0	0	0	0	0	0	0	0	0	19	0	0	0	0	0	0	0	0	0	0	0	0	0	0	0	0	0	0	0	0	0	0	0	0	0	0	19	0	0	0	0	0	0	0	0	0	0	0	0	0	0	12	0	0	0	0	0	0	0	0	0	0	0	0	0	0	0	0	0	0	19	0	0	0	0	0	0	0	0	0	0	0	0	0	0	0	0	0	0	0	0	0	0	0	0	0	0	19	0	0	0	0	0	0	0	0	0	0	0	0	0	0	0	0	0	0	0	0	0	0	0	0	0	0	0	0	0	0	0	0	0	0	0
23	11	4	11	66	0	0	0	63	0	0	66	0	0	14	26	0	0	66	0	0	0	0	17	0	0	63	0	0	14	4	0	0	63	0	0	0	0	0	0	0	52	0	0	0	97	0	0	0	26	0	0	0	0	0	0	0	16	0	0	17	0	0	9	4	0	0	17	0	0	0	0	0	0	0	48	0	0	0	58	0	0	0	4	0	0	0	0	0	0	0	0	0	0	4	0	0	0	0	0	0	0	52	0	0	0	97	0	0	0	0	0	0	0	0	0	0	0	15	0	0	16	0	0	8	4	0	0	16	0	0	0	0	0	0	0	47	0	0	0	57	0	0	0	4	0	0	0	0	0	0	0	0	0	0	4	0	0	0	0	0	0	0	48	0	0	0	58	0	0	0	0	0	0	0	0	0	0	0	0	0	0	3	0	0	0	0	0	0	0	4	0	0	0	0	0	0	0	0	0	0	0	0	0	0	0	0	0	0	0	0
18	9	4	0	46	0	0	0	34	0	0	46	0	0	9	18	0	0	0	45	0	0	0	5	0	0	34	0	0	9	0	0	0	0	21	0	0	0	0	0	0	20	0	0	0	68	0	0	0	18	0	0	0	45	0	0	0	4	0	0	5	0	0	5	0	0	0	0	21	0	0	0	0	0	0	16	0	0	0	42	0	0	0	0	0	0	0	21	0	0	0	0	0	0	4	0	0	0	0	0	0	0	20	0	0	0	68	0	0	0	0	0	0	0	0	0	0	0	4	0	0	4	0	0	4	0	0	0	0	21	0	0	0	0	0	0	16	0	0	0	42	0	0	0	0	0	0	0	21	0	0	0	0	0	0	4	0	0	0	0	0	0	0	16	0	0	0	42	0	0	0	0	0	0	0	0	0	0	0	0	0	0	0	0	0	0	0	0	0	0	4	0	0	0	0	0	0	0	0	0	0	0	0	0	0	0	0	0	0	0	0
16	7	12	14	42	0	0	0	42	0	0	42	0	0	91	0	0	0	84	0	0	0	0	35	0	0	42	0	0	91	0	0	0	84	0	0	0	0	0	0	0	42	0	0	0	0	0	0	0	0	0	0	0	0	0	0	0	14	0	0	35	0	0	81	0	0	0	70	0	0	0	0	0	0	0	16	0	0	0	0	0	0	0	0	0	0	0	0	0	0	0	0	0	0	32	0	0	0	29	0	0	0	42	0	0	0	0	0	0	0	0	0	0	0	0	0	0	0	6	0	0	14	0	0	32	0	0	0	28	0	0	0	0	0	0	0	16	0	0	0	0	0	0	0	0	0	0	0	0	0	0	0	0	0	0	8	0	0	0	8	0	0	0	16	0	0	0	0	0	0	0	0	0	0	0	0	0	0	0	0	0	0	8	0	0	0	2	0	0	0	32	0	0	0	29	0	0	0	0	0	0	0	0	0	0	0	0	0	0	0	0
16	8	1	0	47	0	0	0	31	0	0	47	0	0	0	42	0	0	0	45	0	0	0	0	0	0	31	0	0	0	0	0	0	0	21	0	0	0	0	0	0	0	0	0	0	87	0	0	0	42	0	0	0	45	0	0	0	0	0	0	0	0	0	0	0	0	0	0	21	0	0	0	0	0	0	0	0	0	0	61	0	0	0	0	0	0	0	21	0	0	0	0	0	0	0	0	0	0	0	0	0	0	0	0	0	0	87	0	0	0	0	0	0	0	0	0	0	0	0	0	0	0	0	0	0	0	0	0	0	21	0	0	0	0	0	0	0	0	0	0	61	0	0	0	0	0	0	0	21	0	0	0	0	0	0	0	0	0	0	0	0	0	0	0	0	0	0	61	0	0	0	0	0	0	0	0	0	0	0	0	0	0	0	0	0	0	0	0	0	0	0	0	0	0	0	0	0	0	0	0	0	0	0	0	0	0	0	0	0	0	0
16	8	0	0	55	0	0	0	15	0	0	55	0	0	0	42	0	0	0	121	0	0	0	0	0	0	15	0	0	0	0	0	0	0	63	0	0	0	0	0	0	0	0	0	0	42	0	0	0	42	0	0	0	121	0	0	0	0	0	0	0	0	0	0	0	0	0	0	63	0	0	0	0	0	0	0	0	0	0	41	0	0	0	0	0	0	0	63	0	0	0	0	0	0	0	0	0	0	0	0	0	0	0	0	0	0	42	0	0	0	0	0	0	0	0	0	0	0	0	0	0	0	0	0	0	0	0	0	0	63	0	0	0	0	0	0	0	0	0	0	41	0	0	0	0	0	0	0	63	0	0	0	0	0	0	0	0	0	0	0	0	0	0	0	0	0	0	41	0	0	0	0	0	0	0	0	0	0	0	0	0	0	0	0	0	0	0	0	0	0	0	0	0	0	0	0	0	0	0	0	0	0	0	0	0	0	0	0	0	0	0
12	0	0	0	85	0	0	0	59	0	0	0	0	0	0	65	0	0	0	108	0	0	0	59	0	0	0	0	0	0	65	0	0	0	105	0	0	0	0	0	0	0	0	0	0	0	0	0	0	0	0	0	0	0	0	0	0	51	0	0	0	0	0	0	49	0	0	0	52	0	0	0	0	0	0	0	0	0	0	0	0	0	0	0	0	0	0	0	0	0	0	0	0	0	46	0	0	0	0	0	0	0	0	0	0	0	0	0	0	0	0	0	0	0	0	0	0	0	29	0	0	0	0	0	0	26	0	0	0	30	0	0	0	0	0	0	0	0	0	0	0	0	0	0	0	0	0	0	0	0	0	0	0	0	0	20	0	0	0	0	0	0	0	0	0	0	0	0	0	0	0	0	0	0	0	0	0	0	0	0	0	0	37	0	0	0	29	0	0	0	0	0	0	0	0	0	0	0	0	0	0	0	0	0	0	0	0	0	0	0	0
11	0	0	0	59	0	0	0	48	0	0	0	0	0	0	33	0	0	0	42	0	0	0	48	0	0	0	0	0	0	33	0	0	0	42	0	0	0	0	0	0	0	0	0	0	0	0	0	0	0	0	0	0	0	0	0	0	45	0	0	0	0	0	0	30	0	0	0	35	0	0	0	0	0	0	0	0	0	0	0	0	0	0	0	0	0	0	0	0	0	0	0	0	0	22	0	0	0	0	0	0	0	0	0	0	0	0	0	0	0	0	0	0	0	0	0	0	0	19	0	0	0	0	0	0	10	0	0	0	14	0	0	0	0	0	0	0	0	0	0	0	0	0	0	0	0	0	0	0	0	0	0	0	0	0	0	0	0	0	0	0	0	0	0	0	0	0	0	0	0	0	0	0	0	0	0	0	0	0	0	0	0	33	0	0	0	33	0	0	0	0	0	0	0	0	0	0	0	0	0	0	0	0	0	0	0	0	0	0	0	0
7	0	0	0	29	0	0	0	28	0	0	0	0	0	0	8	0	0	0	0	0	0	0	28	0	0	0	0	0	0	8	0	0	0	0	0	0	0	0	0	0	0	0	0	0	0	0	0	0	0	0	0	0	0	0	0	0	28	0	0	0	0	0	0	8	0	0	0	0	0	0	0	0	0	0	0	0	0	0	0	0	0	0	0	0	0	0	0	0	0	0	0	0	0	0	0	0	0	0	0	0	0	0	0	0	0	0	0	0	0	0	0	0	0	0	0	0	0	23	0	0	0	0	0	0	4	0	0	0	0	0	0	0	0	0	0	0	0	0	0	0	0	0	0	0	0	0	0	0	0	0	0	0	0	0	0	0	0	0	0	0	0	0	0	0	0	0	0	0	0	0	0	0	0	0	0	0	0	0	0	0	0	21	0	0	0	0	0	0	0	0	0	0	0	0	0	0	0	0	0	0	0	0	0	0	0	0	0	0	0	0
6	0	0	0	19	0	0	0	18	0	0	0	0	0	0	8	0	0	0	0	0	0	0	18	0	0	0	0	0	0	8	0	0	0	0	0	0	0	0	0	0	0	0	0	0	0	0	0	0	0	0	0	0	0	0	0	0	18	0	0	0	0	0	0	8	0	0	0	0	0	0	0	0	0	0	0	0	0	0	0	0	0	0	0	0	0	0	0	0	0	0	0	0	0	0	0	0	0	0	0	0	0	0	0	0	0	0	0	0	0	0	0	0	0	0	0	0	0	13	0	0	0	0	0	0	4	0	0	0	0	0	0	0	0	0	0	0	0	0	0	0	0	0	0	0	0	0	0	0	0	0	0	0	0	0	0	0	0	0	0	0	0	0	0	0	0	0	0	0	0	0	0	0	0	0	0	0	0	0	0	0	0	21	0	0	0	0	0	0	0	0	0	0	0	0	0	0	0	0	0	0	0	0	0	0	0	0	0	0	0	0
