59	48	43	49	0	37	28	39	0	43	49	0	23	31	0	0	37	36	0	0	28	18	28	0	28	39	0	6	22	0	0	16	23	0	0	31	31	0	28	42	0	0	41	43	0	0	23	31	0	0	34	36	0	0	19	14	16	0	18	28	0	2	12	0	0	8	13	0	0	16	21	0	21	26	0	0	28	29	0	0	6	22	0	0	13	23	0	0	30	31	0	20	26	0	0	22	9	0	0	28	42	0	0	40	43	0	0	20	31	0	0	29	36	0	0	12	8	8	0	14	16	0	0	0	0	0	5	3	0	0	10	14	0	16	16	0	0	17	16	0	0	2	12	0	0	6	13	0	0	16	21	0	2	16	0	0	0	0	0	0	21	26	0	0	28	29	0	0	6	22	0	0	13	23	0	0	15	17	0	5	8	0	0	1	0	0	0	20	26	0	0	22	9	0	0	12	14	0	0	13	15	0	0	20	31	0	0	23	29	0	0
54	44	43	40	0	34	29	33	0	43	40	0	26	17	0	0	38	30	0	0	26	19	23	0	29	33	0	9	11	0	0	17	19	0	0	31	24	0	29	35	0	0	40	39	0	0	26	17	0	0	35	30	0	0	18	14	16	0	19	23	0	4	6	0	0	9	10	0	0	17	17	0	21	26	0	0	28	29	0	0	9	11	0	0	14	19	0	0	30	24	0	22	16	0	0	22	9	0	0	29	35	0	0	39	39	0	0	23	17	0	0	30	30	0	0	12	8	8	0	14	16	0	0	0	0	0	5	3	0	0	11	11	0	16	16	0	0	17	16	0	0	4	6	0	0	7	10	0	0	17	17	0	4	8	0	0	0	0	0	0	21	26	0	0	28	29	0	0	9	11	0	0	14	19	0	0	16	12	0	5	8	0	0	1	0	0	0	22	16	0	0	22	9	0	0	13	11	0	0	13	15	0	0	23	17	0	0	24	24	0	0
49	40	49	27	0	31	34	23	0	48	27	0	30	0	0	0	52	19	0	0	25	27	20	0	34	23	0	18	0	0	0	34	11	0	0	35	9	0	42	15	0	0	46	19	0	0	30	0	0	0	48	13	0	0	19	21	19	0	27	20	0	12	0	0	0	25	10	0	0	21	5	0	33	15	0	0	38	15	0	0	18	0	0	0	30	5	0	0	33	9	0	37	4	0	0	35	12	0	0	42	15	0	0	42	19	0	0	24	0	0	0	40	13	0	0	14	11	15	0	21	19	0	6	0	0	0	19	9	0	0	17	5	0	26	15	0	0	29	15	0	0	12	0	0	0	22	5	0	0	20	5	0	6	0	0	0	0	0	0	0	33	15	0	0	35	15	0	0	15	0	0	0	27	5	0	0	20	4	0	11	0	0	0	2	0	0	0	37	4	0	0	35	12	0	0	16	0	0	0	16	4	0	0	21	0	0	0	26	8	0	0
91	75	72	98	0	59	58	73	0	70	98	0	40	20	0	0	99	53	0	0	46	47	57	0	57	73	0	27	0	0	0	77	31	0	0	48	59	0	55	117	0	0	78	81	0	0	36	20	0	0	87	40	0	0	33	28	42	0	46	57	0	21	0	0	0	68	19	0	0	35	34	0	41	102	0	0	67	62	0	0	23	0	0	0	65	18	0	0	45	59	0	24	60	0	0	22	64	0	0	54	117	0	0	71	81	0	0	26	20	0	0	76	40	0	0	23	19	27	0	27	42	0	14	0	0	0	29	14	0	0	29	27	0	37	81	0	0	56	45	0	0	17	0	0	0	58	9	0	0	33	34	0	7	0	0	0	0	0	0	0	40	102	0	0	61	62	0	0	16	0	0	0	59	18	0	0	18	29	0	9	27	0	0	1	4	0	0	23	60	0	0	22	64	0	0	18	27	0	0	16	31	0	0	22	20	0	0	28	30	0	0
65	52	66	65	0	39	44	51	0	60	65	0	50	45	0	0	92	109	0	0	29	32	42	0	40	51	0	9	36	0	0	53	96	0	0	36	35	0	37	54	0	0	67	75	0	0	37	45	0	0	75	89	0	0	20	19	30	0	31	42	0	9	36	0	0	47	90	0	0	19	24	0	32	54	0	0	40	66	0	0	5	36	0	0	40	78	0	0	25	26	0	17	24	0	0	19	26	0	0	36	54	0	0	42	48	0	0	6	18	0	0	44	62	0	0	14	14	20	0	18	30	0	8	24	0	0	14	50	0	0	18	24	0	29	54	0	0	37	66	0	0	5	36	0	0	38	78	0	0	18	18	0	1	0	0	0	0	0	0	0	31	54	0	0	37	48	0	0	1	18	0	0	37	60	0	0	8	8	0	4	8	0	0	1	2	0	0	16	24	0	0	19	26	0	0	8	0	0	0	8	0	0	0	5	0	0	0	9	2	0	0
71	59	53	47	14	47	41	30	0	53	47	14	21	36	10	0	56	55	28	0	35	29	18	0	41	30	0	6	18	0	0	36	20	0	0	36	47	14	41	36	9	0	58	69	14	0	21	36	10	0	50	55	28	0	23	12	0	0	29	18	0	0	0	0	0	28	6	0	0	24	30	0	29	0	0	0	41	40	0	0	6	18	0	0	30	20	0	0	35	47	14	6	0	28	0	0	0	42	0	41	36	9	0	57	69	14	0	18	36	10	0	45	55	28	0	14	12	0	0	12	0	0	0	0	0	0	4	0	0	0	17	18	0	29	0	0	0	35	30	0	0	0	0	0	0	24	6	0	0	24	30	0	6	0	0	0	0	0	0	0	29	0	0	0	41	40	0	0	6	18	0	0	30	20	0	0	12	20	14	8	0	0	0	0	0	0	0	6	0	28	0	0	0	42	0	12	36	9	0	12	24	14	0	18	36	10	0	19	46	28	0
44	33	38	43	6	23	26	34	0	31	33	6	19	48	4	0	54	55	0	0	17	22	29	0	23	28	0	6	40	0	0	39	48	0	0	19	9	6	28	21	0	0	44	19	0	0	10	24	4	0	44	31	0	0	12	9	24	0	22	24	0	6	36	0	0	38	44	0	0	14	8	0	25	20	0	0	31	16	0	0	6	20	0	0	33	28	0	0	14	4	6	0	4	18	0	0	0	6	0	28	16	0	0	31	4	0	0	3	4	4	0	32	16	0	0	8	8	20	0	9	20	0	3	32	0	0	8	28	0	0	14	8	0	25	20	0	0	31	16	0	0	6	20	0	0	33	28	0	0	13	4	0	0	4	0	0	0	0	0	0	25	16	0	0	28	4	0	0	3	4	0	0	30	16	0	0	1	0	6	3	0	2	0	0	0	6	0	0	0	18	0	0	0	6	0	3	0	0	0	3	0	0	0	0	0	4	0	2	0	0	0
49	40	49	23	6	31	37	23	0	47	23	6	39	0	4	0	81	53	0	0	23	31	20	0	36	23	0	15	0	0	0	54	53	0	0	29	15	6	40	15	0	0	66	30	0	0	35	0	4	0	68	45	0	0	15	15	5	0	30	20	0	15	0	0	0	50	50	0	0	18	15	0	32	15	0	0	39	30	0	0	11	0	0	0	41	45	0	0	18	15	6	1	0	18	0	0	0	18	0	39	15	0	0	39	30	0	0	4	0	4	0	39	45	0	0	10	13	5	0	14	5	0	11	0	0	0	15	5	0	0	18	15	0	32	15	0	0	39	30	0	0	11	0	0	0	41	45	0	0	16	15	0	1	0	0	0	0	0	0	0	31	15	0	0	33	30	0	0	4	0	0	0	35	45	0	0	2	0	6	4	0	2	0	0	0	0	0	0	0	18	0	0	0	18	0	8	0	0	0	6	0	0	0	0	0	4	0	4	0	0	0
60	49	58	34	6	38	43	34	0	56	34	6	47	0	4	0	94	70	0	0	28	33	30	0	42	34	0	18	0	0	0	57	70	0	0	35	24	6	45	24	0	0	73	54	0	0	43	0	4	0	80	60	0	0	18	15	6	0	32	30	0	15	0	0	0	50	66	0	0	21	24	0	31	24	0	0	41	54	0	0	14	0	0	0	43	60	0	0	23	24	6	1	0	18	0	0	0	24	0	44	24	0	0	45	54	0	0	9	0	4	0	46	60	0	0	12	13	6	0	14	6	0	11	0	0	0	15	6	0	0	20	24	0	31	24	0	0	41	54	0	0	11	0	0	0	41	60	0	0	19	24	0	1	0	0	0	0	0	0	0	30	24	0	0	35	54	0	0	7	0	0	0	37	60	0	0	5	0	6	4	0	2	0	0	0	0	0	0	0	18	0	0	0	24	0	14	0	0	0	10	0	0	0	5	0	4	0	11	0	0	0
63	51	55	46	6	39	39	41	0	54	46	6	44	0	4	0	85	81	6	0	28	25	31	0	39	41	0	9	0	0	0	47	71	0	0	36	35	6	34	55	0	0	70	75	0	0	44	0	4	0	75	70	6	0	17	9	6	0	25	31	0	6	0	0	0	39	56	0	0	21	30	0	25	30	0	0	41	60	0	0	9	0	0	0	37	60	0	0	25	35	6	0	0	18	0	0	0	30	0	34	55	0	0	45	75	0	0	14	0	4	0	44	70	6	0	11	8	5	0	9	6	0	3	0	0	0	8	6	0	0	17	25	0	25	25	0	0	36	50	0	0	6	0	0	0	34	50	0	0	20	30	0	0	0	0	0	0	0	0	0	25	30	0	0	38	60	0	0	6	0	0	0	34	60	0	0	6	5	6	3	5	2	0	0	0	0	0	0	0	18	0	0	0	30	0	9	25	0	0	7	15	0	0	11	0	4	0	12	10	6	0
64	52	45	41	28	40	30	21	10	45	41	28	19	42	18	26	37	30	56	20	28	8	0	0	30	21	10	0	0	9	0	18	7	20	0	32	41	28	22	0	86	0	36	45	84	0	19	42	18	26	33	30	56	20	16	8	0	0	8	0	0	0	0	0	0	2	0	0	0	17	21	10	22	0	24	0	30	35	30	0	0	0	9	0	14	7	20	0	31	41	28	6	0	0	0	0	0	0	0	22	0	86	0	35	45	84	0	16	42	18	26	28	30	56	20	7	0	0	0	8	0	0	0	0	0	0	2	0	0	0	0	0	0	0	0	0	0	0	0	0	0	0	0	0	0	0	0	0	0	17	21	10	0	0	0	0	0	0	0	0	22	0	24	0	30	35	30	0	0	0	9	0	14	7	20	0	11	14	28	0	0	48	0	0	0	0	0	6	0	0	0	0	0	0	0	0	0	86	0	0	0	84	0	16	42	18	26	13	21	56	20
43	35	20	19	6	27	9	4	0	20	19	6	14	12	6	0	11	12	18	14	19	0	0	0	9	4	0	0	0	0	0	2	0	0	0	19	19	6	0	0	18	0	17	7	6	0	14	12	6	0	11	12	18	14	11	0	0	0	0	0	0	0	0	0	0	0	0	0	0	8	4	0	0	0	0	0	12	4	0	0	0	0	0	0	2	0	0	0	19	19	6	0	0	0	0	0	0	0	0	0	0	18	0	17	7	6	0	14	12	6	0	11	12	18	14	4	0	0	0	0	0	0	0	0	0	0	0	0	0	0	0	0	0	0	0	0	0	0	0	0	0	0	0	0	0	0	0	0	0	8	4	0	0	0	0	0	0	0	0	0	0	0	0	0	12	4	0	0	0	0	0	0	2	0	0	0	8	12	6	0	0	0	0	0	0	0	0	0	0	0	0	0	0	0	0	0	0	18	0	0	0	6	0	14	12	6	0	8	12	18	14
48	39	17	24	0	30	6	4	0	17	24	0	10	16	0	0	8	12	0	0	21	0	0	0	6	4	0	0	0	0	0	1	0	0	0	16	24	0	0	0	0	0	12	8	0	0	10	16	0	0	8	12	0	0	12	0	0	0	0	0	0	0	0	0	0	0	0	0	0	5	4	0	0	0	0	0	7	4	0	0	0	0	0	0	1	0	0	0	16	24	0	0	0	0	0	0	0	0	0	0	0	0	0	12	8	0	0	10	16	0	0	8	12	0	0	4	0	0	0	0	0	0	0	0	0	0	0	0	0	0	0	0	0	0	0	0	0	0	0	0	0	0	0	0	0	0	0	0	0	5	4	0	0	0	0	0	0	0	0	0	0	0	0	0	7	4	0	0	0	0	0	0	1	0	0	0	8	16	0	0	0	0	0	0	0	0	0	0	0	0	0	0	0	0	0	0	0	0	0	0	0	0	0	10	16	0	0	6	12	0	0
27	22	12	7	0	17	3	3	0	12	7	0	7	3	0	0	6	0	0	0	12	0	0	0	3	3	0	0	0	0	0	0	0	0	0	11	7	0	0	0	0	0	2	4	0	0	7	3	0	0	6	0	0	0	7	0	0	0	0	0	0	0	0	0	0	0	0	0	0	2	3	0	0	0	0	0	2	3	0	0	0	0	0	0	0	0	0	0	11	7	0	0	0	0	0	0	0	0	0	0	0	0	0	2	4	0	0	7	3	0	0	6	0	0	0	3	0	0	0	0	0	0	0	0	0	0	0	0	0	0	0	0	0	0	0	0	0	0	0	0	0	0	0	0	0	0	0	0	0	2	3	0	0	0	0	0	0	0	0	0	0	0	0	0	2	3	0	0	0	0	0	0	0	0	0	0	9	3	0	0	0	0	0	0	0	0	0	0	0	0	0	0	0	0	0	0	0	0	0	0	0	0	0	7	3	0	0	6	0	0	0
22	18	7	4	0	14	2	0	0	7	4	0	5	0	0	0	3	0	0	0	10	0	0	0	2	0	0	0	0	0	0	0	0	0	0	7	4	0	0	0	0	0	2	0	0	0	5	0	0	0	3	0	0	0	6	0	0	0	0	0	0	0	0	0	0	0	0	0	0	2	0	0	0	0	0	0	2	0	0	0	0	0	0	0	0	0	0	0	7	4	0	0	0	0	0	0	0	0	0	0	0	0	0	2	0	0	0	5	0	0	0	3	0	0	0	2	0	0	0	0	0	0	0	0	0	0	0	0	0	0	0	0	0	0	0	0	0	0	0	0	0	0	0	0	0	0	0	0	0	2	0	0	0	0	0	0	0	0	0	0	0	0	0	0	2	0	0	0	0	0	0	0	0	0	0	0	5	4	0	0	0	0	0	0	0	0	0	0	0	0	0	0	0	0	0	0	0	0	0	0	0	0	0	5	0	0	0	3	0	0	0
44	35	12	8	20	26	3	0	4	12	8	20	0	0	39	4	3	0	20	34	17	2	0	3	3	0	4	0	0	8	3	0	0	4	10	9	8	20	4	0	0	3	15	8	0	0	0	0	39	4	3	0	20	34	8	0	0	0	2	0	3	0	0	6	0	0	0	3	0	0	0	4	0	0	0	0	0	0	0	0	0	0	8	3	0	0	4	10	9	8	20	0	0	10	0	0	0	0	0	4	0	0	3	15	8	0	0	0	0	39	4	3	0	20	34	0	0	0	0	0	0	0	0	0	0	0	0	0	0	0	0	0	3	0	0	0	0	0	0	0	0	0	0	6	0	0	0	3	0	0	0	4	0	0	8	0	0	0	0	0	0	0	0	0	0	0	0	0	0	0	8	3	0	0	4	10	0	0	20	0	0	0	0	0	0	0	0	0	0	10	0	0	0	0	0	0	0	0	3	0	0	0	0	0	0	39	4	0	0	20	34
48	38	22	16	33	28	8	0	14	22	16	33	3	0	73	20	10	8	66	34	18	4	0	6	8	0	14	0	0	34	6	1	0	28	10	14	16	33	8	0	0	6	22	32	0	14	3	0	73	20	9	8	66	34	8	0	0	0	4	0	6	0	0	12	0	0	0	12	0	0	0	14	0	0	0	0	0	0	0	0	0	0	34	6	0	0	28	10	13	16	33	0	0	20	0	0	0	0	0	8	0	0	6	21	32	0	14	0	0	73	20	4	8	66	34	0	0	0	0	0	0	0	0	0	0	0	0	0	0	0	0	0	6	0	0	0	0	0	0	0	0	0	0	12	0	0	0	12	0	0	0	14	0	0	16	0	0	0	0	0	0	0	0	0	0	0	0	0	0	0	34	6	0	0	28	10	0	0	33	0	0	0	0	0	0	0	0	0	0	20	0	0	0	0	0	0	0	0	6	0	0	0	14	0	0	73	20	0	0	66	34
35	28	4	0	13	21	0	0	0	4	0	13	0	0	11	0	0	0	0	6	14	0	0	0	0	0	0	0	0	0	0	0	0	0	0	4	0	13	0	0	0	0	4	0	0	0	0	0	11	0	0	0	0	6	7	0	0	0	0	0	0	0	0	0	0	0	0	0	0	0	0	0	0	0	0	0	0	0	0	0	0	0	0	0	0	0	0	0	4	0	13	0	0	0	0	0	0	0	0	0	0	0	0	4	0	0	0	0	0	11	0	0	0	0	6	0	0	0	0	0	0	0	0	0	0	0	0	0	0	0	0	0	0	0	0	0	0	0	0	0	0	0	0	0	0	0	0	0	0	0	0	0	0	0	0	0	0	0	0	0	0	0	0	0	0	0	0	0	0	0	0	0	0	0	0	0	0	0	13	0	0	0	0	0	0	0	0	0	0	0	0	0	0	0	0	0	0	0	0	0	0	0	0	0	0	11	0	0	0	0	6
25	20	2	0	6	15	0	0	0	2	0	6	0	0	4	0	0	0	0	0	10	0	0	0	0	0	0	0	0	0	0	0	0	0	0	2	0	6	0	0	0	0	2	0	0	0	0	0	4	0	0	0	0	0	5	0	0	0	0	0	0	0	0	0	0	0	0	0	0	0	0	0	0	0	0	0	0	0	0	0	0	0	0	0	0	0	0	0	2	0	6	0	0	0	0	0	0	0	0	0	0	0	0	2	0	0	0	0	0	4	0	0	0	0	0	0	0	0	0	0	0	0	0	0	0	0	0	0	0	0	0	0	0	0	0	0	0	0	0	0	0	0	0	0	0	0	0	0	0	0	0	0	0	0	0	0	0	0	0	0	0	0	0	0	0	0	0	0	0	0	0	0	0	0	0	0	0	0	6	0	0	0	0	0	0	0	0	0	0	0	0	0	0	0	0	0	0	0	0	0	0	0	0	0	0	4	0	0	0	0	0
20	16	3	0	0	12	0	0	0	3	0	0	0	0	0	0	1	0	0	0	8	0	0	0	0	0	0	0	0	0	0	0	0	0	0	3	0	0	0	0	0	0	5	0	0	0	0	0	0	0	1	0	0	0	4	0	0	0	0	0	0	0	0	0	0	0	0	0	0	0	0	0	0	0	0	0	0	0	0	0	0	0	0	0	0	0	0	0	3	0	0	0	0	0	0	0	0	0	0	0	0	0	0	5	0	0	0	0	0	0	0	1	0	0	0	0	0	0	0	0	0	0	0	0	0	0	0	0	0	0	0	0	0	0	0	0	0	0	0	0	0	0	0	0	0	0	0	0	0	0	0	0	0	0	0	0	0	0	0	0	0	0	0	0	0	0	0	0	0	0	0	0	0	0	0	0	0	0	0	0	0	0	0	0	0	0	0	0	0	0	0	0	0	0	0	0	0	0	0	0	0	0	0	0	0	0	0	0	0	0	0
58	43	22	14	82	28	16	14	52	22	14	82	23	0	0	68	25	0	0	53	14	0	0	28	16	14	52	0	0	0	18	6	0	0	18	6	0	82	0	0	62	34	12	0	82	34	23	0	0	68	19	0	0	53	0	0	0	10	0	0	28	0	0	0	9	0	0	0	9	0	0	52	0	0	56	10	0	0	52	10	0	0	0	18	0	0	0	18	0	0	82	0	0	0	26	0	0	0	20	0	0	62	34	0	0	82	34	0	0	0	68	0	0	0	53	0	0	0	0	0	0	10	0	0	0	0	0	0	0	0	0	0	28	0	0	48	0	0	0	28	0	0	0	0	9	0	0	0	9	0	0	52	0	0	0	0	0	0	0	0	0	0	56	10	0	0	52	10	0	0	0	18	0	0	0	18	0	0	0	0	0	0	0	0	0	0	0	0	0	0	26	0	0	0	20	0	0	0	34	0	0	0	34	0	0	0	68	0	0	0	53
61	44	34	55	72	27	22	39	58	32	55	72	28	39	6	37	30	79	72	33	13	0	0	45	21	39	58	0	0	6	18	9	13	58	14	6	13	72	0	0	101	34	14	13	216	28	23	39	6	37	17	65	72	33	0	0	0	16	0	0	45	0	0	6	9	0	0	45	6	0	0	58	0	0	95	10	0	0	174	10	0	0	6	18	0	0	58	14	0	0	72	0	0	0	38	0	0	0	26	0	0	101	34	0	0	216	28	0	0	6	37	0	0	72	33	0	0	0	0	0	0	16	0	0	2	0	0	0	16	0	0	0	45	0	0	87	0	0	0	135	0	0	0	6	9	0	0	45	6	0	0	58	0	0	0	0	0	0	0	0	0	0	95	10	0	0	174	10	0	0	6	18	0	0	58	14	0	0	0	0	0	0	0	0	0	0	0	0	0	0	38	0	0	0	26	0	0	0	34	0	0	0	28	0	0	0	37	0	0	0	33
42	31	26	10	45	20	15	10	42	25	10	45	27	0	0	22	36	10	0	0	10	0	0	31	15	10	42	0	0	0	6	8	10	0	0	10	0	45	0	0	47	26	22	0	45	28	27	0	0	22	28	0	0	0	0	0	0	4	0	0	31	0	0	0	0	0	0	0	0	0	0	42	0	0	47	4	0	0	42	10	0	0	0	6	0	0	0	0	0	0	45	0	0	0	20	0	0	0	32	0	0	47	26	0	0	45	28	0	0	0	22	0	0	0	0	0	0	0	0	0	0	4	0	0	0	0	0	0	0	0	0	0	31	0	0	43	0	0	0	31	0	0	0	0	0	0	0	0	0	0	0	42	0	0	0	0	0	0	0	0	0	0	47	4	0	0	42	10	0	0	0	6	0	0	0	0	0	0	0	0	0	0	0	0	0	0	0	0	0	0	20	0	0	0	32	0	0	0	26	0	0	0	28	0	0	0	22	0	0	0	0
55	38	45	92	23	21	23	32	23	32	92	23	38	160	6	0	39	138	115	0	8	0	0	22	12	32	23	0	0	6	0	8	16	115	0	6	40	23	0	0	35	5	14	88	92	0	10	160	6	0	17	112	115	0	0	0	0	2	0	0	22	0	0	6	0	0	0	110	0	0	0	23	0	0	35	0	0	0	92	0	0	0	6	0	0	0	115	0	0	0	23	0	0	0	8	0	0	0	18	0	0	35	5	0	0	92	0	0	0	6	0	0	0	115	0	0	0	0	0	0	0	2	0	0	2	0	0	0	10	0	0	0	22	0	0	34	0	0	0	88	0	0	0	6	0	0	0	110	0	0	0	23	0	0	0	0	0	0	0	0	0	0	35	0	0	0	92	0	0	0	6	0	0	0	115	0	0	0	0	0	0	0	0	0	0	0	0	0	0	0	8	0	0	0	18	0	0	0	5	0	0	0	0	0	0	0	0	0	0	0	0
42	30	43	39	27	18	26	7	27	31	39	27	54	28	10	0	42	74	108	0	7	1	0	26	15	7	27	4	0	10	0	12	7	108	0	7	28	27	1	0	51	5	17	70	27	0	27	28	10	0	20	63	108	0	0	0	0	2	0	0	26	0	0	10	0	0	0	104	0	0	0	27	0	0	51	0	0	0	27	0	0	0	10	0	0	0	108	0	0	0	27	0	0	4	8	0	0	0	24	0	0	51	5	0	0	27	0	0	0	10	0	0	0	108	0	0	0	0	0	0	0	2	0	0	2	0	0	0	8	0	0	0	26	0	0	50	0	0	0	26	0	0	0	10	0	0	0	104	0	0	0	27	0	0	4	0	0	0	0	0	0	0	51	0	0	0	27	0	0	0	10	0	0	0	108	0	0	0	0	0	0	0	0	0	0	0	0	0	0	0	8	0	0	0	24	0	0	0	5	0	0	0	0	0	0	0	0	0	0	0	0
33	19	36	57	29	8	9	24	10	23	24	29	23	72	86	22	19	32	87	50	0	0	0	10	0	0	10	0	0	34	22	0	0	30	50	0	0	29	0	0	5	0	0	0	87	0	0	0	86	22	0	0	87	50	0	0	0	10	0	0	10	0	0	34	22	0	0	30	48	0	0	10	0	0	4	0	0	0	30	0	0	0	34	22	0	0	30	50	0	0	0	0	0	0	0	0	0	0	0	0	0	0	0	0	0	0	0	0	0	0	22	0	0	0	50	0	0	0	2	0	0	10	0	0	34	6	0	0	30	4	0	0	10	0	0	4	0	0	0	30	0	0	0	34	22	0	0	30	48	0	0	0	0	0	0	0	0	0	0	0	0	0	0	0	0	0	0	0	0	0	0	22	0	0	0	50	0	0	0	0	0	0	8	0	0	0	6	0	0	0	0	0	0	0	0	0	0	0	0	0	0	0	0	0	0	0	0	0	0	0	0
23	13	24	29	21	4	5	4	0	15	20	21	19	20	71	0	11	16	105	95	0	0	0	0	0	0	0	0	0	0	0	0	0	0	81	0	0	21	0	0	0	0	0	0	21	0	0	0	71	0	0	0	105	95	0	0	0	0	0	0	0	0	0	0	0	0	0	0	67	0	0	0	0	0	0	0	0	0	0	0	0	0	0	0	0	0	0	81	0	0	0	0	0	0	0	0	0	0	0	0	0	0	0	0	0	0	0	0	0	0	0	0	0	0	95	0	0	0	0	0	0	0	0	0	0	0	0	0	0	18	0	0	0	0	0	0	0	0	0	0	0	0	0	0	0	0	0	0	67	0	0	0	0	0	0	0	0	0	0	0	0	0	0	0	0	0	0	0	0	0	0	0	0	0	0	81	0	0	0	0	0	0	0	0	0	0	0	0	0	0	0	0	0	0	0	0	0	0	0	0	0	0	0	0	0	0	0	0	0	0	0
16	10	23	5	15	5	9	5	0	14	0	15	23	0	39	0	13	0	0	50	0	0	0	0	0	0	0	0	0	0	0	0	0	0	50	0	0	15	0	0	0	0	0	0	15	0	0	0	39	0	0	0	0	50	0	0	0	0	0	0	0	0	0	0	0	0	0	0	48	0	0	0	0	0	0	0	0	0	0	0	0	0	0	0	0	0	0	50	0	0	0	0	0	0	0	0	0	0	0	0	0	0	0	0	0	0	0	0	0	0	0	0	0	0	50	0	0	0	0	0	0	0	0	0	0	0	0	0	0	4	0	0	0	0	0	0	0	0	0	0	0	0	0	0	0	0	0	0	48	0	0	0	0	0	0	0	0	0	0	0	0	0	0	0	0	0	0	0	0	0	0	0	0	0	0	50	0	0	0	0	0	0	0	0	0	0	0	0	0	0	0	0	0	0	0	0	0	0	0	0	0	0	0	0	0	0	0	0	0	0	0
21	11	21	29	15	5	6	20	0	13	5	15	19	20	39	0	11	10	15	50	0	0	0	0	0	0	0	0	0	0	0	0	0	0	50	0	0	15	0	0	0	0	0	0	60	0	0	0	39	0	0	0	15	50	0	0	0	0	0	0	0	0	0	0	0	0	0	0	48	0	0	0	0	0	0	0	0	0	0	0	0	0	0	0	0	0	0	50	0	0	0	0	0	0	0	0	0	0	0	0	0	0	0	0	0	0	0	0	0	0	0	0	0	0	50	0	0	0	0	0	0	0	0	0	0	0	0	0	0	4	0	0	0	0	0	0	0	0	0	0	0	0	0	0	0	0	0	0	48	0	0	0	0	0	0	0	0	0	0	0	0	0	0	0	0	0	0	0	0	0	0	0	0	0	0	50	0	0	0	0	0	0	0	0	0	0	0	0	0	0	0	0	0	0	0	0	0	0	0	0	0	0	0	0	0	0	0	0	0	0	0
30	17	27	52	15	6	9	12	0	14	30	15	18	60	39	0	13	24	75	50	0	0	0	0	0	0	0	0	0	0	0	0	0	0	50	0	0	15	0	0	0	0	0	0	30	0	0	0	39	0	0	0	75	50	0	0	0	0	0	0	0	0	0	0	0	0	0	0	48	0	0	0	0	0	0	0	0	0	0	0	0	0	0	0	0	0	0	50	0	0	0	0	0	0	0	0	0	0	0	0	0	0	0	0	0	0	0	0	0	0	0	0	0	0	50	0	0	0	0	0	0	0	0	0	0	0	0	0	0	4	0	0	0	0	0	0	0	0	0	0	0	0	0	0	0	0	0	0	48	0	0	0	0	0	0	0	0	0	0	0	0	0	0	0	0	0	0	0	0	0	0	0	0	0	0	50	0	0	0	0	0	0	0	0	0	0	0	0	0	0	0	0	0	0	0	0	0	0	0	0	0	0	0	0	0	0	0	0	0	0	0
24	12	5	0	87	0	0	0	71	0	0	87	0	0	16	53	0	0	0	36	0	0	0	28	0	0	71	0	0	0	0	0	0	0	0	0	0	0	0	0	0	61	0	0	0	177	0	0	0	53	0	0	0	36	0	0	0	25	0	0	28	0	0	0	0	0	0	0	0	0	0	0	0	0	0	55	0	0	0	133	0	0	0	0	0	0	0	0	0	0	0	0	0	0	15	0	0	0	0	0	0	0	61	0	0	0	177	0	0	0	0	0	0	0	0	0	0	0	22	0	0	25	0	0	0	0	0	0	0	0	0	0	0	0	0	0	48	0	0	0	95	0	0	0	0	0	0	0	0	0	0	0	0	0	0	12	0	0	0	0	0	0	0	55	0	0	0	133	0	0	0	0	0	0	0	0	0	0	0	0	0	0	17	0	0	0	0	0	0	0	15	0	0	0	0	0	0	0	0	0	0	0	0	0	0	0	0	0	0	0	0
28	14	8	0	89	0	0	0	71	0	0	89	0	0	22	67	0	0	0	36	0	0	0	38	0	0	71	0	0	5	10	0	0	0	0	0	0	0	0	0	0	83	0	0	0	95	0	0	0	67	0	0	0	36	0	0	0	35	0	0	38	0	0	4	10	0	0	0	0	0	0	0	0	0	0	77	0	0	0	81	0	0	0	10	0	0	0	0	0	0	0	0	0	0	15	0	0	0	0	0	0	0	83	0	0	0	95	0	0	0	0	0	0	0	0	0	0	0	32	0	0	35	0	0	4	10	0	0	0	0	0	0	0	0	0	0	70	0	0	0	67	0	0	0	10	0	0	0	0	0	0	0	0	0	0	12	0	0	0	0	0	0	0	77	0	0	0	81	0	0	0	0	0	0	0	0	0	0	0	0	0	0	17	0	0	0	0	0	0	0	15	0	0	0	0	0	0	0	0	0	0	0	0	0	0	0	0	0	0	0	0
37	18	10	18	130	0	0	0	100	0	0	130	0	0	46	95	0	0	130	65	0	0	0	42	0	0	100	0	0	5	10	0	0	100	10	0	0	0	0	0	0	126	0	0	0	167	0	0	0	95	0	0	0	65	0	0	0	42	0	0	42	0	0	4	10	0	0	42	10	0	0	0	0	0	0	126	0	0	0	150	0	0	0	10	0	0	0	10	0	0	0	0	0	0	0	0	0	0	0	0	0	0	126	0	0	0	167	0	0	0	0	0	0	0	0	0	0	0	40	0	0	42	0	0	4	10	0	0	42	10	0	0	0	0	0	0	118	0	0	0	124	0	0	0	10	0	0	0	10	0	0	0	0	0	0	0	0	0	0	0	0	0	0	126	0	0	0	150	0	0	0	0	0	0	0	0	0	0	0	0	0	0	14	0	0	0	0	0	0	0	0	0	0	0	0	0	0	0	0	0	0	0	0	0	0	0	0	0	0	0	0
21	10	10	10	47	0	0	0	22	0	0	47	0	0	46	54	0	0	47	65	0	0	0	10	0	0	22	0	0	5	10	0	0	22	10	0	0	0	0	0	0	22	0	0	0	23	0	0	0	54	0	0	0	65	0	0	0	10	0	0	10	0	0	4	10	0	0	10	10	0	0	0	0	0	0	22	0	0	0	23	0	0	0	10	0	0	0	10	0	0	0	0	0	0	0	0	0	0	0	0	0	0	22	0	0	0	23	0	0	0	0	0	0	0	0	0	0	0	10	0	0	10	0	0	4	10	0	0	10	10	0	0	0	0	0	0	22	0	0	0	22	0	0	0	10	0	0	0	10	0	0	0	0	0	0	0	0	0	0	0	0	0	0	22	0	0	0	23	0	0	0	0	0	0	0	0	0	0	0	0	0	0	0	0	0	0	0	0	0	0	0	0	0	0	0	0	0	0	0	0	0	0	0	0	0	0	0	0	0	0	0
18	8	13	16	29	0	0	0	5	0	0	29	0	0	66	5	0	0	58	80	0	0	0	4	0	0	5	0	0	5	4	0	0	10	10	0	0	0	0	0	0	4	0	0	0	0	0	0	0	5	0	0	0	80	0	0	0	4	0	0	4	0	0	4	4	0	0	8	10	0	0	0	0	0	0	4	0	0	0	0	0	0	0	4	0	0	0	10	0	0	0	0	0	0	0	0	0	0	0	0	0	0	4	0	0	0	0	0	0	0	0	0	0	0	0	0	0	0	4	0	0	4	0	0	4	4	0	0	8	10	0	0	0	0	0	0	4	0	0	0	0	0	0	0	4	0	0	0	10	0	0	0	0	0	0	0	0	0	0	0	0	0	0	4	0	0	0	0	0	0	0	0	0	0	0	0	0	0	0	0	0	0	0	0	0	0	0	0	0	0	0	0	0	0	0	0	0	0	0	0	0	0	0	0	0	0	0	0	0	0	0
10	0	0	0	74	0	0	0	25	0	0	0	0	0	0	83	0	0	0	206	0	0	0	5	0	0	0	0	0	0	20	0	0	0	127	0	0	0	0	0	0	5	0	0	0	59	0	0	0	0	0	0	0	0	0	0	0	4	0	0	0	0	0	0	16	0	0	0	56	0	0	0	0	0	0	4	0	0	0	10	0	0	0	0	0	0	0	0	0	0	0	0	0	0	4	0	0	0	0	0	0	0	0	0	0	0	0	0	0	0	0	0	0	0	0	0	0	0	4	0	0	0	0	0	0	16	0	0	0	56	0	0	0	0	0	0	4	0	0	0	10	0	0	0	0	0	0	0	0	0	0	0	0	0	0	4	0	0	0	0	0	0	0	0	0	0	0	0	0	0	0	0	0	0	0	0	0	0	0	0	0	0	0	0	0	0	0	0	0	0	0	0	0	0	0	0	0	0	0	0	0	0	0	0	0	0	0	0	0	0	0
9	0	0	0	50	0	0	0	28	0	0	0	0	0	0	79	0	0	0	29	0	0	0	0	0	0	0	0	0	0	0	0	0	0	5	0	0	0	0	0	0	0	0	0	0	95	0	0	0	0	0	0	0	0	0	0	0	0	0	0	0	0	0	0	0	0	0	0	4	0	0	0	0	0	0	0	0	0	0	10	0	0	0	0	0	0	0	0	0	0	0	0	0	0	0	0	0	0	0	0	0	0	0	0	0	0	0	0	0	0	0	0	0	0	0	0	0	0	0	0	0	0	0	0	0	0	0	0	0	4	0	0	0	0	0	0	0	0	0	0	10	0	0	0	0	0	0	0	0	0	0	0	0	0	0	0	0	0	0	0	0	0	0	0	0	0	0	0	0	0	0	0	0	0	0	0	0	0	0	0	0	0	0	0	0	0	0	0	0	0	0	0	0	0	0	0	0	0	0	0	0	0	0	0	0	0	0	0	0	0	0
6	0	0	0	17	0	0	0	13	0	0	0	0	0	0	29	0	0	0	0	0	0	0	0	0	0	0	0	0	0	0	0	0	0	0	0	0	0	0	0	0	0	0	0	0	44	0	0	0	0	0	0	0	0	0	0	0	0	0	0	0	0	0	0	0	0	0	0	0	0	0	0	0	0	0	0	0	0	0	10	0	0	0	0	0	0	0	0	0	0	0	0	0	0	0	0	0	0	0	0	0	0	0	0	0	0	0	0	0	0	0	0	0	0	0	0	0	0	0	0	0	0	0	0	0	0	0	0	0	0	0	0	0	0	0	0	0	0	0	0	10	0	0	0	0	0	0	0	0	0	0	0	0	0	0	0	0	0	0	0	0	0	0	0	0	0	0	0	0	0	0	0	0	0	0	0	0	0	0	0	0	0	0	0	0	0	0	0	0	0	0	0	0	0	0	0	0	0	0	0	0	0	0	0	0	0	0	0	0	0	0
5	0	0	0	6	0	0	0	5	0	0	0	0	0	0	5	0	0	0	0	0	0	0	0	0	0	0	0	0	0	0	0	0	0	0	0	0	0	0	0	0	0	0	0	0	15	0	0	0	0	0	0	0	0	0	0	0	0	0	0	0	0	0	0	0	0	0	0	0	0	0	0	0	0	0	0	0	0	0	0	0	0	0	0	0	0	0	0	0	0	0	0	0	0	0	0	0	0	0	0	0	0	0	0	0	0	0	0	0	0	0	0	0	0	0	0	0	0	0	0	0	0	0	0	0	0	0	0	0	0	0	0	0	0	0	0	0	0	0	0	0	0	0	0	0	0	0	0	0	0	0	0	0	0	0	0	0	0	0	0	0	0	0	0	0	0	0	0	0	0	0	0	0	0	0	0	0	0	0	0	0	0	0	0	0	0	0	0	0	0	0	0	0	0	0	0	0	0	0	0	0	0	0	0	0	0	0	0	0	0	0
2	0	0	0	0	0	0	0	0	0	0	0	0	0	0	0	0	0	0	0	0	0	0	0	0	0	0	0	0	0	0	0	0	0	0	0	0	0	0	0	0	0	0	0	0	0	0	0	0	0	0	0	0	0	0	0	0	0	0	0	0	0	0	0	0	0	0	0	0	0	0	0	0	0	0	0	0	0	0	0	0	0	0	0	0	0	0	0	0	0	0	0	0	0	0	0	0	0	0	0	0	0	0	0	0	0	0	0	0	0	0	0	0	0	0	0	0	0	0	0	0	0	0	0	0	0	0	0	0	0	0	0	0	0	0	0	0	0	0	0	0	0	0	0	0	0	0	0	0	0	0	0	0	0	0	0	0	0	0	0	0	0	0	0	0	0	0	0	0	0	0	0	0	0	0	0	0	0	0	0	0	0	0	0	0	0	0	0	0	0	0	0	0	0	0	0	0	0	0	0	0	0	0	0	0	0	0	0	0	0	0
