46	40	27	8	0	34	15	0	0	27	8	0	12	0	0	0	38	0	0	0	28	13	0	0	15	0	0	12	0	0	0	29	0	0	0	26	8	0	28	0	0	0	24	8	0	0	12	0	0	0	35	0	0	0	22	6	0	0	13	0	0	12	0	0	0	23	0	0	0	14	0	0	3	0	0	0	12	0	0	0	12	0	0	0	26	0	0	0	26	8	0	24	0	0	0	10	4	0	0	28	0	0	0	24	8	0	0	12	0	0	0	35	0	0	0	16	1	0	0	6	0	0	0	0	0	0	4	0	0	0	12	0	0	3	0	0	0	11	0	0	0	12	0	0	0	20	0	0	0	14	0	0	2	0	0	0	0	0	0	0	3	0	0	0	12	0	0	0	12	0	0	0	26	0	0	0	20	8	0	0	0	0	0	1	0	0	0	24	0	0	0	10	4	0	0	25	0	0	0	16	8	0	0	12	0	0	0	34	0	0	0
31	27	17	3	0	23	9	0	0	17	3	0	6	0	0	0	20	0	0	0	19	7	0	0	9	0	0	6	0	0	0	18	0	0	0	16	3	0	13	0	0	0	12	6	0	0	6	0	0	0	17	0	0	0	15	4	0	0	7	0	0	6	0	0	0	12	0	0	0	8	0	0	3	0	0	0	5	0	0	0	6	0	0	0	15	0	0	0	16	3	0	14	0	0	0	5	0	0	0	13	0	0	0	12	6	0	0	6	0	0	0	17	0	0	0	11	1	0	0	4	0	0	0	0	0	0	3	0	0	0	6	0	0	3	0	0	0	4	0	0	0	6	0	0	0	9	0	0	0	8	0	0	2	0	0	0	0	0	0	0	3	0	0	0	5	0	0	0	6	0	0	0	15	0	0	0	13	3	0	0	0	0	0	0	0	0	0	14	0	0	0	5	0	0	0	10	0	0	0	9	6	0	0	6	0	0	0	17	0	0	0
51	44	29	14	0	37	14	6	0	29	14	0	12	0	0	0	36	18	0	0	30	12	4	0	14	6	0	12	0	0	0	26	18	0	0	28	14	0	26	8	0	0	28	8	0	0	12	0	0	0	33	18	0	0	23	6	0	0	12	4	0	12	0	0	0	20	12	0	0	13	6	0	3	0	0	0	12	0	0	0	12	0	0	0	23	18	0	0	28	14	0	24	0	0	0	10	4	0	0	26	8	0	0	28	8	0	0	12	0	0	0	33	18	0	0	16	1	0	0	6	0	0	0	0	0	0	4	0	0	0	11	4	0	3	0	0	0	11	0	0	0	12	0	0	0	17	12	0	0	13	6	0	2	0	0	0	0	0	0	0	3	0	0	0	12	0	0	0	12	0	0	0	23	18	0	0	19	14	0	0	0	0	0	1	0	0	0	24	0	0	0	10	4	0	0	23	8	0	0	16	8	0	0	12	0	0	0	31	18	0	0
84	70	39	75	0	56	18	53	0	35	75	0	13	48	0	0	48	95	0	0	43	11	42	0	17	53	0	9	48	0	0	37	87	0	0	31	62	0	21	62	0	0	38	50	0	0	12	48	0	0	36	56	0	0	30	4	20	0	10	42	0	7	24	0	0	19	54	0	0	13	40	0	2	24	0	0	15	32	0	0	8	48	0	0	25	48	0	0	30	62	0	13	64	0	0	14	12	0	0	21	62	0	0	37	50	0	0	12	48	0	0	36	56	0	0	20	2	8	0	3	20	0	1	0	0	0	4	24	0	0	9	32	0	2	24	0	0	12	28	0	0	6	24	0	0	16	24	0	0	12	40	0	3	16	0	0	1	0	0	0	2	24	0	0	14	32	0	0	8	48	0	0	25	48	0	0	19	32	0	2	0	0	0	5	0	0	0	11	64	0	0	12	12	0	0	19	32	0	0	17	20	0	0	9	48	0	0	29	56	0	0
82	69	55	61	0	56	29	40	0	53	61	0	41	48	0	0	63	112	0	0	43	19	25	0	27	40	0	22	48	0	0	51	88	0	0	46	61	0	41	45	0	0	55	64	0	0	38	48	0	0	42	112	0	0	30	10	6	0	17	25	0	14	18	0	0	26	38	0	0	20	40	0	14	0	0	0	24	40	0	0	19	48	0	0	30	88	0	0	42	61	0	29	30	0	0	24	18	0	0	40	45	0	0	51	64	0	0	35	48	0	0	42	112	0	0	19	6	0	0	8	6	0	5	0	0	0	12	3	0	0	13	25	0	12	0	0	0	18	30	0	0	11	18	0	0	14	38	0	0	17	40	0	12	0	0	0	2	0	0	0	13	0	0	0	21	40	0	0	17	48	0	0	30	88	0	0	23	39	0	14	0	0	0	8	3	0	0	24	30	0	0	20	18	0	0	29	45	0	0	18	31	0	0	25	48	0	0	30	101	0	0
66	56	27	16	18	46	19	16	0	26	16	18	19	0	0	0	35	48	0	0	36	11	0	0	18	16	0	15	0	0	0	31	48	0	0	24	16	18	7	0	21	0	30	8	36	0	18	0	0	0	29	48	0	0	26	3	0	0	10	0	0	1	0	0	0	9	0	0	0	16	16	0	5	0	0	0	18	8	0	0	14	0	0	0	25	48	0	0	23	16	18	5	0	18	0	6	0	0	0	7	0	21	0	29	8	36	0	18	0	0	0	29	48	0	0	16	3	0	0	2	0	0	1	0	0	0	6	0	0	0	8	0	0	5	0	0	0	13	0	0	0	0	0	0	0	3	0	0	0	15	16	0	5	0	0	0	1	0	0	0	5	0	0	0	17	8	0	0	14	0	0	0	25	48	0	0	9	16	18	2	0	0	0	4	0	0	0	3	0	18	0	4	0	0	0	2	0	21	0	6	8	36	0	15	0	0	0	22	48	0	0
53	45	23	7	15	37	21	7	0	22	7	15	16	0	0	0	43	0	0	0	29	10	7	0	20	7	0	15	0	0	0	43	0	0	0	18	7	15	7	0	21	0	18	14	0	0	15	0	0	0	31	0	0	0	21	3	0	0	9	7	0	1	0	0	0	9	0	0	0	16	7	0	5	0	0	0	16	14	0	0	14	0	0	0	31	0	0	0	18	7	15	5	0	18	0	5	0	15	0	7	0	21	0	18	14	0	0	15	0	0	0	31	0	0	0	14	3	0	0	2	0	0	1	0	0	0	6	0	0	0	7	7	0	5	0	0	0	11	14	0	0	0	0	0	0	3	0	0	0	16	7	0	5	0	0	0	1	0	0	0	5	0	0	0	16	14	0	0	14	0	0	0	31	0	0	0	11	0	15	2	0	0	0	4	0	0	0	3	0	18	0	4	0	15	0	2	0	21	0	7	0	0	0	15	0	0	0	28	0	0	0
48	41	41	6	7	34	35	0	0	37	6	7	49	0	0	0	70	0	7	0	27	24	0	0	31	0	0	38	0	0	0	67	0	0	0	31	6	7	37	0	17	0	39	6	0	0	42	0	0	0	50	0	7	0	20	11	0	0	20	0	0	16	0	0	0	33	0	0	0	25	0	0	20	0	0	0	34	0	0	0	31	0	0	0	47	0	0	0	28	6	7	19	0	18	0	16	12	0	0	32	0	17	0	34	6	0	0	36	0	0	0	43	0	7	0	13	8	0	0	7	0	0	9	0	0	0	20	0	0	0	14	0	0	16	0	0	0	24	0	0	0	9	0	0	0	13	0	0	0	22	0	0	14	0	0	0	3	0	0	0	15	0	0	0	29	0	0	0	25	0	0	0	40	0	0	0	16	6	7	14	0	0	0	6	12	0	0	12	0	18	0	13	12	0	0	19	0	17	0	12	6	0	0	31	0	0	0	35	0	7	0
64	52	51	50	7	41	37	40	0	44	39	7	57	30	0	0	85	67	7	0	31	21	30	0	33	30	0	38	22	0	0	74	62	0	0	34	29	7	35	28	17	0	43	53	7	0	48	20	0	0	53	37	7	0	21	9	15	0	17	20	0	15	8	0	0	28	36	0	0	23	20	0	18	14	0	0	29	41	0	0	29	12	0	0	42	32	0	0	28	29	7	16	23	18	0	16	20	14	0	28	28	17	0	34	53	7	0	36	20	0	0	41	37	7	0	13	6	13	0	6	7	0	8	7	0	0	17	21	0	0	12	12	0	14	12	0	0	19	30	0	0	9	0	0	0	11	12	0	0	19	20	0	11	20	0	0	2	7	0	0	13	14	0	0	23	41	0	0	23	12	0	0	35	32	0	0	15	13	7	12	13	0	0	6	12	0	0	11	7	18	0	13	12	14	0	17	12	17	0	11	13	7	0	28	20	0	0	32	21	7	0
81	64	67	118	3	48	46	80	0	51	102	3	57	162	0	0	109	179	15	0	34	29	50	0	36	66	0	37	88	0	0	88	123	0	0	40	74	3	27	134	9	0	64	101	6	0	43	134	0	0	72	95	15	0	21	13	29	0	20	37	0	17	45	0	0	50	69	0	0	25	40	0	16	64	0	0	42	64	0	0	23	62	0	0	51	45	0	0	24	61	3	8	77	6	0	10	43	9	0	13	121	9	0	39	88	6	0	30	108	0	0	39	95	15	0	11	9	14	0	5	19	0	11	22	0	0	19	48	0	0	15	17	0	14	26	0	0	27	26	0	0	6	25	0	0	31	9	0	0	12	30	0	8	36	0	0	4	8	0	0	4	54	0	0	21	54	0	0	17	42	0	0	23	45	0	0	9	31	3	5	46	0	0	4	12	3	0	1	47	6	0	4	33	9	0	9	61	9	0	8	28	6	0	14	78	0	0	23	65	15	0
58	44	61	67	15	32	38	57	0	41	43	15	59	86	12	0	111	150	0	17	22	23	44	0	26	37	0	26	74	0	0	57	127	0	0	26	23	15	28	46	21	0	43	53	15	0	33	46	12	0	56	70	0	17	14	12	28	0	15	28	0	13	56	0	0	38	105	0	0	18	21	0	17	42	0	0	34	49	0	0	14	42	0	0	31	63	0	0	14	7	15	13	14	3	0	4	7	30	0	17	14	21	0	24	21	15	0	23	14	12	0	30	14	0	17	7	7	14	0	5	14	0	9	28	0	0	17	56	0	0	10	14	0	9	28	0	0	16	28	0	0	4	28	0	0	21	49	0	0	8	7	0	8	14	0	0	4	7	0	0	8	14	0	0	18	21	0	0	10	14	0	0	10	14	0	0	6	0	15	6	0	12	0	0	0	30	0	5	0	3	0	0	0	30	0	9	0	21	0	6	0	15	0	13	0	12	0	20	0	0	17
34	24	37	35	3	17	24	27	0	23	14	3	31	38	6	0	62	48	0	3	12	17	24	0	18	12	0	20	32	0	0	42	40	0	0	17	4	3	21	12	9	0	30	8	0	0	21	8	6	0	38	8	0	3	8	8	20	0	13	12	0	12	32	0	0	35	40	0	0	14	4	0	16	12	0	0	27	8	0	0	14	8	0	0	28	8	0	0	8	0	3	10	0	3	0	3	0	3	0	13	0	9	0	15	0	0	0	15	0	6	0	17	0	0	3	4	4	12	0	4	8	0	6	24	0	0	14	32	0	0	9	4	0	8	12	0	0	15	8	0	0	6	8	0	0	21	8	0	0	5	0	0	6	0	0	0	3	0	0	0	8	0	0	0	12	0	0	0	8	0	0	0	7	0	0	0	3	0	3	3	0	6	0	0	0	6	0	4	0	3	0	0	0	3	0	5	0	9	0	3	0	0	0	7	0	6	0	10	0	0	3
39	31	47	15	3	23	35	15	0	34	15	3	57	0	6	0	99	35	0	3	15	23	15	0	22	15	0	32	0	0	0	53	35	0	0	21	15	3	30	0	9	0	36	25	0	0	31	0	6	0	48	35	0	3	10	14	0	0	15	15	0	20	0	0	0	43	35	0	0	16	15	0	21	0	0	0	31	25	0	0	20	0	0	0	31	35	0	0	12	0	3	12	0	3	0	4	0	9	0	17	0	9	0	21	0	0	0	23	0	6	0	27	0	0	3	5	8	0	0	6	0	0	12	0	0	0	22	0	0	0	9	15	0	13	0	0	0	15	25	0	0	8	0	0	0	21	35	0	0	7	0	0	8	0	0	0	4	0	0	0	8	0	0	0	16	0	0	0	12	0	0	0	10	0	0	0	5	0	3	5	0	6	0	0	0	0	0	4	0	3	0	0	0	9	0	9	0	9	0	5	0	0	0	11	0	6	0	17	0	0	3
49	38	54	42	3	28	38	33	0	41	32	3	65	23	6	0	111	76	3	3	18	23	22	0	25	23	0	32	15	0	0	60	52	0	0	25	32	3	26	36	9	0	42	58	3	0	36	23	6	0	51	76	3	3	11	13	6	0	15	15	0	20	0	0	0	43	35	0	0	16	23	0	18	18	0	0	29	45	0	0	17	15	0	0	29	52	0	0	13	11	3	11	6	3	0	4	6	9	0	14	15	9	0	23	23	3	0	22	23	6	0	25	27	3	3	5	7	5	0	6	0	0	12	0	0	0	22	0	0	0	9	15	0	10	15	0	0	15	25	0	0	8	0	0	0	21	35	0	0	6	5	0	7	5	0	0	3	5	0	0	8	0	0	0	13	15	0	0	9	15	0	0	8	10	0	0	4	5	3	4	5	6	0	0	0	0	0	4	0	3	0	0	0	9	0	6	15	9	0	4	5	3	0	10	5	6	0	14	15	3	3
49	38	50	46	3	28	32	30	0	42	36	3	54	40	6	0	94	86	6	3	18	18	16	0	24	20	0	23	16	0	0	54	42	0	0	29	36	3	23	32	9	0	49	56	6	0	35	40	6	0	49	86	6	3	10	8	6	0	13	8	0	12	0	0	0	35	20	0	0	16	20	0	16	12	0	0	29	34	0	0	14	16	0	0	28	42	0	0	15	20	3	10	12	3	0	5	6	6	0	13	16	9	0	28	32	6	0	22	40	6	0	23	46	6	3	4	4	4	0	4	0	0	6	0	0	0	14	0	0	0	9	8	0	8	8	0	0	15	12	0	0	6	0	0	0	21	20	0	0	5	8	0	6	8	0	0	3	4	0	0	8	0	0	0	12	16	0	0	8	16	0	0	7	12	0	0	3	8	3	3	8	6	0	0	0	0	0	4	0	3	0	0	0	6	0	5	16	9	0	3	8	6	0	7	16	6	0	10	28	6	3
52	41	27	24	30	30	7	0	30	27	24	30	8	0	40	0	23	8	90	0	19	1	0	11	7	0	30	0	0	40	0	15	0	90	0	22	24	30	3	0	0	39	29	32	0	18	8	0	40	0	8	8	90	0	8	0	0	0	1	0	11	0	0	18	0	3	0	33	0	2	0	30	0	0	0	0	2	0	0	0	0	0	40	0	0	0	90	0	19	24	30	0	0	8	0	2	0	0	0	3	0	0	39	26	32	0	18	7	0	40	0	8	8	90	0	0	0	0	0	0	0	0	0	0	0	0	0	0	0	0	0	0	11	0	0	0	0	0	0	0	0	0	0	18	0	0	0	33	0	0	0	30	0	0	8	0	0	0	0	0	0	0	0	0	0	0	0	0	0	0	40	0	0	0	90	0	0	0	30	0	0	0	0	0	0	0	0	0	0	8	0	0	0	0	0	0	0	0	39	0	0	0	18	0	0	40	0	0	0	90	0
60	47	46	39	48	34	23	9	33	40	39	48	29	27	91	21	62	27	144	6	21	9	0	7	17	9	33	8	0	61	0	42	0	99	0	30	39	48	19	0	31	31	49	66	48	28	23	27	91	21	32	27	144	6	9	4	0	0	4	0	7	3	0	18	0	12	0	21	0	7	9	33	6	0	3	0	10	9	33	0	2	0	61	0	12	0	99	0	20	27	48	8	0	31	0	5	9	0	0	11	0	31	31	35	54	48	28	14	27	91	21	15	27	144	6	0	0	0	0	0	0	0	0	0	0	0	0	0	0	0	0	0	7	0	0	0	0	0	0	7	0	0	0	18	0	0	0	21	0	0	0	33	0	0	20	0	0	0	0	0	0	0	3	0	0	0	33	0	0	0	61	0	0	0	99	0	0	0	48	0	0	24	0	0	0	0	0	0	0	31	0	0	0	0	0	0	0	31	31	0	0	48	28	0	0	91	21	0	0	144	6
49	38	37	34	20	27	17	6	11	33	34	20	24	24	48	15	49	18	80	3	16	5	0	3	13	6	11	7	0	25	0	32	0	44	0	24	34	20	11	0	16	15	36	52	20	3	19	24	48	15	22	18	80	3	6	2	0	0	2	0	3	2	0	6	0	6	0	12	0	4	6	11	3	0	3	0	5	6	11	0	2	0	25	0	5	0	44	0	17	24	20	5	0	16	0	3	6	0	0	6	0	16	15	27	42	20	3	10	24	48	15	12	18	80	3	0	0	0	0	0	0	0	0	0	0	0	0	0	0	0	0	0	3	0	0	0	0	0	0	3	0	0	0	6	0	0	0	12	0	0	0	11	0	0	6	0	0	0	0	0	0	0	3	0	0	0	11	0	0	0	25	0	0	0	44	0	0	0	20	0	0	12	0	0	0	0	0	0	0	16	0	0	0	0	0	0	0	16	15	0	0	20	3	0	0	48	15	0	0	80	3
31	24	16	12	0	17	5	0	0	16	12	0	5	0	0	0	16	3	0	0	10	0	0	0	5	0	0	0	0	0	0	12	0	0	0	12	12	0	0	0	0	0	16	12	0	0	5	0	0	0	4	3	0	0	3	0	0	0	0	0	0	0	0	0	0	0	0	0	0	1	0	0	0	0	0	0	1	0	0	0	0	0	0	0	0	0	0	0	10	12	0	0	0	0	0	1	0	0	0	0	0	0	0	14	12	0	0	4	0	0	0	4	3	0	0	0	0	0	0	0	0	0	0	0	0	0	0	0	0	0	0	0	0	0	0	0	0	0	0	0	0	0	0	0	0	0	0	0	0	0	0	0	0	0	0	0	0	0	0	0	0	0	0	0	0	0	0	0	0	0	0	0	0	0	0	0	0	0	0	0	0	0	0	0	0	0	0	0	0	0	0	0	0	0	0	0	0	0	0	0	0	0	0	0	0	0	0	0	0	0	0
22	17	10	6	0	12	3	0	0	10	6	0	0	0	0	0	11	0	0	0	7	0	0	0	3	0	0	0	0	0	0	9	0	0	0	7	6	0	0	0	0	0	8	6	0	0	0	0	0	0	2	0	0	0	2	0	0	0	0	0	0	0	0	0	0	0	0	0	0	0	0	0	0	0	0	0	0	0	0	0	0	0	0	0	0	0	0	0	7	6	0	0	0	0	0	0	0	0	0	0	0	0	0	8	6	0	0	0	0	0	0	2	0	0	0	0	0	0	0	0	0	0	0	0	0	0	0	0	0	0	0	0	0	0	0	0	0	0	0	0	0	0	0	0	0	0	0	0	0	0	0	0	0	0	0	0	0	0	0	0	0	0	0	0	0	0	0	0	0	0	0	0	0	0	0	0	0	0	0	0	0	0	0	0	0	0	0	0	0	0	0	0	0	0	0	0	0	0	0	0	0	0	0	0	0	0	0	0	0	0	0
20	15	4	0	15	10	4	0	8	4	0	15	0	0	0	16	12	0	0	0	5	0	0	8	4	0	8	0	0	0	16	12	0	0	0	0	0	15	0	0	10	0	0	0	0	0	0	0	0	16	0	0	0	0	0	0	0	4	0	0	8	0	0	0	8	0	0	0	0	0	0	8	0	0	8	0	0	0	0	0	0	0	0	16	0	0	0	0	0	0	15	0	0	0	16	0	0	0	0	0	0	10	0	0	0	0	0	0	0	0	16	0	0	0	0	0	0	0	0	0	0	4	0	0	0	0	0	0	0	0	0	0	8	0	0	8	0	0	0	0	0	0	0	0	8	0	0	0	0	0	0	8	0	0	0	0	0	0	0	0	0	0	8	0	0	0	0	0	0	0	0	16	0	0	0	0	0	0	0	0	0	0	0	0	0	0	0	0	0	0	16	0	0	0	0	0	0	0	0	0	0	0	0	0	0	0	16	0	0	0	0
34	25	9	8	29	16	4	8	8	6	8	29	1	0	6	16	12	24	0	50	8	0	0	8	4	8	8	0	0	0	16	12	24	0	41	2	0	29	0	0	10	0	2	0	29	0	1	0	6	16	0	0	0	50	0	0	0	4	0	0	8	0	0	0	8	0	0	0	14	0	0	8	0	0	8	0	0	0	8	0	0	0	0	16	0	0	0	41	0	0	29	0	0	0	16	0	0	0	0	0	0	10	0	0	0	29	0	0	0	6	16	0	0	0	50	0	0	0	0	0	0	4	0	0	0	0	0	0	0	0	0	0	8	0	0	8	0	0	0	8	0	0	0	0	8	0	0	0	14	0	0	8	0	0	0	0	0	0	0	0	0	0	8	0	0	0	8	0	0	0	0	16	0	0	0	41	0	0	0	0	0	0	0	0	0	0	0	0	0	0	16	0	0	0	0	0	0	0	0	0	0	0	0	0	0	0	16	0	0	0	50
60	44	24	28	74	28	12	28	38	15	28	74	15	0	25	63	32	84	0	98	14	3	0	32	9	28	38	6	0	8	52	27	84	0	74	6	0	74	3	0	38	21	7	0	148	0	9	0	25	63	5	0	0	98	0	0	0	7	0	0	32	0	0	3	17	0	0	0	21	0	0	38	0	0	31	0	0	0	76	0	0	0	8	52	0	0	0	74	0	0	74	0	0	18	31	0	0	0	25	0	0	38	21	0	0	148	0	0	0	25	63	0	0	0	98	0	0	0	0	0	0	7	0	0	0	0	0	0	0	0	0	0	32	0	0	20	0	0	0	64	0	0	0	3	17	0	0	0	21	0	0	38	0	0	15	0	0	0	0	0	0	0	31	0	0	0	76	0	0	0	8	52	0	0	0	74	0	0	0	0	0	0	0	0	0	0	0	0	0	0	31	0	0	0	25	0	0	0	21	0	0	0	0	0	0	0	63	0	0	0	98
45	33	22	21	53	21	12	10	20	15	21	53	13	10	37	48	34	33	53	98	10	3	0	11	8	10	20	5	0	16	30	24	30	20	74	7	10	53	5	0	20	15	9	10	53	3	8	10	37	48	10	0	53	98	0	0	0	3	0	0	11	0	0	3	9	0	0	11	21	0	0	20	0	0	16	0	0	0	20	0	0	0	16	30	0	0	20	74	0	0	53	0	0	16	15	0	0	0	3	0	0	20	15	0	0	53	3	0	0	37	48	0	0	53	98	0	0	0	0	0	0	3	0	0	0	0	0	0	3	0	0	0	11	0	0	6	0	0	0	11	0	0	0	3	9	0	0	11	21	0	0	20	0	0	12	0	0	0	0	0	0	0	16	0	0	0	20	0	0	0	16	30	0	0	20	74	0	0	0	0	0	0	0	0	0	0	0	0	0	0	15	0	0	0	3	0	0	0	15	0	0	0	3	0	0	0	48	0	0	0	98
49	34	42	65	52	20	17	38	31	24	51	52	24	87	69	36	64	144	104	68	9	6	9	9	8	27	31	7	27	45	12	26	81	62	44	11	18	52	10	18	42	21	16	27	156	21	7	54	69	36	19	45	104	68	0	0	0	0	0	0	9	0	0	3	0	0	0	18	10	0	0	31	0	0	37	0	0	0	93	0	0	0	45	12	0	0	62	44	0	0	52	0	0	44	0	0	0	52	10	0	0	42	21	0	0	156	21	0	0	69	36	0	0	104	68	0	0	0	0	0	0	0	0	0	0	0	0	0	0	0	0	0	9	0	0	12	0	0	0	27	0	0	0	3	0	0	0	18	10	0	0	31	0	0	38	0	0	0	31	0	0	0	37	0	0	0	93	0	0	0	45	12	0	0	62	44	0	0	0	0	0	0	0	0	0	0	0	0	0	0	0	0	0	0	10	0	0	0	21	0	0	0	21	0	0	0	36	0	0	0	68
31	20	21	10	74	10	8	10	42	13	0	74	19	0	63	99	47	0	0	105	0	0	0	22	0	0	42	0	0	20	37	0	0	0	51	0	0	74	0	0	37	29	0	0	74	68	0	0	63	99	0	0	0	105	0	0	0	3	0	0	22	0	0	16	9	0	0	0	20	0	0	42	0	0	22	6	0	0	42	44	0	0	20	37	0	0	0	51	0	0	0	0	0	0	15	0	0	0	9	0	0	0	29	0	0	0	68	0	0	0	99	0	0	0	105	0	0	0	0	0	0	3	0	0	6	0	0	0	0	3	0	0	22	0	0	17	0	0	0	22	10	0	0	16	9	0	0	0	20	0	0	0	0	0	0	0	0	0	0	0	0	0	0	6	0	0	0	44	0	0	0	37	0	0	0	51	0	0	0	0	0	0	0	0	0	0	3	0	0	0	15	0	0	0	9	0	0	0	29	0	0	0	68	0	0	0	0	0	0	0	0
36	21	36	66	37	8	9	16	24	8	40	37	12	80	43	25	32	152	185	52	0	0	0	21	0	0	24	0	0	14	20	0	0	120	31	0	0	37	0	0	40	13	0	0	74	0	0	0	43	25	0	0	185	52	0	0	0	0	0	0	21	0	0	14	0	0	0	105	9	0	0	24	0	0	26	0	0	0	48	0	0	0	14	20	0	0	120	31	0	0	0	0	0	0	0	0	0	0	24	0	0	0	13	0	0	0	0	0	0	0	25	0	0	0	52	0	0	0	0	0	0	0	0	0	0	0	0	0	0	0	0	0	21	0	0	23	0	0	0	42	0	0	0	14	0	0	0	105	9	0	0	0	0	0	0	0	0	0	0	0	0	0	0	0	0	0	0	0	0	0	0	20	0	0	0	31	0	0	0	0	0	0	0	0	0	0	0	0	0	0	0	0	0	0	24	0	0	0	13	0	0	0	0	0	0	0	0	0	0	0	0
30	18	35	36	24	8	13	16	22	12	16	24	27	32	24	13	50	80	48	0	0	0	0	21	0	0	22	0	0	22	12	0	0	44	0	0	0	24	0	0	35	5	0	0	48	0	0	0	24	13	0	0	48	0	0	0	0	0	0	0	21	0	0	22	0	0	0	42	0	0	0	22	0	0	32	0	0	0	44	0	0	0	22	12	0	0	44	0	0	0	0	0	0	0	0	0	0	0	24	0	0	0	5	0	0	0	0	0	0	0	13	0	0	0	0	0	0	0	0	0	0	0	0	0	0	0	0	0	0	0	0	0	21	0	0	31	0	0	0	42	0	0	0	22	0	0	0	42	0	0	0	0	0	0	0	0	0	0	0	0	0	0	0	0	0	0	0	0	0	0	0	12	0	0	0	0	0	0	0	0	0	0	0	0	0	0	0	0	0	0	0	0	0	0	24	0	0	0	5	0	0	0	0	0	0	0	0	0	0	0	0
12	7	21	7	0	3	7	3	0	9	3	0	20	3	0	0	39	15	0	0	0	0	0	0	0	0	0	0	0	0	0	0	0	0	0	0	0	0	0	0	0	0	0	0	0	0	0	0	0	0	0	0	0	0	0	0	0	0	0	0	0	0	0	0	0	0	0	0	0	0	0	0	0	0	0	0	0	0	0	0	0	0	0	0	0	0	0	0	0	0	0	0	0	0	0	0	0	0	0	0	0	0	0	0	0	0	0	0	0	0	0	0	0	0	0	0	0	0	0	0	0	0	0	0	0	0	0	0	0	0	0	0	0	0	0	0	0	0	0	0	0	0	0	0	0	0	0	0	0	0	0	0	0	0	0	0	0	0	0	0	0	0	0	0	0	0	0	0	0	0	0	0	0	0	0	0	0	0	0	0	0	0	0	0	0	0	0	0	0	0	0	0	0	0	0	0	0	0	0	0	0	0	0	0	0	0	0	0	0	0	0
13	6	16	16	0	2	3	6	0	3	4	0	5	12	0	0	15	20	0	0	0	0	0	0	0	0	0	0	0	0	0	0	0	0	0	0	0	0	0	0	0	0	0	0	0	0	0	0	0	0	0	0	0	0	0	0	0	0	0	0	0	0	0	0	0	0	0	0	0	0	0	0	0	0	0	0	0	0	0	0	0	0	0	0	0	0	0	0	0	0	0	0	0	0	0	0	0	0	0	0	0	0	0	0	0	0	0	0	0	0	0	0	0	0	0	0	0	0	0	0	0	0	0	0	0	0	0	0	0	0	0	0	0	0	0	0	0	0	0	0	0	0	0	0	0	0	0	0	0	0	0	0	0	0	0	0	0	0	0	0	0	0	0	0	0	0	0	0	0	0	0	0	0	0	0	0	0	0	0	0	0	0	0	0	0	0	0	0	0	0	0	0	0	0	0	0	0	0	0	0	0	0	0	0	0	0	0	0	0	0	0
23	10	15	30	79	0	0	0	67	0	0	79	0	0	41	41	0	0	237	37	0	0	0	20	0	0	67	0	0	22	10	0	0	201	24	0	0	0	0	0	0	60	0	0	0	208	0	0	0	41	0	0	0	37	0	0	0	16	0	0	20	0	0	10	8	0	0	60	21	0	0	0	0	0	0	48	0	0	0	97	0	0	0	10	0	0	0	24	0	0	0	0	0	0	32	0	0	0	0	0	0	0	60	0	0	0	208	0	0	0	0	0	0	0	0	0	0	0	11	0	0	16	0	0	8	3	0	0	48	0	0	0	0	0	0	0	33	0	0	0	60	0	0	0	8	0	0	0	21	0	0	0	0	0	0	22	0	0	0	0	0	0	0	48	0	0	0	97	0	0	0	0	0	0	0	0	0	0	0	0	0	0	15	0	0	0	0	0	0	0	32	0	0	0	0	0	0	0	0	0	0	0	0	0	0	0	0	0	0	0	0
23	10	21	30	72	0	0	0	58	0	0	72	0	0	86	51	0	0	216	37	0	0	0	29	0	0	58	0	0	60	28	0	0	174	24	0	0	0	0	0	0	53	0	0	0	126	0	0	0	51	0	0	0	37	0	0	0	26	0	0	29	0	0	44	26	0	0	87	21	0	0	0	0	0	0	45	0	0	0	69	0	0	0	28	0	0	0	24	0	0	0	0	0	0	23	0	0	0	0	0	0	0	53	0	0	0	126	0	0	0	0	0	0	0	0	0	0	0	9	0	0	26	0	0	41	3	0	0	78	0	0	0	0	0	0	0	21	0	0	0	41	0	0	0	26	0	0	0	21	0	0	0	0	0	0	12	0	0	0	0	0	0	0	45	0	0	0	69	0	0	0	0	0	0	0	0	0	0	0	0	0	0	21	0	0	0	18	0	0	0	23	0	0	0	0	0	0	0	0	0	0	0	0	0	0	0	0	0	0	0	0
21	8	21	40	36	0	0	0	12	0	0	36	0	0	76	20	0	0	180	61	0	0	0	11	0	0	12	0	0	28	18	0	0	60	46	0	0	0	0	0	0	7	0	0	0	0	0	0	0	20	0	0	0	61	0	0	0	11	0	0	11	0	0	26	18	0	0	55	42	0	0	0	0	0	0	7	0	0	0	0	0	0	0	18	0	0	0	46	0	0	0	0	0	0	0	0	0	0	0	0	0	0	7	0	0	0	0	0	0	0	0	0	0	0	0	0	0	0	0	0	0	11	0	0	26	0	0	0	55	0	0	0	0	0	0	0	0	0	0	0	0	0	0	0	18	0	0	0	42	0	0	0	0	0	0	0	0	0	0	0	0	0	0	7	0	0	0	0	0	0	0	0	0	0	0	0	0	0	0	0	0	0	0	0	0	0	18	0	0	0	0	0	0	0	0	0	0	0	0	0	0	0	0	0	0	0	0	0	0	0	0
15	6	19	18	19	0	0	0	9	0	0	19	0	0	27	18	0	0	57	37	0	0	0	0	0	0	9	0	0	9	0	0	0	27	24	0	0	0	0	0	0	0	0	0	0	52	0	0	0	18	0	0	0	37	0	0	0	0	0	0	0	0	0	0	0	0	0	0	21	0	0	0	0	0	0	0	0	0	0	31	0	0	0	0	0	0	0	24	0	0	0	0	0	0	0	0	0	0	0	0	0	0	0	0	0	0	52	0	0	0	0	0	0	0	0	0	0	0	0	0	0	0	0	0	0	0	0	0	0	0	0	0	0	0	0	0	0	0	0	0	9	0	0	0	0	0	0	0	21	0	0	0	0	0	0	0	0	0	0	0	0	0	0	0	0	0	0	31	0	0	0	0	0	0	0	0	0	0	0	0	0	0	0	0	0	0	0	0	0	0	0	0	0	0	0	0	0	0	0	0	0	0	0	0	0	0	0	0	0	0	0
19	7	21	35	18	0	0	0	0	0	0	18	0	0	38	0	0	0	90	61	0	0	0	0	0	0	0	0	0	0	0	0	0	0	46	0	0	0	0	0	0	0	0	0	0	0	0	0	0	0	0	0	0	61	0	0	0	0	0	0	0	0	0	0	0	0	0	0	42	0	0	0	0	0	0	0	0	0	0	0	0	0	0	0	0	0	0	46	0	0	0	0	0	0	0	0	0	0	0	0	0	0	0	0	0	0	0	0	0	0	0	0	0	0	0	0	0	0	0	0	0	0	0	0	0	0	0	0	0	0	0	0	0	0	0	0	0	0	0	0	0	0	0	0	0	0	0	0	42	0	0	0	0	0	0	0	0	0	0	0	0	0	0	0	0	0	0	0	0	0	0	0	0	0	0	0	0	0	0	0	0	0	0	0	0	0	0	0	0	0	0	0	0	0	0	0	0	0	0	0	0	0	0	0	0	0	0	0	0	0	0
18	0	0	0	154	0	0	0	96	0	0	0	0	0	0	157	0	0	0	224	0	0	0	59	0	0	0	0	0	0	87	0	0	0	146	0	0	0	0	0	0	88	0	0	0	135	0	0	0	0	0	0	0	0	0	0	0	41	0	0	0	0	0	0	50	0	0	0	60	0	0	0	0	0	0	58	0	0	0	88	0	0	0	0	0	0	0	0	0	0	0	0	0	0	71	0	0	0	52	0	0	0	0	0	0	0	0	0	0	0	0	0	0	0	0	0	0	0	35	0	0	0	0	0	0	45	0	0	0	53	0	0	0	0	0	0	49	0	0	0	64	0	0	0	0	0	0	0	0	0	0	0	0	0	0	58	0	0	0	31	0	0	0	0	0	0	0	0	0	0	0	0	0	0	0	0	0	0	0	0	0	0	36	0	0	0	0	0	0	0	0	0	0	0	0	0	0	0	0	0	0	0	0	0	0	0	0	0	0	0	0
11	0	0	0	73	0	0	0	23	0	0	0	0	0	0	70	0	0	0	224	0	0	0	12	0	0	0	0	0	0	24	0	0	0	146	0	0	0	0	0	0	20	0	0	0	37	0	0	0	0	0	0	0	0	0	0	0	11	0	0	0	0	0	0	22	0	0	0	60	0	0	0	0	0	0	18	0	0	0	24	0	0	0	0	0	0	0	0	0	0	0	0	0	0	7	0	0	0	0	0	0	0	0	0	0	0	0	0	0	0	0	0	0	0	0	0	0	0	11	0	0	0	0	0	0	22	0	0	0	53	0	0	0	0	0	0	18	0	0	0	21	0	0	0	0	0	0	0	0	0	0	0	0	0	0	7	0	0	0	0	0	0	0	0	0	0	0	0	0	0	0	0	0	0	0	0	0	0	0	0	0	0	0	0	0	0	0	0	0	0	0	0	0	0	0	0	0	0	0	0	0	0	0	0	0	0	0	0	0	0	0
11	0	0	0	52	0	0	0	7	0	0	0	0	0	0	14	0	0	0	224	0	0	0	4	0	0	0	0	0	0	8	0	0	0	146	0	0	0	0	0	0	4	0	0	0	0	0	0	0	0	0	0	0	0	0	0	0	4	0	0	0	0	0	0	8	0	0	0	60	0	0	0	0	0	0	4	0	0	0	0	0	0	0	0	0	0	0	0	0	0	0	0	0	0	0	0	0	0	0	0	0	0	0	0	0	0	0	0	0	0	0	0	0	0	0	0	0	0	4	0	0	0	0	0	0	8	0	0	0	53	0	0	0	0	0	0	4	0	0	0	0	0	0	0	0	0	0	0	0	0	0	0	0	0	0	0	0	0	0	0	0	0	0	0	0	0	0	0	0	0	0	0	0	0	0	0	0	0	0	0	0	0	0	0	0	0	0	0	0	0	0	0	0	0	0	0	0	0	0	0	0	0	0	0	0	0	0	0	0	0	0
7	0	0	0	33	0	0	0	13	0	0	0	0	0	0	23	0	0	0	54	0	0	0	0	0	0	0	0	0	0	0	0	0	0	12	0	0	0	0	0	0	0	0	0	0	24	0	0	0	0	0	0	0	0	0	0	0	0	0	0	0	0	0	0	0	0	0	0	11	0	0	0	0	0	0	0	0	0	0	22	0	0	0	0	0	0	0	0	0	0	0	0	0	0	0	0	0	0	0	0	0	0	0	0	0	0	0	0	0	0	0	0	0	0	0	0	0	0	0	0	0	0	0	0	0	0	0	0	0	11	0	0	0	0	0	0	0	0	0	0	21	0	0	0	0	0	0	0	0	0	0	0	0	0	0	0	0	0	0	0	0	0	0	0	0	0	0	0	0	0	0	0	0	0	0	0	0	0	0	0	0	0	0	0	0	0	0	0	0	0	0	0	0	0	0	0	0	0	0	0	0	0	0	0	0	0	0	0	0	0	0
7	0	0	0	19	0	0	0	2	0	0	0	0	0	0	4	0	0	0	54	0	0	0	0	0	0	0	0	0	0	0	0	0	0	12	0	0	0	0	0	0	0	0	0	0	0	0	0	0	0	0	0	0	0	0	0	0	0	0	0	0	0	0	0	0	0	0	0	11	0	0	0	0	0	0	0	0	0	0	0	0	0	0	0	0	0	0	0	0	0	0	0	0	0	0	0	0	0	0	0	0	0	0	0	0	0	0	0	0	0	0	0	0	0	0	0	0	0	0	0	0	0	0	0	0	0	0	0	0	11	0	0	0	0	0	0	0	0	0	0	0	0	0	0	0	0	0	0	0	0	0	0	0	0	0	0	0	0	0	0	0	0	0	0	0	0	0	0	0	0	0	0	0	0	0	0	0	0	0	0	0	0	0	0	0	0	0	0	0	0	0	0	0	0	0	0	0	0	0	0	0	0	0	0	0	0	0	0	0	0	0
