354	356
354	357
354	358
354	359
354	372
356	357
356	358
356	359
356	360
356	361
357	358
357	359
357	360
357	361
357	362
358	359
358	360
358	361
358	362
358	363
358	368
358	369
358	372
359	360
359	361
359	362
359	363
359	364
359	369
360	361
360	362
360	363
360	369
361	362
361	363
362	363
362	364
362	365
362	366
362	368
362	369
363	364
363	365
363	366
364	365
364	366
364	369
365	366
365	367
366	367
366	368
366	369
366	370
366	371
367	368
367	369
367	370
367	371
367	372
368	369
368	370
368	371
368	372
368	373
369	370
369	371
369	372
369	373
370	371
370	372
370	373
370	375
371	372
371	373
371	375
372	373
372	375
373	375
