12	13
12	14
12	280
13	14
13	15
13	280
14	15
14	16
14	42
14	43
14	44
14	271
14	274
14	275
14	278
14	280
15	16
15	17
15	19
15	43
15	44
15	278
15	279
15	280
16	17
16	18
16	19
16	20
16	39
16	40
16	43
16	44
16	45
16	46
16	132
16	274
16	277
16	278
16	279
17	18
17	19
17	43
17	44
17	45
18	19
18	20
18	44
18	45
18	46
18	131
19	20
19	21
19	44
19	45
19	46
19	47
19	131
19	132
19	180
19	279
20	21
20	22
20	45
20	46
20	47
20	48
20	123
20	127
20	128
20	129
20	130
20	131
20	132
20	133
21	22
21	23
21	40
21	45
21	46
21	47
21	48
21	49
21	130
21	131
21	132
21	133
21	134
22	23
22	24
22	46
22	48
22	49
22	50
22	51
22	86
22	88
22	119
22	123
22	130
22	132
22	133
22	134
22	135
22	169
22	173
23	24
23	25
23	26
23	33
23	34
23	36
23	37
23	40
23	47
23	48
23	49
23	50
23	51
23	132
23	133
23	134
23	135
23	136
24	25
24	26
24	48
24	49
24	50
24	51
24	88
24	133
24	134
24	135
24	136
24	137
24	169
25	26
25	27
25	33
25	34
25	49
25	50
25	51
25	52
25	88
25	134
25	136
25	137
26	27
26	28
26	29
26	33
26	34
26	37
26	47
26	49
26	50
26	51
26	52
26	55
26	59
26	82
26	136
27	28
27	29
27	50
27	51
27	52
27	55
27	58
27	59
27	68
28	29
28	30
28	31
28	34
28	59
28	68
29	30
29	31
29	34
29	35
29	59
29	67
29	68
29	71
30	31
30	32
30	34
30	236
31	32
31	33
31	34
31	35
31	36
31	136
31	236
31	266
32	33
32	34
32	35
32	36
32	37
32	136
32	186
32	187
32	188
32	233
32	234
32	235
32	236
32	264
32	266
32	269
32	270
33	34
33	35
33	36
33	37
33	38
33	134
33	136
34	35
34	36
34	37
34	38
34	39
34	59
34	63
34	68
34	71
34	72
34	80
34	82
34	136
35	36
35	37
35	38
35	39
35	40
35	236
35	266
35	267
35	269
35	270
35	271
36	37
36	38
36	39
36	40
36	41
36	47
36	134
36	184
36	186
36	266
36	269
36	270
36	273
36	274
37	38
37	39
37	40
37	41
37	42
37	47
37	49
37	74
37	80
38	39
38	40
38	41
38	42
38	43
38	47
38	70
38	71
38	72
38	73
38	74
38	75
38	80
38	267
39	40
39	41
39	42
39	43
39	44
39	74
39	266
39	267
39	269
39	270
39	271
39	272
39	274
40	41
40	42
40	43
40	44
40	45
40	46
40	47
40	132
40	134
40	270
40	273
40	274
40	277
41	42
41	43
41	44
41	45
41	47
41	74
41	80
41	81
42	43
42	44
42	45
42	74
42	75
43	44
43	45
43	274
44	45
44	46
45	46
45	47
45	81
45	132
46	47
46	48
46	81
46	83
46	127
47	48
47	49
47	80
47	81
47	82
47	83
47	84
48	49
48	50
48	82
48	83
48	84
48	85
48	86
48	123
48	127
48	129
48	130
49	50
49	51
49	59
49	82
49	84
49	85
49	86
49	87
50	51
50	52
50	84
50	85
50	86
50	87
50	88
51	52
51	53
51	54
51	55
51	56
51	57
51	59
51	85
51	86
51	87
51	88
51	89
52	53
52	54
52	55
52	56
52	86
52	87
52	88
52	89
52	90
52	108
52	139
53	54
53	55
53	56
53	57
53	87
53	88
53	89
53	107
53	108
53	109
53	111
53	114
54	55
54	56
54	57
54	58
54	88
54	89
54	107
54	108
55	56
55	57
55	58
55	59
55	60
56	57
56	58
56	59
56	60
56	61
56	85
56	86
56	87
56	88
56	111
57	58
57	59
57	60
57	61
57	62
58	59
58	60
58	61
58	62
58	63
58	67
58	68
59	60
59	61
59	62
59	63
59	64
59	68
59	82
59	85
60	61
60	62
60	63
60	64
60	65
60	68
60	85
61	62
61	63
61	64
61	65
61	66
61	67
62	63
62	64
62	65
62	66
62	67
62	68
63	64
63	65
63	66
63	67
63	68
63	69
63	72
63	82
63	85
64	65
64	66
64	67
65	66
65	67
65	68
65	69
66	67
66	68
66	69
66	70
66	72
67	68
67	69
67	70
67	71
68	69
68	70
68	71
68	72
68	73
68	79
69	70
69	71
69	72
69	73
69	79
70	71
70	72
70	73
70	79
71	72
71	73
71	80
72	73
72	74
72	78
72	79
72	80
72	81
72	82
73	74
73	75
73	77
73	78
73	79
73	80
74	75
74	76
74	77
74	78
74	79
74	80
74	81
75	76
75	77
75	78
76	77
76	78
76	79
77	78
77	79
78	79
78	80
79	80
79	81
80	81
80	82
81	82
81	83
82	83
82	84
82	85
83	84
83	85
83	127
84	85
84	86
84	126
84	127
85	86
85	87
86	87
86	88
86	119
86	122
86	123
86	124
86	126
86	127
87	88
87	89
87	111
87	112
87	113
87	114
87	115
87	119
88	89
88	90
88	113
88	114
88	115
88	116
88	119
88	137
88	169
89	90
89	91
89	92
89	93
89	102
89	108
89	114
89	115
89	116
90	91
90	92
90	93
90	114
90	116
90	137
90	160
90	161
90	164
90	165
90	168
90	169
91	92
91	93
91	97
91	116
91	139
91	157
91	160
91	161
91	165
92	93
92	94
92	97
92	98
92	99
92	102
92	108
92	114
92	115
92	116
92	117
92	168
93	94
93	95
93	97
93	115
93	116
93	117
93	118
93	164
93	168
93	172
94	95
94	96
94	97
94	98
94	115
94	116
94	117
94	118
94	172
95	96
95	97
95	98
95	99
95	115
95	117
95	118
96	97
96	98
96	99
96	115
96	117
97	98
97	99
98	99
98	100
98	102
98	103
98	114
98	115
99	100
99	101
99	102
99	103
99	104
100	101
100	102
100	103
100	104
100	105
101	102
101	103
101	104
101	105
102	103
102	104
102	105
102	106
102	108
102	109
102	114
103	104
103	105
103	106
103	108
103	109
103	114
104	105
104	106
104	107
104	108
104	109
105	106
105	107
105	108
105	109
105	110
106	107
106	108
106	109
106	110
106	111
107	108
107	109
107	110
107	111
107	114
108	109
108	110
108	111
108	112
108	114
109	110
109	111
109	112
109	114
110	111
110	112
111	112
111	113
111	114
112	113
112	114
112	115
112	118
113	114
113	115
113	118
113	119
113	120
113	122
114	115
114	116
114	118
114	119
115	116
115	117
115	118
115	119
115	120
116	117
116	118
116	119
116	120
116	121
116	165
116	168
116	169
116	172
116	173
117	118
117	119
117	120
117	121
117	122
117	168
117	172
118	119
118	120
118	121
118	122
118	123
119	120
119	121
119	122
119	123
119	124
119	173
120	121
120	122
120	123
120	124
120	125
120	172
120	173
120	176
121	122
121	123
121	124
121	125
121	126
122	123
122	124
122	125
122	126
122	127
123	124
123	125
123	126
123	127
123	128
123	129
123	130
123	173
123	176
124	125
124	126
124	127
124	128
124	129
124	172
124	175
124	176
125	126
125	127
125	128
126	127
126	128
127	128
127	129
127	130
128	129
128	130
128	176
129	130
129	131
129	176
129	177
129	178
130	131
130	132
130	133
130	173
130	176
130	177
130	178
131	132
131	133
131	176
131	177
131	178
131	179
131	180
131	181
131	182
131	183
131	226
131	277
132	133
132	134
132	177
132	181
132	182
132	183
132	184
132	277
132	278
133	134
133	135
133	166
133	169
133	170
133	173
133	177
133	182
133	183
133	184
133	185
133	277
134	135
134	136
134	169
134	182
134	183
134	184
134	185
134	186
134	277
135	136
135	137
135	138
135	161
135	162
135	163
135	165
135	166
135	169
135	184
135	185
135	186
135	209
136	137
136	138
136	184
136	185
136	186
137	138
137	139
137	161
137	162
137	163
137	165
137	166
137	169
137	206
138	139
138	140
138	161
138	162
138	202
138	206
139	140
139	141
139	157
139	158
139	159
139	161
139	162
139	202
140	141
140	142
140	143
140	144
140	154
140	157
140	158
140	161
140	162
140	200
140	202
141	142
141	143
141	144
141	153
141	154
141	157
141	158
142	143
142	144
142	145
142	146
142	149
142	150
142	151
142	152
142	153
142	154
142	155
142	199
142	200
142	201
143	144
143	145
143	146
143	197
143	198
143	199
143	200
143	201
143	202
144	145
144	146
144	197
144	199
144	200
145	146
145	147
145	148
145	149
145	150
145	198
145	199
145	200
145	201
146	147
146	148
146	149
146	150
146	199
146	200
147	148
147	149
147	150
147	151
147	155
147	199
147	200
147	201
147	202
147	203
147	204
148	149
148	150
149	150
149	151
150	151
150	152
150	154
150	155
150	199
150	200
150	201
151	152
151	153
151	154
151	155
151	156
152	153
152	154
152	155
152	156
152	157
153	154
153	155
153	156
153	157
153	158
154	155
154	156
154	157
154	158
154	159
154	200
154	201
155	156
155	157
155	158
155	159
155	160
155	200
155	201
155	204
156	157
156	158
156	159
156	160
156	161
157	158
157	159
157	160
157	161
157	162
158	159
158	160
158	161
158	162
158	163
158	200
158	201
158	202
158	205
159	160
159	161
159	162
159	163
159	164
159	165
159	201
159	204
159	205
159	206
159	208
160	161
160	162
160	163
160	164
160	165
160	166
161	162
161	163
161	164
161	165
161	166
162	163
162	164
162	165
162	166
162	202
162	205
162	206
162	209
163	164
163	165
163	166
163	167
163	168
163	204
163	205
163	206
163	208
163	209
163	212
164	165
164	166
164	167
164	168
164	169
164	212
165	166
165	167
165	168
165	169
165	170
166	167
166	168
166	169
166	170
166	171
166	183
166	184
166	185
166	209
166	212
166	213
166	216
166	228
166	229
167	168
167	169
167	170
167	171
167	172
167	212
167	216
168	169
168	170
168	171
168	172
168	173
169	170
169	171
169	172
169	173
169	174
170	171
170	172
170	173
170	174
170	175
170	177
170	183
170	216
170	220
170	226
170	228
171	172
171	173
171	174
171	175
172	173
172	174
172	175
172	176
173	174
173	175
173	176
173	177
174	175
174	176
174	177
174	178
174	219
174	220
174	223
174	224
174	226
175	176
175	177
175	224
176	177
176	178
176	224
177	178
177	179
177	181
177	182
177	183
177	224
177	226
178	179
178	180
178	181
178	182
178	224
178	225
178	226
179	180
179	181
179	224
179	225
179	226
180	181
180	182
180	224
180	225
180	226
180	227
180	277
180	279
181	182
181	183
181	224
181	225
181	226
181	227
181	277
182	183
182	184
182	226
182	227
182	228
182	276
182	277
182	278
183	184
183	185
183	226
183	227
183	228
183	229
183	230
183	276
183	277
184	185
184	186
184	227
184	228
184	229
184	230
184	231
184	272
184	273
184	276
184	277
185	186
185	187
185	209
185	213
185	229
185	230
185	231
185	232
186	187
186	188
186	206
186	209
186	230
186	231
186	232
186	233
186	269
187	188
187	189
187	191
187	206
187	207
187	209
187	210
187	230
187	231
187	232
187	233
187	234
188	189
188	190
188	191
188	192
188	195
188	198
188	206
188	210
188	231
188	232
188	233
188	234
188	235
188	246
188	250
189	190
189	191
189	192
189	193
189	194
189	195
189	210
189	232
189	233
190	191
190	192
190	193
190	194
190	195
190	198
190	202
190	203
190	204
190	206
191	192
191	193
191	198
191	203
191	204
191	206
191	207
191	208
191	210
192	193
192	194
192	207
192	210
192	232
193	194
193	195
194	195
194	196
195	196
195	197
195	198
195	199
195	246
195	250
196	197
196	198
196	199
196	246
196	250
197	198
197	199
197	246
198	199
198	200
198	201
198	202
198	203
198	206
198	246
199	200
199	201
199	202
199	203
200	201
200	202
200	203
200	204
201	202
201	203
201	204
201	205
201	206
202	203
202	204
202	205
202	206
202	207
203	204
203	205
203	206
203	207
203	208
204	205
204	206
204	207
204	208
204	209
205	206
205	207
205	208
205	209
205	210
206	207
206	208
206	209
206	210
206	211
207	208
207	209
207	210
207	211
207	212
207	214
208	209
208	210
208	211
208	212
208	213
209	210
209	211
209	212
209	213
209	214
209	230
210	211
210	212
210	213
210	214
210	215
210	230
210	232
210	286
211	212
211	213
211	214
211	215
211	216
212	213
212	214
212	215
212	216
212	217
212	228
213	214
213	215
213	216
213	217
213	218
213	228
213	229
213	230
213	286
214	215
214	216
214	217
214	218
214	219
214	228
214	286
215	216
215	217
215	218
215	219
215	220
216	217
216	218
216	219
216	220
216	221
216	226
216	228
217	218
217	219
217	220
217	221
217	222
217	226
217	227
217	228
217	285
217	286
218	219
218	220
218	221
218	222
218	223
218	285
219	220
219	221
219	222
219	223
219	224
220	221
220	222
220	223
220	224
220	225
220	226
220	227
220	228
221	222
221	223
221	224
221	225
221	226
221	227
221	228
222	223
222	224
222	225
222	226
223	224
223	225
224	225
224	226
225	226
225	227
226	227
226	228
226	285
227	228
227	229
227	275
227	276
227	277
227	278
227	279
227	280
227	281
227	282
227	283
227	284
227	285
227	286
228	229
228	230
228	284
228	285
228	286
229	230
229	231
229	276
229	281
229	284
229	285
229	286
230	231
230	232
230	276
230	286
231	232
231	233
231	269
231	272
231	273
231	276
232	233
232	234
233	234
233	235
233	264
233	269
234	235
234	236
234	254
234	264
234	269
235	236
235	237
235	247
235	250
235	251
235	252
235	254
235	263
235	264
236	237
236	238
236	247
236	251
236	264
236	265
236	266
236	267
236	269
237	238
237	239
237	251
237	263
237	264
237	265
237	266
238	239
238	240
238	248
238	251
238	263
238	264
239	240
239	241
239	248
239	251
239	252
239	255
239	256
239	263
240	241
240	242
240	243
240	244
240	248
240	251
240	252
241	242
241	243
242	243
242	244
242	248
243	244
243	245
243	248
243	249
243	252
244	245
244	246
244	247
244	248
244	249
245	246
245	247
245	248
245	249
245	250
246	247
246	248
246	249
246	250
246	251
247	248
247	249
247	250
247	251
247	252
248	249
248	250
248	251
248	252
248	253
249	250
249	251
249	252
249	253
249	254
250	251
250	252
250	253
250	254
250	255
251	252
251	253
251	254
251	255
251	256
251	262
251	263
252	253
252	254
252	255
252	256
252	257
253	254
253	255
253	256
253	257
253	258
254	255
254	256
254	257
254	258
254	259
254	260
254	261
254	262
255	256
255	257
255	258
255	260
255	261
255	262
255	263
256	257
256	258
256	261
257	258
257	259
257	261
258	259
258	260
258	261
258	262
259	260
259	261
260	261
260	262
261	262
261	263
262	263
262	264
262	265
262	268
263	264
263	265
263	268
264	265
264	266
264	268
264	269
265	266
265	267
265	268
265	269
265	270
266	267
266	268
266	269
266	270
266	271
267	268
267	269
267	270
267	271
267	272
268	269
268	270
268	271
268	272
268	273
269	270
269	271
269	272
269	273
269	274
270	271
270	272
270	273
270	274
270	275
271	272
271	273
271	274
271	275
271	276
272	273
272	274
272	275
272	276
272	277
273	274
273	275
273	276
273	277
273	278
274	275
274	276
274	277
274	278
275	276
275	277
275	278
275	279
275	280
275	281
275	284
276	277
276	278
276	281
276	284
277	278
277	279
277	281
278	279
278	280
278	281
278	282
279	280
279	281
279	282
279	283
280	281
280	282
280	283
280	284
281	282
281	283
281	284
281	285
282	283
282	284
283	284
283	285
284	285
284	286
285	286
