-7	-6
-7	-5
-7	-4
-7	-3
-6	-5
-6	-4
-6	-3
-6	631
-5	-4
-5	-3
-5	631
-4	-3
-4	-2
-4	631
-3	-2
-3	-1
-3	631
-3	632
-2	-1
-2	0
-2	631
-2	632
-2	633
-1	0
-1	631
-1	632
-1	633
-1	634
0	631
0	632
0	633
0	634
0	635
631	632
631	633
631	634
631	635
631	636
632	633
632	634
632	635
632	636
632	637
633	634
633	635
633	636
633	637
633	638
634	635
634	636
634	637
634	638
634	639
635	636
635	637
635	638
635	639
635	640
636	637
636	638
636	639
636	640
636	641
637	638
637	639
637	640
637	641
637	642
638	639
638	640
638	641
638	642
638	643
638	644
639	640
639	641
639	642
639	644
640	641
640	642
641	642
641	643
641	644
642	643
642	644
642	645
643	644
643	645
643	688
644	645
644	646
644	688
644	691
645	646
645	647
645	688
645	689
646	647
646	648
646	688
646	689
646	692
647	648
647	649
647	650
647	651
647	689
647	692
647	693
648	649
648	650
648	651
648	689
648	692
648	693
649	650
649	651
649	652
649	693
650	651
650	652
650	653
650	654
650	655
650	693
650	697
651	652
651	653
651	654
651	655
651	656
651	693
652	653
652	654
652	655
652	656
652	657
653	654
653	655
653	656
653	657
653	658
653	684
653	687
653	690
654	655
654	656
654	657
654	658
654	659
654	690
654	693
654	694
654	695
654	697
654	699
655	656
655	657
655	658
655	659
655	660
655	697
655	699
656	657
656	658
656	659
656	660
656	661
657	658
657	659
657	660
657	661
657	662
657	684
657	690
658	659
658	660
658	661
658	662
658	663
658	681
658	690
658	694
658	699
658	703
659	660
659	661
659	662
659	663
659	664
659	699
659	702
660	661
660	662
660	663
660	664
660	665
660	677
661	662
661	663
661	664
661	665
661	666
661	676
661	677
661	678
661	680
661	681
661	684
661	690
662	663
662	664
662	665
662	666
662	681
662	694
662	699
662	702
662	703
662	706
663	664
663	665
663	666
663	668
663	669
663	677
664	665
664	666
664	669
664	670
664	673
664	674
664	675
664	677
664	678
665	666
665	667
665	668
665	669
665	673
665	674
665	677
665	678
665	681
665	703
665	706
665	707
665	709
665	716
666	667
666	668
666	669
666	670
666	674
666	706
667	668
667	669
667	670
667	674
667	706
667	709
668	669
668	670
668	674
669	670
669	671
669	673
669	674
670	671
670	672
670	673
670	674
670	675
671	672
671	673
671	674
671	675
671	676
671	709
671	713
671	715
671	716
672	673
672	674
672	675
672	676
672	677
672	715
673	674
673	675
673	676
673	677
673	678
674	675
674	676
674	677
674	678
674	679
674	706
674	707
674	708
674	709
674	710
674	713
674	716
674	719
675	676
675	677
675	678
675	679
675	680
675	715
675	716
675	717
675	719
676	677
676	678
676	679
676	680
676	681
676	719
677	678
677	679
677	680
677	681
677	682
678	679
678	680
678	681
678	682
678	683
678	707
678	716
678	719
678	720
679	680
679	681
679	682
679	683
679	684
679	718
679	719
679	722
680	681
680	682
680	683
680	684
680	685
681	682
681	683
681	684
681	685
681	686
681	690
681	694
681	703
682	683
682	684
682	685
682	686
682	687
682	719
682	722
683	684
683	685
683	686
683	687
684	685
684	686
684	687
684	688
684	690
684	691
685	686
685	687
685	688
685	690
685	691
685	694
686	687
686	688
686	690
686	691
687	688
687	689
687	690
687	691
687	692
688	689
688	690
688	691
688	692
688	693
688	695
689	690
689	691
689	692
689	693
689	694
690	691
690	692
690	693
690	694
690	695
691	692
691	693
691	694
691	695
691	696
691	700
692	693
692	694
692	695
692	696
692	697
693	694
693	695
693	696
693	697
693	698
693	699
694	695
694	696
694	697
694	698
694	699
694	700
694	703
695	696
695	697
695	698
695	699
695	700
696	697
696	698
696	699
697	698
697	699
697	700
698	699
698	700
698	701
698	702
699	700
699	701
699	702
699	703
699	704
700	701
700	702
700	703
700	704
700	705
701	702
701	703
701	704
701	705
701	706
702	703
702	704
702	705
702	706
702	707
703	704
703	705
703	706
703	707
703	708
704	705
704	706
704	707
704	708
704	709
704	720
705	706
705	707
705	708
705	709
706	707
706	708
706	709
707	708
707	709
707	710
707	711
707	716
707	720
708	709
708	710
708	711
708	712
709	710
709	711
709	712
709	713
709	716
710	711
710	712
710	713
710	714
710	716
710	717
710	720
711	712
711	713
711	714
711	717
712	713
712	714
712	717
713	714
713	715
713	716
713	717
713	718
714	715
714	716
714	717
714	718
714	719
715	716
715	717
715	718
715	719
715	720
716	717
716	718
716	719
716	720
716	721
717	718
717	719
717	720
717	721
717	722
718	719
718	720
718	721
718	722
719	720
719	721
719	722
720	721
720	722
721	722
