6	7
6	8
6	9
6	10
6	11
6	38
6	39
6	40
7	8
7	9
7	10
7	11
7	12
7	38
8	9
8	10
8	11
8	12
8	13
8	27
8	33
8	37
8	38
9	10
9	11
9	12
9	13
9	14
9	33
9	37
9	38
9	39
9	40
9	43
9	45
10	11
10	12
10	13
10	14
10	15
10	38
10	39
10	40
10	41
11	12
11	13
11	14
11	15
11	16
11	18
11	23
11	27
12	13
12	14
12	15
12	16
12	17
12	23
12	24
12	27
12	28
12	33
12	34
12	35
12	36
12	37
12	45
12	60
13	14
13	15
13	16
13	17
13	18
13	37
13	39
13	43
13	44
13	45
13	48
13	49
14	15
14	16
14	17
14	18
14	19
14	20
14	39
14	48
15	16
15	17
15	18
15	19
15	20
15	21
15	23
15	24
15	27
15	56
16	17
16	18
16	19
16	20
16	24
16	45
16	46
16	48
16	49
16	50
16	53
16	56
16	60
17	18
17	19
17	20
17	45
17	48
17	49
17	50
17	56
18	19
18	20
18	23
18	50
19	20
19	21
19	22
19	24
19	50
19	53
19	56
20	21
20	22
20	23
20	24
20	25
20	56
21	22
21	23
21	24
21	25
21	26
21	53
21	55
21	56
21	59
22	23
22	24
22	25
22	26
22	27
23	24
23	25
23	26
23	27
23	28
24	25
24	26
24	27
24	28
24	29
24	56
24	59
24	60
25	26
25	27
25	28
25	29
25	30
25	31
25	55
25	59
26	27
26	28
26	29
26	30
26	31
26	32
27	28
27	29
27	30
27	31
27	32
27	33
28	29
28	30
28	31
28	32
28	33
28	34
28	35
28	59
28	60
28	63
29	30
29	31
29	32
29	33
29	59
29	63
30	31
30	32
31	32
31	33
32	33
32	34
32	63
33	34
33	35
33	37
33	63
34	35
34	36
34	37
34	64
35	36
35	37
35	44
35	45
35	46
35	59
35	60
35	63
35	64
35	65
36	37
36	38
36	44
36	45
36	64
36	65
36	66
36	69
37	38
37	39
37	43
37	44
37	45
38	39
38	40
38	42
38	43
38	44
38	47
39	40
39	41
39	42
39	43
39	44
39	48
40	41
40	42
40	43
41	42
41	43
42	43
42	44
42	47
43	44
43	45
43	47
43	48
43	71
43	72
44	45
44	46
44	47
44	48
44	49
44	66
44	69
45	46
45	47
45	48
45	49
45	50
45	56
45	60
46	47
46	48
46	49
46	51
46	56
46	57
46	60
46	61
46	65
46	66
46	67
46	68
46	69
46	77
46	93
47	48
47	49
47	51
47	69
47	70
47	71
47	75
47	77
47	80
48	49
48	50
48	51
49	50
49	51
49	52
49	53
49	54
49	56
49	57
49	58
49	60
49	89
49	93
50	51
50	52
50	53
50	54
50	56
50	57
50	89
51	52
51	53
51	54
51	76
51	77
51	78
51	80
51	81
51	84
51	86
51	88
51	89
51	90
51	93
52	53
52	54
52	84
52	86
52	88
52	89
53	54
53	55
53	56
53	57
53	58
53	86
53	88
53	89
54	55
54	56
54	57
54	58
54	59
54	88
54	89
54	92
55	56
55	57
55	58
55	59
55	60
55	89
56	57
56	58
56	59
56	60
56	61
57	58
57	59
57	60
57	61
57	62
57	89
57	92
57	93
58	59
58	60
58	61
58	62
58	63
58	92
58	96
59	60
59	61
59	62
59	63
59	64
60	61
60	62
60	63
60	64
60	65
61	62
61	63
61	64
61	65
61	66
61	67
61	92
61	93
61	96
62	63
62	64
62	65
62	96
63	64
63	65
64	65
64	66
64	67
65	66
65	67
66	67
66	68
66	69
66	77
67	68
67	69
67	76
67	77
67	78
67	93
67	96
67	97
67	98
67	99
68	69
68	70
68	76
68	77
68	78
68	97
68	98
68	99
69	70
69	71
69	74
69	75
69	76
69	77
70	71
70	72
70	73
70	74
70	75
70	76
70	77
70	102
70	103
71	72
71	73
71	74
71	75
71	76
72	73
72	74
72	75
73	74
73	75
73	103
73	104
73	105
73	106
74	75
74	76
74	79
74	102
74	103
74	104
74	105
75	76
75	77
75	79
75	80
75	83
75	103
75	104
75	105
75	113
76	77
76	78
76	79
76	80
76	81
76	102
76	104
77	78
77	79
77	80
77	81
77	82
77	90
77	93
78	79
78	80
78	81
78	82
78	83
78	90
78	93
78	94
78	98
78	99
78	100
78	102
78	110
79	80
79	81
79	82
79	83
79	84
79	102
79	103
79	104
79	108
79	109
79	110
79	113
80	81
80	82
80	83
80	84
80	85
80	86
80	113
81	82
81	83
81	84
81	85
81	86
81	87
81	89
81	90
81	93
81	119
81	122
82	83
82	84
82	85
82	86
82	90
82	110
82	111
82	113
82	114
82	117
82	119
82	122
82	126
83	84
83	85
83	86
83	110
83	113
83	114
83	117
83	119
84	85
84	86
84	117
84	119
85	86
85	87
85	88
85	119
85	121
85	122
86	87
86	88
86	89
86	90
86	91
86	119
86	122
87	88
87	89
87	90
87	91
87	92
87	121
87	122
87	125
88	89
88	90
88	91
88	92
88	93
89	90
89	91
89	92
89	93
89	94
90	91
90	92
90	93
90	94
90	95
90	100
90	110
90	122
90	125
90	126
91	92
91	93
91	94
91	95
91	96
91	125
92	93
92	94
92	95
92	96
92	97
93	94
93	95
93	96
93	97
93	98
94	95
94	96
94	97
94	98
94	100
94	125
94	126
95	96
95	97
95	98
96	97
96	98
97	98
97	99
98	99
98	100
99	100
99	101
99	102
99	110
100	101
100	102
100	109
100	110
100	111
100	125
100	126
100	129
100	130
101	102
101	103
101	109
101	110
101	129
101	130
101	131
102	103
102	104
102	108
102	109
102	110
103	104
103	105
103	107
103	108
103	109
103	110
103	134
104	105
104	106
104	107
104	108
104	109
104	113
105	106
105	107
105	108
105	137
106	107
106	108
106	113
106	116
106	135
106	136
106	137
106	138
107	108
107	109
107	112
107	134
107	135
107	136
107	137
108	109
108	110
108	112
108	113
108	116
108	134
108	136
108	137
109	110
109	111
109	112
109	113
109	114
109	130
109	131
109	132
109	134
110	111
110	112
110	113
110	114
110	115
110	122
110	126
111	112
111	113
111	114
111	115
111	116
111	122
111	123
111	124
111	126
111	127
111	130
111	131
111	132
112	113
112	114
112	115
112	116
112	117
112	131
112	134
112	135
112	136
112	140
113	114
113	115
113	116
113	117
113	118
113	119
114	115
114	116
114	117
114	118
114	119
114	120
114	122
114	123
114	126
115	116
115	117
115	118
115	119
115	123
116	117
116	118
116	119
116	136
116	138
117	118
117	119
118	119
118	120
118	121
118	123
119	120
119	121
119	122
119	123
119	124
120	121
120	122
120	123
120	124
120	125
121	122
121	123
121	124
121	125
121	126
122	123
122	124
122	125
122	126
122	127
123	124
123	125
123	126
123	127
123	128
124	125
124	126
124	127
124	128
125	126
125	127
125	128
125	129
126	127
126	128
126	129
126	130
126	132
127	128
127	129
127	130
127	131
127	132
128	129
128	130
128	132
129	130
129	131
130	131
130	132
130	133
131	132
131	133
131	134
132	133
132	134
133	134
133	135
134	135
134	136
134	140
135	136
135	137
135	138
135	139
135	140
136	137
136	138
136	139
136	140
137	138
137	139
137	140
138	139
138	140
139	140
