48	49
48	50
48	51
48	52
49	50
49	51
49	52
49	53
50	51
50	52
50	53
50	54
51	52
51	53
51	54
51	55
51	56
52	53
52	54
52	55
52	56
52	57
53	54
53	55
53	56
53	57
53	58
54	55
54	56
54	57
54	58
54	59
55	56
55	57
55	58
55	59
55	60
56	57
56	58
56	59
56	60
56	61
57	58
57	59
57	60
57	61
57	62
57	70
58	59
58	60
58	61
58	62
59	60
59	61
59	62
59	63
59	65
60	61
60	62
60	63
60	64
60	65
60	66
60	67
60	70
61	62
61	63
61	64
61	65
62	63
62	64
63	64
63	65
63	78
63	82
64	65
64	66
64	74
64	75
64	77
64	78
64	82
65	66
65	67
65	70
65	71
65	74
66	67
66	68
66	70
66	71
66	74
67	68
67	69
67	70
67	71
67	72
68	69
68	70
68	71
68	72
69	70
69	71
70	71
70	72
70	73
70	74
70	77
71	72
71	73
71	74
71	75
72	73
72	74
72	75
72	76
72	77
73	74
73	75
73	76
73	77
73	78
74	75
74	76
74	77
74	78
74	79
75	76
75	77
75	78
75	79
75	80
76	77
76	78
76	79
76	80
76	81
77	78
77	79
77	80
77	81
77	82
78	79
78	80
78	81
78	82
78	83
78	84
78	87
79	80
79	81
79	82
79	83
79	84
79	85
79	100
80	81
80	82
80	83
80	84
80	85
80	106
81	82
81	83
81	84
81	85
81	86
81	106
82	83
82	84
82	85
82	86
82	87
82	88
83	84
83	85
83	86
83	87
83	88
83	94
83	107
84	85
84	86
84	87
84	88
84	89
84	94
84	95
84	100
84	105
84	106
84	107
85	86
85	87
85	88
85	89
85	90
85	106
86	87
86	88
86	89
86	90
86	91
86	92
87	88
87	89
87	90
87	91
87	92
87	94
88	89
88	90
88	91
88	92
88	94
88	95
88	106
88	107
89	90
89	91
89	92
89	106
89	107
89	108
89	109
90	91
90	92
91	92
92	94
94	95
94	96
95	96
95	97
95	98
95	99
95	100
95	105
95	107
96	97
96	98
96	99
97	98
97	99
97	100
97	103
98	99
98	100
98	102
98	103
98	104
98	105
98	107
98	108
99	100
99	101
99	102
99	103
99	104
99	105
100	101
100	102
100	103
100	104
100	105
100	107
101	102
101	103
101	104
101	105
101	110
101	112
102	103
102	104
102	105
103	104
103	105
103	108
104	105
104	106
104	108
104	110
104	112
105	106
105	107
105	108
105	109
105	110
105	112
106	107
106	108
106	109
106	110
106	112
107	108
107	109
107	110
108	109
108	110
109	110
110	112
110	113
112	113
112	114
113	114
