20	21
20	22
20	53
21	22
21	23
21	53
21	57
22	23
22	24
22	27
22	50
22	53
22	54
23	24
23	25
23	26
23	27
23	28
23	54
24	25
24	26
24	27
24	28
24	29
24	54
24	59
24	60
24	61
24	62
24	65
25	26
25	27
25	28
25	29
25	30
25	32
25	54
26	27
26	28
26	29
26	30
26	31
27	28
27	29
27	30
27	31
27	32
27	47
27	50
27	51
27	54
28	29
28	30
28	31
28	32
28	51
28	54
28	61
28	65
28	66
28	69
29	30
29	31
29	32
29	33
30	31
30	32
30	33
30	34
30	47
30	50
31	32
31	33
31	34
31	35
31	47
31	51
31	69
31	72
31	73
32	33
32	34
32	35
32	36
32	68
32	72
33	34
33	35
33	36
33	37
33	39
33	44
33	47
33	76
34	35
34	36
34	37
34	39
34	43
34	44
34	45
34	47
34	48
34	51
34	69
34	72
34	73
34	75
34	76
35	36
35	37
35	39
35	71
35	72
35	75
35	76
36	37
36	38
36	39
36	78
37	38
37	39
37	78
38	39
38	40
38	78
39	40
39	41
39	44
39	75
39	76
39	78
39	79
39	84
40	41
40	42
40	43
40	44
40	45
40	84
41	42
41	43
41	44
41	45
41	46
41	79
41	81
41	84
42	43
42	44
42	45
42	46
42	47
42	81
43	44
43	45
43	46
43	47
43	48
44	45
44	46
44	47
44	48
44	49
44	76
44	84
45	46
45	47
45	48
45	49
45	50
45	76
45	81
45	83
45	84
45	87
46	47
46	48
46	49
46	50
46	51
47	48
47	49
47	50
47	51
47	52
48	49
48	50
48	51
48	52
48	53
48	73
48	76
48	84
48	87
48	88
49	50
49	51
49	52
49	53
49	54
49	87
50	51
50	52
50	53
50	54
50	55
51	52
51	53
51	54
51	55
51	56
51	61
51	69
52	53
52	54
52	55
52	56
52	57
52	87
53	54
53	55
53	56
53	57
53	58
54	55
54	56
54	57
54	58
54	59
54	60
54	61
55	56
55	57
55	58
55	59
55	61
56	57
56	58
56	59
57	58
57	59
58	59
58	60
59	60
59	61
60	61
60	62
60	63
60	65
61	62
61	63
61	65
61	66
62	63
62	64
62	65
62	66
62	67
63	64
63	65
63	66
63	67
63	68
64	65
64	66
64	67
64	68
64	69
65	66
65	67
65	68
65	69
65	70
66	67
66	68
66	69
66	70
66	71
67	68
67	69
67	70
67	71
67	72
68	69
68	70
68	71
68	72
68	73
69	70
69	71
69	72
69	73
69	74
70	71
70	72
70	73
70	74
70	75
71	72
71	73
71	74
71	75
72	73
72	74
72	75
72	76
73	74
73	75
73	76
73	77
73	87
73	88
73	89
74	75
74	76
74	77
74	78
75	76
75	77
75	78
75	79
76	77
76	78
76	79
76	80
76	84
76	85
76	88
77	78
77	79
77	80
77	84
77	85
77	88
77	89
78	79
78	80
78	85
79	80
79	81
79	84
79	85
80	81
80	82
80	85
81	82
81	83
81	84
81	85
81	86
82	83
82	84
82	85
82	86
82	87
83	84
83	85
83	86
83	87
83	88
84	85
84	86
84	87
84	88
84	89
85	86
85	87
85	88
85	89
86	87
86	88
86	89
87	88
87	89
88	89
