78	69	37	30	0	60	17	16	0	37	30	0	28	32	0	0	53	58	0	0	51	7	6	0	17	16	0	6	12	0	0	27	30	0	0	37	30	0	15	12	0	0	44	26	0	0	28	32	0	0	53	58	0	0	42	2	0	0	7	6	0	1	0	0	0	9	9	0	0	17	16	0	4	0	0	0	18	12	0	0	6	12	0	0	27	30	0	0	37	30	0	4	0	0	0	27	20	0	0	15	12	0	0	44	26	0	0	28	32	0	0	53	58	0	0	33	1	0	0	2	0	0	0	0	0	0	2	0	0	0	7	6	0	1	0	0	0	5	0	0	0	1	0	0	0	9	9	0	0	17	16	0	1	0	0	0	10	10	0	0	4	0	0	0	18	12	0	0	6	12	0	0	27	30	0	0	34	30	0	1	0	0	0	1	0	0	0	4	0	0	0	27	20	0	0	15	12	0	0	44	26	0	0	28	32	0	0	48	58	0	0
104	92	56	54	0	80	27	29	0	56	54	0	41	67	0	0	74	108	0	0	68	13	11	0	27	29	0	11	19	0	0	35	46	0	0	56	54	0	31	33	0	0	64	72	0	0	41	67	0	0	74	108	0	0	56	4	4	0	13	11	0	2	4	0	0	15	8	0	0	27	29	0	7	12	0	0	22	38	0	0	11	19	0	0	35	46	0	0	55	54	0	6	12	0	0	40	40	0	0	31	33	0	0	64	72	0	0	41	67	0	0	74	108	0	0	44	4	0	0	4	4	0	2	0	0	0	5	0	0	0	13	11	0	7	0	0	0	8	7	0	0	2	4	0	0	15	8	0	0	26	29	0	6	0	0	0	16	14	0	0	7	12	0	0	22	38	0	0	11	19	0	0	35	46	0	0	49	54	0	10	0	0	0	2	0	0	0	6	12	0	0	40	40	0	0	31	33	0	0	64	72	0	0	39	67	0	0	65	108	0	0
66	59	35	14	0	52	15	4	0	35	14	0	31	8	0	0	58	40	0	0	45	7	0	0	15	4	0	10	0	0	0	26	16	0	0	35	14	0	15	0	0	0	43	14	0	0	31	8	0	0	58	40	0	0	38	2	0	0	7	0	0	1	0	0	0	9	0	0	0	15	4	0	4	0	0	0	17	4	0	0	10	0	0	0	26	16	0	0	35	14	0	4	0	0	0	30	8	0	0	15	0	0	0	43	14	0	0	31	8	0	0	58	40	0	0	31	1	0	0	2	0	0	0	0	0	0	2	0	0	0	7	0	0	1	0	0	0	5	0	0	0	1	0	0	0	9	0	0	0	15	4	0	1	0	0	0	10	0	0	0	4	0	0	0	17	4	0	0	10	0	0	0	26	16	0	0	34	14	0	1	0	0	0	1	0	0	0	4	0	0	0	30	8	0	0	15	0	0	0	43	14	0	0	31	8	0	0	56	40	0	0
67	60	36	12	0	53	20	0	0	36	12	0	33	0	0	0	65	20	0	0	46	11	0	0	20	0	0	13	0	0	0	37	0	0	0	36	12	0	18	0	0	0	47	12	0	0	33	0	0	0	65	20	0	0	39	5	0	0	11	0	0	3	0	0	0	14	0	0	0	20	0	0	6	0	0	0	19	0	0	0	13	0	0	0	37	0	0	0	35	12	0	7	0	0	0	30	12	0	0	18	0	0	0	47	12	0	0	33	0	0	0	65	20	0	0	32	4	0	0	5	0	0	2	0	0	0	6	0	0	0	11	0	0	3	0	0	0	7	0	0	0	3	0	0	0	14	0	0	0	19	0	0	4	0	0	0	13	0	0	0	6	0	0	0	19	0	0	0	13	0	0	0	37	0	0	0	32	12	0	4	0	0	0	1	0	0	0	7	0	0	0	30	12	0	0	18	0	0	0	47	12	0	0	31	0	0	0	59	20	0	0
66	59	40	12	0	52	23	0	0	40	12	0	34	0	0	0	60	27	0	0	45	15	0	0	23	0	0	14	0	0	0	36	0	0	0	40	12	0	32	0	0	0	58	12	0	0	34	0	0	0	60	27	0	0	38	8	0	0	15	0	0	5	0	0	0	16	0	0	0	23	0	0	12	0	0	0	19	0	0	0	14	0	0	0	36	0	0	0	38	12	0	12	0	0	0	29	18	0	0	32	0	0	0	58	12	0	0	34	0	0	0	60	27	0	0	31	7	0	0	8	0	0	4	0	0	0	9	0	0	0	15	0	0	9	0	0	0	11	0	0	0	5	0	0	0	16	0	0	0	21	0	0	9	0	0	0	15	0	0	0	12	0	0	0	19	0	0	0	14	0	0	0	36	0	0	0	33	12	0	13	0	0	0	2	0	0	0	12	0	0	0	29	18	0	0	32	0	0	0	58	12	0	0	30	0	0	0	51	27	0	0
118	104	66	52	18	90	48	21	0	64	52	18	44	39	22	0	92	46	54	0	76	29	9	0	46	21	0	26	9	0	0	61	30	0	0	64	52	18	47	27	10	0	78	125	18	0	44	39	22	0	92	46	54	0	62	16	0	0	27	9	0	10	0	0	0	24	9	0	0	46	21	0	21	0	0	0	32	24	0	0	26	9	0	0	61	30	0	0	57	52	18	24	0	4	0	42	55	18	0	44	27	10	0	75	125	18	0	44	39	22	0	92	46	54	0	48	15	0	0	14	0	0	9	0	0	0	15	0	0	0	27	9	0	18	0	0	0	19	18	0	0	10	0	0	0	24	9	0	0	39	21	0	24	0	0	0	35	30	0	0	18	0	0	0	29	24	0	0	26	9	0	0	61	30	0	0	45	52	18	18	0	0	0	6	9	0	0	21	0	4	0	42	55	18	0	44	27	10	0	75	125	18	0	33	39	22	0	71	46	54	0
97	85	46	38	18	73	26	28	0	46	38	18	32	17	22	0	61	58	18	0	61	15	18	0	26	28	0	12	8	0	0	30	47	0	0	46	38	18	32	18	10	0	60	44	18	0	32	17	22	0	61	58	18	0	49	6	9	0	15	18	0	4	0	0	0	14	28	0	0	26	28	0	8	9	0	0	13	18	0	0	12	8	0	0	30	47	0	0	41	38	18	8	9	4	0	23	28	18	0	32	18	10	0	59	44	18	0	32	17	22	0	61	58	18	0	38	6	8	0	6	9	0	4	0	0	0	7	18	0	0	15	18	0	8	8	0	0	9	16	0	0	4	0	0	0	14	28	0	0	23	28	0	8	8	0	0	16	25	0	0	8	9	0	0	13	18	0	0	12	8	0	0	30	47	0	0	33	27	18	12	8	0	0	2	0	0	0	8	9	4	0	23	28	18	0	32	18	10	0	59	44	18	0	26	17	22	0	48	36	18	0
122	105	68	111	7	88	47	78	0	66	111	7	46	82	12	0	87	108	28	0	71	25	54	0	45	78	0	23	46	0	0	59	74	0	0	66	111	7	33	138	4	0	77	128	7	0	46	82	12	0	87	108	28	0	55	13	31	0	23	54	0	8	22	0	0	20	45	0	0	45	78	0	15	60	0	0	35	40	0	0	23	46	0	0	59	74	0	0	56	95	7	19	53	4	0	43	54	21	0	30	138	4	0	72	128	7	0	46	82	12	0	87	108	28	0	41	12	22	0	11	31	0	7	20	0	0	12	30	0	0	23	54	0	12	36	0	0	18	24	0	0	8	22	0	0	20	45	0	0	38	64	0	19	42	0	0	34	32	0	0	12	60	0	0	31	40	0	0	23	46	0	0	59	74	0	0	44	67	7	9	58	0	0	6	6	0	0	16	53	4	0	43	54	21	0	30	138	4	0	72	128	7	0	36	54	12	0	66	66	28	0
86	74	45	50	7	62	27	40	0	44	50	7	26	31	0	0	43	64	7	0	50	19	31	0	26	40	0	13	24	0	0	29	55	0	0	44	50	7	38	22	0	0	60	34	7	0	26	31	0	0	43	64	7	0	39	9	22	0	18	31	0	6	16	0	0	18	38	0	0	26	40	0	13	14	0	0	16	14	0	0	13	24	0	0	29	55	0	0	36	39	7	12	22	0	0	23	22	7	0	36	22	0	0	57	34	7	0	26	31	0	0	43	64	7	0	30	9	19	0	8	22	0	6	14	0	0	9	28	0	0	18	31	0	13	12	0	0	12	12	0	0	6	16	0	0	18	38	0	0	22	31	0	12	19	0	0	14	19	0	0	11	14	0	0	15	14	0	0	13	24	0	0	29	55	0	0	27	21	7	14	19	0	0	3	0	0	0	10	22	0	0	23	22	7	0	36	22	0	0	57	34	7	0	18	13	0	0	28	28	7	0
70	58	48	59	0	47	34	49	0	46	48	0	33	28	0	0	61	38	0	0	36	19	39	0	32	38	0	22	28	0	0	45	38	0	0	46	48	0	32	50	0	0	60	48	0	0	33	28	0	0	61	38	0	0	27	10	27	0	18	30	0	6	20	0	0	13	26	0	0	32	38	0	14	34	0	0	24	22	0	0	22	28	0	0	45	38	0	0	36	30	0	17	34	0	0	31	16	0	0	31	32	0	0	55	39	0	0	33	28	0	0	61	38	0	0	20	9	23	0	9	20	0	5	20	0	0	9	20	0	0	18	30	0	11	26	0	0	15	16	0	0	6	20	0	0	13	26	0	0	26	24	0	17	34	0	0	27	10	0	0	13	20	0	0	21	15	0	0	22	28	0	0	45	38	0	0	28	16	0	13	12	0	0	6	3	0	0	16	20	0	0	31	16	0	0	31	32	0	0	55	39	0	0	25	0	0	0	47	10	0	0
105	91	58	43	41	77	40	30	7	57	43	41	40	30	46	18	80	42	41	50	63	17	0	0	39	30	7	17	0	10	0	48	20	7	0	57	43	41	21	0	48	0	41	44	123	0	40	30	46	18	80	42	41	50	49	11	0	0	16	0	0	6	0	0	0	14	0	0	0	39	30	7	15	0	4	0	32	40	21	0	17	0	10	0	48	20	7	0	51	43	41	18	0	0	0	41	42	0	0	20	0	48	0	38	44	123	0	40	30	46	18	80	42	41	50	35	5	0	0	10	0	0	5	0	0	0	11	0	0	0	16	0	0	3	0	0	0	7	0	0	0	6	0	0	0	14	0	0	0	33	30	7	13	0	0	0	24	20	0	0	14	0	4	0	29	40	21	0	17	0	10	0	48	20	7	0	39	43	41	3	0	32	0	4	0	0	0	17	0	0	0	41	42	0	0	20	0	48	0	38	44	123	0	32	30	46	18	60	42	41	50
74	64	21	29	18	54	10	5	11	21	29	18	13	20	17	26	20	20	72	0	44	2	0	0	10	5	11	0	0	10	0	8	0	44	0	21	29	18	4	0	7	0	14	9	18	0	13	20	17	26	20	20	72	0	34	0	0	0	2	0	0	0	0	0	0	3	0	0	0	10	5	11	0	0	4	0	9	5	11	0	0	0	10	0	8	0	44	0	21	29	18	0	0	0	0	13	10	0	0	4	0	7	0	14	9	18	0	13	20	17	26	20	20	72	0	24	0	0	0	0	0	0	0	0	0	0	0	0	0	0	2	0	0	0	0	0	0	0	0	0	0	0	0	0	0	3	0	0	0	10	5	11	0	0	0	0	4	0	0	0	0	0	4	0	9	5	11	0	0	0	10	0	8	0	44	0	18	29	18	0	0	0	0	0	0	0	0	0	0	0	0	13	10	0	0	4	0	7	0	14	9	18	0	13	20	17	26	16	20	72	0
79	68	39	39	13	57	26	15	4	39	39	13	24	45	13	12	48	36	39	7	46	9	0	0	26	15	4	10	0	4	0	27	10	12	0	39	39	13	13	0	25	0	29	32	39	0	24	45	13	12	48	36	39	7	35	4	0	0	9	0	0	2	0	0	0	6	0	0	0	26	15	4	7	0	4	0	18	20	12	0	10	0	4	0	27	10	12	0	35	39	13	10	0	0	0	22	26	0	0	13	0	25	0	27	32	39	0	24	45	13	12	48	36	39	7	24	2	0	0	4	0	0	2	0	0	0	3	0	0	0	9	0	0	1	0	0	0	2	0	0	0	2	0	0	0	6	0	0	0	22	15	4	8	0	0	0	13	10	0	0	7	0	4	0	16	20	12	0	10	0	4	0	27	10	12	0	27	39	13	1	0	12	0	1	0	0	0	10	0	0	0	22	26	0	0	13	0	25	0	27	32	39	0	19	45	13	12	36	36	39	7
71	59	58	53	18	48	43	48	0	54	42	18	55	32	15	0	63	68	0	25	37	21	28	0	39	37	0	37	28	0	0	45	66	0	0	50	42	18	41	33	33	0	59	57	54	0	49	32	15	0	55	68	0	25	27	12	19	0	18	18	0	13	10	0	0	15	10	0	0	35	37	0	21	29	0	0	28	44	0	0	31	28	0	0	37	66	0	0	35	32	18	20	24	0	0	40	49	18	0	31	23	33	0	49	47	54	0	36	32	15	0	50	68	0	25	18	5	13	0	9	10	0	6	5	0	0	9	10	0	0	14	18	0	3	13	0	0	6	28	0	0	7	10	0	0	7	10	0	0	22	28	0	14	23	0	0	16	40	0	0	11	20	0	0	19	35	0	0	18	28	0	0	32	66	0	0	28	23	18	1	8	18	0	5	21	18	0	18	15	0	0	40	49	18	0	31	23	33	0	49	47	54	0	23	23	15	0	36	50	0	25
86	73	61	53	18	60	44	48	0	58	53	18	50	30	15	0	74	66	0	25	47	22	17	0	41	48	0	21	30	0	0	47	66	0	0	54	53	18	38	11	33	0	63	48	90	0	50	30	15	0	66	66	0	25	35	12	6	0	20	17	0	9	0	0	0	17	0	0	0	37	48	0	17	6	0	0	30	48	0	0	21	30	0	0	39	66	0	0	44	41	18	19	30	0	0	43	69	18	0	35	11	33	0	57	36	90	0	49	30	15	0	66	66	0	25	23	6	6	0	10	6	0	7	0	0	0	11	0	0	0	16	17	0	4	6	0	0	10	11	0	0	9	0	0	0	9	0	0	0	27	36	0	13	30	0	0	17	54	0	0	14	6	0	0	24	36	0	0	20	30	0	0	39	66	0	0	33	41	18	2	0	18	0	7	6	0	0	16	30	0	0	43	69	18	0	35	11	33	0	57	36	90	0	33	30	15	0	46	66	0	25
55	47	10	7	17	39	3	0	5	10	7	17	0	0	20	10	7	0	17	31	31	2	0	3	3	0	5	0	0	0	6	4	0	5	15	10	7	17	4	0	0	6	9	7	0	0	0	0	20	10	7	0	17	31	23	0	0	0	2	0	3	0	0	0	0	3	0	3	0	3	0	5	0	0	0	0	0	0	0	0	0	0	0	6	4	0	5	15	10	7	17	0	0	0	0	3	0	0	0	4	0	0	6	9	7	0	0	0	0	20	10	7	0	17	31	15	0	0	0	0	0	0	0	0	0	0	0	0	0	0	2	0	3	0	0	0	0	0	0	0	0	0	0	0	0	3	0	3	0	3	0	5	0	0	0	0	0	0	0	0	0	0	0	0	0	0	0	0	0	0	0	6	4	0	5	15	7	7	17	0	0	0	0	0	0	0	0	0	0	0	0	3	0	0	0	4	0	0	6	9	7	0	0	0	0	20	10	3	0	17	31
104	88	31	52	75	72	11	28	41	31	52	75	8	0	118	96	27	54	150	72	56	8	24	7	11	28	41	6	0	48	18	13	42	82	22	31	52	75	10	48	0	18	26	36	0	50	8	0	118	96	27	54	150	72	40	2	0	0	8	24	7	4	0	4	0	9	36	14	0	11	28	41	0	0	0	0	0	0	0	0	6	0	48	18	13	42	82	22	25	52	75	4	0	43	0	9	12	150	0	10	48	0	18	25	36	0	50	8	0	118	96	27	54	150	72	26	0	0	0	2	0	0	0	0	0	0	0	0	0	0	8	24	7	0	0	0	0	0	0	0	0	4	0	4	0	9	36	14	0	8	28	41	0	0	32	0	0	0	82	0	0	0	0	0	0	0	0	0	6	0	48	18	13	42	82	22	17	24	75	0	0	17	0	0	0	0	0	4	0	43	0	9	12	150	0	10	48	0	18	25	36	0	50	2	0	118	96	14	12	150	72
48	41	10	6	10	34	3	0	0	10	6	10	0	0	20	0	7	0	10	31	27	2	0	0	3	0	0	0	0	0	0	4	0	0	15	10	6	10	4	0	0	0	9	6	0	0	0	0	20	0	7	0	10	31	20	0	0	0	2	0	0	0	0	0	0	3	0	0	0	3	0	0	0	0	0	0	0	0	0	0	0	0	0	0	4	0	0	15	10	6	10	0	0	0	0	3	0	0	0	4	0	0	0	9	6	0	0	0	0	20	0	7	0	10	31	13	0	0	0	0	0	0	0	0	0	0	0	0	0	0	2	0	0	0	0	0	0	0	0	0	0	0	0	0	0	3	0	0	0	3	0	0	0	0	0	0	0	0	0	0	0	0	0	0	0	0	0	0	0	0	0	0	4	0	0	15	7	6	10	0	0	0	0	0	0	0	0	0	0	0	0	3	0	0	0	4	0	0	0	9	6	0	0	0	0	20	0	3	0	10	31
28	24	3	0	5	20	0	0	0	3	0	5	0	0	5	0	0	0	0	18	16	0	0	0	0	0	0	0	0	0	0	0	0	0	11	3	0	5	0	0	0	0	3	0	0	0	0	0	5	0	0	0	0	18	12	0	0	0	0	0	0	0	0	0	0	0	0	0	0	0	0	0	0	0	0	0	0	0	0	0	0	0	0	0	0	0	0	11	3	0	5	0	0	0	0	0	0	0	0	0	0	0	0	3	0	0	0	0	0	5	0	0	0	0	18	8	0	0	0	0	0	0	0	0	0	0	0	0	0	0	0	0	0	0	0	0	0	0	0	0	0	0	0	0	0	0	0	0	0	0	0	0	0	0	0	0	0	0	0	0	0	0	0	0	0	0	0	0	0	0	0	0	0	0	0	11	3	0	5	0	0	0	0	0	0	0	0	0	0	0	0	0	0	0	0	0	0	0	0	3	0	0	0	0	0	5	0	0	0	0	18
28	24	6	0	0	20	2	0	0	6	0	0	0	0	0	0	4	0	0	0	16	2	0	0	2	0	0	0	0	0	0	3	0	0	0	6	0	0	4	0	0	0	5	0	0	0	0	0	0	0	4	0	0	0	12	0	0	0	2	0	0	0	0	0	0	3	0	0	0	2	0	0	0	0	0	0	0	0	0	0	0	0	0	0	3	0	0	0	6	0	0	0	0	0	0	1	0	0	0	4	0	0	0	5	0	0	0	0	0	0	0	4	0	0	0	8	0	0	0	0	0	0	0	0	0	0	0	0	0	0	2	0	0	0	0	0	0	0	0	0	0	0	0	0	0	3	0	0	0	2	0	0	0	0	0	0	0	0	0	0	0	0	0	0	0	0	0	0	0	0	0	0	3	0	0	0	4	0	0	0	0	0	0	0	0	0	0	0	0	0	0	1	0	0	0	4	0	0	0	5	0	0	0	0	0	0	0	1	0	0	0
70	58	15	11	81	46	11	11	46	15	11	81	8	0	6	65	21	11	0	102	34	4	0	13	11	11	46	5	0	6	13	11	11	0	46	15	11	81	3	0	46	45	8	0	81	90	8	0	6	65	21	11	0	102	22	0	0	4	4	0	13	0	0	0	4	0	0	0	10	11	11	46	0	0	20	12	2	0	46	22	5	0	6	13	11	11	0	46	10	11	81	0	0	17	12	3	0	0	7	3	0	46	45	6	0	81	90	8	0	6	65	21	11	0	102	11	0	0	0	0	0	4	0	0	0	0	0	0	0	0	4	0	13	0	0	12	0	2	0	13	0	0	0	0	4	0	0	0	10	7	11	46	0	0	16	0	0	0	0	0	0	0	20	12	0	0	46	22	5	0	6	13	11	11	0	46	3	0	81	0	0	0	0	0	0	0	0	0	0	17	12	3	0	0	7	3	0	46	45	6	0	81	90	3	0	6	65	10	0	0	102
88	72	41	53	84	56	26	37	64	40	53	84	41	50	6	63	45	99	84	75	40	10	12	32	25	37	64	15	24	6	29	24	36	64	41	40	53	84	19	12	82	71	26	36	168	72	41	50	6	63	45	99	84	75	25	1	0	0	9	12	32	0	0	0	0	0	0	32	7	25	37	64	2	0	53	0	7	0	128	11	15	24	6	29	24	36	64	41	25	38	84	2	0	35	0	12	0	84	50	17	12	82	71	18	36	168	72	41	50	6	63	45	99	84	75	12	1	0	0	0	0	0	0	0	0	0	0	0	0	0	9	12	32	2	0	38	0	5	0	64	0	0	0	0	0	0	0	32	7	13	24	64	2	0	33	0	0	0	64	0	0	0	53	0	0	0	128	11	15	24	6	29	24	36	64	41	7	12	84	0	0	0	0	2	0	0	0	0	0	35	0	12	0	84	50	17	12	82	71	18	36	168	72	11	24	6	63	11	60	84	75
72	59	46	33	46	46	27	21	41	43	33	46	44	21	11	35	42	72	46	0	33	13	10	9	24	21	41	16	10	11	6	20	20	41	0	42	33	46	25	10	37	30	43	42	46	90	44	21	11	35	40	72	46	0	21	3	0	0	11	10	9	1	0	0	0	2	0	9	0	23	21	41	3	0	35	0	8	11	41	11	16	10	11	6	18	20	41	0	27	21	46	7	0	32	0	24	0	46	7	22	10	37	30	34	30	46	90	43	21	11	35	40	72	46	0	10	2	0	0	1	0	0	0	0	0	0	2	0	0	0	10	10	9	3	0	18	0	6	10	9	0	1	0	0	0	0	0	9	0	10	10	41	3	0	31	0	0	0	41	0	0	0	35	0	0	0	41	11	15	10	11	6	18	20	41	0	12	10	46	1	0	0	0	6	0	0	0	4	0	32	0	24	0	46	7	22	10	37	30	34	30	46	90	13	10	11	35	12	50	46	0
72	57	58	81	11	42	39	40	11	53	81	11	56	110	11	0	66	80	55	0	27	18	15	0	34	40	11	32	30	11	0	42	25	55	0	43	81	11	17	75	5	0	39	99	22	36	50	110	11	0	46	80	55	0	15	4	0	0	15	15	0	7	0	0	0	20	0	0	0	24	40	11	9	0	5	0	14	20	22	0	26	30	11	0	22	25	55	0	18	45	11	5	0	11	0	15	45	33	0	8	75	5	0	22	75	22	36	28	110	11	0	31	80	55	0	5	1	0	0	1	0	0	0	0	0	0	2	0	0	0	5	15	0	1	0	0	0	4	10	0	0	1	0	0	0	0	0	0	0	4	10	11	1	0	11	0	0	0	33	0	0	0	5	0	0	0	22	0	4	30	11	0	7	25	55	0	8	25	11	1	0	0	0	4	10	0	0	4	0	11	0	15	45	33	0	8	75	5	0	22	75	22	36	4	50	11	0	11	30	55	0
49	39	46	33	11	29	35	16	11	40	33	11	52	8	11	0	56	22	44	0	20	18	12	0	31	16	11	35	8	11	0	42	16	44	0	31	24	11	27	16	5	0	35	56	0	36	46	8	11	0	38	4	44	0	12	3	4	0	15	12	0	6	4	0	0	18	16	0	0	22	8	11	9	0	5	0	13	8	0	0	29	8	11	0	24	0	44	0	13	16	11	1	16	11	0	15	36	11	0	18	16	5	0	22	48	0	36	25	0	11	0	23	4	44	0	4	1	0	0	0	4	0	0	0	0	0	0	8	0	0	6	4	0	1	0	0	0	5	4	0	0	0	4	0	0	0	0	0	0	4	0	11	1	0	11	0	0	0	11	0	0	0	5	0	0	0	0	0	8	0	11	0	9	0	44	0	8	16	11	1	0	0	0	4	8	11	0	0	16	11	0	15	36	11	0	18	16	5	0	22	48	0	36	12	0	11	0	11	4	44	0
55	39	47	89	17	25	27	71	5	37	61	17	39	150	18	15	53	101	0	22	14	8	35	5	23	49	5	10	126	5	15	24	77	0	22	25	28	17	1	56	27	0	11	21	68	0	37	84	18	15	30	35	0	22	7	1	14	0	7	21	5	0	42	5	0	14	42	0	0	16	28	5	1	56	5	0	11	21	20	0	10	84	5	15	10	35	0	22	9	0	17	1	0	4	0	0	0	51	18	0	0	27	0	0	0	68	0	27	0	18	15	20	0	0	22	0	0	0	0	0	0	0	0	0	0	0	0	0	0	0	0	0	5	0	0	5	0	0	0	20	0	0	0	5	0	0	0	0	0	0	0	5	0	0	0	0	0	0	15	0	0	0	5	0	0	0	20	0	0	0	5	15	0	0	0	22	0	0	17	0	0	8	0	0	0	34	0	0	0	4	0	0	0	51	18	0	0	27	0	0	0	68	0	0	0	18	15	0	0	0	22
31	23	29	15	20	15	21	15	6	21	15	20	34	0	10	30	29	30	0	22	10	9	15	6	19	15	6	28	0	0	30	24	30	0	22	14	0	20	8	0	30	0	9	0	0	0	28	0	10	30	15	0	0	22	5	2	0	0	7	15	6	6	0	0	0	14	30	0	0	12	0	6	8	0	6	0	9	0	0	0	22	0	0	30	10	0	0	22	2	0	20	0	0	4	0	0	0	60	18	0	0	30	0	0	0	0	0	6	0	10	30	5	0	0	22	0	0	0	0	0	0	0	0	0	0	0	0	0	0	0	0	0	6	0	0	6	0	0	0	0	0	0	0	0	0	0	0	0	0	0	0	6	0	0	0	0	0	0	18	0	0	0	6	0	0	0	0	0	0	0	0	30	0	0	0	22	0	0	20	0	0	0	0	0	0	0	0	0	0	4	0	0	0	60	18	0	0	30	0	0	0	0	0	0	0	10	30	0	0	0	22
54	41	37	55	27	28	21	15	0	33	55	27	32	75	44	0	29	50	135	141	15	5	0	0	17	15	0	18	0	0	0	16	0	0	116	30	55	27	8	0	37	0	14	20	81	0	26	75	44	0	23	50	135	141	5	2	0	0	3	0	0	6	0	0	0	6	0	0	41	14	15	0	8	0	0	0	9	10	0	0	12	0	0	0	10	0	0	116	6	25	27	0	0	0	0	0	0	0	0	0	0	37	0	0	0	81	0	14	75	44	0	13	50	135	141	0	0	0	0	0	0	0	0	0	0	0	0	0	0	0	0	0	0	0	0	0	0	0	0	0	0	0	0	0	0	0	0	0	41	0	0	0	0	0	0	0	0	0	0	0	0	0	0	0	0	0	0	0	0	0	0	0	0	0	0	116	0	0	27	0	0	0	0	0	0	0	0	0	0	0	0	0	0	0	0	0	0	37	0	0	0	81	0	0	0	44	0	0	0	135	141
40	29	38	39	9	18	24	30	0	28	39	9	32	45	10	0	41	73	0	22	10	9	15	0	20	30	0	19	45	0	0	24	55	0	22	16	15	9	8	0	19	0	9	10	27	0	24	45	10	0	18	25	0	22	5	2	0	0	7	15	0	6	0	0	0	14	30	0	0	13	15	0	8	0	0	0	9	10	0	0	13	45	0	0	10	25	0	22	3	0	9	0	0	4	0	0	0	27	0	0	0	19	0	0	0	27	0	11	0	10	0	8	0	0	22	0	0	0	0	0	0	0	0	0	0	0	0	0	0	0	0	0	0	0	0	0	0	0	0	0	0	0	0	0	0	0	0	0	0	0	0	0	0	0	0	0	0	0	0	0	0	0	0	0	0	0	0	0	0	0	0	0	0	0	0	22	0	0	9	0	0	0	0	0	0	0	0	0	0	4	0	0	0	27	0	0	0	19	0	0	0	27	0	0	0	10	0	0	0	0	22
44	33	41	35	9	22	26	25	0	36	35	9	51	25	10	0	48	45	9	22	11	9	0	0	21	25	0	28	0	0	0	24	25	0	22	24	35	9	8	0	19	0	12	18	45	0	43	25	10	0	25	45	9	22	5	2	0	0	7	0	0	6	0	0	0	14	0	0	0	14	25	0	8	0	0	0	10	15	0	0	22	0	0	0	10	25	0	22	7	5	9	0	0	4	0	0	0	0	0	0	0	19	0	0	0	45	0	21	25	10	0	15	15	9	22	0	0	0	0	0	0	0	0	0	0	0	0	0	0	0	0	0	0	0	0	0	0	0	0	0	0	0	0	0	0	0	0	0	0	0	0	0	0	0	0	0	0	0	0	0	0	0	0	0	0	0	0	0	0	0	0	0	0	0	0	22	0	0	9	0	0	0	0	0	0	0	0	0	0	4	0	0	0	0	0	0	0	19	0	0	0	45	0	0	0	10	0	0	0	9	22
62	46	24	28	103	30	3	0	90	21	28	103	0	0	115	55	0	0	206	27	14	2	0	51	0	0	90	0	0	82	5	0	0	180	0	21	28	103	3	0	0	100	11	14	0	141	0	0	115	55	0	0	206	27	0	0	0	36	0	0	51	0	0	34	5	0	0	102	0	0	0	90	0	0	0	71	0	0	0	116	0	0	82	5	0	0	180	0	0	0	103	0	0	16	26	0	0	0	75	0	0	0	100	0	0	0	141	0	0	115	55	0	0	206	27	0	0	0	23	0	0	36	0	0	32	0	0	0	72	0	0	0	51	0	0	0	38	0	0	0	41	0	0	34	5	0	0	102	0	0	0	90	0	0	15	20	0	0	0	41	0	0	0	71	0	0	0	116	0	0	82	5	0	0	180	0	0	0	0	0	0	0	44	0	0	0	18	0	0	0	26	0	0	0	75	0	0	0	100	0	0	0	141	0	0	0	55	0	0	0	27
34	25	16	14	21	16	2	0	16	14	14	21	0	0	38	0	0	0	42	27	7	1	0	13	0	0	16	0	0	23	0	0	0	32	0	14	14	21	2	0	0	18	7	7	0	0	0	0	38	0	0	0	42	27	0	0	0	12	0	0	13	0	0	18	0	0	0	26	0	0	0	16	0	0	0	17	0	0	0	0	0	0	23	0	0	0	32	0	0	0	21	0	0	7	7	0	0	0	0	0	0	0	18	0	0	0	0	0	0	38	0	0	0	42	27	0	0	0	9	0	0	12	0	0	17	0	0	0	24	0	0	0	13	0	0	0	12	0	0	0	0	0	0	18	0	0	0	26	0	0	0	16	0	0	7	6	0	0	0	0	0	0	0	17	0	0	0	0	0	0	23	0	0	0	32	0	0	0	0	0	0	0	12	0	0	0	0	0	0	0	7	0	0	0	0	0	0	0	18	0	0	0	0	0	0	0	0	0	0	0	27
39	29	14	9	57	19	0	0	51	14	9	57	0	0	42	12	0	0	57	27	9	0	0	23	0	0	51	0	0	26	0	0	0	51	0	14	9	57	0	0	0	57	7	0	0	165	0	0	42	12	0	0	57	27	0	0	0	10	0	0	23	0	0	11	0	0	0	23	0	0	0	51	0	0	0	30	0	0	0	110	0	0	26	0	0	0	51	0	0	0	57	0	0	0	10	0	0	0	75	0	0	0	57	0	0	0	165	0	0	42	12	0	0	57	27	0	0	0	6	0	0	10	0	0	10	0	0	0	10	0	0	0	23	0	0	0	18	0	0	0	45	0	0	11	0	0	0	23	0	0	0	51	0	0	0	6	0	0	0	41	0	0	0	30	0	0	0	110	0	0	26	0	0	0	51	0	0	0	0	0	0	0	24	0	0	0	0	0	0	0	10	0	0	0	75	0	0	0	57	0	0	0	165	0	0	0	12	0	0	0	27
37	27	20	21	20	17	2	0	5	18	21	20	0	0	70	25	5	0	60	36	7	0	0	0	0	0	5	0	0	15	0	0	0	15	0	18	21	20	0	0	0	0	10	14	0	11	0	0	70	25	5	0	60	36	0	0	0	0	0	0	0	0	0	0	0	0	0	0	0	0	0	5	0	0	0	0	0	0	0	11	0	0	15	0	0	0	15	0	0	0	20	0	0	0	0	0	0	0	0	0	0	0	0	0	0	0	11	0	0	70	25	0	0	60	36	0	0	0	0	0	0	0	0	0	0	0	0	0	0	0	0	0	0	0	0	0	0	0	0	0	0	0	0	0	0	0	0	0	0	0	0	5	0	0	0	0	0	0	0	0	0	0	0	0	0	0	0	11	0	0	15	0	0	0	15	0	0	0	0	0	0	0	0	0	0	0	0	0	0	0	0	0	0	0	0	0	0	0	0	0	0	0	11	0	0	0	25	0	0	0	36
26	19	12	10	5	12	1	0	0	11	10	5	0	0	15	0	0	0	10	27	5	0	0	0	0	0	0	0	0	0	0	0	0	0	0	11	10	5	0	0	0	0	6	5	0	0	0	0	15	0	0	0	10	27	0	0	0	0	0	0	0	0	0	0	0	0	0	0	0	0	0	0	0	0	0	0	0	0	0	0	0	0	0	0	0	0	0	0	0	0	5	0	0	0	0	0	0	0	0	0	0	0	0	0	0	0	0	0	0	15	0	0	0	10	27	0	0	0	0	0	0	0	0	0	0	0	0	0	0	0	0	0	0	0	0	0	0	0	0	0	0	0	0	0	0	0	0	0	0	0	0	0	0	0	0	0	0	0	0	0	0	0	0	0	0	0	0	0	0	0	0	0	0	0	0	0	0	0	0	0	0	0	0	0	0	0	0	0	0	0	0	0	0	0	0	0	0	0	0	0	0	0	0	0	0	0	0	0	0	0	27
42	28	3	0	121	14	3	0	63	0	0	121	0	0	0	136	0	0	0	206	0	0	0	47	0	0	63	0	0	0	94	0	0	0	162	0	0	121	0	0	9	37	0	0	0	36	0	0	0	136	0	0	0	206	0	0	0	24	0	0	47	0	0	0	48	0	0	0	87	0	0	63	0	0	7	0	0	0	0	0	0	0	0	94	0	0	0	162	0	0	0	0	0	0	51	0	0	0	95	0	0	0	37	0	0	0	36	0	0	0	136	0	0	0	206	0	0	0	22	0	0	24	0	0	0	44	0	0	0	58	0	0	47	0	0	7	0	0	0	0	0	0	0	0	48	0	0	0	87	0	0	0	0	0	0	47	0	0	0	75	0	0	0	0	0	0	0	0	0	0	0	94	0	0	0	162	0	0	0	0	0	0	17	0	0	0	0	0	0	0	51	0	0	0	95	0	0	0	37	0	0	0	36	0	0	0	0	0	0	0	0
43	28	12	14	107	14	6	14	74	6	0	107	8	0	29	84	12	0	0	123	0	0	0	45	0	0	74	0	0	29	42	0	0	0	95	0	0	107	0	0	33	70	0	0	107	53	0	0	29	84	0	0	0	123	0	0	0	16	0	0	45	0	0	4	15	0	0	0	51	0	0	74	0	0	30	11	0	0	74	5	0	0	29	42	0	0	0	95	0	0	0	0	0	0	55	0	0	0	68	0	0	0	70	0	0	0	53	0	0	0	84	0	0	0	123	0	0	0	16	0	0	16	0	0	0	15	0	0	0	36	0	0	45	0	0	15	11	0	0	45	5	0	0	4	15	0	0	0	51	0	0	0	0	0	0	55	0	0	0	63	0	0	0	11	0	0	0	5	0	0	0	42	0	0	0	95	0	0	0	0	0	0	0	0	0	0	0	0	0	0	55	0	0	0	68	0	0	0	70	0	0	0	53	0	0	0	0	0	0	0	0
37	24	15	12	59	12	4	12	32	11	0	59	8	0	36	50	21	0	0	46	0	0	0	5	0	0	32	0	0	36	10	0	0	0	21	0	0	59	0	0	14	25	0	0	59	62	0	0	36	50	0	0	0	46	0	0	0	0	0	0	5	0	0	0	0	0	0	0	13	0	0	32	0	0	14	0	0	0	32	5	0	0	36	10	0	0	0	21	0	0	0	0	0	0	0	0	0	0	11	0	0	0	25	0	0	0	62	0	0	0	50	0	0	0	46	0	0	0	0	0	0	0	0	0	0	0	0	0	0	12	0	0	5	0	0	0	0	0	0	5	5	0	0	0	0	0	0	0	13	0	0	0	0	0	0	0	0	0	0	11	0	0	0	0	0	0	0	5	0	0	0	10	0	0	0	21	0	0	0	0	0	0	0	0	0	0	0	0	0	0	0	0	0	0	11	0	0	0	25	0	0	0	62	0	0	0	0	0	0	0	0
23	14	17	20	18	6	4	6	17	9	12	18	6	12	36	5	17	24	36	0	0	0	0	0	0	0	17	0	0	36	0	0	0	34	0	0	0	18	0	0	14	0	0	0	18	35	0	0	36	5	0	0	36	0	0	0	0	0	0	0	0	0	0	0	0	0	0	0	0	0	0	17	0	0	14	0	0	0	17	5	0	0	36	0	0	0	34	0	0	0	0	0	0	0	0	0	0	0	0	0	0	0	0	0	0	0	35	0	0	0	5	0	0	0	0	0	0	0	0	0	0	0	0	0	0	0	0	0	0	0	0	0	0	0	0	0	0	0	0	0	5	0	0	0	0	0	0	0	0	0	0	0	0	0	0	0	0	0	0	0	0	0	0	0	0	0	0	5	0	0	0	0	0	0	0	0	0	0	0	0	0	0	0	0	0	0	0	0	0	0	0	0	0	0	0	0	0	0	0	0	0	0	35	0	0	0	0	0	0	0	0
21	13	17	15	18	5	4	0	17	8	15	18	8	0	36	5	16	25	54	0	0	0	0	0	0	0	17	0	0	36	0	0	0	51	0	0	0	18	0	0	14	0	0	0	0	35	0	0	36	5	0	0	54	0	0	0	0	0	0	0	0	0	0	0	0	0	0	0	0	0	0	17	0	0	14	0	0	0	0	5	0	0	36	0	0	0	51	0	0	0	0	0	0	0	0	0	0	0	0	0	0	0	0	0	0	0	35	0	0	0	5	0	0	0	0	0	0	0	0	0	0	0	0	0	0	0	0	0	0	0	0	0	0	0	0	0	0	0	0	0	5	0	0	0	0	0	0	0	0	0	0	0	0	0	0	0	0	0	0	0	0	0	0	0	0	0	0	5	0	0	0	0	0	0	0	0	0	0	0	0	0	0	0	0	0	0	0	0	0	0	0	0	0	0	0	0	0	0	0	0	0	0	35	0	0	0	0	0	0	0	0
16	7	7	14	33	0	0	0	25	0	0	33	0	0	22	51	0	0	66	0	0	0	0	25	0	0	25	0	0	14	51	0	0	50	0	0	0	0	0	0	0	0	0	0	0	0	0	0	0	51	0	0	0	0	0	0	0	4	0	0	25	0	0	14	4	0	0	50	0	0	0	0	0	0	0	0	0	0	0	0	0	0	0	51	0	0	0	0	0	0	0	0	0	0	16	0	0	0	46	0	0	0	0	0	0	0	0	0	0	0	0	0	0	0	0	0	0	0	0	0	0	4	0	0	0	0	0	0	8	0	0	0	0	0	0	0	0	0	0	0	0	0	0	0	4	0	0	0	0	0	0	0	0	0	0	0	0	0	0	11	0	0	0	0	0	0	0	0	0	0	0	0	0	0	0	0	0	0	0	0	0	0	0	0	0	0	11	0	0	0	16	0	0	0	46	0	0	0	0	0	0	0	0	0	0	0	0	0	0	0	0
18	9	11	0	35	0	0	0	17	0	0	35	0	0	28	43	0	0	0	36	0	0	0	17	0	0	17	0	0	14	43	0	0	0	34	0	0	0	0	0	0	0	0	0	0	0	0	0	0	43	0	0	0	36	0	0	0	0	0	0	17	0	0	14	0	0	0	0	0	0	0	0	0	0	0	0	0	0	0	0	0	0	0	43	0	0	0	34	0	0	0	0	0	0	0	0	0	0	46	0	0	0	0	0	0	0	0	0	0	0	0	0	0	0	0	0	0	0	0	0	0	0	0	0	0	0	0	0	0	0	0	0	0	0	0	0	0	0	0	0	0	0	0	0	0	0	0	0	0	0	0	0	0	0	0	0	0	0	0	11	0	0	0	0	0	0	0	0	0	0	0	0	0	0	0	0	0	0	0	0	0	0	0	0	0	0	0	0	0	0	0	0	0	0	46	0	0	0	0	0	0	0	0	0	0	0	0	0	0	0	0
22	9	7	36	35	0	0	0	17	0	0	35	0	0	28	43	0	0	140	36	0	0	0	17	0	0	17	0	0	14	43	0	0	68	34	0	0	0	0	0	0	0	0	0	0	0	0	0	0	43	0	0	0	36	0	0	0	0	0	0	17	0	0	14	0	0	0	68	0	0	0	0	0	0	0	0	0	0	0	0	0	0	0	43	0	0	0	34	0	0	0	0	0	0	0	0	0	0	46	0	0	0	0	0	0	0	0	0	0	0	0	0	0	0	0	0	0	0	0	0	0	0	0	0	0	0	0	0	0	0	0	0	0	0	0	0	0	0	0	0	0	0	0	0	0	0	0	0	0	0	0	0	0	0	0	0	0	0	0	11	0	0	0	0	0	0	0	0	0	0	0	0	0	0	0	0	0	0	0	0	0	0	0	0	0	0	0	0	0	0	0	0	0	0	46	0	0	0	0	0	0	0	0	0	0	0	0	0	0	0	0
9	4	5	4	5	0	0	0	0	0	0	5	0	0	0	0	0	0	5	18	0	0	0	0	0	0	0	0	0	0	0	0	0	0	17	0	0	0	0	0	0	0	0	0	0	0	0	0	0	0	0	0	0	18	0	0	0	0	0	0	0	0	0	0	0	0	0	0	0	0	0	0	0	0	0	0	0	0	0	0	0	0	0	0	0	0	0	17	0	0	0	0	0	0	0	0	0	0	0	0	0	0	0	0	0	0	0	0	0	0	0	0	0	0	0	0	0	0	0	0	0	0	0	0	0	0	0	0	0	0	0	0	0	0	0	0	0	0	0	0	0	0	0	0	0	0	0	0	0	0	0	0	0	0	0	0	0	0	0	0	0	0	0	0	0	0	0	0	0	0	0	0	0	0	0	0	0	0	0	0	0	0	0	0	0	0	0	0	0	0	0	0	0	0	0	0	0	0	0	0	0	0	0	0	0	0	0	0	0	0	0
9	4	7	4	0	0	0	0	0	0	0	0	0	0	0	0	0	0	0	0	0	0	0	0	0	0	0	0	0	0	0	0	0	0	0	0	0	0	0	0	0	0	0	0	0	0	0	0	0	0	0	0	0	0	0	0	0	0	0	0	0	0	0	0	0	0	0	0	0	0	0	0	0	0	0	0	0	0	0	0	0	0	0	0	0	0	0	0	0	0	0	0	0	0	0	0	0	0	0	0	0	0	0	0	0	0	0	0	0	0	0	0	0	0	0	0	0	0	0	0	0	0	0	0	0	0	0	0	0	0	0	0	0	0	0	0	0	0	0	0	0	0	0	0	0	0	0	0	0	0	0	0	0	0	0	0	0	0	0	0	0	0	0	0	0	0	0	0	0	0	0	0	0	0	0	0	0	0	0	0	0	0	0	0	0	0	0	0	0	0	0	0	0	0	0	0	0	0	0	0	0	0	0	0	0	0	0	0	0	0	0
11	0	0	0	86	0	0	0	65	0	0	0	0	0	0	45	0	0	0	68	0	0	0	26	0	0	0	0	0	0	21	0	0	0	42	0	0	0	0	0	0	56	0	0	0	184	0	0	0	0	0	0	0	0	0	0	0	23	0	0	0	0	0	0	21	0	0	0	42	0	0	0	0	0	0	51	0	0	0	123	0	0	0	0	0	0	0	0	0	0	0	0	0	0	23	0	0	0	0	0	0	0	0	0	0	0	0	0	0	0	0	0	0	0	0	0	0	0	15	0	0	0	0	0	0	0	0	0	0	4	0	0	0	0	0	0	22	0	0	0	50	0	0	0	0	0	0	0	0	0	0	0	0	0	0	22	0	0	0	0	0	0	0	0	0	0	0	0	0	0	0	0	0	0	0	0	0	0	0	0	0	0	8	0	0	0	17	0	0	0	0	0	0	0	0	0	0	0	0	0	0	0	0	0	0	0	0	0	0	0	0
5	0	0	0	30	0	0	0	11	0	0	0	0	0	0	33	0	0	0	68	0	0	0	7	0	0	0	0	0	0	21	0	0	0	42	0	0	0	0	0	0	28	0	0	0	0	0	0	0	0	0	0	0	0	0	0	0	7	0	0	0	0	0	0	21	0	0	0	42	0	0	0	0	0	0	28	0	0	0	0	0	0	0	0	0	0	0	0	0	0	0	0	0	0	0	0	0	0	0	0	0	0	0	0	0	0	0	0	0	0	0	0	0	0	0	0	0	0	0	0	0	0	0	0	0	0	0	0	0	4	0	0	0	0	0	0	0	0	0	0	0	0	0	0	0	0	0	0	0	0	0	0	0	0	0	0	0	0	0	0	0	0	0	0	0	0	0	0	0	0	0	0	0	0	0	0	0	0	0	0	0	0	0	0	0	0	17	0	0	0	0	0	0	0	0	0	0	0	0	0	0	0	0	0	0	0	0	0	0	0	0
6	0	0	0	17	0	0	0	0	0	0	0	0	0	0	0	0	0	0	40	0	0	0	0	0	0	0	0	0	0	0	0	0	0	17	0	0	0	0	0	0	0	0	0	0	0	0	0	0	0	0	0	0	0	0	0	0	0	0	0	0	0	0	0	0	0	0	0	17	0	0	0	0	0	0	0	0	0	0	0	0	0	0	0	0	0	0	0	0	0	0	0	0	0	0	0	0	0	0	0	0	0	0	0	0	0	0	0	0	0	0	0	0	0	0	0	0	0	0	0	0	0	0	0	0	0	0	0	0	0	0	0	0	0	0	0	0	0	0	0	0	0	0	0	0	0	0	0	0	0	0	0	0	0	0	0	0	0	0	0	0	0	0	0	0	0	0	0	0	0	0	0	0	0	0	0	0	0	0	0	0	0	0	0	0	0	0	0	0	0	0	0	0	0	0	0	0	0	0	0	0	0	0	0	0	0	0	0	0	0	0
5	0	0	0	9	0	0	0	0	0	0	0	0	0	0	0	0	0	0	35	0	0	0	0	0	0	0	0	0	0	0	0	0	0	17	0	0	0	0	0	0	0	0	0	0	0	0	0	0	0	0	0	0	0	0	0	0	0	0	0	0	0	0	0	0	0	0	0	17	0	0	0	0	0	0	0	0	0	0	0	0	0	0	0	0	0	0	0	0	0	0	0	0	0	0	0	0	0	0	0	0	0	0	0	0	0	0	0	0	0	0	0	0	0	0	0	0	0	0	0	0	0	0	0	0	0	0	0	0	0	0	0	0	0	0	0	0	0	0	0	0	0	0	0	0	0	0	0	0	0	0	0	0	0	0	0	0	0	0	0	0	0	0	0	0	0	0	0	0	0	0	0	0	0	0	0	0	0	0	0	0	0	0	0	0	0	0	0	0	0	0	0	0	0	0	0	0	0	0	0	0	0	0	0	0	0	0	0	0	0	0
2	0	0	0	0	0	0	0	0	0	0	0	0	0	0	0	0	0	0	0	0	0	0	0	0	0	0	0	0	0	0	0	0	0	0	0	0	0	0	0	0	0	0	0	0	0	0	0	0	0	0	0	0	0	0	0	0	0	0	0	0	0	0	0	0	0	0	0	0	0	0	0	0	0	0	0	0	0	0	0	0	0	0	0	0	0	0	0	0	0	0	0	0	0	0	0	0	0	0	0	0	0	0	0	0	0	0	0	0	0	0	0	0	0	0	0	0	0	0	0	0	0	0	0	0	0	0	0	0	0	0	0	0	0	0	0	0	0	0	0	0	0	0	0	0	0	0	0	0	0	0	0	0	0	0	0	0	0	0	0	0	0	0	0	0	0	0	0	0	0	0	0	0	0	0	0	0	0	0	0	0	0	0	0	0	0	0	0	0	0	0	0	0	0	0	0	0	0	0	0	0	0	0	0	0	0	0	0	0	0	0
