95	85	46	35	0	75	32	33	0	46	35	0	29	14	0	0	86	56	0	0	65	28	33	0	32	33	0	25	14	0	0	76	56	0	0	45	35	0	6	0	0	0	23	8	0	0	29	14	0	0	86	56	0	0	55	27	33	0	28	33	0	23	14	0	0	66	56	0	0	31	33	0	4	0	0	0	19	7	0	0	25	14	0	0	76	56	0	0	45	35	0	2	0	0	0	15	0	0	0	6	0	0	0	23	8	0	0	29	14	0	0	86	56	0	0	47	21	21	0	27	33	0	22	14	0	0	64	56	0	0	28	33	0	0	0	0	0	14	7	0	0	23	14	0	0	66	56	0	0	31	33	0	0	0	0	0	11	0	0	0	4	0	0	0	19	7	0	0	25	14	0	0	76	56	0	0	28	19	0	7	0	0	0	27	0	0	0	2	0	0	0	15	0	0	0	6	0	0	0	6	0	0	0	29	14	0	0	67	56	0	0
117	103	61	73	0	89	37	61	0	61	73	0	32	84	0	0	112	131	0	0	75	28	61	0	37	61	0	17	84	0	0	80	125	0	0	58	73	0	8	0	0	0	32	37	0	0	32	84	0	0	112	131	0	0	61	27	61	0	28	61	0	15	84	0	0	62	125	0	0	34	61	0	6	0	0	0	20	28	0	0	17	84	0	0	80	125	0	0	55	73	0	8	0	0	0	25	0	0	0	8	0	0	0	32	37	0	0	28	84	0	0	104	131	0	0	51	19	49	0	27	61	0	14	84	0	0	60	125	0	0	28	61	0	0	0	0	0	12	28	0	0	15	84	0	0	62	125	0	0	33	61	0	4	0	0	0	22	0	0	0	6	0	0	0	20	28	0	0	17	84	0	0	77	125	0	0	32	33	0	11	0	0	0	26	0	0	0	8	0	0	0	25	0	0	0	8	0	0	0	9	7	0	0	25	84	0	0	73	111	0	0
101	91	61	37	0	81	41	35	0	61	37	0	51	14	0	0	100	91	0	0	71	33	29	0	41	35	0	29	14	0	0	75	89	0	0	59	37	0	26	8	0	0	33	24	0	0	51	14	0	0	100	91	0	0	61	28	29	0	33	29	0	19	14	0	0	61	65	0	0	39	35	0	4	8	0	0	22	22	0	0	29	14	0	0	75	89	0	0	57	37	0	8	0	0	0	28	16	0	0	26	8	0	0	33	24	0	0	47	14	0	0	95	91	0	0	53	19	21	0	28	29	0	18	14	0	0	58	65	0	0	33	29	0	0	0	0	0	16	14	0	0	19	14	0	0	61	65	0	0	39	35	0	4	0	0	0	25	16	0	0	4	8	0	0	22	22	0	0	29	14	0	0	75	89	0	0	41	21	0	8	0	0	0	32	0	0	0	8	0	0	0	28	16	0	0	26	8	0	0	15	8	0	0	47	14	0	0	76	75	0	0
131	120	68	47	0	109	52	32	0	68	47	0	51	36	0	0	105	96	0	0	98	44	20	0	52	32	0	33	14	0	0	86	68	0	0	63	47	0	28	20	0	0	34	38	0	0	51	36	0	0	105	96	0	0	87	37	14	0	44	20	0	22	4	0	0	70	40	0	0	47	32	0	8	8	0	0	25	32	0	0	33	14	0	0	86	68	0	0	61	47	0	12	8	0	0	43	42	0	0	28	20	0	0	34	38	0	0	47	36	0	0	100	96	0	0	77	24	10	0	37	14	0	19	0	0	0	66	28	0	0	41	20	0	3	0	0	0	20	20	0	0	22	4	0	0	70	40	0	0	47	32	0	7	0	0	0	35	28	0	0	8	8	0	0	25	32	0	0	33	14	0	0	86	68	0	0	49	37	0	7	0	0	0	34	14	0	0	12	8	0	0	43	42	0	0	26	20	0	0	20	18	0	0	47	36	0	0	88	76	0	0
124	113	71	49	0	102	55	37	0	71	49	0	62	26	0	0	113	84	0	0	91	46	29	0	55	37	0	42	14	0	0	93	63	0	0	64	49	0	37	10	0	0	46	43	0	0	62	26	0	0	112	84	0	0	80	34	23	0	46	29	0	27	10	0	0	74	44	0	0	48	37	0	11	6	0	0	36	36	0	0	42	14	0	0	92	63	0	0	62	49	0	12	26	0	0	53	67	0	0	37	10	0	0	46	43	0	0	58	26	0	0	107	84	0	0	70	22	16	0	34	23	0	17	6	0	0	62	36	0	0	41	29	0	5	0	0	0	31	27	0	0	27	10	0	0	73	44	0	0	48	37	0	5	12	0	0	45	49	0	0	11	6	0	0	36	36	0	0	42	14	0	0	92	63	0	0	51	39	0	7	12	0	0	33	35	0	0	12	26	0	0	53	67	0	0	35	10	0	0	31	23	0	0	58	26	0	0	93	64	0	0
81	72	45	29	7	63	32	25	0	44	29	7	30	0	14	0	66	22	7	0	56	27	23	0	31	25	0	22	0	0	0	46	22	0	0	36	15	7	12	12	4	0	24	21	0	0	27	0	14	0	62	22	7	0	49	20	22	0	26	23	0	16	0	0	0	39	22	0	0	23	11	0	4	12	0	0	15	17	0	0	19	0	0	0	42	22	0	0	34	15	7	16	4	7	0	46	22	0	0	12	12	4	0	24	21	0	0	23	0	14	0	57	22	7	0	43	14	18	0	19	22	0	9	0	0	0	29	20	0	0	20	11	0	2	12	0	0	15	17	0	0	13	0	0	0	35	22	0	0	23	11	0	5	0	0	0	24	10	0	0	4	12	0	0	15	17	0	0	19	0	0	0	42	22	0	0	32	9	7	14	0	6	0	24	9	7	0	16	4	7	0	46	22	0	0	12	0	4	0	20	9	0	0	23	0	14	0	53	10	7	0
113	103	60	29	7	93	47	17	0	56	29	7	33	0	14	0	89	16	14	0	84	44	17	0	43	17	0	29	0	0	0	74	16	0	0	46	20	7	14	0	4	0	28	14	0	0	27	0	14	0	82	16	14	0	75	37	15	0	40	17	0	23	0	0	0	67	16	0	0	33	8	0	6	0	0	0	19	8	0	0	23	0	0	0	67	16	0	0	46	20	7	15	12	7	0	48	34	0	0	14	0	4	0	28	14	0	0	27	0	14	0	82	16	14	0	66	28	9	0	33	15	0	16	0	0	0	57	12	0	0	30	8	0	4	0	0	0	19	8	0	0	17	0	0	0	60	16	0	0	33	8	0	5	0	0	0	24	16	0	0	6	0	0	0	19	8	0	0	23	0	0	0	67	16	0	0	43	20	7	23	0	6	0	30	32	7	0	15	12	7	0	48	34	0	0	12	0	4	0	22	14	0	0	27	0	14	0	76	16	14	0
135	119	73	105	0	104	51	84	0	60	90	0	37	81	0	0	84	147	0	0	92	48	83	0	41	72	0	34	78	0	0	69	130	0	0	48	54	0	11	7	0	0	18	19	0	0	26	45	0	0	74	111	0	0	80	41	80	0	38	71	0	29	78	0	0	63	127	0	0	29	36	0	7	7	0	0	15	14	0	0	23	42	0	0	59	94	0	0	48	54	0	10	12	0	0	39	34	0	0	11	7	0	0	18	19	0	0	26	45	0	0	74	111	0	0	68	31	67	0	31	68	0	18	69	0	0	54	121	0	0	26	35	0	5	7	0	0	15	14	0	0	18	42	0	0	53	91	0	0	29	36	0	5	0	0	0	27	14	0	0	7	7	0	0	15	14	0	0	23	42	0	0	59	94	0	0	47	54	0	20	36	0	0	29	35	0	0	10	12	0	0	39	34	0	0	9	7	0	0	16	19	0	0	26	45	0	0	72	111	0	0
66	57	39	30	0	49	25	24	0	31	22	0	17	15	0	0	45	31	0	0	44	25	24	0	20	19	0	17	15	0	0	40	31	0	0	25	7	0	1	0	0	0	7	0	0	0	10	0	0	0	39	16	0	0	39	25	24	0	20	19	0	17	15	0	0	40	31	0	0	14	4	0	1	0	0	0	5	0	0	0	10	0	0	0	34	16	0	0	25	7	0	5	0	0	0	14	0	0	0	1	0	0	0	7	0	0	0	10	0	0	0	39	16	0	0	34	20	23	0	20	19	0	17	15	0	0	40	31	0	0	14	4	0	1	0	0	0	5	0	0	0	10	0	0	0	34	16	0	0	14	4	0	0	0	0	0	4	0	0	0	1	0	0	0	5	0	0	0	10	0	0	0	34	16	0	0	25	7	0	17	3	0	0	20	9	0	0	5	0	0	0	14	0	0	0	1	0	0	0	7	0	0	0	10	0	0	0	39	16	0	0
103	92	55	45	0	82	38	35	0	43	35	0	26	20	0	0	59	55	0	0	72	37	35	0	26	25	0	25	20	0	0	51	55	0	0	34	35	0	3	0	0	0	8	5	0	0	16	20	0	0	50	55	0	0	62	35	35	0	25	25	0	25	20	0	0	50	55	0	0	17	25	0	3	0	0	0	6	5	0	0	15	20	0	0	42	55	0	0	34	35	0	5	0	0	0	19	6	0	0	3	0	0	0	8	5	0	0	16	20	0	0	50	55	0	0	52	27	27	0	23	25	0	19	20	0	0	47	55	0	0	16	25	0	3	0	0	0	6	5	0	0	15	20	0	0	41	55	0	0	17	25	0	0	0	0	0	11	0	0	0	3	0	0	0	6	5	0	0	15	20	0	0	42	55	0	0	34	35	0	10	24	0	0	20	18	0	0	5	0	0	0	19	6	0	0	3	0	0	0	8	5	0	0	16	20	0	0	50	55	0	0
175	158	71	109	15	141	54	66	11	71	109	15	48	130	6	14	112	119	75	0	124	40	36	0	54	66	11	35	40	4	0	89	62	55	0	69	109	15	17	100	19	0	47	67	30	0	48	130	6	14	112	119	75	0	107	24	16	0	40	36	0	30	0	0	0	78	37	0	0	52	66	11	5	0	15	0	43	32	22	0	35	40	4	0	89	62	55	0	67	109	15	6	0	10	0	62	84	60	0	17	100	19	0	47	67	30	0	44	130	6	14	107	119	75	0	91	12	16	0	24	16	0	12	0	0	0	61	32	0	0	40	36	0	4	0	0	0	43	32	0	0	30	0	0	0	78	37	0	0	52	66	11	3	0	6	0	59	70	44	0	5	0	15	0	43	32	22	0	35	40	4	0	89	62	55	0	58	93	15	3	0	0	0	50	120	0	0	6	0	10	0	62	84	60	0	17	100	19	0	31	35	30	0	44	130	6	14	91	87	75	0
159	144	81	66	25	129	66	60	7	77	66	25	62	57	6	14	123	75	0	14	114	60	49	0	62	60	7	48	54	4	0	102	69	0	0	68	66	25	45	22	11	0	54	23	25	0	59	57	6	14	118	75	0	14	99	36	19	0	56	49	0	36	27	0	0	90	49	0	0	53	60	7	8	19	7	0	38	19	7	0	45	54	4	0	97	69	0	0	67	66	25	8	30	24	0	63	94	75	0	45	22	11	0	54	23	25	0	58	57	6	14	115	75	0	14	84	21	9	0	32	19	0	12	0	0	0	62	19	0	0	47	49	0	7	9	0	0	38	18	0	0	33	27	0	0	85	49	0	0	52	60	7	2	27	6	0	57	86	21	0	8	19	7	0	38	19	7	0	44	54	4	0	94	69	0	0	61	66	25	6	9	12	0	36	54	25	0	8	30	24	0	63	94	75	0	43	22	11	0	42	23	25	0	58	57	6	14	103	75	0	14
97	87	50	27	16	78	42	27	0	42	18	16	36	0	0	0	69	48	0	7	69	40	27	0	34	18	0	35	0	0	0	61	48	0	0	33	18	16	5	0	0	0	8	6	0	0	26	0	0	0	60	48	0	7	60	33	27	0	32	18	0	32	0	0	0	58	48	0	0	25	18	0	5	0	0	0	8	6	0	0	25	0	0	0	52	48	0	0	33	18	16	3	0	10	0	20	0	0	0	5	0	0	0	8	6	0	0	26	0	0	0	60	48	0	7	51	21	9	0	25	18	0	20	0	0	0	48	48	0	0	23	18	0	4	0	0	0	8	6	0	0	22	0	0	0	49	48	0	0	25	18	0	3	0	0	0	20	0	0	0	5	0	0	0	8	6	0	0	25	0	0	0	52	48	0	0	33	18	16	1	0	27	0	11	0	48	0	3	0	10	0	20	0	0	0	5	0	0	0	8	6	0	0	26	0	0	0	60	48	0	7
110	98	68	52	7	87	52	43	0	59	41	7	42	51	0	0	85	101	0	0	76	49	41	0	43	32	0	39	45	0	0	68	76	0	0	50	41	7	20	10	0	0	23	12	0	0	31	51	0	0	75	101	0	0	65	35	31	0	40	30	0	34	45	0	0	62	70	0	0	34	32	0	4	10	0	0	18	10	0	0	28	45	0	0	58	76	0	0	50	41	7	10	0	4	0	42	30	14	0	20	10	0	0	23	12	0	0	31	51	0	0	75	101	0	0	54	21	16	0	26	20	0	18	15	0	0	47	55	0	0	31	30	0	2	10	0	0	18	10	0	0	23	45	0	0	52	70	0	0	34	32	0	5	0	0	0	38	30	0	0	4	10	0	0	18	10	0	0	28	45	0	0	58	76	0	0	50	41	7	11	0	24	0	21	10	21	0	10	0	4	0	42	30	14	0	20	10	0	0	23	12	0	0	31	51	0	0	75	101	0	0
102	92	56	35	0	82	46	25	0	54	35	0	56	20	0	0	87	27	0	0	72	38	17	0	44	25	0	43	20	0	0	69	20	0	0	52	35	0	36	24	0	0	41	23	0	0	56	20	0	0	86	27	0	0	62	20	3	0	36	17	0	30	12	0	0	58	14	0	0	42	25	0	8	0	0	0	32	10	0	0	43	20	0	0	68	20	0	0	52	35	0	8	6	0	0	60	45	0	0	36	24	0	0	41	23	0	0	56	20	0	0	86	27	0	0	52	9	0	0	18	3	0	8	0	0	0	39	3	0	0	34	17	0	6	0	0	0	32	8	0	0	30	12	0	0	57	14	0	0	42	25	0	5	0	0	0	60	45	0	0	8	0	0	0	32	10	0	0	43	20	0	0	68	20	0	0	49	35	0	5	0	0	0	28	35	0	0	8	6	0	0	60	45	0	0	36	24	0	0	35	23	0	0	56	20	0	0	80	27	0	0
75	68	25	10	13	61	13	0	6	25	10	13	17	0	18	12	30	20	26	15	54	5	0	4	13	0	6	1	0	6	8	14	0	12	11	25	10	13	0	0	20	8	8	0	0	0	17	0	18	12	30	20	26	15	47	5	0	0	5	0	4	1	0	4	0	13	0	8	0	13	0	6	0	0	0	0	8	0	0	0	1	0	6	8	14	0	12	11	25	10	13	0	0	0	0	13	0	0	0	0	0	20	8	8	0	0	0	17	0	18	12	30	20	26	15	40	5	0	0	5	0	0	1	0	0	0	13	0	0	0	5	0	4	0	0	0	0	8	0	0	0	1	0	4	0	13	0	8	0	13	0	6	0	0	0	0	10	0	0	0	0	0	0	0	8	0	0	0	1	0	6	8	14	0	12	11	21	10	13	2	0	0	0	36	0	0	0	0	0	0	0	13	0	0	0	0	0	20	8	0	0	0	0	17	0	18	12	22	20	26	15
71	64	36	12	8	57	29	12	0	36	12	8	36	0	10	0	50	4	0	15	50	17	0	0	29	12	0	20	0	0	0	37	4	0	11	36	12	8	7	0	32	0	26	0	24	0	36	0	10	0	50	4	0	15	43	9	0	0	17	0	0	16	0	0	0	33	0	0	0	29	12	0	3	0	0	0	25	0	0	0	20	0	0	0	37	4	0	11	36	12	8	1	0	3	0	42	28	0	0	7	0	32	0	26	0	24	0	36	0	10	0	50	4	0	15	36	3	0	0	9	0	0	5	0	0	0	23	0	0	0	17	0	0	3	0	0	0	24	0	0	0	16	0	0	0	33	0	0	0	29	12	0	0	0	0	0	42	28	0	0	3	0	0	0	25	0	0	0	20	0	0	0	37	4	0	11	33	12	8	0	0	0	0	33	24	0	0	1	0	3	0	42	28	0	0	7	0	32	0	20	0	24	0	36	0	10	0	44	4	0	15
65	59	25	5	8	53	15	0	0	25	5	8	20	0	10	0	25	10	8	15	47	3	0	0	15	0	0	4	0	0	0	9	0	0	11	25	5	8	0	0	32	0	6	0	0	0	20	0	10	0	25	10	8	15	41	2	0	0	3	0	0	0	0	0	0	5	0	0	0	15	0	0	0	0	0	0	6	0	0	0	4	0	0	0	9	0	0	11	25	5	8	0	0	3	0	20	0	0	0	0	0	32	0	6	0	0	0	20	0	10	0	25	10	8	15	35	2	0	0	2	0	0	0	0	0	0	4	0	0	0	3	0	0	0	0	0	0	5	0	0	0	0	0	0	0	5	0	0	0	15	0	0	0	0	0	0	19	0	0	0	0	0	0	0	6	0	0	0	4	0	0	0	9	0	0	11	23	5	8	0	0	0	0	37	0	0	0	0	0	3	0	20	0	0	0	0	0	32	0	2	0	0	0	20	0	10	0	21	10	8	15
102	92	40	31	5	82	29	15	0	40	31	5	26	30	10	0	77	20	10	15	72	21	0	0	29	15	0	16	0	0	0	63	0	0	11	40	31	5	3	0	20	0	28	0	15	0	26	30	10	0	77	20	10	15	62	18	0	0	21	0	0	16	0	0	0	61	0	0	0	29	15	0	3	0	0	0	28	0	0	0	16	0	0	0	63	0	0	11	40	31	5	0	0	0	0	33	21	0	0	3	0	20	0	28	0	15	0	26	30	10	0	77	20	10	15	52	9	0	0	18	0	0	9	0	0	0	56	0	0	0	21	0	0	3	0	0	0	28	0	0	0	16	0	0	0	61	0	0	0	29	15	0	0	0	0	0	31	15	0	0	3	0	0	0	28	0	0	0	16	0	0	0	63	0	0	11	35	31	5	8	0	0	0	35	63	0	0	0	0	0	0	33	21	0	0	3	0	20	0	18	0	15	0	26	30	10	0	67	20	10	15
84	76	30	17	5	68	19	5	0	30	17	5	19	10	10	0	44	20	10	15	60	9	0	0	19	5	0	5	0	0	0	30	0	0	11	30	17	5	0	0	20	0	13	0	5	0	19	10	10	0	44	20	10	15	52	9	0	0	9	0	0	5	0	0	0	28	0	0	0	19	5	0	0	0	0	0	13	0	0	0	5	0	0	0	30	0	0	11	30	17	5	0	0	0	0	24	0	0	0	0	0	20	0	13	0	5	0	19	10	10	0	44	20	10	15	44	5	0	0	9	0	0	5	0	0	0	28	0	0	0	9	0	0	0	0	0	0	13	0	0	0	5	0	0	0	28	0	0	0	19	5	0	0	0	0	0	21	0	0	0	0	0	0	0	13	0	0	0	5	0	0	0	30	0	0	11	26	17	5	2	0	0	0	38	28	0	0	0	0	0	0	24	0	0	0	0	0	20	0	5	0	5	0	19	10	10	0	36	20	10	15
102	91	34	26	33	80	20	10	8	34	26	33	18	0	60	25	58	20	66	31	69	18	10	3	20	10	8	14	0	20	0	52	20	16	6	32	26	33	1	0	0	0	22	20	0	15	18	0	60	25	58	20	66	31	58	17	10	3	18	10	3	14	0	0	0	52	20	6	4	18	10	8	1	0	0	0	22	20	0	11	14	0	20	0	52	20	16	6	30	26	33	0	0	0	0	23	8	0	0	1	0	0	0	22	20	0	15	14	0	60	25	53	20	66	31	48	10	10	0	17	10	3	11	0	0	0	50	20	6	0	18	10	3	1	0	0	0	22	20	0	0	14	0	0	0	52	20	6	4	18	10	8	0	0	0	0	10	0	0	0	1	0	0	0	22	20	0	11	14	0	20	0	52	20	16	6	23	16	33	4	0	0	0	36	56	0	0	0	0	0	0	23	8	0	0	1	0	0	0	11	0	0	15	14	0	60	25	43	0	66	31
147	131	60	53	57	115	38	28	41	60	53	57	40	14	86	33	102	100	114	18	99	35	28	22	38	28	41	33	14	61	6	84	98	82	6	58	53	57	3	0	9	26	39	30	0	40	40	14	86	33	102	100	114	18	83	33	28	18	35	28	22	33	14	10	4	83	98	44	4	36	28	41	3	0	9	18	33	28	0	18	33	14	61	6	84	98	82	6	56	53	57	3	0	0	14	33	24	0	0	3	0	9	26	39	30	0	40	36	14	86	33	97	100	114	18	68	26	26	0	33	28	18	29	14	6	0	80	98	36	0	35	28	22	2	0	0	0	32	28	0	0	33	14	10	4	83	98	44	4	36	28	41	0	0	0	0	12	0	0	0	3	0	9	18	33	28	0	18	33	14	61	6	84	98	82	6	34	38	57	5	24	9	0	41	72	0	0	3	0	0	14	33	24	0	0	3	0	9	26	15	0	0	40	36	14	86	33	72	70	114	18
97	86	51	33	12	75	37	18	12	51	33	12	37	9	0	0	108	65	24	0	64	35	18	11	37	18	12	33	9	0	0	96	63	24	0	49	33	12	1	0	0	4	31	20	0	0	37	9	0	0	108	65	24	0	53	34	18	11	35	18	11	33	9	0	0	96	63	22	0	35	18	12	1	0	0	4	27	18	0	0	33	9	0	0	96	63	24	0	47	33	12	0	0	0	0	14	7	0	0	1	0	0	4	31	20	0	0	33	9	0	0	103	65	24	0	43	27	16	0	34	18	11	30	9	0	0	94	63	22	0	35	18	11	1	0	0	0	27	18	0	0	33	9	0	0	96	63	22	0	35	18	12	0	0	0	0	10	0	0	0	1	0	0	4	27	18	0	0	33	9	0	0	96	63	24	0	28	23	12	13	14	0	0	24	49	0	0	0	0	0	0	14	7	0	0	1	0	0	4	13	0	0	0	33	9	0	0	84	45	24	0
82	71	42	41	7	60	23	30	7	42	41	7	20	36	0	0	81	78	7	0	49	23	30	7	23	30	7	20	36	0	0	67	78	7	0	42	41	7	0	0	0	0	26	0	0	0	20	36	0	0	81	78	7	0	38	23	30	7	23	30	7	20	36	0	0	67	78	7	0	23	30	7	0	0	0	0	17	0	0	0	20	36	0	0	67	78	7	0	42	41	7	0	0	0	0	8	0	0	0	0	0	0	0	26	0	0	0	20	36	0	0	81	78	7	0	29	19	27	0	23	30	7	20	36	0	0	67	78	7	0	23	30	7	0	0	0	0	17	0	0	0	20	36	0	0	67	78	7	0	23	30	7	0	0	0	0	4	0	0	0	0	0	0	0	17	0	0	0	20	36	0	0	67	78	7	0	20	23	7	12	15	0	0	20	20	0	0	0	0	0	0	8	0	0	0	0	0	0	0	7	0	0	0	20	36	0	0	59	78	7	0
68	59	40	26	5	50	18	20	0	40	26	5	20	0	15	0	75	80	10	5	41	17	20	0	18	20	0	17	0	0	0	54	80	0	0	40	26	5	1	0	0	0	30	5	0	0	20	0	15	0	75	80	10	5	32	16	20	0	17	20	0	17	0	0	0	51	80	0	0	18	20	0	1	0	0	0	17	5	0	0	17	0	0	0	54	80	0	0	39	26	5	0	0	0	0	14	3	0	0	1	0	0	0	30	5	0	0	20	0	15	0	72	80	10	5	23	9	12	0	16	20	0	14	0	0	0	49	80	0	0	17	20	0	1	0	0	0	17	5	0	0	17	0	0	0	51	80	0	0	17	20	0	0	0	0	0	10	0	0	0	1	0	0	0	17	5	0	0	17	0	0	0	51	80	0	0	18	26	5	5	24	0	0	20	21	0	0	0	0	0	0	14	3	0	0	1	0	0	0	11	5	0	0	17	0	15	0	45	80	10	5
125	109	57	63	58	93	42	57	40	57	63	58	57	70	15	46	118	128	0	57	77	33	55	24	42	57	40	38	66	14	26	84	114	0	41	48	63	58	24	22	0	31	52	106	0	13	57	70	15	46	115	128	0	57	61	18	33	5	33	55	24	18	66	12	5	63	110	0	22	33	57	40	2	22	0	0	32	92	0	0	38	66	14	26	81	114	0	41	38	63	58	6	0	10	10	36	85	116	40	24	22	0	31	52	106	0	13	36	70	15	46	91	128	0	57	46	7	11	3	18	33	5	8	22	0	3	46	77	0	18	26	55	24	1	22	0	0	31	88	0	0	18	66	12	5	60	110	0	22	25	57	40	2	0	9	6	28	77	80	18	2	22	0	0	32	92	0	0	21	66	14	26	62	114	0	41	27	48	58	4	0	12	6	4	11	116	0	6	0	10	10	36	85	116	40	16	22	0	31	34	76	0	13	23	70	15	46	62	98	0	57
125	108	69	97	48	91	46	73	46	61	97	48	57	64	51	16	103	157	96	0	76	38	59	44	39	73	46	40	40	50	16	60	99	92	0	46	67	48	22	47	12	6	35	77	48	0	46	64	51	16	92	142	96	0	61	24	37	19	31	59	44	22	18	48	5	38	64	88	0	24	43	46	4	9	12	0	18	59	46	0	29	40	50	16	49	84	92	0	39	67	48	2	46	10	38	31	92	96	32	22	47	12	6	35	77	48	0	29	64	51	16	76	142	96	0	46	20	24	3	17	37	19	13	0	12	3	23	32	38	0	16	29	44	4	0	12	0	17	53	44	0	11	18	48	5	27	49	88	0	17	43	46	0	24	9	6	19	81	92	7	4	9	12	0	18	59	46	0	12	40	50	16	33	84	92	0	33	67	48	6	48	0	6	9	12	48	14	2	46	10	38	31	92	96	32	12	47	12	6	25	77	48	0	19	64	51	16	58	142	96	0
109	95	53	57	36	81	39	45	33	51	57	36	53	36	30	29	106	70	36	0	67	31	41	22	37	45	33	37	36	29	19	72	54	33	0	43	57	36	24	32	5	31	44	69	0	8	53	36	30	29	102	70	36	0	53	15	8	0	29	41	22	17	32	27	0	50	50	22	0	29	45	33	4	0	5	0	24	45	0	0	37	36	29	19	68	54	33	0	33	57	36	6	8	10	0	34	106	144	47	24	32	5	31	44	69	0	8	34	36	30	29	78	70	36	0	39	7	0	0	13	8	0	5	0	0	0	26	16	0	0	21	41	22	3	0	5	0	23	44	0	0	17	32	27	0	46	50	22	0	19	45	33	2	0	9	0	22	90	132	18	4	0	5	0	24	45	0	0	18	36	29	19	44	54	33	0	27	57	36	4	0	0	0	4	18	36	0	6	8	10	0	34	106	144	47	16	32	5	31	34	69	0	8	24	36	30	29	60	70	36	0
115	100	53	57	46	85	37	51	24	53	57	46	50	63	5	30	115	158	0	50	70	29	50	8	37	51	24	33	60	5	10	82	142	0	20	47	57	46	18	10	0	31	46	93	0	13	50	63	5	30	114	158	0	50	55	17	40	0	29	50	8	15	60	3	0	64	140	0	14	31	51	24	2	10	0	0	28	82	0	0	33	60	5	10	81	142	0	20	38	57	46	1	0	0	0	25	64	46	15	18	10	0	31	46	93	0	13	30	63	5	30	93	158	0	50	41	5	10	0	17	40	0	7	30	0	0	53	120	0	14	25	50	8	2	10	0	0	27	80	0	0	15	60	3	0	63	140	0	14	24	51	24	0	0	0	0	21	60	24	11	2	10	0	0	28	82	0	0	17	60	5	10	65	142	0	20	22	43	46	0	0	19	0	3	0	138	0	1	0	0	0	25	64	46	15	10	10	0	31	24	65	0	13	17	63	5	30	57	130	0	50
114	99	53	54	61	84	36	50	20	53	54	61	51	40	0	40	118	178	0	114	69	29	50	5	36	50	20	36	40	0	10	85	170	0	68	47	54	61	11	0	0	25	40	78	0	10	51	40	0	40	117	178	0	114	54	22	50	0	29	50	5	20	40	0	0	72	170	0	43	30	50	20	3	0	0	0	25	70	0	0	36	40	0	10	84	170	0	68	40	54	61	0	0	0	0	13	40	0	15	11	0	0	25	40	78	0	10	31	40	0	40	99	178	0	114	40	8	10	0	22	50	0	13	40	0	0	66	170	0	39	25	50	5	3	0	0	0	25	70	0	0	20	40	0	0	71	170	0	43	25	50	20	0	0	0	0	13	40	0	11	3	0	0	0	25	70	0	0	20	40	0	10	71	170	0	68	17	40	61	0	0	46	0	1	0	244	0	0	0	0	0	13	40	0	15	3	0	0	25	13	50	0	10	20	40	0	40	59	150	0	114
102	88	47	36	65	75	29	24	38	38	23	65	20	11	29	67	44	45	65	84	62	22	13	37	20	11	38	18	0	17	64	26	11	38	79	28	23	65	2	0	63	9	14	0	65	0	9	11	29	67	33	45	65	84	49	19	13	35	13	0	37	12	0	17	56	18	0	37	66	10	11	38	0	0	10	9	10	0	38	0	7	0	17	64	15	11	38	79	27	23	65	3	0	17	6	26	12	0	0	2	0	63	9	14	0	65	0	8	11	29	67	30	45	65	84	36	18	13	7	10	0	35	11	0	17	4	11	0	35	19	3	0	37	0	0	9	0	8	0	37	0	1	0	17	56	7	0	37	66	9	11	38	2	0	0	0	18	11	0	0	0	0	10	9	10	0	38	0	6	0	17	64	12	11	38	79	27	23	65	10	0	0	18	8	12	0	48	3	0	17	6	26	12	0	0	2	0	63	9	14	0	65	0	8	11	29	67	30	45	65	84
106	89	57	92	39	74	38	52	27	35	62	39	28	52	29	17	41	84	156	48	61	35	52	27	19	26	27	25	52	17	17	26	39	108	46	21	36	39	3	0	18	0	5	0	0	0	8	0	29	17	26	45	156	48	48	34	52	27	16	26	27	23	52	17	17	22	39	108	44	5	0	27	2	0	0	0	5	0	0	0	5	0	17	17	11	0	108	46	20	36	39	4	0	9	0	15	0	0	0	1	0	18	0	5	0	0	0	5	0	29	17	21	45	156	48	35	33	52	10	15	26	27	23	52	17	4	20	39	108	19	2	0	27	2	0	0	0	4	0	0	0	3	0	17	17	7	0	108	44	4	0	27	2	0	0	0	8	0	0	0	0	0	0	0	5	0	0	0	2	0	17	17	6	0	108	46	20	36	39	16	0	0	21	7	9	0	23	4	0	9	0	15	0	0	0	1	0	18	0	5	0	0	0	5	0	29	17	21	45	156	48
86	74	40	35	26	63	26	11	23	21	24	26	12	0	20	17	23	0	78	0	52	25	11	23	7	0	23	11	0	17	17	9	0	69	0	15	24	26	0	0	0	0	0	0	0	0	1	0	20	17	15	0	78	0	41	25	11	23	6	0	23	11	0	17	17	8	0	69	0	1	0	23	0	0	0	0	0	0	0	0	0	0	17	17	1	0	69	0	15	24	26	0	0	0	0	1	0	0	0	0	0	0	0	0	0	0	0	1	0	20	17	15	0	78	0	30	25	11	7	6	0	23	11	0	17	4	8	0	69	0	0	0	23	0	0	0	0	0	0	0	0	0	0	17	17	0	0	69	0	1	0	23	0	0	0	0	1	0	0	0	0	0	0	0	0	0	0	0	0	0	17	17	1	0	69	0	15	24	26	0	0	0	18	2	0	0	23	0	0	0	0	1	0	0	0	0	0	0	0	0	0	0	0	1	0	20	17	15	0	78	0
61	53	33	15	5	45	21	0	5	16	15	5	9	0	5	0	14	0	15	0	37	20	0	5	4	0	5	8	0	5	0	6	0	15	0	13	15	5	0	0	0	0	0	0	0	0	1	0	5	0	9	0	15	0	29	20	0	5	3	0	5	8	0	5	0	5	0	15	0	1	0	5	0	0	0	0	0	0	0	0	0	0	5	0	1	0	15	0	13	15	5	0	0	0	0	1	0	0	0	0	0	0	0	0	0	0	0	1	0	5	0	9	0	15	0	21	20	0	3	3	0	5	8	0	5	0	5	0	15	0	0	0	5	0	0	0	0	0	0	0	0	0	0	5	0	0	0	15	0	1	0	5	0	0	0	0	1	0	0	0	0	0	0	0	0	0	0	0	0	0	5	0	1	0	15	0	13	15	5	0	0	0	6	2	0	0	0	0	0	0	0	1	0	0	0	0	0	0	0	0	0	0	0	1	0	5	0	9	0	15	0
38	32	19	11	0	27	13	5	0	7	6	0	4	0	0	0	2	0	0	0	22	13	5	0	1	0	0	4	0	0	0	2	0	0	0	6	6	0	0	0	0	0	0	0	0	0	0	0	0	0	0	0	0	0	17	13	5	0	1	0	0	4	0	0	0	2	0	0	0	0	0	0	0	0	0	0	0	0	0	0	0	0	0	0	0	0	0	0	6	6	0	0	0	0	0	0	0	0	0	0	0	0	0	0	0	0	0	0	0	0	0	0	0	0	0	12	13	5	0	1	0	0	4	0	0	0	2	0	0	0	0	0	0	0	0	0	0	0	0	0	0	0	0	0	0	0	0	0	0	0	0	0	0	0	0	0	0	0	0	0	0	0	0	0	0	0	0	0	0	0	0	0	0	0	0	0	6	6	0	0	0	0	0	0	0	0	0	0	0	0	0	0	0	0	0	0	0	0	0	0	0	0	0	0	0	0	0	0	0	0	0
80	65	45	72	52	52	35	44	24	27	46	52	26	44	33	63	48	49	156	104	41	34	44	12	20	22	24	24	44	18	36	39	33	72	65	13	24	52	5	0	11	17	13	0	0	48	9	0	33	63	32	16	156	104	30	30	44	12	19	22	12	24	44	0	36	37	33	36	64	6	0	24	2	0	9	17	4	0	0	46	7	0	18	36	23	0	72	65	8	24	52	6	0	0	0	19	32	0	0	3	0	11	17	13	0	0	48	2	0	33	63	11	16	156	104	19	26	38	12	15	22	12	20	44	0	36	21	33	36	62	5	0	12	2	0	0	17	0	0	0	44	7	0	0	36	21	0	36	64	1	0	24	2	0	0	0	4	0	0	0	0	0	9	17	4	0	0	46	0	0	18	36	2	0	72	65	8	24	52	10	48	0	0	4	24	0	0	6	0	0	0	19	32	0	0	3	0	11	17	13	0	0	48	2	0	33	63	11	16	156	104
60	48	22	32	33	40	19	32	5	8	0	33	12	0	0	20	10	0	0	70	32	19	32	5	5	0	5	12	0	0	20	8	0	0	55	3	0	33	0	0	0	0	0	0	0	0	0	0	0	20	2	0	0	70	24	19	32	5	5	0	5	12	0	0	20	8	0	0	55	0	0	5	0	0	0	0	0	0	0	0	0	0	0	20	0	0	0	55	3	0	33	0	0	0	0	4	0	0	0	0	0	0	0	0	0	0	0	0	0	0	20	2	0	0	70	16	19	32	5	5	0	5	12	0	0	20	8	0	0	55	0	0	5	0	0	0	0	0	0	0	0	0	0	0	20	0	0	0	55	0	0	5	0	0	0	0	0	0	0	0	0	0	0	0	0	0	0	0	0	0	0	20	0	0	0	55	3	0	33	6	0	0	0	3	0	0	0	0	0	0	0	4	0	0	0	0	0	0	0	0	0	0	0	0	0	0	20	2	0	0	70
62	49	30	44	24	40	23	40	0	13	8	24	17	32	0	0	17	16	0	70	32	23	40	0	8	8	0	17	32	0	0	14	16	0	55	6	0	24	2	0	0	0	0	0	0	0	3	0	0	0	8	0	0	70	24	23	40	0	8	8	0	17	32	0	0	14	16	0	55	1	0	0	2	0	0	0	0	0	0	0	3	0	0	0	5	0	0	55	5	0	24	2	0	0	0	7	0	0	0	0	0	0	0	0	0	0	0	0	0	0	0	3	0	0	70	16	22	40	0	8	8	0	17	32	0	0	14	16	0	55	1	0	0	2	0	0	0	0	0	0	0	3	0	0	0	5	0	0	55	0	0	0	0	0	0	0	0	0	0	0	0	0	0	0	0	0	0	0	0	0	0	0	0	0	0	55	5	0	24	12	0	0	0	5	0	0	0	2	0	0	0	7	0	0	0	0	0	0	0	0	0	0	0	0	0	0	0	3	0	0	70
44	33	30	47	9	24	18	32	0	19	29	9	15	51	0	0	31	46	18	39	18	18	30	0	10	20	0	15	45	0	0	24	40	0	27	7	11	9	2	10	0	0	4	0	0	0	3	15	0	0	17	28	18	39	13	15	28	0	10	20	0	15	45	0	0	24	40	0	27	3	5	0	0	10	0	0	0	0	0	0	3	15	0	0	13	25	0	27	4	6	9	1	6	0	0	8	9	0	0	2	0	0	0	4	0	0	0	0	0	0	0	4	3	18	39	8	13	19	0	7	18	0	12	39	0	0	11	30	0	27	3	5	0	0	10	0	0	0	0	0	0	3	15	0	0	13	25	0	27	0	0	0	0	0	0	0	0	0	0	0	0	0	0	0	0	0	0	0	0	0	0	0	0	0	0	27	4	6	9	6	18	0	0	3	6	9	0	1	6	0	0	8	9	0	0	2	0	0	0	4	0	0	0	0	0	0	0	4	3	18	39
38	30	11	15	15	25	11	15	0	1	0	15	4	0	0	0	2	0	0	31	20	11	15	0	1	0	0	4	0	0	0	2	0	0	28	0	0	15	0	0	0	0	0	0	0	0	0	0	0	0	0	0	0	31	15	11	15	0	1	0	0	4	0	0	0	2	0	0	28	0	0	0	0	0	0	0	0	0	0	0	0	0	0	0	0	0	0	28	0	0	15	0	0	0	0	0	0	0	0	0	0	0	0	0	0	0	0	0	0	0	0	0	0	0	31	10	11	15	0	1	0	0	4	0	0	0	2	0	0	28	0	0	0	0	0	0	0	0	0	0	0	0	0	0	0	0	0	0	28	0	0	0	0	0	0	0	0	0	0	0	0	0	0	0	0	0	0	0	0	0	0	0	0	0	0	28	0	0	15	0	0	0	0	0	0	0	0	0	0	0	0	0	0	0	0	0	0	0	0	0	0	0	0	0	0	0	0	0	0	0	31
64	52	36	30	66	40	23	20	56	32	30	66	36	10	43	22	58	59	66	52	29	17	19	41	20	20	56	24	10	42	9	34	40	56	24	20	19	66	14	9	11	39	28	36	0	65	32	10	43	22	51	48	66	52	19	8	9	10	14	19	41	6	9	39	0	17	37	41	12	11	10	56	0	0	11	10	3	0	0	38	20	10	42	9	28	30	56	24	11	9	66	3	9	0	30	20	36	66	142	14	9	11	39	28	36	0	65	14	0	43	22	30	18	66	52	9	3	0	9	5	9	10	4	0	0	0	5	9	10	12	5	9	41	0	0	11	9	0	0	0	37	2	9	39	0	11	27	41	12	2	0	56	0	0	0	27	0	0	56	119	0	0	11	10	3	0	0	38	2	0	42	9	7	0	56	24	7	9	66	0	0	40	9	0	0	66	0	3	9	0	30	20	36	66	142	6	9	11	39	22	36	0	65	4	0	43	22	16	18	66	52
62	50	42	43	42	38	20	25	41	42	43	42	40	32	73	11	80	110	84	0	26	12	14	38	20	25	41	19	14	72	9	32	62	82	0	30	43	42	11	28	21	26	37	44	42	0	40	32	73	11	75	110	84	0	16	4	0	0	12	14	38	3	0	69	0	15	21	76	0	11	25	41	0	0	21	0	4	7	41	0	19	14	72	9	28	62	82	0	16	23	42	4	0	0	0	24	28	84	188	11	28	21	26	37	44	42	0	16	32	73	11	41	80	84	0	7	0	0	0	4	0	0	0	0	0	0	3	0	0	0	4	14	38	0	0	21	0	0	0	38	0	3	0	69	0	11	21	76	0	2	7	41	0	0	0	0	0	0	82	143	0	0	21	0	4	7	41	0	0	14	72	9	4	35	82	0	9	14	42	0	0	24	0	0	0	0	0	4	0	0	0	24	28	84	188	3	28	21	26	26	35	42	0	5	14	73	11	23	35	84	0
27	22	13	4	9	17	8	4	9	13	4	9	7	0	9	0	32	0	0	0	12	7	4	8	8	4	9	5	0	9	0	21	0	0	0	11	4	9	7	0	0	8	18	0	0	0	7	0	9	0	30	0	0	0	8	2	0	0	7	4	8	3	0	8	0	16	0	0	0	6	4	9	0	0	0	0	1	0	0	0	5	0	9	0	19	0	0	0	6	0	9	2	0	0	0	16	0	9	36	7	0	0	8	18	0	0	0	4	0	9	0	16	0	0	0	4	0	0	0	2	0	0	0	0	0	0	2	0	0	0	5	4	8	0	0	0	0	0	0	0	0	3	0	8	0	14	0	0	0	1	0	9	0	0	0	0	0	0	9	33	0	0	0	0	1	0	0	0	2	0	9	0	5	0	0	0	5	0	9	0	0	0	0	0	0	0	0	2	0	0	0	16	0	9	36	7	0	0	8	17	0	0	0	2	0	9	0	11	0	0	0
55	44	41	33	20	33	26	24	9	36	33	20	43	16	9	0	61	88	20	61	23	21	22	8	22	24	9	33	16	9	0	41	72	9	24	17	23	20	15	14	0	8	17	28	0	0	33	16	9	0	47	78	20	61	15	11	7	0	17	22	8	15	14	8	0	26	64	8	12	11	16	9	2	0	0	0	1	0	0	0	23	16	9	0	31	64	9	24	7	7	20	1	7	3	0	12	28	40	36	13	14	0	8	17	28	0	0	12	0	9	0	21	14	20	61	7	4	0	0	7	7	0	10	0	0	0	9	7	0	12	6	14	8	2	0	0	0	0	0	0	0	5	14	8	0	16	56	8	12	1	0	9	0	0	0	0	0	0	18	33	0	0	0	0	1	0	0	0	2	0	9	0	5	0	9	24	4	7	20	0	0	25	0	0	0	20	0	1	7	3	0	12	28	40	36	5	14	0	8	13	28	0	0	2	0	9	0	9	14	20	61
23	18	21	7	11	13	13	6	0	15	7	11	15	3	0	0	25	23	0	61	9	13	6	0	9	6	0	15	3	0	0	20	21	0	24	4	3	11	4	0	0	0	4	0	0	0	5	3	0	0	15	15	0	61	6	10	3	0	9	6	0	15	3	0	0	20	21	0	12	3	3	0	2	0	0	0	0	0	0	0	5	3	0	0	13	15	0	24	1	0	11	1	0	3	0	4	0	11	0	2	0	0	0	4	0	0	0	0	0	0	0	2	0	0	61	3	4	0	0	6	3	0	10	0	0	0	7	6	0	12	3	3	0	2	0	0	0	0	0	0	0	5	3	0	0	13	15	0	12	0	0	0	0	0	0	0	0	0	0	0	0	0	0	0	0	0	0	0	0	0	0	0	0	0	0	24	1	0	11	0	0	25	0	0	0	11	0	1	0	3	0	4	0	11	0	2	0	0	0	4	0	0	0	0	0	0	0	2	0	0	61
85	67	47	65	76	49	13	0	75	47	65	76	36	0	112	10	62	91	380	0	31	4	0	75	13	0	75	16	0	111	10	14	0	375	0	39	65	76	8	0	0	0	26	52	0	0	36	0	112	10	61	91	380	0	13	0	0	75	4	0	75	0	0	111	10	1	0	375	0	5	0	75	0	0	0	0	0	0	0	0	16	0	111	10	13	0	375	0	27	65	76	0	0	0	0	0	0	0	0	8	0	0	0	26	52	0	0	11	0	112	10	33	91	380	0	0	0	0	48	0	0	75	0	0	111	0	0	0	375	0	0	0	75	0	0	0	0	0	0	0	0	0	0	111	10	0	0	375	0	0	0	75	0	0	0	0	0	0	0	0	0	0	0	0	0	0	0	0	0	0	111	10	0	0	375	0	0	0	76	0	0	0	49	0	0	0	107	0	0	0	0	0	0	0	0	0	0	0	0	0	0	0	0	0	0	112	10	0	0	380	0
60	47	44	39	53	34	14	9	43	44	39	53	35	27	69	32	64	99	159	42	21	4	0	43	14	9	43	16	0	59	32	14	27	129	41	33	39	53	8	0	14	0	21	36	53	0	35	27	69	32	62	99	159	42	9	0	0	43	4	0	43	0	0	59	32	1	0	129	38	6	9	43	0	0	0	0	0	0	43	0	16	0	59	32	13	27	129	41	20	27	53	0	0	0	0	0	0	0	0	8	0	14	0	21	36	53	0	10	27	69	32	34	63	159	42	0	0	0	10	0	0	43	0	0	59	0	0	0	129	0	0	0	43	0	0	0	0	0	0	43	0	0	0	59	32	0	0	129	38	0	0	43	0	0	0	0	0	0	0	0	0	0	0	0	0	0	43	0	0	0	59	32	0	0	129	41	0	0	53	0	0	0	6	0	0	0	165	0	0	0	0	0	0	0	0	0	0	14	0	0	0	53	0	0	0	69	32	0	0	159	42
55	43	30	35	28	31	5	0	28	30	35	28	12	0	50	0	36	49	140	0	19	0	0	28	5	0	28	0	0	50	0	3	0	140	0	26	35	28	0	0	0	0	14	28	0	0	12	0	50	0	36	49	140	0	7	0	0	28	0	0	28	0	0	50	0	0	0	140	0	1	0	28	0	0	0	0	0	0	0	0	0	0	50	0	3	0	140	0	18	35	28	0	0	0	0	0	0	0	0	0	0	0	0	14	28	0	0	3	0	50	0	18	49	140	0	0	0	0	15	0	0	28	0	0	50	0	0	0	140	0	0	0	28	0	0	0	0	0	0	0	0	0	0	50	0	0	0	140	0	0	0	28	0	0	0	0	0	0	0	0	0	0	0	0	0	0	0	0	0	0	50	0	0	0	140	0	0	0	28	0	0	0	11	0	0	0	61	0	0	0	0	0	0	0	0	0	0	0	0	0	0	0	0	0	0	50	0	0	0	140	0
32	25	13	12	11	18	1	0	11	13	12	11	0	0	12	0	14	0	33	0	11	0	0	11	1	0	11	0	0	12	0	0	0	33	0	12	12	11	0	0	0	0	8	4	0	0	0	0	12	0	14	0	33	0	4	0	0	11	0	0	11	0	0	12	0	0	0	33	0	0	0	11	0	0	0	0	0	0	0	0	0	0	12	0	0	0	33	0	12	12	11	0	0	0	0	0	0	0	0	0	0	0	0	8	4	0	0	0	0	12	0	14	0	33	0	0	0	0	8	0	0	11	0	0	12	0	0	0	33	0	0	0	11	0	0	0	0	0	0	0	0	0	0	12	0	0	0	33	0	0	0	11	0	0	0	0	0	0	0	0	0	0	0	0	0	0	0	0	0	0	12	0	0	0	33	0	0	0	11	0	0	0	11	0	0	0	0	0	0	0	0	0	0	0	0	0	0	0	0	0	0	0	0	0	0	12	0	0	0	33	0
78	58	43	132	84	38	13	88	52	42	132	84	17	272	41	92	64	206	168	128	22	4	40	51	13	88	52	3	160	31	90	20	112	104	106	25	68	84	0	80	37	11	15	30	336	0	17	272	41	92	57	190	168	128	10	0	0	48	4	40	51	0	0	31	82	3	10	102	87	6	40	52	0	0	0	9	0	0	208	0	3	160	31	90	17	100	104	106	12	20	84	0	0	44	26	0	0	336	0	0	80	37	11	15	30	336	0	5	80	41	92	25	70	168	128	0	0	0	0	0	0	48	0	0	31	0	0	0	96	10	0	0	51	0	0	0	0	0	0	204	0	0	0	31	82	0	0	102	87	0	0	52	0	0	24	0	0	0	208	0	0	0	0	9	0	0	208	0	0	0	31	90	0	0	104	106	0	0	84	0	0	0	0	0	0	0	249	0	0	44	26	0	0	336	0	0	0	37	11	0	0	336	0	0	0	41	92	0	0	168	128
40	30	5	0	59	20	3	0	27	5	0	59	4	0	0	53	5	0	0	115	10	0	0	27	3	0	27	0	0	0	53	0	0	0	114	2	0	59	0	0	0	0	0	0	0	0	4	0	0	53	5	0	0	115	0	0	0	27	0	0	27	0	0	0	53	0	0	0	114	0	0	27	0	0	0	0	0	0	0	0	0	0	0	53	0	0	0	114	0	0	59	0	0	0	0	0	0	0	0	0	0	0	0	0	0	0	0	0	0	0	53	0	0	0	115	0	0	0	27	0	0	27	0	0	0	53	0	0	0	114	0	0	27	0	0	0	0	0	0	0	0	0	0	0	53	0	0	0	114	0	0	27	0	0	0	0	0	0	0	0	0	0	0	0	0	0	0	0	0	0	0	53	0	0	0	114	0	0	0	0	0	0	0	0	0	0	0	0	0	0	0	0	0	0	0	0	0	0	0	0	0	0	0	0	0	0	53	0	0	0	115
42	31	11	10	51	20	3	10	14	11	10	51	9	0	9	28	18	0	0	168	10	0	0	14	3	10	14	0	0	0	28	0	0	0	157	8	0	51	0	0	0	0	0	0	51	0	9	0	9	28	18	0	0	168	0	0	0	14	0	0	14	0	0	0	28	0	0	0	157	0	0	14	0	0	0	0	0	0	14	0	0	0	0	28	0	0	0	157	0	0	51	0	0	0	0	0	0	0	0	0	0	0	0	0	0	51	0	0	0	9	28	0	0	0	168	0	0	0	14	0	0	14	0	0	0	28	0	0	0	157	0	0	14	0	0	0	0	0	0	14	0	0	0	0	28	0	0	0	157	0	0	14	0	0	0	0	0	0	0	0	0	0	0	0	0	0	14	0	0	0	0	28	0	0	0	157	0	0	0	0	0	0	0	0	0	0	0	0	0	0	0	0	0	0	0	0	0	0	0	0	0	0	0	0	0	0	28	0	0	0	168
32	24	7	0	43	16	2	0	13	7	0	43	5	0	0	39	10	0	0	115	8	0	0	13	2	0	13	0	0	0	39	0	0	0	114	5	0	43	0	0	0	0	0	0	0	0	5	0	0	39	10	0	0	115	0	0	0	13	0	0	13	0	0	0	39	0	0	0	114	0	0	13	0	0	0	0	0	0	0	0	0	0	0	39	0	0	0	114	0	0	43	0	0	0	0	0	0	0	0	0	0	0	0	0	0	0	0	0	0	0	39	0	0	0	115	0	0	0	13	0	0	13	0	0	0	39	0	0	0	114	0	0	13	0	0	0	0	0	0	0	0	0	0	0	39	0	0	0	114	0	0	13	0	0	0	0	0	0	0	0	0	0	0	0	0	0	0	0	0	0	0	39	0	0	0	114	0	0	0	0	0	0	0	0	0	0	0	0	0	0	0	0	0	0	0	0	0	0	0	0	0	0	0	0	0	0	39	0	0	0	115
86	63	23	80	177	40	8	38	123	23	80	177	21	76	49	150	25	95	354	241	19	0	0	120	8	38	123	0	0	0	143	1	0	246	198	10	38	177	0	0	52	32	0	0	354	0	21	76	49	150	23	95	354	241	0	0	0	120	0	0	120	0	0	0	143	0	0	240	197	0	0	123	0	0	12	32	0	0	246	0	0	0	0	143	0	0	246	198	0	0	177	0	0	0	0	0	0	0	0	0	0	52	32	0	0	354	0	0	0	49	150	0	0	354	241	0	0	0	120	0	0	120	0	0	0	143	0	0	240	194	0	0	120	0	0	12	32	0	0	240	0	0	0	0	143	0	0	240	197	0	0	123	0	0	0	0	0	0	0	0	0	0	12	32	0	0	246	0	0	0	0	143	0	0	246	198	0	0	0	0	0	0	0	0	0	0	0	0	0	0	0	0	0	0	0	0	0	0	32	0	0	0	0	0	0	0	150	0	0	0	241
49	35	26	53	48	21	7	8	7	26	53	48	20	40	67	14	26	80	240	241	8	0	0	0	7	8	7	0	0	14	0	1	0	35	198	9	40	48	0	0	40	0	0	0	48	42	20	40	67	14	21	80	240	241	0	0	0	0	0	0	0	0	0	0	0	0	0	0	197	0	0	7	0	0	0	0	0	0	7	41	0	0	14	0	0	0	35	198	0	0	48	0	0	0	0	0	0	0	0	0	0	40	0	0	0	48	42	0	0	67	14	0	0	240	241	0	0	0	0	0	0	0	0	0	0	0	0	0	0	194	0	0	0	0	0	0	0	0	0	0	38	0	0	0	0	0	0	0	197	0	0	7	0	0	0	0	0	0	0	0	0	0	0	0	0	0	7	41	0	0	14	0	0	0	35	198	0	0	0	0	0	0	0	0	0	0	0	0	0	0	0	0	0	0	0	0	0	0	0	0	0	0	42	0	0	0	14	0	0	0	241
37	23	20	45	36	9	2	0	26	15	45	36	6	0	82	20	8	27	180	48	0	0	0	15	0	0	26	0	0	66	0	0	0	130	7	0	0	36	0	0	10	7	0	0	0	84	0	0	82	20	0	0	180	48	0	0	0	3	0	0	15	0	0	25	0	0	0	75	0	0	0	26	0	0	10	0	0	0	0	52	0	0	66	0	0	0	130	7	0	0	0	0	0	0	6	0	0	0	31	0	0	0	7	0	0	0	84	0	0	0	20	0	0	0	48	0	0	0	0	0	0	3	0	0	9	0	0	0	15	0	0	0	15	0	0	10	0	0	0	0	51	0	0	25	0	0	0	75	0	0	0	0	0	0	0	0	0	0	0	9	0	0	0	0	0	0	0	52	0	0	0	0	0	0	0	7	0	0	0	0	0	0	0	0	0	0	9	0	0	0	6	0	0	0	31	0	0	0	7	0	0	0	84	0	0	0	0	0	0	0	0
24	16	15	0	34	8	0	0	23	15	0	34	0	0	56	29	5	0	0	48	0	0	0	11	0	0	23	0	0	40	7	0	0	0	7	0	0	34	0	0	0	14	0	0	0	84	0	0	56	29	0	0	0	48	0	0	0	0	0	0	11	0	0	0	0	0	0	0	0	0	0	23	0	0	0	0	0	0	0	52	0	0	40	7	0	0	0	7	0	0	0	0	0	0	0	0	0	0	51	0	0	0	14	0	0	0	84	0	0	0	29	0	0	0	48	0	0	0	0	0	0	0	0	0	0	0	0	0	0	0	0	0	11	0	0	0	0	0	0	0	51	0	0	0	0	0	0	0	0	0	0	0	0	0	0	0	0	0	0	50	0	0	0	0	0	0	0	52	0	0	0	7	0	0	0	7	0	0	0	0	0	0	0	0	0	0	0	0	0	0	0	0	0	0	51	0	0	0	14	0	0	0	84	0	0	0	0	0	0	0	0
39	25	17	33	79	11	0	0	46	16	33	79	0	0	112	56	6	11	237	225	0	0	0	23	0	0	46	0	0	58	7	0	0	138	130	0	0	79	0	0	0	30	0	0	0	137	0	0	112	56	0	0	237	225	0	0	0	0	0	0	23	0	0	16	0	0	0	69	120	0	0	46	0	0	0	0	0	0	0	95	0	0	58	7	0	0	138	130	0	0	0	0	0	0	0	0	0	0	128	0	0	0	30	0	0	0	137	0	0	0	56	0	0	0	225	0	0	0	0	0	0	0	0	0	0	0	0	0	0	120	0	0	23	0	0	0	0	0	0	0	94	0	0	16	0	0	0	69	120	0	0	0	0	0	0	0	0	0	0	106	0	0	0	0	0	0	0	95	0	0	0	7	0	0	0	130	0	0	0	0	0	0	0	0	0	0	0	0	0	0	0	0	0	0	128	0	0	0	30	0	0	0	137	0	0	0	0	0	0	0	0
25	16	15	14	39	7	0	0	10	15	14	39	0	0	94	20	5	0	78	225	0	0	0	0	0	0	10	0	0	40	0	0	0	20	130	0	0	39	0	0	0	0	0	0	0	84	0	0	94	20	0	0	78	225	0	0	0	0	0	0	0	0	0	0	0	0	0	0	120	0	0	10	0	0	0	0	0	0	0	52	0	0	40	0	0	0	20	130	0	0	0	0	0	0	0	0	0	0	0	0	0	0	0	0	0	0	84	0	0	0	20	0	0	0	225	0	0	0	0	0	0	0	0	0	0	0	0	0	0	120	0	0	0	0	0	0	0	0	0	0	51	0	0	0	0	0	0	0	120	0	0	0	0	0	0	0	0	0	0	0	0	0	0	0	0	0	0	52	0	0	0	0	0	0	0	130	0	0	0	0	0	0	0	0	0	0	0	0	0	0	0	0	0	0	0	0	0	0	0	0	0	0	84	0	0	0	0	0	0	0	0
15	10	11	0	8	5	0	0	0	11	0	8	0	0	8	0	4	0	0	48	0	0	0	0	0	0	0	0	0	0	0	0	0	0	7	0	0	8	0	0	0	0	0	0	0	0	0	0	8	0	0	0	0	48	0	0	0	0	0	0	0	0	0	0	0	0	0	0	0	0	0	0	0	0	0	0	0	0	0	0	0	0	0	0	0	0	0	7	0	0	0	0	0	0	0	0	0	0	0	0	0	0	0	0	0	0	0	0	0	0	0	0	0	0	48	0	0	0	0	0	0	0	0	0	0	0	0	0	0	0	0	0	0	0	0	0	0	0	0	0	0	0	0	0	0	0	0	0	0	0	0	0	0	0	0	0	0	0	0	0	0	0	0	0	0	0	0	0	0	0	0	0	0	0	0	7	0	0	0	0	0	0	0	0	0	0	0	0	0	0	0	0	0	0	0	0	0	0	0	0	0	0	0	0	0	0	0	0	0	0	0
20	10	0	0	94	0	0	0	56	0	0	94	0	0	0	126	0	0	0	154	0	0	0	16	0	0	56	0	0	0	40	0	0	0	82	0	0	0	0	0	0	26	0	0	0	276	0	0	0	126	0	0	0	154	0	0	0	6	0	0	16	0	0	0	0	0	0	0	38	0	0	0	0	0	0	6	0	0	0	144	0	0	0	40	0	0	0	82	0	0	0	0	0	0	0	0	0	0	84	0	0	0	26	0	0	0	276	0	0	0	0	0	0	0	0	0	0	0	6	0	0	6	0	0	0	0	0	0	0	3	0	0	0	0	0	0	6	0	0	0	134	0	0	0	0	0	0	0	38	0	0	0	0	0	0	0	0	0	0	52	0	0	0	6	0	0	0	144	0	0	0	0	0	0	0	0	0	0	0	0	0	0	0	0	0	0	0	0	0	0	0	0	0	0	84	0	0	0	0	0	0	0	0	0	0	0	0	0	0	0	0
24	12	7	0	79	0	0	0	65	0	0	79	0	0	29	53	0	0	0	36	0	0	0	62	0	0	65	0	0	27	45	0	0	0	26	0	0	0	0	0	0	26	0	0	0	0	0	0	0	53	0	0	0	36	0	0	0	51	0	0	62	0	0	27	5	0	0	0	15	0	0	0	0	0	0	6	0	0	0	0	0	0	0	45	0	0	0	26	0	0	0	0	0	0	14	0	0	0	84	0	0	0	26	0	0	0	0	0	0	0	0	0	0	0	0	0	0	0	47	0	0	51	0	0	27	3	0	0	0	3	0	0	0	0	0	0	6	0	0	0	0	0	0	0	5	0	0	0	15	0	0	0	0	0	0	12	0	0	0	52	0	0	0	6	0	0	0	0	0	0	0	0	0	0	0	0	0	0	0	0	0	0	30	0	0	0	0	0	0	0	14	0	0	0	84	0	0	0	0	0	0	0	0	0	0	0	0	0	0	0	0
29	14	10	14	119	0	0	0	91	0	0	119	0	0	77	79	0	0	119	115	0	0	0	89	0	0	91	0	0	75	71	0	0	91	72	0	0	0	0	0	0	20	0	0	0	0	0	0	0	79	0	0	0	115	0	0	0	76	0	0	89	0	0	75	28	0	0	89	38	0	0	0	0	0	0	0	0	0	0	0	0	0	0	71	0	0	0	72	0	0	0	0	0	0	30	0	0	0	84	0	0	0	20	0	0	0	0	0	0	0	0	0	0	0	0	0	0	0	53	0	0	76	0	0	75	3	0	0	76	3	0	0	0	0	0	0	0	0	0	0	0	0	0	0	28	0	0	0	38	0	0	0	0	0	0	12	0	0	0	52	0	0	0	0	0	0	0	0	0	0	0	0	0	0	0	0	0	0	0	0	0	0	54	0	0	0	86	0	0	0	30	0	0	0	84	0	0	0	0	0	0	0	0	0	0	0	0	0	0	0	0
22	10	13	20	68	0	0	0	57	0	0	68	0	0	109	8	0	0	136	36	0	0	0	57	0	0	57	0	0	107	8	0	0	114	26	0	0	0	0	0	0	0	0	0	0	0	0	0	0	8	0	0	0	36	0	0	0	57	0	0	57	0	0	107	8	0	0	114	15	0	0	0	0	0	0	0	0	0	0	0	0	0	0	8	0	0	0	26	0	0	0	0	0	0	0	0	0	0	0	0	0	0	0	0	0	0	0	0	0	0	0	0	0	0	0	0	0	0	49	0	0	57	0	0	107	3	0	0	114	3	0	0	0	0	0	0	0	0	0	0	0	0	0	0	8	0	0	0	15	0	0	0	0	0	0	0	0	0	0	0	0	0	0	0	0	0	0	0	0	0	0	0	0	0	0	0	0	0	0	0	0	0	30	0	0	0	11	0	0	0	0	0	0	0	0	0	0	0	0	0	0	0	0	0	0	0	0	0	0	0	0
16	8	1	0	64	0	0	0	31	0	0	64	0	0	0	86	0	0	0	154	0	0	0	10	0	0	31	0	0	0	40	0	0	0	82	0	0	0	0	0	0	20	0	0	0	177	0	0	0	86	0	0	0	154	0	0	0	0	0	0	10	0	0	0	0	0	0	0	38	0	0	0	0	0	0	0	0	0	0	123	0	0	0	40	0	0	0	82	0	0	0	0	0	0	0	0	0	0	84	0	0	0	20	0	0	0	177	0	0	0	0	0	0	0	0	0	0	0	0	0	0	0	0	0	0	0	0	0	0	3	0	0	0	0	0	0	0	0	0	0	120	0	0	0	0	0	0	0	38	0	0	0	0	0	0	0	0	0	0	52	0	0	0	0	0	0	0	123	0	0	0	0	0	0	0	0	0	0	0	0	0	0	0	0	0	0	0	0	0	0	0	0	0	0	84	0	0	0	0	0	0	0	0	0	0	0	0	0	0	0	0
16	0	0	0	155	0	0	0	117	0	0	0	0	0	0	125	0	0	0	187	0	0	0	116	0	0	0	0	0	0	122	0	0	0	148	0	0	0	0	0	0	5	0	0	0	0	0	0	0	0	0	0	0	0	0	0	0	116	0	0	0	0	0	0	122	0	0	0	146	0	0	0	0	0	0	5	0	0	0	0	0	0	0	0	0	0	0	0	0	0	0	0	0	0	0	0	0	0	0	0	0	0	0	0	0	0	0	0	0	0	0	0	0	0	0	0	0	0	116	0	0	0	0	0	0	122	0	0	0	133	0	0	0	0	0	0	5	0	0	0	0	0	0	0	0	0	0	0	0	0	0	0	0	0	0	0	0	0	0	0	0	0	0	0	0	0	0	0	0	0	0	0	0	0	0	0	0	0	0	0	0	0	0	0	0	0	0	0	0	0	0	0	0	0	0	0	0	0	0	0	0	0	0	0	0	0	0	0	0	0	0
10	0	0	0	69	0	0	0	51	0	0	0	0	0	0	74	0	0	0	68	0	0	0	50	0	0	0	0	0	0	71	0	0	0	57	0	0	0	0	0	0	5	0	0	0	0	0	0	0	0	0	0	0	0	0	0	0	50	0	0	0	0	0	0	71	0	0	0	57	0	0	0	0	0	0	5	0	0	0	0	0	0	0	0	0	0	0	0	0	0	0	0	0	0	0	0	0	0	0	0	0	0	0	0	0	0	0	0	0	0	0	0	0	0	0	0	0	0	50	0	0	0	0	0	0	71	0	0	0	57	0	0	0	0	0	0	5	0	0	0	0	0	0	0	0	0	0	0	0	0	0	0	0	0	0	0	0	0	0	0	0	0	0	0	0	0	0	0	0	0	0	0	0	0	0	0	0	0	0	0	0	0	0	0	0	0	0	0	0	0	0	0	0	0	0	0	0	0	0	0	0	0	0	0	0	0	0	0	0	0	0
6	0	0	0	27	0	0	0	26	0	0	0	0	0	0	8	0	0	0	0	0	0	0	26	0	0	0	0	0	0	8	0	0	0	0	0	0	0	0	0	0	0	0	0	0	0	0	0	0	0	0	0	0	0	0	0	0	26	0	0	0	0	0	0	8	0	0	0	0	0	0	0	0	0	0	0	0	0	0	0	0	0	0	0	0	0	0	0	0	0	0	0	0	0	0	0	0	0	0	0	0	0	0	0	0	0	0	0	0	0	0	0	0	0	0	0	0	0	26	0	0	0	0	0	0	8	0	0	0	0	0	0	0	0	0	0	0	0	0	0	0	0	0	0	0	0	0	0	0	0	0	0	0	0	0	0	0	0	0	0	0	0	0	0	0	0	0	0	0	0	0	0	0	0	0	0	0	0	0	0	0	0	0	0	0	0	0	0	0	0	0	0	0	0	0	0	0	0	0	0	0	0	0	0	0	0	0	0	0	0	0
6	0	0	0	22	0	0	0	21	0	0	0	0	0	0	8	0	0	0	0	0	0	0	21	0	0	0	0	0	0	8	0	0	0	0	0	0	0	0	0	0	0	0	0	0	0	0	0	0	0	0	0	0	0	0	0	0	21	0	0	0	0	0	0	8	0	0	0	0	0	0	0	0	0	0	0	0	0	0	0	0	0	0	0	0	0	0	0	0	0	0	0	0	0	0	0	0	0	0	0	0	0	0	0	0	0	0	0	0	0	0	0	0	0	0	0	0	0	21	0	0	0	0	0	0	8	0	0	0	0	0	0	0	0	0	0	0	0	0	0	0	0	0	0	0	0	0	0	0	0	0	0	0	0	0	0	0	0	0	0	0	0	0	0	0	0	0	0	0	0	0	0	0	0	0	0	0	0	0	0	0	0	0	0	0	0	0	0	0	0	0	0	0	0	0	0	0	0	0	0	0	0	0	0	0	0	0	0	0	0	0
