49	42	18	14	0	35	10	12	0	18	14	0	16	8	0	0	25	20	0	0	28	4	4	0	10	12	0	10	8	0	0	22	20	0	0	18	14	0	4	0	0	0	7	0	0	0	16	8	0	0	25	20	0	0	21	0	0	0	4	4	0	0	0	0	0	0	0	0	0	10	12	0	0	0	0	0	1	0	0	0	10	8	0	0	22	20	0	0	18	14	0	0	0	0	0	10	0	0	0	4	0	0	0	7	0	0	0	16	8	0	0	25	20	0	0	14	0	0	0	0	0	0	0	0	0	0	0	0	0	0	4	4	0	0	0	0	0	0	0	0	0	0	0	0	0	0	0	0	0	10	12	0	0	0	0	0	5	0	0	0	0	0	0	0	1	0	0	0	10	8	0	0	22	20	0	0	18	14	0	0	0	0	0	0	0	0	0	0	0	0	0	10	0	0	0	4	0	0	0	7	0	0	0	16	8	0	0	25	20	0	0
32	28	16	0	0	24	13	0	0	16	0	0	18	0	0	0	30	0	0	0	20	5	0	0	13	0	0	12	0	0	0	27	0	0	0	16	0	0	4	0	0	0	7	0	0	0	18	0	0	0	30	0	0	0	16	0	0	0	5	0	0	0	0	0	0	0	0	0	0	13	0	0	0	0	0	0	1	0	0	0	12	0	0	0	27	0	0	0	16	0	0	0	0	0	0	5	0	0	0	4	0	0	0	7	0	0	0	18	0	0	0	30	0	0	0	12	0	0	0	0	0	0	0	0	0	0	0	0	0	0	5	0	0	0	0	0	0	0	0	0	0	0	0	0	0	0	0	0	0	13	0	0	0	0	0	0	5	0	0	0	0	0	0	0	1	0	0	0	12	0	0	0	27	0	0	0	16	0	0	0	0	0	0	0	0	0	0	0	0	0	0	5	0	0	0	4	0	0	0	7	0	0	0	18	0	0	0	30	0	0	0
67	57	25	35	0	47	13	22	0	25	35	0	11	42	0	0	28	49	0	0	37	6	8	0	13	22	0	6	24	0	0	19	36	0	0	22	35	0	2	8	0	0	8	8	0	0	11	42	0	0	28	49	0	0	27	1	0	0	6	8	0	0	0	0	0	0	0	0	0	10	22	0	0	0	0	0	2	0	0	0	6	24	0	0	19	36	0	0	22	35	0	2	0	0	0	22	16	0	0	2	8	0	0	8	8	0	0	11	42	0	0	28	49	0	0	17	1	0	0	1	0	0	0	0	0	0	0	0	0	0	3	8	0	0	0	0	0	0	0	0	0	0	0	0	0	0	0	0	0	10	22	0	2	0	0	0	8	10	0	0	0	0	0	0	2	0	0	0	6	24	0	0	19	36	0	0	22	35	0	1	0	0	0	0	0	0	0	2	0	0	0	22	16	0	0	2	8	0	0	8	8	0	0	11	42	0	0	28	49	0	0
61	52	28	28	0	43	16	18	0	28	28	0	19	28	0	0	34	49	0	0	34	7	8	0	16	18	0	8	16	0	0	22	36	0	0	24	28	0	2	8	0	0	13	13	0	0	19	28	0	0	34	49	0	0	25	1	0	0	7	8	0	0	0	0	0	0	0	0	0	12	18	0	0	0	0	0	5	4	0	0	8	16	0	0	22	36	0	0	24	28	0	2	0	0	0	25	21	0	0	2	8	0	0	13	13	0	0	19	28	0	0	34	49	0	0	16	1	0	0	1	0	0	0	0	0	0	0	0	0	0	3	8	0	0	0	0	0	0	0	0	0	0	0	0	0	0	0	0	0	12	18	0	2	0	0	0	7	15	0	0	0	0	0	0	5	4	0	0	8	16	0	0	22	36	0	0	23	28	0	1	0	0	0	0	0	0	0	2	0	0	0	25	21	0	0	2	8	0	0	9	13	0	0	19	28	0	0	31	49	0	0
45	39	22	9	0	33	15	4	0	22	9	0	19	4	0	0	33	24	0	0	27	6	0	0	15	4	0	12	0	0	0	24	16	0	0	21	9	0	4	0	0	0	8	8	0	0	19	4	0	0	33	24	0	0	21	1	0	0	6	0	0	0	0	0	0	0	0	0	0	14	4	0	0	0	0	0	2	0	0	0	12	0	0	0	24	16	0	0	21	9	0	2	0	0	0	19	0	0	0	4	0	0	0	8	8	0	0	19	4	0	0	33	24	0	0	15	1	0	0	1	0	0	0	0	0	0	0	0	0	0	5	0	0	0	0	0	0	0	0	0	0	0	0	0	0	0	0	0	0	14	4	0	2	0	0	0	10	0	0	0	0	0	0	0	2	0	0	0	12	0	0	0	24	16	0	0	21	9	0	1	0	0	0	0	0	0	0	2	0	0	0	19	0	0	0	4	0	0	0	8	8	0	0	19	4	0	0	33	24	0	0
53	44	38	25	12	35	25	18	0	38	25	12	26	10	24	0	55	26	12	0	27	14	8	0	25	18	0	7	0	0	0	18	5	0	0	26	17	12	11	0	16	0	17	6	24	0	26	10	24	0	52	26	12	0	19	7	6	0	14	8	0	0	0	0	0	7	0	0	0	13	10	0	8	0	0	0	9	5	0	0	7	0	0	0	15	5	0	0	25	17	12	20	12	0	0	29	30	0	0	11	0	16	0	17	6	24	0	23	10	24	0	47	26	12	0	11	7	5	0	7	6	0	0	0	0	0	3	0	0	0	2	0	0	8	0	0	0	5	0	0	0	0	0	0	0	4	0	0	0	12	10	0	20	10	0	0	20	25	0	0	8	0	0	0	9	5	0	0	4	0	0	0	10	5	0	0	22	17	12	6	5	0	0	0	0	0	0	20	12	0	0	29	30	0	0	0	0	16	0	8	6	24	0	22	10	24	0	40	26	12	0
66	53	53	62	0	40	37	46	0	53	62	0	40	32	0	0	72	54	0	0	30	26	30	0	37	46	0	23	0	0	0	42	12	0	0	36	32	0	38	0	0	0	41	16	0	0	40	32	0	0	66	54	0	0	20	8	18	0	26	30	0	0	0	0	0	20	0	0	0	20	16	0	19	0	0	0	27	8	0	0	23	0	0	0	36	12	0	0	34	32	0	15	72	0	0	41	54	0	0	38	0	0	0	41	16	0	0	34	32	0	0	56	54	0	0	10	8	12	0	8	18	0	0	0	0	0	5	0	0	0	9	0	0	19	0	0	0	17	0	0	0	0	0	0	0	14	0	0	0	18	16	0	15	48	0	0	23	36	0	0	19	0	0	0	27	8	0	0	17	0	0	0	26	12	0	0	21	32	0	5	24	0	0	0	0	0	0	15	72	0	0	39	54	0	0	10	0	0	0	11	16	0	0	31	32	0	0	32	54	0	0
54	42	53	52	0	30	37	48	0	50	52	0	52	16	0	0	85	60	0	0	22	20	32	0	37	48	0	19	16	0	0	36	52	0	0	32	20	0	30	48	0	0	33	38	0	0	52	16	0	0	78	36	0	0	14	7	16	0	20	32	0	0	0	0	0	13	34	0	0	19	16	0	11	32	0	0	18	28	0	0	19	16	0	0	29	28	0	0	26	20	0	19	32	0	0	26	24	0	0	30	48	0	0	29	38	0	0	33	16	0	0	52	36	0	0	8	7	16	0	7	16	0	0	0	0	0	2	12	0	0	7	8	0	11	32	0	0	12	20	0	0	0	0	0	0	10	16	0	0	17	16	0	19	32	0	0	26	24	0	0	11	32	0	0	18	28	0	0	13	16	0	0	19	28	0	0	16	8	0	11	0	0	0	0	0	0	0	19	32	0	0	24	24	0	0	10	0	0	0	8	8	0	0	30	16	0	0	35	12	0	0
52	41	52	45	0	30	35	37	0	49	45	0	53	19	0	0	83	59	0	0	21	18	22	0	33	37	0	20	12	0	0	34	39	0	0	31	27	0	27	52	0	0	31	39	0	0	49	19	0	0	71	50	0	0	12	8	8	0	16	22	0	0	0	0	0	13	23	0	0	15	19	0	11	32	0	0	16	31	0	0	16	12	0	0	22	30	0	0	24	27	0	23	8	0	0	31	22	0	0	23	52	0	0	25	39	0	0	29	19	0	0	42	50	0	0	7	8	6	0	8	8	0	0	0	0	0	4	4	0	0	5	12	0	11	24	0	0	10	21	0	0	0	0	0	0	8	18	0	0	14	19	0	23	6	0	0	22	17	0	0	11	32	0	0	16	31	0	0	13	12	0	0	17	30	0	0	17	7	0	8	6	0	0	0	0	0	0	23	8	0	0	31	12	0	0	6	12	0	0	10	4	0	0	27	19	0	0	30	20	0	0
62	50	57	56	0	38	37	35	0	56	56	0	44	63	0	0	82	85	0	0	27	22	17	0	37	35	0	14	27	0	0	40	40	0	0	35	45	0	29	42	0	0	39	53	0	0	44	63	0	0	73	74	0	0	16	9	5	0	22	17	0	0	0	0	0	15	20	0	0	16	24	0	16	15	0	0	21	31	0	0	14	27	0	0	31	29	0	0	29	45	0	22	15	0	0	38	35	0	0	29	42	0	0	35	53	0	0	25	63	0	0	47	74	0	0	8	9	3	0	9	5	0	0	0	0	0	4	5	0	0	6	9	0	16	9	0	0	12	15	0	0	0	0	0	0	10	12	0	0	14	24	0	22	9	0	0	20	21	0	0	16	15	0	0	21	31	0	0	8	27	0	0	21	29	0	0	19	21	0	8	6	0	0	0	0	0	0	22	15	0	0	36	35	0	0	4	18	0	0	10	13	0	0	22	63	0	0	27	42	0	0
45	37	15	15	9	29	4	0	8	15	15	9	5	0	14	4	6	0	27	0	21	3	0	0	4	0	8	0	0	12	0	3	0	24	0	12	15	9	0	0	0	0	6	0	0	0	5	0	14	4	6	0	27	0	13	0	0	0	3	0	0	0	0	0	0	0	0	0	0	1	0	8	0	0	0	0	4	0	0	0	0	0	12	0	3	0	24	0	12	15	9	0	0	0	0	13	15	0	0	0	0	0	0	6	0	0	0	5	0	14	4	6	0	27	0	5	0	0	0	0	0	0	0	0	0	0	0	0	0	0	0	0	0	0	0	0	0	0	0	0	0	0	0	0	0	0	0	0	0	1	0	8	0	0	0	0	0	0	0	0	0	0	0	0	4	0	0	0	0	0	12	0	3	0	24	0	11	15	9	0	0	0	0	0	0	0	0	0	0	0	0	13	15	0	0	0	0	0	0	2	0	0	0	5	0	14	4	3	0	27	0
34	28	9	8	9	22	2	0	8	9	8	9	0	0	14	4	0	0	18	0	16	2	0	0	2	0	8	0	0	12	0	0	0	16	0	7	8	9	0	0	0	0	0	0	0	0	0	0	14	4	0	0	18	0	10	0	0	0	2	0	0	0	0	0	0	0	0	0	0	0	0	8	0	0	0	0	0	0	0	0	0	0	12	0	0	0	16	0	7	8	9	0	0	0	0	5	8	0	0	0	0	0	0	0	0	0	0	0	0	14	4	0	0	18	0	4	0	0	0	0	0	0	0	0	0	0	0	0	0	0	0	0	0	0	0	0	0	0	0	0	0	0	0	0	0	0	0	0	0	0	0	8	0	0	0	0	0	0	0	0	0	0	0	0	0	0	0	0	0	0	12	0	0	0	16	0	7	8	9	0	0	0	0	0	0	0	0	0	0	0	0	5	8	0	0	0	0	0	0	0	0	0	0	0	0	14	4	0	0	18	0
68	56	48	32	30	44	26	0	12	48	32	30	27	0	58	12	45	24	120	12	32	16	0	0	26	0	12	6	0	16	0	26	0	48	0	32	32	30	20	0	21	0	33	16	0	0	27	0	58	12	42	24	120	12	20	7	0	0	16	0	0	0	0	0	0	3	0	0	0	10	0	12	11	0	0	0	16	0	0	0	6	0	16	0	23	0	48	0	30	32	30	19	0	0	0	40	72	0	0	20	0	21	0	33	16	0	0	21	0	58	12	32	24	120	12	8	0	0	0	7	0	0	0	0	0	0	2	0	0	0	0	0	0	0	0	0	0	0	0	0	0	0	0	0	0	0	0	0	0	8	0	12	0	0	0	0	2	0	0	0	11	0	0	0	16	0	0	0	0	0	16	0	13	0	48	0	19	32	30	0	0	26	0	0	0	0	0	19	0	0	0	38	72	0	0	0	0	21	0	8	16	0	0	18	0	58	12	12	24	120	12
59	48	44	35	12	37	22	5	4	44	35	12	30	25	35	4	48	45	60	0	26	13	0	0	22	5	4	6	0	8	0	19	15	20	0	27	35	12	12	0	9	0	22	50	12	0	30	25	35	4	43	45	60	0	15	4	0	0	13	0	0	0	0	0	0	2	0	0	0	5	5	4	3	0	0	0	5	20	4	0	6	0	8	0	14	15	20	0	22	35	12	15	0	0	0	31	45	0	0	12	0	9	0	20	50	12	0	12	25	35	4	20	45	60	0	5	0	0	0	4	0	0	0	0	0	0	1	0	0	0	0	0	0	0	0	0	0	0	0	0	0	0	0	0	0	0	0	0	0	3	5	4	0	0	0	0	0	0	0	0	3	0	0	0	5	20	4	0	0	0	8	0	4	15	20	0	16	25	12	0	0	15	0	0	0	0	0	15	0	0	0	31	45	0	0	0	0	9	0	6	10	12	0	9	25	35	4	9	15	60	0
17	14	5	2	0	11	0	0	0	5	2	0	0	0	0	0	0	0	0	0	8	0	0	0	0	0	0	0	0	0	0	0	0	0	0	5	2	0	0	0	0	0	0	0	0	0	0	0	0	0	0	0	0	0	5	0	0	0	0	0	0	0	0	0	0	0	0	0	0	0	0	0	0	0	0	0	0	0	0	0	0	0	0	0	0	0	0	0	5	2	0	0	0	0	0	5	0	0	0	0	0	0	0	0	0	0	0	0	0	0	0	0	0	0	0	2	0	0	0	0	0	0	0	0	0	0	0	0	0	0	0	0	0	0	0	0	0	0	0	0	0	0	0	0	0	0	0	0	0	0	0	0	0	0	0	0	0	0	0	0	0	0	0	0	0	0	0	0	0	0	0	0	0	0	0	0	5	2	0	0	0	0	0	0	0	0	0	0	0	0	0	5	0	0	0	0	0	0	0	0	0	0	0	0	0	0	0	0	0	0	0
40	32	4	0	30	24	3	0	9	4	0	30	0	0	5	23	3	0	0	30	16	3	0	8	3	0	9	0	0	0	20	0	0	0	20	1	0	30	0	0	0	4	4	0	0	0	0	0	5	23	3	0	0	30	8	0	0	0	3	0	8	0	0	0	0	0	0	0	0	0	0	9	0	0	0	0	0	0	0	0	0	0	0	20	0	0	0	20	1	0	30	0	0	0	0	0	0	0	0	0	0	0	4	4	0	0	0	0	0	5	23	3	0	0	30	0	0	0	0	0	0	0	0	0	0	0	0	0	0	0	0	0	8	0	0	0	0	0	0	0	0	0	0	0	0	0	0	0	0	0	0	9	0	0	0	0	0	0	0	0	0	0	0	0	0	0	0	0	0	0	0	20	0	0	0	20	0	0	30	0	0	0	0	0	0	0	0	0	0	0	0	0	0	0	0	0	0	0	4	0	0	0	0	0	0	5	23	0	0	0	30
59	46	11	22	49	33	9	22	19	11	22	49	4	0	5	38	11	0	0	60	22	8	22	8	9	22	19	3	0	0	20	5	0	0	32	3	0	49	3	0	0	8	8	0	0	12	4	0	5	38	11	0	0	60	11	0	0	0	8	22	8	0	0	0	0	0	0	0	0	1	0	19	0	0	0	0	0	0	0	0	3	0	0	20	5	0	0	32	2	0	49	0	0	24	0	0	0	98	0	3	0	0	8	8	0	0	12	1	0	5	38	6	0	0	60	0	0	0	0	0	0	0	0	0	0	0	0	0	0	0	0	0	8	0	0	0	0	0	0	0	0	0	0	0	0	0	0	0	0	0	0	19	0	0	17	0	0	0	38	0	0	0	0	0	0	0	0	0	0	0	0	20	0	0	0	32	0	0	49	0	0	0	0	0	0	0	0	0	0	24	0	0	0	98	0	0	0	0	8	0	0	0	12	0	0	5	38	0	0	0	60
52	41	21	10	36	30	14	10	12	21	10	36	9	0	20	24	26	0	0	51	20	12	10	4	14	10	12	6	0	9	8	12	0	0	24	9	0	36	12	0	0	4	18	0	0	0	9	0	20	24	24	0	0	51	10	0	0	0	12	10	4	0	0	0	0	2	0	0	0	2	0	12	0	0	0	0	0	0	0	0	6	0	9	8	10	0	0	24	7	0	36	0	0	23	0	0	0	36	0	12	0	0	4	18	0	0	0	3	0	20	24	14	0	0	51	0	0	0	0	0	0	0	0	0	0	0	0	0	0	0	0	0	4	0	0	0	0	0	0	0	0	0	0	0	0	0	0	0	0	0	0	12	0	0	15	0	0	0	12	0	0	0	0	0	0	0	0	0	0	0	9	8	0	0	0	24	0	0	36	0	0	0	0	0	0	0	0	0	0	23	0	0	0	36	0	0	0	0	4	0	0	0	0	0	0	20	24	0	0	0	51
58	44	36	52	34	30	20	39	16	36	52	34	17	39	28	19	44	77	34	42	19	15	27	0	20	39	16	3	27	17	0	13	45	16	16	12	19	34	17	27	0	0	21	36	34	12	17	39	28	19	33	77	34	42	9	0	0	0	15	27	0	0	0	0	0	5	0	0	0	1	9	16	0	0	0	0	0	0	16	0	3	27	17	0	5	45	16	16	8	9	34	0	0	45	0	0	0	102	0	17	27	0	0	19	36	34	12	2	9	28	19	15	27	34	42	0	0	0	0	0	0	0	0	0	0	0	0	0	0	0	0	0	0	0	0	0	0	0	0	0	0	0	0	0	0	0	0	0	0	0	0	16	0	0	36	0	0	0	48	0	0	0	0	0	0	0	16	0	0	0	17	0	0	0	16	16	0	0	34	0	0	0	0	0	0	0	0	0	0	45	0	0	0	102	0	0	0	0	0	0	0	34	12	0	0	28	19	0	0	34	42
57	43	41	59	32	29	20	38	14	40	59	32	17	46	44	17	53	93	64	42	18	14	24	0	20	38	14	3	24	29	0	14	50	28	16	16	26	32	22	48	0	0	29	40	32	0	17	46	44	17	41	82	64	42	8	0	0	0	14	24	0	0	0	0	0	5	8	0	0	1	8	14	0	0	0	0	0	0	14	0	3	24	29	0	5	40	28	16	11	16	32	0	0	47	0	2	0	96	0	22	48	0	0	25	40	32	0	1	16	44	17	20	32	64	42	0	0	0	0	0	0	0	0	0	0	0	0	0	0	0	0	0	0	0	0	0	0	0	0	0	0	0	0	0	0	0	0	0	0	0	0	14	0	0	37	0	0	0	42	0	0	0	0	0	0	0	14	0	0	0	29	0	0	0	28	16	0	0	32	0	0	0	0	0	0	0	0	0	0	47	0	0	0	96	0	0	0	0	0	0	0	32	0	0	0	44	17	0	0	64	42
53	37	41	75	46	21	20	36	18	34	75	46	21	108	17	52	40	153	138	66	9	2	0	10	16	36	18	4	0	0	20	10	27	54	30	5	27	46	4	0	93	9	4	18	184	12	11	108	17	52	21	117	138	66	0	0	0	0	0	0	10	0	0	0	0	0	0	30	0	0	0	18	0	0	29	0	0	0	72	4	0	0	0	20	0	0	54	30	0	0	46	0	0	0	0	0	0	0	0	0	0	93	9	0	0	184	12	0	0	17	52	0	0	138	66	0	0	0	0	0	0	0	0	0	0	0	0	0	0	0	0	0	10	0	0	25	0	0	0	40	0	0	0	0	0	0	0	30	0	0	0	18	0	0	0	0	0	0	0	0	0	0	29	0	0	0	72	4	0	0	0	20	0	0	54	30	0	0	0	0	0	0	0	0	0	0	0	0	0	0	0	0	0	0	0	0	0	0	9	0	0	0	12	0	0	0	52	0	0	0	66
37	27	34	17	27	17	23	8	13	27	17	27	32	8	8	27	46	33	27	32	8	4	0	10	17	8	13	6	0	0	20	14	8	13	14	7	8	27	6	0	66	9	6	16	27	0	20	8	8	27	29	24	27	32	0	0	0	0	0	0	10	0	0	0	0	0	0	10	0	0	0	13	0	0	29	0	0	0	13	0	0	0	0	20	0	0	13	14	0	0	27	0	0	0	0	0	0	0	0	0	0	66	9	0	0	27	0	0	0	8	27	0	0	27	32	0	0	0	0	0	0	0	0	0	0	0	0	0	0	0	0	0	10	0	0	25	0	0	0	10	0	0	0	0	0	0	0	10	0	0	0	13	0	0	0	0	0	0	0	0	0	0	29	0	0	0	13	0	0	0	0	20	0	0	13	14	0	0	0	0	0	0	0	0	0	0	0	0	0	0	0	0	0	0	0	0	0	0	9	0	0	0	0	0	0	0	27	0	0	0	32
24	18	22	0	13	12	15	0	9	18	0	13	24	0	0	19	38	0	0	0	6	4	0	6	11	0	9	6	0	0	12	11	0	0	0	7	0	13	6	0	18	9	8	0	0	0	18	0	0	19	27	0	0	0	0	0	0	0	0	0	6	0	0	0	0	0	0	0	0	0	0	9	0	0	13	0	0	0	0	0	0	0	0	12	0	0	0	0	0	0	13	0	0	0	0	0	0	0	0	0	0	18	9	0	0	0	0	0	0	0	19	0	0	0	0	0	0	0	0	0	0	0	0	0	0	0	0	0	0	0	0	0	6	0	0	9	0	0	0	0	0	0	0	0	0	0	0	0	0	0	0	9	0	0	0	0	0	0	0	0	0	0	13	0	0	0	0	0	0	0	0	12	0	0	0	0	0	0	0	0	0	0	0	0	0	0	0	0	0	0	0	0	0	0	0	0	0	0	9	0	0	0	0	0	0	0	19	0	0	0	0
32	21	28	42	5	12	12	24	4	21	24	5	22	48	0	4	32	61	10	0	5	2	10	3	8	10	4	2	20	0	3	7	15	8	0	5	10	5	2	20	10	3	6	10	10	0	14	20	0	4	19	40	10	0	0	0	0	0	0	0	3	0	0	0	0	0	0	6	0	0	0	4	0	0	8	0	0	0	8	0	0	0	0	3	0	0	8	0	0	0	5	0	0	0	0	0	0	10	0	0	0	10	3	0	0	10	0	0	0	0	4	0	0	10	0	0	0	0	0	0	0	0	0	0	0	0	0	0	0	0	0	0	3	0	0	6	0	0	0	6	0	0	0	0	0	0	0	6	0	0	0	4	0	0	0	0	0	0	8	0	0	0	8	0	0	0	8	0	0	0	0	3	0	0	8	0	0	0	0	0	0	0	0	0	0	0	0	0	0	0	0	0	0	0	0	0	0	0	3	0	0	0	0	0	0	0	4	0	0	0	0
19	12	15	17	0	7	7	11	0	9	7	0	15	11	0	0	18	17	0	0	3	2	6	0	3	3	0	4	6	0	0	4	6	0	0	3	3	0	4	6	0	0	4	6	0	0	5	3	0	0	11	9	0	0	0	0	0	0	0	0	0	0	0	0	0	0	0	0	0	0	0	0	0	0	0	0	0	0	0	0	0	0	0	0	0	0	0	0	0	0	0	0	0	0	0	0	0	0	0	0	0	0	0	0	0	0	0	0	0	0	0	0	0	0	0	0	0	0	0	0	0	0	0	0	0	0	0	0	0	0	0	0	0	0	0	0	0	0	0	0	0	0	0	0	0	0	0	0	0	0	0	0	0	0	0	0	0	0	0	0	0	0	0	0	0	0	0	0	0	0	0	0	0	0	0	0	0	0	0	0	0	0	0	0	0	0	0	0	0	0	0	0	0	0	0	0	0	0	0	0	0	0	0	0	0	0	0	0	0	0	0
34	21	34	40	34	8	4	0	17	27	40	34	10	0	106	25	14	24	170	51	0	0	0	0	0	0	17	0	0	51	0	0	0	85	22	0	0	34	0	0	10	0	0	0	0	66	0	0	106	25	0	0	170	51	0	0	0	0	0	0	0	0	0	0	0	0	0	0	13	0	0	17	0	0	0	0	0	0	0	30	0	0	51	0	0	0	85	22	0	0	0	0	0	0	0	0	0	0	0	0	0	0	0	0	0	0	66	0	0	0	25	0	0	0	51	0	0	0	0	0	0	0	0	0	0	0	0	0	0	0	0	0	0	0	0	0	0	0	0	0	0	0	0	0	0	0	0	0	13	0	0	0	0	0	0	0	0	0	0	0	0	0	0	0	0	0	0	30	0	0	0	0	0	0	0	22	0	0	0	0	0	0	0	0	0	0	0	0	0	0	0	0	0	0	0	0	0	0	0	0	0	0	66	0	0	0	0	0	0	0	0
26	15	25	36	25	6	4	12	0	18	18	25	6	36	57	0	15	18	75	78	0	0	0	0	0	0	0	0	0	0	0	0	0	0	35	0	0	25	0	0	16	0	0	0	50	0	0	0	57	0	0	0	75	78	0	0	0	0	0	0	0	0	0	0	0	0	0	0	23	0	0	0	0	0	0	0	0	0	0	0	0	0	0	0	0	0	0	35	0	0	0	0	0	0	0	0	0	0	0	0	0	0	0	0	0	0	0	0	0	0	0	0	0	0	78	0	0	0	0	0	0	0	0	0	0	0	0	0	0	0	0	0	0	0	0	0	0	0	0	0	0	0	0	0	0	0	0	0	23	0	0	0	0	0	0	0	0	0	0	0	0	0	0	0	0	0	0	0	0	0	0	0	0	0	0	35	0	0	0	0	0	0	0	0	0	0	0	0	0	0	0	0	0	0	0	0	0	0	0	0	0	0	0	0	0	0	0	0	0	0	0
25	15	24	25	9	5	2	0	0	19	25	9	6	0	36	0	10	15	45	46	0	0	0	0	0	0	0	0	0	0	0	0	0	0	18	0	0	9	0	0	0	0	0	0	0	0	0	0	36	0	0	0	45	46	0	0	0	0	0	0	0	0	0	0	0	0	0	0	10	0	0	0	0	0	0	0	0	0	0	0	0	0	0	0	0	0	0	18	0	0	0	0	0	0	0	0	0	0	0	0	0	0	0	0	0	0	0	0	0	0	0	0	0	0	46	0	0	0	0	0	0	0	0	0	0	0	0	0	0	0	0	0	0	0	0	0	0	0	0	0	0	0	0	0	0	0	0	0	10	0	0	0	0	0	0	0	0	0	0	0	0	0	0	0	0	0	0	0	0	0	0	0	0	0	0	18	0	0	0	0	0	0	0	0	0	0	0	0	0	0	0	0	0	0	0	0	0	0	0	0	0	0	0	0	0	0	0	0	0	0	0
15	9	14	9	0	3	0	0	0	14	9	0	0	0	0	0	7	0	0	0	0	0	0	0	0	0	0	0	0	0	0	0	0	0	0	0	0	0	0	0	0	0	0	0	0	0	0	0	0	0	0	0	0	0	0	0	0	0	0	0	0	0	0	0	0	0	0	0	0	0	0	0	0	0	0	0	0	0	0	0	0	0	0	0	0	0	0	0	0	0	0	0	0	0	0	0	0	0	0	0	0	0	0	0	0	0	0	0	0	0	0	0	0	0	0	0	0	0	0	0	0	0	0	0	0	0	0	0	0	0	0	0	0	0	0	0	0	0	0	0	0	0	0	0	0	0	0	0	0	0	0	0	0	0	0	0	0	0	0	0	0	0	0	0	0	0	0	0	0	0	0	0	0	0	0	0	0	0	0	0	0	0	0	0	0	0	0	0	0	0	0	0	0	0	0	0	0	0	0	0	0	0	0	0	0	0	0	0	0	0	0
17	10	14	12	0	3	0	0	0	13	12	0	0	0	0	0	6	3	0	0	0	0	0	0	0	0	0	0	0	0	0	0	0	0	0	0	0	0	0	0	0	0	0	0	0	0	0	0	0	0	0	0	0	0	0	0	0	0	0	0	0	0	0	0	0	0	0	0	0	0	0	0	0	0	0	0	0	0	0	0	0	0	0	0	0	0	0	0	0	0	0	0	0	0	0	0	0	0	0	0	0	0	0	0	0	0	0	0	0	0	0	0	0	0	0	0	0	0	0	0	0	0	0	0	0	0	0	0	0	0	0	0	0	0	0	0	0	0	0	0	0	0	0	0	0	0	0	0	0	0	0	0	0	0	0	0	0	0	0	0	0	0	0	0	0	0	0	0	0	0	0	0	0	0	0	0	0	0	0	0	0	0	0	0	0	0	0	0	0	0	0	0	0	0	0	0	0	0	0	0	0	0	0	0	0	0	0	0	0	0	0
30	15	1	0	99	0	0	0	75	0	0	99	0	0	0	47	0	0	0	43	0	0	0	57	0	0	75	0	0	0	17	0	0	0	17	0	0	0	0	0	0	57	0	0	0	46	0	0	0	47	0	0	0	43	0	0	0	20	0	0	57	0	0	0	0	0	0	0	0	0	0	0	0	0	0	24	0	0	0	18	0	0	0	17	0	0	0	17	0	0	0	0	0	0	48	0	0	0	115	0	0	0	57	0	0	0	46	0	0	0	0	0	0	0	0	0	0	0	16	0	0	20	0	0	0	0	0	0	0	0	0	0	0	0	0	0	20	0	0	0	10	0	0	0	0	0	0	0	0	0	0	0	0	0	0	37	0	0	0	49	0	0	0	24	0	0	0	18	0	0	0	0	0	0	0	0	0	0	0	0	0	0	16	0	0	0	0	0	0	0	48	0	0	0	115	0	0	0	0	0	0	0	0	0	0	0	0	0	0	0	0
22	11	0	0	72	0	0	0	51	0	0	72	0	0	0	20	0	0	0	43	0	0	0	48	0	0	51	0	0	0	17	0	0	0	17	0	0	0	0	0	0	25	0	0	0	0	0	0	0	20	0	0	0	43	0	0	0	6	0	0	48	0	0	0	0	0	0	0	0	0	0	0	0	0	0	0	0	0	0	0	0	0	0	17	0	0	0	17	0	0	0	0	0	0	24	0	0	0	151	0	0	0	25	0	0	0	0	0	0	0	0	0	0	0	0	0	0	0	4	0	0	6	0	0	0	0	0	0	0	0	0	0	0	0	0	0	0	0	0	0	0	0	0	0	0	0	0	0	0	0	0	0	0	0	0	16	0	0	0	61	0	0	0	0	0	0	0	0	0	0	0	0	0	0	0	0	0	0	0	0	0	0	8	0	0	0	0	0	0	0	24	0	0	0	151	0	0	0	0	0	0	0	0	0	0	0	0	0	0	0	0
26	13	5	0	66	0	0	0	37	0	0	66	0	0	12	37	0	0	0	68	0	0	0	25	0	0	37	0	0	0	9	0	0	0	17	0	0	0	0	0	0	21	0	0	0	46	0	0	0	37	0	0	0	68	0	0	0	10	0	0	25	0	0	0	0	0	0	0	0	0	0	0	0	0	0	8	0	0	0	18	0	0	0	9	0	0	0	17	0	0	0	0	0	0	32	0	0	0	34	0	0	0	21	0	0	0	46	0	0	0	0	0	0	0	0	0	0	0	8	0	0	10	0	0	0	0	0	0	0	0	0	0	0	0	0	0	8	0	0	0	10	0	0	0	0	0	0	0	0	0	0	0	0	0	0	24	0	0	0	16	0	0	0	8	0	0	0	18	0	0	0	0	0	0	0	0	0	0	0	0	0	0	8	0	0	0	0	0	0	0	32	0	0	0	34	0	0	0	0	0	0	0	0	0	0	0	0	0	0	0	0
29	14	6	14	89	0	0	0	60	0	0	89	0	0	26	55	0	0	89	68	0	0	0	27	0	0	60	0	0	10	8	0	0	60	17	0	0	0	0	0	0	72	0	0	0	78	0	0	0	55	0	0	0	68	0	0	0	13	0	0	27	0	0	0	0	0	0	27	0	0	0	0	0	0	0	39	0	0	0	35	0	0	0	8	0	0	0	17	0	0	0	0	0	0	27	0	0	0	32	0	0	0	72	0	0	0	78	0	0	0	0	0	0	0	0	0	0	0	10	0	0	13	0	0	0	0	0	0	13	0	0	0	0	0	0	0	29	0	0	0	23	0	0	0	0	0	0	0	0	0	0	0	0	0	0	20	0	0	0	14	0	0	0	39	0	0	0	35	0	0	0	0	0	0	0	0	0	0	0	0	0	0	9	0	0	0	0	0	0	0	27	0	0	0	32	0	0	0	0	0	0	0	0	0	0	0	0	0	0	0	0
20	9	7	18	50	0	0	0	25	0	0	50	0	0	34	40	0	0	100	68	0	0	0	6	0	0	25	0	0	16	0	0	0	50	17	0	0	0	0	0	0	12	0	0	0	51	0	0	0	40	0	0	0	68	0	0	0	4	0	0	6	0	0	0	0	0	0	12	0	0	0	0	0	0	0	8	0	0	0	22	0	0	0	0	0	0	0	17	0	0	0	0	0	0	8	0	0	0	0	0	0	0	12	0	0	0	51	0	0	0	0	0	0	0	0	0	0	0	4	0	0	4	0	0	0	0	0	0	8	0	0	0	0	0	0	0	8	0	0	0	13	0	0	0	0	0	0	0	0	0	0	0	0	0	0	8	0	0	0	0	0	0	0	8	0	0	0	22	0	0	0	0	0	0	0	0	0	0	0	0	0	0	0	0	0	0	0	0	0	0	8	0	0	0	0	0	0	0	0	0	0	0	0	0	0	0	0	0	0	0	0
6	0	0	0	46	0	0	0	17	0	0	0	0	0	0	36	0	0	0	139	0	0	0	8	0	0	0	0	0	0	13	0	0	0	85	0	0	0	0	0	0	13	0	0	0	25	0	0	0	0	0	0	0	0	0	0	0	0	0	0	0	0	0	0	0	0	0	0	33	0	0	0	0	0	0	0	0	0	0	0	0	0	0	0	0	0	0	0	0	0	0	0	0	0	0	0	0	0	5	0	0	0	0	0	0	0	0	0	0	0	0	0	0	0	0	0	0	0	0	0	0	0	0	0	0	0	0	0	0	17	0	0	0	0	0	0	0	0	0	0	0	0	0	0	0	0	0	0	0	0	0	0	0	0	0	0	0	0	0	4	0	0	0	0	0	0	0	0	0	0	0	0	0	0	0	0	0	0	0	0	0	0	0	0	0	0	0	0	0	0	0	0	0	0	0	0	0	0	0	0	0	0	0	0	0	0	0	0	0	0	0
5	0	0	0	32	0	0	0	17	0	0	0	0	0	0	36	0	0	0	50	0	0	0	8	0	0	0	0	0	0	13	0	0	0	25	0	0	0	0	0	0	13	0	0	0	25	0	0	0	0	0	0	0	0	0	0	0	0	0	0	0	0	0	0	0	0	0	0	6	0	0	0	0	0	0	0	0	0	0	0	0	0	0	0	0	0	0	0	0	0	0	0	0	0	0	0	0	0	5	0	0	0	0	0	0	0	0	0	0	0	0	0	0	0	0	0	0	0	0	0	0	0	0	0	0	0	0	0	0	4	0	0	0	0	0	0	0	0	0	0	0	0	0	0	0	0	0	0	0	0	0	0	0	0	0	0	0	0	0	4	0	0	0	0	0	0	0	0	0	0	0	0	0	0	0	0	0	0	0	0	0	0	0	0	0	0	0	0	0	0	0	0	0	0	0	0	0	0	0	0	0	0	0	0	0	0	0	0	0	0	0
