65	54	42	41	0	43	28	36	0	42	41	0	18	25	0	0	44	58	0	0	33	28	36	0	28	36	0	18	25	0	0	44	58	0	0	27	31	0	2	0	0	0	4	0	0	0	18	25	0	0	44	58	0	0	28	28	36	0	28	36	0	18	25	0	0	44	58	0	0	23	31	0	2	0	0	0	4	0	0	0	18	25	0	0	44	58	0	0	13	6	0	0	0	0	0	9	0	0	0	2	0	0	0	4	0	0	0	4	0	0	0	12	8	0	0	23	20	30	0	28	36	0	18	25	0	0	44	58	0	0	23	31	0	2	0	0	0	4	0	0	0	18	25	0	0	44	58	0	0	9	6	0	0	0	0	0	0	0	0	0	2	0	0	0	4	0	0	0	4	0	0	0	12	8	0	0	12	6	0	11	0	0	0	4	0	0	0	0	0	0	0	9	0	0	0	0	0	0	0	0	0	0	0	0	0	0	0	10	8	0	0
82	70	47	51	0	58	32	47	0	47	51	0	21	28	0	0	49	78	0	0	47	32	47	0	32	47	0	21	28	0	0	47	78	0	0	31	40	0	2	0	0	0	5	0	0	0	21	28	0	0	49	78	0	0	40	32	47	0	32	47	0	21	28	0	0	47	78	0	0	25	40	0	2	0	0	0	4	0	0	0	21	28	0	0	47	78	0	0	15	12	0	1	0	0	0	12	0	0	0	2	0	0	0	5	0	0	0	4	0	0	0	14	15	0	0	33	24	35	0	32	47	0	21	28	0	0	47	78	0	0	25	40	0	2	0	0	0	4	0	0	0	21	28	0	0	47	78	0	0	9	12	0	0	0	0	0	0	0	0	0	2	0	0	0	4	0	0	0	4	0	0	0	12	15	0	0	14	12	0	11	0	0	0	7	0	0	0	1	0	0	0	12	0	0	0	0	0	0	0	1	0	0	0	0	0	0	0	12	15	0	0
100	85	61	86	0	70	42	74	0	61	86	0	29	104	0	0	68	117	0	0	57	38	72	0	42	74	0	21	96	0	0	57	108	0	0	40	60	0	8	16	0	0	9	32	0	0	29	104	0	0	65	117	0	0	48	34	72	0	38	72	0	21	96	0	0	56	108	0	0	30	56	0	0	16	0	0	7	32	0	0	21	96	0	0	54	108	0	0	22	24	0	5	0	0	0	13	0	0	0	8	16	0	0	9	32	0	0	8	32	0	0	24	36	0	0	40	24	52	0	34	72	0	13	96	0	0	49	108	0	0	30	56	0	0	16	0	0	7	32	0	0	21	96	0	0	54	108	0	0	14	24	0	0	0	0	0	0	0	0	0	0	16	0	0	7	32	0	0	8	32	0	0	19	36	0	0	22	16	0	7	16	0	0	10	0	0	0	5	0	0	0	13	0	0	0	8	0	0	0	9	0	0	0	8	0	0	0	24	20	0	0
62	54	44	24	0	46	37	19	0	44	24	0	30	10	0	0	57	20	0	0	40	36	19	0	37	19	0	28	10	0	0	51	14	0	0	34	12	0	16	0	0	0	20	3	0	0	30	10	0	0	53	20	0	0	35	31	18	0	36	19	0	27	10	0	0	50	14	0	0	29	9	0	6	0	0	0	19	0	0	0	28	10	0	0	47	14	0	0	25	7	0	10	3	0	0	19	3	0	0	16	0	0	0	20	3	0	0	17	0	0	0	32	10	0	0	30	19	15	0	31	18	0	17	10	0	0	42	13	0	0	28	9	0	4	0	0	0	16	0	0	0	27	10	0	0	46	14	0	0	20	4	0	2	0	0	0	9	0	0	0	6	0	0	0	19	0	0	0	15	0	0	0	26	4	0	0	23	7	0	6	0	0	0	5	6	0	0	10	3	0	0	18	3	0	0	12	0	0	0	12	3	0	0	13	0	0	0	29	10	0	0
102	90	50	56	0	78	35	44	0	47	56	0	30	32	0	0	48	70	0	0	68	27	36	0	34	44	0	19	32	0	0	34	56	0	0	38	36	0	8	16	0	0	14	30	0	0	29	32	0	0	44	50	0	0	58	26	24	0	26	36	0	18	16	0	0	32	42	0	0	25	24	0	6	0	0	0	13	28	0	0	18	32	0	0	30	36	0	0	32	36	0	8	8	0	0	49	2	0	0	8	16	0	0	14	30	0	0	18	32	0	0	30	50	0	0	48	18	20	0	25	24	0	16	0	0	0	31	24	0	0	17	16	0	4	0	0	0	10	14	0	0	17	16	0	0	28	22	0	0	19	24	0	2	0	0	0	34	0	0	0	6	0	0	0	13	28	0	0	7	32	0	0	16	36	0	0	30	36	0	6	0	0	0	10	6	0	0	8	8	0	0	48	2	0	0	4	16	0	0	6	30	0	0	14	32	0	0	27	50	0	0
103	90	64	69	5	77	49	56	0	59	69	5	35	28	0	0	59	73	10	0	66	37	46	0	46	56	0	26	16	0	0	46	56	0	0	45	47	5	32	40	8	0	38	66	5	0	28	28	0	0	49	51	10	0	55	18	36	0	34	46	0	10	8	0	0	32	46	0	0	32	34	0	12	28	0	0	28	59	0	0	19	16	0	0	36	34	0	0	42	47	5	12	32	7	0	58	102	5	0	31	40	8	0	38	66	5	0	21	28	0	0	41	51	10	0	45	15	27	0	16	36	0	7	0	0	0	19	36	0	0	24	26	0	12	20	0	0	21	46	0	0	7	8	0	0	25	26	0	0	30	34	0	6	14	0	0	48	66	0	0	12	28	0	0	28	59	0	0	16	16	0	0	31	34	0	0	34	37	5	10	7	0	0	19	4	10	0	8	32	7	0	53	92	5	0	19	20	8	0	22	26	5	0	21	28	0	0	37	41	10	0
64	56	51	22	2	49	36	17	0	45	15	2	29	6	0	0	52	26	2	0	43	30	17	0	32	11	0	25	6	0	0	42	22	0	0	39	9	2	26	0	8	0	31	5	0	0	27	0	0	0	45	14	2	0	37	20	16	0	26	11	0	12	6	0	0	31	22	0	0	26	5	0	13	0	0	0	27	5	0	0	23	0	0	0	35	10	0	0	39	9	2	21	4	4	0	48	32	0	0	26	0	8	0	31	5	0	0	27	0	0	0	45	14	2	0	31	15	12	0	16	10	0	7	6	0	0	24	20	0	0	20	5	0	11	0	0	0	17	5	0	0	10	0	0	0	24	10	0	0	26	5	0	8	0	0	0	31	20	0	0	13	0	0	0	27	5	0	0	23	0	0	0	35	10	0	0	34	9	2	21	0	0	0	31	4	2	0	17	4	4	0	44	32	0	0	16	0	8	0	20	5	0	0	27	0	0	0	43	14	2	0
97	87	67	33	0	77	53	16	0	54	33	0	33	8	0	0	68	38	0	0	67	51	16	0	40	16	0	29	8	0	0	58	32	0	0	49	33	0	26	0	0	0	28	8	0	0	30	8	0	0	61	38	0	0	57	41	12	0	38	16	0	24	8	0	0	54	32	0	0	35	16	0	13	0	0	0	24	8	0	0	26	8	0	0	51	32	0	0	49	33	0	18	16	0	0	53	52	0	0	26	0	0	0	28	8	0	0	30	8	0	0	61	38	0	0	47	26	4	0	28	12	0	13	4	0	0	46	24	0	0	33	16	0	11	0	0	0	21	8	0	0	21	8	0	0	47	32	0	0	35	16	0	8	0	0	0	38	32	0	0	13	0	0	0	24	8	0	0	26	8	0	0	51	32	0	0	44	33	0	28	16	0	0	41	44	0	0	14	16	0	0	49	52	0	0	16	0	0	0	17	8	0	0	30	8	0	0	59	38	0	0
100	86	66	78	0	75	49	62	0	49	45	0	26	30	0	0	59	79	0	0	64	47	61	0	32	29	0	23	28	0	0	46	66	0	0	46	45	0	19	7	0	0	22	15	0	0	23	30	0	0	54	79	0	0	53	38	57	0	30	28	0	19	28	0	0	43	63	0	0	29	29	0	8	7	0	0	15	14	0	0	20	28	0	0	41	66	0	0	46	45	0	25	12	0	0	40	43	0	0	19	7	0	0	22	15	0	0	23	30	0	0	54	79	0	0	42	21	43	0	21	24	0	10	20	0	0	36	55	0	0	27	28	0	8	7	0	0	15	14	0	0	16	28	0	0	38	63	0	0	29	29	0	7	0	0	0	30	28	0	0	8	7	0	0	15	14	0	0	20	28	0	0	41	66	0	0	38	45	0	28	54	0	0	44	73	0	0	8	12	0	0	34	43	0	0	11	7	0	0	12	15	0	0	23	30	0	0	53	79	0	0
62	52	40	39	0	45	27	33	0	27	18	0	9	8	0	0	31	20	0	0	38	27	33	0	14	12	0	9	8	0	0	26	20	0	0	27	18	0	1	0	0	0	5	0	0	0	9	8	0	0	31	20	0	0	31	27	33	0	14	12	0	9	8	0	0	26	20	0	0	14	12	0	1	0	0	0	5	0	0	0	9	8	0	0	26	20	0	0	27	18	0	8	0	0	0	18	0	0	0	1	0	0	0	5	0	0	0	9	8	0	0	31	20	0	0	24	15	26	0	14	12	0	9	8	0	0	26	20	0	0	14	12	0	1	0	0	0	5	0	0	0	9	8	0	0	26	20	0	0	14	12	0	0	0	0	0	8	0	0	0	1	0	0	0	5	0	0	0	9	8	0	0	26	20	0	0	27	18	0	28	26	0	0	47	32	0	0	8	0	0	0	18	0	0	0	1	0	0	0	5	0	0	0	9	8	0	0	31	20	0	0
106	94	62	42	15	82	54	32	0	54	42	15	27	24	4	0	65	42	15	7	70	48	29	0	46	32	0	20	24	0	0	53	32	0	0	47	42	15	36	21	4	0	45	40	0	0	24	24	4	0	58	42	15	7	58	26	7	0	40	29	0	14	21	0	0	48	29	0	0	39	32	0	15	0	0	0	34	16	0	0	17	24	0	0	46	32	0	0	47	42	15	9	7	19	0	60	88	45	0	36	21	4	0	45	40	0	0	24	24	4	0	58	42	15	7	46	17	0	0	18	7	0	5	0	0	0	29	7	0	0	33	29	0	15	0	0	0	34	15	0	0	11	21	0	0	41	29	0	0	39	32	0	9	0	0	0	60	88	0	0	15	0	0	0	34	16	0	0	17	24	0	0	46	32	0	0	34	42	15	10	0	10	0	14	0	15	0	4	7	19	0	51	88	45	0	22	21	4	0	20	40	0	0	24	24	4	0	52	42	15	7
76	67	51	26	4	58	44	20	0	49	26	4	30	0	4	0	46	21	8	5	49	36	12	0	42	20	0	21	0	0	0	37	15	0	0	42	26	4	33	24	4	0	47	23	0	0	28	0	4	0	41	21	8	5	40	15	0	0	34	12	0	15	0	0	0	32	9	0	0	35	20	0	17	0	0	0	39	5	0	0	19	0	0	0	32	15	0	0	41	26	4	9	0	8	0	54	70	16	0	33	24	4	0	47	23	0	0	27	0	4	0	38	21	8	5	31	10	0	0	13	0	0	3	0	0	0	16	0	0	0	27	12	0	17	0	0	0	39	3	0	0	13	0	0	0	27	9	0	0	34	20	0	8	0	0	0	54	70	0	0	17	0	0	0	39	5	0	0	18	0	0	0	29	15	0	0	26	26	4	6	0	0	0	7	5	0	0	5	0	8	0	45	70	16	0	16	24	4	0	13	23	0	0	24	0	4	0	29	21	8	5
81	69	41	49	9	59	34	45	0	25	29	9	14	20	0	0	39	35	0	0	49	33	45	0	18	25	0	13	20	0	0	33	35	0	0	25	29	9	1	0	0	0	6	5	0	0	14	20	0	0	39	35	0	0	39	29	45	0	17	25	0	13	20	0	0	33	35	0	0	18	25	0	1	0	0	0	6	5	0	0	13	20	0	0	33	35	0	0	25	29	9	1	0	7	0	16	0	0	0	1	0	0	0	6	5	0	0	14	20	0	0	39	35	0	0	29	15	23	0	13	25	0	4	20	0	0	26	35	0	0	17	25	0	1	0	0	0	6	5	0	0	13	20	0	0	33	35	0	0	18	25	0	1	0	0	0	16	0	0	0	1	0	0	0	6	5	0	0	13	20	0	0	33	35	0	0	24	29	9	18	18	14	0	32	27	36	0	0	0	7	0	15	0	0	0	1	0	0	0	6	5	0	0	14	20	0	0	39	35	0	0
79	69	45	27	9	60	38	27	0	31	18	9	21	0	0	0	45	36	0	0	51	37	27	0	24	18	0	20	0	0	0	38	36	0	0	31	18	9	4	0	0	0	11	6	0	0	21	0	0	0	45	36	0	0	42	30	27	0	23	18	0	20	0	0	0	38	36	0	0	24	18	0	1	0	0	0	8	6	0	0	20	0	0	0	38	36	0	0	31	18	9	2	0	7	0	27	0	0	0	4	0	0	0	11	6	0	0	21	0	0	0	45	36	0	0	33	17	9	0	16	18	0	8	0	0	0	28	36	0	0	23	18	0	1	0	0	0	8	6	0	0	20	0	0	0	38	36	0	0	24	18	0	1	0	0	0	27	0	0	0	1	0	0	0	8	6	0	0	20	0	0	0	38	36	0	0	30	18	9	20	0	14	0	32	0	27	0	1	0	7	0	26	0	0	0	4	0	0	0	11	6	0	0	21	0	0	0	45	36	0	0
93	81	57	47	7	70	45	41	0	45	36	7	21	36	0	0	55	66	0	0	59	43	41	0	33	30	0	18	36	0	0	41	54	0	0	43	36	7	31	0	0	0	31	14	0	0	19	36	0	0	52	66	0	0	48	27	29	0	31	30	0	14	36	0	0	38	54	0	0	31	30	0	9	0	0	0	20	12	0	0	16	36	0	0	38	54	0	0	43	36	7	8	0	7	0	39	42	14	0	31	0	0	0	31	14	0	0	19	36	0	0	52	66	0	0	37	16	11	0	15	18	0	8	0	0	0	26	36	0	0	29	30	0	9	0	0	0	20	12	0	0	12	36	0	0	35	54	0	0	31	30	0	7	0	0	0	39	42	0	0	9	0	0	0	20	12	0	0	16	36	0	0	38	54	0	0	35	36	7	22	0	10	0	34	0	21	0	3	0	7	0	33	42	14	0	23	0	0	0	19	14	0	0	19	36	0	0	50	66	0	0
94	82	44	42	20	70	34	32	8	44	42	20	16	21	14	8	37	15	20	19	59	21	11	2	34	32	8	8	0	12	0	27	7	8	0	37	31	20	12	0	45	4	32	0	60	5	16	21	14	8	33	15	20	19	48	10	11	0	21	11	2	5	0	4	0	19	0	2	0	27	21	8	9	0	8	0	31	0	24	0	8	0	12	0	23	7	8	0	35	31	20	2	0	7	0	52	80	0	0	12	0	45	4	32	0	60	5	14	21	14	8	27	15	20	19	37	9	11	0	10	11	0	2	0	0	0	11	0	0	0	14	0	2	9	0	0	0	28	0	6	0	5	0	4	0	15	0	2	0	25	21	8	2	0	0	0	50	70	0	0	9	0	8	0	31	0	24	0	6	0	12	0	17	7	8	0	24	31	20	2	0	0	0	5	8	0	0	2	0	7	0	46	80	0	0	3	0	45	4	5	0	60	5	11	21	14	8	19	15	20	19
83	73	37	27	7	63	27	18	4	37	27	7	14	18	8	0	34	6	7	4	53	19	0	2	27	18	4	8	0	8	0	24	0	4	0	30	27	7	9	0	12	4	27	0	21	0	14	18	8	0	32	6	7	4	43	10	0	0	19	0	2	8	0	4	0	20	0	2	0	20	18	4	9	0	0	0	27	0	12	0	8	0	8	0	22	0	4	0	27	27	7	0	0	0	0	32	63	0	0	9	0	12	4	27	0	21	0	11	18	8	0	23	6	7	4	33	8	0	0	10	0	0	3	0	0	0	11	0	0	0	12	0	2	9	0	0	0	26	0	6	0	8	0	4	0	18	0	2	0	17	18	4	0	0	0	0	30	54	0	0	9	0	0	0	27	0	12	0	5	0	8	0	13	0	4	0	18	27	7	1	0	0	0	4	14	0	0	0	0	0	0	28	63	0	0	0	0	12	4	1	0	21	0	6	18	8	0	14	6	7	4
76	67	28	23	4	58	17	5	4	28	23	4	11	15	8	0	22	20	12	0	49	11	0	2	17	5	4	5	0	8	0	15	0	12	0	22	23	4	2	0	0	4	8	0	4	0	11	15	8	0	20	20	12	0	40	9	0	0	11	0	2	5	0	4	0	14	0	6	0	11	5	4	2	0	0	0	8	0	4	0	5	0	8	0	13	0	12	0	19	23	4	0	0	0	0	29	16	0	0	2	0	0	4	8	0	4	0	8	15	8	0	11	20	12	0	31	8	0	0	9	0	0	3	0	0	0	11	0	0	0	5	0	2	2	0	0	0	8	0	2	0	5	0	4	0	12	0	6	0	8	5	4	0	0	0	0	20	10	0	0	2	0	0	0	8	0	4	0	2	0	8	0	4	0	12	0	17	23	4	3	0	0	0	7	8	0	0	0	0	0	0	28	16	0	0	0	0	0	4	0	0	4	0	6	15	8	0	8	20	12	0
52	46	17	8	4	40	8	0	4	17	8	4	7	0	8	0	13	8	8	0	34	4	0	2	8	0	4	1	0	8	0	5	0	8	0	14	8	4	0	0	0	4	0	0	0	0	7	0	8	0	11	8	8	0	28	4	0	0	4	0	2	1	0	4	0	5	0	4	0	5	0	4	0	0	0	0	0	0	0	0	1	0	8	0	3	0	8	0	13	8	4	0	0	0	0	15	0	0	0	0	0	0	4	0	0	0	0	6	0	8	0	8	8	8	0	22	4	0	0	4	0	0	1	0	0	0	5	0	0	0	1	0	2	0	0	0	0	0	0	0	0	1	0	4	0	3	0	4	0	4	0	4	0	0	0	0	11	0	0	0	0	0	0	0	0	0	0	0	0	0	8	0	0	0	8	0	13	8	4	1	0	0	0	5	0	0	0	0	0	0	0	15	0	0	0	0	0	0	4	0	0	0	0	6	0	8	0	8	8	8	0
44	39	18	4	0	34	10	0	0	18	4	0	10	0	0	0	12	4	0	0	29	3	0	0	10	0	0	1	0	0	0	4	0	0	0	16	4	0	0	0	0	0	0	0	0	0	10	0	0	0	12	4	0	0	24	3	0	0	3	0	0	1	0	0	0	3	0	0	0	8	0	0	0	0	0	0	0	0	0	0	1	0	0	0	4	0	0	0	15	4	0	0	0	0	0	23	0	0	0	0	0	0	0	0	0	0	0	9	0	0	0	9	4	0	0	19	3	0	0	3	0	0	1	0	0	0	3	0	0	0	1	0	0	0	0	0	0	0	0	0	0	1	0	0	0	3	0	0	0	7	0	0	0	0	0	0	21	0	0	0	0	0	0	0	0	0	0	0	0	0	0	0	1	0	0	0	15	4	0	1	0	0	0	5	0	0	0	0	0	0	0	23	0	0	0	0	0	0	0	0	0	0	0	9	0	0	0	9	4	0	0
124	107	53	45	54	90	37	30	23	53	45	54	27	15	58	22	57	45	54	35	74	37	30	21	37	30	23	27	15	12	20	54	45	23	20	37	29	54	6	0	0	8	17	0	0	0	27	15	58	22	53	45	54	35	59	35	30	14	37	30	21	27	15	8	8	54	45	21	8	24	15	23	6	0	0	0	16	0	0	0	27	15	12	20	50	45	23	20	17	14	54	2	0	0	7	40	28	0	5	6	0	0	8	17	0	0	0	6	0	58	22	9	0	54	35	44	32	29	0	35	30	14	25	15	0	0	51	45	14	0	24	15	21	6	0	0	0	16	0	0	0	27	15	8	8	50	45	21	8	4	0	23	0	0	0	0	2	0	0	0	6	0	0	0	16	0	0	0	6	0	12	20	6	0	23	20	13	14	54	6	14	11	0	8	14	0	0	2	0	0	7	38	28	0	5	0	0	0	8	1	0	0	0	0	0	58	22	3	0	54	35
83	71	45	37	14	59	36	20	9	45	37	14	31	10	5	0	61	30	28	4	48	36	20	9	36	20	9	31	10	0	0	61	30	18	4	35	26	14	7	0	0	0	25	0	0	0	31	10	5	0	61	30	28	4	38	31	20	9	36	20	9	31	10	0	0	61	30	18	2	29	10	9	7	0	0	0	25	0	0	0	31	10	0	0	61	30	18	4	13	16	14	2	0	0	0	15	40	0	0	7	0	0	0	25	0	0	0	11	0	5	0	10	0	28	4	28	27	18	0	31	20	9	26	10	0	0	55	30	18	0	29	10	9	7	0	0	0	25	0	0	0	31	10	0	0	61	30	18	2	7	0	9	0	0	0	0	2	0	0	0	7	0	0	0	25	0	0	0	11	0	0	0	10	0	18	4	6	16	14	9	16	4	0	6	16	0	0	2	0	0	0	13	40	0	0	0	0	0	0	0	0	0	0	0	0	5	0	0	0	28	4
67	56	42	34	9	45	29	28	9	42	34	9	28	0	0	0	50	56	9	0	34	29	28	9	29	28	9	28	0	0	0	50	56	9	0	27	34	9	4	0	0	0	16	0	0	0	28	0	0	0	50	56	9	0	27	27	28	9	29	28	9	28	0	0	0	50	56	9	0	22	28	9	4	0	0	0	16	0	0	0	28	0	0	0	50	56	9	0	9	6	9	2	0	0	0	13	12	0	0	4	0	0	0	16	0	0	0	8	0	0	0	7	0	9	0	20	24	24	0	27	28	9	26	0	0	0	47	56	9	0	22	28	9	4	0	0	0	16	0	0	0	28	0	0	0	50	56	9	0	4	0	9	0	0	0	0	1	0	0	0	4	0	0	0	16	0	0	0	8	0	0	0	7	0	9	0	5	6	9	7	24	4	0	5	6	0	0	2	0	0	0	12	12	0	0	0	0	0	0	0	0	0	0	0	0	0	0	0	0	9	0
63	55	26	7	24	47	22	0	11	26	7	24	21	0	5	16	34	0	24	8	39	22	0	11	22	0	11	21	0	0	16	34	0	11	8	18	7	24	4	0	0	0	12	0	0	0	21	0	5	16	32	0	24	8	31	20	0	9	22	0	11	21	0	0	8	34	0	11	4	14	0	11	4	0	0	0	12	0	0	0	21	0	0	16	32	0	11	8	7	7	24	0	0	0	4	10	14	0	0	4	0	0	0	12	0	0	0	6	0	5	16	5	0	24	8	23	18	0	0	20	0	9	19	0	0	0	31	0	9	0	14	0	11	4	0	0	0	12	0	0	0	21	0	0	8	32	0	11	4	3	0	11	0	0	0	0	1	0	0	0	4	0	0	0	12	0	0	0	6	0	0	16	5	0	11	8	4	7	24	3	0	4	0	4	7	0	0	0	0	0	4	9	14	0	0	0	0	0	0	0	0	0	0	0	0	5	16	0	0	24	8
40	33	30	18	0	26	19	12	0	30	18	0	16	8	0	0	30	38	0	0	19	15	12	0	19	12	0	8	8	0	0	24	32	0	0	17	18	0	5	0	0	0	17	16	0	0	16	8	0	0	29	38	0	0	14	10	10	0	15	12	0	8	8	0	0	23	32	0	0	12	12	0	5	0	0	0	17	16	0	0	8	8	0	0	23	32	0	0	8	8	0	0	4	0	0	9	10	0	0	5	0	0	0	17	16	0	0	5	8	0	0	6	8	0	0	10	8	4	0	10	10	0	3	4	0	0	17	28	0	0	12	12	0	5	0	0	0	17	16	0	0	8	8	0	0	23	32	0	0	5	4	0	0	0	0	0	2	0	0	0	5	0	0	0	17	16	0	0	5	8	0	0	6	8	0	0	3	4	0	6	8	0	0	3	4	0	0	0	4	0	0	7	10	0	0	0	0	0	0	0	0	0	0	0	0	0	0	0	0	0	0
81	67	42	49	36	53	35	49	33	39	49	36	31	0	8	20	42	27	0	0	40	25	45	16	32	49	33	17	0	8	6	27	27	0	0	23	36	36	27	36	0	19	36	81	0	27	25	0	8	20	33	27	0	0	27	10	9	4	22	45	16	9	0	7	4	20	27	0	0	16	36	33	15	36	0	4	33	81	0	12	11	0	8	6	18	27	0	0	18	36	36	6	0	8	8	8	18	144	19	26	36	0	19	36	81	0	27	11	0	8	20	18	27	0	0	18	8	9	0	9	9	4	4	0	0	0	11	0	0	0	15	36	16	15	36	0	0	33	81	0	4	7	0	7	4	15	27	0	0	14	36	33	6	0	7	0	8	18	132	0	15	36	0	4	33	81	0	12	9	0	8	6	12	27	0	0	5	0	36	5	0	0	0	4	0	0	5	2	0	8	8	0	0	144	19	11	0	0	19	3	0	0	27	6	0	8	20	9	0	0	0
101	82	56	127	47	64	37	101	46	37	109	47	14	94	48	7	41	129	94	0	48	28	76	42	21	85	46	7	68	48	6	18	86	92	0	26	77	47	10	168	7	19	25	93	47	0	7	62	48	7	31	81	94	0	32	17	34	15	12	60	42	1	24	47	4	9	45	84	0	10	53	46	6	88	7	4	18	77	46	0	0	36	48	6	8	38	92	0	25	77	47	13	70	8	40	8	36	188	26	9	168	7	19	25	93	47	0	3	62	48	7	28	81	94	0	20	13	29	0	4	22	15	1	22	10	0	4	33	30	0	8	36	42	6	72	7	0	18	63	42	0	0	0	47	4	5	9	84	0	10	53	46	1	62	7	0	6	33	184	0	6	88	7	4	18	77	46	0	0	36	48	6	8	38	92	0	13	29	47	13	47	0	0	19	44	0	7	0	22	8	40	0	0	188	26	3	72	7	19	4	9	47	0	3	62	48	7	23	69	94	0
67	56	37	31	27	45	29	24	26	32	31	27	21	0	26	7	36	15	27	0	34	22	21	16	24	24	26	14	0	26	0	19	8	26	0	22	31	27	24	21	0	13	28	47	0	20	15	0	26	7	30	15	27	0	23	9	0	0	17	21	16	6	0	25	0	13	7	16	0	14	24	26	15	0	0	0	25	40	0	8	8	0	26	0	13	8	26	0	20	31	27	7	0	0	0	7	16	81	26	23	21	0	13	28	47	0	20	10	0	26	7	24	15	27	0	15	8	0	0	6	0	0	3	0	0	0	6	0	0	0	12	21	16	15	0	0	0	25	35	0	2	4	0	25	0	10	7	16	0	13	24	26	7	0	0	0	7	16	78	0	15	0	0	0	25	40	0	8	7	0	26	0	10	8	26	0	8	7	27	6	0	0	0	8	0	0	0	2	0	0	0	0	0	81	26	8	21	0	13	3	7	0	20	7	0	26	7	17	7	27	0
73	60	35	47	30	47	28	43	18	34	47	30	22	35	0	13	35	57	0	14	35	19	40	3	27	43	18	10	32	0	0	25	48	0	9	18	35	30	10	24	0	6	27	72	0	27	18	35	0	13	31	57	0	14	24	8	16	0	18	40	3	6	32	0	0	21	48	0	9	14	32	18	6	24	0	0	26	72	0	12	6	32	0	0	21	48	0	9	11	24	30	0	0	2	0	5	8	90	4	9	24	0	6	27	72	0	27	4	24	0	13	10	24	0	14	16	4	8	0	8	16	0	2	8	0	0	12	24	0	9	14	32	3	6	24	0	0	26	72	0	4	6	32	0	0	21	48	0	9	10	24	18	0	0	0	0	5	8	54	0	6	24	0	0	26	72	0	12	4	24	0	0	9	24	0	9	1	0	30	0	0	12	0	0	0	30	0	0	0	2	0	0	0	90	4	3	0	0	6	1	0	0	27	0	0	0	13	1	0	0	14
76	63	36	41	52	50	30	38	11	35	41	52	24	29	0	21	44	60	0	101	38	22	36	0	29	38	11	12	27	0	0	35	54	0	52	20	29	52	8	18	0	0	22	72	0	11	20	29	0	21	40	60	0	101	27	13	18	0	21	36	0	8	27	0	0	31	54	0	50	17	27	11	7	18	0	0	22	72	0	8	8	27	0	0	31	54	0	52	8	18	52	0	0	2	0	3	9	104	0	7	18	0	0	22	72	0	11	5	18	0	21	8	27	0	101	18	4	9	0	13	18	0	3	9	0	0	23	27	0	41	17	27	0	7	18	0	0	22	72	0	4	8	27	0	0	31	54	0	50	8	18	11	0	0	0	0	3	9	22	0	7	18	0	0	22	72	0	8	5	18	0	0	8	27	0	52	0	0	52	0	0	50	0	0	0	52	0	0	0	2	0	0	0	104	0	0	0	0	0	0	0	0	11	0	0	0	21	0	0	0	101
65	53	30	29	32	42	21	11	29	10	18	32	1	0	9	20	6	0	64	0	31	20	11	29	1	0	29	0	0	9	20	0	0	58	0	10	18	32	0	0	0	0	0	0	0	0	1	0	9	20	6	0	64	0	20	20	11	29	0	0	29	0	0	9	20	0	0	58	0	1	0	29	0	0	0	0	0	0	0	0	0	0	9	20	0	0	58	0	10	18	32	1	0	0	0	1	0	0	0	0	0	0	0	0	0	0	0	1	0	9	20	6	0	64	0	9	13	9	6	0	0	29	0	0	9	4	0	0	58	0	0	0	29	0	0	0	0	0	0	0	0	0	0	9	20	0	0	58	0	1	0	29	1	0	0	0	1	0	0	0	0	0	0	0	0	0	0	0	0	0	9	20	0	0	58	0	9	18	32	19	18	0	20	31	63	0	25	0	0	0	0	0	0	0	0	0	0	0	0	0	0	0	0	1	0	9	20	6	0	64	0
64	52	37	30	54	41	26	20	32	20	19	54	6	9	22	43	14	27	54	74	30	19	11	32	9	9	32	2	0	12	43	5	0	32	72	18	19	54	8	0	57	0	15	0	54	0	4	9	22	43	11	27	54	74	19	18	10	31	2	0	32	2	0	12	40	3	0	32	58	7	9	32	8	0	0	0	12	0	32	0	0	0	12	43	2	0	32	72	18	19	54	18	10	0	7	7	10	0	0	8	0	57	0	15	0	54	0	4	9	22	43	11	27	54	74	9	12	9	3	2	0	31	2	0	12	3	3	0	31	15	0	0	32	0	0	0	0	0	0	32	0	0	0	12	40	0	0	32	58	7	9	32	4	9	0	0	5	9	0	0	8	0	0	0	12	0	32	0	0	0	12	43	2	0	32	72	8	9	54	17	9	18	12	29	36	0	40	2	0	0	7	0	0	0	0	0	0	57	0	0	0	54	0	4	9	22	43	9	27	54	74
72	57	42	63	40	45	31	36	28	18	27	40	7	0	26	19	13	27	120	47	33	26	36	28	7	0	28	2	0	16	19	4	0	84	46	16	27	40	8	0	36	0	10	0	0	0	5	0	26	19	10	27	120	47	21	26	36	28	2	0	28	2	0	16	19	3	0	84	42	5	0	28	8	0	0	0	7	0	0	0	0	0	16	19	1	0	84	46	16	27	40	19	0	0	0	6	0	0	0	8	0	36	0	10	0	0	0	5	0	26	19	10	27	120	47	9	13	27	5	2	0	28	2	0	16	3	3	0	84	15	0	0	28	0	0	0	0	0	0	0	0	0	0	16	19	0	0	84	42	5	0	28	5	0	0	0	4	0	0	0	8	0	0	0	7	0	0	0	0	0	16	19	1	0	84	46	8	27	40	12	81	18	16	28	99	0	25	2	0	0	0	0	0	0	0	0	0	36	0	0	0	0	0	5	0	26	19	9	27	120	47
29	24	19	4	5	19	11	0	5	8	4	5	0	0	5	0	3	0	5	0	14	11	0	5	0	0	5	0	0	5	0	0	0	5	0	8	4	5	0	0	0	0	0	0	0	0	0	0	5	0	3	0	5	0	9	11	0	5	0	0	5	0	0	5	0	0	0	5	0	0	0	5	0	0	0	0	0	0	0	0	0	0	5	0	0	0	5	0	8	4	5	0	0	0	0	0	0	0	0	0	0	0	0	0	0	0	0	0	0	5	0	3	0	5	0	4	8	0	0	0	0	5	0	0	5	0	0	0	5	0	0	0	5	0	0	0	0	0	0	0	0	0	0	5	0	0	0	5	0	0	0	5	0	0	0	0	0	0	0	0	0	0	0	0	0	0	0	0	0	0	5	0	0	0	5	0	8	4	5	17	0	0	0	28	12	0	9	0	0	0	0	0	0	0	0	0	0	0	0	0	0	0	0	0	0	5	0	3	0	5	0
24	18	11	12	0	14	8	8	0	3	4	0	0	0	0	0	0	0	0	0	10	8	8	0	0	0	0	0	0	0	0	0	0	0	0	3	4	0	0	0	0	0	0	0	0	0	0	0	0	0	0	0	0	0	6	8	8	0	0	0	0	0	0	0	0	0	0	0	0	0	0	0	0	0	0	0	0	0	0	0	0	0	0	0	0	0	0	0	3	4	0	0	0	0	0	0	0	0	0	0	0	0	0	0	0	0	0	0	0	0	0	0	0	0	0	2	1	4	0	0	0	0	0	0	0	0	0	0	0	0	0	0	0	0	0	0	0	0	0	0	0	0	0	0	0	0	0	0	0	0	0	0	0	0	0	0	0	0	0	0	0	0	0	0	0	0	0	0	0	0	0	0	0	0	0	0	3	4	0	2	8	0	0	10	14	0	0	0	0	0	0	0	0	0	0	0	0	0	0	0	0	0	0	0	0	0	0	0	0	0	0
56	41	37	68	39	30	29	44	17	14	24	39	8	0	53	34	9	0	117	94	19	26	44	7	6	0	17	8	0	36	14	8	0	51	60	8	24	39	9	0	0	7	11	24	0	47	0	0	53	34	1	0	117	94	8	21	32	7	3	0	7	6	0	0	14	5	0	21	60	0	0	17	0	0	0	7	0	0	0	46	0	0	36	14	0	0	51	60	8	24	39	13	96	22	0	7	16	0	0	9	0	0	7	11	24	0	47	0	0	53	34	1	0	117	94	0	0	0	7	0	0	7	0	0	0	14	0	0	21	59	0	0	7	0	0	0	7	0	0	0	42	0	0	0	14	0	0	21	60	0	0	17	0	0	18	0	0	0	0	0	0	0	0	7	0	0	0	46	0	0	36	14	0	0	51	60	0	0	39	0	0	77	0	0	0	156	0	0	0	22	0	0	0	0	0	0	0	0	7	0	0	0	47	0	0	53	34	0	0	117	94
43	32	22	24	39	24	19	24	9	3	0	39	0	0	0	28	0	0	0	77	16	19	24	9	0	0	9	0	0	0	28	0	0	0	62	3	0	39	0	0	0	0	3	0	0	0	0	0	0	28	0	0	0	77	8	19	24	9	0	0	9	0	0	0	28	0	0	0	62	0	0	9	0	0	0	0	0	0	0	0	0	0	0	28	0	0	0	62	3	0	39	12	0	0	0	2	0	0	0	0	0	0	0	3	0	0	0	0	0	0	28	0	0	0	77	0	0	0	9	0	0	9	0	0	0	28	0	0	0	62	0	0	9	0	0	0	0	0	0	0	0	0	0	0	28	0	0	0	62	0	0	9	0	0	0	0	0	0	0	0	0	0	0	0	0	0	0	0	0	0	0	28	0	0	0	62	0	0	39	0	0	76	0	0	0	117	0	0	0	0	0	0	0	0	0	0	0	0	0	0	0	0	0	0	0	0	28	0	0	0	77
34	24	22	24	20	18	18	24	0	5	0	20	4	0	0	0	2	0	0	72	12	18	24	0	1	0	0	4	0	0	0	2	0	0	57	4	0	20	1	0	0	0	5	0	0	0	0	0	0	0	0	0	0	72	6	17	24	0	1	0	0	4	0	0	0	2	0	0	57	0	0	0	0	0	0	0	0	0	0	0	0	0	0	0	0	0	0	57	4	0	20	16	0	0	0	3	0	0	0	1	0	0	0	5	0	0	0	0	0	0	0	0	0	0	72	0	0	0	0	0	0	0	0	0	0	0	0	0	0	57	0	0	0	0	0	0	0	0	0	0	0	0	0	0	0	0	0	0	57	0	0	0	0	0	0	0	0	0	0	0	0	0	0	0	0	0	0	0	0	0	0	0	0	0	0	57	0	0	20	0	0	40	0	0	0	80	0	0	0	0	0	0	0	0	0	0	0	0	0	0	0	0	0	0	0	0	0	0	0	0	72
25	16	20	27	0	11	13	20	0	7	7	0	2	16	0	0	3	8	0	0	7	11	19	0	2	4	0	2	16	0	0	3	8	0	0	5	3	0	0	3	0	0	5	6	0	0	0	0	0	0	0	0	0	0	3	10	12	0	0	3	0	0	12	0	0	0	6	0	0	0	0	0	0	0	0	0	0	0	0	0	0	0	0	0	0	0	0	0	5	3	0	16	12	0	0	4	3	0	0	0	3	0	0	5	6	0	0	0	0	0	0	0	0	0	0	0	0	0	0	0	0	0	0	0	0	0	0	0	0	0	0	0	0	0	0	0	0	0	0	0	0	0	0	0	0	0	0	0	0	0	0	0	0	0	0	0	0	0	0	0	0	0	0	0	0	0	0	0	0	0	0	0	0	0	0	0	0	0	0	0	0	0	0	0	0	0	0	0	0	0	0	0	0	0	0	0	0	0	0	0	0	0	0	0	0	0	0	0	0	0	0
20	14	17	12	0	10	13	8	0	7	4	0	6	0	0	0	5	0	0	0	6	11	8	0	3	0	0	6	0	0	0	5	0	0	0	4	4	0	1	0	0	0	5	4	0	0	0	0	0	0	0	0	0	0	2	8	4	0	1	0	0	4	0	0	0	2	0	0	0	0	0	0	0	0	0	0	0	0	0	0	0	0	0	0	0	0	0	0	4	4	0	16	8	0	0	3	4	0	0	1	0	0	0	5	4	0	0	0	0	0	0	0	0	0	0	0	0	0	0	0	0	0	0	0	0	0	0	0	0	0	0	0	0	0	0	0	0	0	0	0	0	0	0	0	0	0	0	0	0	0	0	0	0	0	0	0	0	0	0	0	0	0	0	0	0	0	0	0	0	0	0	0	0	0	0	0	0	0	0	0	0	0	0	0	0	0	0	0	0	0	0	0	0	0	0	0	0	0	0	0	0	0	0	0	0	0	0	0	0	0	0
42	29	27	50	38	16	11	28	38	25	50	38	18	56	57	0	27	51	76	0	7	1	0	38	10	28	38	4	0	57	0	3	7	76	0	9	14	38	1	0	42	0	0	0	152	0	14	56	57	0	24	42	76	0	0	0	0	10	0	0	38	0	0	57	0	0	0	76	0	0	0	38	0	0	42	0	0	0	152	0	0	0	57	0	0	0	76	0	0	0	38	0	0	0	4	0	0	0	118	0	0	42	0	0	0	152	0	0	0	57	0	0	0	76	0	0	0	0	4	0	0	10	0	0	36	0	0	0	20	0	0	0	38	0	0	42	0	0	0	152	0	0	0	57	0	0	0	76	0	0	0	38	0	0	0	0	0	0	0	62	0	0	42	0	0	0	152	0	0	0	57	0	0	0	76	0	0	0	0	0	0	0	16	0	0	0	0	0	0	0	4	0	0	0	118	0	0	0	0	0	0	0	0	0	0	0	0	0	0	0	0
52	36	27	69	56	21	17	51	55	21	54	56	14	84	17	11	21	63	56	0	10	3	10	52	14	40	55	4	40	17	9	9	30	55	0	4	10	56	0	10	70	25	0	0	224	0	10	40	17	11	12	30	56	0	0	0	0	8	0	0	52	0	0	17	0	0	0	52	0	0	0	55	0	0	68	0	0	0	220	0	0	0	17	9	0	0	55	0	0	0	56	0	0	12	16	0	0	56	192	0	0	70	25	0	0	224	0	0	0	17	11	0	0	56	0	0	0	0	7	0	0	8	0	0	0	0	0	0	8	0	0	0	52	0	0	64	0	0	0	208	0	0	0	17	0	0	0	52	0	0	0	55	0	0	11	14	0	0	55	134	0	0	68	0	0	0	220	0	0	0	17	9	0	0	55	0	0	0	0	0	0	0	7	0	0	0	0	0	0	0	16	0	0	0	192	0	0	0	25	0	0	0	0	0	0	0	11	0	0	0	0
38	28	26	9	45	18	22	9	36	18	9	45	21	0	8	11	22	0	0	39	9	8	0	33	14	9	36	8	0	8	9	10	0	0	17	4	0	45	1	0	41	25	0	0	45	0	13	0	8	11	12	0	0	39	0	0	0	0	0	0	33	0	0	8	0	0	0	0	7	0	0	36	0	0	39	0	0	0	36	0	0	0	8	9	0	0	0	17	0	0	45	0	0	44	0	0	0	0	140	0	0	41	25	0	0	45	0	0	0	8	11	0	0	0	39	0	0	0	0	0	0	0	0	0	0	0	0	0	0	7	0	0	33	0	0	35	0	0	0	33	0	0	0	8	0	0	0	0	7	0	0	36	0	0	11	0	0	0	0	123	0	0	39	0	0	0	36	0	0	0	8	9	0	0	0	17	0	0	0	0	0	0	0	0	0	0	0	0	0	0	0	0	0	0	140	0	0	0	25	0	0	0	0	0	0	0	11	0	0	0	39
37	27	21	9	49	18	20	9	37	11	0	49	12	0	0	20	12	0	0	39	9	10	9	25	10	0	37	8	0	0	9	9	0	0	17	1	0	49	1	0	33	25	0	0	0	54	4	0	0	20	3	0	0	39	0	0	0	0	0	0	25	0	0	0	0	0	0	0	7	0	0	37	0	0	31	0	0	0	0	32	0	0	0	9	0	0	0	17	0	0	49	0	0	58	0	0	0	49	110	0	0	33	25	0	0	0	54	0	0	0	20	0	0	0	39	0	0	0	0	0	0	0	0	0	0	0	0	0	0	7	0	0	25	0	0	27	0	0	0	0	32	0	0	0	0	0	0	0	7	0	0	37	0	0	20	0	0	0	37	105	0	0	31	0	0	0	0	32	0	0	0	9	0	0	0	17	0	0	0	0	0	0	0	0	0	0	0	0	0	0	0	0	0	0	110	0	0	0	25	0	0	0	54	0	0	0	20	0	0	0	39
33	23	25	23	25	14	21	21	11	9	14	25	14	14	0	11	11	21	0	39	7	13	7	9	8	14	11	10	14	0	9	8	21	0	17	1	0	25	1	0	27	18	0	0	50	0	4	0	0	11	3	0	0	39	0	0	0	0	0	0	9	0	0	0	0	0	0	0	7	0	0	11	0	0	22	0	0	0	22	0	0	0	0	9	0	0	0	17	0	0	25	0	0	60	0	0	0	25	47	0	0	27	18	0	0	50	0	0	0	0	11	0	0	0	39	0	0	0	0	0	0	0	0	0	0	0	0	0	0	7	0	0	9	0	0	18	0	0	0	18	0	0	0	0	0	0	0	0	7	0	0	11	0	0	11	0	0	0	11	46	0	0	22	0	0	0	22	0	0	0	0	9	0	0	0	17	0	0	0	0	0	0	0	0	0	0	0	0	0	0	0	0	0	0	47	0	0	0	18	0	0	0	0	0	0	0	11	0	0	0	39
48	31	23	42	97	14	1	0	73	22	42	97	4	0	145	54	4	0	291	94	0	0	0	73	0	0	73	0	0	70	54	0	0	219	93	0	0	97	0	0	10	0	0	0	0	0	0	0	145	54	0	0	291	94	0	0	0	73	0	0	73	0	0	70	54	0	0	219	90	0	0	73	0	0	0	0	0	0	0	0	0	0	70	54	0	0	219	93	0	0	0	0	0	0	0	0	0	0	0	0	0	0	0	0	0	0	0	0	0	0	54	0	0	0	94	0	0	0	50	0	0	73	0	0	70	10	0	0	219	18	0	0	73	0	0	0	0	0	0	0	0	0	0	70	54	0	0	219	90	0	0	0	0	0	0	0	0	0	0	0	0	0	0	0	0	0	0	0	0	0	0	54	0	0	0	93	0	0	0	0	0	0	40	0	0	0	82	0	0	0	0	0	0	0	0	0	0	0	0	0	0	0	0	0	0	0	0	0	0	0	0
36	23	15	30	40	10	0	0	31	15	30	40	0	0	58	12	1	0	120	38	0	0	0	31	0	0	31	0	0	28	12	0	0	93	38	0	0	40	0	0	0	0	0	0	0	0	0	0	58	12	0	0	120	38	0	0	0	31	0	0	31	0	0	28	12	0	0	93	38	0	0	31	0	0	0	0	0	0	0	0	0	0	28	12	0	0	93	38	0	0	0	0	0	0	0	0	0	0	0	0	0	0	0	0	0	0	0	0	0	0	12	0	0	0	38	0	0	0	28	0	0	31	0	0	28	10	0	0	93	10	0	0	31	0	0	0	0	0	0	0	0	0	0	28	12	0	0	93	38	0	0	0	0	0	0	0	0	0	0	0	0	0	0	0	0	0	0	0	0	0	0	12	0	0	0	38	0	0	0	0	0	0	10	0	0	0	0	0	0	0	0	0	0	0	0	0	0	0	0	0	0	0	0	0	0	0	0	0	0	0	0
20	13	10	6	12	6	0	0	12	10	6	12	0	0	5	0	0	0	12	0	0	0	0	12	0	0	12	0	0	5	0	0	0	12	0	0	0	12	0	0	0	0	0	0	0	0	0	0	5	0	0	0	12	0	0	0	0	12	0	0	12	0	0	5	0	0	0	12	0	0	0	12	0	0	0	0	0	0	0	0	0	0	5	0	0	0	12	0	0	0	0	0	0	0	0	0	0	0	0	0	0	0	0	0	0	0	0	0	0	0	0	0	0	0	0	0	0	0	11	0	0	12	0	0	5	0	0	0	12	0	0	0	12	0	0	0	0	0	0	0	0	0	0	5	0	0	0	12	0	0	0	0	0	0	0	0	0	0	0	0	0	0	0	0	0	0	0	0	0	0	0	0	0	0	0	0	0	0	0	0	0	0	6	0	0	0	0	0	0	0	0	0	0	0	0	0	0	0	0	0	0	0	0	0	0	0	0	0	0	0	0
23	15	10	7	28	7	0	0	27	10	7	28	0	0	30	8	0	0	28	0	0	0	0	27	0	0	27	0	0	28	8	0	0	27	0	0	0	28	0	0	0	0	0	0	0	0	0	0	30	8	0	0	28	0	0	0	0	27	0	0	27	0	0	28	8	0	0	27	0	0	0	27	0	0	0	0	0	0	0	0	0	0	28	8	0	0	27	0	0	0	0	0	0	0	0	0	0	0	0	0	0	0	0	0	0	0	0	0	0	0	8	0	0	0	0	0	0	0	26	0	0	27	0	0	28	8	0	0	27	0	0	0	27	0	0	0	0	0	0	0	0	0	0	28	8	0	0	27	0	0	0	0	0	0	0	0	0	0	0	0	0	0	0	0	0	0	0	0	0	0	0	8	0	0	0	0	0	0	0	0	0	0	6	0	0	0	0	0	0	0	0	0	0	0	0	0	0	0	0	0	0	0	0	0	0	0	0	0	0	0	0
28	18	14	16	26	8	0	0	25	14	16	26	0	0	40	8	0	0	52	0	0	0	0	25	0	0	25	0	0	38	8	0	0	50	0	0	0	26	0	0	0	0	0	0	0	0	0	0	40	8	0	0	52	0	0	0	0	25	0	0	25	0	0	38	8	0	0	50	0	0	0	25	0	0	0	0	0	0	0	0	0	0	38	8	0	0	50	0	0	0	0	0	0	0	0	0	0	0	0	0	0	0	0	0	0	0	0	0	0	0	8	0	0	0	0	0	0	0	25	0	0	25	0	0	38	8	0	0	50	0	0	0	25	0	0	0	0	0	0	0	0	0	0	38	8	0	0	50	0	0	0	0	0	0	0	0	0	0	0	0	0	0	0	0	0	0	0	0	0	0	0	8	0	0	0	0	0	0	0	0	0	0	0	0	0	0	0	0	0	0	0	0	0	0	0	0	0	0	0	0	0	0	0	0	0	0	0	0	0	0	0
24	12	0	0	94	0	0	0	33	0	0	94	0	0	0	108	0	0	0	203	0	0	0	25	0	0	33	0	0	0	90	0	0	0	168	0	0	0	0	0	0	8	0	0	0	38	0	0	0	108	0	0	0	203	0	0	0	25	0	0	25	0	0	0	90	0	0	0	168	0	0	0	0	0	0	8	0	0	0	38	0	0	0	90	0	0	0	168	0	0	0	0	0	0	0	0	0	0	0	0	0	0	8	0	0	0	38	0	0	0	0	0	0	0	0	0	0	0	25	0	0	25	0	0	0	90	0	0	0	168	0	0	0	0	0	0	8	0	0	0	38	0	0	0	90	0	0	0	168	0	0	0	0	0	0	0	0	0	0	0	0	0	0	8	0	0	0	38	0	0	0	0	0	0	0	0	0	0	0	0	0	0	0	0	0	0	0	0	0	0	0	0	0	0	0	0	0	0	0	0	0	0	0	0	0	0	0	0	0	0	0
38	19	4	0	167	0	0	0	123	0	0	167	0	0	11	112	0	0	0	163	0	0	0	95	0	0	123	0	0	10	79	0	0	0	129	0	0	0	0	0	0	96	0	0	0	94	0	0	0	112	0	0	0	163	0	0	0	95	0	0	95	0	0	0	79	0	0	0	129	0	0	0	0	0	0	96	0	0	0	93	0	0	0	79	0	0	0	129	0	0	0	0	0	0	0	0	0	0	0	0	0	0	96	0	0	0	94	0	0	0	0	0	0	0	0	0	0	0	95	0	0	95	0	0	0	79	0	0	0	129	0	0	0	0	0	0	96	0	0	0	90	0	0	0	79	0	0	0	129	0	0	0	0	0	0	0	0	0	0	0	0	0	0	96	0	0	0	93	0	0	0	0	0	0	0	0	0	0	0	0	0	0	0	0	0	0	0	0	0	0	0	0	0	0	0	0	0	0	0	0	0	0	0	0	0	0	0	0	0	0	0
22	10	9	20	65	0	0	0	64	0	0	65	0	0	56	10	0	0	130	0	0	0	0	41	0	0	64	0	0	55	0	0	0	128	0	0	0	0	0	0	0	61	0	0	0	81	0	0	0	10	0	0	0	0	0	0	0	37	0	0	41	0	0	30	0	0	0	82	0	0	0	0	0	0	0	54	0	0	0	66	0	0	0	0	0	0	0	0	0	0	0	0	0	0	11	0	0	0	0	0	0	0	61	0	0	0	81	0	0	0	0	0	0	0	0	0	0	0	35	0	0	37	0	0	17	0	0	0	74	0	0	0	0	0	0	0	46	0	0	0	61	0	0	0	0	0	0	0	0	0	0	0	0	0	0	9	0	0	0	0	0	0	0	54	0	0	0	66	0	0	0	0	0	0	0	0	0	0	0	0	0	0	18	0	0	0	0	0	0	0	11	0	0	0	0	0	0	0	0	0	0	0	0	0	0	0	0	0	0	0	0
15	7	5	7	43	0	0	0	40	0	0	43	0	0	34	24	0	0	43	0	0	0	0	12	0	0	40	0	0	33	0	0	0	40	0	0	0	0	0	0	0	48	0	0	0	119	0	0	0	24	0	0	0	0	0	0	0	11	0	0	12	0	0	12	0	0	0	12	0	0	0	0	0	0	0	44	0	0	0	104	0	0	0	0	0	0	0	0	0	0	0	0	0	0	11	0	0	0	0	0	0	0	48	0	0	0	119	0	0	0	0	0	0	0	0	0	0	0	9	0	0	11	0	0	11	0	0	0	11	0	0	0	0	0	0	0	36	0	0	0	99	0	0	0	0	0	0	0	0	0	0	0	0	0	0	9	0	0	0	0	0	0	0	44	0	0	0	104	0	0	0	0	0	0	0	0	0	0	0	0	0	0	18	0	0	0	0	0	0	0	11	0	0	0	0	0	0	0	0	0	0	0	0	0	0	0	0	0	0	0	0
18	9	4	0	53	0	0	0	26	0	0	53	0	0	11	24	0	0	0	137	0	0	0	0	0	0	26	0	0	10	0	0	0	0	104	0	0	0	0	0	0	0	0	0	0	139	0	0	0	24	0	0	0	137	0	0	0	0	0	0	0	0	0	0	0	0	0	0	104	0	0	0	0	0	0	0	0	0	0	129	0	0	0	0	0	0	0	104	0	0	0	0	0	0	0	0	0	0	0	0	0	0	0	0	0	0	139	0	0	0	0	0	0	0	0	0	0	0	0	0	0	0	0	0	0	0	0	0	0	104	0	0	0	0	0	0	0	0	0	0	123	0	0	0	0	0	0	0	104	0	0	0	0	0	0	0	0	0	0	0	0	0	0	0	0	0	0	129	0	0	0	0	0	0	0	0	0	0	0	0	0	0	0	0	0	0	0	0	0	0	0	0	0	0	0	0	0	0	0	0	0	0	0	0	0	0	0	0	0	0	0
13	0	0	0	106	0	0	0	79	0	0	0	0	0	0	100	0	0	0	108	0	0	0	78	0	0	0	0	0	0	96	0	0	0	104	0	0	0	0	0	0	10	0	0	0	0	0	0	0	0	0	0	0	0	0	0	0	42	0	0	0	0	0	0	33	0	0	0	53	0	0	0	0	0	0	0	0	0	0	0	0	0	0	0	0	0	0	0	0	0	0	0	0	0	79	0	0	0	130	0	0	0	0	0	0	0	0	0	0	0	0	0	0	0	0	0	0	0	27	0	0	0	0	0	0	28	0	0	0	48	0	0	0	0	0	0	0	0	0	0	0	0	0	0	0	0	0	0	0	0	0	0	0	0	0	44	0	0	0	103	0	0	0	0	0	0	0	0	0	0	0	0	0	0	0	0	0	0	0	0	0	0	21	0	0	0	39	0	0	0	0	0	0	0	0	0	0	0	0	0	0	0	0	0	0	0	0	0	0	0	0
11	0	0	0	66	0	0	0	55	0	0	0	0	0	0	4	0	0	0	65	0	0	0	55	0	0	0	0	0	0	4	0	0	0	64	0	0	0	0	0	0	0	0	0	0	0	0	0	0	0	0	0	0	0	0	0	0	49	0	0	0	0	0	0	3	0	0	0	41	0	0	0	0	0	0	0	0	0	0	0	0	0	0	0	0	0	0	0	0	0	0	0	0	0	31	0	0	0	0	0	0	0	0	0	0	0	0	0	0	0	0	0	0	0	0	0	0	0	25	0	0	0	0	0	0	0	0	0	0	37	0	0	0	0	0	0	0	0	0	0	0	0	0	0	0	0	0	0	0	0	0	0	0	0	0	0	0	0	0	0	0	0	0	0	0	0	0	0	0	0	0	0	0	0	0	0	0	0	0	0	0	0	43	0	0	0	59	0	0	0	0	0	0	0	0	0	0	0	0	0	0	0	0	0	0	0	0	0	0	0	0
16	0	0	0	112	0	0	0	111	0	0	0	0	0	0	4	0	0	0	0	0	0	0	111	0	0	0	0	0	0	4	0	0	0	0	0	0	0	0	0	0	0	0	0	0	0	0	0	0	0	0	0	0	0	0	0	0	106	0	0	0	0	0	0	3	0	0	0	0	0	0	0	0	0	0	0	0	0	0	0	0	0	0	0	0	0	0	0	0	0	0	0	0	0	37	0	0	0	0	0	0	0	0	0	0	0	0	0	0	0	0	0	0	0	0	0	0	0	72	0	0	0	0	0	0	0	0	0	0	0	0	0	0	0	0	0	0	0	0	0	0	0	0	0	0	0	0	0	0	0	0	0	0	0	0	9	0	0	0	0	0	0	0	0	0	0	0	0	0	0	0	0	0	0	0	0	0	0	0	0	0	0	79	0	0	0	98	0	0	0	0	0	0	0	0	0	0	0	0	0	0	0	0	0	0	0	0	0	0	0	0
11	0	0	0	63	0	0	0	62	0	0	0	0	0	0	4	0	0	0	0	0	0	0	62	0	0	0	0	0	0	4	0	0	0	0	0	0	0	0	0	0	0	0	0	0	0	0	0	0	0	0	0	0	0	0	0	0	58	0	0	0	0	0	0	3	0	0	0	0	0	0	0	0	0	0	0	0	0	0	0	0	0	0	0	0	0	0	0	0	0	0	0	0	0	27	0	0	0	0	0	0	0	0	0	0	0	0	0	0	0	0	0	0	0	0	0	0	0	26	0	0	0	0	0	0	0	0	0	0	0	0	0	0	0	0	0	0	0	0	0	0	0	0	0	0	0	0	0	0	0	0	0	0	0	0	0	0	0	0	0	0	0	0	0	0	0	0	0	0	0	0	0	0	0	0	0	0	0	0	0	0	0	46	0	0	0	98	0	0	0	0	0	0	0	0	0	0	0	0	0	0	0	0	0	0	0	0	0	0	0	0
5	0	0	0	18	0	0	0	18	0	0	0	0	0	0	0	0	0	0	0	0	0	0	18	0	0	0	0	0	0	0	0	0	0	0	0	0	0	0	0	0	0	0	0	0	0	0	0	0	0	0	0	0	0	0	0	0	18	0	0	0	0	0	0	0	0	0	0	0	0	0	0	0	0	0	0	0	0	0	0	0	0	0	0	0	0	0	0	0	0	0	0	0	0	0	0	0	0	0	0	0	0	0	0	0	0	0	0	0	0	0	0	0	0	0	0	0	0	2	0	0	0	0	0	0	0	0	0	0	0	0	0	0	0	0	0	0	0	0	0	0	0	0	0	0	0	0	0	0	0	0	0	0	0	0	0	0	0	0	0	0	0	0	0	0	0	0	0	0	0	0	0	0	0	0	0	0	0	0	0	0	0	4	0	0	0	59	0	0	0	0	0	0	0	0	0	0	0	0	0	0	0	0	0	0	0	0	0	0	0	0
