96	85	51	44	0	74	23	24	0	51	44	0	37	60	0	0	62	103	0	0	63	12	8	0	23	24	0	8	24	0	0	29	58	0	0	51	44	0	26	16	0	0	60	36	0	0	37	60	0	0	62	103	0	0	52	5	0	0	12	8	0	1	0	0	0	11	12	0	0	23	24	0	9	0	0	0	30	16	0	0	8	24	0	0	29	58	0	0	51	44	0	12	0	0	0	36	39	0	0	26	16	0	0	60	36	0	0	37	60	0	0	62	103	0	0	41	4	0	0	5	0	0	0	0	0	0	5	0	0	0	12	8	0	7	0	0	0	11	0	0	0	1	0	0	0	11	12	0	0	23	24	0	7	0	0	0	8	18	0	0	9	0	0	0	30	16	0	0	8	24	0	0	29	58	0	0	44	44	0	10	0	0	0	1	0	0	0	12	0	0	0	36	39	0	0	26	16	0	0	60	36	0	0	37	60	0	0	56	103	0	0
65	58	34	14	0	51	14	8	0	34	14	0	31	8	0	0	47	39	0	0	44	6	0	0	14	8	0	10	0	0	0	23	28	0	0	34	14	0	13	0	0	0	37	14	0	0	31	8	0	0	47	39	0	0	37	2	0	0	6	0	0	1	0	0	0	7	0	0	0	14	8	0	3	0	0	0	22	8	0	0	10	0	0	0	23	28	0	0	34	14	0	6	0	0	0	32	4	0	0	13	0	0	0	37	14	0	0	31	8	0	0	47	39	0	0	30	1	0	0	2	0	0	0	0	0	0	2	0	0	0	6	0	0	1	0	0	0	6	0	0	0	1	0	0	0	7	0	0	0	14	8	0	1	0	0	0	6	0	0	0	3	0	0	0	22	8	0	0	10	0	0	0	23	28	0	0	33	14	0	1	0	0	0	1	0	0	0	6	0	0	0	32	4	0	0	13	0	0	0	37	14	0	0	31	8	0	0	46	39	0	0
58	52	30	8	0	46	18	0	0	30	8	0	30	0	0	0	51	4	0	0	40	9	0	0	18	0	0	11	0	0	0	33	0	0	0	30	8	0	15	0	0	0	36	8	0	0	30	0	0	0	51	4	0	0	34	4	0	0	9	0	0	1	0	0	0	11	0	0	0	18	0	0	5	0	0	0	22	0	0	0	11	0	0	0	33	0	0	0	30	8	0	8	0	0	0	25	8	0	0	15	0	0	0	36	8	0	0	30	0	0	0	51	4	0	0	28	3	0	0	4	0	0	0	0	0	0	5	0	0	0	9	0	0	3	0	0	0	9	0	0	0	1	0	0	0	11	0	0	0	18	0	0	3	0	0	0	6	0	0	0	5	0	0	0	22	0	0	0	11	0	0	0	33	0	0	0	27	8	0	1	0	0	0	1	0	0	0	8	0	0	0	25	8	0	0	15	0	0	0	36	8	0	0	30	0	0	0	47	4	0	0
67	60	39	12	0	53	25	0	0	39	12	0	40	0	0	0	62	16	0	0	46	14	0	0	25	0	0	15	0	0	0	41	0	0	0	39	12	0	27	0	0	0	48	16	0	0	40	0	0	0	62	16	0	0	39	7	0	0	14	0	0	1	0	0	0	16	0	0	0	25	0	0	11	0	0	0	27	0	0	0	15	0	0	0	41	0	0	0	39	12	0	14	0	0	0	27	16	0	0	27	0	0	0	48	16	0	0	40	0	0	0	62	16	0	0	32	6	0	0	7	0	0	0	0	0	0	8	0	0	0	14	0	0	9	0	0	0	14	0	0	0	1	0	0	0	16	0	0	0	25	0	0	9	0	0	0	10	0	0	0	11	0	0	0	27	0	0	0	15	0	0	0	41	0	0	0	33	12	0	10	0	0	0	1	0	0	0	14	0	0	0	27	16	0	0	27	0	0	0	48	16	0	0	40	0	0	0	55	16	0	0
114	101	68	61	0	88	48	28	0	67	61	0	49	69	0	0	106	78	0	0	75	29	13	0	47	28	0	22	17	0	0	73	32	0	0	67	61	0	44	38	0	0	82	115	0	0	49	69	0	0	106	78	0	0	62	15	4	0	28	13	0	10	4	0	0	35	13	0	0	47	28	0	21	8	0	0	44	61	0	0	22	17	0	0	73	32	0	0	63	61	0	27	20	0	0	41	55	0	0	43	38	0	0	82	115	0	0	49	69	0	0	106	78	0	0	49	14	0	0	14	4	0	6	0	0	0	11	4	0	0	28	13	0	21	0	0	0	26	27	0	0	10	4	0	0	35	13	0	0	43	28	0	25	0	0	0	26	9	0	0	20	8	0	0	44	61	0	0	22	17	0	0	73	32	0	0	50	61	0	16	0	0	0	7	4	0	0	26	20	0	0	41	55	0	0	43	38	0	0	82	115	0	0	44	69	0	0	91	78	0	0
88	77	36	34	20	66	21	25	0	36	34	20	27	15	28	0	59	41	20	0	55	10	16	0	21	25	0	6	7	0	0	24	25	0	0	36	34	20	17	16	12	0	43	41	20	0	27	15	28	0	59	41	20	0	44	5	8	0	10	16	0	0	0	0	0	11	16	0	0	21	25	0	8	8	0	0	16	24	0	0	6	7	0	0	24	25	0	0	35	34	20	8	8	4	0	13	8	20	0	17	16	12	0	43	41	20	0	27	15	28	0	59	41	20	0	34	5	7	0	5	8	0	0	0	0	0	6	8	0	0	10	16	0	8	7	0	0	11	21	0	0	0	0	0	0	11	16	0	0	21	25	0	8	7	0	0	10	7	0	0	8	8	0	0	16	24	0	0	6	7	0	0	24	25	0	0	26	24	20	9	7	0	0	0	0	0	0	8	8	4	0	13	8	20	0	17	16	12	0	43	41	20	0	27	15	28	0	49	31	20	0
125	108	68	107	12	91	45	76	0	67	107	12	44	82	20	0	94	138	36	0	74	26	50	0	44	76	0	15	28	0	0	54	83	0	0	67	107	12	35	114	12	0	78	123	24	0	44	82	20	0	94	138	36	0	57	12	30	0	25	50	0	10	0	0	0	29	50	0	0	44	76	0	15	60	0	0	41	50	0	0	15	28	0	0	54	83	0	0	59	107	12	21	60	4	0	33	42	24	0	34	114	12	0	78	123	24	0	44	82	20	0	94	138	36	0	43	11	21	0	11	30	0	6	0	0	0	8	30	0	0	25	50	0	15	42	0	0	24	35	0	0	10	0	0	0	29	50	0	0	39	76	0	19	42	0	0	24	31	0	0	14	60	0	0	41	50	0	0	15	28	0	0	54	83	0	0	45	65	12	7	63	0	0	7	0	0	0	20	60	4	0	33	42	24	0	34	114	12	0	78	123	24	0	37	82	20	0	80	96	36	0
75	65	35	29	12	55	23	28	0	35	29	12	22	6	8	0	44	37	0	0	45	16	20	0	23	28	0	10	6	0	0	26	36	0	0	35	29	12	26	14	4	0	46	21	12	0	22	6	8	0	44	37	0	0	35	8	12	0	16	20	0	4	0	0	0	18	27	0	0	23	28	0	13	12	0	0	18	18	0	0	10	6	0	0	26	36	0	0	30	29	12	13	12	4	0	9	6	12	0	26	14	4	0	46	21	12	0	22	6	8	0	44	37	0	0	27	8	12	0	8	12	0	4	0	0	0	7	18	0	0	16	20	0	13	12	0	0	18	18	0	0	4	0	0	0	18	27	0	0	21	28	0	13	12	0	0	9	6	0	0	13	12	0	0	18	18	0	0	10	6	0	0	26	36	0	0	20	13	12	12	0	0	0	0	0	0	0	13	12	4	0	9	6	12	0	26	14	4	0	46	21	12	0	18	6	8	0	33	13	0	0
76	64	54	55	4	52	37	47	0	53	55	4	44	32	8	0	79	58	4	0	40	21	38	0	36	47	0	18	32	0	0	44	54	0	0	53	55	4	39	42	4	0	65	55	0	0	44	32	8	0	79	58	4	0	30	10	20	0	20	38	0	6	20	0	0	21	39	0	0	36	47	0	14	30	0	0	26	35	0	0	18	32	0	0	44	54	0	0	45	35	4	20	30	4	0	24	15	12	0	38	42	4	0	65	55	0	0	44	32	8	0	79	58	4	0	22	9	18	0	9	20	0	2	20	0	0	7	15	0	0	20	38	0	14	24	0	0	19	28	0	0	6	20	0	0	21	39	0	0	31	31	0	18	30	0	0	19	15	0	0	13	30	0	0	26	35	0	0	18	32	0	0	44	54	0	0	32	19	4	13	8	0	0	8	0	0	0	19	30	4	0	24	15	12	0	38	42	4	0	65	55	0	0	37	0	8	0	65	34	4	0
80	67	64	68	4	55	44	56	0	63	56	4	60	39	8	0	80	69	8	0	43	26	42	0	43	44	0	33	34	0	0	48	59	0	0	57	56	4	41	64	4	0	83	77	0	0	57	39	8	0	73	69	8	0	32	12	23	0	25	31	0	10	22	0	0	24	35	0	0	37	44	0	16	35	0	0	28	40	0	0	30	34	0	0	41	59	0	0	44	45	4	24	36	4	0	30	52	16	0	37	53	4	0	82	77	0	0	42	39	8	0	68	69	8	0	22	8	17	0	11	13	0	4	8	0	0	9	5	0	0	19	31	0	12	26	0	0	15	32	0	0	7	22	0	0	17	35	0	0	25	34	0	17	29	0	0	14	40	0	0	12	25	0	0	27	40	0	0	15	34	0	0	36	59	0	0	35	35	4	12	15	0	0	6	24	4	0	24	26	4	0	30	52	16	0	37	53	4	0	82	77	0	0	32	29	8	0	58	59	8	0
98	85	53	40	37	72	33	18	12	52	40	37	30	36	42	32	67	49	74	36	59	13	0	0	32	18	12	8	0	12	0	38	18	24	0	52	40	37	19	0	42	0	43	55	74	0	30	36	42	32	67	49	74	36	46	8	0	0	12	0	0	2	0	0	0	7	0	0	0	32	18	12	13	0	4	0	31	45	24	0	8	0	12	0	38	18	24	0	49	40	37	17	0	3	0	32	38	0	0	18	0	42	0	43	55	74	0	30	36	42	32	67	49	74	36	33	3	0	0	7	0	0	1	0	0	0	5	0	0	0	12	0	0	2	0	0	0	4	0	0	0	2	0	0	0	7	0	0	0	29	18	12	10	0	0	0	15	9	0	0	12	0	4	0	31	45	24	0	8	0	12	0	38	18	24	0	36	40	37	2	0	31	0	7	0	0	0	16	0	3	0	32	38	0	0	18	0	42	0	43	55	74	0	27	36	42	32	56	49	74	36
81	70	44	36	13	59	22	12	4	44	36	13	20	36	26	8	54	36	39	12	48	8	0	0	22	12	4	2	0	8	0	24	12	12	0	44	36	13	12	0	14	0	29	45	26	0	20	36	26	8	54	36	39	12	37	4	0	0	8	0	0	0	0	0	0	5	0	0	0	22	12	4	6	0	0	0	17	30	8	0	2	0	8	0	24	12	12	0	42	36	13	11	0	0	0	25	27	0	0	12	0	14	0	29	45	26	0	20	36	26	8	54	36	39	12	26	1	0	0	4	0	0	0	0	0	0	3	0	0	0	8	0	0	0	0	0	0	0	0	0	0	0	0	0	0	5	0	0	0	20	12	4	5	0	0	0	7	6	0	0	6	0	0	0	17	30	8	0	2	0	8	0	24	12	12	0	31	36	13	1	0	21	0	3	0	0	0	11	0	0	0	25	27	0	0	12	0	14	0	29	45	26	0	18	36	26	8	45	36	39	12
75	65	22	25	11	55	7	0	8	22	25	11	10	0	12	12	21	15	55	0	45	3	0	0	7	0	8	0	0	8	0	6	0	40	0	22	25	11	5	0	0	0	18	0	0	0	10	0	12	12	21	15	55	0	35	0	0	0	3	0	0	0	0	0	0	2	0	0	0	7	0	8	0	0	0	0	10	0	0	0	0	0	8	0	6	0	40	0	22	25	11	0	0	0	0	15	15	0	0	5	0	0	0	18	0	0	0	10	0	12	12	21	15	55	0	25	0	0	0	0	0	0	0	0	0	0	0	0	0	0	3	0	0	0	0	0	0	0	0	0	0	0	0	0	0	2	0	0	0	7	0	8	0	0	0	0	2	0	0	0	0	0	0	0	10	0	0	0	0	0	8	0	6	0	40	0	19	25	11	0	0	0	0	0	0	0	0	0	0	0	0	15	15	0	0	5	0	0	0	18	0	0	0	10	0	12	12	19	15	55	0
88	75	63	53	23	62	42	42	4	62	53	23	47	30	23	20	77	89	23	20	49	21	12	0	41	42	4	19	0	4	0	43	66	4	0	59	53	23	36	0	47	0	74	49	115	0	47	30	23	20	74	89	23	20	37	13	7	0	20	12	0	9	0	0	0	13	0	0	0	38	42	4	18	0	4	0	33	42	20	0	19	0	4	0	40	66	4	0	51	41	23	24	35	3	0	36	47	0	0	35	0	47	0	74	49	115	0	44	30	23	20	72	89	23	20	25	4	6	0	12	7	0	5	0	0	0	10	0	0	0	17	12	0	2	0	0	0	4	0	0	0	9	0	0	0	10	0	0	0	30	30	4	11	30	0	0	14	30	0	0	17	0	4	0	33	42	20	0	16	0	4	0	38	66	4	0	36	41	23	1	6	32	0	7	21	0	0	23	35	3	0	36	47	0	0	35	0	47	0	74	49	115	0	33	30	23	20	57	89	23	20
51	44	16	10	0	37	5	0	0	16	10	0	6	0	0	0	13	6	0	0	30	3	0	0	5	0	0	0	0	0	0	4	0	0	0	16	10	0	5	0	0	0	13	0	0	0	6	0	0	0	13	6	0	0	23	0	0	0	3	0	0	0	0	0	0	2	0	0	0	5	0	0	0	0	0	0	5	0	0	0	0	0	0	0	4	0	0	0	16	10	0	0	0	0	0	8	6	0	0	5	0	0	0	13	0	0	0	6	0	0	0	13	6	0	0	16	0	0	0	0	0	0	0	0	0	0	0	0	0	0	3	0	0	0	0	0	0	0	0	0	0	0	0	0	0	2	0	0	0	5	0	0	0	0	0	0	1	0	0	0	0	0	0	0	5	0	0	0	0	0	0	0	4	0	0	0	13	10	0	0	0	0	0	0	0	0	0	0	0	0	0	8	6	0	0	5	0	0	0	13	0	0	0	6	0	0	0	11	6	0	0
94	80	24	25	66	66	11	13	35	24	25	66	3	0	75	64	27	25	66	61	52	8	12	8	11	13	35	0	0	36	20	11	13	35	24	24	25	66	13	12	0	28	31	36	0	44	3	0	75	64	27	25	66	61	38	0	0	0	8	12	8	0	0	4	0	8	12	8	0	11	13	35	0	0	0	0	0	0	0	0	0	0	36	20	11	13	35	24	23	25	66	0	0	50	0	4	0	66	0	13	12	0	28	31	36	0	44	3	0	75	64	27	25	66	61	25	0	0	0	0	0	0	0	0	0	0	0	0	0	0	8	12	8	0	0	0	0	0	0	0	0	0	0	4	0	8	12	8	0	11	13	35	0	0	40	0	0	0	35	0	0	0	0	0	0	0	0	0	0	0	36	20	11	13	35	24	12	12	66	0	0	0	0	0	0	0	0	0	0	50	0	4	0	66	0	13	12	0	28	31	36	0	44	3	0	75	64	16	12	66	61
83	70	26	40	47	57	11	22	13	26	40	47	7	0	80	39	36	29	94	84	44	6	18	4	11	22	13	2	0	14	12	8	11	26	28	26	40	47	8	36	0	8	29	45	0	12	7	0	80	39	36	29	94	84	31	1	0	0	6	18	4	0	0	0	0	4	9	8	0	11	22	13	0	0	0	0	0	0	0	0	2	0	14	12	8	11	26	28	23	40	47	5	0	30	0	8	9	94	0	8	36	0	8	29	45	0	12	7	0	80	39	36	29	94	84	20	0	0	0	1	0	0	0	0	0	0	0	0	0	0	6	18	4	0	0	0	0	0	0	0	0	0	0	0	0	4	9	8	0	9	22	13	0	0	21	0	0	0	26	0	0	0	0	0	0	0	0	0	2	0	14	12	8	11	26	28	14	18	47	0	0	6	0	3	0	0	0	5	0	30	0	8	9	94	0	8	36	0	8	29	45	0	12	5	0	80	39	28	18	94	84
49	42	8	0	13	35	3	0	0	8	0	13	0	0	12	0	7	0	0	24	28	3	0	0	3	0	0	0	0	0	0	2	0	0	12	8	0	13	5	0	0	0	13	0	0	0	0	0	12	0	7	0	0	24	21	0	0	0	3	0	0	0	0	0	0	2	0	0	0	3	0	0	0	0	0	0	0	0	0	0	0	0	0	0	2	0	0	12	8	0	13	0	0	0	0	2	0	0	0	5	0	0	0	13	0	0	0	0	0	12	0	7	0	0	24	14	0	0	0	0	0	0	0	0	0	0	0	0	0	0	3	0	0	0	0	0	0	0	0	0	0	0	0	0	0	2	0	0	0	3	0	0	0	0	0	0	0	0	0	0	0	0	0	0	0	0	0	0	0	0	0	0	2	0	0	12	5	0	13	0	0	0	0	0	0	0	0	0	0	0	0	2	0	0	0	5	0	0	0	13	0	0	0	0	0	12	0	5	0	0	24
28	24	0	0	7	20	0	0	0	0	0	7	0	0	0	0	0	0	0	11	16	0	0	0	0	0	0	0	0	0	0	0	0	0	8	0	0	7	0	0	0	0	0	0	0	0	0	0	0	0	0	0	0	11	12	0	0	0	0	0	0	0	0	0	0	0	0	0	0	0	0	0	0	0	0	0	0	0	0	0	0	0	0	0	0	0	0	8	0	0	7	0	0	0	0	0	0	0	0	0	0	0	0	0	0	0	0	0	0	0	0	0	0	0	11	8	0	0	0	0	0	0	0	0	0	0	0	0	0	0	0	0	0	0	0	0	0	0	0	0	0	0	0	0	0	0	0	0	0	0	0	0	0	0	0	0	0	0	0	0	0	0	0	0	0	0	0	0	0	0	0	0	0	0	0	8	0	0	7	0	0	0	0	0	0	0	0	0	0	0	0	0	0	0	0	0	0	0	0	0	0	0	0	0	0	0	0	0	0	0	11
35	30	2	0	7	25	1	0	0	2	0	7	0	0	0	0	2	0	0	11	20	1	0	0	1	0	0	0	0	0	0	1	0	0	8	2	0	7	1	0	0	0	3	0	0	0	0	0	0	0	2	0	0	11	15	0	0	0	1	0	0	0	0	0	0	1	0	0	0	1	0	0	0	0	0	0	0	0	0	0	0	0	0	0	1	0	0	8	2	0	7	0	0	0	0	0	0	0	0	1	0	0	0	3	0	0	0	0	0	0	0	2	0	0	11	10	0	0	0	0	0	0	0	0	0	0	0	0	0	0	1	0	0	0	0	0	0	0	0	0	0	0	0	0	0	1	0	0	0	1	0	0	0	0	0	0	0	0	0	0	0	0	0	0	0	0	0	0	0	0	0	0	1	0	0	8	1	0	7	0	0	0	0	0	0	0	0	0	0	0	0	0	0	0	0	1	0	0	0	3	0	0	0	0	0	0	0	1	0	0	11
89	73	36	51	93	57	23	36	61	36	51	93	30	36	0	87	35	99	93	113	41	6	0	33	23	36	61	10	0	0	36	16	36	61	48	36	51	93	9	0	99	50	14	24	279	73	30	36	0	87	35	99	93	113	25	0	0	4	6	0	33	0	0	0	4	0	0	33	12	23	36	61	0	0	60	8	0	0	183	20	10	0	0	36	16	36	61	48	25	51	93	0	0	17	20	3	0	0	48	9	0	99	50	14	24	279	73	30	36	0	87	35	99	93	113	12	0	0	0	0	0	4	0	0	0	0	0	0	4	0	6	0	33	0	0	48	0	0	0	99	0	0	0	0	4	0	0	33	12	15	36	61	0	0	16	0	0	0	0	0	0	0	60	8	0	0	183	20	10	0	0	36	16	36	61	48	5	12	93	0	0	0	0	1	0	0	0	0	0	17	20	3	0	0	48	9	0	99	50	14	24	279	73	10	36	0	87	16	60	93	113
76	62	39	45	58	48	24	31	41	38	45	58	32	42	5	62	35	61	58	47	34	9	10	14	23	31	41	10	20	5	14	15	10	41	13	37	45	58	13	10	69	31	30	20	116	73	32	42	5	62	34	61	58	47	21	2	0	0	8	10	14	1	0	3	0	1	0	14	4	22	31	41	1	0	45	0	0	0	82	20	10	20	5	14	14	10	41	13	27	32	58	4	0	22	0	10	0	58	20	12	10	69	31	30	20	116	73	31	42	5	62	34	61	58	47	10	1	0	0	1	0	0	0	0	0	0	1	0	0	0	7	10	14	1	0	32	0	0	0	28	0	1	0	3	0	0	0	14	4	13	20	41	1	0	21	0	0	0	41	0	0	0	45	0	0	0	82	20	9	20	5	14	14	10	41	13	9	10	58	1	0	0	0	3	0	0	0	3	0	22	0	10	0	58	20	12	10	69	31	30	20	116	73	12	20	5	62	17	50	58	47
76	61	57	76	17	46	35	36	16	55	76	17	55	100	5	6	42	110	68	0	31	15	14	7	33	36	16	25	28	5	0	23	21	64	0	49	76	17	12	56	15	10	30	84	34	23	52	100	5	6	35	110	68	0	18	5	0	0	13	14	7	6	0	3	0	9	0	28	0	27	36	16	5	0	15	0	2	0	32	4	22	28	5	0	16	21	64	0	27	50	17	8	0	22	0	11	21	34	8	7	56	15	10	28	84	34	23	37	100	5	6	27	110	68	0	7	1	0	0	3	0	0	0	0	0	0	3	0	0	0	7	14	7	1	0	11	0	0	0	14	0	3	0	3	0	2	0	28	0	8	14	16	1	0	21	0	0	0	32	0	0	0	15	0	0	0	32	4	7	28	5	0	8	21	64	0	8	28	17	1	0	0	0	3	7	0	0	7	0	22	0	11	21	34	8	7	56	15	10	28	84	34	23	6	56	5	6	11	77	68	0
50	40	41	32	12	30	31	16	11	38	32	12	43	8	5	6	44	14	36	0	21	14	13	3	29	16	11	28	8	5	0	26	8	33	0	32	23	12	17	15	5	6	29	60	0	23	40	8	5	6	37	5	36	0	13	4	5	0	12	13	3	5	5	3	0	9	8	9	0	23	8	11	5	0	5	0	3	0	0	4	25	8	5	0	19	0	33	0	14	15	12	5	15	12	0	10	20	12	4	12	15	5	6	26	60	0	23	22	0	5	6	23	5	36	0	5	1	0	0	2	5	0	0	0	0	0	2	5	0	0	6	5	3	1	0	3	0	0	0	0	0	2	5	3	0	2	0	9	0	5	0	11	1	0	11	0	0	0	11	0	0	0	5	0	0	0	0	4	7	0	5	0	5	0	33	0	8	15	12	1	0	0	0	3	5	12	0	4	15	12	0	10	20	12	4	12	15	5	6	26	60	0	23	11	0	5	6	16	5	36	0
41	32	35	28	12	23	23	18	11	31	28	12	34	12	5	6	32	26	24	0	16	12	16	3	21	18	11	25	12	5	0	19	24	22	0	24	14	12	17	8	5	6	30	32	0	23	31	12	5	6	25	12	24	0	10	3	8	0	10	16	3	4	8	3	0	6	20	6	0	16	6	11	5	0	5	0	2	0	0	4	22	12	5	0	13	12	22	0	11	8	12	4	16	12	0	10	16	12	4	12	8	5	6	28	32	0	23	14	0	5	6	16	0	24	0	4	1	0	0	1	8	0	0	0	0	0	1	8	0	0	5	4	3	1	0	3	0	0	0	0	0	1	8	3	0	0	8	6	0	3	0	11	1	0	11	0	0	0	11	0	0	0	5	0	0	0	0	4	5	0	5	0	4	0	22	0	8	8	12	1	0	0	0	3	4	24	0	3	16	12	0	10	16	12	4	12	8	5	6	28	32	0	23	9	0	5	6	12	0	24	0
54	39	37	75	25	25	21	60	5	31	61	25	27	117	23	20	26	65	0	41	14	5	28	5	19	49	5	7	105	5	20	15	49	0	38	24	28	25	1	28	32	0	2	7	100	0	26	84	23	20	20	21	0	41	7	1	7	3	4	21	5	0	21	5	12	4	28	0	13	15	28	5	1	28	5	0	2	7	20	0	7	84	5	20	11	21	0	38	9	0	25	1	0	13	6	0	0	75	0	0	0	32	0	0	0	100	0	19	0	23	20	9	0	0	41	0	0	0	0	0	0	3	0	0	3	0	0	0	0	0	0	0	5	0	0	5	0	0	0	20	0	0	0	5	12	0	0	0	13	0	0	5	0	0	0	0	0	0	15	0	0	0	5	0	0	0	20	0	0	0	5	20	0	0	0	38	0	0	25	0	0	9	0	0	0	25	4	0	0	13	6	0	0	75	0	0	0	32	0	0	0	100	0	0	0	23	20	0	0	0	41
56	43	33	52	29	30	17	12	0	32	52	29	35	60	70	0	22	18	145	168	17	4	0	0	16	12	0	15	0	0	0	10	0	0	118	29	52	29	4	0	24	0	2	0	58	0	32	60	70	0	18	18	145	168	6	1	0	0	3	0	0	3	0	0	0	4	0	0	54	13	12	0	4	0	0	0	2	0	0	0	12	0	0	0	6	0	0	118	13	30	29	0	0	0	0	0	0	0	0	0	0	24	0	0	0	58	0	20	60	70	0	12	18	145	168	0	0	0	0	0	0	0	0	0	0	0	0	0	0	4	0	0	0	0	0	0	0	0	0	0	0	0	0	0	0	0	0	0	54	0	0	0	0	0	0	0	0	0	0	0	0	0	0	0	0	0	0	0	0	0	0	0	0	0	0	118	0	0	29	0	0	0	0	0	0	0	0	0	0	0	0	0	0	0	0	0	0	24	0	0	0	58	0	0	0	70	0	0	0	145	168
46	35	39	34	12	24	22	24	0	37	34	12	45	24	14	0	26	33	12	29	13	6	0	0	20	24	0	20	0	0	0	15	18	0	27	29	34	12	4	0	19	0	2	7	48	0	41	24	14	0	18	33	12	29	6	1	0	0	5	0	0	3	0	0	0	6	0	0	10	15	24	0	4	0	0	0	2	6	0	0	17	0	0	0	9	18	0	27	12	6	12	0	0	5	0	0	0	0	0	0	0	19	0	0	0	48	0	24	24	14	0	9	12	12	29	0	0	0	0	0	0	0	0	0	0	0	0	0	0	0	0	0	0	0	0	0	0	0	0	0	0	0	0	0	0	0	0	0	10	0	0	0	0	0	0	0	0	0	0	0	0	0	0	0	0	0	0	0	0	0	0	0	0	0	0	27	0	0	12	0	0	0	0	0	0	0	0	0	0	5	0	0	0	0	0	0	0	19	0	0	0	48	0	0	0	14	0	0	0	12	29
41	31	19	31	7	21	8	6	0	19	31	7	18	30	14	0	11	9	35	17	11	0	0	0	8	6	0	0	0	0	0	3	0	0	16	19	31	7	0	0	14	0	1	0	14	0	18	30	14	0	11	9	35	17	3	0	0	0	0	0	0	0	0	0	0	0	0	0	7	8	6	0	0	0	0	0	1	0	0	0	0	0	0	0	3	0	0	16	8	15	7	0	0	0	0	0	0	0	0	0	0	14	0	0	0	14	0	18	30	14	0	8	9	35	17	0	0	0	0	0	0	0	0	0	0	0	0	0	0	0	0	0	0	0	0	0	0	0	0	0	0	0	0	0	0	0	0	0	7	0	0	0	0	0	0	0	0	0	0	0	0	0	0	0	0	0	0	0	0	0	0	0	0	0	0	16	0	0	7	0	0	0	0	0	0	0	0	0	0	0	0	0	0	0	0	0	0	14	0	0	0	14	0	0	0	14	0	0	0	35	17
34	25	26	24	9	16	18	20	0	23	24	9	23	16	0	0	21	32	0	24	8	7	4	0	16	20	0	18	16	0	0	15	28	0	22	11	16	9	4	0	9	0	2	4	36	0	19	16	0	0	10	24	0	24	4	1	0	0	6	4	0	3	0	0	0	7	4	0	6	10	16	0	4	0	0	0	2	4	0	0	15	16	0	0	8	24	0	22	1	0	9	0	0	13	0	0	0	9	0	0	0	9	0	0	0	36	0	4	0	0	0	2	0	0	24	0	0	0	0	0	0	0	0	0	0	0	0	0	0	0	0	0	0	0	0	0	0	0	0	0	0	0	0	0	0	0	0	0	6	0	0	0	0	0	0	0	0	0	0	0	0	0	0	0	0	0	0	0	0	0	0	0	0	0	0	22	0	0	9	0	0	0	0	0	0	0	0	0	0	13	0	0	0	9	0	0	0	9	0	0	0	36	0	0	0	0	0	0	0	0	24
67	50	13	16	118	33	1	0	102	12	16	118	0	0	77	59	0	0	118	36	16	1	0	59	0	0	102	0	0	49	5	0	0	102	0	12	16	118	1	0	0	105	0	0	0	168	0	0	77	59	0	0	118	36	0	0	0	34	0	0	59	0	0	15	5	0	0	59	0	0	0	102	0	0	0	69	0	0	0	118	0	0	49	5	0	0	102	0	0	0	118	0	0	10	34	0	0	0	113	0	0	0	105	0	0	0	168	0	0	77	59	0	0	118	36	0	0	0	27	0	0	34	0	0	15	3	0	0	34	0	0	0	59	0	0	0	51	0	0	0	54	0	0	15	5	0	0	59	0	0	0	102	0	0	9	27	0	0	0	48	0	0	0	69	0	0	0	118	0	0	49	5	0	0	102	0	0	0	0	0	0	0	38	0	0	0	0	0	0	0	34	0	0	0	113	0	0	0	105	0	0	0	168	0	0	0	59	0	0	0	36
50	37	13	22	69	24	0	0	49	13	22	69	0	0	80	40	3	0	138	48	11	0	0	24	0	0	49	0	0	30	0	0	0	98	0	13	22	69	0	0	0	46	1	0	0	110	0	0	80	40	3	0	138	48	0	0	0	21	0	0	24	0	0	10	0	0	0	48	0	0	0	49	0	0	0	41	0	0	0	77	0	0	30	0	0	0	98	0	0	0	69	0	0	0	26	0	0	0	0	0	0	0	46	0	0	0	110	0	0	80	40	0	0	138	48	0	0	0	17	0	0	21	0	0	10	0	0	0	42	0	0	0	24	0	0	0	32	0	0	0	40	0	0	10	0	0	0	48	0	0	0	49	0	0	0	20	0	0	0	0	0	0	0	41	0	0	0	77	0	0	30	0	0	0	98	0	0	0	0	0	0	0	25	0	0	0	0	0	0	0	26	0	0	0	0	0	0	0	46	0	0	0	110	0	0	0	40	0	0	0	48
40	30	8	0	58	20	0	0	47	8	0	58	0	0	29	22	0	0	0	36	10	0	0	21	0	0	47	0	0	10	0	0	0	0	0	8	0	58	0	0	0	42	0	0	0	151	0	0	29	22	0	0	0	36	0	0	0	10	0	0	21	0	0	0	0	0	0	0	0	0	0	47	0	0	0	20	0	0	0	102	0	0	10	0	0	0	0	0	0	0	58	0	0	0	20	0	0	0	47	0	0	0	42	0	0	0	151	0	0	29	22	0	0	0	36	0	0	0	7	0	0	10	0	0	0	0	0	0	0	0	0	0	21	0	0	0	14	0	0	0	47	0	0	0	0	0	0	0	0	0	0	47	0	0	0	14	0	0	0	13	0	0	0	20	0	0	0	102	0	0	10	0	0	0	0	0	0	0	0	0	0	0	21	0	0	0	0	0	0	0	20	0	0	0	47	0	0	0	42	0	0	0	151	0	0	0	22	0	0	0	36
20	15	5	0	9	10	0	0	0	5	0	9	0	0	18	0	0	0	0	36	5	0	0	0	0	0	0	0	0	0	0	0	0	0	0	5	0	9	0	0	0	0	0	0	0	0	0	0	18	0	0	0	0	36	0	0	0	0	0	0	0	0	0	0	0	0	0	0	0	0	0	0	0	0	0	0	0	0	0	0	0	0	0	0	0	0	0	0	0	0	9	0	0	0	0	0	0	0	0	0	0	0	0	0	0	0	0	0	0	18	0	0	0	0	36	0	0	0	0	0	0	0	0	0	0	0	0	0	0	0	0	0	0	0	0	0	0	0	0	0	0	0	0	0	0	0	0	0	0	0	0	0	0	0	0	0	0	0	0	0	0	0	0	0	0	0	0	0	0	0	0	0	0	0	0	0	0	0	0	0	0	0	0	0	0	0	0	0	0	0	0	0	0	0	0	0	0	0	0	0	0	0	0	0	0	0	0	0	0	0	36
24	18	7	0	9	12	0	0	0	7	0	9	0	0	18	0	0	0	0	36	6	0	0	0	0	0	0	0	0	0	0	0	0	0	0	7	0	9	0	0	0	0	0	0	0	0	0	0	18	0	0	0	0	36	0	0	0	0	0	0	0	0	0	0	0	0	0	0	0	0	0	0	0	0	0	0	0	0	0	0	0	0	0	0	0	0	0	0	0	0	9	0	0	0	0	0	0	0	0	0	0	0	0	0	0	0	0	0	0	18	0	0	0	0	36	0	0	0	0	0	0	0	0	0	0	0	0	0	0	0	0	0	0	0	0	0	0	0	0	0	0	0	0	0	0	0	0	0	0	0	0	0	0	0	0	0	0	0	0	0	0	0	0	0	0	0	0	0	0	0	0	0	0	0	0	0	0	0	0	0	0	0	0	0	0	0	0	0	0	0	0	0	0	0	0	0	0	0	0	0	0	0	0	0	0	0	0	0	0	0	36
42	28	8	0	127	14	3	0	82	5	0	127	4	0	29	121	6	0	0	187	0	0	0	51	0	0	82	0	0	29	59	0	0	0	151	0	0	127	0	0	18	62	0	0	0	73	0	0	29	121	0	0	0	187	0	0	0	17	0	0	51	0	0	5	15	0	0	0	83	0	0	82	0	0	17	5	0	0	0	5	0	0	29	59	0	0	0	151	0	0	0	0	0	0	70	0	0	0	87	0	0	0	62	0	0	0	73	0	0	0	121	0	0	0	187	0	0	0	16	0	0	17	0	0	0	15	0	0	0	55	0	0	51	0	0	9	5	0	0	0	5	0	0	5	15	0	0	0	83	0	0	0	0	0	0	65	0	0	0	68	0	0	0	5	0	0	0	5	0	0	0	59	0	0	0	151	0	0	0	0	0	0	6	0	0	0	0	0	0	0	70	0	0	0	87	0	0	0	62	0	0	0	73	0	0	0	0	0	0	0	0
33	22	9	0	71	11	2	0	45	7	0	71	4	0	25	89	7	0	0	69	0	0	0	15	0	0	45	0	0	25	30	0	0	0	49	0	0	71	0	0	7	28	0	0	0	82	0	0	25	89	0	0	0	69	0	0	0	5	0	0	15	0	0	0	10	0	0	0	24	0	0	45	0	0	7	0	0	0	0	5	0	0	25	30	0	0	0	49	0	0	0	0	0	0	15	0	0	0	17	0	0	0	28	0	0	0	82	0	0	0	89	0	0	0	69	0	0	0	5	0	0	5	0	0	0	10	0	0	0	21	0	0	15	0	0	0	0	0	0	0	5	0	0	0	10	0	0	0	24	0	0	0	0	0	0	15	0	0	0	16	0	0	0	0	0	0	0	5	0	0	0	30	0	0	0	49	0	0	0	0	0	0	0	0	0	0	0	0	0	0	15	0	0	0	17	0	0	0	28	0	0	0	82	0	0	0	0	0	0	0	0
25	16	13	14	24	7	2	0	23	10	14	24	4	0	37	6	10	7	48	0	0	0	0	4	0	0	23	0	0	37	0	0	0	46	0	0	0	24	0	0	7	8	0	0	0	46	0	0	37	6	0	0	48	0	0	0	0	0	0	0	4	0	0	8	0	0	0	8	0	0	0	23	0	0	7	0	0	0	0	5	0	0	37	0	0	0	46	0	0	0	0	0	0	0	0	0	0	0	12	0	0	0	8	0	0	0	46	0	0	0	6	0	0	0	0	0	0	0	0	0	0	0	0	0	0	0	0	0	0	0	0	0	4	0	0	0	0	0	0	0	5	0	0	8	0	0	0	8	0	0	0	0	0	0	0	0	0	0	0	11	0	0	0	0	0	0	0	5	0	0	0	0	0	0	0	0	0	0	0	0	0	0	0	0	0	0	0	0	0	0	0	0	0	0	12	0	0	0	8	0	0	0	46	0	0	0	0	0	0	0	0
24	15	11	15	18	7	1	7	17	9	7	18	3	7	25	6	8	7	18	0	0	0	0	0	0	0	17	0	0	25	0	0	0	17	0	0	0	18	0	0	7	0	0	0	18	46	0	0	25	6	0	0	18	0	0	0	0	0	0	0	0	0	0	0	0	0	0	0	0	0	0	17	0	0	7	0	0	0	17	5	0	0	25	0	0	0	17	0	0	0	0	0	0	0	0	0	0	0	0	0	0	0	0	0	0	0	46	0	0	0	6	0	0	0	0	0	0	0	0	0	0	0	0	0	0	0	0	0	0	0	0	0	0	0	0	0	0	0	0	0	5	0	0	0	0	0	0	0	0	0	0	0	0	0	0	0	0	0	0	0	0	0	0	0	0	0	0	5	0	0	0	0	0	0	0	0	0	0	0	0	0	0	0	0	0	0	0	0	0	0	0	0	0	0	0	0	0	0	0	0	0	0	46	0	0	0	0	0	0	0	0
15	9	7	9	4	3	1	0	4	4	9	4	1	0	4	0	3	6	12	0	0	0	0	0	0	0	4	0	0	4	0	0	0	12	0	0	0	4	0	0	0	0	0	0	0	9	0	0	4	0	0	0	12	0	0	0	0	0	0	0	0	0	0	0	0	0	0	0	0	0	0	4	0	0	0	0	0	0	0	0	0	0	4	0	0	0	12	0	0	0	0	0	0	0	0	0	0	0	0	0	0	0	0	0	0	0	9	0	0	0	0	0	0	0	0	0	0	0	0	0	0	0	0	0	0	0	0	0	0	0	0	0	0	0	0	0	0	0	0	0	0	0	0	0	0	0	0	0	0	0	0	0	0	0	0	0	0	0	0	0	0	0	0	0	0	0	0	0	0	0	0	0	0	0	0	0	0	0	0	0	0	0	0	0	0	0	0	0	0	0	0	0	0	0	0	0	0	0	0	0	0	0	9	0	0	0	0	0	0	0	0
13	6	5	6	27	0	0	0	21	0	0	27	0	0	11	42	0	0	27	0	0	0	0	21	0	0	21	0	0	7	42	0	0	21	0	0	0	0	0	0	0	0	0	0	0	0	0	0	0	42	0	0	0	0	0	0	0	9	0	0	21	0	0	7	9	0	0	21	0	0	0	0	0	0	0	0	0	0	0	0	0	0	0	42	0	0	0	0	0	0	0	0	0	0	23	0	0	0	25	0	0	0	0	0	0	0	0	0	0	0	0	0	0	0	0	0	0	0	0	0	0	9	0	0	0	0	0	0	9	0	0	0	0	0	0	0	0	0	0	0	0	0	0	0	9	0	0	0	0	0	0	0	0	0	0	0	0	0	0	5	0	0	0	0	0	0	0	0	0	0	0	0	0	0	0	0	0	0	0	0	0	0	0	0	0	0	24	0	0	0	23	0	0	0	25	0	0	0	0	0	0	0	0	0	0	0	0	0	0	0	0
21	10	6	10	43	0	0	0	17	0	0	43	0	0	18	50	0	0	43	46	0	0	0	17	0	0	17	0	0	7	50	0	0	17	44	0	0	0	0	0	0	0	0	0	0	0	0	0	0	50	0	0	0	46	0	0	0	4	0	0	17	0	0	7	4	0	0	17	4	0	0	0	0	0	0	0	0	0	0	0	0	0	0	50	0	0	0	44	0	0	0	0	0	0	8	0	0	0	34	0	0	0	0	0	0	0	0	0	0	0	0	0	0	0	0	0	0	0	0	0	0	4	0	0	0	0	0	0	4	0	0	0	0	0	0	0	0	0	0	0	0	0	0	0	4	0	0	0	4	0	0	0	0	0	0	0	0	0	0	5	0	0	0	0	0	0	0	0	0	0	0	0	0	0	0	0	0	0	0	0	0	0	0	0	0	0	12	0	0	0	8	0	0	0	34	0	0	0	0	0	0	0	0	0	0	0	0	0	0	0	0
8	3	3	6	11	0	0	0	7	0	0	11	0	0	11	28	0	0	22	0	0	0	0	7	0	0	7	0	0	7	28	0	0	14	0	0	0	0	0	0	0	0	0	0	0	0	0	0	0	28	0	0	0	0	0	0	0	0	0	0	7	0	0	7	0	0	0	14	0	0	0	0	0	0	0	0	0	0	0	0	0	0	0	28	0	0	0	0	0	0	0	0	0	0	0	0	0	0	25	0	0	0	0	0	0	0	0	0	0	0	0	0	0	0	0	0	0	0	0	0	0	0	0	0	0	0	0	0	0	0	0	0	0	0	0	0	0	0	0	0	0	0	0	0	0	0	0	0	0	0	0	0	0	0	0	0	0	0	0	5	0	0	0	0	0	0	0	0	0	0	0	0	0	0	0	0	0	0	0	0	0	0	0	0	0	0	0	0	0	0	0	0	0	0	25	0	0	0	0	0	0	0	0	0	0	0	0	0	0	0	0
8	4	2	0	10	0	0	0	0	0	0	10	0	0	0	0	0	0	0	28	0	0	0	0	0	0	0	0	0	0	0	0	0	0	27	0	0	0	0	0	0	0	0	0	0	0	0	0	0	0	0	0	0	28	0	0	0	0	0	0	0	0	0	0	0	0	0	0	4	0	0	0	0	0	0	0	0	0	0	0	0	0	0	0	0	0	0	27	0	0	0	0	0	0	0	0	0	0	0	0	0	0	0	0	0	0	0	0	0	0	0	0	0	0	0	0	0	0	0	0	0	0	0	0	0	0	0	0	0	0	0	0	0	0	0	0	0	0	0	0	0	0	0	0	0	0	0	0	4	0	0	0	0	0	0	0	0	0	0	0	0	0	0	0	0	0	0	0	0	0	0	0	0	0	0	0	0	0	0	0	0	0	0	0	0	0	0	0	0	0	0	0	0	0	0	0	0	0	0	0	0	0	0	0	0	0	0	0	0	0	0
9	4	2	4	3	0	0	0	0	0	0	3	0	0	0	0	0	0	3	4	0	0	0	0	0	0	0	0	0	0	0	0	0	0	4	0	0	0	0	0	0	0	0	0	0	0	0	0	0	0	0	0	0	4	0	0	0	0	0	0	0	0	0	0	0	0	0	0	0	0	0	0	0	0	0	0	0	0	0	0	0	0	0	0	0	0	0	4	0	0	0	0	0	0	0	0	0	0	0	0	0	0	0	0	0	0	0	0	0	0	0	0	0	0	0	0	0	0	0	0	0	0	0	0	0	0	0	0	0	0	0	0	0	0	0	0	0	0	0	0	0	0	0	0	0	0	0	0	0	0	0	0	0	0	0	0	0	0	0	0	0	0	0	0	0	0	0	0	0	0	0	0	0	0	0	0	0	0	0	0	0	0	0	0	0	0	0	0	0	0	0	0	0	0	0	0	0	0	0	0	0	0	0	0	0	0	0	0	0	0	0
8	0	0	0	53	0	0	0	30	0	0	0	0	0	0	40	0	0	0	81	0	0	0	18	0	0	0	0	0	0	21	0	0	0	45	0	0	0	0	0	0	39	0	0	0	18	0	0	0	0	0	0	0	0	0	0	0	17	0	0	0	0	0	0	21	0	0	0	45	0	0	0	0	0	0	38	0	0	0	17	0	0	0	0	0	0	0	0	0	0	0	0	0	0	10	0	0	0	0	0	0	0	0	0	0	0	0	0	0	0	0	0	0	0	0	0	0	0	9	0	0	0	0	0	0	0	0	0	0	13	0	0	0	0	0	0	9	0	0	0	0	0	0	0	0	0	0	0	0	0	0	0	0	0	0	9	0	0	0	0	0	0	0	0	0	0	0	0	0	0	0	0	0	0	0	0	0	0	0	0	0	0	9	0	0	0	25	0	0	0	0	0	0	0	0	0	0	0	0	0	0	0	0	0	0	0	0	0	0	0	0
3	0	0	0	4	0	0	0	0	0	0	0	0	0	0	0	0	0	0	3	0	0	0	0	0	0	0	0	0	0	0	0	0	0	0	0	0	0	0	0	0	0	0	0	0	0	0	0	0	0	0	0	0	0	0	0	0	0	0	0	0	0	0	0	0	0	0	0	0	0	0	0	0	0	0	0	0	0	0	0	0	0	0	0	0	0	0	0	0	0	0	0	0	0	0	0	0	0	0	0	0	0	0	0	0	0	0	0	0	0	0	0	0	0	0	0	0	0	0	0	0	0	0	0	0	0	0	0	0	0	0	0	0	0	0	0	0	0	0	0	0	0	0	0	0	0	0	0	0	0	0	0	0	0	0	0	0	0	0	0	0	0	0	0	0	0	0	0	0	0	0	0	0	0	0	0	0	0	0	0	0	0	0	0	0	0	0	0	0	0	0	0	0	0	0	0	0	0	0	0	0	0	0	0	0	0	0	0	0	0	0
3	0	0	0	3	0	0	0	0	0	0	0	0	0	0	0	0	0	0	11	0	0	0	0	0	0	0	0	0	0	0	0	0	0	7	0	0	0	0	0	0	0	0	0	0	0	0	0	0	0	0	0	0	0	0	0	0	0	0	0	0	0	0	0	0	0	0	0	7	0	0	0	0	0	0	0	0	0	0	0	0	0	0	0	0	0	0	0	0	0	0	0	0	0	0	0	0	0	0	0	0	0	0	0	0	0	0	0	0	0	0	0	0	0	0	0	0	0	0	0	0	0	0	0	0	0	0	0	0	0	0	0	0	0	0	0	0	0	0	0	0	0	0	0	0	0	0	0	0	0	0	0	0	0	0	0	0	0	0	0	0	0	0	0	0	0	0	0	0	0	0	0	0	0	0	0	0	0	0	0	0	0	0	0	0	0	0	0	0	0	0	0	0	0	0	0	0	0	0	0	0	0	0	0	0	0	0	0	0	0	0
