163	164
163	165
163	166
163	168
164	165
164	166
164	167
164	168
164	169
165	166
165	167
165	168
165	169
165	170
166	167
166	168
166	169
166	170
167	168
167	169
167	170
167	171
167	175
168	169
168	170
168	171
168	172
169	170
169	171
169	172
169	173
170	171
170	172
170	173
170	174
170	175
170	176
171	172
171	173
171	174
171	175
171	176
172	173
172	174
172	176
173	174
173	175
173	176
173	177
173	178
173	202
174	175
174	176
174	177
174	178
174	179
174	201
174	202
174	205
175	176
175	177
175	178
175	179
175	180
175	201
175	202
175	205
175	206
175	208
176	177
176	178
176	179
176	180
176	181
176	205
177	178
177	179
177	180
177	181
177	182
177	202
177	205
177	206
178	179
178	180
178	181
178	182
178	183
178	201
178	202
178	203
178	205
178	206
178	207
178	209
179	180
179	181
179	182
179	183
179	184
179	202
179	205
179	206
179	208
179	209
179	210
179	212
180	181
180	182
180	183
180	184
180	185
180	186
180	187
180	205
181	182
181	183
181	184
181	185
181	186
181	187
181	188
181	206
182	183
182	184
182	185
182	186
182	187
182	188
182	205
182	206
182	209
182	210
182	213
183	184
183	185
183	186
183	187
183	188
183	209
183	210
183	212
183	213
184	185
184	186
184	187
185	186
185	187
186	187
186	188
186	189
187	188
187	189
188	189
188	190
188	192
188	194
188	206
188	209
188	210
188	211
188	213
188	214
188	215
189	190
189	191
189	192
189	213
189	214
189	215
189	216
190	191
190	192
190	213
190	214
190	215
190	216
191	192
191	193
191	213
191	214
191	215
191	216
191	217
192	193
192	194
192	214
192	215
192	216
192	217
192	218
193	194
193	195
193	215
193	216
193	217
193	218
193	219
194	195
194	196
194	210
194	215
194	217
194	218
194	219
194	220
195	196
195	197
195	206
195	217
195	218
195	219
195	220
195	221
196	197
196	198
196	199
196	202
196	203
196	204
196	206
196	207
196	210
196	218
196	219
196	220
196	221
196	222
197	198
197	199
197	203
197	219
197	220
197	221
197	222
198	199
198	200
198	202
198	203
198	204
198	221
198	222
199	200
199	201
199	202
199	203
199	204
199	207
199	219
199	220
199	221
199	222
199	224
199	227
199	228
199	231
199	239
200	201
200	202
200	203
200	204
200	205
200	222
200	227
201	202
201	203
201	204
201	205
201	206
202	203
202	204
202	205
202	206
202	207
203	204
203	205
203	206
203	207
203	208
204	205
204	206
204	207
204	208
204	209
204	227
204	230
204	231
204	232
204	234
205	206
205	207
205	208
205	209
205	210
205	234
206	207
206	208
206	209
206	210
206	211
206	218
207	208
207	209
207	210
207	211
207	212
207	218
207	220
207	231
207	232
207	234
207	235
207	236
208	209
208	210
208	211
208	212
208	213
208	234
209	210
209	211
209	212
209	213
209	214
210	211
210	212
210	213
210	214
210	215
210	216
210	218
211	212
211	213
211	214
211	215
211	216
211	218
211	234
211	235
212	213
212	214
212	215
213	214
213	215
214	215
214	216
215	216
215	217
215	218
216	217
216	218
216	237
217	218
217	219
217	237
217	238
218	219
218	220
218	234
218	235
218	236
218	237
218	238
218	239
219	220
219	221
219	236
219	237
219	238
219	239
219	240
220	221
220	222
220	228
220	231
220	236
220	237
220	238
220	239
220	240
220	241
221	222
221	223
221	228
221	238
221	239
221	240
221	241
221	242
222	223
222	224
222	225
222	227
222	228
222	240
222	241
222	242
223	224
223	225
223	228
223	240
223	241
223	242
224	225
224	226
224	227
224	228
224	241
225	226
225	227
225	228
225	229
225	241
226	227
226	228
226	229
226	230
227	228
227	229
227	230
227	231
227	232
227	239
228	229
228	230
228	231
228	232
228	233
228	236
228	239
228	240
228	241
229	230
229	231
229	232
229	233
229	234
229	239
230	231
230	232
230	233
230	234
230	235
231	232
231	233
231	234
231	235
231	236
231	237
231	239
232	233
232	234
232	235
232	236
232	237
232	238
232	239
233	234
233	235
233	236
234	235
234	236
235	236
235	237
235	238
236	237
236	238
236	239
237	238
237	239
238	239
238	240
239	240
239	241
240	241
240	242
241	242
