1	2
1	3
1	29
1	83
2	3
2	4
2	28
2	29
2	30
2	31
2	56
2	57
2	58
2	81
2	83
2	85
3	4
3	5
3	29
3	30
3	31
3	32
3	83
3	85
3	86
4	5
4	6
4	29
4	30
4	31
4	32
4	33
4	79
4	81
4	83
4	84
4	85
4	86
4	87
5	6
5	7
5	22
5	30
5	31
5	32
5	33
5	34
5	84
5	85
5	86
5	87
5	88
5	244
6	7
6	8
6	31
6	32
6	33
6	34
6	35
6	62
6	64
6	75
6	76
6	79
6	84
6	86
6	87
6	88
6	89
6	121
6	125
7	8
7	9
7	10
7	15
7	18
7	19
7	22
7	32
7	33
7	34
7	35
7	36
7	86
7	87
7	88
7	89
7	90
8	9
8	10
8	15
8	33
8	35
8	36
8	64
8	66
8	87
8	88
8	89
8	90
8	91
8	121
9	10
9	11
9	12
9	14
9	15
9	16
9	35
9	36
9	37
9	90
9	91
9	92
10	11
10	12
10	15
10	16
10	17
10	19
10	33
10	34
10	35
10	36
10	41
10	45
10	90
11	12
11	13
11	15
11	16
11	35
11	36
11	38
11	41
11	42
11	44
11	45
12	13
12	14
12	15
12	16
12	17
12	44
12	90
12	190
13	14
13	15
13	16
13	17
13	18
13	44
13	189
13	190
13	233
14	15
14	16
14	17
14	18
14	19
14	90
14	140
14	185
14	188
14	190
14	233
14	236
14	237
14	240
15	16
15	17
15	18
15	19
15	20
15	45
15	90
16	17
16	18
16	19
16	20
16	21
16	44
16	45
16	48
16	90
17	18
17	19
17	20
17	21
17	22
17	44
17	45
17	52
17	189
17	190
17	233
17	234
17	237
18	19
18	20
18	21
18	22
18	23
18	32
18	88
18	138
18	233
18	237
18	238
18	240
18	241
18	244
19	20
19	21
19	22
19	23
19	24
19	32
19	34
19	45
19	54
19	59
20	21
20	22
20	23
20	24
20	25
20	32
20	45
20	48
20	49
20	52
20	54
20	59
21	22
21	23
21	24
21	25
21	26
21	30
21	52
21	54
21	237
21	238
21	241
21	245
22	23
22	24
22	25
22	28
22	29
22	30
22	32
22	88
22	241
22	244
23	24
23	25
23	28
23	30
23	32
23	53
23	54
23	55
23	58
23	59
24	25
24	26
24	27
24	28
24	49
24	52
24	53
24	54
24	55
24	58
25	26
25	27
25	28
25	29
25	30
25	55
25	241
25	245
26	27
26	28
26	29
27	28
27	29
27	30
28	29
28	30
28	31
28	55
29	30
29	31
30	31
30	32
30	57
30	58
30	86
30	241
30	244
30	245
31	32
31	33
31	57
31	58
31	59
31	60
31	80
31	81
32	33
32	34
32	57
32	58
32	59
32	60
32	61
33	34
33	35
33	58
33	59
33	60
33	61
33	62
33	78
33	79
33	80
33	81
33	83
34	35
34	36
34	39
34	45
34	59
34	60
34	61
34	62
34	63
35	36
35	37
35	60
35	61
35	62
35	63
35	64
35	75
35	121
36	37
36	38
36	39
36	41
36	42
36	43
36	45
36	61
36	62
36	63
36	64
36	65
37	38
37	39
37	41
37	62
37	63
37	64
37	65
37	66
37	67
38	39
38	40
38	41
38	42
38	63
38	64
39	40
39	41
39	42
39	43
39	61
39	62
39	63
40	41
40	42
40	43
41	42
41	43
41	44
41	45
42	43
42	44
42	45
42	46
42	47
42	61
43	44
43	45
43	46
43	47
43	48
44	45
44	46
44	47
44	48
44	49
44	190
45	46
45	47
45	48
45	49
45	50
45	59
45	60
45	61
46	47
46	48
46	49
46	50
46	51
46	59
46	60
46	61
47	48
47	49
47	50
47	51
47	52
48	49
48	50
48	51
48	52
48	53
48	54
49	50
49	51
49	52
49	53
49	54
49	59
50	51
50	52
50	53
50	54
51	52
51	53
51	54
52	53
52	54
52	55
53	54
53	55
54	55
54	56
54	57
54	58
54	59
55	56
55	57
55	58
55	59
56	57
56	58
56	59
56	60
57	58
57	59
57	60
58	59
58	60
59	60
59	61
60	61
60	62
61	62
61	63
61	78
62	63
62	64
62	75
62	76
62	78
62	79
63	64
63	65
63	71
63	74
63	75
64	65
64	66
64	71
64	72
64	75
64	76
64	121
64	125
65	66
65	67
65	68
65	69
65	71
65	72
65	113
65	120
66	67
66	68
66	69
66	71
66	72
66	91
66	112
66	113
66	114
66	116
66	117
66	118
66	120
66	121
67	68
67	69
67	72
67	109
67	112
67	113
67	117
67	120
68	69
68	70
68	71
68	72
68	73
68	112
68	120
69	70
69	71
69	72
69	73
69	74
69	120
70	71
70	72
70	73
70	74
70	75
71	72
71	73
71	74
71	75
71	76
72	73
72	74
72	75
72	76
72	77
72	117
72	120
72	121
72	124
72	125
73	74
73	75
73	76
73	77
73	78
73	124
74	75
74	76
74	77
74	78
74	79
75	76
75	77
75	78
75	79
75	125
76	77
76	78
76	79
76	80
76	123
76	124
76	125
77	78
77	79
77	80
78	79
78	80
78	81
79	80
79	81
79	82
79	83
79	84
79	125
80	81
80	82
80	83
81	82
81	83
82	83
82	84
82	128
82	132
83	84
83	85
83	128
83	132
84	85
84	86
84	87
84	125
84	128
84	129
84	132
84	134
84	135
84	136
85	86
85	87
85	129
85	132
85	134
85	135
85	136
85	137
86	87
86	88
86	129
86	132
86	135
86	136
86	137
86	138
86	244
87	88
87	89
87	121
87	122
87	125
87	126
87	129
87	136
87	137
87	138
87	139
88	89
88	90
88	91
88	121
88	136
88	137
88	138
88	139
88	140
88	240
88	244
89	90
89	91
89	118
89	121
89	122
89	137
89	138
89	139
89	140
89	162
90	91
90	92
90	138
90	139
90	140
90	159
90	240
91	92
91	93
91	113
91	114
91	118
91	140
91	159
92	93
92	94
92	113
92	114
92	159
93	94
93	95
93	106
93	109
93	110
93	113
93	114
93	155
93	158
93	159
94	95
94	96
94	110
94	114
94	155
95	96
95	97
95	102
95	103
95	106
95	107
95	110
95	151
95	152
95	153
95	154
95	155
96	97
96	98
96	102
96	150
96	151
96	152
96	155
96	198
96	215
96	218
96	219
97	98
97	99
97	100
97	101
97	102
97	151
97	152
97	153
97	203
97	215
98	99
98	100
98	101
98	102
98	151
98	153
98	203
98	206
98	207
98	211
98	212
98	215
99	100
99	101
99	102
99	103
99	107
99	151
99	153
99	154
100	101
100	102
100	206
100	207
100	208
100	211
101	102
101	103
101	202
101	203
101	206
101	207
102	103
102	104
102	106
102	107
102	153
102	154
102	206
103	104
103	105
103	106
103	107
103	108
103	206
104	105
104	106
104	107
104	108
104	109
104	206
105	106
105	107
105	108
105	109
105	110
106	107
106	108
106	109
106	110
106	111
106	154
107	108
107	109
107	110
107	111
107	112
107	154
108	109
108	110
108	111
108	112
108	113
108	154
109	110
109	111
109	112
109	113
109	114
110	111
110	112
110	113
110	114
110	115
110	154
110	155
110	158
111	112
111	113
111	114
111	115
111	116
111	117
111	154
111	157
111	158
111	161
112	113
112	114
112	115
112	116
112	117
112	118
112	120
113	114
113	115
113	116
113	117
113	118
113	120
114	115
114	116
114	117
114	118
114	119
114	155
114	158
114	159
114	162
115	116
115	117
115	118
115	119
115	120
115	157
115	158
115	159
115	161
115	162
115	165
116	117
116	118
116	119
116	120
116	121
117	118
117	119
117	120
117	121
117	122
118	119
118	120
118	121
118	122
118	123
118	139
118	162
118	165
118	166
119	120
119	121
119	122
119	123
119	124
119	165
120	121
120	122
120	123
120	124
120	125
121	122
121	123
121	124
121	125
121	126
122	123
122	124
122	125
122	126
122	127
122	137
122	139
122	165
122	166
122	169
122	180
123	124
123	125
123	126
123	127
124	125
124	126
124	127
124	128
125	126
125	127
125	128
125	129
125	130
126	127
126	128
126	129
126	130
126	131
126	137
126	169
126	173
126	178
126	180
127	128
127	129
127	130
127	131
127	132
128	129
128	130
128	131
128	132
128	133
128	134
129	130
129	131
129	132
129	133
129	134
129	135
129	136
129	137
129	176
129	178
130	131
130	132
130	133
130	134
130	172
130	173
130	176
130	178
131	132
131	133
131	134
131	176
132	133
132	134
132	135
132	136
132	176
133	134
133	135
133	176
133	177
133	178
134	135
134	136
134	176
134	177
134	178
134	179
135	136
135	137
135	177
135	178
135	179
135	180
136	137
136	138
136	177
136	178
136	179
136	180
136	243
136	244
136	245
136	246
136	247
136	248
136	249
137	138
137	139
137	178
137	179
137	180
137	181
137	182
138	139
138	140
138	179
138	180
138	181
138	182
138	183
138	240
138	241
138	243
138	244
139	140
139	141
139	162
139	166
139	180
139	181
139	182
139	183
139	184
139	240
140	141
140	142
140	159
140	162
140	181
140	182
140	183
140	184
140	185
140	240
141	142
141	143
141	145
141	155
141	159
141	162
141	163
141	182
141	183
141	184
141	185
141	186
141	240
142	143
142	144
142	145
142	146
142	147
142	149
142	155
142	159
142	163
142	183
142	184
142	185
142	186
143	144
143	145
143	146
143	147
143	148
143	149
143	160
143	184
143	185
143	186
143	187
143	259
144	145
144	146
144	147
144	148
144	149
144	155
144	156
144	157
144	159
144	160
144	185
145	146
145	147
145	155
145	156
145	159
145	160
145	161
145	163
145	184
146	147
146	148
146	159
146	160
146	163
146	184
146	252
146	254
146	263
146	266
146	267
147	148
147	149
147	156
147	160
147	259
147	260
147	262
147	263
147	266
147	275
147	279
148	149
148	150
148	156
148	160
148	266
148	275
148	279
149	150
149	151
149	152
149	153
149	155
149	156
149	218
149	275
149	279
150	151
150	152
150	153
150	218
150	279
150	283
150	284
151	152
151	153
151	154
151	211
151	212
151	214
151	215
151	216
151	218
151	284
152	153
152	154
152	155
152	156
152	157
152	218
153	154
153	155
153	156
153	157
153	158
154	155
154	156
154	157
154	158
154	159
155	156
155	157
155	158
155	159
155	160
156	157
156	158
156	159
156	160
156	161
157	158
157	159
157	160
157	161
157	162
158	159
158	160
158	161
158	162
158	163
159	160
159	161
159	162
159	163
159	164
160	161
160	162
160	163
160	164
160	165
160	266
161	162
161	163
161	164
161	165
161	166
162	163
162	164
162	165
162	166
162	167
162	182
163	164
163	165
163	166
163	167
163	168
163	182
163	184
163	251
163	252
164	165
164	166
164	167
164	168
164	169
165	166
165	167
165	168
165	169
165	170
165	180
166	167
166	168
166	169
166	170
166	171
166	180
166	181
166	182
166	251
167	168
167	169
167	170
167	171
167	172
167	180
167	182
167	251
167	252
168	169
168	170
168	171
168	172
168	173
169	170
169	171
169	172
169	173
169	174
169	180
170	171
170	172
170	173
170	174
170	175
170	180
170	251
171	172
171	173
171	174
171	175
172	173
172	174
172	175
172	176
173	174
173	175
173	176
173	177
173	178
173	179
173	180
174	175
174	176
174	177
174	178
174	179
175	176
175	177
175	178
176	177
176	178
177	178
177	179
178	179
178	180
179	180
179	181
179	247
179	248
179	249
180	181
180	182
180	249
180	250
180	251
180	252
181	182
181	183
181	243
181	249
181	250
181	251
181	252
181	253
182	183
182	184
182	250
182	251
182	252
182	253
182	254
183	184
183	185
183	236
183	239
183	240
183	243
183	251
183	252
183	253
183	254
183	255
184	185
184	186
184	251
184	252
184	253
184	254
184	255
184	256
185	186
185	187
185	188
185	231
185	236
185	240
185	253
185	254
185	255
185	256
186	187
186	188
186	231
186	255
186	256
186	259
187	188
187	189
187	225
187	226
187	229
187	230
187	231
187	236
187	256
187	258
187	259
188	189
188	190
188	226
188	230
188	231
188	232
188	233
188	236
188	255
189	190
189	226
189	227
189	229
189	230
189	231
189	232
189	233
190	226
190	231
190	233
198	199
198	200
198	201
198	202
198	203
198	215
199	200
199	201
199	202
199	203
199	204
199	212
200	201
200	202
200	203
200	204
200	205
200	212
201	202
201	203
201	204
201	205
201	206
201	212
202	203
202	204
202	205
202	206
202	207
203	204
203	205
203	206
203	207
203	208
203	212
203	215
204	205
204	206
204	207
204	208
204	209
204	212
205	206
205	207
206	207
206	208
207	208
207	209
207	211
207	212
208	209
208	210
208	211
208	212
208	213
209	210
209	211
209	212
209	213
209	214
210	211
210	212
210	213
210	214
210	215
211	212
211	213
211	214
211	215
211	216
212	213
212	214
212	215
212	216
212	217
213	214
213	215
213	216
213	217
213	218
214	215
214	216
214	217
214	218
214	219
214	280
214	283
214	284
214	285
215	216
215	217
215	218
215	219
215	220
215	284
216	217
216	218
216	219
216	220
216	221
217	218
217	219
217	220
217	221
217	222
217	283
217	284
218	219
218	220
218	221
218	222
218	223
218	283
218	284
219	220
219	221
219	222
219	223
219	224
220	221
220	222
220	223
220	224
220	225
221	222
221	223
221	224
221	225
221	226
221	282
221	283
221	284
222	223
222	224
222	225
222	226
222	227
223	224
223	225
223	226
223	227
223	228
224	225
224	226
224	227
224	228
224	229
225	226
225	227
225	228
225	229
225	230
225	258
225	259
225	282
226	227
226	228
226	229
226	230
226	231
227	228
227	229
227	230
228	229
228	230
228	258
229	230
229	231
229	258
229	259
230	231
230	232
231	232
231	233
231	235
231	236
231	239
231	255
231	256
232	233
232	234
232	235
232	236
232	237
233	234
233	235
233	236
233	237
233	238
234	235
234	236
234	237
234	238
234	239
235	236
235	237
235	238
235	239
235	240
235	255
236	237
236	238
236	239
236	240
236	241
236	255
237	238
237	239
237	240
237	241
237	242
238	239
238	240
238	241
238	242
238	243
238	245
239	240
239	241
239	242
239	243
239	244
239	253
239	254
239	255
240	241
240	242
240	243
240	244
240	245
240	255
241	242
241	243
241	244
241	245
241	246
242	243
242	244
242	245
242	246
242	253
243	244
243	245
243	246
243	247
243	249
243	253
244	245
244	246
244	247
244	249
245	246
245	247
246	247
246	248
246	249
246	250
246	253
247	248
247	249
248	249
248	250
248	253
249	250
249	251
249	253
250	251
250	252
250	253
251	252
251	253
252	253
252	254
253	254
253	255
254	255
254	256
254	257
254	260
254	263
255	256
255	257
256	257
256	258
256	259
256	260
257	258
257	259
257	260
257	261
258	259
258	260
258	261
258	262
259	260
259	261
259	262
259	263
259	264
259	282
260	261
260	262
260	263
260	264
260	265
261	262
261	263
261	264
261	265
261	266
262	263
262	264
262	265
262	266
262	267
262	275
262	278
262	279
262	282
263	264
263	265
263	266
263	267
263	268
263	275
264	265
264	266
264	267
264	268
264	269
265	266
265	267
265	268
265	269
265	270
265	274
265	275
265	278
265	279
266	267
266	268
266	269
266	270
266	272
266	275
267	268
267	269
267	270
268	269
268	270
269	270
269	271
269	272
269	273
269	274
269	275
270	271
270	272
270	273
271	272
271	273
271	274
272	273
272	274
272	275
272	276
272	277
273	274
273	275
273	276
273	277
273	278
274	275
274	276
274	277
274	278
274	279
274	281
275	276
275	277
275	278
275	279
275	280
276	277
276	278
276	279
276	280
276	281
277	278
277	279
277	280
277	281
277	282
278	279
278	280
278	281
278	282
278	283
279	280
279	281
279	282
279	283
279	284
280	281
280	282
280	283
280	284
280	285
281	282
281	283
281	284
281	285
282	283
282	284
282	285
283	284
283	285
284	285
