144	145
144	146
145	146
145	147
145	150
146	147
146	148
146	150
146	151
146	154
146	180
147	148
147	149
147	150
147	151
147	152
147	177
147	180
147	181
148	149
148	150
148	151
148	152
148	153
148	173
148	176
148	177
148	178
148	180
148	181
148	184
148	186
148	187
149	150
149	151
149	152
149	153
149	154
149	177
149	181
149	184
149	185
149	186
150	151
150	152
150	153
150	154
150	155
151	152
151	153
151	154
151	155
151	156
151	173
151	174
151	176
151	177
151	180
152	153
152	154
152	155
152	156
152	157
152	173
152	174
152	177
152	184
152	186
152	187
152	190
153	154
153	155
153	156
153	157
153	158
153	186
154	155
154	156
154	157
154	158
154	159
154	169
154	170
154	173
155	156
155	157
155	158
155	159
155	160
155	169
155	170
155	171
155	173
155	174
155	190
156	157
156	158
156	159
156	160
156	161
156	170
156	174
156	186
156	190
157	158
157	159
157	160
157	161
157	162
158	159
158	160
158	161
158	162
158	163
158	164
158	165
158	167
158	169
158	170
158	173
159	160
159	161
159	162
159	163
159	164
159	165
159	167
159	170
159	190
159	193
159	194
159	195
159	197
159	198
160	161
160	162
160	163
160	164
160	165
160	189
160	190
160	193
160	194
160	197
161	162
161	163
161	164
162	163
162	164
162	165
162	167
163	164
163	165
164	165
164	194
164	197
165	167
165	170
165	194
167	168
167	169
167	170
167	171
167	172
168	169
168	170
168	171
168	172
168	173
169	170
169	171
169	172
169	173
169	174
170	171
170	172
170	173
170	174
170	175
170	190
171	172
171	173
171	174
171	175
171	176
172	173
172	174
172	175
172	176
172	177
173	174
173	175
173	176
173	177
173	178
174	175
174	176
174	177
174	178
174	179
174	186
174	187
174	188
174	190
174	191
175	176
175	177
175	178
175	179
175	180
176	177
176	178
176	179
176	180
176	181
177	178
177	179
177	180
177	181
177	182
177	184
177	187
178	179
178	180
178	181
178	182
178	183
178	184
178	187
178	188
178	191
179	180
179	181
179	182
180	181
180	182
181	182
181	183
181	184
181	185
181	187
182	183
182	184
182	188
183	184
183	185
183	186
183	188
184	185
184	186
184	187
184	188
184	189
185	186
185	187
185	188
185	189
185	190
186	187
186	188
186	189
186	190
186	191
187	188
187	189
187	190
187	191
187	192
188	189
188	190
188	191
188	192
188	193
188	207
188	208
189	190
189	191
189	192
189	193
189	194
189	207
189	208
190	191
190	192
190	193
190	194
190	195
191	192
191	193
191	194
191	195
191	196
191	200
191	204
191	207
192	193
192	194
192	195
192	196
192	197
192	200
192	203
192	204
192	205
192	207
192	208
193	194
193	195
193	196
193	197
193	198
193	204
193	208
194	195
194	196
194	197
194	198
194	199
194	200
195	196
195	197
195	198
195	199
195	200
195	201
195	203
195	204
195	207
196	197
196	198
196	199
196	200
196	201
196	204
196	208
197	198
197	199
197	200
197	201
198	199
198	200
199	200
199	201
199	202
200	201
200	202
200	203
200	204
200	205
201	202
201	203
201	204
201	205
201	206
201	208
202	203
202	204
202	205
202	206
202	207
203	204
203	205
203	206
203	207
203	208
204	205
204	206
204	207
204	208
204	209
205	206
205	207
205	208
205	209
206	207
206	208
206	209
207	208
207	209
208	209
