1657	1658
1657	1659
1658	1659
1658	1660
1658	1661
1659	1660
1659	1661
1660	1661
1660	1662
1661	1662
1661	1663
1661	1688
1662	1663
1662	1664
1662	1665
1662	1668
1662	1684
1662	1685
1662	1688
1663	1664
1663	1665
1663	1688
1664	1665
1664	1666
1664	1668
1664	1685
1664	1688
1664	1689
1664	1690
1664	1691
1665	1666
1665	1667
1665	1668
1665	1690
1665	1691
1665	1692
1666	1667
1666	1668
1666	1690
1666	1691
1666	1692
1666	1693
1667	1668
1667	1669
1667	1691
1667	1692
1667	1693
1667	1694
1667	1719
1668	1669
1668	1670
1668	1685
1668	1690
1668	1691
1668	1692
1668	1693
1668	1694
1668	1695
1669	1670
1669	1671
1669	1692
1669	1693
1669	1694
1669	1695
1669	1696
1670	1671
1670	1672
1670	1673
1670	1674
1670	1678
1670	1679
1670	1681
1670	1682
1670	1685
1670	1693
1670	1694
1670	1695
1670	1696
1670	1697
1671	1672
1671	1673
1671	1674
1671	1678
1671	1694
1671	1695
1671	1696
1671	1697
1672	1673
1672	1674
1672	1675
1672	1676
1672	1677
1672	1678
1672	1679
1672	1696
1672	1697
1673	1674
1673	1675
1673	1678
1673	1679
1673	1680
1673	1682
1673	1695
1673	1696
1673	1697
1673	1709
1674	1675
1674	1676
1674	1678
1674	1679
1674	1695
1674	1696
1674	1697
1674	1698
1674	1699
1674	1700
1674	1701
1674	1703
1674	1704
1674	1706
1674	1709
1675	1676
1675	1677
1675	1678
1675	1679
1675	1680
1675	1683
1675	1697
1675	1709
1676	1677
1676	1678
1676	1679
1676	1680
1676	1681
1676	1683
1677	1678
1677	1679
1677	1680
1677	1681
1677	1682
1678	1679
1678	1680
1678	1681
1678	1682
1678	1683
1678	1695
1679	1680
1679	1681
1679	1682
1679	1683
1679	1684
1679	1709
1679	1713
1680	1681
1680	1682
1680	1683
1680	1684
1680	1685
1680	1687
1681	1682
1681	1683
1681	1684
1681	1685
1681	1686
1682	1683
1682	1684
1682	1685
1682	1686
1682	1687
1682	1693
1682	1695
1682	1709
1682	1713
1682	1716
1683	1684
1683	1685
1683	1686
1683	1687
1683	1688
1683	1693
1683	1709
1683	1712
1683	1713
1683	1716
1684	1685
1684	1686
1684	1687
1684	1688
1684	1689
1684	1713
1684	1716
1685	1686
1685	1687
1685	1688
1685	1689
1685	1690
1685	1693
1685	1718
1686	1687
1686	1688
1686	1689
1686	1690
1686	1693
1686	1713
1686	1716
1686	1717
1686	1718
1687	1688
1687	1689
1687	1690
1687	1716
1688	1689
1688	1690
1689	1690
1689	1691
1689	1717
1690	1691
1690	1692
1690	1693
1690	1717
1690	1718
1690	1719
1691	1692
1691	1693
1691	1717
1691	1718
1691	1719
1691	1720
1692	1693
1692	1694
1692	1718
1692	1719
1692	1720
1693	1694
1693	1695
1693	1713
1693	1718
1693	1719
1693	1720
1693	1721
1694	1695
1694	1696
1694	1719
1694	1720
1694	1721
1695	1696
1695	1697
1695	1700
1695	1709
1695	1710
1695	1713
1695	1720
1695	1721
1696	1697
1696	1698
1696	1700
1696	1721
1697	1698
1697	1699
1697	1700
1697	1701
1697	1703
1698	1699
1698	1700
1699	1700
1699	1701
1699	1702
1699	1703
1699	1704
1700	1701
1700	1702
1700	1703
1700	1704
1700	1706
1701	1702
1701	1703
1701	1706
1701	1707
1702	1703
1702	1704
1702	1706
1703	1704
1703	1705
1703	1706
1703	1707
1704	1705
1704	1706
1704	1707
1705	1706
1705	1707
1705	1708
1705	1709
1705	1710
1706	1707
1706	1708
1706	1709
1706	1710
1706	1711
1707	1708
1707	1709
1707	1710
1707	1711
1707	1712
1708	1709
1708	1710
1708	1711
1708	1712
1708	1713
1709	1710
1709	1711
1709	1712
1709	1713
1709	1714
1709	1720
1710	1711
1710	1712
1710	1713
1710	1714
1710	1715
1710	1718
1710	1720
1710	1721
1711	1712
1711	1713
1711	1714
1711	1715
1711	1716
1712	1713
1712	1714
1712	1715
1712	1716
1712	1717
1713	1714
1713	1715
1713	1716
1713	1717
1713	1718
1713	1719
1713	1720
1714	1715
1714	1716
1714	1717
1714	1718
1714	1719
1714	1720
1715	1716
1715	1717
1715	1718
1716	1717
1716	1718
1717	1718
1717	1719
1718	1719
1718	1720
1719	1720
1719	1721
1720	1721
