30	31
30	32
30	36
30	37
30	40
30	56
31	32
31	33
31	36
31	37
31	56
31	59
31	60
31	62
31	63
32	33
32	34
32	36
32	37
32	63
33	34
33	35
33	36
33	37
33	38
33	60
33	63
34	35
34	36
34	37
34	38
34	39
34	59
34	60
34	63
34	67
34	69
35	36
35	37
35	38
35	39
35	40
35	60
35	63
35	67
35	69
36	37
36	38
36	39
36	40
36	41
36	56
37	38
37	39
37	40
37	41
37	42
37	56
37	57
37	59
37	60
37	63
38	39
38	40
38	41
38	42
38	43
38	56
38	57
38	60
38	69
38	72
38	73
38	76
39	40
39	41
39	42
39	43
39	44
39	69
40	41
40	42
40	43
40	44
40	45
40	52
40	53
40	56
41	42
41	43
41	44
41	45
41	46
41	49
41	52
41	53
41	54
41	56
41	57
41	60
42	43
42	44
42	45
42	46
42	47
42	53
42	57
42	72
42	76
43	44
43	45
43	46
43	47
43	48
44	45
44	46
44	47
44	48
44	49
44	50
44	52
44	53
44	56
45	46
45	47
45	48
45	49
45	50
45	53
45	57
45	76
45	79
45	80
45	83
46	47
46	48
46	49
46	50
47	48
47	49
47	50
48	49
48	50
48	51
49	50
49	51
49	52
49	53
49	54
50	51
50	52
50	53
50	54
50	55
50	79
50	80
50	81
50	83
50	84
51	52
51	53
51	54
51	55
51	56
51	84
51	86
52	53
52	54
52	55
52	56
52	57
53	54
53	55
53	56
53	57
53	58
53	77
53	80
54	55
54	56
54	57
54	58
54	59
54	77
54	80
54	81
54	84
54	86
55	56
55	57
55	58
55	59
55	60
55	77
56	57
56	58
56	59
56	60
56	61
57	58
57	59
57	60
57	61
57	72
57	73
57	74
57	76
57	77
57	80
58	59
58	60
58	61
58	62
58	77
58	81
58	93
59	60
59	61
59	62
59	63
60	61
60	62
60	63
60	64
60	67
60	69
60	70
60	73
61	62
61	63
61	64
61	65
61	67
61	69
61	70
61	71
61	73
61	74
61	75
61	77
61	93
61	101
62	63
62	64
63	64
63	65
63	66
63	67
64	65
64	66
64	67
64	70
65	66
65	67
65	70
65	71
65	74
65	77
65	93
65	96
65	100
65	101
66	67
66	68
66	69
66	70
67	68
67	69
67	70
67	71
67	73
68	69
68	70
68	71
68	72
69	70
69	71
69	72
69	73
69	74
70	71
70	72
70	73
70	74
70	75
70	97
70	101
71	72
71	73
71	74
71	75
71	76
71	97
71	101
71	104
71	106
72	73
72	74
72	75
72	76
72	77
72	97
72	101
72	104
72	106
73	74
73	75
73	76
73	77
73	78
74	75
74	76
74	77
74	78
74	79
74	92
74	93
74	94
74	96
74	97
74	100
74	101
75	76
75	77
75	78
75	79
75	80
75	94
75	97
75	106
75	107
75	109
75	110
75	113
76	77
76	78
76	79
76	80
76	81
76	106
77	78
77	79
77	80
77	81
77	82
77	90
77	93
78	79
78	80
78	81
78	82
78	83
78	89
78	90
78	91
78	93
78	94
78	97
79	80
79	81
79	82
79	83
79	84
79	90
79	94
79	109
79	113
80	81
80	82
80	83
80	84
80	85
80	86
81	82
81	83
81	84
81	85
81	86
81	87
81	89
81	90
81	91
81	93
82	83
82	84
82	85
82	86
82	87
82	90
82	94
82	113
82	116
82	117
82	119
82	120
83	84
83	85
83	86
83	87
84	85
84	86
85	86
85	87
85	120
86	87
86	88
86	89
86	90
86	91
86	117
87	88
87	89
87	90
87	91
87	92
87	116
87	117
87	118
87	120
87	121
88	89
88	90
88	91
88	92
88	93
88	117
88	118
88	121
88	131
88	134
89	90
89	91
89	92
89	93
89	94
90	91
90	92
90	93
90	94
90	95
90	114
90	117
91	92
91	93
91	94
91	95
91	96
91	114
91	117
91	118
92	93
92	94
92	95
92	96
92	97
92	114
92	118
93	94
93	95
93	96
93	97
93	98
94	95
94	96
94	97
94	98
94	99
94	109
94	110
94	111
94	113
94	114
94	117
95	96
95	97
95	98
95	99
95	100
95	110
95	114
96	97
96	98
96	99
96	100
96	101
97	98
97	99
97	100
97	101
97	102
97	104
97	106
97	107
97	110
98	99
98	100
98	101
98	102
98	107
98	110
98	111
98	112
98	114
98	145
99	100
99	101
99	102
100	101
100	102
101	102
101	103
101	104
101	105
101	107
102	103
102	104
102	107
102	146
103	104
103	105
103	106
103	107
104	105
104	106
104	107
104	108
105	106
105	107
105	108
105	109
105	149
106	107
106	108
106	109
106	110
106	111
107	108
107	109
107	110
107	111
107	112
107	142
107	146
108	109
108	110
108	111
108	112
108	113
108	142
108	146
108	149
108	151
109	110
109	111
109	112
109	113
109	114
109	142
109	149
109	151
110	111
110	112
110	113
110	114
110	115
111	112
111	113
111	114
111	115
111	116
111	138
111	141
111	142
111	145
111	146
112	113
112	114
112	115
112	116
112	117
112	139
112	142
112	151
112	154
112	155
112	158
113	114
113	115
113	116
113	117
113	118
114	115
114	116
114	117
114	118
114	119
114	138
115	116
115	117
115	118
115	119
115	120
115	135
115	138
115	139
115	142
116	117
116	118
116	119
116	120
116	121
116	139
116	158
117	118
117	119
117	120
117	121
117	122
118	119
118	120
118	121
118	122
118	131
118	132
118	134
118	135
118	136
118	138
118	162
119	120
119	121
119	122
119	123
119	131
119	135
119	139
119	158
119	161
119	162
119	165
120	121
120	122
120	123
121	122
121	123
121	131
121	132
122	123
122	124
122	129
122	131
122	132
122	135
122	162
122	165
123	124
123	125
123	126
123	127
123	128
123	129
123	130
123	131
123	132
123	165
124	125
124	126
124	127
124	128
124	129
124	165
124	169
125	126
125	127
125	128
125	129
125	165
125	166
125	168
125	169
125	172
126	127
126	128
126	129
126	169
126	172
127	128
127	129
127	169
128	129
128	130
128	131
128	132
128	133
128	169
129	130
129	131
129	132
129	133
129	134
129	162
129	165
129	166
129	169
130	131
130	132
130	133
130	134
130	135
131	132
131	133
131	134
131	135
131	136
131	162
132	133
132	134
132	135
132	136
132	137
132	162
132	163
132	165
132	166
133	134
133	135
133	136
133	137
133	138
133	166
133	197
134	135
134	136
134	137
134	138
134	139
135	136
135	137
135	138
135	139
135	140
135	159
135	162
136	137
136	138
136	139
136	140
136	141
136	158
136	159
136	162
136	163
136	166
137	138
137	139
137	140
137	141
137	142
138	139
138	140
138	141
138	142
138	143
139	140
139	141
139	142
139	143
139	144
139	154
139	155
139	156
139	158
139	159
139	162
140	141
140	142
140	143
140	144
140	145
140	159
140	160
140	163
141	142
141	143
141	144
141	145
141	146
142	143
142	144
142	145
142	146
142	147
142	149
142	151
142	152
142	155
143	144
143	145
143	146
143	147
143	148
143	152
143	155
143	156
143	159
144	145
144	146
144	147
145	146
145	147
146	147
146	148
146	149
146	152
147	148
147	149
147	152
148	149
148	150
148	151
148	152
149	150
149	151
149	152
149	153
150	151
150	152
150	153
150	154
151	152
151	153
151	154
151	155
151	156
152	153
152	154
152	155
152	156
152	157
153	154
153	155
153	156
153	157
153	158
154	155
154	156
154	157
154	158
154	159
155	156
155	157
155	158
155	159
155	160
156	157
156	158
156	159
156	160
156	161
157	158
157	159
157	160
157	161
157	162
158	159
158	160
158	161
158	162
158	163
159	160
159	161
159	162
159	163
159	164
160	161
160	162
160	163
160	164
160	165
160	197
160	198
160	199
160	200
160	201
161	162
161	163
161	164
161	165
161	166
162	163
162	164
162	165
162	166
162	167
163	164
163	165
163	166
163	167
163	168
163	196
163	197
163	198
163	200
163	202
164	165
164	166
164	167
164	168
164	169
164	200
164	201
164	202
165	166
165	167
165	168
165	169
165	170
165	200
165	202
166	167
166	168
166	169
166	170
166	171
166	193
166	197
167	168
167	169
167	170
167	171
167	172
167	193
167	197
167	200
167	202
167	203
168	169
168	170
168	171
168	172
168	173
168	193
168	197
168	202
169	170
169	171
169	172
169	173
169	174
169	189
170	171
170	172
170	173
170	174
170	175
170	189
170	190
170	192
170	193
170	197
171	172
171	173
171	174
171	175
171	176
171	189
171	190
171	193
171	202
171	205
171	206
171	209
171	212
172	173
172	174
172	175
172	176
172	177
172	179
172	202
173	174
173	175
173	176
173	177
173	178
173	186
173	189
174	175
174	176
174	177
174	178
174	179
174	182
174	185
174	186
174	187
174	189
174	190
175	176
175	177
175	178
175	179
175	180
175	186
175	190
175	212
176	177
176	178
176	179
176	180
176	181
177	178
177	179
177	180
177	181
177	182
177	183
177	185
177	186
177	189
178	179
178	180
178	181
178	182
178	183
178	186
178	190
178	209
178	212
178	213
179	180
179	181
179	182
179	183
180	181
180	182
181	182
181	183
181	220
182	183
182	184
182	185
182	186
182	187
182	220
183	184
183	185
183	186
183	187
183	188
183	212
183	213
183	214
183	216
183	217
183	220
184	185
184	186
184	187
184	188
184	189
184	213
184	214
184	217
184	220
184	229
185	186
185	187
185	188
185	189
185	190
186	187
186	188
186	189
186	190
186	191
186	209
186	210
186	213
187	188
187	189
187	190
187	191
187	192
187	194
187	206
187	209
187	210
187	213
187	214
187	217
188	189
188	190
188	191
188	192
188	193
188	214
189	190
189	191
189	192
189	193
189	206
190	191
190	192
190	193
190	194
190	195
190	205
190	206
190	207
190	209
190	210
190	212
190	213
191	192
191	193
191	194
191	195
191	196
191	206
191	210
191	214
191	232
191	236
191	239
192	193
192	194
192	195
192	196
192	197
193	194
193	195
193	196
193	197
193	198
193	200
193	202
193	203
193	206
194	195
194	196
194	197
194	198
194	203
194	204
194	206
194	207
194	210
194	232
194	236
194	239
195	196
195	197
195	198
195	239
196	197
196	198
197	198
197	199
197	200
197	201
197	202
197	203
198	199
198	200
198	203
199	200
199	201
199	203
200	201
200	202
200	203
200	204
201	202
201	203
201	204
201	205
202	203
202	204
202	205
202	206
202	207
203	204
203	205
203	206
203	207
203	208
204	205
204	206
204	207
204	208
204	209
204	211
205	206
205	207
205	208
205	209
205	210
205	212
206	207
206	208
206	209
206	210
206	211
207	208
207	209
207	210
207	211
207	212
207	236
207	239
208	209
208	210
208	211
208	212
208	213
209	210
209	211
209	212
209	213
209	214
210	211
210	212
210	213
210	214
210	215
210	233
210	236
211	212
211	213
211	214
211	215
211	216
211	232
211	233
211	234
211	236
211	237
212	213
212	214
212	215
212	216
212	217
212	233
213	214
213	215
213	216
213	217
213	218
214	215
214	216
214	217
214	218
214	219
214	228
214	229
214	230
214	232
214	233
214	236
215	216
215	217
215	218
215	219
215	220
215	229
215	230
215	233
216	217
216	218
216	219
216	220
216	221
216	230
217	218
217	219
217	220
217	221
217	225
217	226
217	229
218	219
218	220
218	221
218	222
218	225
218	226
218	229
218	230
219	220
219	221
219	226
219	230
220	221
220	222
220	226
221	222
221	223
221	224
221	225
221	226
221	229
222	223
222	224
222	225
222	226
222	227
222	229
223	224
223	225
223	226
223	227
224	225
224	226
224	227
224	228
225	226
225	227
225	228
225	229
225	230
226	227
226	228
226	229
226	230
226	231
227	228
227	229
227	230
227	231
227	232
228	229
228	230
228	231
228	232
228	233
228	235
229	230
229	231
229	232
229	233
229	234
230	231
230	232
230	233
230	234
230	235
231	232
231	233
231	234
231	235
231	236
232	233
232	234
232	235
232	236
232	237
232	239
233	234
233	235
233	236
233	237
233	238
234	235
234	236
234	237
234	238
234	239
235	236
235	237
235	238
235	239
236	237
236	238
236	239
237	238
237	239
238	239
