244	245
244	246
244	249
244	253
245	246
245	247
245	249
245	250
245	268
246	247
246	248
246	249
246	250
246	251
246	268
247	248
247	249
247	250
247	251
247	252
247	268
247	269
247	272
247	273
247	276
247	278
247	279
247	280
247	282
247	283
247	286
248	249
248	250
248	251
248	252
248	253
248	282
248	286
249	250
249	251
249	252
249	253
249	254
250	251
250	252
250	253
250	254
250	255
250	261
250	264
250	265
250	266
250	268
250	269
251	252
251	253
251	254
251	255
251	265
251	269
251	282
251	283
251	286
251	287
251	288
251	291
252	253
252	254
252	255
252	256
252	261
252	291
253	254
253	255
253	256
253	258
253	260
253	261
253	262
253	263
253	264
253	265
254	255
254	256
254	257
254	261
254	262
254	265
254	266
254	269
254	287
254	288
254	289
254	291
254	292
254	295
255	256
255	257
255	261
255	262
255	291
255	295
256	257
256	258
256	259
256	261
256	262
256	291
257	258
257	259
257	260
257	262
258	259
258	260
258	261
258	262
258	263
259	260
259	261
259	262
259	263
259	264
259	298
260	261
260	262
260	263
260	264
260	265
261	262
261	263
261	264
261	265
262	263
262	264
262	265
262	266
262	267
262	295
262	298
263	264
263	265
263	266
263	267
263	268
264	265
264	266
264	267
264	268
264	269
265	266
265	267
265	268
265	269
265	270
265	292
266	267
266	268
266	269
266	270
266	271
266	292
266	295
267	268
267	269
267	270
267	271
267	272
267	292
268	269
268	270
268	271
268	272
268	273
269	270
269	271
269	272
269	273
269	274
269	283
269	288
269	292
270	271
270	272
270	273
270	274
271	272
271	273
271	274
271	275
272	273
272	274
272	275
272	276
272	279
273	274
273	275
273	276
273	277
273	278
273	279
273	280
273	281
273	283
274	275
274	276
274	277
274	279
274	280
275	276
275	277
275	280
276	277
276	278
276	279
276	280
276	282
277	278
277	279
277	280
277	281
278	279
278	280
278	281
278	282
278	283
279	280
279	281
279	282
279	283
279	284
280	281
280	282
280	283
280	284
280	285
281	282
281	283
281	284
281	285
281	286
282	283
282	284
282	285
282	286
282	287
282	288
283	284
283	285
283	286
283	287
283	288
283	289
283	292
284	285
284	286
284	287
284	288
284	289
285	286
285	287
285	288
285	289
286	287
286	288
286	289
287	288
287	289
287	290
287	291
287	292
288	289
288	290
288	291
288	292
288	293
289	290
289	291
289	292
289	293
289	294
290	291
290	292
290	293
290	294
290	295
291	292
291	293
291	294
291	295
291	296
292	293
292	294
292	295
292	296
293	294
293	295
293	296
293	297
294	295
294	296
294	297
294	298
295	296
295	297
295	298
296	297
296	298
297	298
