9	10
9	11
9	53
10	11
10	12
10	13
10	14
10	15
10	53
10	56
10	57
10	60
10	93
11	12
11	13
11	14
11	15
11	16
11	53
11	57
12	13
12	14
12	15
12	16
12	17
12	53
12	57
12	61
13	14
13	15
13	16
13	17
13	18
13	57
13	60
13	61
13	64
14	15
14	16
14	17
14	18
14	19
15	16
15	17
15	18
15	19
15	20
15	32
16	17
16	18
16	19
16	20
16	21
16	32
16	33
16	36
16	61
16	64
16	65
16	68
17	18
17	19
17	20
17	21
17	22
17	64
18	19
18	20
18	21
18	22
18	23
19	20
19	21
19	22
19	23
19	32
20	21
20	22
20	23
20	24
20	29
20	32
20	33
20	64
20	68
21	22
21	23
21	24
22	23
22	24
23	24
23	25
23	28
23	29
23	32
24	25
24	26
24	28
25	26
25	27
25	28
25	29
25	30
26	27
26	28
26	29
26	30
26	31
27	28
27	29
27	30
27	31
27	32
28	29
28	30
28	31
28	32
28	33
29	30
29	31
29	32
29	33
29	34
29	68
29	70
30	31
30	32
30	33
30	34
30	35
30	70
31	32
31	33
31	34
31	35
31	36
32	33
32	34
32	35
32	36
32	37
32	61
33	34
33	35
33	36
33	37
33	38
33	65
33	68
33	70
34	35
34	36
34	37
34	38
34	39
35	36
35	37
35	38
35	39
35	40
36	37
36	38
36	39
36	40
36	41
36	58
36	61
36	65
37	38
37	39
37	40
37	41
37	42
37	62
37	65
37	71
37	72
37	74
38	39
38	40
38	41
38	42
38	43
39	40
39	41
39	42
39	43
39	44
39	58
39	61
40	41
40	42
40	43
40	44
40	45
40	58
40	59
40	61
40	62
40	65
40	74
41	42
41	43
41	44
41	45
41	73
41	74
42	43
42	44
42	45
42	46
43	44
43	45
43	46
43	50
43	58
44	45
44	46
44	50
44	54
44	55
44	58
44	59
44	62
44	74
44	75
44	78
45	46
50	51
50	52
50	54
50	55
50	58
50	78
51	52
51	53
51	54
51	55
51	56
51	90
52	53
52	54
52	55
52	56
52	57
52	82
52	87
52	90
53	54
53	55
53	56
53	57
53	58
53	90
54	55
54	56
54	57
54	58
54	59
55	56
55	57
55	58
55	59
55	60
55	78
55	81
55	82
56	57
56	58
56	59
56	60
56	61
56	82
56	89
56	90
56	93
57	58
57	59
57	60
57	61
57	62
58	59
58	60
58	61
58	62
58	63
59	60
59	61
59	62
59	63
59	64
59	75
59	78
59	79
59	82
59	93
59	94
59	97
60	61
60	62
60	63
60	64
60	65
60	93
60	97
61	62
61	63
61	64
61	65
61	66
62	63
62	64
62	65
62	66
62	67
62	70
62	72
62	74
62	75
62	76
62	97
62	101
63	64
63	65
63	66
63	67
63	68
63	72
63	93
63	96
63	97
63	100
63	101
64	65
64	66
64	67
64	68
64	69
65	66
65	67
65	68
65	69
65	70
65	71
65	72
66	67
66	68
66	69
66	70
66	71
66	72
66	100
66	101
67	68
67	69
67	70
67	100
68	69
68	70
69	70
69	71
70	71
70	72
71	72
71	73
72	73
72	74
72	75
72	76
72	97
72	101
73	74
73	75
73	76
74	75
74	76
74	77
74	78
74	97
75	76
75	77
75	78
75	79
75	80
75	97
76	77
76	78
76	79
76	80
76	81
76	97
76	98
76	101
76	102
76	103
76	108
77	78
77	79
77	80
77	81
77	82
77	108
77	111
78	79
78	80
78	81
78	82
78	83
78	94
79	80
79	81
79	82
79	83
79	84
79	90
79	93
79	94
79	95
79	97
79	98
80	81
80	82
80	83
80	84
80	94
80	98
80	108
80	111
80	112
80	115
81	82
81	83
81	84
81	85
82	83
82	84
82	85
82	86
82	87
82	90
82	91
82	92
82	93
82	94
82	95
83	84
83	85
83	86
83	90
83	91
83	94
83	95
83	96
83	98
83	111
83	112
83	115
83	116
83	119
84	85
84	86
84	91
84	115
85	86
85	87
85	88
85	90
85	91
85	119
85	127
86	87
86	88
86	90
86	91
86	127
87	88
87	89
87	90
87	91
87	92
87	127
88	89
88	90
88	91
88	92
88	93
88	126
88	127
88	130
89	90
89	91
89	92
89	93
89	94
90	91
90	92
90	93
90	94
90	95
91	92
91	93
91	94
91	95
91	96
91	119
91	127
91	130
92	93
92	94
92	95
92	96
92	97
92	130
93	94
93	95
93	96
93	97
93	98
94	95
94	96
94	97
94	98
94	99
95	96
95	97
95	98
95	99
95	100
95	112
95	115
95	116
95	117
95	119
95	127
95	130
95	131
95	134
96	97
96	98
96	99
96	100
96	101
97	98
97	99
97	100
97	101
97	102
98	99
98	100
98	101
98	102
98	103
98	112
98	134
98	138
98	143
99	100
99	101
99	102
99	133
99	134
99	137
99	138
100	101
100	102
100	138
101	102
101	103
102	103
102	104
102	137
102	138
103	104
103	105
103	106
103	108
103	109
104	105
104	106
104	109
104	142
105	106
105	107
105	108
105	109
105	110
106	107
106	108
106	109
106	110
106	111
107	108
107	109
107	110
107	111
107	112
108	109
108	110
108	111
108	112
108	113
109	110
109	111
109	112
109	113
109	114
109	140
109	142
109	143
110	111
110	112
110	113
110	114
110	115
110	117
111	112
111	113
111	114
111	115
111	116
112	113
112	114
112	115
112	116
112	117
112	134
112	143
112	147
113	114
113	115
113	116
113	117
113	118
113	142
113	143
113	146
113	147
114	115
114	116
114	117
114	118
114	119
114	147
115	116
115	117
115	118
115	119
115	120
115	131
116	117
116	118
116	119
116	120
116	121
116	131
116	132
116	134
116	135
116	143
116	147
117	118
117	119
117	120
117	121
117	122
117	131
117	146
117	147
118	119
118	120
118	121
118	122
119	120
119	121
119	122
119	123
119	124
119	127
119	128
119	130
119	131
120	121
120	122
120	123
120	127
120	128
120	129
120	131
120	132
120	135
120	147
120	150
120	151
120	154
121	122
121	123
121	124
121	128
122	123
122	124
122	125
122	127
122	128
123	124
123	125
123	128
123	159
124	125
124	126
124	127
124	128
124	129
125	126
125	127
125	128
125	129
125	161
125	163
125	164
126	127
126	128
126	129
126	130
126	131
126	163
126	164
127	128
127	129
127	130
127	131
127	132
128	129
128	130
128	131
128	132
128	133
128	154
128	160
128	164
129	130
129	131
129	132
129	133
129	134
129	164
129	167
130	131
130	132
130	133
130	134
130	135
131	132
131	133
131	134
131	135
131	136
131	171
132	133
132	134
132	135
132	136
132	137
132	151
132	154
132	164
132	167
132	168
132	171
133	134
133	135
133	136
133	137
133	138
133	167
133	171
134	135
134	136
134	137
134	138
134	139
134	143
135	136
135	137
135	138
135	139
135	140
135	143
135	144
135	147
135	151
135	171
135	174
135	175
136	137
136	138
136	139
136	143
136	167
136	170
136	171
136	174
137	138
137	139
137	174
138	139
138	140
138	143
138	174
139	140
139	141
139	143
139	144
139	174
139	175
139	178
140	141
140	142
140	143
140	144
140	145
140	174
140	175
140	178
140	179
141	142
141	143
141	144
141	145
141	146
141	178
141	179
141	180
141	181
141	182
142	143
142	144
142	145
142	146
142	147
143	144
143	145
143	146
143	147
143	148
143	175
144	145
144	146
144	147
144	148
144	149
144	175
144	178
144	179
144	182
145	146
145	147
145	148
145	149
145	182
146	147
146	148
146	149
146	150
146	182
147	148
147	149
147	150
147	151
147	152
147	175
148	149
148	150
148	151
148	152
148	172
148	175
148	182
148	183
148	184
149	150
149	151
149	152
149	153
149	154
149	182
150	151
150	152
150	153
150	154
150	155
151	152
151	153
151	154
151	155
151	156
151	168
151	169
151	171
151	172
151	175
152	153
152	154
152	155
152	156
152	157
152	172
152	183
152	188
153	154
153	155
153	156
153	157
153	158
153	160
153	188
154	155
154	156
154	157
154	158
154	160
154	164
154	165
154	168
155	156
155	157
155	158
155	160
155	164
155	165
155	166
155	168
155	169
155	172
155	188
155	192
155	195
155	210
156	157
156	158
156	159
156	165
156	188
156	189
156	191
156	192
156	195
157	158
157	159
157	160
157	165
158	159
158	160
158	161
158	165
159	160
159	161
159	165
160	161
160	162
160	164
160	165
161	162
161	163
161	164
161	165
161	166
162	163
162	164
162	165
162	166
162	167
162	198
162	200
162	203
163	164
163	165
163	166
163	167
163	168
163	200
163	203
164	165
164	166
164	167
164	168
164	169
165	166
165	167
165	168
165	169
165	170
165	195
165	198
165	203
165	206
166	167
166	168
166	169
166	170
166	171
166	200
166	201
166	202
166	203
166	205
166	206
166	207
166	247
167	168
167	169
167	170
167	171
167	172
167	206
168	169
168	170
168	171
168	172
168	173
168	210
169	170
169	171
169	172
169	173
169	174
169	195
169	203
169	206
169	207
169	210
170	171
170	172
170	173
170	174
170	175
170	206
170	209
170	210
170	260
171	172
171	173
171	174
171	175
171	176
172	173
172	174
172	175
172	176
172	177
172	183
172	188
172	192
172	210
172	214
173	174
173	175
173	176
173	177
173	178
173	206
173	209
173	210
173	213
173	214
174	175
174	176
174	177
174	178
174	179
175	176
175	177
175	178
175	179
175	180
175	183
176	177
176	178
176	179
176	180
176	181
176	183
176	185
176	210
176	213
176	214
176	216
176	217
176	218
177	178
177	179
177	180
177	209
177	213
178	179
178	180
178	181
179	180
179	181
179	182
179	183
180	181
180	182
180	183
180	184
180	217
181	182
181	183
181	184
181	217
182	183
182	184
183	184
183	185
183	188
183	214
184	185
184	186
184	188
184	189
185	186
185	187
185	188
185	189
185	214
185	218
185	221
185	222
186	187
186	188
186	189
186	190
186	221
187	188
187	189
187	190
187	191
187	192
187	221
188	189
188	190
188	191
188	192
188	193
188	210
188	214
188	222
189	190
189	191
189	192
189	193
189	194
189	221
189	222
190	191
190	192
190	193
190	194
190	195
190	221
190	222
191	192
191	193
191	194
191	195
191	196
192	193
192	194
192	195
192	196
192	207
192	210
192	211
192	214
192	222
193	194
193	195
193	196
193	197
193	211
193	221
193	222
193	224
193	225
193	228
194	195
194	196
194	197
194	198
194	211
194	224
194	228
195	196
195	197
195	198
195	199
195	203
195	204
195	207
195	228
196	197
196	198
196	204
196	207
196	208
196	211
196	225
196	226
196	228
196	229
196	232
196	261
196	264
197	198
197	199
197	204
197	228
197	232
197	235
198	199
198	200
198	201
198	203
198	204
198	232
199	200
199	201
199	204
199	232
199	235
200	201
200	202
200	203
200	204
200	205
200	232
200	247
201	202
201	203
201	204
201	205
201	206
201	232
201	236
201	244
201	247
201	254
201	257
202	203
202	204
202	205
202	206
202	207
202	247
203	204
203	205
203	206
203	207
203	208
203	247
204	205
204	206
204	207
204	208
204	209
204	232
204	257
204	260
204	261
205	206
205	207
205	208
205	209
205	210
205	247
205	256
205	257
205	260
206	207
206	208
206	209
206	210
206	211
206	257
206	260
207	208
207	209
207	210
207	211
207	212
208	209
208	210
208	211
208	212
208	213
208	257
208	260
208	261
208	264
209	210
209	211
209	212
209	213
209	214
209	260
210	211
210	212
210	213
210	214
210	215
211	212
211	213
211	214
211	215
211	216
211	222
211	225
211	264
211	268
212	213
212	214
212	215
212	216
212	260
212	263
212	264
212	267
213	214
213	215
213	216
213	217
213	218
214	215
214	216
214	217
214	218
214	219
214	222
215	216
215	217
215	218
215	219
215	220
215	222
215	225
215	264
215	267
215	268
216	217
216	218
216	219
216	263
216	267
217	218
217	219
218	219
218	220
218	221
218	222
218	268
219	220
219	221
219	222
219	223
219	267
219	268
220	221
220	222
220	223
220	224
220	268
221	222
221	223
221	224
221	268
222	223
222	224
222	225
222	226
222	268
223	224
223	225
223	226
223	227
223	268
223	272
224	225
224	226
224	227
224	228
224	229
224	268
225	226
225	227
225	228
225	229
225	230
225	264
225	265
225	268
226	227
226	228
226	229
226	230
226	231
226	264
226	265
226	268
226	269
226	270
226	271
226	276
227	228
227	229
227	230
227	231
227	232
227	265
227	276
227	279
228	229
228	230
228	231
228	232
228	233
229	230
229	231
229	232
229	233
229	234
229	261
229	264
229	265
230	231
230	232
230	233
230	234
230	235
230	261
230	265
230	271
230	276
230	277
230	279
230	280
230	283
231	232
231	233
231	234
231	235
231	236
231	276
231	279
232	233
232	234
232	235
232	236
232	237
232	257
232	261
233	234
233	235
233	236
233	237
233	238
233	257
233	258
233	259
233	261
233	262
233	265
233	280
233	283
233	284
233	287
233	316
234	235
234	236
234	237
234	238
234	239
234	279
234	280
234	283
235	236
235	237
235	238
235	239
235	240
235	244
236	237
236	238
236	239
236	240
236	244
236	253
236	254
236	255
236	257
236	258
236	261
237	238
237	239
237	253
237	258
237	283
237	286
237	287
237	290
237	309
238	239
238	240
238	253
238	286
238	290
239	240
239	241
239	243
239	244
239	253
239	290
240	241
240	242
240	243
240	244
240	245
240	248
241	242
241	243
241	244
241	245
241	246
241	248
241	251
242	243
242	244
242	245
242	248
243	244
243	245
243	246
243	248
244	245
244	246
244	247
244	248
244	253
244	254
245	246
245	247
245	248
246	247
246	248
247	248
247	249
247	252
247	253
247	254
247	255
247	256
248	249
248	250
248	251
248	252
248	253
248	254
248	255
249	250
249	251
249	252
249	253
249	254
249	255
249	256
249	301
249	302
249	305
250	251
250	252
250	297
250	299
250	301
250	302
251	252
251	253
251	290
251	296
251	297
251	302
252	253
252	254
252	255
252	301
252	302
252	303
252	305
252	306
252	309
253	254
253	255
253	258
253	290
253	309
254	255
254	256
254	257
254	258
254	259
254	309
255	256
255	257
255	258
255	259
255	260
255	305
255	306
255	308
255	309
256	257
256	258
256	259
256	260
256	261
256	305
256	309
257	258
257	259
257	260
257	261
257	262
258	259
258	260
258	261
258	262
258	263
258	309
258	312
259	260
259	261
259	262
259	263
259	264
259	308
259	309
259	312
260	261
260	262
260	263
260	264
260	265
260	312
261	262
261	263
261	264
261	265
261	266
261	316
262	263
262	264
262	265
262	266
262	267
262	280
262	284
262	287
262	309
262	310
262	312
262	313
262	316
263	264
263	265
263	266
263	267
263	312
264	265
264	266
264	267
264	268
265	266
265	267
265	268
265	269
265	280
265	316
266	267
266	268
266	269
266	312
266	315
266	316
267	268
267	269
268	269
268	270
268	316
269	270
269	271
269	272
270	271
270	272
270	277
270	280
271	272
271	273
271	274
271	276
271	277
271	280
272	273
272	274
272	277
273	274
273	275
273	276
273	277
273	278
274	275
274	276
274	277
274	278
274	279
275	276
275	277
275	278
275	279
275	280
276	277
276	278
276	279
276	280
276	281
277	278
277	279
277	280
277	281
277	282
278	279
278	280
278	281
278	282
278	283
279	280
279	281
279	282
279	283
279	284
280	281
280	282
280	283
280	284
280	285
280	316
281	282
281	283
281	284
281	285
281	286
282	283
282	284
282	285
282	286
282	287
283	284
283	285
283	286
283	287
283	288
284	285
284	286
284	287
284	288
284	289
284	313
284	316
285	286
285	287
285	288
285	289
285	290
286	287
286	288
286	289
286	290
286	291
286	293
287	288
287	289
287	290
287	291
287	292
287	306
287	309
287	310
287	313
288	289
288	290
288	291
288	292
288	310
288	314
289	290
289	291
289	292
289	293
290	291
290	292
290	293
290	294
290	296
290	306
291	292
291	293
291	294
291	306
291	307
291	310
292	293
292	294
293	294
293	295
293	296
293	306
294	295
294	296
294	306
295	296
295	297
295	298
295	302
295	306
296	297
296	298
296	302
296	306
297	298
297	299
297	300
297	302
297	303
298	299
298	300
298	302
299	300
299	301
299	302
299	303
299	304
300	301
300	302
300	303
300	304
300	305
301	302
301	303
301	304
301	305
301	306
302	303
302	304
302	305
302	306
302	307
303	304
303	305
303	306
303	307
303	308
304	305
304	306
304	307
304	308
304	309
305	306
305	307
305	308
305	309
305	310
306	307
306	308
306	309
306	310
306	311
307	308
307	309
307	310
307	311
307	312
308	309
308	310
308	311
308	312
308	313
309	310
309	311
309	312
309	313
309	314
310	311
310	312
310	313
310	314
310	315
311	312
311	313
311	314
311	315
311	316
312	313
312	314
312	315
312	316
313	314
313	315
313	316
314	315
314	316
315	316
