2	3
2	4
2	226
2	228
3	4
3	5
3	29
3	219
3	222
3	223
3	224
3	226
3	228
4	5
4	6
4	7
4	28
4	29
4	30
4	222
4	225
4	226
4	227
4	228
5	6
5	7
5	8
5	9
5	26
5	29
5	30
5	31
5	32
5	222
5	225
5	226
5	227
6	7
6	8
6	29
6	30
6	31
6	32
6	227
7	8
7	9
7	30
7	31
7	32
7	33
7	82
7	83
7	176
7	225
7	226
7	227
8	9
8	10
8	31
8	32
8	33
8	34
8	74
8	78
8	79
8	80
8	81
8	82
8	83
8	84
8	126
9	10
9	11
9	26
9	31
9	32
9	33
9	34
9	35
9	80
9	81
9	82
9	83
9	84
9	85
9	225
10	11
10	12
10	32
10	33
10	34
10	35
10	36
10	59
10	67
10	70
10	71
10	74
10	81
10	83
10	84
10	85
10	86
10	122
11	12
11	13
11	14
11	18
11	19
11	20
11	22
11	23
11	24
11	26
11	33
11	34
11	35
11	36
11	37
11	59
11	83
11	84
11	85
11	87
12	13
12	14
12	19
12	34
12	36
12	37
12	59
12	61
12	67
12	84
12	85
12	86
12	87
12	88
13	14
13	15
13	16
13	17
13	18
13	19
13	20
13	36
13	37
13	38
13	85
13	87
13	88
14	15
14	16
14	19
14	20
14	21
14	23
14	35
14	36
14	37
14	43
14	46
14	87
15	16
15	17
15	19
15	20
15	24
15	35
15	36
15	37
15	39
15	42
15	43
15	44
15	46
15	56
16	17
16	18
16	19
16	20
16	21
16	37
16	39
16	42
16	46
16	87
16	187
16	188
16	189
17	18
17	19
17	20
17	21
17	22
17	87
17	187
17	188
17	214
18	19
18	20
18	21
18	22
18	23
18	87
18	137
18	182
18	185
18	187
18	214
18	217
18	218
18	221
19	20
19	21
19	22
19	23
19	24
19	35
19	87
20	21
20	22
20	23
20	24
20	25
20	35
20	46
20	50
20	87
21	22
21	23
21	24
21	25
21	26
21	214
21	215
21	218
22	23
22	24
22	25
22	26
22	27
22	33
22	85
22	218
22	221
22	222
23	24
23	25
23	26
23	27
23	28
23	33
23	35
23	46
23	50
24	25
24	26
24	27
24	28
24	29
24	33
24	46
24	49
24	50
25	26
25	27
25	28
25	29
25	30
25	214
25	215
25	216
25	218
25	219
25	222
26	27
26	28
26	29
26	30
26	31
26	32
26	33
26	222
26	225
27	28
27	29
27	30
27	31
27	32
27	33
27	50
27	53
27	54
28	29
28	30
28	31
29	30
29	31
29	222
30	31
30	32
31	32
31	33
31	53
32	33
32	34
32	52
32	53
32	54
32	78
32	82
33	34
33	35
33	50
33	53
33	54
33	55
33	56
33	78
34	35
34	36
34	53
34	54
34	55
34	56
34	57
34	70
34	73
34	74
34	78
35	36
35	37
35	43
35	46
35	47
35	50
35	54
35	55
35	56
35	57
35	58
36	37
36	38
36	55
36	56
36	57
36	58
36	59
36	70
37	38
37	39
37	40
37	42
37	43
37	56
37	57
37	58
37	59
37	60
38	39
38	40
38	41
38	56
38	57
38	58
38	59
38	60
38	61
39	40
39	41
39	42
39	43
39	44
39	56
39	58
40	41
40	42
40	43
40	44
40	45
40	56
40	57
40	58
40	59
41	42
41	43
41	44
41	45
41	46
41	48
41	56
42	43
42	44
42	45
42	46
42	47
42	56
43	44
43	45
43	46
43	47
43	48
43	55
43	56
44	45
44	46
44	47
44	48
44	49
44	56
45	46
45	47
45	48
45	49
45	50
46	47
46	48
46	49
46	50
46	51
46	54
47	48
47	49
47	50
47	51
47	54
47	55
47	56
48	49
48	50
48	51
48	54
49	50
49	51
49	54
50	51
50	52
50	53
50	54
51	52
51	53
51	54
51	55
52	53
52	54
52	55
52	78
53	54
53	55
53	78
54	55
54	56
54	78
55	56
55	57
55	73
55	77
55	78
56	57
56	58
56	59
56	73
57	58
57	59
57	69
57	70
57	73
58	59
58	60
58	66
58	69
58	70
59	60
59	61
59	62
59	63
59	66
59	67
59	69
59	70
60	61
60	62
60	63
60	64
60	66
60	67
61	62
61	63
61	64
61	66
61	67
61	86
61	88
61	109
61	110
61	111
61	113
61	114
61	115
61	117
61	118
62	63
62	64
62	67
62	106
62	109
62	110
62	111
62	113
62	114
62	117
63	64
63	65
63	66
63	67
63	68
63	117
64	65
64	66
64	67
64	68
64	69
64	117
64	120
64	121
65	66
65	67
65	68
65	69
65	70
66	67
66	68
66	69
66	70
66	71
67	68
67	69
67	70
67	71
67	72
67	84
67	86
67	114
67	115
67	117
67	118
67	119
67	121
67	122
68	69
68	70
68	71
68	72
68	73
68	121
69	70
69	71
69	72
69	73
69	74
70	71
70	72
70	73
70	74
70	75
70	81
71	72
71	73
71	74
71	75
71	76
71	81
71	118
71	121
71	122
71	125
72	73
72	74
72	75
72	76
72	77
73	74
73	75
73	76
73	77
73	78
73	79
74	75
74	76
74	77
74	78
74	79
74	80
74	81
75	76
75	77
75	78
75	79
75	80
75	81
75	121
75	122
75	124
75	125
75	126
75	128
76	77
76	78
76	79
76	80
77	78
77	79
78	79
78	80
79	80
79	81
80	81
80	82
80	125
80	128
80	129
81	82
81	83
81	84
81	122
81	125
81	126
81	129
81	131
81	132
82	83
82	84
82	125
82	126
82	129
82	130
82	131
82	132
82	133
82	134
83	84
83	85
83	122
83	126
83	131
83	132
83	133
83	134
83	225
84	85
84	86
84	115
84	118
84	119
84	122
84	126
84	133
84	134
84	135
84	136
84	225
85	86
85	87
85	88
85	133
85	134
85	135
85	136
85	137
85	221
85	225
86	87
86	88
86	114
86	115
86	116
86	118
86	119
86	134
86	135
86	136
86	137
86	138
86	156
87	88
87	89
87	135
87	137
87	156
88	89
88	90
88	110
88	111
88	115
88	137
88	156
89	90
89	91
89	110
89	111
89	156
90	91
90	92
90	103
90	106
90	107
90	110
90	111
90	152
91	92
91	93
91	94
91	103
91	107
91	111
91	149
91	151
91	152
91	189
92	93
92	94
92	99
92	103
92	107
92	111
92	148
92	149
92	150
92	151
92	152
92	153
93	94
93	95
93	103
93	148
93	149
94	95
94	96
94	98
94	99
94	100
94	103
94	147
94	148
94	149
94	150
94	151
95	96
95	97
95	98
95	99
95	148
95	150
96	97
96	98
96	99
96	100
96	148
96	150
97	98
97	99
97	150
98	99
98	100
99	100
99	101
99	102
99	103
99	104
99	107
99	149
99	150
99	151
99	152
100	101
100	102
100	103
100	104
100	105
101	102
101	103
101	104
101	105
101	106
102	103
102	104
102	105
102	106
102	107
103	104
103	105
103	106
103	107
103	108
103	149
103	151
103	152
104	105
104	106
104	107
104	108
104	109
104	150
104	151
104	154
104	155
105	106
105	107
105	108
105	109
105	110
105	151
106	107
106	108
106	109
106	110
106	111
107	108
107	109
107	110
107	111
107	112
107	151
107	152
107	155
108	109
108	110
108	111
108	112
108	113
108	114
108	151
108	152
108	154
108	155
109	110
109	111
109	112
109	113
109	114
109	115
109	117
109	155
110	111
110	112
110	113
110	114
110	115
111	112
111	113
111	114
111	115
111	151
111	152
111	155
111	156
111	159
112	113
112	114
112	115
112	116
112	117
112	154
112	155
112	156
112	158
112	159
112	162
113	114
113	115
113	116
113	117
113	118
114	115
114	116
114	117
114	118
114	119
115	116
115	117
115	118
115	119
115	120
115	136
115	159
115	162
116	117
116	118
116	119
116	120
116	121
116	162
117	118
117	119
117	120
117	121
117	122
118	119
118	120
118	121
118	122
118	123
119	120
119	121
119	122
119	123
119	124
119	134
119	136
119	162
119	163
119	166
119	167
119	170
119	177
120	121
120	122
120	123
120	124
121	122
121	123
121	124
121	125
122	123
122	124
122	125
122	126
122	127
122	134
123	124
123	125
123	126
123	127
123	128
123	134
123	170
123	175
124	125
124	126
124	127
124	128
124	129
125	126
125	127
125	128
125	129
125	130
125	131
126	127
126	128
126	129
126	130
126	131
126	132
126	133
126	134
126	173
126	175
127	128
127	129
127	130
127	131
127	170
127	173
127	175
128	129
128	130
128	131
129	130
129	131
130	131
130	132
130	173
130	174
130	175
131	132
131	133
131	173
131	174
131	175
131	176
132	133
132	134
132	173
132	174
132	175
132	176
132	177
133	134
133	135
133	174
133	175
133	176
133	177
133	178
133	224
133	225
133	226
133	232
134	135
134	136
134	166
134	170
134	175
134	176
134	177
134	178
134	179
134	225
135	136
135	137
135	176
135	177
135	178
135	179
135	180
135	221
135	224
135	225
136	137
136	138
136	159
136	162
136	163
136	177
136	178
136	179
136	180
136	181
137	138
137	139
137	156
137	159
137	178
137	179
137	180
137	181
137	182
137	217
137	221
138	139
138	140
138	141
138	142
138	143
138	152
138	156
138	157
138	159
138	160
138	179
138	180
138	181
138	182
139	140
139	141
139	142
139	143
139	144
139	146
139	152
139	156
139	180
139	181
139	182
139	183
140	141
140	142
140	143
140	144
140	145
140	146
140	152
140	181
140	182
140	183
140	184
140	240
141	142
141	143
141	144
141	145
141	146
141	149
141	152
141	153
141	154
141	156
141	157
141	182
142	143
142	144
142	146
142	152
142	153
142	156
142	157
142	160
142	181
143	144
143	145
143	157
143	160
143	181
143	236
143	237
143	238
143	240
144	145
144	146
144	157
144	160
145	146
145	147
145	149
145	157
146	147
146	148
146	149
146	150
146	152
146	153
146	157
147	148
147	149
147	150
148	149
148	150
149	150
149	151
149	152
149	153
149	154
150	151
150	152
150	153
150	154
150	155
151	152
151	153
151	154
151	155
151	156
152	153
152	154
152	155
152	156
152	157
153	154
153	155
153	156
153	157
153	158
154	155
154	156
154	157
154	158
154	159
155	156
155	157
155	158
155	159
155	160
156	157
156	158
156	159
156	160
156	161
156	181
157	158
157	159
157	160
157	161
157	162
158	159
158	160
158	161
158	162
158	163
159	160
159	161
159	162
159	163
159	164
159	179
160	161
160	162
160	163
160	164
160	165
160	179
160	181
160	236
161	162
161	163
161	164
161	165
161	166
162	163
162	164
162	165
162	166
162	167
162	177
163	164
163	165
163	166
163	167
163	168
163	177
163	178
163	179
163	234
163	235
164	165
164	166
164	167
164	168
164	169
164	177
164	179
164	234
164	235
164	236
165	166
165	167
165	168
165	169
165	170
166	167
166	168
166	169
166	170
166	171
166	175
166	177
167	168
167	169
167	170
167	171
167	172
167	175
167	176
167	177
167	178
167	233
167	234
167	235
168	169
168	170
168	171
168	172
168	233
168	234
169	170
169	171
169	172
169	173
170	171
170	172
170	173
170	174
170	175
170	176
170	177
171	172
171	173
171	174
171	175
171	233
172	173
172	174
172	175
173	174
173	175
174	175
174	176
175	176
175	177
175	233
176	177
176	178
176	223
176	224
176	225
176	226
176	227
176	228
176	229
176	230
176	231
176	232
176	233
176	234
177	178
177	179
177	232
177	233
177	234
177	235
178	179
178	180
178	224
178	229
178	232
178	233
178	234
178	235
178	236
179	180
179	181
179	224
179	234
179	235
179	236
179	237
179	238
180	181
180	182
180	217
180	220
180	221
180	224
180	235
180	236
180	237
180	238
180	239
181	182
181	183
181	235
181	236
181	237
181	238
181	239
181	240
182	183
182	184
182	185
182	217
182	237
182	238
182	239
182	240
183	184
183	185
183	211
183	217
183	239
183	240
184	185
184	186
184	189
184	190
184	193
184	195
184	202
184	209
184	210
184	211
184	213
184	239
184	240
185	186
185	187
185	190
185	191
185	195
185	210
185	211
185	213
185	214
185	217
185	239
186	187
186	188
186	190
186	191
186	195
186	196
186	197
186	210
186	211
186	213
186	214
187	188
187	189
187	190
187	191
187	192
187	211
187	214
188	189
188	190
188	191
188	192
188	193
189	190
189	191
189	192
189	193
190	191
190	192
190	193
190	194
190	195
191	192
191	193
191	194
191	195
192	193
192	194
192	195
193	194
193	195
194	195
194	196
195	196
195	197
195	202
195	210
196	197
196	198
196	201
196	202
196	209
196	210
197	198
197	199
197	201
197	209
197	210
197	211
197	213
198	199
198	200
198	201
198	202
198	208
198	209
198	210
199	200
199	201
199	202
199	207
199	208
199	209
200	201
200	202
200	203
200	207
200	208
200	209
201	202
201	203
201	208
201	209
201	210
202	203
202	204
202	205
202	206
202	207
202	208
202	209
202	210
203	204
203	205
203	206
203	208
203	209
204	205
204	206
204	208
205	206
205	207
205	208
205	209
205	210
205	240
205	241
205	242
206	207
206	208
206	209
206	240
206	241
206	242
207	208
207	209
207	241
207	242
208	209
208	210
208	241
209	210
209	211
209	216
209	240
209	241
210	211
210	213
210	216
211	213
211	214
211	216
211	217
213	214
213	215
213	216
213	217
213	218
214	215
214	216
214	217
214	218
214	219
215	216
215	217
215	218
215	219
215	220
216	217
216	218
216	219
216	220
216	239
217	218
217	219
217	220
217	221
217	222
217	239
217	240
218	219
218	220
218	221
218	222
218	223
219	220
219	221
219	222
219	223
219	224
220	221
220	222
220	223
220	224
220	225
220	237
220	239
221	222
221	223
221	224
221	225
221	226
222	223
222	224
222	225
222	226
222	227
222	229
223	224
223	225
223	226
223	227
223	228
223	229
223	232
224	225
224	226
224	227
224	229
224	232
224	237
225	226
225	227
225	228
225	229
226	227
226	228
226	229
226	230
227	228
227	229
227	230
227	231
228	229
228	230
228	231
228	232
229	230
229	231
229	232
229	233
230	231
230	232
231	232
231	233
232	233
232	234
232	235
233	234
233	235
234	235
234	236
235	236
235	237
236	237
236	238
237	238
237	239
238	239
238	240
238	241
239	240
239	241
239	242
240	241
240	242
241	242
