119	120
119	121
119	123
119	124
119	127
120	121
120	122
120	123
120	124
121	122
121	123
121	124
121	126
122	123
122	124
122	126
122	127
123	124
123	126
123	127
123	128
124	126
124	127
124	128
124	129
126	127
126	128
126	130
126	131
126	165
127	128
127	129
127	130
127	131
127	132
127	165
128	129
128	130
128	131
128	132
128	133
128	165
129	130
129	131
129	132
129	133
129	134
129	162
130	131
130	132
130	133
130	134
130	135
130	161
130	162
130	165
131	132
131	133
131	134
131	135
131	136
131	161
131	162
131	165
132	133
132	134
132	135
132	136
132	137
132	165
133	134
133	135
133	136
133	137
133	138
133	162
134	135
134	136
134	137
134	138
134	139
134	161
134	162
134	163
134	165
134	166
135	136
135	137
135	138
135	139
135	140
136	137
136	138
136	139
136	140
136	141
137	138
137	139
137	140
137	141
137	142
137	162
138	139
138	140
138	141
138	142
138	143
138	146
138	165
138	166
138	170
139	140
139	141
139	142
139	143
139	144
140	141
140	142
140	143
140	144
140	145
141	142
141	143
141	144
141	145
141	146
141	153
141	170
142	143
142	144
142	145
142	146
142	147
142	148
143	144
143	145
143	146
144	145
144	146
145	146
145	147
145	150
146	147
146	148
146	150
146	151
146	153
146	170
147	148
147	149
147	150
147	151
147	153
148	149
148	150
148	151
148	152
149	150
149	151
150	151
150	152
151	152
151	153
152	153
152	154
153	154
153	155
153	170
154	155
154	156
154	170
155	156
155	157
155	158
155	162
155	163
155	164
155	166
155	167
155	170
156	157
156	158
156	159
156	163
157	158
157	159
157	160
157	161
157	162
157	163
157	164
158	159
158	160
158	163
158	164
158	165
158	167
159	160
159	161
159	163
159	164
160	161
160	162
160	163
160	164
160	165
161	162
161	163
161	164
161	165
161	166
162	163
162	164
162	165
162	166
162	167
163	164
163	165
163	166
163	167
163	168
164	165
164	166
164	167
164	168
165	166
165	167
165	168
165	170
166	167
166	168
166	170
167	168
167	170
168	170
