-2	-1
-2	0
-2	430
-1	0
-1	425
-1	429
-1	430
-1	431
0	425
0	426
0	427
0	428
0	429
0	430
425	426
425	427
425	428
425	429
425	430
425	434
426	427
426	428
426	429
427	428
427	429
427	434
428	429
428	430
428	433
429	430
429	431
429	433
429	434
429	437
430	431
430	432
430	433
430	434
430	435
431	432
431	433
431	434
431	435
431	436
432	433
432	434
432	435
432	436
432	437
433	434
433	435
433	436
433	437
433	438
434	435
434	436
434	437
434	438
434	439
434	440
435	436
435	437
435	438
435	439
435	440
435	441
436	437
436	438
436	439
436	440
437	438
437	439
437	440
438	439
438	440
439	440
439	441
440	441
