11	12
11	13
11	14
11	15
12	13
12	14
12	15
13	14
13	15
14	15
14	16
15	16
15	17
16	17
16	18
16	19
16	20
17	18
17	19
17	24
18	19
18	20
18	24
19	20
19	21
19	22
19	23
19	24
20	21
20	22
20	23
20	24
21	22
21	23
21	24
21	25
22	23
22	24
22	25
22	26
23	24
23	25
23	26
23	27
24	25
24	26
25	26
25	27
25	52
26	27
26	28
26	30
26	52
27	28
27	29
27	30
27	31
27	48
27	49
27	52
27	53
27	54
27	55
27	110
28	29
28	30
28	51
28	52
28	53
28	54
28	79
29	30
29	31
29	52
29	53
29	54
29	55
29	107
29	109
30	31
30	32
30	53
30	54
30	55
30	56
30	107
30	109
30	110
31	32
31	33
31	54
31	55
31	56
31	57
31	101
31	105
31	107
31	108
31	109
31	110
31	111
32	33
32	34
32	49
32	54
32	55
32	56
32	57
32	58
32	105
32	108
32	109
32	110
32	111
32	112
33	34
33	35
33	49
33	55
33	56
33	57
33	58
33	59
33	97
33	98
33	101
33	108
33	110
33	111
33	112
33	113
34	35
34	36
34	37
34	41
34	42
34	43
34	45
34	46
34	49
34	56
34	57
34	58
34	59
34	60
34	110
34	111
34	112
34	113
34	114
35	36
35	37
35	42
35	57
35	59
35	60
35	88
35	97
35	111
35	112
35	113
35	114
35	115
36	37
36	38
36	39
36	40
36	41
36	42
36	43
36	59
36	60
36	61
36	114
36	115
37	38
37	39
37	42
37	43
37	44
37	46
37	56
37	57
37	58
37	59
37	60
37	66
37	67
37	70
37	114
37	115
38	39
38	40
38	42
38	43
38	58
38	59
38	60
38	63
38	66
38	67
38	70
39	40
39	41
39	42
39	43
39	44
39	63
39	66
39	70
39	114
40	41
40	42
40	43
40	44
40	45
41	42
41	43
41	44
41	45
41	46
41	114
42	43
42	44
42	45
42	46
42	47
42	114
43	44
43	45
43	46
43	47
43	48
43	66
43	67
43	69
43	70
43	73
43	74
43	114
44	45
44	46
44	47
44	48
44	49
44	51
45	46
45	47
45	48
45	49
45	50
45	56
45	112
45	113
45	114
46	47
46	48
46	49
46	50
46	51
46	56
46	58
46	70
46	74
47	48
47	49
47	50
47	51
47	52
47	56
47	69
47	70
47	73
47	74
47	77
48	49
48	50
48	51
48	52
48	53
49	50
49	51
49	52
49	53
49	54
49	55
49	56
49	79
49	110
49	112
50	51
50	52
50	53
50	54
50	55
50	56
50	74
50	77
50	78
50	79
51	52
51	53
51	54
51	74
51	77
51	79
52	53
52	54
52	79
53	54
53	55
53	79
54	55
54	56
54	74
54	79
54	80
54	110
55	56
55	57
55	79
55	80
55	81
55	105
56	57
56	58
56	71
56	74
56	79
56	80
56	81
56	82
56	83
56	105
57	58
57	59
57	80
57	81
57	82
57	83
57	84
57	97
57	100
57	101
57	102
57	104
57	105
57	107
57	108
58	59
58	60
58	66
58	67
58	68
58	70
58	71
58	74
58	81
58	82
58	83
58	84
58	85
59	60
59	61
59	67
59	82
59	83
59	84
59	85
59	86
59	87
59	88
59	97
59	115
60	61
60	62
60	63
60	64
60	65
60	67
60	83
60	84
60	85
60	86
60	87
61	62
61	63
61	64
61	84
61	85
61	86
61	87
61	88
62	63
62	64
62	65
62	85
63	64
63	65
63	66
63	67
63	68
64	65
64	66
64	67
64	68
64	69
64	83
64	85
65	66
65	67
65	68
65	69
65	70
66	67
66	68
66	69
66	70
66	71
67	68
67	69
67	70
67	71
67	72
67	83
68	69
68	70
68	71
68	72
68	73
68	82
68	83
69	70
69	71
69	72
69	73
69	74
70	71
70	72
70	73
70	74
70	75
70	81
71	72
71	73
71	74
71	75
71	76
71	79
71	80
71	81
71	82
71	83
72	73
72	74
72	75
72	76
72	77
72	81
73	74
73	75
73	76
73	77
73	78
74	75
74	76
74	77
74	78
74	79
74	80
74	81
75	76
75	77
75	78
75	79
75	80
75	81
75	82
76	77
76	78
76	79
77	78
77	79
78	79
78	80
79	80
79	81
80	81
80	82
80	105
81	82
81	83
81	104
81	105
82	83
82	84
82	104
82	105
83	84
83	85
83	100
83	104
84	85
84	86
84	96
84	97
84	98
84	100
84	101
84	104
85	86
85	87
85	93
85	96
85	97
85	100
86	87
86	88
86	93
86	94
86	96
86	97
87	88
87	89
87	90
87	91
87	93
87	94
87	96
88	89
88	90
88	91
88	93
88	94
88	97
88	115
89	90
89	91
89	94
90	91
90	92
90	93
90	94
90	95
91	92
91	93
91	94
91	95
91	96
92	93
92	94
92	95
92	96
92	97
93	94
93	95
93	96
93	97
93	98
94	95
94	96
94	97
94	98
94	99
95	96
95	97
95	98
95	99
95	100
96	97
96	98
96	99
96	100
96	101
97	98
97	99
97	100
97	101
97	102
98	99
98	100
98	101
98	102
98	103
98	108
98	111
99	100
99	101
99	102
99	103
99	104
100	101
100	102
100	103
100	104
100	105
101	102
101	103
101	104
101	105
101	106
101	107
101	108
102	103
102	104
102	105
102	106
102	107
102	108
103	104
103	105
103	106
103	107
104	105
104	106
105	106
105	107
106	107
106	108
107	108
107	109
108	109
108	110
108	111
109	110
109	111
110	111
110	112
111	112
111	113
112	113
112	114
112	115
113	114
113	115
114	115
114	116
115	116
115	117
116	117
116	118
117	118
117	119
118	119
118	120
119	120
119	121
120	121
120	122
121	122
121	123
121	124
121	125
122	123
122	124
122	125
123	124
123	125
124	125
