107	108
107	109
107	110
107	111
107	112
107	113
107	114
107	116
108	109
108	110
108	111
108	113
108	114
109	110
109	111
109	114
110	111
110	112
110	113
110	114
110	115
110	144
111	112
111	113
111	114
111	115
111	116
111	144
111	145
111	146
112	113
112	114
112	115
112	116
112	117
112	144
112	145
112	162
112	166
112	169
113	114
113	115
113	116
113	117
113	118
114	115
114	116
114	117
114	118
114	119
114	140
114	141
114	144
115	116
115	117
115	118
115	119
115	120
115	140
115	141
115	142
115	144
115	145
115	166
115	169
115	170
115	173
116	117
116	118
116	119
116	120
116	121
116	141
116	169
117	118
117	119
117	120
117	121
117	122
117	137
118	119
118	120
118	121
118	122
118	123
118	134
118	136
118	137
118	138
118	140
118	141
118	144
119	120
119	121
119	122
119	123
119	124
119	137
119	138
119	141
119	169
119	172
119	173
120	121
120	122
120	123
120	124
120	125
121	122
121	123
121	124
121	125
121	126
121	130
121	134
121	137
122	123
122	124
122	125
122	126
122	127
122	130
122	133
122	134
122	135
122	137
122	138
123	124
123	125
123	126
123	127
123	128
123	134
123	138
124	125
124	126
124	127
124	128
124	129
124	130
125	126
125	127
125	128
125	129
125	130
125	131
125	133
125	134
125	137
126	127
126	128
126	129
126	130
126	131
126	134
127	128
127	129
127	130
127	131
128	129
128	130
129	130
129	131
129	132
130	131
130	132
130	133
130	134
130	135
131	132
131	133
131	134
131	135
131	136
131	179
131	180
131	181
131	183
131	184
132	133
132	134
132	135
132	136
132	137
132	180
132	181
132	184
132	186
133	134
133	135
133	136
133	137
133	138
134	135
134	136
134	137
134	138
134	139
134	177
134	180
135	136
135	137
135	138
135	139
135	140
135	177
135	180
135	181
135	184
135	186
136	137
136	138
136	139
136	140
136	141
136	143
136	177
137	138
137	139
137	140
137	141
137	142
138	139
138	140
138	141
138	142
138	143
138	172
138	173
138	174
138	176
138	177
138	180
139	140
139	141
139	142
139	143
139	144
139	177
140	141
140	142
140	143
140	144
141	142
141	143
141	144
141	145
141	173
142	143
142	144
142	145
142	146
142	170
142	173
142	174
142	177
143	144
143	145
143	146
144	145
144	146
145	146
145	147
145	148
145	149
145	163
145	166
145	167
145	169
145	170
146	147
146	148
147	148
147	149
147	150
147	151
148	149
148	150
148	151
148	152
148	154
149	150
149	151
149	152
149	154
149	159
149	162
149	163
149	166
150	151
150	152
150	153
150	154
150	158
150	159
150	162
151	152
151	153
151	154
151	155
151	159
152	153
152	154
152	155
152	156
153	154
153	155
153	156
153	157
153	158
153	159
154	155
154	156
154	157
154	159
154	160
155	156
155	157
155	159
155	160
156	157
156	158
156	159
156	160
157	158
157	159
157	160
157	161
158	159
158	160
158	161
158	162
158	163
159	160
159	161
159	162
159	163
159	164
160	161
160	162
160	163
160	164
160	165
161	162
161	163
161	164
161	165
161	166
162	163
162	164
162	165
162	166
162	167
163	164
163	165
163	166
163	167
163	168
164	165
164	166
164	167
164	168
165	166
165	167
165	168
165	169
165	170
166	167
166	168
166	169
166	170
166	171
167	168
167	169
167	170
167	171
167	172
167	201
168	169
168	170
168	171
168	172
168	173
169	170
169	171
169	172
169	173
169	174
170	171
170	172
170	173
170	174
170	175
170	200
171	172
171	173
171	174
171	175
171	176
171	201
172	173
172	174
172	175
172	176
172	177
173	174
173	175
173	176
173	177
173	178
174	175
174	176
174	177
174	178
174	179
174	193
174	194
174	197
174	201
175	176
175	177
175	178
175	179
175	180
176	177
176	178
176	179
176	180
176	181
177	178
177	179
177	180
177	181
177	182
177	190
177	193
178	179
178	180
178	181
178	182
178	183
178	190
178	194
179	180
179	181
179	182
179	183
179	184
180	181
180	182
180	183
180	184
180	185
180	186
181	182
181	183
181	184
181	185
181	186
181	187
181	189
181	190
182	183
182	184
182	185
182	186
182	187
182	190
182	194
183	184
183	185
183	186
184	185
184	186
185	186
185	187
185	188
186	187
186	188
186	189
186	190
186	191
187	188
187	189
187	190
187	191
187	194
188	189
188	190
188	191
188	192
189	190
189	191
189	192
189	193
190	191
190	192
190	193
190	194
190	195
191	192
191	193
191	194
191	195
191	196
192	193
192	194
192	195
192	196
192	197
193	194
193	195
193	196
193	197
193	198
194	195
194	196
194	197
194	198
194	199
195	196
195	197
195	198
195	199
195	200
196	197
196	198
196	199
196	200
196	201
197	198
197	199
197	200
197	201
198	199
198	200
198	201
199	200
199	201
200	201
