335	336
335	337
335	338
335	341
335	345
335	357
335	360
335	364
335	591
335	592
335	593
336	337
336	338
336	341
336	364
337	338
337	339
337	340
337	341
337	342
337	344
337	357
337	364
337	368
338	339
338	340
338	341
338	342
338	343
338	357
338	358
338	360
338	361
338	364
338	593
339	340
339	341
339	342
339	343
339	344
339	357
339	358
339	361
339	368
339	370
339	371
339	374
340	341
340	342
340	343
340	344
340	345
340	358
341	342
341	343
341	344
341	345
341	346
341	354
341	357
341	358
341	591
341	592
342	343
342	344
342	345
342	346
342	347
342	350
342	353
342	354
342	357
342	358
343	344
343	345
343	346
343	347
343	348
343	354
343	357
343	358
343	374
344	345
344	346
344	347
344	348
344	349
345	346
345	347
345	348
345	349
345	350
345	351
345	353
345	354
345	357
345	591
345	592
346	347
346	348
346	349
346	350
346	351
346	354
346	358
346	374
346	377
346	378
346	381
346	522
346	552
347	348
347	349
347	350
347	552
348	349
348	350
348	552
349	350
349	351
349	352
349	552
349	553
349	554
349	555
349	585
350	351
350	352
350	353
350	354
350	355
350	552
350	554
350	585
350	589
351	352
351	353
351	354
351	355
351	356
351	378
351	381
351	382
351	522
351	552
351	554
351	555
351	556
351	557
351	589
352	353
352	354
352	355
352	356
352	357
352	378
352	382
352	554
352	556
352	582
352	585
352	586
352	587
352	589
352	592
352	597
353	354
353	355
353	356
353	357
353	358
353	585
353	588
353	589
353	590
353	591
353	592
354	355
354	356
354	357
354	358
354	359
354	375
354	378
354	589
354	592
355	356
355	357
355	358
355	359
355	360
355	374
355	375
355	378
355	379
355	382
355	592
356	357
356	358
356	359
356	360
356	361
356	363
356	375
356	589
356	590
356	591
356	592
356	593
356	594
356	595
356	596
356	597
356	598
357	358
357	359
357	360
357	361
357	362
357	591
357	592
357	593
358	359
358	360
358	361
358	362
358	363
358	371
358	372
358	374
358	375
358	378
359	360
359	361
359	362
359	363
359	364
359	371
359	375
359	379
359	387
360	361
360	362
360	363
360	364
360	365
360	592
360	593
361	362
361	363
361	364
361	365
361	366
361	368
361	371
362	363
362	364
362	365
362	366
362	367
362	368
362	371
362	372
362	375
363	364
363	365
363	366
363	593
364	365
364	366
364	593
365	366
365	367
365	368
365	369
365	371
365	372
366	367
366	368
366	369
366	372
366	394
366	398
367	368
367	369
367	370
367	372
367	394
367	398
368	369
368	370
368	371
368	372
368	373
368	398
369	370
369	371
369	372
369	373
369	374
369	395
369	396
369	398
369	399
369	402
370	371
370	372
370	373
370	374
370	375
370	395
370	402
371	372
371	373
371	374
371	375
371	376
372	373
372	374
372	375
372	376
372	377
372	390
372	391
372	392
372	394
372	395
372	398
373	374
373	375
373	376
373	377
373	378
373	391
373	392
373	395
373	402
373	404
373	405
374	375
374	376
374	377
374	378
374	379
375	376
375	377
375	378
375	379
375	380
375	387
375	388
375	391
375	392
376	377
376	378
376	379
376	380
376	381
376	384
376	387
376	388
376	389
376	391
376	392
376	408
376	412
377	378
377	379
377	380
377	381
377	382
377	388
377	392
377	404
377	405
377	408
378	379
378	380
378	381
378	382
378	383
378	388
379	380
379	381
379	382
379	383
379	384
379	385
379	387
379	388
379	391
379	557
380	381
380	382
380	383
380	384
380	385
380	388
380	392
380	408
380	412
380	555
380	557
381	382
381	383
381	384
381	388
381	522
381	523
381	552
381	554
381	555
381	556
381	557
381	558
382	383
382	384
382	555
382	556
382	557
382	586
382	598
382	600
382	603
383	384
383	385
383	556
383	557
383	558
383	560
383	561
383	586
383	600
383	601
383	602
383	603
384	385
384	386
384	387
384	388
384	389
384	557
384	586
384	598
384	599
384	600
384	601
385	386
385	387
385	388
385	389
385	390
385	408
385	411
385	412
385	413
385	415
385	416
385	557
386	387
386	388
386	389
386	390
386	391
386	393
386	416
387	388
387	389
387	390
387	391
387	392
387	598
388	389
388	390
388	391
388	392
388	393
388	409
388	412
388	557
389	390
389	391
389	392
389	393
389	394
389	409
389	412
389	413
389	416
389	418
390	391
390	392
390	393
390	394
390	395
391	392
391	393
391	394
391	395
391	396
392	393
392	394
392	395
392	396
392	397
392	404
392	405
392	406
392	408
392	409
392	410
392	412
393	394
393	395
393	396
393	397
393	398
393	409
393	413
394	395
394	396
394	397
394	398
394	399
395	396
395	397
395	398
395	399
395	400
395	402
395	405
396	397
396	398
396	399
396	400
396	401
396	402
396	403
396	405
396	406
396	409
396	425
397	398
397	399
397	400
398	399
398	400
399	400
399	401
399	402
399	403
399	405
400	401
400	402
400	403
400	406
400	428
400	432
401	402
401	403
401	404
401	406
401	432
402	403
402	404
402	405
402	406
402	407
402	429
402	432
403	404
403	405
403	406
403	407
403	408
403	429
403	432
403	433
403	434
404	405
404	406
404	407
404	408
404	409
404	429
405	406
405	407
405	408
405	409
405	410
405	425
406	407
406	408
406	409
406	410
406	411
406	425
406	426
406	428
406	429
406	430
406	432
407	408
407	409
407	410
407	411
407	412
407	425
407	426
407	429
407	475
407	489
407	490
407	492
407	493
407	494
407	496
407	527
408	409
408	410
408	411
408	412
408	413
409	410
409	411
409	412
409	413
409	414
409	422
409	425
410	411
410	412
410	413
410	414
410	415
410	418
410	421
410	422
410	423
410	425
410	426
410	496
410	500
411	412
411	413
411	414
411	415
411	416
411	422
411	492
411	496
411	527
411	557
412	413
412	414
412	415
412	416
412	417
412	418
412	557
413	414
413	415
413	416
413	417
413	418
413	419
413	421
413	422
413	425
413	500
414	415
414	416
414	417
414	418
414	419
414	422
414	426
414	496
414	497
414	499
414	500
415	416
415	417
415	418
415	500
415	557
416	417
416	418
417	418
417	419
417	500
418	419
418	420
418	421
418	422
418	423
418	500
419	420
419	421
419	422
419	423
419	424
419	464
419	465
419	467
419	468
419	500
419	501
420	421
420	422
420	423
420	424
420	425
420	461
420	462
420	463
420	464
420	467
421	422
421	423
421	424
421	425
421	426
421	467
422	423
422	424
422	425
422	426
422	427
422	496
422	497
422	500
423	424
423	425
423	426
423	427
423	428
423	464
423	467
423	468
423	471
423	497
423	500
424	425
424	426
424	427
424	428
424	429
424	461
424	467
424	471
425	426
425	427
425	428
425	429
425	430
426	427
426	428
426	429
426	430
426	431
426	471
426	475
426	493
426	494
426	496
426	497
426	500
427	428
427	429
427	430
427	431
427	432
427	440
427	457
427	467
427	470
427	471
427	474
427	475
428	429
428	430
428	431
428	432
428	433
429	430
429	431
429	432
429	433
429	436
429	475
429	487
429	489
429	490
430	431
430	432
430	433
430	434
430	435
430	436
430	437
430	438
430	439
430	440
430	471
430	474
430	475
430	478
430	490
431	432
431	433
431	434
431	436
431	437
431	438
431	440
432	433
432	434
432	437
433	434
433	435
433	436
433	437
433	438
433	487
434	435
434	436
434	437
434	438
435	436
435	437
435	438
435	439
435	481
435	487
436	437
436	438
436	439
436	440
436	478
436	479
436	481
436	487
436	490
437	438
437	439
437	440
438	439
438	440
438	481
439	440
439	474
439	475
439	477
439	478
439	479
439	481
440	474
454	455
454	456
454	457
454	458
454	459
455	456
455	457
455	458
455	459
455	460
456	457
456	458
456	459
456	460
456	461
456	470
457	458
457	459
457	460
457	461
457	462
457	470
458	459
458	460
458	461
458	462
459	460
459	461
459	462
459	463
459	466
460	461
460	462
460	463
460	464
460	465
460	466
460	467
460	468
460	470
461	462
461	463
461	464
461	466
461	467
461	470
462	463
462	464
462	467
463	464
463	465
463	466
463	467
463	468
464	465
464	466
464	467
464	468
464	469
465	466
465	467
465	468
465	469
465	470
466	467
466	468
466	469
466	470
466	471
467	468
467	469
467	470
467	471
467	472
468	469
468	470
468	471
468	472
468	473
468	496
468	497
468	498
468	500
468	501
468	503
469	470
469	471
469	472
469	473
469	474
470	471
470	472
470	473
470	474
470	475
471	472
471	473
471	474
471	475
471	476
471	497
472	473
472	474
472	475
472	476
472	477
472	494
472	497
472	498
472	501
472	503
472	506
473	474
473	475
473	476
473	477
473	478
473	480
474	475
474	476
474	477
474	478
474	479
475	476
475	477
475	478
475	479
475	480
475	489
475	490
475	491
475	492
475	493
475	494
475	497
476	477
476	478
476	479
476	480
476	481
476	490
476	494
476	498
477	478
477	479
477	480
477	481
477	482
478	479
478	480
478	481
478	482
478	490
479	480
479	481
479	482
479	483
479	484
479	485
479	490
479	491
479	494
480	481
480	482
480	483
481	482
481	483
482	483
482	484
482	485
482	486
483	484
483	485
483	486
484	485
484	486
485	486
485	487
486	487
486	488
486	491
486	513
486	514
486	516
486	517
487	488
487	489
487	490
487	491
487	492
487	514
487	517
488	489
488	490
488	491
488	492
488	493
488	510
488	513
488	514
488	515
488	517
488	518
488	524
489	490
489	491
489	492
489	493
489	494
489	514
489	518
489	521
490	491
490	492
490	493
490	494
490	495
491	492
491	493
491	494
491	495
491	496
491	507
491	509
491	510
491	511
491	513
491	514
492	493
492	494
492	495
492	496
492	497
492	510
492	511
492	514
492	518
492	524
492	527
493	494
493	495
493	496
493	497
493	498
493	511
494	495
494	496
494	497
494	498
494	499
494	506
494	507
494	510
494	511
495	496
495	497
495	498
495	499
495	500
495	506
495	507
495	508
495	510
495	511
495	531
496	497
496	498
496	499
496	500
496	501
496	507
496	511
496	527
497	498
497	499
497	500
497	501
497	502
497	503
498	499
498	500
498	501
498	502
498	503
498	504
498	506
498	507
498	510
499	500
499	501
499	502
499	503
499	504
499	507
499	511
499	527
499	530
499	531
499	534
500	501
500	502
500	503
500	504
501	502
501	503
502	503
502	504
502	505
503	504
503	505
503	506
503	507
503	508
503	531
504	505
504	506
504	507
504	508
504	509
504	530
504	531
504	532
504	534
504	535
504	536
505	506
505	507
505	508
505	509
505	510
505	531
506	507
506	508
506	509
506	510
506	511
507	508
507	509
507	510
507	511
507	512
507	528
507	531
508	509
508	510
508	511
508	512
508	513
508	528
508	531
508	532
509	510
509	511
509	512
509	513
509	514
509	528
510	511
510	512
510	513
510	514
510	515
511	512
511	513
511	514
511	515
511	516
511	524
511	527
511	528
511	531
512	513
512	514
512	515
512	516
512	517
512	528
513	514
513	515
513	516
513	517
513	518
514	515
514	516
514	517
514	518
514	519
514	524
515	516
515	517
515	518
515	519
515	520
515	521
515	524
515	525
515	528
516	517
516	518
516	519
517	518
517	519
518	519
518	520
518	521
518	522
518	524
518	525
519	520
519	521
519	522
519	525
519	547
519	551
520	521
520	522
520	523
520	525
520	551
521	522
521	523
521	524
521	525
521	526
521	527
521	551
522	523
522	524
522	525
522	526
522	527
522	547
522	548
522	549
522	551
522	552
522	555
522	558
523	524
523	525
523	526
523	527
523	528
523	548
523	555
524	525
524	526
524	527
524	528
524	529
524	555
525	526
525	527
525	528
525	529
525	530
525	543
525	544
525	545
525	547
525	548
525	551
525	558
526	527
526	528
526	529
526	530
526	531
526	544
526	545
526	548
526	555
526	557
526	558
526	559
526	561
527	528
527	529
527	530
527	531
527	532
527	545
527	555
528	529
528	530
528	531
528	532
528	533
528	541
528	544
528	545
529	530
529	531
529	532
529	533
529	534
529	537
529	540
529	541
529	542
529	544
529	545
529	565
530	531
530	532
530	533
530	534
530	535
530	541
530	544
530	545
530	561
531	532
531	533
531	534
531	535
531	536
531	537
531	545
532	533
532	534
532	535
532	536
532	537
532	538
532	540
532	541
532	544
533	534
533	535
533	536
533	537
533	538
533	541
533	545
533	561
533	565
533	568
534	535
534	536
534	537
534	541
534	545
535	536
535	537
536	537
536	538
536	539
537	538
537	539
537	540
537	541
537	542
538	539
538	540
538	541
538	542
538	543
538	545
538	565
538	568
538	569
539	540
539	541
539	542
539	543
539	544
539	569
540	541
540	542
540	543
540	544
540	545
541	542
541	543
541	544
541	545
541	546
541	562
541	565
542	543
542	544
542	545
542	546
542	547
542	562
542	565
542	566
542	569
543	544
543	545
543	546
543	547
543	548
543	562
544	545
544	546
544	547
544	548
544	549
544	558
545	546
545	547
545	548
545	549
545	550
545	558
545	561
545	562
545	565
546	547
546	548
546	549
546	550
546	551
546	558
546	562
546	566
546	574
546	578
547	548
547	549
547	550
547	551
547	552
548	549
548	550
548	551
548	552
548	553
548	555
548	558
549	550
549	551
549	552
549	553
549	554
549	555
549	556
549	558
549	559
549	562
549	578
550	551
550	552
550	553
551	552
551	553
552	553
552	554
552	555
552	556
552	559
553	554
553	555
553	556
553	559
553	585
554	555
554	556
554	557
554	559
554	585
555	556
555	557
555	558
555	559
555	560
555	585
556	557
556	558
556	559
556	560
556	561
556	581
556	582
556	583
556	585
556	586
556	600
556	603
557	558
557	559
557	560
557	561
557	562
557	602
558	559
558	560
558	561
558	562
558	563
559	560
559	561
559	562
559	563
559	564
559	577
559	578
559	579
559	581
559	582
559	585
560	561
560	562
560	563
560	564
560	565
560	578
560	579
560	582
560	602
560	603
560	604
560	605
560	606
560	607
561	562
561	563
561	564
561	565
561	566
561	579
562	563
562	564
562	565
562	566
562	567
562	574
562	575
562	578
562	579
563	564
563	565
563	566
563	567
563	568
563	571
563	574
563	575
563	576
563	578
563	579
563	606
564	565
564	566
564	567
564	568
564	569
564	575
564	579
564	606
565	566
565	567
565	568
565	569
565	570
566	567
566	568
566	569
566	570
566	571
566	572
566	574
566	575
566	578
567	568
567	569
567	570
567	571
567	572
567	575
567	576
567	579
567	606
568	569
568	570
568	571
569	570
569	571
569	572
570	571
570	572
570	573
571	572
571	573
571	574
571	575
571	576
572	573
572	574
572	575
572	576
572	577
573	574
573	575
573	576
573	577
573	578
574	575
574	576
574	577
574	578
574	579
574	581
575	576
575	577
575	578
575	579
575	580
575	607
576	577
576	578
576	579
576	580
576	581
576	607
577	578
577	579
577	580
577	581
577	582
577	607
578	579
578	580
578	581
578	582
578	583
578	603
579	580
579	581
579	582
579	583
579	584
579	603
579	606
579	607
580	581
580	582
580	583
580	584
580	585
580	603
580	604
580	607
581	582
581	583
581	584
581	585
581	586
582	583
582	584
582	585
582	586
582	587
582	603
583	584
583	585
583	586
583	587
583	588
583	599
583	600
583	603
583	604
583	607
584	585
584	586
584	587
584	588
584	589
584	599
585	586
585	587
585	588
585	589
586	587
586	588
586	589
586	590
586	596
586	597
586	598
586	599
586	600
586	603
586	604
587	588
587	589
587	590
587	596
587	597
587	598
587	599
588	589
588	590
588	591
588	597
589	590
589	591
589	592
589	595
589	596
589	597
589	598
590	591
590	592
590	593
590	594
590	595
590	596
590	597
591	592
591	593
591	594
591	595
592	593
592	594
593	594
593	595
594	595
594	596
595	596
595	597
596	597
596	598
597	598
597	599
598	599
598	600
599	600
599	601
599	602
599	604
600	601
600	602
600	603
600	604
600	605
601	602
601	603
601	604
601	605
601	606
602	603
602	604
602	605
602	606
602	607
603	604
603	605
603	606
603	607
604	605
604	606
604	607
605	606
605	607
606	607
