52	53
52	54
52	58
52	59
52	60
53	54
53	55
53	57
53	58
53	59
54	55
54	56
54	57
54	58
54	59
54	63
54	66
55	56
55	57
55	58
56	57
56	58
56	63
56	66
57	58
57	59
57	62
58	59
58	60
58	62
58	63
58	66
59	60
59	61
59	62
59	63
59	64
60	61
60	62
60	63
60	64
60	65
60	76
61	62
61	63
61	64
61	65
61	66
61	72
61	73
61	74
61	76
61	77
61	81
62	63
62	64
62	65
62	66
62	67
63	64
63	65
63	66
63	67
63	68
63	69
64	65
64	66
64	67
64	68
64	69
64	70
64	72
64	73
64	76
65	66
65	67
65	68
65	69
65	73
66	67
66	68
67	68
67	69
68	69
68	70
69	70
69	71
69	72
69	73
69	74
70	71
70	72
70	73
70	74
70	75
71	72
71	73
71	74
71	75
71	76
72	73
72	74
72	75
72	76
72	77
73	74
73	75
73	76
73	77
73	78
74	75
74	76
74	77
74	78
74	79
75	76
75	77
75	78
75	79
75	80
76	77
76	78
76	79
76	80
76	81
77	78
77	79
77	80
77	81
78	79
78	80
78	81
79	80
79	81
80	81
