645	646
645	647
645	650
645	651
645	654
645	669
646	647
646	648
646	651
647	648
647	649
647	650
647	651
647	652
648	649
648	650
648	651
648	652
648	653
649	650
649	651
649	652
649	653
649	654
650	651
650	652
650	653
650	654
650	655
650	666
651	652
651	653
651	654
651	655
651	656
651	666
651	667
651	669
652	653
652	654
652	655
652	656
652	657
652	666
653	654
653	655
653	656
653	657
654	655
654	656
654	657
654	659
654	662
654	663
654	664
654	665
654	666
654	667
655	656
655	657
655	662
655	663
655	666
655	667
656	657
656	658
656	663
657	658
657	659
657	660
657	662
657	663
658	659
658	660
658	663
659	660
659	661
659	662
659	663
659	664
660	661
660	662
660	663
660	664
660	665
661	662
661	663
661	664
661	665
661	666
662	663
662	664
662	665
662	666
662	667
663	664
663	665
663	666
663	667
663	668
664	665
664	666
664	667
664	668
664	669
665	666
665	667
665	668
665	669
666	667
666	668
666	669
667	668
667	669
668	669
