2	3
2	4
2	5
2	6
3	4
3	5
3	6
3	25
4	5
4	6
4	23
4	24
4	25
4	26
5	6
5	7
5	22
5	23
5	24
5	25
6	7
6	8
6	21
6	22
6	23
6	24
6	25
7	8
7	9
7	21
7	22
7	23
8	9
8	10
8	11
8	15
8	21
8	22
8	23
8	30
8	31
9	10
9	11
9	21
9	23
10	11
10	12
10	13
11	12
11	13
11	14
12	13
12	14
13	14
13	15
13	42
14	15
14	16
14	17
14	18
14	19
14	42
15	16
15	17
15	21
15	30
15	31
15	32
15	41
15	42
15	43
16	17
16	18
16	19
16	20
16	21
16	22
16	31
16	32
16	33
16	41
16	42
16	43
17	18
17	19
17	32
17	35
17	42
17	43
17	44
18	19
18	20
18	33
18	34
18	35
18	36
18	38
18	42
18	43
18	44
18	45
19	20
19	21
19	32
19	33
19	34
19	35
19	43
20	21
20	22
20	31
20	32
20	33
20	34
20	35
20	43
21	22
21	23
21	30
21	31
21	32
21	33
22	23
22	24
22	29
22	30
22	31
22	32
22	33
23	24
23	25
23	28
23	29
23	30
23	31
24	25
24	26
24	27
24	28
24	29
24	30
24	31
25	26
25	27
25	28
25	29
26	27
26	28
27	28
27	29
28	29
28	30
29	30
29	31
30	31
30	32
31	32
31	33
31	41
32	33
32	34
32	40
32	41
32	42
32	43
33	34
33	35
33	43
34	35
34	36
34	38
34	39
34	40
34	42
34	43
34	44
35	36
35	37
35	38
35	39
35	43
36	37
36	38
37	38
37	39
37	45
37	46
38	39
38	40
38	43
38	44
38	45
38	46
39	40
39	41
39	42
39	43
39	44
39	45
39	46
40	41
40	42
40	43
40	44
40	45
41	42
41	43
41	44
42	43
42	44
42	45
43	44
43	45
44	45
44	46
45	46
