10	11
10	12
10	15
10	16
11	12
11	13
11	15
11	16
11	45
11	48
11	49
11	50
11	54
12	13
12	14
12	15
12	16
12	17
12	49
12	54
12	63
13	14
13	15
13	16
13	17
13	18
13	49
13	54
13	57
13	59
13	60
13	63
14	15
14	16
14	17
14	18
14	19
14	57
14	58
14	59
14	60
14	63
15	16
15	17
15	18
15	19
15	20
16	17
16	18
16	19
16	20
16	21
16	41
16	44
16	45
16	48
16	49
16	63
17	18
17	19
17	20
17	21
17	22
17	42
17	58
17	59
17	60
17	62
17	63
17	66
18	19
18	20
18	21
18	22
18	23
19	20
19	21
19	22
19	23
19	24
19	41
20	21
20	22
20	23
20	24
20	25
20	38
20	41
20	42
20	45
20	63
21	22
21	23
21	24
21	25
21	26
21	42
21	62
21	66
22	23
22	24
22	25
22	26
22	27
23	24
23	25
23	26
23	27
23	28
23	37
23	38
23	41
24	25
24	26
24	27
24	28
24	30
24	38
24	42
24	66
25	26
25	27
25	28
26	27
26	28
26	34
27	28
27	29
27	30
27	31
27	34
27	37
27	38
28	29
28	30
28	34
29	30
29	31
29	34
30	31
30	32
30	34
30	35
30	38
31	32
31	33
31	34
31	35
31	36
32	33
32	34
32	35
32	36
32	37
33	34
33	35
33	36
33	37
33	38
34	35
34	36
34	37
34	38
34	39
35	36
35	37
35	38
35	39
35	40
36	37
36	38
36	39
36	40
36	41
37	38
37	39
37	40
37	41
37	42
38	39
38	40
38	41
38	42
38	43
38	66
39	40
39	41
39	42
39	43
39	44
39	67
40	41
40	42
40	43
40	44
40	45
40	67
41	42
41	43
41	44
41	45
41	46
42	43
42	44
42	45
42	46
42	47
42	62
42	63
42	64
42	66
42	67
43	44
43	45
43	46
43	47
43	48
43	67
44	45
44	46
44	47
44	48
44	49
45	46
45	47
45	48
45	49
45	60
45	63
46	47
46	48
46	49
46	50
46	51
46	60
46	63
46	64
46	67
47	48
47	49
47	50
48	49
48	50
48	54
49	50
49	51
49	52
49	54
49	60
49	63
49	64
50	51
50	52
50	53
50	54
50	55
50	60
51	52
51	53
51	54
51	55
51	56
51	60
51	64
52	53
52	54
52	55
52	60
53	54
53	55
53	56
53	57
54	55
54	56
54	57
54	58
54	60
54	61
55	56
55	57
55	60
56	57
56	58
57	58
57	59
57	60
57	61
57	62
58	59
58	60
58	61
58	62
58	63
59	60
59	61
59	62
59	63
59	64
60	61
60	62
60	63
60	64
60	65
61	62
61	63
61	64
61	65
61	66
62	63
62	64
62	65
62	66
62	67
63	64
63	65
63	66
63	67
63	68
64	65
64	66
64	67
64	68
64	69
65	66
65	67
65	68
65	69
66	67
66	68
66	69
67	68
67	69
68	69
