3	4
3	5
3	26
3	27
3	28
3	88
3	89
3	90
3	91
3	92
3	93
3	94
4	5
4	6
4	21
4	26
4	27
4	28
4	29
4	30
4	89
4	91
4	92
4	93
4	94
4	95
4	279
5	6
5	7
5	27
5	28
5	29
5	30
5	31
5	72
5	82
5	85
5	86
5	89
5	90
5	91
5	92
5	93
5	94
5	95
5	96
6	7
6	8
6	9
6	10
6	14
6	15
6	17
6	18
6	21
6	28
6	29
6	30
6	31
6	32
6	93
6	94
6	95
6	96
6	97
7	8
7	9
7	14
7	29
7	30
7	31
7	32
7	76
7	82
7	86
7	94
7	95
7	96
7	97
7	98
7	127
8	9
8	10
8	11
8	12
8	13
8	14
8	15
8	30
8	31
8	32
8	95
8	96
8	97
8	98
8	99
9	10
9	11
9	14
9	15
9	16
9	18
9	30
9	31
9	32
9	54
9	57
9	97
10	11
10	12
10	14
10	15
10	30
10	31
10	32
10	34
10	37
10	51
10	52
10	53
10	54
10	57
10	228
10	229
11	12
11	13
11	14
11	15
11	16
11	32
11	36
11	57
11	228
11	229
12	13
12	14
12	15
12	16
12	17
12	36
12	101
12	212
12	213
12	214
12	215
12	228
12	229
12	230
12	231
12	238
12	241
12	268
13	14
13	15
13	16
13	17
13	18
13	97
13	209
13	212
13	228
13	268
13	271
13	272
14	15
14	16
14	17
14	18
14	19
14	30
14	97
15	16
15	17
15	18
15	19
15	20
15	30
15	54
15	57
15	58
15	61
15	69
15	220
15	225
15	226
15	227
15	228
15	229
16	17
16	18
16	19
16	20
16	21
16	217
16	219
16	220
16	228
16	268
16	272
17	18
17	19
17	20
17	21
17	22
17	95
17	97
17	271
17	272
17	275
17	276
17	279
18	19
18	20
18	21
18	22
18	23
18	28
18	29
18	30
18	61
18	69
18	97
19	20
19	21
19	22
19	23
19	24
19	28
19	57
19	61
19	69
19	217
19	219
19	220
19	226
20	21
20	22
20	23
20	24
20	25
20	26
20	61
20	219
20	272
20	273
20	276
21	22
21	23
21	24
21	25
21	26
21	27
21	28
21	95
21	219
21	272
21	275
21	276
21	279
22	23
22	24
22	25
22	26
22	27
22	28
22	61
22	65
22	67
22	68
22	69
23	24
23	25
23	26
23	61
23	67
23	218
23	219
23	222
24	25
24	26
24	67
24	219
24	276
25	26
25	27
25	67
26	27
26	28
26	276
26	279
26	280
27	28
27	29
27	68
27	89
28	29
28	30
28	68
28	69
28	70
28	89
29	30
29	31
29	69
29	70
29	71
29	72
29	85
29	89
30	31
30	32
30	54
30	58
30	69
30	70
30	71
30	72
30	73
31	32
31	33
31	70
31	71
31	72
31	73
31	74
31	76
31	81
31	82
31	85
31	98
32	33
32	34
32	35
32	36
32	71
32	72
32	73
32	74
32	75
32	81
33	34
33	35
33	36
33	72
33	73
33	74
33	75
33	76
33	115
33	119
34	35
34	36
34	37
34	38
34	39
34	54
34	55
34	71
34	73
34	74
35	36
35	37
35	38
35	39
35	40
35	115
35	119
36	37
36	38
36	39
36	40
36	41
36	45
36	101
36	229
36	231
36	233
36	236
36	237
37	38
37	39
37	40
37	41
37	42
37	51
37	52
37	53
37	54
37	57
37	229
38	39
38	40
38	41
38	42
38	43
39	40
39	41
39	42
39	43
39	44
39	45
39	100
39	105
39	115
39	236
40	41
40	42
40	43
40	44
40	45
40	46
40	47
40	229
40	231
40	233
40	236
41	42
41	43
41	44
41	45
42	43
42	44
42	45
42	105
42	112
43	44
43	45
43	105
43	108
43	112
43	235
43	236
44	45
44	46
45	46
45	47
45	233
45	234
45	235
45	236
46	47
46	48
46	49
46	229
46	230
46	231
46	232
46	233
47	48
47	49
47	50
47	51
47	228
47	229
47	230
47	231
47	232
48	49
48	50
48	229
48	230
48	231
48	232
48	245
49	50
49	51
49	215
49	227
49	228
49	229
49	230
50	51
50	52
50	224
50	227
50	228
51	52
51	53
51	57
51	224
51	225
51	227
51	228
51	229
51	230
52	53
52	54
52	56
52	57
52	224
52	225
52	226
52	227
53	54
53	55
53	56
53	57
53	58
53	225
54	55
54	56
54	57
54	58
54	59
54	71
54	73
55	56
55	57
55	58
55	59
55	60
55	71
55	73
56	57
56	58
56	59
56	60
56	61
56	225
56	226
57	58
57	59
57	60
57	61
57	62
57	225
57	226
57	227
57	228
57	229
58	59
58	60
58	61
58	62
58	63
58	67
58	68
58	69
58	70
58	71
58	226
59	60
59	61
59	62
59	63
59	64
59	225
60	61
60	62
60	63
60	64
60	65
60	223
60	225
60	226
61	62
61	63
61	64
61	65
61	66
61	67
61	68
61	69
61	219
61	222
61	226
62	63
62	64
62	65
62	66
62	67
62	68
63	64
63	65
63	66
63	67
64	65
64	66
64	222
64	223
64	226
65	66
65	67
65	68
65	222
66	67
66	68
67	68
67	69
68	69
68	70
69	70
69	71
70	71
70	72
70	88
70	89
71	72
71	73
72	73
72	74
72	81
72	84
72	85
72	88
72	89
73	74
73	75
73	81
74	75
74	76
74	81
75	76
75	77
75	78
75	79
75	81
75	82
75	119
76	77
76	78
76	79
76	81
76	82
76	96
76	98
76	119
76	122
76	123
76	124
76	126
76	127
77	78
77	79
77	118
77	119
77	120
77	122
77	123
77	126
78	79
78	80
78	81
78	82
78	83
78	126
79	80
79	81
79	82
79	83
79	84
79	125
79	126
79	127
79	129
79	130
79	133
79	134
80	81
80	82
80	83
80	84
80	85
81	82
81	83
81	84
81	85
81	86
82	83
82	84
82	85
82	86
82	87
82	123
82	126
82	127
82	130
82	134
83	84
83	85
83	86
83	87
83	88
83	130
83	134
84	85
84	86
84	87
84	88
84	89
84	134
85	86
85	87
85	88
85	89
85	90
85	91
86	87
86	88
86	89
86	90
86	91
86	94
86	126
86	127
86	130
86	131
86	134
86	135
86	136
86	138
87	88
87	89
87	90
87	91
87	134
88	89
88	90
89	90
89	91
89	92
89	93
90	91
90	92
91	92
91	93
91	94
91	135
91	138
92	93
92	94
92	137
92	138
92	139
92	140
93	94
93	95
93	138
93	139
93	140
93	141
93	279
94	95
94	96
94	127
94	131
94	138
94	139
94	140
94	141
94	142
95	96
95	97
95	98
95	139
95	140
95	141
95	142
95	143
95	207
95	275
95	279
96	97
96	98
96	99
96	120
96	123
96	124
96	127
96	140
96	141
96	142
96	143
96	189
97	98
97	99
97	100
97	141
97	143
97	209
97	271
97	275
98	99
98	100
98	119
98	120
99	100
99	101
99	102
99	119
99	120
99	121
99	124
99	142
99	143
99	182
99	185
99	186
99	189
100	101
100	102
100	103
100	105
100	106
100	112
100	115
100	116
100	119
100	120
100	182
100	185
100	186
100	236
101	102
101	103
101	120
101	182
101	186
101	231
101	235
101	236
101	237
101	238
102	103
102	104
102	105
102	106
102	107
102	116
102	180
102	182
102	234
102	235
102	236
103	104
103	105
103	106
103	107
103	108
103	180
103	181
103	182
103	183
103	235
103	327
104	105
104	106
104	107
104	108
104	180
104	234
104	235
104	236
104	327
105	106
105	107
105	108
105	109
105	112
105	113
105	115
105	116
105	235
105	236
106	107
106	108
106	109
106	112
106	113
106	114
106	116
106	180
106	181
106	182
106	183
107	108
107	109
107	112
107	113
107	179
107	180
107	181
107	182
108	109
108	110
108	112
108	113
108	235
109	110
109	111
109	112
109	113
109	114
110	111
110	112
110	113
110	114
110	115
111	112
111	113
111	114
111	115
111	116
112	113
112	114
112	115
112	116
112	117
113	114
113	115
113	116
113	117
113	118
113	181
114	115
114	116
114	117
114	118
114	119
115	116
115	117
115	118
115	119
115	120
116	117
116	118
116	119
116	120
116	121
116	181
116	182
116	185
117	118
117	119
117	120
117	121
117	122
117	180
117	181
117	182
117	184
117	185
117	188
118	119
118	120
118	121
118	122
118	123
119	120
119	121
119	122
119	123
119	124
120	121
120	122
120	123
120	124
120	125
120	142
120	182
120	185
120	186
120	189
121	122
121	123
121	124
121	125
121	126
121	184
121	185
121	188
121	189
121	192
122	123
122	124
122	125
122	126
122	127
122	189
123	124
123	125
123	126
123	127
123	128
124	125
124	126
124	127
124	128
124	129
124	140
124	142
124	189
124	192
124	193
125	126
125	127
125	128
125	129
125	130
125	189
125	192
125	196
125	200
126	127
126	128
126	129
126	130
126	131
127	128
127	129
127	130
127	131
127	132
127	140
128	129
128	130
128	131
128	132
128	133
128	140
128	189
128	192
128	193
128	196
128	200
128	202
129	130
129	131
129	132
129	133
129	134
129	200
130	131
130	132
130	133
130	134
130	135
130	136
131	132
131	133
131	134
131	135
131	136
131	137
131	138
131	139
131	140
131	202
131	203
132	133
132	134
132	135
132	136
132	200
132	202
133	134
133	135
133	136
134	135
134	136
135	136
135	137
135	138
135	139
136	137
136	138
136	200
136	201
136	202
136	203
137	138
137	139
137	203
138	139
138	140
138	202
138	203
139	140
139	141
139	203
139	204
139	205
139	278
139	279
139	281
139	282
139	283
139	289
140	141
140	142
140	193
140	202
140	203
140	204
140	205
140	206
141	142
141	143
141	203
141	204
141	205
141	206
141	207
141	275
141	278
141	279
142	143
142	144
142	185
142	186
142	189
142	190
142	193
142	205
142	206
142	207
142	208
142	288
143	144
143	145
143	182
143	186
143	189
143	205
143	206
143	207
143	208
143	209
143	271
143	275
143	293
144	145
144	146
144	148
144	182
144	186
144	190
144	206
144	207
144	208
144	209
145	146
145	147
145	148
145	149
145	182
145	183
145	186
145	187
145	190
145	206
145	207
145	208
145	209
146	147
146	148
146	149
146	150
146	156
146	183
146	207
146	208
146	209
146	210
146	264
146	291
146	292
146	293
146	294
146	335
146	337
146	338
147	148
147	149
147	150
147	177
147	178
147	179
147	183
147	187
147	209
147	335
148	149
148	150
148	175
148	176
148	177
148	178
148	183
148	186
148	187
148	188
148	189
148	190
148	206
148	208
149	150
149	151
149	152
149	156
149	157
149	158
149	159
149	160
149	174
149	175
149	176
149	177
149	178
149	187
149	208
149	290
149	291
149	292
149	335
150	151
150	152
150	156
150	175
150	176
150	177
150	178
150	335
151	152
151	153
151	156
151	177
151	262
151	263
151	330
151	333
151	334
151	335
152	153
152	154
152	155
152	156
152	174
152	177
152	333
152	334
152	335
153	154
153	155
153	334
154	155
154	156
154	161
154	174
154	334
154	336
155	156
155	157
155	161
155	174
155	334
155	336
155	337
155	338
156	157
156	158
156	174
156	292
156	334
156	335
156	336
156	337
156	338
156	339
157	158
157	159
157	160
157	161
157	174
157	290
157	292
157	336
157	337
157	338
158	159
158	160
158	174
158	290
158	291
158	292
158	293
158	338
158	339
158	340
158	341
158	342
159	160
159	161
159	172
159	173
159	174
159	176
159	208
159	290
159	292
159	341
160	161
160	162
160	171
160	172
160	173
160	174
160	194
160	288
160	289
160	290
160	341
161	162
161	163
161	170
161	171
161	172
161	173
161	174
161	175
162	163
162	164
162	169
162	170
162	171
162	172
163	164
163	165
163	168
163	169
163	170
163	171
163	172
163	175
164	165
164	166
164	167
164	168
164	169
164	170
165	166
165	167
165	168
165	169
166	167
166	168
167	168
167	169
168	169
168	170
169	170
169	171
170	171
170	172
171	172
171	173
172	173
172	174
172	175
173	174
173	175
173	176
173	191
174	175
174	176
174	191
175	176
175	177
176	177
176	178
176	187
176	190
176	191
176	208
177	178
177	179
177	187
178	179
178	180
178	183
178	184
178	187
179	180
179	181
179	183
179	184
179	263
179	328
179	329
180	181
180	182
180	183
180	184
180	185
181	182
181	183
181	184
181	185
181	186
181	188
182	183
182	184
182	185
182	186
182	187
183	184
183	185
183	186
183	187
183	188
183	327
184	185
184	186
184	187
184	188
184	189
185	186
185	187
185	188
185	189
185	190
186	187
186	188
186	189
186	190
186	191
186	206
187	188
187	189
187	190
187	191
187	192
188	189
188	190
188	191
188	192
188	193
189	190
189	191
189	192
189	193
189	194
189	206
189	288
190	191
190	192
190	193
190	194
190	195
190	206
190	208
190	288
191	192
191	193
191	194
191	195
191	196
191	288
192	193
192	194
192	195
192	196
192	197
193	194
193	195
193	196
193	197
193	198
193	202
193	204
193	206
193	288
194	195
194	196
194	197
194	198
194	199
194	288
195	196
195	197
195	198
195	199
195	200
195	288
196	197
196	198
196	199
196	200
196	201
196	202
197	198
197	199
197	200
197	201
197	202
197	203
197	204
197	285
197	286
197	287
197	288
198	199
198	200
198	201
198	202
198	286
199	200
199	201
200	201
200	202
201	202
201	203
201	284
201	285
201	286
201	287
202	203
202	204
202	284
202	285
202	286
202	287
202	288
203	204
203	205
203	282
203	283
203	284
203	285
203	286
203	287
204	205
204	206
204	283
204	284
204	287
204	288
204	289
204	290
205	206
205	207
205	278
205	281
205	282
205	283
205	287
205	288
205	289
205	290
205	291
206	207
206	208
206	288
206	289
206	290
206	291
206	292
207	208
207	209
207	274
207	275
207	278
207	289
207	290
207	291
207	292
207	293
207	342
208	209
208	210
208	290
208	291
208	292
208	293
208	294
209	210
209	211
209	212
209	264
209	266
209	270
209	271
209	272
209	274
209	275
209	291
209	292
209	293
209	294
210	211
210	212
210	264
210	265
210	266
210	293
210	294
211	212
211	213
211	238
211	239
211	240
211	263
211	264
211	265
211	266
211	267
211	293
211	294
212	213
212	214
212	238
212	240
212	241
212	264
212	265
212	266
212	267
212	268
212	271
213	214
213	215
213	238
213	240
213	241
213	265
213	266
213	267
213	268
213	269
213	270
213	295
213	296
213	298
213	350
213	351
213	352
213	353
213	356
213	360
214	215
214	216
214	229
214	230
214	241
214	266
214	267
214	268
214	356
214	360
215	216
215	217
215	220
215	221
215	227
215	228
215	229
215	230
215	241
215	268
215	360
216	217
216	218
216	220
216	221
216	267
216	268
216	269
216	359
216	360
217	218
217	219
217	220
217	221
217	222
217	228
217	268
217	269
217	272
218	219
218	220
218	221
218	222
218	269
219	220
219	221
219	222
219	223
219	226
219	272
220	221
220	222
220	223
220	224
220	225
220	226
220	227
220	228
221	222
221	223
221	224
221	226
221	227
222	223
222	224
222	226
223	224
223	225
223	226
223	227
224	225
224	226
224	227
225	226
225	227
226	227
226	228
227	228
227	229
228	229
228	230
228	268
229	230
229	231
230	231
230	232
230	241
230	242
230	245
230	360
231	232
231	233
231	236
231	237
231	238
231	241
231	242
231	245
232	233
232	234
232	236
232	237
232	238
232	241
232	242
232	245
232	246
233	234
233	235
233	236
233	237
233	238
233	242
234	235
234	236
234	237
234	242
234	256
234	327
235	236
235	237
235	242
235	327
236	237
236	238
236	242
237	238
237	239
237	241
237	242
237	327
238	239
238	240
238	241
238	242
238	243
239	240
239	241
239	242
239	243
239	244
239	265
239	300
239	303
240	241
240	242
240	243
240	244
240	245
240	265
240	303
240	307
240	352
240	356
240	357
240	360
241	242
241	243
241	244
241	245
241	246
241	360
242	243
242	244
242	245
242	246
242	247
242	253
242	254
242	256
243	244
243	245
243	246
243	247
243	248
243	251
243	253
243	254
243	255
243	256
243	300
243	301
243	303
243	304
243	307
243	361
244	245
244	246
244	247
244	248
244	249
244	253
244	307
244	316
244	357
244	360
244	361
245	246
245	247
245	248
245	249
245	250
245	251
245	361
246	247
246	248
246	249
246	250
246	251
246	252
246	253
246	254
246	255
247	248
247	249
247	250
247	251
247	253
247	307
247	311
247	316
247	317
247	318
247	361
248	249
248	250
248	251
248	316
248	361
249	250
249	251
249	316
250	251
250	252
250	316
251	252
251	253
251	254
251	318
251	319
251	321
252	253
252	254
252	319
252	320
252	321
253	254
253	255
253	303
253	304
253	305
253	307
253	308
253	318
253	319
253	320
253	321
253	322
253	323
254	255
254	256
254	300
254	320
254	321
254	322
254	323
255	256
255	257
255	258
255	259
255	260
255	261
255	300
255	301
255	304
255	320
255	321
255	322
255	323
255	324
256	257
256	258
256	259
256	260
256	261
256	300
256	321
256	322
256	323
256	324
256	325
256	326
256	327
256	329
256	331
257	258
257	259
257	260
257	261
257	301
257	322
257	323
257	324
257	325
257	331
258	259
258	260
258	261
258	301
258	322
258	325
258	331
258	332
259	260
259	261
259	262
259	299
259	300
259	301
259	302
259	331
260	261
260	262
260	299
260	300
260	301
260	330
260	331
260	332
260	333
261	262
261	263
261	265
261	298
261	299
261	300
261	301
261	325
261	329
261	330
261	331
261	332
261	333
262	263
262	264
262	265
262	297
262	298
262	299
262	300
262	302
262	330
262	333
262	335
263	264
263	265
263	294
263	296
263	297
263	298
263	299
263	327
263	329
263	330
263	333
263	335
264	265
264	266
264	294
264	295
264	296
264	297
264	298
264	335
265	266
265	267
265	293
265	294
265	295
265	296
265	297
265	298
265	299
265	300
265	303
266	267
266	268
266	270
266	271
266	274
266	293
266	294
266	295
266	296
266	350
267	268
267	269
267	270
267	271
267	272
267	295
267	350
267	351
267	356
268	269
268	270
268	271
268	272
268	273
269	270
269	271
269	272
269	273
269	274
269	350
269	351
269	353
269	356
270	271
270	272
270	273
270	274
270	275
270	293
270	295
270	347
270	348
270	349
270	350
270	351
271	272
271	273
271	274
271	275
271	276
271	293
272	273
272	274
272	275
272	276
272	277
272	293
273	274
273	275
273	276
273	277
273	278
273	346
273	347
273	348
273	349
273	350
274	275
274	276
274	277
274	278
274	279
274	291
274	293
274	342
274	347
275	276
275	277
275	278
275	279
275	280
275	293
275	342
276	277
276	278
276	279
276	280
276	281
277	278
277	279
277	280
277	281
277	282
277	289
277	291
277	342
277	345
277	346
277	347
277	348
278	279
278	280
278	281
278	282
278	283
278	289
278	291
278	342
278	345
279	280
279	281
279	282
279	289
280	281
280	282
281	282
281	283
281	289
281	291
281	345
282	283
282	284
282	287
282	289
283	284
283	285
283	287
283	288
283	289
284	285
284	286
284	287
284	288
284	289
285	286
285	287
286	287
286	288
287	288
287	289
288	289
288	290
289	290
289	291
289	341
289	345
290	291
290	292
290	341
291	292
291	293
291	341
291	342
291	345
292	293
292	294
292	337
292	338
292	339
292	340
292	341
292	342
293	294
293	295
293	339
293	342
294	295
294	296
294	297
294	335
294	337
294	338
294	339
294	342
294	347
295	296
295	297
295	339
295	347
295	349
295	350
295	351
295	352
296	297
296	298
296	339
296	350
296	351
296	352
296	353
297	298
297	299
297	302
297	335
297	336
297	337
297	338
297	339
298	299
298	300
298	302
298	303
298	306
298	352
299	300
299	301
299	302
299	303
299	304
300	301
300	302
300	303
300	304
300	305
301	302
301	303
301	304
301	305
301	306
301	320
302	303
302	304
302	305
302	306
302	307
303	304
303	305
303	306
303	307
303	308
303	352
304	305
304	306
304	307
304	308
304	309
304	318
304	320
305	306
305	307
305	308
305	309
305	310
305	320
306	307
306	308
306	309
306	310
306	311
306	352
306	357
307	308
307	309
307	310
307	311
307	312
307	316
307	318
307	357
307	361
308	309
308	310
308	311
308	312
308	313
308	316
308	318
308	319
308	320
309	310
309	311
309	312
309	313
309	314
309	318
310	311
310	312
310	313
310	314
310	315
310	316
310	354
310	357
310	358
310	361
311	312
311	313
311	314
311	315
311	316
311	317
311	318
311	361
312	313
312	314
312	315
312	316
312	317
312	318
313	314
313	315
313	316
313	354
313	358
314	315
314	316
314	357
314	358
314	361
314	362
315	316
315	317
316	317
316	318
316	319
316	361
317	318
317	319
318	319
318	320
319	320
319	321
320	321
320	322
321	322
321	323
322	323
322	324
323	324
323	325
323	326
324	325
324	326
324	327
325	326
325	327
325	328
325	329
325	331
326	327
326	328
327	328
327	329
327	331
328	329
328	330
329	330
329	331
330	331
330	332
330	333
331	332
331	333
332	333
332	334
333	334
333	335
334	335
334	336
335	336
335	337
336	337
336	338
337	338
337	339
338	339
338	340
339	340
339	341
339	342
339	343
340	341
340	342
340	343
340	344
340	345
341	342
341	343
341	344
341	345
341	346
342	343
342	344
342	345
342	346
342	347
343	344
343	345
343	346
343	347
343	348
343	349
343	351
344	345
344	346
344	347
345	346
345	347
346	347
346	348
347	348
347	349
348	349
348	350
349	350
349	351
350	351
350	352
350	353
351	352
351	353
351	356
352	353
352	354
352	356
352	357
353	354
353	355
353	356
353	357
353	358
354	355
354	356
354	357
354	358
354	359
355	356
355	357
355	358
355	359
355	360
356	357
356	358
356	359
356	360
356	361
357	358
357	359
357	360
357	361
357	362
358	359
358	360
358	361
358	362
359	360
359	361
359	362
360	361
360	362
361	362
