89	90
89	91
89	92
89	93
89	94
89	111
89	114
89	122
90	91
90	92
90	93
90	94
90	95
91	92
91	93
91	94
91	95
91	96
91	107
92	93
92	94
92	95
92	96
92	97
92	107
92	110
92	111
92	112
92	114
93	94
93	95
93	96
93	97
93	98
93	107
93	111
94	95
94	96
94	97
94	98
94	103
95	96
95	97
95	98
95	99
95	100
95	102
95	103
95	104
95	106
95	107
95	110
96	97
96	98
96	99
96	103
96	104
96	107
96	108
96	111
97	98
97	99
97	104
98	99
98	100
98	101
98	103
98	104
99	100
99	101
99	103
99	104
100	101
100	102
100	103
100	104
100	105
101	102
101	103
101	104
101	105
101	106
102	103
102	104
102	105
102	106
102	107
103	104
103	105
103	106
103	107
103	108
103	110
104	105
104	106
104	107
104	108
104	109
105	106
105	107
105	108
105	109
105	110
106	107
106	108
106	109
106	110
106	111
107	108
107	109
107	110
107	111
107	112
108	109
108	110
108	111
108	112
108	113
109	110
109	111
109	112
109	113
109	114
110	111
110	112
110	113
110	114
110	115
111	112
111	113
111	114
111	115
111	116
112	113
112	114
112	115
112	116
112	117
113	114
113	115
113	116
113	117
114	115
114	116
114	117
114	120
114	121
114	122
115	116
115	117
115	121
115	122
115	123
116	117
116	118
116	119
116	121
117	118
117	119
117	120
117	121
117	122
118	119
118	120
118	121
119	120
119	121
120	121
120	122
120	123
121	122
121	123
122	123
