602	603
602	604
603	604
603	605
603	649
604	605
604	606
604	607
604	608
604	647
604	649
605	606
605	607
605	647
605	648
605	649
605	651
606	607
606	608
606	644
606	647
606	648
606	649
607	608
607	609
607	646
607	647
607	648
608	609
608	610
608	647
609	610
609	611
609	612
609	615
609	646
609	647
610	611
610	612
610	613
610	614
611	612
611	613
611	614
611	615
611	616
611	646
611	647
612	613
612	614
612	615
612	616
612	617
613	614
613	615
613	616
613	617
613	618
614	615
614	616
614	617
614	618
614	619
614	621
614	624
615	616
615	617
615	618
615	619
615	620
615	624
615	643
615	647
616	617
616	618
616	619
616	620
616	621
616	624
617	618
617	619
617	620
617	621
617	622
618	619
618	620
618	621
618	622
618	623
618	624
618	643
619	620
619	621
619	622
619	623
619	624
619	625
619	626
619	627
620	621
620	622
620	623
620	626
621	622
621	623
621	624
622	623
622	624
622	625
622	626
623	624
623	625
623	639
624	625
624	626
624	639
624	643
625	626
625	627
625	635
625	636
625	639
626	627
626	628
626	629
626	636
626	639
627	628
627	629
627	636
627	637
627	639
627	640
628	629
628	630
628	636
629	630
629	631
629	632
629	633
629	636
630	631
630	632
631	632
631	633
631	636
632	633
632	634
632	636
632	637
633	634
633	635
633	636
633	637
633	638
634	635
634	636
634	637
634	638
634	639
635	636
635	637
635	638
635	639
635	640
636	637
636	638
636	639
636	640
636	641
637	638
637	639
637	640
637	641
637	642
638	639
638	640
638	641
638	642
638	643
639	640
639	641
639	642
639	643
639	644
640	641
640	642
640	643
640	644
640	645
641	642
641	643
641	644
641	645
641	646
642	643
642	644
642	645
642	646
642	647
643	644
643	645
643	646
643	647
643	648
644	645
644	646
644	647
644	648
644	649
645	646
645	647
645	648
645	649
646	647
646	648
647	648
647	649
648	649
648	650
649	650
649	651
650	651
