38	39
38	40
38	41
38	42
38	43
39	40
39	41
39	42
39	43
39	44
40	41
40	42
40	43
40	44
40	45
41	42
41	43
41	44
41	45
41	46
42	43
42	44
42	45
42	46
42	47
43	44
43	45
43	46
43	47
43	48
44	45
44	46
44	47
44	48
44	49
45	46
45	47
45	48
45	49
45	50
46	47
46	48
46	49
46	50
46	51
47	48
47	49
47	50
47	51
47	52
48	49
48	50
48	51
48	52
49	50
49	51
49	52
49	54
50	51
50	52
50	54
50	55
51	52
51	54
51	55
52	54
52	55
52	58
52	59
54	55
54	56
54	57
54	58
54	59
54	60
54	61
55	56
55	57
55	58
55	59
55	60
55	61
55	62
56	57
56	58
56	59
56	60
56	61
56	62
57	58
57	59
57	60
57	61
57	62
58	59
58	60
58	61
58	62
58	64
59	60
59	61
59	62
59	64
60	61
60	62
60	64
61	62
61	64
61	65
61	66
61	82
62	64
62	65
62	66
62	67
62	82
62	86
64	65
64	66
64	67
64	68
65	66
65	67
65	68
65	70
65	82
65	83
65	86
65	87
66	67
66	68
66	70
66	71
66	82
66	86
66	91
67	68
67	70
67	71
68	70
68	71
68	72
68	73
68	75
70	71
70	72
70	85
70	86
70	87
70	89
70	90
70	91
71	72
71	73
71	87
71	89
72	73
73	75
75	76
75	77
75	83
75	87
76	77
76	78
76	79
76	83
76	84
76	85
76	87
77	78
77	79
77	80
77	84
77	87
78	79
78	80
78	84
79	80
79	81
79	83
79	84
80	81
80	82
80	83
80	84
81	82
81	83
81	84
81	85
81	86
81	97
82	83
82	84
82	85
82	86
82	87
82	97
83	84
83	85
83	86
83	87
84	85
84	86
84	87
84	89
84	90
85	86
85	87
85	89
85	90
85	91
85	96
85	97
86	87
86	89
86	90
86	91
86	97
87	89
87	90
87	91
89	90
89	91
90	91
90	92
90	95
90	96
90	97
91	92
91	93
91	95
91	96
91	97
92	93
92	94
92	95
92	96
92	97
93	94
93	95
93	96
94	95
94	96
95	96
95	97
96	97
