2	3
2	4
2	25
2	26
2	27
2	28
2	49
2	50
2	51
2	52
2	53
2	54
2	55
3	4
3	5
3	16
3	20
3	25
3	26
3	27
3	28
3	29
3	52
3	53
3	54
3	55
3	56
4	5
4	6
4	26
4	27
4	28
4	29
4	30
4	35
4	46
4	47
4	52
4	53
4	54
4	55
4	56
4	57
4	85
5	6
5	7
5	8
5	13
5	16
5	17
5	20
5	27
5	28
5	29
5	30
5	31
5	54
5	55
5	56
5	57
5	58
6	7
6	8
6	9
6	13
6	28
6	29
6	30
6	31
6	35
6	37
6	55
6	56
6	57
6	58
6	59
6	85
7	8
7	9
7	10
7	11
7	12
7	13
7	14
7	30
7	31
7	32
7	37
7	56
7	57
7	58
7	59
7	60
8	9
8	10
8	12
8	13
8	14
8	15
8	17
8	28
8	29
8	30
8	31
8	58
8	59
9	10
9	11
9	13
9	14
9	17
9	30
9	31
10	11
10	12
10	13
10	14
10	15
10	31
10	58
11	12
11	13
11	14
11	15
11	16
12	13
12	14
12	15
12	16
12	17
12	56
12	57
12	58
12	99
13	14
13	15
13	16
13	17
13	18
13	58
14	15
14	16
14	17
14	18
14	19
15	16
15	17
15	18
15	19
15	20
16	17
16	18
16	19
16	20
16	21
16	27
16	56
16	58
16	99
17	18
17	19
17	20
17	21
17	27
17	29
18	19
18	20
18	21
19	20
19	21
19	23
20	21
20	22
20	23
20	24
20	25
20	27
20	56
21	22
21	23
21	27
22	23
22	24
23	24
23	25
23	26
24	25
24	26
25	26
25	27
26	27
26	28
27	28
27	29
28	29
28	30
28	46
28	50
28	52
29	30
29	31
29	34
30	31
30	32
30	33
30	34
30	35
30	37
30	46
31	32
31	33
31	34
31	35
31	36
32	33
32	34
32	35
32	36
32	37
33	34
33	35
33	36
34	35
34	36
34	46
35	36
35	37
35	39
35	42
35	43
35	46
35	47
35	85
36	37
36	38
36	39
36	40
36	42
36	43
36	84
37	38
37	39
37	40
37	43
37	57
37	59
37	60
37	76
37	77
37	80
37	81
37	82
37	84
37	85
38	39
38	40
38	43
38	73
38	76
38	77
38	80
38	81
38	84
39	40
39	41
39	42
39	43
39	44
39	80
39	84
40	41
40	42
40	43
40	44
40	45
40	83
40	84
41	42
41	43
41	44
41	45
41	46
42	43
42	44
42	45
42	46
42	47
43	44
43	45
43	46
43	47
43	48
43	81
43	84
43	85
43	88
44	45
44	46
44	47
44	48
44	49
44	84
44	87
44	88
45	46
45	47
45	48
45	49
45	50
46	47
46	48
46	49
46	50
46	51
46	52
47	48
47	49
47	50
47	51
47	52
47	54
47	55
47	84
47	85
47	88
47	89
47	90
47	92
47	94
48	49
48	50
48	51
48	52
48	88
48	91
48	92
49	50
49	51
50	51
50	52
51	52
51	53
51	92
52	53
52	54
52	55
52	92
52	93
52	94
52	95
53	54
53	55
53	93
53	94
53	95
53	96
54	55
54	56
54	94
54	95
54	96
54	97
55	56
55	57
55	85
55	86
55	89
55	94
55	95
55	96
55	97
55	98
56	57
56	58
56	59
56	95
56	96
56	97
56	98
56	99
57	58
57	59
57	60
57	77
57	81
57	82
57	85
57	96
57	97
57	98
57	99
58	59
58	60
58	97
58	99
59	60
59	61
59	77
59	78
59	98
59	99
60	61
60	62
60	77
60	78
61	62
61	63
61	64
61	66
61	67
61	70
61	73
61	74
61	77
61	78
62	63
62	64
62	65
62	67
62	78
63	64
63	65
63	66
63	67
63	68
64	65
64	66
64	67
64	68
65	66
65	67
65	68
65	69
65	70
66	67
66	68
66	69
66	70
66	71
67	68
67	69
67	70
67	71
67	72
67	74
67	78
68	69
68	70
68	71
69	70
69	71
70	71
70	72
70	73
70	74
70	75
71	72
71	73
71	74
71	75
71	76
72	73
72	74
72	75
72	76
72	77
73	74
73	75
73	76
73	77
73	78
74	75
74	76
74	77
74	78
74	79
74	80
75	76
75	77
75	78
75	79
75	80
75	81
75	82
76	77
76	78
76	79
76	80
76	81
76	82
77	78
77	79
77	80
77	81
77	82
78	79
78	80
78	81
78	82
78	98
79	80
79	81
79	82
79	83
79	84
80	81
80	82
80	83
80	84
80	85
81	82
81	83
81	84
81	85
81	86
82	83
82	84
82	85
82	86
82	87
82	96
82	98
83	84
83	85
83	86
83	87
83	88
84	85
84	86
84	87
84	88
84	89
85	86
85	87
85	88
85	89
85	90
85	96
85	98
86	87
86	88
86	89
86	90
86	91
86	94
86	96
87	88
87	89
87	90
87	91
87	92
88	89
88	90
88	91
88	92
88	93
88	94
89	90
89	91
89	92
89	93
89	94
89	95
89	96
90	91
90	92
90	93
90	94
91	92
91	93
91	94
92	93
92	94
93	94
93	95
94	95
94	96
95	96
95	97
96	97
96	98
97	98
97	99
98	99
98	100
99	100
99	101
100	101
