1605	1606
1605	1607
1605	1626
1606	1607
1606	1608
1606	1609
1606	1612
1606	1624
1606	1625
1606	1626
1606	1627
1606	1628
1607	1608
1607	1609
1607	1610
1607	1612
1607	1613
1607	1624
1607	1625
1607	1627
1607	1628
1608	1609
1608	1610
1608	1611
1608	1612
1608	1613
1608	1622
1608	1624
1609	1610
1609	1611
1609	1612
1609	1613
1609	1614
1609	1615
1609	1616
1609	1622
1609	1624
1609	1625
1609	1627
1609	1628
1609	1629
1610	1611
1610	1612
1610	1613
1610	1614
1610	1622
1610	1623
1610	1624
1610	1629
1610	1630
1611	1612
1611	1613
1611	1614
1611	1622
1612	1613
1612	1614
1613	1614
1613	1615
1613	1616
1613	1617
1613	1622
1614	1615
1614	1616
1614	1617
1614	1618
1614	1644
1615	1616
1615	1617
1615	1618
1615	1643
1615	1644
1616	1617
1616	1618
1616	1629
1616	1631
1616	1639
1616	1644
1617	1618
1617	1619
1617	1620
1617	1621
1617	1622
1617	1629
1617	1630
1617	1631
1617	1632
1617	1633
1617	1639
1617	1644
1618	1619
1618	1620
1618	1631
1618	1633
1618	1643
1618	1644
1619	1620
1619	1621
1619	1632
1619	1633
1619	1634
1619	1644
1620	1621
1620	1622
1620	1631
1620	1632
1620	1633
1620	1634
1621	1622
1621	1623
1621	1630
1621	1631
1621	1632
1621	1633
1621	1634
1622	1623
1622	1624
1622	1629
1622	1630
1622	1631
1622	1632
1623	1624
1623	1625
1623	1628
1623	1629
1623	1630
1623	1631
1624	1625
1624	1626
1624	1627
1624	1628
1624	1629
1624	1630
1625	1626
1625	1627
1625	1628
1625	1629
1625	1630
1626	1627
1626	1628
1627	1628
1627	1629
1628	1629
1628	1630
1629	1630
1629	1631
1629	1644
1630	1631
1630	1632
1631	1632
1631	1633
1631	1639
1631	1644
1632	1633
1632	1634
1633	1634
1633	1635
1633	1636
1633	1637
1633	1638
1633	1639
1633	1640
1634	1635
1634	1636
1634	1637
1634	1638
1635	1636
1635	1637
1635	1638
1636	1637
1636	1638
1637	1638
1637	1639
1638	1639
1638	1640
1639	1640
1639	1641
1639	1642
1639	1643
1639	1644
1640	1641
1640	1642
1640	1643
1640	1644
1641	1642
1641	1643
1641	1644
1642	1643
1642	1644
1643	1644
