156	157
156	158
157	158
157	159
157	193
157	196
158	159
158	160
158	161
158	162
158	163
158	193
159	160
159	161
159	162
159	163
159	164
159	193
159	194
159	196
159	197
160	161
160	162
160	163
160	164
160	165
160	193
161	162
161	163
161	164
161	165
161	166
162	163
162	164
162	165
162	166
162	167
162	189
162	190
162	193
163	164
163	165
163	166
163	167
163	168
163	189
163	190
163	193
163	194
164	165
164	166
164	167
164	168
164	169
165	166
165	167
165	168
165	169
165	170
166	167
166	168
166	169
166	170
166	171
166	186
166	189
166	190
166	193
167	168
167	169
167	170
167	171
167	172
167	186
167	190
167	206
168	169
168	170
168	171
168	172
168	173
169	170
169	171
169	172
169	173
169	174
169	186
170	171
170	172
170	173
170	174
170	175
170	182
170	183
170	184
170	186
170	187
170	190
170	206
170	209
171	172
171	173
171	174
171	175
172	173
172	174
172	175
172	176
173	174
173	175
173	176
173	177
173	179
173	180
173	182
173	183
173	186
174	175
174	176
174	177
174	179
174	183
175	176
175	177
175	178
175	183
176	177
176	178
176	179
176	180
176	183
177	178
177	179
177	180
177	183
177	213
177	216
177	217
178	179
178	180
178	181
178	182
179	180
179	181
179	182
179	183
179	184
180	181
180	182
180	183
180	184
180	185
180	213
180	217
180	219
180	222
181	182
181	183
181	184
181	185
181	186
181	213
181	219
181	222
182	183
182	184
182	185
182	186
182	187
183	184
183	185
183	186
183	187
183	188
183	210
183	213
184	185
184	186
184	187
184	188
184	189
184	210
184	213
184	214
184	222
184	226
185	186
185	187
185	188
185	189
185	190
185	210
185	222
186	187
186	188
186	189
186	190
186	191
186	206
187	188
187	189
187	190
187	191
187	192
187	206
187	207
187	209
187	210
187	211
187	213
188	189
188	190
188	191
188	192
188	193
188	206
188	207
188	210
188	222
188	225
188	226
188	229
189	190
189	191
189	192
189	193
189	194
190	191
190	192
190	193
190	194
190	195
190	206
191	192
191	193
191	194
191	195
191	196
191	203
191	206
191	207
192	193
192	194
192	195
192	196
192	197
192	207
193	194
193	195
193	196
193	197
193	198
194	195
194	196
194	197
194	198
194	199
194	200
194	202
194	203
194	206
195	196
195	197
195	198
195	199
195	200
195	203
195	207
195	229
195	232
195	233
196	197
196	198
196	199
197	198
197	199
197	200
198	199
198	200
198	201
199	200
199	201
199	202
199	203
199	204
200	201
200	202
200	203
200	204
200	205
200	232
200	233
200	236
200	237
201	202
201	203
201	204
201	205
201	206
201	233
201	237
202	203
202	204
202	205
202	206
202	207
203	204
203	205
203	206
203	207
203	208
203	233
204	205
204	206
204	207
204	208
204	209
204	229
204	230
204	231
204	233
204	234
204	237
204	239
205	206
205	207
205	208
205	209
205	210
206	207
206	208
206	209
206	210
206	211
207	208
207	209
207	210
207	211
207	212
207	225
207	226
207	229
207	230
207	233
208	209
208	210
208	211
208	212
208	213
208	230
208	234
208	246
209	210
209	211
209	212
209	213
209	214
210	211
210	212
210	213
210	214
210	215
210	222
210	226
211	212
211	213
211	214
211	215
211	216
211	222
211	223
211	224
211	226
211	227
211	230
211	246
212	213
212	214
212	215
212	216
212	217
212	226
213	214
213	215
213	216
213	217
213	218
213	219
214	215
214	216
214	217
214	218
214	219
214	220
214	222
214	223
214	226
215	216
215	217
215	218
215	219
215	223
215	227
216	217
216	218
216	219
217	218
217	219
218	219
218	220
218	221
218	223
219	220
219	221
219	222
219	223
219	224
220	221
220	222
220	223
220	224
220	225
220	252
220	253
220	256
221	222
221	223
221	224
221	225
221	226
221	253
221	254
221	257
221	259
221	261
222	223
222	224
222	225
222	226
222	227
223	224
223	225
223	226
223	227
223	228
223	249
223	250
223	253
224	225
224	226
224	227
224	228
224	229
224	246
224	249
224	250
224	251
224	253
224	254
224	265
225	226
225	227
225	228
225	229
225	230
225	250
225	254
225	259
225	261
226	227
226	228
226	229
226	230
226	231
226	246
227	228
227	229
227	230
227	231
227	232
227	243
227	245
227	246
227	247
227	249
227	250
227	253
228	229
228	230
228	231
228	232
228	233
228	246
228	247
228	250
228	254
228	261
228	264
228	265
229	230
229	231
229	232
229	233
229	234
229	247
230	231
230	232
230	233
230	234
230	235
230	242
230	243
230	246
231	232
231	233
231	234
231	235
231	236
231	242
231	243
231	244
231	246
231	247
231	268
231	272
232	233
232	234
232	235
232	236
232	237
232	243
232	247
232	264
232	268
233	234
233	235
233	236
233	237
233	238
234	235
234	236
234	237
234	238
234	239
234	240
234	242
234	243
234	246
235	236
235	237
235	238
235	239
235	240
235	243
235	247
235	268
235	271
235	272
235	275
236	237
236	238
236	239
236	240
237	238
237	239
238	239
238	240
238	241
238	343
239	240
239	241
239	242
239	243
239	244
240	241
240	242
240	243
240	244
240	245
240	272
240	273
240	275
240	276
240	343
241	242
241	243
241	244
241	245
241	246
241	272
241	276
242	243
242	244
242	245
242	246
242	247
243	244
243	245
243	246
243	247
243	248
243	269
243	272
244	245
244	246
244	247
244	248
244	249
244	269
244	272
244	273
244	276
245	246
245	247
245	248
245	249
245	250
245	269
246	247
246	248
246	249
246	250
246	251
247	248
247	249
247	250
247	251
247	252
247	264
247	265
247	268
247	269
247	272
248	249
248	250
248	251
248	252
248	253
248	265
248	269
248	273
248	285
249	250
249	251
249	252
249	253
249	254
250	251
250	252
250	253
250	254
250	255
250	265
251	252
251	253
251	254
251	255
251	256
251	262
251	265
251	266
251	269
251	285
251	288
252	253
252	254
252	255
252	256
253	254
253	255
253	256
253	257
253	258
254	255
254	256
254	257
254	258
254	259
254	261
254	262
254	265
255	256
255	257
255	258
255	259
255	262
255	288
256	257
256	258
257	258
257	259
258	259
258	260
258	261
258	262
258	292
259	260
259	261
259	262
259	263
260	261
260	262
260	263
260	264
261	262
261	263
261	264
261	265
261	266
262	263
262	264
262	265
262	266
262	267
262	288
262	292
263	264
263	265
263	266
263	267
263	268
263	289
263	292
263	293
263	301
263	305
264	265
264	266
264	267
264	268
264	269
264	301
264	304
265	266
265	267
265	268
265	269
265	270
266	267
266	268
266	269
266	270
266	271
266	284
266	285
266	286
266	288
266	289
266	292
266	305
267	268
267	269
267	270
267	271
267	272
267	285
267	289
267	301
267	304
267	305
267	307
267	308
267	340
268	269
268	270
268	271
268	272
268	273
268	305
269	270
269	271
269	272
269	273
269	274
269	282
269	285
270	271
270	272
270	273
270	274
270	275
270	282
270	283
270	284
270	285
270	286
270	287
270	289
270	305
270	308
270	313
271	272
271	273
271	274
271	275
271	276
271	282
271	308
271	311
271	312
271	340
271	343
271	344
272	273
272	274
272	275
272	276
272	277
273	274
273	275
273	276
273	277
273	278
273	279
273	281
273	282
273	285
274	275
274	276
274	277
274	278
274	279
274	282
274	308
274	312
274	313
275	276
275	277
275	278
275	279
275	312
275	343
276	277
276	278
276	279
277	278
277	279
277	280
278	279
278	280
278	281
278	282
278	283
279	280
279	281
279	282
279	283
279	284
279	312
279	313
279	347
280	281
280	282
280	283
280	284
280	313
281	282
281	283
281	284
281	285
281	286
282	283
282	284
282	285
282	286
282	287
282	313
283	284
283	285
283	286
283	287
283	288
283	313
284	285
284	286
284	287
284	288
284	289
285	286
285	287
285	288
285	289
285	290
285	305
286	287
286	288
286	289
286	290
286	291
286	305
286	306
286	308
286	309
286	313
287	288
287	289
287	290
287	291
287	292
287	305
288	289
288	290
288	291
288	292
288	293
288	305
289	290
289	291
289	292
289	293
289	294
289	305
290	291
290	292
290	293
290	294
290	295
290	301
290	302
290	305
290	309
291	292
291	293
291	294
291	295
291	296
292	293
292	294
292	295
292	296
293	294
293	295
293	296
293	297
293	298
293	299
293	301
293	302
293	305
294	295
294	296
294	297
294	302
295	296
295	297
296	297
296	298
296	299
297	298
297	299
298	299
298	300
298	301
298	302
298	327
298	331
299	300
299	301
299	302
299	303
299	304
299	306
299	323
299	324
299	327
299	331
300	301
300	302
300	303
300	304
300	305
300	327
300	328
300	331
300	333
300	336
301	302
301	303
301	304
301	305
301	306
302	303
302	304
302	305
302	306
302	307
303	304
303	305
303	306
303	307
303	308
303	320
303	323
303	324
303	325
303	327
303	328
304	305
304	306
304	307
304	308
304	309
304	324
304	328
304	333
304	336
304	340
305	306
305	307
305	308
305	309
305	310
306	307
306	308
306	309
306	310
306	311
306	317
306	320
306	321
306	323
306	324
307	308
307	309
307	310
307	311
307	312
307	320
307	321
307	324
307	325
307	328
307	340
307	344
308	309
308	310
308	311
308	312
308	313
308	314
308	321
309	310
309	311
309	312
309	313
309	314
309	315
309	317
309	320
309	321
310	311
310	312
310	313
310	314
310	316
310	317
310	318
310	320
310	321
310	348
311	312
311	313
311	314
311	317
311	321
311	343
311	344
311	347
311	348
312	313
312	314
312	347
313	314
313	315
314	315
314	316
314	317
314	318
314	320
315	316
315	317
316	317
316	318
316	319
317	318
317	319
317	320
317	321
318	319
318	320
318	321
318	322
318	323
318	348
318	356
318	360
319	320
319	321
319	322
319	323
319	324
320	321
320	322
320	323
320	324
320	325
321	322
321	323
321	324
321	325
321	326
321	344
321	348
321	360
322	323
322	324
322	325
322	326
322	327
322	359
322	360
322	363
323	324
323	325
323	326
323	327
323	328
324	325
324	326
324	327
324	328
324	329
325	326
325	327
325	328
325	329
325	330
325	336
325	337
325	338
325	340
325	341
325	342
325	344
325	360
325	363
326	327
326	328
326	329
326	330
326	331
327	328
327	329
327	330
327	331
327	332
327	333
328	329
328	330
328	331
328	332
328	333
328	334
328	336
328	337
328	340
329	330
329	331
329	332
329	333
329	334
329	337
330	331
330	332
330	333
330	334
331	332
331	333
331	334
332	333
332	334
332	335
332	375
333	334
333	335
333	336
333	337
333	338
334	335
334	336
334	337
334	338
334	339
334	366
334	367
334	368
334	370
334	371
334	375
335	336
335	337
335	338
335	339
335	340
335	367
335	371
336	337
336	338
336	339
336	340
336	341
336	371
337	338
337	339
337	340
337	341
337	342
337	363
337	364
337	367
338	339
338	340
338	341
338	342
338	343
338	363
338	364
338	365
338	367
338	368
338	371
339	340
339	341
339	342
339	343
339	344
339	364
340	341
340	342
340	343
340	344
340	345
340	360
341	342
341	343
341	344
341	345
341	346
341	360
341	361
341	363
341	364
341	365
341	367
342	343
342	344
342	345
342	346
342	347
342	360
342	361
342	364
342	368
343	344
343	345
343	346
343	347
343	348
344	345
344	346
344	347
344	348
344	349
344	356
344	357
344	360
345	346
345	347
345	348
345	349
345	350
345	353
345	356
345	357
345	358
345	360
345	361
346	347
346	348
346	349
346	350
346	351
346	357
346	361
347	348
347	349
347	350
347	351
347	352
347	361
348	349
348	350
348	351
348	352
348	353
348	354
348	356
348	357
348	360
349	350
349	351
349	352
349	353
349	354
349	357
349	361
350	351
350	352
350	353
350	357
351	352
351	353
352	353
352	354
353	354
353	355
353	356
353	357
353	358
354	355
354	356
354	357
354	358
354	359
355	356
355	357
355	358
355	359
355	360
356	357
356	358
356	359
356	360
356	361
357	358
357	359
357	360
357	361
357	362
358	359
358	360
358	361
358	362
358	363
359	360
359	361
359	362
359	363
359	364
360	361
360	362
360	363
360	364
360	365
361	362
361	363
361	364
361	365
361	366
362	363
362	364
362	365
362	366
362	367
363	364
363	365
363	366
363	367
363	368
364	365
364	366
364	367
364	368
364	369
365	366
365	367
365	368
365	369
365	370
366	367
366	368
366	369
366	370
366	371
367	368
367	369
367	370
367	371
367	372
368	369
368	370
368	371
368	372
368	373
369	370
369	371
369	372
369	373
369	374
369	375
370	371
370	372
370	373
370	374
370	375
371	372
371	373
371	374
371	375
372	373
372	374
372	375
373	374
373	375
374	375
