71	72
71	73
71	75
71	76
72	73
72	74
72	75
72	76
72	77
72	98
73	74
73	75
73	76
73	77
73	78
73	98
73	109
73	110
73	113
74	75
74	76
74	77
74	78
74	79
75	76
75	77
75	78
75	79
75	80
75	91
76	77
76	78
76	79
76	80
76	81
76	91
76	92
76	94
76	95
76	98
76	110
76	115
77	78
77	79
77	80
77	81
77	82
77	91
77	110
77	113
77	114
77	115
77	118
78	79
78	80
78	81
78	82
78	118
79	80
79	81
79	82
79	84
79	87
79	88
79	89
79	91
80	81
80	82
80	87
80	88
80	91
80	92
80	115
80	118
80	122
81	82
81	83
81	84
81	88
81	118
82	83
82	84
82	85
82	87
82	88
83	84
83	85
83	88
84	85
84	86
84	87
84	88
84	89
85	86
85	87
85	88
85	89
85	90
85	125
85	127
85	128
85	131
86	87
86	88
86	89
86	90
86	91
86	128
87	88
87	89
87	90
87	91
87	92
88	89
88	90
88	91
88	92
88	93
88	118
88	122
88	125
88	131
89	90
89	91
89	92
89	93
89	94
89	128
89	130
89	131
89	132
89	134
90	91
90	92
90	93
90	94
90	95
90	97
90	131
91	92
91	93
91	94
91	95
91	96
92	93
92	94
92	95
92	96
92	97
92	115
92	118
92	119
92	122
92	131
92	134
92	135
92	138
93	94
93	95
93	96
93	97
93	98
93	130
93	134
94	95
94	96
94	97
94	98
94	99
95	96
95	97
95	98
95	99
95	100
95	110
95	115
95	119
95	138
96	97
96	98
96	99
96	100
96	101
96	134
96	137
96	138
97	98
97	99
97	100
97	101
98	99
98	100
98	101
98	102
98	105
98	106
98	110
99	100
99	101
99	102
99	105
99	106
99	107
99	110
99	119
99	137
99	138
99	139
100	101
100	102
100	105
100	137
101	102
101	103
101	105
102	103
102	104
102	105
102	106
103	104
103	105
104	105
104	106
104	107
105	106
105	107
105	108
106	107
106	108
106	109
106	110
106	111
107	108
107	109
107	110
107	111
107	112
108	109
108	110
108	111
108	112
108	113
109	110
109	111
109	112
109	113
109	114
110	111
110	112
110	113
110	114
110	115
110	116
111	112
111	113
111	114
111	115
111	116
112	113
112	114
112	115
113	114
113	115
113	116
114	115
114	116
114	117
114	118
115	116
115	117
115	118
115	119
115	120
116	117
116	118
116	119
116	120
116	121
116	139
117	118
117	119
117	120
117	121
117	122
118	119
118	120
118	121
118	122
118	123
118	135
119	120
119	121
119	122
119	123
119	134
119	135
119	136
119	138
119	139
120	121
120	122
120	123
120	124
120	135
120	139
121	122
121	123
121	124
121	125
122	123
122	124
122	125
122	126
122	128
122	131
122	132
122	135
123	124
123	125
123	126
123	131
123	132
123	133
123	135
123	136
123	139
124	125
124	126
124	127
124	132
125	126
125	127
125	128
125	129
125	131
125	132
126	127
126	128
126	129
126	132
127	128
127	129
127	132
128	129
128	130
128	131
128	132
128	133
129	130
129	131
129	132
129	133
129	134
130	131
130	132
130	133
130	134
130	135
131	132
131	133
131	134
131	135
131	136
132	133
132	134
132	135
132	136
132	137
133	134
133	135
133	136
133	137
133	138
134	135
134	136
134	137
134	138
134	139
135	136
135	137
135	138
135	139
135	140
136	137
136	138
136	139
136	140
137	138
137	139
137	140
138	139
138	140
139	140
