3	4
3	5
4	5
4	6
4	30
4	32
5	6
5	7
5	29
5	30
5	31
5	32
5	33
6	7
6	8
6	31
6	32
6	33
6	34
6	35
7	8
7	9
7	24
7	29
7	31
7	32
7	33
7	34
7	35
7	36
8	9
8	10
8	33
8	34
8	35
8	36
8	37
9	10
9	11
9	12
9	17
9	18
9	20
9	21
9	24
9	34
9	35
9	36
9	37
9	38
10	11
10	12
10	17
10	35
10	36
10	37
10	38
11	12
11	13
11	14
11	15
11	16
11	17
11	18
11	37
11	38
11	39
12	13
12	14
12	15
12	16
12	17
12	18
12	19
12	21
12	36
12	37
12	38
13	14
13	15
13	17
13	18
13	37
13	38
13	42
13	45
14	15
14	16
14	17
14	18
14	19
15	16
15	17
15	18
15	19
15	20
16	17
16	18
16	19
16	20
16	21
17	18
17	19
17	20
17	21
17	22
18	19
18	20
18	21
18	22
18	23
19	20
19	21
19	22
19	23
19	24
20	21
20	22
20	23
20	24
20	25
21	22
21	23
21	24
21	25
21	26
21	34
21	36
21	48
21	49
22	23
22	24
22	25
22	26
22	27
22	49
23	24
23	25
23	26
23	27
23	28
23	29
24	25
24	26
24	27
24	28
24	29
24	30
24	31
24	34
24	49
25	26
25	27
25	28
25	29
25	49
25	50
25	51
26	27
26	28
26	29
27	28
27	29
27	30
28	29
28	30
28	31
29	30
29	31
30	31
30	32
31	32
31	33
31	34
31	49
32	33
32	34
33	34
33	35
34	35
34	36
34	49
35	36
35	37
36	37
36	38
36	48
36	49
37	38
37	39
38	39
38	40
38	41
38	42
38	43
39	40
39	41
39	42
39	43
40	41
40	42
40	43
40	44
41	42
41	43
41	45
42	43
42	44
42	45
43	44
43	45
44	45
44	46
45	46
46	48
46	53
48	49
48	50
48	51
48	52
48	53
49	50
49	51
49	52
49	53
50	51
50	52
51	52
51	53
52	53
