169	170
169	171
170	171
170	172
170	173
170	174
171	172
171	173
171	196
171	199
171	200
171	201
172	173
172	174
172	175
172	176
172	177
172	192
172	195
172	196
172	199
173	174
173	175
173	176
173	177
173	178
173	199
174	175
174	176
174	177
174	178
174	179
175	176
175	177
175	178
175	179
176	177
176	178
176	179
176	195
176	199
177	178
177	179
177	182
177	188
177	191
177	192
177	195
178	179
178	180
178	181
178	182
178	188
178	191
178	192
179	180
179	181
179	182
179	191
180	181
180	182
180	191
181	182
181	183
182	183
182	184
182	187
182	188
182	191
183	184
183	185
183	187
183	188
184	185
184	186
184	187
184	188
184	189
185	186
185	187
185	188
185	189
185	190
186	187
186	188
186	189
186	190
186	191
187	188
187	189
187	190
187	191
187	192
188	189
188	190
188	191
188	192
188	193
189	190
189	191
189	192
189	193
189	194
190	191
190	192
190	193
190	194
191	192
191	193
191	194
191	195
191	196
192	193
192	194
192	195
192	196
192	197
193	194
193	195
193	196
193	197
194	195
194	196
194	197
194	198
195	196
195	197
195	198
195	199
195	200
196	197
196	198
196	199
196	200
196	201
197	198
197	199
197	200
197	201
198	199
198	200
198	201
199	200
199	201
200	201
200	202
201	202
201	203
202	203
202	204
203	204
203	205
204	205
204	206
205	206
205	207
206	207
206	208
207	208
207	209
208	209
208	210
209	210
209	211
210	211
210	212
211	212
211	213
212	213
212	214
212	215
212	216
212	217
213	214
213	215
214	215
214	216
215	216
215	217
215	218
216	217
216	218
217	218
217	219
218	219
218	220
219	220
219	221
220	221
220	222
220	225
221	222
221	223
221	224
221	225
221	226
222	223
222	224
222	225
222	226
222	227
223	224
223	225
223	226
223	227
223	228
224	225
224	226
224	227
224	228
224	229
225	226
225	227
225	228
225	229
225	230
226	227
226	228
226	229
226	230
226	231
226	238
227	228
227	229
227	230
227	231
227	232
228	229
228	230
228	231
228	232
228	233
229	230
229	231
229	232
229	233
230	231
230	232
230	233
230	234
230	235
230	238
231	232
231	233
232	233
232	234
233	234
233	235
233	236
234	235
234	236
234	237
235	236
235	237
236	237
236	238
237	238
237	239
238	239
238	240
239	240
239	241
239	242
240	241
240	242
240	243
241	242
241	243
242	243
242	244
242	248
243	244
243	245
243	248
243	249
244	245
244	246
244	247
244	248
244	249
245	246
245	247
245	248
245	249
245	250
246	247
246	248
246	249
246	250
246	251
247	248
247	249
247	250
247	251
247	252
248	249
248	250
248	251
248	252
248	253
249	250
249	251
249	252
249	253
249	254
250	251
250	252
250	253
250	254
250	255
251	252
251	253
251	254
251	255
251	256
251	257
251	258
251	259
251	260
252	253
252	254
252	255
252	258
252	259
252	260
252	261
252	264
253	254
253	255
253	259
253	260
253	261
253	262
254	255
254	256
254	257
254	259
254	260
254	261
254	262
255	256
255	257
255	258
255	259
255	260
255	262
255	263
256	257
256	258
256	259
256	262
256	263
257	258
257	259
257	262
257	263
258	259
258	260
258	262
258	263
258	264
259	260
259	261
259	262
259	263
259	264
259	265
260	261
260	262
260	263
260	264
260	265
260	266
260	268
261	262
261	263
261	264
261	265
262	263
262	264
262	265
263	264
263	265
263	266
264	265
264	266
264	267
264	268
265	266
265	267
265	268
265	269
266	267
266	268
266	269
266	270
267	268
267	269
267	270
267	271
267	272
268	269
268	270
268	271
268	272
268	273
269	270
269	271
269	272
269	273
270	271
270	272
270	273
271	272
271	273
272	273
