363	364
363	365
363	387
363	388
364	365
364	366
364	386
364	387
364	388
364	412
364	413
364	414
364	415
364	416
365	366
365	367
365	368
365	385
365	386
365	387
365	388
365	412
365	416
366	367
366	368
366	369
366	386
366	387
366	388
366	411
366	412
366	413
366	415
366	416
366	417
366	418
367	368
367	369
367	379
367	386
367	387
367	412
367	416
367	418
368	369
368	370
368	379
368	386
368	418
369	370
369	371
369	377
369	379
369	386
369	392
369	394
369	418
370	371
370	372
370	377
370	394
370	418
370	425
370	427
371	372
371	373
371	374
371	375
371	377
371	394
371	427
372	373
372	374
372	375
372	376
372	377
372	394
372	395
372	396
372	403
372	427
372	428
372	429
372	430
373	374
373	375
373	396
373	401
373	427
373	428
373	429
373	430
374	375
374	376
374	395
374	396
374	397
374	401
374	430
375	376
375	377
375	395
375	396
375	397
375	430
376	377
376	378
376	393
376	394
376	395
376	396
376	397
376	398
376	430
377	378
377	379
377	392
377	393
377	394
377	395
378	379
378	380
378	391
378	392
378	393
378	394
378	395
379	380
379	381
379	382
379	383
379	384
379	385
379	386
379	391
379	392
379	393
379	418
380	381
380	382
380	391
380	392
380	393
381	382
381	383
381	385
381	389
381	390
381	391
381	392
382	383
382	384
382	385
382	386
382	391
383	384
383	385
384	385
384	386
385	386
385	387
385	390
385	391
385	392
385	418
386	387
386	388
386	390
386	412
386	418
387	388
387	389
387	390
387	391
387	412
387	418
388	389
388	390
388	412
388	413
388	414
388	415
389	390
389	391
389	411
389	412
389	413
390	391
390	392
390	410
390	411
390	412
390	418
391	392
391	393
391	409
391	410
391	411
391	412
391	418
392	393
392	394
392	408
392	409
392	410
392	411
392	418
393	394
393	395
393	403
393	407
393	408
393	409
393	410
394	395
394	396
394	403
394	407
394	408
394	409
394	410
394	418
394	427
394	428
395	396
395	397
395	403
395	408
395	430
396	397
396	398
396	399
396	401
396	402
396	403
396	404
396	429
396	430
396	431
397	398
397	399
397	400
397	401
397	402
397	430
398	399
398	400
398	401
398	402
399	400
399	401
400	401
400	402
400	431
400	432
401	402
401	403
401	430
401	431
401	432
402	403
402	404
402	429
402	430
402	431
402	432
403	404
403	405
403	406
403	407
403	408
403	428
403	429
403	430
403	431
404	405
404	406
404	407
404	427
404	428
404	429
404	430
404	431
405	406
405	407
405	410
405	420
405	422
405	424
405	427
405	428
405	429
406	407
406	408
406	409
406	410
406	420
406	421
406	422
406	424
406	426
406	427
406	428
406	429
407	408
407	409
407	410
407	420
407	421
408	409
408	410
408	428
409	410
409	411
409	419
409	420
409	421
410	411
410	412
410	418
410	419
410	420
410	421
410	424
410	425
410	426
410	427
410	428
411	412
411	413
411	417
411	418
411	419
411	420
412	413
412	414
412	416
412	417
412	418
412	419
413	414
413	415
413	416
413	417
413	418
413	419
413	425
414	415
414	416
414	417
415	416
415	417
415	418
415	419
415	425
416	417
416	418
417	418
417	419
417	425
418	419
418	420
418	424
418	425
418	426
419	420
419	421
419	422
419	423
419	424
419	425
420	421
420	422
420	423
420	424
420	425
420	426
421	422
421	423
421	424
422	423
422	424
423	424
423	425
424	425
424	426
424	427
425	426
425	427
426	427
426	428
427	428
427	429
428	429
428	430
429	430
429	431
430	431
430	432
431	432
