71	72
71	73
72	73
72	74
72	112
73	74
73	75
73	77
73	78
73	81
73	112
73	116
74	75
74	76
74	77
74	78
74	79
74	109
74	112
75	76
75	77
75	78
75	79
75	80
75	109
76	77
76	78
76	79
76	80
76	81
76	104
76	105
76	106
76	109
76	113
77	78
77	79
77	80
77	81
77	82
77	105
77	109
77	110
77	112
77	113
78	79
78	80
78	81
78	82
78	83
78	113
79	80
79	81
79	82
79	83
79	84
79	97
79	101
80	81
80	82
80	83
80	84
80	85
80	97
80	101
80	102
80	105
80	113
80	129
81	82
81	83
81	84
81	85
81	86
81	97
81	112
81	113
81	116
81	117
81	120
81	125
82	83
82	84
82	85
82	86
82	87
82	97
83	84
83	85
83	86
83	87
83	88
83	94
83	97
84	85
84	86
84	87
84	88
84	89
84	94
84	97
84	98
84	102
84	113
84	117
84	125
84	129
85	86
85	87
85	88
85	89
85	94
85	117
85	120
85	122
85	125
86	87
86	88
86	89
86	93
86	97
87	88
87	89
87	90
87	91
87	93
87	94
87	97
88	89
88	90
88	91
88	94
88	122
88	124
88	125
89	90
89	91
89	94
90	91
90	92
90	93
90	94
90	95
91	92
91	93
91	94
91	95
91	96
91	128
92	93
92	94
92	95
92	96
92	97
93	94
93	95
93	96
93	97
93	98
94	95
94	96
94	97
94	98
94	99
94	125
94	128
95	96
95	97
95	98
95	99
95	100
95	128
96	97
96	98
96	99
96	100
96	101
97	98
97	99
97	100
97	101
97	102
97	103
98	99
98	100
98	101
98	102
98	103
98	104
98	128
98	129
98	132
99	100
99	101
99	102
99	103
99	104
100	101
100	102
100	103
100	104
101	102
101	103
101	104
101	105
102	103
102	104
102	105
102	106
102	110
102	129
102	132
102	136
103	104
103	105
103	106
103	110
103	132
103	135
103	136
104	105
104	106
104	110
105	106
105	107
105	109
105	110
105	113
105	129
105	136
105	138
106	107
106	108
106	109
106	110
106	111
106	138
107	108
107	109
107	110
107	111
107	112
107	138
108	109
108	110
108	111
108	112
108	113
108	138
109	110
109	111
109	112
109	113
109	114
109	129
110	111
110	112
110	113
110	114
110	115
110	129
110	132
110	133
110	136
110	138
111	112
111	113
111	114
111	115
111	116
111	129
111	133
111	138
111	145
112	113
112	114
112	115
112	116
112	117
113	114
113	115
113	116
113	117
113	118
113	129
114	115
114	116
114	117
114	118
114	119
114	125
114	126
114	127
114	129
114	130
114	133
114	145
114	149
115	116
115	117
115	118
115	119
115	120
116	117
116	118
116	119
116	120
116	121
116	122
117	118
117	119
117	120
117	121
117	122
117	123
117	125
117	126
117	129
118	119
118	120
118	121
118	122
118	123
118	126
118	145
118	148
118	149
118	150
119	120
119	121
119	122
120	121
120	122
121	122
121	123
121	124
122	123
122	124
122	125
122	126
122	127
123	124
123	125
123	126
123	127
123	128
123	149
124	125
124	126
124	127
124	128
124	129
125	126
125	127
125	128
125	129
125	130
126	127
126	128
126	129
126	130
126	131
126	149
127	128
127	129
127	130
127	131
127	132
127	149
128	129
128	130
128	131
128	132
128	133
129	130
129	131
129	132
129	133
129	134
130	131
130	132
130	133
130	134
130	135
130	139
130	145
130	146
130	149
131	132
131	133
131	134
131	135
131	136
132	133
132	134
132	135
132	136
133	134
133	135
133	136
133	137
133	138
133	139
133	145
134	135
134	136
134	139
134	146
135	136
135	137
135	139
136	137
136	138
136	139
137	138
137	139
138	139
138	140
138	145
139	140
139	141
139	142
139	145
139	146
140	141
140	142
140	145
141	142
141	143
141	145
141	146
142	143
142	144
142	145
142	146
142	147
143	144
143	145
143	146
143	147
143	148
144	145
144	146
144	147
144	148
144	149
145	146
145	147
145	148
145	149
145	150
146	147
146	148
146	149
146	150
147	148
147	149
147	150
148	149
148	150
149	150
