132	133
132	134
132	135
133	134
133	135
133	138
133	158
133	161
133	162
133	164
134	135
134	136
134	138
134	139
134	140
134	154
134	158
134	161
135	136
135	137
135	138
135	139
135	140
135	161
136	137
136	138
136	139
136	140
136	141
137	138
137	139
137	140
137	141
137	142
138	139
138	140
138	141
138	142
138	143
138	161
139	140
139	141
139	142
139	143
139	144
139	149
139	154
140	141
140	142
140	143
140	144
141	142
141	143
141	144
141	145
142	143
142	144
142	145
142	146
142	148
142	149
142	150
142	151
142	153
142	154
142	157
143	144
143	145
143	146
143	147
143	149
144	145
144	146
144	149
145	146
145	147
146	147
146	148
146	149
146	150
146	153
147	148
147	149
148	149
148	150
149	150
149	151
150	151
150	152
150	153
150	154
150	155
151	152
151	153
151	154
151	155
151	156
151	177
152	153
152	154
152	155
152	156
152	157
152	177
153	154
153	155
153	156
153	157
153	158
154	155
154	156
154	157
154	158
154	159
155	156
155	157
155	158
155	159
155	160
155	165
155	176
155	177
156	157
156	158
156	159
156	160
156	161
156	166
156	176
156	177
157	158
157	159
157	160
157	161
157	162
158	159
158	160
158	161
158	162
158	163
158	164
159	160
159	161
159	162
159	163
159	164
159	165
159	166
159	170
159	171
159	172
159	175
159	176
159	177
160	161
160	162
160	163
160	164
160	166
160	169
160	176
161	162
161	163
161	164
162	163
162	164
162	166
163	164
163	165
163	166
163	167
164	165
164	166
165	166
165	167
165	170
165	171
165	172
166	167
166	168
166	169
166	170
166	171
166	172
166	176
167	168
167	169
167	170
167	171
167	172
168	169
168	170
169	170
169	171
169	176
170	171
170	172
170	174
170	176
171	172
171	173
171	174
171	175
171	176
172	173
172	174
172	175
172	176
172	178
173	174
173	175
173	178
174	175
174	176
174	178
175	176
175	177
175	178
175	179
176	177
176	178
177	178
177	179
178	179
179	183
183	184
183	185
184	185
184	186
185	186
185	187
186	187
186	188
186	192
187	188
187	189
187	192
188	189
188	190
188	192
189	190
189	191
189	192
189	193
189	194
190	191
190	192
190	193
190	194
191	192
191	193
192	193
192	194
193	194
193	195
194	195
194	196
195	196
230	231
230	232
231	232
