849	850
849	851
849	854
850	851
850	852
850	853
850	854
851	852
851	853
852	853
852	854
853	854
853	855
854	855
854	856
855	856
855	857
855	858
855	860
856	857
856	858
856	859
856	860
857	858
857	859
857	860
857	861
857	884
857	887
857	888
858	859
858	860
858	861
858	862
859	860
859	861
859	862
860	861
860	862
860	865
860	887
861	862
861	863
861	865
861	866
861	884
861	887
862	863
862	864
862	865
862	866
862	867
863	864
863	865
863	866
863	867
863	868
864	865
864	866
864	867
864	868
864	869
865	866
865	867
865	868
865	869
865	870
865	879
865	880
865	881
865	883
865	884
865	887
866	867
866	868
866	869
866	870
866	871
867	868
867	869
867	870
867	871
867	876
868	869
868	870
868	871
868	873
868	876
868	877
868	878
868	879
868	880
868	883
869	870
869	871
869	876
869	877
869	878
869	880
869	881
869	884
870	871
870	872
870	877
871	872
871	873
871	874
871	876
871	877
872	873
872	874
872	877
873	874
873	875
873	876
873	877
873	878
874	875
874	876
874	877
874	878
874	879
875	876
875	877
875	878
875	879
875	880
876	877
876	878
876	879
876	880
876	881
877	878
877	879
877	880
877	881
877	882
878	879
878	880
878	881
878	882
878	883
879	880
879	881
879	882
879	883
879	884
880	881
880	882
880	883
880	884
880	885
881	882
881	883
881	884
881	885
881	886
882	883
882	884
882	885
882	886
882	887
883	884
883	885
883	886
883	887
883	888
884	885
884	886
884	887
884	888
885	886
885	887
885	888
886	887
886	888
887	888
