12	13
12	14
12	15
12	16
12	17
12	39
12	42
13	14
13	15
13	16
13	17
13	18
14	15
14	16
14	17
14	18
14	19
14	33
14	36
14	37
14	38
14	39
15	16
15	17
15	18
15	19
15	20
15	38
15	39
15	42
15	50
16	17
16	18
16	19
16	20
16	21
16	42
17	18
17	19
17	20
17	21
17	22
17	29
17	33
18	19
18	20
18	21
18	22
18	23
18	29
18	30
18	33
18	34
18	38
18	39
18	40
18	41
18	42
18	50
18	53
18	65
19	20
19	21
19	22
19	23
19	24
19	33
19	42
19	43
19	44
19	48
19	49
19	50
19	53
20	21
20	22
20	23
20	24
20	25
20	26
20	53
21	22
21	23
21	24
21	25
21	26
21	27
21	29
21	30
21	33
21	61
22	23
22	24
22	25
22	26
22	30
22	49
22	50
22	51
22	53
22	54
22	58
22	61
22	65
23	24
23	25
23	26
23	50
23	53
23	54
23	58
24	25
24	26
24	58
24	61
25	26
25	27
25	58
25	60
25	61
26	27
26	28
26	29
26	30
26	31
26	58
26	61
27	28
27	29
27	30
27	31
27	32
27	58
27	60
27	61
27	64
28	29
28	30
28	31
28	32
28	33
29	30
29	31
29	32
29	33
29	34
30	31
30	32
30	33
30	34
30	35
30	61
30	64
30	65
31	32
31	33
31	34
31	35
31	36
31	60
31	64
32	33
32	34
32	35
32	36
32	37
33	34
33	35
33	36
33	37
33	38
33	39
34	35
34	36
34	37
34	38
34	39
34	40
34	64
34	65
34	68
34	69
35	36
35	37
35	38
35	68
36	37
36	38
37	38
37	39
38	39
38	40
38	41
39	40
39	41
39	42
39	43
39	50
40	41
40	42
40	49
40	50
40	51
40	64
40	65
40	66
40	68
40	69
40	70
40	71
41	42
41	43
41	48
41	49
41	50
41	69
41	70
41	71
41	72
41	74
42	43
42	44
42	48
42	49
42	50
43	44
43	45
43	47
43	48
43	49
43	50
43	75
44	45
44	46
44	47
44	48
44	49
44	53
45	46
45	47
45	48
46	47
46	48
46	76
47	48
47	49
47	52
47	74
47	75
47	76
48	49
48	50
48	52
48	53
48	56
48	76
49	50
49	51
49	52
49	53
49	54
49	71
49	74
50	51
50	52
50	53
50	54
50	55
50	61
50	65
51	52
51	53
51	54
51	55
51	56
51	61
51	62
51	63
51	65
51	66
51	70
51	71
51	72
51	73
52	53
52	54
52	55
52	56
52	65
52	74
52	75
52	76
53	54
53	55
53	56
53	57
53	58
54	55
54	56
54	57
54	58
54	59
54	61
54	62
54	65
55	56
55	57
55	58
55	62
56	57
56	58
57	58
57	59
57	60
58	59
58	60
58	61
58	62
58	63
59	60
59	61
59	62
59	63
59	64
60	61
60	62
60	63
60	64
60	65
61	62
61	63
61	64
61	65
61	66
62	63
62	64
62	65
62	66
62	67
62	70
63	64
63	65
63	66
63	67
63	68
64	65
64	66
64	67
64	68
64	69
65	66
65	67
65	68
65	69
65	70
66	67
66	68
66	69
66	70
66	71
66	72
67	68
67	69
67	70
68	69
68	70
69	70
69	71
69	72
70	71
70	72
70	73
71	72
71	73
71	74
71	75
72	73
72	74
73	74
73	75
74	75
74	76
75	76
