197	198
197	199
197	202
197	229
197	231
198	199
198	200
198	202
198	203
198	229
198	231
199	200
199	201
199	202
199	203
199	204
199	229
199	231
200	201
200	202
200	203
200	204
200	205
201	202
201	203
201	204
201	205
201	206
201	225
202	203
202	204
202	205
202	206
202	207
202	222
202	225
202	226
202	229
202	231
203	204
203	205
203	206
203	207
203	208
204	205
204	206
204	207
204	208
204	209
205	206
205	207
205	208
205	209
205	210
205	218
205	221
205	222
205	225
206	207
206	208
206	209
206	210
206	211
206	222
206	226
206	231
206	234
207	208
207	209
207	210
207	211
207	212
208	209
208	210
208	211
208	212
208	213
208	218
209	210
209	211
209	212
209	213
209	214
209	215
209	216
209	218
209	219
209	222
209	238
210	211
210	212
210	213
211	212
211	213
212	213
212	214
212	215
212	216
212	218
213	214
213	215
213	216
213	242
214	215
214	216
214	217
214	250
215	216
215	217
215	218
215	219
215	220
215	250
216	217
216	218
216	219
216	220
216	221
216	242
216	246
216	249
216	250
216	253
216	254
217	218
217	219
217	220
217	221
217	222
217	250
217	253
217	254
218	219
218	220
218	221
218	222
218	223
218	238
219	220
219	221
219	222
219	223
219	224
219	238
219	239
219	242
219	254
219	257
220	221
220	222
220	223
220	224
220	225
220	238
220	239
220	250
220	253
220	254
220	255
220	257
221	222
221	223
221	224
221	225
221	226
222	223
222	224
222	225
222	226
222	227
222	235
222	238
223	224
223	225
223	226
223	227
223	228
223	231
223	232
223	234
223	235
223	236
223	238
223	239
223	257
223	261
224	225
224	226
224	227
224	228
224	229
224	235
224	257
224	261
225	226
225	227
225	228
225	229
225	230
225	231
226	227
226	228
226	229
226	230
226	231
226	232
226	234
226	235
226	238
227	228
227	229
227	230
227	231
227	232
227	235
227	261
227	264
227	265
228	229
228	230
228	231
228	232
229	230
229	231
229	232
230	231
230	232
230	233
231	232
231	233
231	234
231	235
231	236
232	233
232	234
232	235
232	236
232	237
232	261
232	265
232	269
232	271
232	275
233	234
233	235
233	236
233	237
233	238
233	271
233	274
233	275
234	235
234	236
234	237
234	238
234	239
235	236
235	237
235	238
235	239
235	240
235	258
235	261
236	237
236	238
236	239
236	240
236	241
236	257
236	258
236	261
236	262
236	265
236	271
236	272
236	275
237	238
237	239
237	240
237	241
237	242
237	258
237	274
237	275
237	278
238	239
238	240
238	241
238	242
238	243
239	240
239	241
239	242
239	243
239	244
239	254
239	257
239	258
239	261
240	241
240	242
240	243
240	244
240	245
240	254
240	258
240	275
240	278
240	279
240	280
240	281
240	282
241	242
241	243
241	244
241	245
242	243
242	244
242	245
242	246
242	247
242	249
242	254
243	244
243	245
243	246
243	247
243	248
243	249
243	254
243	255
243	256
243	258
243	279
243	282
244	245
244	246
244	247
244	282
245	246
245	247
245	282
246	247
246	248
246	249
246	250
246	254
247	248
247	249
247	252
247	254
247	255
247	279
247	282
248	249
248	250
248	251
248	252
248	253
248	254
249	250
249	251
249	252
249	253
249	254
249	255
250	251
250	252
250	253
250	254
251	252
251	253
251	254
252	253
252	254
252	255
252	256
252	257
253	254
253	255
253	256
253	257
253	258
254	255
254	256
254	257
254	258
255	256
255	257
255	258
255	260
255	279
256	257
256	258
256	260
256	261
257	258
257	260
257	261
257	262
258	260
258	261
258	262
258	263
258	275
258	276
258	278
258	279
260	261
260	262
260	263
260	264
260	265
261	262
261	263
261	264
261	265
261	266
261	272
261	276
262	263
262	264
262	265
262	266
262	267
262	271
262	272
262	273
262	275
262	276
262	279
263	264
263	265
263	266
263	276
264	265
264	266
264	276
265	266
265	267
265	269
265	271
265	272
265	276
266	267
266	268
266	269
266	272
266	273
266	276
267	268
267	269
267	270
267	272
267	273
267	276
268	269
268	270
268	273
268	276
269	270
269	271
269	272
269	273
269	274
269	276
270	271
270	272
270	273
270	274
270	275
270	277
271	272
271	273
271	274
271	275
271	276
272	273
272	274
272	275
272	276
272	277
273	274
273	275
273	276
273	277
273	278
274	275
274	276
274	277
274	278
274	279
275	276
275	277
275	278
275	279
275	280
276	277
276	278
276	279
276	280
276	281
277	278
277	279
277	280
277	281
277	282
278	279
278	280
278	281
278	282
279	280
279	281
279	282
280	281
280	282
281	282
