116	117
116	118
116	120
116	121
116	124
117	118
117	119
117	120
117	121
117	122
118	119
118	120
118	121
118	122
118	123
119	120
119	121
119	122
119	123
119	124
120	121
120	122
120	123
120	124
120	125
121	122
121	123
121	124
121	125
121	126
122	123
122	124
122	125
122	126
123	124
123	125
123	128
124	125
124	126
124	127
124	128
124	129
124	162
125	126
125	127
125	128
125	129
125	130
126	127
126	128
126	129
126	130
126	131
126	159
127	128
127	129
127	130
127	131
127	132
127	158
127	159
127	160
127	162
128	129
128	130
128	131
128	132
128	133
128	158
128	159
128	162
129	130
129	131
129	132
129	133
129	134
129	162
130	131
130	132
130	133
130	134
130	135
130	159
131	132
131	133
131	134
131	135
131	136
131	158
131	159
131	160
131	162
131	163
132	133
132	134
132	135
132	136
132	137
132	139
132	162
133	134
133	135
133	136
133	137
133	138
134	135
134	136
134	137
134	138
134	139
134	159
134	163
135	136
135	137
135	138
135	139
135	140
135	163
136	137
136	138
136	139
136	140
136	141
137	138
137	139
137	140
137	141
137	142
138	139
138	140
138	141
138	142
138	143
138	144
138	150
139	140
139	141
139	142
139	143
140	141
140	142
140	143
141	142
141	143
142	143
142	144
142	147
143	144
143	145
143	147
143	148
143	150
144	145
144	146
144	147
144	148
144	150
145	146
145	147
145	148
145	149
146	147
146	148
147	148
147	149
148	149
148	150
149	150
149	151
150	151
150	152
151	152
151	153
152	153
152	154
152	155
152	159
152	160
152	161
152	163
152	164
153	154
153	155
153	156
153	160
154	155
154	156
154	157
154	158
154	159
154	160
154	161
155	156
155	157
155	159
155	160
155	161
155	162
155	164
156	157
156	158
156	160
156	161
157	158
157	159
157	160
157	161
157	162
158	159
158	160
158	161
158	162
158	163
159	160
159	161
159	162
159	163
159	164
160	161
160	162
160	163
160	164
160	165
161	162
161	163
161	164
161	165
162	163
162	164
162	165
163	164
163	165
164	165
