116	117
116	118
116	120
116	121
116	124
117	118
117	119
117	120
117	121
117	122
118	119
118	120
118	121
118	122
118	123
119	120
119	121
119	122
119	123
119	124
120	121
120	122
120	123
120	124
120	125
121	122
121	123
121	124
121	125
121	126
122	123
122	124
122	125
122	126
123	124
123	125
123	128
124	125
124	126
124	127
124	128
124	129
125	126
125	127
125	128
125	129
125	130
126	127
126	128
126	129
126	130
126	131
127	128
127	129
127	130
127	131
127	132
128	129
128	130
128	131
128	132
128	133
129	130
129	131
129	132
129	133
129	134
130	131
130	132
130	133
130	134
130	135
131	132
131	133
131	134
131	135
132	133
132	134
132	135
133	134
133	135
134	135
