73	74
73	75
73	100
74	75
74	76
74	77
74	96
75	76
75	77
75	78
76	77
76	78
76	79
76	80
76	94
76	95
76	96
76	97
76	99
76	100
77	78
77	79
77	80
77	81
78	79
78	80
78	81
78	82
78	100
78	103
79	80
79	81
79	82
79	83
79	84
79	88
79	91
79	94
79	99
79	100
79	102
79	103
80	81
80	82
80	83
80	84
80	85
81	82
81	83
81	84
81	85
82	83
82	84
82	85
82	87
82	88
82	102
82	103
83	84
83	85
83	87
83	88
83	89
83	91
84	85
84	87
84	88
85	87
85	88
87	88
87	89
88	89
88	90
88	91
88	94
89	90
89	91
89	92
90	91
90	92
90	93
90	94
91	92
91	93
91	94
91	95
91	99
92	93
92	94
92	95
92	99
93	94
93	95
93	99
94	95
94	96
94	97
94	98
94	99
94	102
95	96
95	97
95	98
95	99
95	100
96	97
96	98
96	99
96	100
96	101
97	98
97	99
97	100
97	101
97	102
98	99
98	100
98	101
98	102
98	103
99	100
99	101
99	102
99	103
100	101
100	102
100	103
101	102
101	103
102	103
