6	7
6	8
7	8
7	9
8	9
8	10
9	10
9	11
10	11
10	12
10	16
11	12
11	13
11	15
11	16
12	13
12	14
12	15
12	16
12	17
13	14
13	15
13	16
13	17
13	18
14	15
14	16
14	17
14	18
14	19
14	33
15	16
15	17
15	18
15	19
15	20
16	17
16	18
16	19
16	20
16	21
17	18
17	19
17	20
17	21
17	22
17	26
17	29
17	33
18	19
18	20
18	21
18	22
18	23
18	29
18	30
18	33
18	34
19	20
19	21
19	22
19	23
19	24
20	21
20	22
20	23
20	24
20	25
20	26
21	22
21	23
21	24
21	25
21	26
21	27
21	29
21	30
21	33
22	23
22	24
22	25
22	26
22	30
23	24
23	25
23	26
24	25
24	26
25	26
25	27
25	28
26	27
26	28
26	29
26	30
26	31
27	28
27	29
27	30
27	31
27	32
28	29
28	30
28	31
28	32
28	33
29	30
29	31
29	32
29	33
29	34
30	31
30	32
30	33
30	34
30	35
31	32
31	33
31	34
31	35
32	33
32	34
32	35
33	34
33	35
34	35
