163	164
163	165
163	166
163	167
163	168
164	165
164	166
164	167
164	168
165	166
165	167
165	168
165	169
166	167
166	168
166	169
166	170
167	168
167	169
167	170
167	171
168	169
168	170
168	171
168	172
169	170
169	171
169	172
169	173
170	171
170	172
170	173
170	174
170	175
170	176
171	172
171	173
171	174
171	175
171	176
171	177
172	173
172	174
172	175
172	176
173	174
173	175
173	176
173	177
173	178
174	175
174	176
174	177
174	178
174	179
174	201
174	202
174	205
175	176
175	177
175	178
175	179
175	180
175	201
175	202
175	205
175	206
176	177
176	178
176	179
176	180
176	181
176	184
176	205
177	178
177	179
177	180
177	181
177	182
177	202
177	205
178	179
178	180
178	181
178	182
178	183
178	201
178	202
178	203
178	205
178	206
178	207
178	209
179	180
179	181
179	182
179	183
179	184
179	202
179	205
179	206
179	209
180	181
180	182
180	183
180	184
180	185
180	186
180	209
181	182
181	183
181	184
181	185
181	186
181	187
181	188
181	206
182	183
182	184
182	185
182	186
182	187
182	188
182	194
182	206
182	207
182	209
182	210
182	211
183	184
183	185
183	186
183	187
183	188
183	209
183	212
184	185
184	186
184	187
185	186
185	187
186	187
186	188
186	194
187	188
187	189
188	189
188	190
188	192
188	193
188	194
188	210
189	190
189	191
189	192
189	193
190	191
190	192
191	192
191	193
192	193
192	194
193	194
193	195
194	195
194	196
194	203
194	206
194	207
194	210
195	196
195	197
196	197
196	198
196	199
196	202
196	203
196	204
196	206
196	207
197	198
197	199
197	203
198	199
198	200
198	202
198	203
198	204
199	200
199	201
199	203
199	204
200	201
200	202
200	203
200	204
200	205
201	202
201	203
201	204
201	205
201	206
202	203
202	204
202	205
202	206
202	207
203	204
203	205
203	206
203	207
203	208
204	205
204	206
204	207
204	208
204	209
205	206
205	207
205	208
205	209
205	210
206	207
206	208
206	209
206	210
206	211
207	208
207	209
207	210
207	211
207	212
208	209
208	210
208	211
208	212
209	210
209	211
209	212
210	211
210	212
211	212
