2	3
2	4
2	5
2	6
2	7
3	4
3	5
3	6
3	7
3	8
3	29
3	30
3	33
4	5
4	6
4	7
4	8
4	9
4	30
4	33
4	34
4	37
4	40
5	6
5	7
5	8
5	9
5	10
6	7
6	8
6	9
6	10
6	11
7	8
7	9
7	10
7	11
7	12
7	26
7	27
7	29
7	30
7	33
7	40
8	9
8	10
8	11
8	12
8	13
8	26
8	27
8	30
8	39
8	40
9	10
9	11
9	12
9	13
9	14
9	27
10	11
10	12
10	13
10	14
10	15
10	22
10	23
10	26
10	27
10	29
11	12
11	13
11	14
11	15
11	16
11	19
11	22
11	23
11	26
11	27
12	13
12	14
12	15
12	16
12	17
12	23
12	26
12	27
13	14
13	15
13	16
13	17
13	18
13	19
13	27
14	15
14	16
14	17
14	18
14	19
14	20
14	22
14	23
14	26
15	16
15	17
15	18
15	19
15	20
15	23
15	27
16	17
16	18
16	19
17	18
17	19
18	19
18	20
18	21
19	20
19	21
19	22
19	23
19	24
20	21
20	22
20	23
20	24
20	25
21	22
21	23
21	24
21	25
21	26
22	23
22	24
22	25
22	26
22	27
23	24
23	25
23	26
23	27
23	28
24	25
24	26
24	27
24	28
24	29
25	26
25	27
25	28
25	29
25	30
26	27
26	28
26	29
26	30
26	31
27	28
27	29
27	30
27	31
27	32
27	40
28	29
28	30
28	31
28	32
28	33
29	30
29	31
29	32
29	33
29	34
30	31
30	32
30	33
30	34
30	35
30	40
31	32
31	33
31	34
31	35
31	36
31	37
31	40
31	41
32	33
32	34
32	35
32	40
33	34
33	35
34	35
34	36
34	37
34	38
34	40
34	41
35	36
35	37
35	40
35	41
36	37
36	38
36	39
36	41
37	38
37	39
37	40
37	41
38	39
38	40
38	41
39	40
39	41
40	41
