52	50	3	0	0	48	0	0	0	3	0	0	0	0	0	0	4	0	0	0	46	0	0	0	0	0	0	0	0	0	0	0	0	0	0	3	0	0	0	0	0	0	0	0	0	0	0	0	0	0	4	0	0	0	44	0	0	0	0	0	0	0	0	0	0	0	0	0	0	0	0	0	0	0	0	0	0	0	0	0	0	0	0	0	0	0	0	0	3	0	0	0	0	0	0	0	0	0	0	0	0	0	0	0	0	0	0	0	0	0	0	4	0	0	0	42	0	0	0	0	0	0	0	0	0	0	0	0	0	0	0	0	0	0	0	0	0	0	0	0	0	0	0	0	0	0	0	0	0	0	0	0	0	0	0	0	0	0	0	0	0	0	0	0	0	0	0	0	0	0	0	0	0	0	0	0	3	0	0	0	0	0	0	0	0	0	0	0	0	0	0	0	0	0	0	0	0	0	0	0	0	0	0	0	0	0	0	4	0	0	0
78	75	7	0	0	72	0	0	0	7	0	0	0	0	0	0	12	0	0	0	69	0	0	0	0	0	0	0	0	0	0	0	0	0	0	7	0	0	0	0	0	0	0	0	0	0	0	0	0	0	12	0	0	0	66	0	0	0	0	0	0	0	0	0	0	0	0	0	0	0	0	0	0	0	0	0	0	0	0	0	0	0	0	0	0	0	0	0	7	0	0	0	0	0	0	0	0	0	0	0	0	0	0	0	0	0	0	0	0	0	0	12	0	0	0	63	0	0	0	0	0	0	0	0	0	0	0	0	0	0	0	0	0	0	0	0	0	0	0	0	0	0	0	0	0	0	0	0	0	0	0	0	0	0	0	0	0	0	0	0	0	0	0	0	0	0	0	0	0	0	0	0	0	0	0	0	7	0	0	0	0	0	0	0	0	0	0	0	0	0	0	0	0	0	0	0	0	0	0	0	0	0	0	0	0	0	0	12	0	0	0
179	172	14	12	0	165	1	0	0	14	12	0	0	0	0	0	30	16	0	0	158	1	0	0	1	0	0	0	0	0	0	4	0	0	0	14	12	0	0	0	0	0	0	0	0	0	0	0	0	0	30	16	0	0	151	1	0	0	1	0	0	0	0	0	0	4	0	0	0	1	0	0	0	0	0	0	0	0	0	0	0	0	0	0	4	0	0	0	14	12	0	0	0	0	0	0	0	0	0	0	0	0	0	0	0	0	0	0	0	0	0	30	16	0	0	144	1	0	0	1	0	0	0	0	0	0	4	0	0	0	1	0	0	0	0	0	0	0	0	0	0	0	0	0	0	4	0	0	0	1	0	0	0	0	0	0	0	0	0	0	0	0	0	0	0	0	0	0	0	0	0	0	4	0	0	0	14	12	0	0	0	0	0	0	0	0	0	0	0	0	0	0	0	0	0	0	0	0	0	0	0	0	0	0	0	0	0	30	16	0	0
178	171	17	12	0	164	1	0	0	17	12	0	0	0	0	0	36	24	0	0	157	1	0	0	1	0	0	0	0	0	0	4	0	0	0	17	12	0	0	0	0	0	0	0	0	0	0	0	0	0	36	24	0	0	150	1	0	0	1	0	0	0	0	0	0	4	0	0	0	1	0	0	0	0	0	0	0	0	0	0	0	0	0	0	4	0	0	0	17	12	0	0	0	0	0	0	0	0	0	0	0	0	0	0	0	0	0	0	0	0	0	36	24	0	0	143	1	0	0	1	0	0	0	0	0	0	4	0	0	0	1	0	0	0	0	0	0	0	0	0	0	0	0	0	0	4	0	0	0	1	0	0	0	0	0	0	0	0	0	0	0	0	0	0	0	0	0	0	0	0	0	0	4	0	0	0	17	12	0	0	0	0	0	0	0	0	0	0	0	0	0	0	0	0	0	0	0	0	0	0	0	0	0	0	0	0	0	36	24	0	0
177	170	21	10	0	163	1	0	0	21	10	0	0	0	0	0	46	26	0	0	156	1	0	0	1	0	0	0	0	0	0	4	0	0	0	21	10	0	0	0	0	0	1	0	0	0	0	0	0	0	46	26	0	0	149	1	0	0	1	0	0	0	0	0	0	4	0	0	0	1	0	0	0	0	0	0	0	0	0	0	0	0	0	0	4	0	0	0	21	10	0	0	0	0	0	0	0	0	0	0	0	0	0	1	0	0	0	0	0	0	0	46	26	0	0	142	1	0	0	1	0	0	0	0	0	0	4	0	0	0	1	0	0	0	0	0	0	0	0	0	0	0	0	0	0	4	0	0	0	1	0	0	0	0	0	0	0	0	0	0	0	0	0	0	0	0	0	0	0	0	0	0	4	0	0	0	21	10	0	0	0	0	0	0	0	0	0	0	0	0	0	0	0	0	0	0	0	0	0	1	0	0	0	0	0	0	0	46	26	0	0
199	191	17	7	9	183	4	0	0	17	7	9	2	0	0	0	42	7	9	0	175	4	0	0	4	0	0	2	0	0	0	12	0	0	0	17	7	9	0	0	0	0	1	0	0	0	2	0	0	0	42	7	9	0	167	4	0	0	4	0	0	2	0	0	0	12	0	0	0	4	0	0	0	0	0	0	0	0	0	0	2	0	0	0	12	0	0	0	17	7	9	0	0	0	0	0	0	0	0	0	0	0	0	1	0	0	0	2	0	0	0	42	7	9	0	159	4	0	0	4	0	0	2	0	0	0	12	0	0	0	4	0	0	0	0	0	0	0	0	0	0	2	0	0	0	12	0	0	0	4	0	0	0	0	0	0	0	0	0	0	0	0	0	0	0	0	0	0	2	0	0	0	12	0	0	0	17	7	9	0	0	0	0	0	0	0	0	0	0	0	0	0	0	0	0	0	0	0	0	1	0	0	0	2	0	0	0	42	7	9	0
199	191	17	7	9	183	4	0	0	17	7	9	2	0	0	0	42	7	9	0	175	4	0	0	4	0	0	2	0	0	0	12	0	0	0	17	7	9	0	0	0	0	1	0	0	0	2	0	0	0	42	7	9	0	167	4	0	0	4	0	0	2	0	0	0	12	0	0	0	4	0	0	0	0	0	0	0	0	0	0	2	0	0	0	12	0	0	0	17	7	9	0	0	0	0	0	0	0	0	0	0	0	0	1	0	0	0	2	0	0	0	42	7	9	0	159	4	0	0	4	0	0	2	0	0	0	12	0	0	0	4	0	0	0	0	0	0	0	0	0	0	2	0	0	0	12	0	0	0	4	0	0	0	0	0	0	0	0	0	0	0	0	0	0	0	0	0	0	2	0	0	0	12	0	0	0	17	7	9	0	0	0	0	0	0	0	0	0	0	0	0	0	0	0	0	0	0	0	0	1	0	0	0	2	0	0	0	42	7	9	0
240	230	27	23	9	220	9	9	0	27	23	9	8	0	0	0	67	57	18	0	210	9	9	0	9	9	0	8	0	0	0	26	36	0	0	27	23	9	0	0	0	0	1	0	0	0	8	0	0	0	67	57	18	0	200	9	9	0	9	9	0	8	0	0	0	26	36	0	0	9	9	0	0	0	0	0	0	0	0	0	8	0	0	0	26	36	0	0	27	23	9	0	0	0	0	0	0	0	0	0	0	0	0	1	0	0	0	8	0	0	0	67	57	18	0	190	9	9	0	9	9	0	8	0	0	0	26	36	0	0	9	9	0	0	0	0	0	0	0	0	0	8	0	0	0	26	36	0	0	9	9	0	0	0	0	0	0	0	0	0	0	0	0	0	0	0	0	0	8	0	0	0	26	36	0	0	27	23	9	0	0	0	0	1	0	0	0	0	0	0	0	0	0	0	0	0	0	0	0	1	0	0	0	8	0	0	0	67	57	18	0
246	236	30	24	5	226	11	0	0	30	24	5	9	0	0	0	71	60	20	0	216	11	0	0	11	0	0	9	0	0	0	31	0	0	0	30	24	5	0	0	0	0	3	0	0	0	9	0	0	0	71	60	20	0	206	11	0	0	11	0	0	9	0	0	0	31	0	0	0	11	0	0	0	0	0	0	0	0	0	0	9	0	0	0	31	0	0	0	30	24	5	0	0	0	0	0	0	0	0	0	0	0	0	3	0	0	0	9	0	0	0	71	60	20	0	196	11	0	0	11	0	0	9	0	0	0	31	0	0	0	11	0	0	0	0	0	0	0	0	0	0	9	0	0	0	31	0	0	0	11	0	0	0	0	0	0	0	0	0	0	0	0	0	0	0	0	0	0	9	0	0	0	31	0	0	0	30	24	5	0	0	0	0	0	0	0	0	0	0	0	0	0	0	0	0	0	0	0	0	3	0	0	0	9	0	0	0	71	60	20	0
245	235	42	25	2	225	19	0	0	42	25	2	23	0	0	0	107	75	10	0	215	18	0	0	19	0	0	18	0	0	0	57	0	0	0	42	25	2	6	0	0	0	6	5	0	0	23	0	0	0	107	75	10	0	205	18	0	0	18	0	0	18	0	0	0	52	0	0	0	19	0	0	6	0	0	0	3	0	0	0	18	0	0	0	57	0	0	0	42	25	2	4	0	0	0	4	0	0	0	6	0	0	0	6	5	0	0	23	0	0	0	107	75	10	0	195	18	0	0	18	0	0	18	0	0	0	52	0	0	0	18	0	0	6	0	0	0	2	0	0	0	18	0	0	0	52	0	0	0	19	0	0	4	0	0	0	4	0	0	0	6	0	0	0	3	0	0	0	18	0	0	0	57	0	0	0	42	25	2	8	0	0	0	1	0	0	0	4	0	0	0	4	0	0	0	6	0	0	0	6	5	0	0	23	0	0	0	107	75	10	0
291	278	45	41	32	265	22	30	0	45	41	32	22	20	0	0	117	93	32	34	252	21	30	0	22	30	0	17	20	0	0	66	80	0	0	45	41	32	6	0	0	0	6	0	0	0	22	20	0	0	117	93	32	34	239	21	30	0	21	30	0	17	20	0	0	61	80	0	0	22	30	0	6	0	0	0	3	0	0	0	17	20	0	0	66	80	0	0	45	41	32	4	0	0	0	4	0	0	0	6	0	0	0	6	0	0	0	22	20	0	0	117	93	32	34	226	21	30	0	21	30	0	17	20	0	0	61	80	0	0	21	30	0	6	0	0	0	2	0	0	0	17	20	0	0	61	80	0	0	22	30	0	4	0	0	0	4	0	0	0	6	0	0	0	3	0	0	0	17	20	0	0	66	80	0	0	45	41	32	8	0	0	0	2	0	0	0	4	0	0	0	4	0	0	0	6	0	0	0	6	0	0	0	22	20	0	0	117	93	32	34
297	283	54	65	18	269	25	45	0	54	65	18	19	54	0	0	152	147	36	16	255	24	45	0	25	45	0	14	54	0	0	81	117	0	0	54	65	18	6	0	0	0	7	0	0	0	19	54	0	0	152	147	36	16	241	24	45	0	24	45	0	14	54	0	0	76	117	0	0	25	45	0	6	0	0	0	3	0	0	0	14	54	0	0	81	117	0	0	54	65	18	4	0	0	0	5	0	0	0	6	0	0	0	7	0	0	0	19	54	0	0	152	147	36	16	227	24	45	0	24	45	0	14	54	0	0	76	117	0	0	24	45	0	6	0	0	0	2	0	0	0	14	54	0	0	76	117	0	0	25	45	0	4	0	0	0	4	0	0	0	6	0	0	0	3	0	0	0	14	54	0	0	81	117	0	0	54	65	18	8	0	0	0	3	0	0	0	4	0	0	0	5	0	0	0	6	0	0	0	7	0	0	0	19	54	0	0	152	147	36	16
246	235	46	37	11	224	22	18	0	46	37	11	25	9	0	0	124	92	33	7	213	20	18	0	22	18	0	17	9	0	0	63	54	0	0	46	37	11	6	0	0	0	7	6	0	0	25	9	0	0	124	92	33	7	202	20	18	0	20	18	0	17	9	0	0	57	54	0	0	22	18	0	6	0	0	0	3	0	0	0	17	9	0	0	63	54	0	0	46	37	11	4	0	0	0	6	0	0	0	6	0	0	0	7	6	0	0	25	9	0	0	124	92	33	7	191	20	18	0	20	18	0	17	9	0	0	57	54	0	0	20	18	0	6	0	0	0	2	0	0	0	17	9	0	0	57	54	0	0	22	18	0	4	0	0	0	4	0	0	0	6	0	0	0	3	0	0	0	17	9	0	0	63	54	0	0	46	37	11	8	0	0	0	2	0	0	0	4	0	0	0	6	0	0	0	6	0	0	0	7	6	0	0	25	9	0	0	124	92	33	7
236	226	48	24	11	216	27	0	0	48	24	11	30	0	0	0	129	60	44	7	206	25	0	0	27	0	0	22	0	0	0	73	0	0	0	48	24	11	6	0	0	0	8	6	0	0	30	0	0	0	129	60	44	7	196	25	0	0	25	0	0	22	0	0	0	67	0	0	0	27	0	0	6	0	0	0	3	0	0	0	22	0	0	0	73	0	0	0	48	24	11	4	0	0	0	7	0	0	0	6	0	0	0	8	6	0	0	30	0	0	0	129	60	44	7	186	25	0	0	25	0	0	22	0	0	0	67	0	0	0	25	0	0	6	0	0	0	2	0	0	0	22	0	0	0	67	0	0	0	27	0	0	4	0	0	0	4	0	0	0	6	0	0	0	3	0	0	0	22	0	0	0	73	0	0	0	48	24	11	8	0	0	0	1	0	0	0	4	0	0	0	7	0	0	0	6	0	0	0	8	6	0	0	30	0	0	0	129	60	44	7
377	359	89	131	5	341	38	92	0	89	131	5	40	139	0	0	202	393	25	2	323	34	81	0	38	92	0	22	104	0	0	89	271	0	0	89	131	5	22	74	0	0	14	39	5	0	40	139	0	0	202	393	25	2	305	30	77	0	34	81	0	19	100	0	0	82	236	0	0	38	92	0	2	68	0	0	0	27	0	0	22	104	0	0	89	271	0	0	89	131	5	5	45	0	0	10	44	0	0	22	74	0	0	14	39	5	0	40	139	0	0	202	393	25	2	287	29	69	0	30	77	0	17	97	0	0	71	227	0	0	34	81	0	2	66	0	0	0	22	0	0	19	100	0	0	82	236	0	0	38	92	0	0	38	0	0	2	38	0	0	2	68	0	0	0	27	0	0	22	104	0	0	89	271	0	0	89	131	5	7	56	0	0	10	11	0	0	5	45	0	0	10	44	0	0	22	74	0	0	14	39	5	0	40	139	0	0	202	393	25	2
277	264	52	39	33	251	27	30	0	52	39	33	25	0	5	0	134	98	33	77	238	26	30	0	27	30	0	22	0	0	0	74	80	0	0	52	39	33	6	0	0	0	7	0	0	0	25	0	5	0	134	98	33	77	225	26	30	0	26	30	0	22	0	0	0	73	80	0	0	27	30	0	6	0	0	0	2	0	0	0	22	0	0	0	74	80	0	0	52	39	33	4	0	0	0	8	0	0	0	6	0	0	0	7	0	0	0	25	0	5	0	134	98	33	77	212	25	30	0	26	30	0	22	0	0	0	73	80	0	0	26	30	0	6	0	0	0	2	0	0	0	22	0	0	0	73	80	0	0	27	30	0	3	0	0	0	3	0	0	0	6	0	0	0	2	0	0	0	22	0	0	0	74	80	0	0	52	39	33	3	0	5	0	1	0	0	0	4	0	0	0	8	0	0	0	6	0	0	0	7	0	0	0	25	0	5	0	134	98	33	77
244	233	53	26	24	222	30	10	0	53	26	24	31	0	5	0	127	76	48	45	211	28	10	0	30	10	0	23	0	0	0	77	20	0	0	53	26	24	11	0	0	0	9	8	0	0	31	0	5	0	127	76	48	45	200	27	10	0	28	10	0	22	0	0	0	75	20	0	0	30	10	0	6	0	0	0	2	0	0	0	23	0	0	0	77	20	0	0	53	26	24	4	0	0	0	10	8	0	0	11	0	0	0	9	8	0	0	31	0	5	0	127	76	48	45	189	26	10	0	27	10	0	22	0	0	0	70	20	0	0	28	10	0	6	0	0	0	2	0	0	0	22	0	0	0	75	20	0	0	30	10	0	3	0	0	0	5	0	0	0	6	0	0	0	2	0	0	0	23	0	0	0	77	20	0	0	53	26	24	5	0	5	0	2	0	0	0	4	0	0	0	10	8	0	0	11	0	0	0	9	8	0	0	31	0	5	0	127	76	48	45
248	237	52	31	17	226	28	7	0	52	31	17	24	21	5	0	117	80	51	27	215	27	0	0	28	7	0	19	0	0	0	72	7	0	0	52	31	17	11	0	0	0	9	7	17	0	24	21	5	0	117	80	51	27	204	26	0	0	27	0	0	18	0	0	0	71	0	0	0	28	7	0	6	0	0	0	2	0	0	0	19	0	0	0	72	7	0	0	52	31	17	4	0	0	0	10	7	0	0	11	0	0	0	9	7	17	0	24	21	5	0	117	80	51	27	193	25	0	0	26	0	0	18	0	0	0	66	0	0	0	27	0	0	6	0	0	0	2	0	0	0	18	0	0	0	71	0	0	0	28	7	0	3	0	0	0	5	0	0	0	6	0	0	0	2	0	0	0	19	0	0	0	72	7	0	0	52	31	17	5	0	5	0	2	0	0	0	4	0	0	0	10	7	0	0	11	0	0	0	9	7	17	0	24	21	5	0	117	80	51	27
288	274	56	68	11	260	23	40	0	56	68	11	22	40	5	0	110	166	44	16	246	21	40	0	23	40	0	14	40	0	0	58	90	0	0	56	68	11	11	0	0	0	9	6	0	0	22	40	5	0	110	166	44	16	232	20	40	0	21	40	0	13	40	0	0	56	90	0	0	23	40	0	6	0	0	0	2	0	0	0	14	40	0	0	58	90	0	0	56	68	11	4	0	0	0	10	6	0	0	11	0	0	0	9	6	0	0	22	40	5	0	110	166	44	16	218	19	40	0	20	40	0	13	40	0	0	51	90	0	0	21	40	0	6	0	0	0	2	0	0	0	13	40	0	0	56	90	0	0	23	40	0	3	0	0	0	5	0	0	0	6	0	0	0	2	0	0	0	14	40	0	0	58	90	0	0	56	68	11	5	0	5	0	2	0	0	0	4	0	0	0	10	6	0	0	11	0	0	0	9	6	0	0	22	40	5	0	110	166	44	16
257	245	58	45	5	233	26	20	0	58	45	5	26	0	5	0	111	135	25	5	221	24	20	0	26	20	0	18	0	0	0	64	60	0	0	58	45	5	11	0	0	0	9	5	0	0	26	0	5	0	111	135	25	5	209	23	20	0	24	20	0	17	0	0	0	62	60	0	0	26	20	0	6	0	0	0	2	0	0	0	18	0	0	0	64	60	0	0	58	45	5	4	0	0	0	10	5	0	0	11	0	0	0	9	5	0	0	26	0	5	0	111	135	25	5	197	22	20	0	23	20	0	17	0	0	0	57	60	0	0	24	20	0	6	0	0	0	2	0	0	0	17	0	0	0	62	60	0	0	26	20	0	3	0	0	0	5	0	0	0	6	0	0	0	2	0	0	0	18	0	0	0	64	60	0	0	58	45	5	5	0	5	0	2	0	0	0	4	0	0	0	10	5	0	0	11	0	0	0	9	5	0	0	26	0	5	0	111	135	25	5
386	367	53	124	36	348	31	71	5	53	124	36	30	91	7	25	94	148	180	57	329	28	57	0	31	71	5	24	41	0	0	71	111	25	0	53	124	36	20	45	0	0	8	27	36	5	30	91	7	25	94	148	180	57	310	24	48	0	28	57	0	21	32	0	0	61	77	0	0	31	71	5	8	0	0	0	3	0	5	0	24	41	0	0	71	111	25	0	53	124	36	8	0	10	0	10	39	36	0	20	45	0	0	8	27	36	5	30	91	7	25	94	148	180	57	291	21	46	0	24	48	0	17	32	0	0	50	32	0	0	28	57	0	8	0	0	0	3	0	0	0	21	32	0	0	61	77	0	0	31	71	5	3	0	5	0	7	28	5	0	8	0	0	0	3	0	5	0	24	41	0	0	71	111	25	0	53	124	36	7	30	20	0	14	15	0	0	8	0	10	0	10	39	36	0	20	45	0	0	8	27	36	5	30	91	7	25	94	148	180	57
256	244	37	29	35	232	18	11	0	37	29	35	14	0	7	0	51	55	70	90	220	17	11	0	18	11	0	9	0	0	0	40	55	0	0	37	29	35	5	0	0	0	3	0	0	0	14	0	7	0	51	55	70	90	208	16	11	0	17	11	0	8	0	0	0	39	55	0	0	18	11	0	0	0	0	0	0	0	0	0	9	0	0	0	40	55	0	0	37	29	35	0	0	0	0	3	0	0	0	5	0	0	0	3	0	0	0	14	0	7	0	51	55	70	90	196	16	11	0	16	11	0	8	0	0	0	34	55	0	0	17	11	0	0	0	0	0	0	0	0	0	8	0	0	0	39	55	0	0	18	11	0	0	0	0	0	2	0	0	0	0	0	0	0	0	0	0	0	9	0	0	0	40	55	0	0	37	29	35	2	0	0	0	1	0	0	0	0	0	0	0	3	0	0	0	5	0	0	0	3	0	0	0	14	0	7	0	51	55	70	90
263	250	37	53	18	237	17	30	0	37	53	18	15	20	7	0	43	72	54	33	224	16	30	0	17	30	0	10	20	0	0	32	70	0	0	37	53	18	5	0	0	0	3	0	0	0	15	20	7	0	43	72	54	33	211	15	30	0	16	30	0	9	20	0	0	31	70	0	0	17	30	0	0	0	0	0	0	0	0	0	10	20	0	0	32	70	0	0	37	53	18	0	0	0	0	3	0	0	0	5	0	0	0	3	0	0	0	15	20	7	0	43	72	54	33	198	15	30	0	15	30	0	9	20	0	0	26	70	0	0	16	30	0	0	0	0	0	0	0	0	0	9	20	0	0	31	70	0	0	17	30	0	0	0	0	0	2	0	0	0	0	0	0	0	0	0	0	0	10	20	0	0	32	70	0	0	37	53	18	2	0	0	0	1	0	0	0	0	0	0	0	3	0	0	0	5	0	0	0	3	0	0	0	15	20	7	0	43	72	54	33
174	166	28	12	11	158	15	0	0	28	12	11	14	0	0	0	38	0	22	16	150	14	0	0	15	0	0	9	0	0	0	35	0	0	0	28	12	11	5	0	0	0	3	0	0	0	14	0	0	0	38	0	22	16	142	13	0	0	14	0	0	8	0	0	0	34	0	0	0	15	0	0	0	0	0	0	0	0	0	0	9	0	0	0	35	0	0	0	28	12	11	0	0	0	0	3	0	0	0	5	0	0	0	3	0	0	0	14	0	0	0	38	0	22	16	134	13	0	0	13	0	0	8	0	0	0	29	0	0	0	14	0	0	0	0	0	0	0	0	0	0	8	0	0	0	34	0	0	0	15	0	0	0	0	0	0	2	0	0	0	0	0	0	0	0	0	0	0	9	0	0	0	35	0	0	0	28	12	11	2	0	0	0	1	0	0	0	0	0	0	0	3	0	0	0	5	0	0	0	3	0	0	0	14	0	0	0	38	0	22	16
173	165	27	15	5	157	15	0	0	27	15	5	13	0	0	0	33	0	15	5	149	14	0	0	15	0	0	8	0	0	0	30	0	0	0	27	15	5	5	0	0	0	3	0	0	0	13	0	0	0	33	0	15	5	141	13	0	0	14	0	0	7	0	0	0	29	0	0	0	15	0	0	0	0	0	0	0	0	0	0	8	0	0	0	30	0	0	0	27	15	5	0	0	0	0	3	0	0	0	5	0	0	0	3	0	0	0	13	0	0	0	33	0	15	5	133	13	0	0	13	0	0	7	0	0	0	24	0	0	0	14	0	0	0	0	0	0	0	0	0	0	7	0	0	0	29	0	0	0	15	0	0	0	0	0	0	2	0	0	0	0	0	0	0	0	0	0	0	8	0	0	0	30	0	0	0	27	15	5	2	0	0	0	1	0	0	0	0	0	0	0	3	0	0	0	5	0	0	0	3	0	0	0	13	0	0	0	33	0	15	5
125	119	17	5	19	113	13	0	7	17	5	19	15	0	9	21	28	5	19	36	107	9	0	0	13	0	7	8	0	0	0	22	0	7	5	17	5	19	2	0	9	0	1	0	0	17	15	0	9	21	28	5	19	36	101	8	0	0	9	0	0	5	0	0	0	7	0	0	0	13	0	7	0	0	0	0	1	0	0	0	8	0	0	0	22	0	7	5	17	5	19	0	0	0	0	6	0	0	0	2	0	9	0	1	0	0	17	15	0	9	21	28	5	19	36	95	8	0	0	8	0	0	5	0	0	0	6	0	0	0	9	0	0	0	0	0	0	1	0	0	0	5	0	0	0	7	0	0	0	13	0	7	0	0	0	0	6	0	0	0	0	0	0	0	1	0	0	0	8	0	0	0	22	0	7	5	17	5	19	3	0	0	0	7	0	0	0	0	0	0	0	6	0	0	0	2	0	9	0	1	0	0	17	15	0	9	21	28	5	19	36
147	140	13	0	36	133	12	0	0	13	0	36	8	0	9	0	24	0	0	105	126	11	0	0	12	0	0	7	0	0	0	23	0	0	5	13	0	36	0	0	9	0	0	0	0	0	8	0	9	0	24	0	0	105	119	11	0	0	11	0	0	7	0	0	0	18	0	0	0	12	0	0	0	0	0	0	0	0	0	0	7	0	0	0	23	0	0	5	13	0	36	0	0	0	0	2	0	0	0	0	0	9	0	0	0	0	0	8	0	9	0	24	0	0	105	112	11	0	0	11	0	0	7	0	0	0	18	0	0	0	11	0	0	0	0	0	0	0	0	0	0	7	0	0	0	18	0	0	0	12	0	0	0	0	0	0	2	0	0	0	0	0	0	0	0	0	0	0	7	0	0	0	23	0	0	5	13	0	36	2	0	0	0	1	0	0	0	0	0	0	0	2	0	0	0	0	0	9	0	0	0	0	0	8	0	9	0	24	0	0	105
168	160	14	0	36	152	12	0	0	14	0	36	8	0	9	0	25	0	0	105	144	11	0	0	12	0	0	7	0	0	0	23	0	0	5	14	0	36	0	0	9	0	0	0	0	0	8	0	9	0	25	0	0	105	136	11	0	0	11	0	0	7	0	0	0	18	0	0	0	12	0	0	0	0	0	0	0	0	0	0	7	0	0	0	23	0	0	5	14	0	36	0	0	0	0	2	0	0	0	0	0	9	0	0	0	0	0	8	0	9	0	25	0	0	105	128	11	0	0	11	0	0	7	0	0	0	18	0	0	0	11	0	0	0	0	0	0	0	0	0	0	7	0	0	0	18	0	0	0	12	0	0	0	0	0	0	2	0	0	0	0	0	0	0	0	0	0	0	7	0	0	0	23	0	0	5	14	0	36	2	0	0	0	1	0	0	0	0	0	0	0	2	0	0	0	0	0	9	0	0	0	0	0	8	0	9	0	25	0	0	105
206	195	20	31	21	184	12	28	0	20	31	21	14	21	9	0	31	28	0	59	173	8	28	0	12	28	0	7	21	0	0	25	28	0	5	20	31	21	2	0	9	0	2	0	0	0	14	21	9	0	31	28	0	59	162	7	28	0	8	28	0	4	21	0	0	10	28	0	0	12	28	0	0	0	0	0	1	0	0	0	7	21	0	0	25	28	0	5	20	31	21	0	0	0	0	6	0	0	0	2	0	9	0	2	0	0	0	14	21	9	0	31	28	0	59	151	7	28	0	7	28	0	4	21	0	0	9	28	0	0	8	28	0	0	0	0	0	1	0	0	0	4	21	0	0	10	28	0	0	12	28	0	0	0	0	0	6	0	0	0	0	0	0	0	1	0	0	0	7	21	0	0	25	28	0	5	20	31	21	3	0	0	0	7	0	0	0	0	0	0	0	6	0	0	0	2	0	9	0	2	0	0	0	14	21	9	0	31	28	0	59
192	182	52	38	9	172	35	23	0	52	38	9	34	33	9	0	97	70	18	36	162	33	12	0	35	23	0	32	9	0	0	58	35	0	5	52	38	9	26	6	9	0	28	8	27	0	34	33	9	0	97	70	18	36	152	29	9	0	33	12	0	30	0	0	0	50	3	0	0	35	23	0	14	0	0	0	18	5	0	0	32	9	0	0	58	35	0	5	52	38	9	13	0	0	0	10	26	9	0	26	6	9	0	28	8	27	0	34	33	9	0	97	70	18	36	142	23	8	0	29	9	0	18	0	0	0	42	0	0	0	33	12	0	9	0	0	0	18	3	0	0	30	0	0	0	50	3	0	0	35	23	0	3	0	0	0	4	16	0	0	14	0	0	0	18	5	0	0	32	9	0	0	58	35	0	5	52	38	9	16	8	0	0	16	45	0	0	13	0	0	0	10	26	9	0	26	6	9	0	28	8	27	0	34	33	9	0	97	70	18	36
139	132	29	6	22	125	15	0	9	29	6	22	11	0	23	45	49	6	22	28	118	14	0	0	15	0	9	8	0	9	0	19	0	9	7	29	6	22	0	0	3	0	5	0	0	36	11	0	23	45	49	6	22	28	111	14	0	0	14	0	0	8	0	0	0	18	0	0	0	15	0	9	0	0	0	0	4	0	0	5	8	0	9	0	19	0	9	7	29	6	22	0	0	0	0	6	0	0	0	0	0	3	0	5	0	0	36	11	0	23	45	49	6	22	28	104	14	0	0	14	0	0	8	0	0	0	18	0	0	0	14	0	0	0	0	0	0	3	0	0	0	8	0	0	0	18	0	0	0	15	0	9	0	0	0	0	2	0	0	0	0	0	0	0	4	0	0	5	8	0	9	0	19	0	9	7	29	6	22	3	0	0	0	8	0	0	0	0	0	0	0	6	0	0	0	0	0	3	0	5	0	0	36	11	0	23	45	49	6	22	28
204	192	48	53	3	180	24	35	0	48	53	3	18	42	9	0	102	92	9	9	168	20	35	0	24	35	0	9	42	0	0	47	56	0	0	48	53	3	2	0	3	0	18	21	0	0	18	42	9	0	102	92	9	9	156	20	35	0	20	35	0	9	42	0	0	38	56	0	0	24	35	0	2	0	0	0	11	21	0	0	9	42	0	0	47	56	0	0	48	53	3	0	0	0	0	10	0	0	0	2	0	3	0	18	21	0	0	18	42	9	0	102	92	9	9	144	20	35	0	20	35	0	9	42	0	0	38	56	0	0	20	35	0	2	0	0	0	9	21	0	0	9	42	0	0	38	56	0	0	24	35	0	0	0	0	0	4	0	0	0	2	0	0	0	11	21	0	0	9	42	0	0	47	56	0	0	48	53	3	10	0	0	0	20	0	0	0	0	0	0	0	10	0	0	0	2	0	3	0	18	21	0	0	18	42	9	0	102	92	9	9
169	160	39	24	0	151	23	8	0	39	24	0	15	0	0	0	67	32	0	0	142	23	8	0	23	8	0	15	0	0	0	38	8	0	0	39	24	0	2	0	0	0	16	0	0	0	15	0	0	0	67	32	0	0	133	23	8	0	23	8	0	15	0	0	0	38	8	0	0	23	8	0	2	0	0	0	10	0	0	0	15	0	0	0	38	8	0	0	39	24	0	0	0	0	0	4	0	0	0	2	0	0	0	16	0	0	0	15	0	0	0	67	32	0	0	124	23	8	0	23	8	0	15	0	0	0	38	8	0	0	23	8	0	2	0	0	0	10	0	0	0	15	0	0	0	38	8	0	0	23	8	0	0	0	0	0	1	0	0	0	2	0	0	0	10	0	0	0	15	0	0	0	38	8	0	0	39	24	0	9	0	0	0	8	0	0	0	0	0	0	0	4	0	0	0	2	0	0	0	16	0	0	0	15	0	0	0	67	32	0	0
131	124	28	14	0	117	15	6	0	28	14	0	9	0	0	0	42	10	0	0	110	15	6	0	15	6	0	9	0	0	0	22	6	0	0	28	14	0	0	0	0	0	7	0	0	0	9	0	0	0	42	10	0	0	103	15	6	0	15	6	0	9	0	0	0	22	6	0	0	15	6	0	0	0	0	0	6	0	0	0	9	0	0	0	22	6	0	0	28	14	0	0	0	0	0	0	0	0	0	0	0	0	0	7	0	0	0	9	0	0	0	42	10	0	0	96	15	6	0	15	6	0	9	0	0	0	22	6	0	0	15	6	0	0	0	0	0	6	0	0	0	9	0	0	0	22	6	0	0	15	6	0	0	0	0	0	0	0	0	0	0	0	0	0	6	0	0	0	9	0	0	0	22	6	0	0	28	14	0	1	0	0	0	1	0	0	0	0	0	0	0	0	0	0	0	0	0	0	0	7	0	0	0	9	0	0	0	42	10	0	0
110	104	22	11	0	98	13	5	0	22	11	0	3	0	0	0	34	9	0	0	92	13	5	0	13	5	0	3	0	0	0	20	5	0	0	22	11	0	0	0	0	0	5	0	0	0	3	0	0	0	34	9	0	0	86	13	5	0	13	5	0	3	0	0	0	20	5	0	0	13	5	0	0	0	0	0	3	0	0	0	3	0	0	0	20	5	0	0	22	11	0	0	0	0	0	0	0	0	0	0	0	0	0	5	0	0	0	3	0	0	0	34	9	0	0	80	13	5	0	13	5	0	3	0	0	0	20	5	0	0	13	5	0	0	0	0	0	3	0	0	0	3	0	0	0	20	5	0	0	13	5	0	0	0	0	0	0	0	0	0	0	0	0	0	3	0	0	0	3	0	0	0	20	5	0	0	22	11	0	1	0	0	0	2	0	0	0	0	0	0	0	0	0	0	0	0	0	0	0	5	0	0	0	3	0	0	0	34	9	0	0
246	232	88	70	31	218	58	42	28	88	70	31	91	32	27	20	188	142	155	0	204	51	30	20	58	42	28	70	30	25	9	137	60	140	0	88	70	31	45	70	22	45	36	25	0	9	91	32	27	20	188	142	155	0	190	47	15	10	51	30	20	64	20	22	0	119	35	100	0	58	42	28	36	20	22	0	28	0	0	0	70	30	25	9	137	60	140	0	88	70	31	26	25	11	10	14	15	62	36	45	70	22	45	36	25	0	9	91	32	27	20	188	142	155	0	176	37	5	5	47	15	10	53	5	20	0	113	5	50	0	51	30	20	28	10	22	0	28	0	0	0	64	20	22	0	119	35	100	0	58	42	28	14	0	11	5	8	0	56	5	36	20	22	0	28	0	0	0	70	30	25	9	137	60	140	0	88	70	31	20	25	41	25	22	40	31	0	26	25	11	10	14	15	62	36	45	70	22	45	36	25	0	9	91	32	27	20	188	142	155	0
228	215	58	39	21	202	39	30	3	58	39	21	37	0	5	6	123	78	21	25	189	38	30	0	39	30	3	35	0	3	0	76	60	3	9	58	39	21	24	0	0	0	30	9	0	9	37	0	5	6	123	78	21	25	176	36	30	0	38	30	0	35	0	0	0	73	60	0	0	39	30	3	14	0	0	0	18	0	0	0	35	0	3	0	76	60	3	9	58	39	21	12	0	0	0	11	0	0	0	24	0	0	0	30	9	0	9	37	0	5	6	123	78	21	25	163	34	30	0	36	30	0	33	0	0	0	68	60	0	0	38	30	0	13	0	0	0	18	0	0	0	35	0	0	0	73	60	0	0	39	30	3	5	0	0	0	2	0	0	0	14	0	0	0	18	0	0	0	35	0	3	0	76	60	3	9	58	39	21	22	0	0	0	26	9	0	0	12	0	0	0	11	0	0	0	24	0	0	0	30	9	0	9	37	0	5	6	123	78	21	25
252	237	82	82	13	222	52	52	3	82	82	13	66	64	5	6	177	194	52	3	207	44	50	0	52	52	3	44	60	3	0	115	106	12	0	82	82	13	42	20	0	0	39	68	0	9	66	64	5	6	177	194	52	3	192	38	50	0	44	50	0	39	60	0	0	91	100	0	0	52	52	3	22	20	0	0	26	42	0	0	44	60	3	0	115	106	12	0	82	82	13	20	0	0	0	9	32	0	0	42	20	0	0	39	68	0	9	66	64	5	6	177	194	52	3	177	31	42	0	38	50	0	27	60	0	0	77	100	0	0	44	50	0	16	20	0	0	25	40	0	0	39	60	0	0	91	100	0	0	52	52	3	8	0	0	0	3	12	0	0	22	20	0	0	26	42	0	0	44	60	3	0	115	106	12	0	82	82	13	15	48	0	0	25	36	0	0	20	0	0	0	9	32	0	0	42	20	0	0	39	68	0	9	66	64	5	6	177	194	52	3
204	192	52	42	14	180	37	32	0	52	42	14	37	24	0	0	112	84	14	3	168	33	32	0	37	32	0	29	24	0	0	77	64	0	0	52	42	14	12	0	0	0	22	31	0	0	37	24	0	0	112	84	14	3	156	33	32	0	33	32	0	29	24	0	0	66	64	0	0	37	32	0	12	0	0	0	16	24	0	0	29	24	0	0	77	64	0	0	52	42	14	7	0	0	0	7	0	0	0	12	0	0	0	22	31	0	0	37	24	0	0	112	84	14	3	144	32	31	0	33	32	0	29	24	0	0	66	64	0	0	33	32	0	11	0	0	0	15	24	0	0	29	24	0	0	66	64	0	0	37	32	0	5	0	0	0	3	0	0	0	12	0	0	0	16	24	0	0	29	24	0	0	77	64	0	0	52	42	14	15	7	0	0	16	7	0	0	7	0	0	0	7	0	0	0	12	0	0	0	22	31	0	0	37	24	0	0	112	84	14	3
134	126	21	15	10	118	15	15	0	21	15	10	5	0	0	0	37	20	0	0	110	15	15	0	15	15	0	5	0	0	0	22	20	0	0	21	15	10	0	0	0	0	6	0	0	0	5	0	0	0	37	20	0	0	102	15	15	0	15	15	0	5	0	0	0	22	20	0	0	15	15	0	0	0	0	0	4	0	0	0	5	0	0	0	22	20	0	0	21	15	10	0	0	0	0	0	0	0	0	0	0	0	0	6	0	0	0	5	0	0	0	37	20	0	0	94	15	15	0	15	15	0	5	0	0	0	22	20	0	0	15	15	0	0	0	0	0	4	0	0	0	5	0	0	0	22	20	0	0	15	15	0	0	0	0	0	0	0	0	0	0	0	0	0	4	0	0	0	5	0	0	0	22	20	0	0	21	15	10	1	0	0	0	4	0	0	0	0	0	0	0	0	0	0	0	0	0	0	0	6	0	0	0	5	0	0	0	37	20	0	0
212	200	79	32	33	188	58	0	21	79	32	33	92	0	44	11	177	40	132	44	176	50	0	21	58	0	21	73	0	42	11	143	0	84	31	79	32	33	45	0	22	0	30	0	0	0	92	0	44	11	177	40	132	44	164	45	0	21	50	0	21	66	0	42	11	122	0	84	20	58	0	21	36	0	11	0	30	0	0	0	73	0	42	11	143	0	84	31	79	32	33	18	0	17	0	8	0	0	0	45	0	22	0	30	0	0	0	92	0	44	11	177	40	132	44	152	36	0	20	45	0	21	55	0	42	10	116	0	84	10	50	0	21	28	0	11	0	30	0	0	0	66	0	42	11	122	0	84	20	58	0	21	11	0	11	0	8	0	0	0	36	0	11	0	30	0	0	0	73	0	42	11	143	0	84	31	79	32	33	11	0	17	10	12	0	0	0	18	0	17	0	8	0	0	0	45	0	22	0	30	0	0	0	92	0	44	11	177	40	132	44
278	261	99	103	23	244	63	56	11	99	103	23	88	94	24	11	234	249	115	44	227	57	37	11	63	56	11	79	14	22	11	167	152	55	31	99	103	23	42	35	22	0	32	0	46	0	88	94	24	11	234	249	115	44	210	53	30	11	57	37	11	74	0	22	11	151	112	55	20	63	56	11	38	0	11	0	31	0	22	0	79	14	22	11	167	152	55	31	99	103	23	24	0	17	0	9	0	23	0	42	35	22	0	32	0	46	0	88	94	24	11	234	249	115	44	193	43	30	10	53	30	11	63	0	22	10	146	105	55	10	57	37	11	30	0	11	0	31	0	22	0	74	0	22	11	151	112	55	20	63	56	11	14	0	11	0	9	0	11	0	38	0	11	0	31	0	22	0	79	14	22	11	167	152	55	31	98	103	23	11	0	17	10	12	12	0	0	24	0	17	0	9	0	23	0	42	35	22	0	32	0	46	0	88	94	24	11	231	249	115	44
280	262	106	121	19	244	74	101	5	106	121	19	106	113	0	15	245	217	19	44	226	57	82	3	74	101	5	78	94	0	9	199	205	5	31	105	121	19	36	109	10	6	35	126	19	0	106	113	0	15	241	217	19	44	208	54	60	0	57	82	3	73	70	0	0	150	163	3	20	73	101	5	28	80	0	0	28	106	5	0	78	94	0	9	195	205	5	31	105	121	19	19	69	5	0	15	16	38	9	36	109	10	6	35	126	19	0	106	113	0	15	241	217	19	44	190	48	24	0	54	60	0	72	0	0	0	143	128	0	10	56	82	3	25	40	0	0	23	91	3	0	73	70	0	0	146	163	3	20	73	101	5	14	32	0	0	15	16	10	0	28	80	0	0	28	106	5	0	78	94	0	9	195	205	5	31	105	121	19	31	8	25	0	19	8	95	0	19	69	5	0	15	16	38	9	36	109	10	6	35	126	19	0	106	113	0	15	241	217	19	44
303	283	121	154	27	263	81	119	0	121	154	27	109	236	0	0	288	360	54	79	243	69	101	0	81	119	0	77	196	0	0	209	309	0	34	121	154	27	44	115	10	0	42	81	27	0	109	236	0	0	288	360	54	79	223	64	94	0	69	101	0	70	185	0	0	173	259	0	20	81	119	0	34	107	0	0	35	73	0	0	77	196	0	0	209	309	0	34	121	154	27	25	69	5	0	10	14	0	0	44	115	10	0	42	81	27	0	109	236	0	0	288	360	54	79	203	52	79	0	64	94	0	59	175	0	0	163	242	0	10	69	101	0	27	96	0	0	34	65	0	0	70	185	0	0	173	259	0	20	81	119	0	13	49	0	0	9	12	0	0	34	107	0	0	35	73	0	0	77	196	0	0	209	309	0	34	119	154	27	14	62	24	0	14	38	27	0	25	69	5	0	10	14	0	0	44	115	10	0	42	81	27	0	109	236	0	0	288	360	54	79
283	263	132	164	5	243	81	118	0	132	164	5	116	278	0	0	314	486	20	31	223	69	103	0	81	118	0	84	226	0	0	214	381	0	28	131	164	5	68	112	10	0	46	72	5	0	116	278	0	0	310	486	20	31	203	61	100	0	69	103	0	74	220	0	0	174	325	0	20	80	118	0	46	100	0	0	35	60	0	0	84	226	0	0	210	381	0	28	129	164	5	41	30	5	0	6	40	0	0	68	112	10	0	46	72	5	0	116	278	0	0	304	486	20	31	183	49	97	0	61	100	0	57	220	0	0	153	310	0	10	68	103	0	36	100	0	0	35	60	0	0	74	220	0	0	170	325	0	20	78	118	0	19	30	0	0	6	40	0	0	46	100	0	0	35	60	0	0	84	226	0	0	204	381	0	28	124	164	5	36	27	5	0	8	49	0	0	41	30	5	0	6	40	0	0	68	112	10	0	46	72	5	0	113	278	0	0	298	486	20	31
278	261	64	64	72	244	36	16	49	64	64	72	44	0	60	34	169	200	288	61	227	34	16	48	36	16	49	41	0	39	32	109	80	196	32	64	64	72	14	0	21	11	11	0	0	0	44	0	60	34	169	200	288	61	210	34	16	48	34	16	48	41	0	38	32	107	80	192	32	36	16	49	14	0	12	11	10	0	0	0	41	0	39	32	109	80	196	32	64	64	72	9	0	0	0	6	0	0	0	14	0	21	11	11	0	0	0	44	0	60	34	169	200	288	61	193	33	16	48	34	16	48	41	0	38	32	107	80	192	32	34	16	48	14	0	11	11	10	0	0	0	41	0	38	32	107	80	192	32	36	16	49	6	0	0	0	6	0	0	0	14	0	12	11	10	0	0	0	41	0	39	32	109	80	196	32	64	64	72	3	0	0	0	7	12	0	0	9	0	0	0	6	0	0	0	14	0	21	11	11	0	0	0	44	0	60	34	169	200	288	61
174	163	49	19	53	152	35	18	22	49	19	53	52	9	41	34	129	38	0	88	141	33	18	21	35	18	22	49	9	12	32	98	36	0	32	49	19	53	22	0	21	11	15	0	0	0	52	9	41	34	129	38	0	88	130	32	18	21	33	18	21	49	9	11	32	96	36	0	32	35	18	22	21	0	12	11	15	0	0	0	49	9	12	32	98	36	0	32	49	19	53	8	0	8	0	6	0	0	0	22	0	21	11	15	0	0	0	52	9	41	34	129	38	0	88	119	30	18	21	32	18	21	47	9	11	32	94	36	0	32	33	18	21	21	0	11	11	15	0	0	0	49	9	11	32	96	36	0	32	35	18	22	6	0	0	0	6	0	0	0	21	0	12	11	15	0	0	0	49	9	12	32	98	36	0	32	47	19	53	6	0	16	0	10	0	0	0	8	0	8	0	6	0	0	0	22	0	21	11	15	0	0	0	52	9	41	34	126	38	0	88
172	161	49	26	29	150	27	18	9	49	26	29	36	0	37	0	141	71	29	61	139	26	18	9	27	18	9	34	0	18	0	84	63	9	32	49	26	29	12	0	7	0	10	0	0	0	36	0	37	0	141	71	29	61	128	26	18	9	26	18	9	34	0	18	0	83	63	9	32	27	18	9	12	0	0	0	9	0	0	0	34	0	18	0	84	63	9	32	49	26	29	3	0	0	0	5	0	0	0	12	0	7	0	10	0	0	0	36	0	37	0	141	71	29	61	117	26	18	9	26	18	9	34	0	18	0	83	63	9	32	26	18	9	12	0	0	0	9	0	0	0	34	0	18	0	83	63	9	32	27	18	9	3	0	0	0	5	0	0	0	12	0	0	0	9	0	0	0	34	0	18	0	84	63	9	32	48	26	29	3	0	0	0	8	0	0	0	3	0	0	0	5	0	0	0	12	0	7	0	10	0	0	0	36	0	37	0	138	71	29	61
177	165	53	49	16	153	17	27	9	53	49	16	9	18	32	0	120	174	80	23	141	16	27	9	17	27	9	7	18	18	0	52	108	45	11	52	49	16	2	0	7	0	2	0	0	0	9	18	32	0	119	174	80	23	129	16	27	9	16	27	9	7	18	18	0	51	108	45	11	16	27	9	2	0	0	0	1	0	0	0	7	18	18	0	51	108	45	11	51	49	16	6	0	0	0	1	0	0	0	2	0	7	0	2	0	0	0	9	18	32	0	116	174	80	23	117	15	27	9	16	27	9	7	18	18	0	51	108	45	11	15	27	9	2	0	0	0	1	0	0	0	7	18	18	0	50	108	45	11	15	27	9	3	0	0	0	1	0	0	0	2	0	0	0	1	0	0	0	7	18	18	0	48	108	45	11	51	49	16	0	0	0	0	2	4	0	0	6	0	0	0	1	0	0	0	2	0	7	0	2	0	0	0	9	18	32	0	116	174	80	23
201	187	72	59	35	173	44	50	0	72	59	35	67	78	34	0	186	180	0	107	159	38	48	0	44	50	0	52	72	0	0	116	151	0	37	72	59	35	33	16	21	0	28	26	0	0	67	78	34	0	186	180	0	107	145	31	48	0	38	48	0	41	72	0	0	100	144	0	35	44	50	0	24	16	0	0	23	24	0	0	52	72	0	0	116	151	0	37	72	59	35	11	0	43	0	6	8	0	0	33	16	21	0	28	26	0	0	67	78	34	0	186	180	0	107	131	29	48	0	31	48	0	39	72	0	0	90	144	0	32	38	48	0	24	16	0	0	23	24	0	0	41	72	0	0	100	144	0	35	44	50	0	9	0	0	0	6	8	0	0	24	16	0	0	23	24	0	0	52	72	0	0	116	151	0	37	70	59	35	7	0	16	0	11	0	0	0	11	0	43	0	6	8	0	0	33	16	21	0	28	26	0	0	67	78	34	0	183	180	0	107
184	172	33	21	56	160	15	11	29	33	21	56	9	0	0	27	70	43	56	117	148	15	11	29	15	11	29	9	0	0	27	50	33	29	67	32	21	56	2	0	0	0	1	0	0	0	9	0	0	27	69	43	56	117	136	15	11	29	15	11	29	9	0	0	27	50	33	29	66	14	11	29	2	0	0	0	1	0	0	0	9	0	0	27	49	33	29	67	32	21	56	6	0	0	0	1	0	0	0	2	0	0	0	1	0	0	0	9	0	0	27	69	43	56	117	124	14	11	29	15	11	29	9	0	0	27	50	33	29	66	14	11	29	2	0	0	0	1	0	0	0	9	0	0	27	49	33	29	66	14	11	29	3	0	0	0	1	0	0	0	2	0	0	0	1	0	0	0	9	0	0	27	49	33	29	67	32	21	56	0	0	0	0	0	0	0	0	6	0	0	0	1	0	0	0	2	0	0	0	1	0	0	0	9	0	0	27	69	43	56	117
254	238	40	28	106	222	19	0	79	40	28	106	12	0	58	99	82	42	212	88	206	18	0	65	19	0	79	11	0	51	60	60	0	158	58	40	28	106	2	0	10	49	4	0	0	23	12	0	58	99	82	42	212	88	190	18	0	59	18	0	65	11	0	37	58	60	0	130	57	19	0	79	2	0	10	22	1	0	0	11	11	0	51	60	60	0	158	58	40	28	106	6	0	0	11	1	0	0	31	2	0	10	49	4	0	0	23	12	0	58	99	82	42	212	88	174	17	0	59	18	0	59	11	0	31	58	60	0	118	57	18	0	65	2	0	5	22	1	0	0	11	11	0	37	58	60	0	130	57	19	0	79	3	0	0	11	1	0	0	28	2	0	10	22	1	0	0	11	11	0	51	60	60	0	158	58	40	28	106	0	0	0	0	0	0	0	0	6	0	0	11	1	0	0	31	2	0	10	49	4	0	0	23	12	0	58	99	82	42	212	88
235	220	37	50	55	205	16	0	51	37	50	55	11	0	40	0	65	70	275	16	190	16	0	51	16	0	51	11	0	40	0	48	0	255	9	37	50	55	2	0	0	0	5	0	0	0	11	0	40	0	65	70	275	16	175	16	0	51	16	0	51	11	0	40	0	48	0	255	9	16	0	51	2	0	0	0	1	0	0	0	11	0	40	0	48	0	255	9	37	50	55	6	0	0	0	1	0	0	0	2	0	0	0	5	0	0	0	11	0	40	0	65	70	275	16	160	15	0	51	16	0	51	11	0	40	0	48	0	255	9	16	0	51	2	0	0	0	1	0	0	0	11	0	40	0	48	0	255	9	16	0	51	3	0	0	0	1	0	0	0	2	0	0	0	1	0	0	0	11	0	40	0	48	0	255	9	37	50	55	0	0	0	0	0	0	0	0	6	0	0	0	1	0	0	0	2	0	0	0	5	0	0	0	11	0	40	0	65	70	275	16
280	260	90	128	65	240	48	89	37	90	128	65	61	90	38	78	194	391	195	88	220	40	87	5	48	89	37	47	90	31	0	128	327	111	58	87	128	65	27	28	60	25	31	14	0	74	61	90	38	78	188	391	195	88	200	37	81	0	40	87	5	44	84	5	0	118	318	15	57	45	89	37	24	28	53	0	23	14	0	16	47	90	31	0	122	327	111	58	84	128	65	9	75	20	0	6	14	0	31	27	28	60	25	31	14	0	74	59	90	38	78	179	391	195	88	180	30	70	0	37	81	0	38	84	0	0	108	299	0	57	37	87	5	16	28	5	0	10	14	0	14	44	84	5	0	112	318	15	57	42	89	37	7	42	16	0	6	14	0	28	24	28	53	0	23	14	0	16	45	90	31	0	113	327	111	58	84	128	65	0	0	65	0	6	0	65	0	9	75	20	0	6	14	0	31	27	28	60	25	31	14	0	74	59	90	38	78	179	391	195	88
173	161	36	45	16	149	17	20	0	36	45	16	10	10	0	0	71	60	64	88	137	17	20	0	17	20	0	10	10	0	0	55	30	0	58	34	45	16	2	0	0	0	4	0	0	0	10	10	0	0	66	60	64	88	125	17	20	0	17	20	0	10	10	0	0	55	30	0	57	15	20	0	2	0	0	0	1	0	0	0	10	10	0	0	50	30	0	58	34	45	16	6	0	0	0	1	0	0	0	2	0	0	0	4	0	0	0	10	10	0	0	66	60	64	88	113	16	20	0	17	20	0	10	10	0	0	55	30	0	57	15	20	0	2	0	0	0	1	0	0	0	10	10	0	0	50	30	0	57	15	20	0	3	0	0	0	1	0	0	0	2	0	0	0	1	0	0	0	10	10	0	0	50	30	0	58	34	45	16	0	0	0	0	0	0	0	0	6	0	0	0	1	0	0	0	2	0	0	0	4	0	0	0	10	10	0	0	66	60	64	88
254	237	31	16	138	220	17	0	79	31	16	138	9	0	80	88	54	0	138	298	203	17	0	71	17	0	79	9	0	73	75	51	0	79	196	31	16	138	7	0	0	70	16	0	0	0	9	0	80	88	54	0	138	298	186	15	0	50	17	0	71	9	0	68	42	51	0	71	150	17	0	79	2	0	0	24	2	0	0	0	9	0	73	75	51	0	79	196	31	16	138	4	0	20	49	2	0	0	42	7	0	0	70	16	0	0	0	9	0	80	88	54	0	138	298	169	15	0	43	15	0	50	9	0	28	31	45	0	50	139	17	0	71	2	0	0	22	2	0	0	0	9	0	68	42	51	0	71	150	17	0	79	4	0	8	22	2	0	0	16	2	0	0	24	2	0	0	0	9	0	73	75	51	0	79	196	31	16	138	0	0	0	26	0	0	0	31	4	0	20	49	2	0	0	42	7	0	0	70	16	0	0	0	9	0	80	88	54	0	138	298
164	153	14	10	62	142	6	0	43	14	10	62	3	0	23	30	11	0	62	71	131	6	0	43	6	0	43	3	0	23	30	11	0	43	51	14	10	62	0	0	0	0	4	0	0	0	3	0	23	30	11	0	62	71	120	6	0	43	6	0	43	3	0	23	30	11	0	43	51	6	0	43	0	0	0	0	0	0	0	0	3	0	23	30	11	0	43	51	14	10	62	0	0	0	0	0	0	0	0	0	0	0	0	4	0	0	0	3	0	23	30	11	0	62	71	109	6	0	42	6	0	43	3	0	23	30	11	0	43	51	6	0	43	0	0	0	0	0	0	0	0	3	0	23	30	11	0	43	51	6	0	43	0	0	0	0	0	0	0	0	0	0	0	0	0	0	0	0	3	0	23	30	11	0	43	51	14	10	62	0	0	0	15	0	0	0	0	0	0	0	0	0	0	0	0	0	0	0	0	4	0	0	0	3	0	23	30	11	0	62	71
142	132	18	17	38	122	12	9	10	18	17	38	9	0	0	10	37	0	38	136	112	12	9	10	12	9	10	9	0	0	10	37	0	10	88	17	17	38	2	0	0	0	5	0	0	0	9	0	0	10	33	0	38	136	102	11	9	10	12	9	10	9	0	0	10	37	0	10	56	11	9	10	2	0	0	0	1	0	0	0	9	0	0	10	33	0	10	88	17	17	38	3	0	11	0	1	0	0	0	2	0	0	0	5	0	0	0	9	0	0	10	33	0	38	136	92	11	9	10	11	9	10	9	0	0	10	34	0	10	51	11	9	10	2	0	0	0	1	0	0	0	9	0	0	10	33	0	10	56	11	9	10	3	0	0	0	1	0	0	0	2	0	0	0	1	0	0	0	9	0	0	10	33	0	10	88	17	17	38	0	0	0	0	0	0	0	0	3	0	11	0	1	0	0	0	2	0	0	0	5	0	0	0	9	0	0	10	33	0	38	136
118	110	11	12	17	102	5	0	7	11	12	17	2	0	7	0	11	0	34	55	94	4	0	7	5	0	7	2	0	7	0	11	0	14	51	11	12	17	0	0	0	0	4	6	0	0	2	0	7	0	11	0	34	55	86	4	0	7	4	0	7	2	0	7	0	8	0	14	51	5	0	7	0	0	0	0	1	0	0	0	2	0	7	0	11	0	14	51	11	12	17	0	0	0	0	1	0	0	0	0	0	0	0	4	6	0	0	2	0	7	0	11	0	34	55	78	4	0	7	4	0	7	2	0	7	0	8	0	14	51	4	0	7	0	0	0	0	0	0	0	0	2	0	7	0	8	0	14	51	5	0	7	0	0	0	0	1	0	0	0	0	0	0	0	1	0	0	0	2	0	7	0	11	0	14	51	11	12	17	0	0	0	0	0	0	0	0	0	0	0	0	1	0	0	0	0	0	0	0	4	6	0	0	2	0	7	0	11	0	34	55
189	175	40	53	50	161	22	33	8	40	53	50	11	22	45	8	72	88	100	242	147	19	33	7	22	33	8	11	22	40	7	62	88	16	167	37	53	50	7	0	0	7	15	27	0	0	11	22	45	8	63	88	100	242	133	17	33	0	19	33	7	11	22	35	0	53	88	14	121	19	33	8	2	0	0	0	4	0	0	0	11	22	40	7	53	88	16	167	37	53	50	7	0	20	0	6	0	0	19	7	0	0	7	15	27	0	0	11	22	45	8	63	88	100	242	119	17	33	0	17	33	0	11	22	0	0	47	88	0	110	16	33	7	2	0	0	0	2	0	0	0	11	22	35	0	44	88	14	121	19	33	8	7	0	8	0	6	0	0	5	2	0	0	0	4	0	0	0	11	22	40	7	53	88	16	167	37	53	50	12	0	0	0	4	0	0	0	7	0	20	0	6	0	0	19	7	0	0	7	15	27	0	0	11	22	45	8	63	88	100	242
224	208	35	0	127	192	27	0	70	35	0	127	23	0	41	83	86	0	0	305	176	15	0	67	27	0	70	12	0	41	79	67	0	0	147	35	0	127	0	0	21	28	10	0	0	0	23	0	41	83	86	0	0	305	160	15	0	66	15	0	67	12	0	41	77	33	0	0	138	27	0	70	0	0	19	27	10	0	0	0	12	0	41	79	67	0	0	147	35	0	127	4	0	0	7	9	0	0	0	0	0	21	28	10	0	0	0	23	0	41	83	86	0	0	305	144	15	0	49	15	0	66	12	0	41	58	33	0	0	110	15	0	67	0	0	18	10	3	0	0	0	12	0	41	77	33	0	0	138	27	0	70	4	0	0	0	9	0	0	0	0	0	19	27	10	0	0	0	12	0	41	79	67	0	0	147	35	0	127	21	0	0	57	9	0	0	19	4	0	0	7	9	0	0	0	0	0	21	28	10	0	0	0	23	0	41	83	86	0	0	305
188	174	67	51	47	160	43	27	45	67	51	47	45	54	87	18	177	133	94	0	146	30	0	43	43	27	45	31	0	87	16	119	72	90	0	67	51	47	15	0	54	18	25	11	141	0	45	54	87	18	177	133	94	0	132	26	0	40	30	0	43	21	0	85	14	80	0	86	0	43	27	45	6	0	52	15	18	9	135	0	31	0	87	16	119	72	90	0	67	51	47	12	0	33	23	10	11	0	0	15	0	54	18	25	11	141	0	45	54	87	18	177	133	94	0	118	24	0	20	26	0	40	21	0	81	0	67	0	80	0	30	0	43	6	0	48	0	11	0	129	0	21	0	85	14	80	0	86	0	43	27	45	8	0	33	0	9	9	0	0	6	0	52	15	18	9	135	0	31	0	87	16	119	72	90	0	66	51	47	31	0	0	31	13	22	0	46	12	0	33	23	10	11	0	0	15	0	54	18	25	11	141	0	45	54	87	18	177	133	94	0
96	89	29	6	17	82	23	6	9	29	6	17	23	0	0	18	79	18	0	17	75	12	0	8	23	6	9	11	0	0	16	63	18	0	7	29	6	17	3	0	11	8	12	6	17	0	23	0	0	18	79	18	0	17	68	11	0	7	12	0	8	10	0	0	14	30	0	0	7	23	6	9	0	0	9	7	8	6	9	0	11	0	0	16	63	18	0	7	29	6	17	4	0	0	7	7	6	0	0	3	0	11	8	12	6	17	0	23	0	0	18	79	18	0	17	61	11	0	0	11	0	7	10	0	0	0	25	0	0	7	12	0	8	0	0	8	0	3	0	8	0	10	0	0	14	30	0	0	7	23	6	9	4	0	0	0	7	6	0	0	0	0	9	7	8	6	9	0	11	0	0	16	63	18	0	7	29	6	17	21	0	0	0	9	0	0	19	4	0	0	7	7	6	0	0	3	0	11	8	12	6	17	0	23	0	0	18	79	18	0	17
161	147	65	67	20	133	42	63	9	63	67	20	44	36	0	18	163	159	0	50	119	32	45	8	40	63	9	28	36	0	16	118	153	0	8	58	67	20	31	0	11	8	38	12	60	0	42	36	0	18	143	159	0	50	105	28	42	7	30	45	8	24	36	0	14	86	99	0	7	35	63	9	16	0	9	7	17	12	27	0	26	36	0	16	98	153	0	8	57	67	20	21	18	0	7	5	24	0	0	31	0	11	8	38	12	60	0	42	36	0	18	140	159	0	50	91	24	30	0	26	42	7	18	24	0	0	70	84	0	0	25	45	8	14	0	8	0	13	0	24	0	22	36	0	14	66	99	0	7	34	63	9	9	18	0	0	5	24	0	0	16	0	9	7	17	12	27	0	26	36	0	16	95	153	0	8	57	67	20	29	72	0	0	9	24	0	19	21	18	0	7	5	24	0	0	31	0	11	8	38	12	60	0	42	36	0	18	140	159	0	50
157	143	65	74	11	129	43	60	9	63	74	11	35	69	0	18	175	153	11	0	115	31	45	8	41	60	9	22	54	0	16	121	121	9	0	56	74	11	11	0	11	8	34	42	33	0	33	69	0	18	154	153	11	0	101	30	45	7	29	45	8	21	54	0	14	87	81	8	0	34	60	9	8	0	9	7	15	32	27	0	20	54	0	16	100	121	9	0	55	74	11	21	0	0	7	9	6	0	0	11	0	11	8	34	42	33	0	29	69	0	18	151	153	11	0	87	27	36	0	28	45	7	21	54	0	0	82	81	7	0	22	45	8	6	0	8	0	6	27	24	0	19	54	0	14	66	81	8	0	33	60	9	16	0	0	0	8	5	0	0	8	0	9	7	15	32	27	0	16	54	0	16	97	121	9	0	54	74	11	26	54	0	0	11	24	0	19	21	0	0	7	9	6	0	0	11	0	11	8	34	42	33	0	29	69	0	18	151	153	11	0
200	183	69	75	66	166	32	42	46	69	75	66	43	0	90	53	177	256	198	58	149	26	42	46	32	42	46	24	0	43	53	80	168	138	54	69	75	66	9	0	36	0	26	39	0	0	43	0	90	53	177	256	198	58	132	25	42	45	26	42	46	23	0	43	52	63	168	138	51	32	42	46	6	0	33	0	13	28	0	0	24	0	43	53	80	168	138	54	69	75	66	8	0	0	10	5	11	0	0	9	0	36	0	26	39	0	0	43	0	90	53	177	256	198	58	115	23	42	43	25	42	45	23	0	40	50	58	168	135	47	26	42	46	6	0	33	0	10	28	0	0	23	0	43	52	63	168	138	51	32	42	46	4	0	0	8	0	0	0	0	6	0	33	0	13	28	0	0	24	0	43	53	80	168	138	54	68	75	66	19	0	0	16	11	22	0	0	8	0	0	10	5	11	0	0	9	0	36	0	26	39	0	0	43	0	90	53	177	256	198	58
173	159	45	35	66	145	25	13	51	45	35	66	26	0	75	53	124	55	132	47	131	22	13	51	25	13	51	17	0	43	53	69	0	102	45	45	35	66	6	0	36	0	17	0	0	0	26	0	75	53	124	55	132	47	117	22	13	50	22	13	51	17	0	43	52	61	0	102	43	25	13	51	6	0	33	0	11	0	0	0	17	0	43	53	69	0	102	45	45	35	66	8	0	0	10	5	0	0	0	6	0	36	0	17	0	0	0	26	0	75	53	124	55	132	47	103	20	13	48	22	13	50	17	0	40	50	61	0	100	40	22	13	51	6	0	33	0	9	0	0	0	17	0	43	52	61	0	102	43	25	13	51	4	0	0	8	0	0	0	0	6	0	33	0	11	0	0	0	17	0	43	53	69	0	102	45	44	35	66	10	0	0	16	8	22	0	0	8	0	0	10	5	0	0	0	6	0	36	0	17	0	0	0	26	0	75	53	124	55	132	47
161	148	29	23	52	135	17	12	49	29	23	52	13	0	0	22	79	33	52	0	122	17	12	49	17	12	49	13	0	0	22	47	0	49	0	29	23	52	4	0	0	0	8	0	0	0	13	0	0	22	79	33	52	0	109	17	12	49	17	12	49	13	0	0	22	47	0	49	0	17	12	49	4	0	0	0	7	0	0	0	13	0	0	22	47	0	49	0	29	23	52	2	0	0	0	2	0	0	0	4	0	0	0	8	0	0	0	13	0	0	22	79	33	52	0	96	17	12	49	17	12	49	13	0	0	22	47	0	49	0	17	12	49	4	0	0	0	7	0	0	0	13	0	0	22	47	0	49	0	17	12	49	2	0	0	0	0	0	0	0	4	0	0	0	7	0	0	0	13	0	0	22	47	0	49	0	28	23	52	6	0	0	0	6	0	0	0	2	0	0	0	2	0	0	0	4	0	0	0	8	0	0	0	13	0	0	22	79	33	52	0
96	87	33	25	5	78	16	18	5	33	25	5	16	12	0	0	86	45	5	0	69	15	18	5	16	18	5	11	12	0	0	44	30	5	0	33	25	5	4	0	0	0	8	6	0	0	16	12	0	0	86	45	5	0	60	15	18	5	15	18	5	11	12	0	0	42	30	5	0	16	18	5	4	0	0	0	6	6	0	0	11	12	0	0	44	30	5	0	33	25	5	2	0	0	0	2	0	0	0	4	0	0	0	8	6	0	0	16	12	0	0	86	45	5	0	51	15	18	5	15	18	5	11	12	0	0	42	30	5	0	15	18	5	4	0	0	0	6	6	0	0	11	12	0	0	42	30	5	0	16	18	5	2	0	0	0	0	0	0	0	4	0	0	0	6	6	0	0	11	12	0	0	44	30	5	0	32	25	5	6	0	0	0	6	0	0	0	2	0	0	0	2	0	0	0	4	0	0	0	8	6	0	0	16	12	0	0	86	45	5	0
114	103	63	44	0	92	32	28	0	63	44	0	38	28	0	0	161	146	0	0	81	30	28	0	32	28	0	29	28	0	0	87	98	0	0	63	44	0	31	0	0	0	27	16	0	0	38	28	0	0	161	146	0	0	70	29	28	0	30	28	0	29	28	0	0	85	98	0	0	32	28	0	26	0	0	0	16	14	0	0	29	28	0	0	87	98	0	0	63	44	0	10	0	0	0	2	4	0	0	31	0	0	0	27	16	0	0	38	28	0	0	161	146	0	0	59	27	28	0	29	28	0	29	28	0	0	80	98	0	0	30	28	0	26	0	0	0	16	14	0	0	29	28	0	0	85	98	0	0	32	28	0	6	0	0	0	1	0	0	0	26	0	0	0	16	14	0	0	29	28	0	0	87	98	0	0	61	44	0	34	0	0	0	5	8	0	0	10	0	0	0	2	4	0	0	31	0	0	0	27	16	0	0	38	28	0	0	161	146	0	0
232	212	113	82	116	192	71	33	98	113	82	116	103	63	106	71	309	305	348	66	172	60	15	64	71	33	98	73	15	100	42	210	165	294	46	112	82	116	65	45	64	86	49	60	116	95	103	63	106	71	305	305	348	66	152	50	0	59	60	15	64	62	0	97	42	168	75	192	46	70	33	98	44	0	64	76	30	0	98	72	73	15	100	42	206	165	294	46	110	82	116	24	0	74	51	3	0	116	0	65	45	64	86	49	60	116	95	103	63	106	71	299	305	348	66	132	39	0	45	50	0	59	52	0	97	40	127	0	177	45	59	15	64	42	0	64	70	30	0	64	67	62	0	97	42	164	75	192	46	68	33	98	12	0	74	16	3	0	98	0	44	0	64	76	30	0	98	72	73	15	100	42	200	165	294	46	106	82	116	58	0	42	27	3	0	0	65	24	0	74	51	3	0	116	0	65	45	64	86	49	60	116	95	100	63	106	71	296	305	348	66
212	191	95	139	73	170	56	96	26	95	139	73	69	113	42	47	231	328	219	189	149	52	92	11	56	96	26	53	107	36	22	147	244	78	151	95	139	73	56	64	0	11	49	32	0	58	69	113	42	47	231	328	219	189	128	47	90	11	52	92	11	49	105	33	22	135	240	33	151	56	96	26	36	60	0	11	29	30	0	54	53	107	36	22	147	244	78	151	94	139	73	22	30	0	0	2	0	0	0	56	64	0	11	49	32	0	58	69	113	42	47	228	328	219	189	108	40	84	10	47	90	11	43	105	33	20	114	240	33	149	52	92	11	34	60	0	10	29	30	0	51	49	105	33	22	135	240	33	151	55	96	26	10	30	0	0	2	0	0	0	36	60	0	11	29	30	0	54	53	107	36	22	144	244	78	151	88	119	73	44	72	18	10	3	0	0	0	22	30	0	0	2	0	0	0	56	64	0	11	49	32	0	58	69	113	42	47	228	328	219	189
201	182	100	102	73	163	58	74	42	100	102	73	80	56	82	47	271	290	146	132	144	50	72	21	58	74	42	53	56	76	22	174	204	84	97	98	102	73	62	32	20	11	56	58	0	78	80	56	82	47	263	290	146	132	125	43	66	21	50	72	21	47	56	73	22	145	200	42	97	56	74	42	38	28	20	11	27	32	0	63	53	56	76	22	166	204	84	97	96	102	73	18	76	16	0	2	0	0	0	62	32	20	11	56	58	0	78	80	56	82	47	257	290	146	132	106	34	38	19	43	66	21	37	48	73	20	114	186	42	95	48	72	21	36	28	20	10	26	30	0	59	47	56	73	22	137	200	42	97	54	74	42	10	28	16	0	2	0	0	0	38	28	20	11	27	32	0	63	53	56	76	22	160	204	84	97	93	102	73	46	48	42	19	5	0	146	0	18	76	16	0	2	0	0	0	62	32	20	11	56	58	0	78	78	56	82	47	253	290	146	132
196	175	133	183	16	154	76	142	16	133	183	16	104	176	40	0	329	465	64	0	133	61	110	10	76	142	16	67	122	40	0	211	355	64	0	116	183	16	46	258	20	0	51	153	16	20	104	176	40	0	287	465	64	0	113	56	78	10	61	110	10	62	76	40	0	166	256	40	0	62	142	16	32	164	20	0	27	120	16	9	67	122	40	0	174	355	64	0	108	163	16	21	124	16	0	4	18	48	0	46	258	20	0	51	153	16	20	92	176	40	0	262	405	64	0	93	49	50	9	56	78	10	58	24	40	0	144	160	40	0	47	110	10	30	112	20	0	19	98	10	8	62	76	40	0	129	256	40	0	54	122	16	16	56	16	0	4	18	48	0	32	164	20	0	27	120	16	9	55	122	40	0	149	295	64	0	98	163	16	48	146	24	9	4	16	32	0	21	124	16	0	4	18	48	0	44	258	20	0	51	153	16	20	83	176	40	0	251	405	64	0
184	163	126	177	4	142	64	136	0	126	177	4	100	208	0	0	300	575	20	0	121	49	111	0	64	136	0	57	176	0	0	167	457	0	0	120	177	4	43	241	0	0	43	147	0	0	100	208	0	0	285	575	20	0	100	44	104	0	49	111	0	51	168	0	0	122	375	0	0	58	136	0	26	216	0	0	24	115	0	0	57	176	0	0	152	457	0	0	113	177	4	31	20	0	0	4	17	4	0	43	241	0	0	43	147	0	0	94	208	0	0	263	575	20	0	79	39	80	0	44	104	0	45	160	0	0	104	341	0	0	43	111	0	22	180	0	0	20	95	0	0	51	168	0	0	107	375	0	0	51	136	0	18	20	0	0	3	15	0	0	26	216	0	0	24	115	0	0	51	176	0	0	130	457	0	0	94	177	4	38	140	0	0	1	11	0	0	31	20	0	0	4	17	4	0	41	241	0	0	43	147	0	0	80	208	0	0	244	575	20	0
157	142	77	38	89	127	56	14	32	77	38	89	77	0	65	80	201	64	178	282	112	46	14	30	56	14	32	59	0	36	74	151	28	64	182	77	38	89	44	0	51	24	27	0	0	0	77	0	65	80	201	64	178	282	97	42	14	29	46	14	30	53	0	36	71	111	28	60	106	56	14	32	42	0	10	22	27	0	0	0	59	0	36	74	151	28	64	182	75	38	89	12	0	36	11	3	0	0	0	44	0	51	24	27	0	0	0	77	0	65	80	195	64	178	282	82	32	14	29	42	14	29	45	0	36	71	101	28	58	101	46	14	30	32	0	10	22	26	0	0	0	53	0	36	71	111	28	60	106	54	14	32	10	0	0	11	3	0	0	0	42	0	10	22	27	0	0	0	59	0	36	74	145	28	64	182	63	38	89	20	0	80	0	2	0	0	0	12	0	36	11	3	0	0	0	44	0	51	24	27	0	0	0	74	0	65	80	186	64	178	282
179	162	89	74	77	145	57	22	32	89	74	77	68	88	65	80	224	226	308	209	128	49	0	30	57	22	32	58	0	36	74	151	77	128	156	86	74	77	41	0	51	24	26	0	154	0	68	88	65	80	218	226	308	209	111	45	0	29	49	0	30	52	0	36	71	118	0	120	95	54	22	32	39	0	10	22	25	0	64	0	58	0	36	74	145	77	128	156	80	74	77	10	0	36	11	3	0	0	0	41	0	51	24	26	0	154	0	64	88	65	80	200	226	308	209	94	37	0	29	45	0	29	44	0	36	71	108	0	116	90	46	0	30	29	0	10	22	24	0	60	0	52	0	36	71	112	0	120	95	48	22	32	8	0	0	11	3	0	0	0	39	0	10	22	25	0	64	0	54	0	36	74	127	77	128	156	70	74	77	20	0	56	0	2	0	0	0	10	0	36	11	3	0	0	0	40	0	51	24	26	0	154	0	59	88	65	80	188	226	308	209
139	125	59	45	65	111	39	24	41	59	45	65	58	12	53	80	149	54	130	77	97	33	24	39	39	24	41	44	12	45	74	107	24	82	26	59	45	65	28	0	18	24	17	0	0	0	58	12	53	80	149	54	130	77	83	33	24	38	33	24	39	44	12	45	71	83	24	78	11	39	24	41	28	0	10	22	17	0	0	0	44	12	45	74	107	24	82	26	58	45	65	4	0	0	11	2	0	0	0	28	0	18	24	17	0	0	0	58	12	53	80	146	54	130	77	70	27	24	38	33	24	38	44	12	45	71	83	24	76	11	33	24	39	24	0	10	22	17	0	0	0	44	12	45	71	83	24	78	11	38	24	41	4	0	0	11	2	0	0	0	28	0	10	22	17	0	0	0	44	12	45	74	104	24	82	26	47	32	65	12	0	44	0	1	0	0	0	4	0	0	11	2	0	0	0	28	0	18	24	17	0	0	0	55	12	53	80	137	54	130	77
161	141	86	151	39	121	45	116	10	86	151	39	62	224	47	30	204	331	78	136	101	33	96	10	45	116	10	37	180	20	30	125	272	20	114	80	151	39	36	48	51	0	19	48	78	0	62	224	47	30	192	331	78	136	82	30	96	10	33	96	10	29	180	20	30	79	204	20	74	42	116	10	32	48	10	0	19	48	20	0	37	180	20	30	118	272	20	114	70	132	39	8	0	12	0	2	12	0	0	36	48	51	0	19	48	78	0	58	224	47	30	163	274	78	136	66	24	88	10	30	96	10	25	180	20	30	72	204	20	69	30	96	10	22	48	10	0	18	48	20	0	29	180	20	30	72	204	20	74	35	100	10	6	0	0	0	2	12	0	0	32	48	10	0	19	48	20	0	33	180	20	30	96	224	20	114	53	84	39	12	80	32	0	2	0	0	0	8	0	12	0	2	12	0	0	34	48	51	0	19	48	78	0	47	176	47	30	141	226	78	136
120	106	70	65	23	92	47	45	0	70	65	23	71	54	6	0	169	102	46	93	78	37	45	0	47	45	0	49	54	0	0	126	81	0	42	70	65	23	42	0	23	0	23	18	0	0	71	54	6	0	169	102	46	93	64	35	45	0	37	45	0	43	54	0	0	90	81	0	21	47	45	0	40	0	0	0	23	18	0	0	49	54	0	0	126	81	0	42	66	65	23	10	0	12	0	3	0	0	0	42	0	23	0	23	18	0	0	71	54	6	0	157	102	46	93	52	27	45	0	35	45	0	39	54	0	0	85	81	0	21	37	45	0	30	0	0	0	22	18	0	0	43	54	0	0	90	81	0	21	43	45	0	8	0	0	0	3	0	0	0	40	0	0	0	23	18	0	0	49	54	0	0	114	81	0	42	49	41	23	20	0	56	0	2	0	0	0	10	0	12	0	3	0	0	0	42	0	23	0	23	18	0	0	61	54	6	0	136	102	46	93
162	145	53	44	111	128	28	16	55	53	44	111	29	0	55	88	122	104	222	293	111	28	16	51	28	16	55	29	0	13	73	57	48	110	115	50	44	111	5	0	0	38	7	0	0	0	29	0	55	88	119	104	222	293	94	28	16	51	28	16	51	29	0	10	73	57	48	102	109	25	16	55	5	0	0	38	6	0	0	0	29	0	13	73	54	48	110	115	40	44	111	0	0	0	0	1	0	0	0	5	0	0	38	7	0	0	0	24	0	55	88	91	104	222	293	78	28	16	51	28	16	51	29	0	10	73	57	48	102	106	25	16	51	5	0	0	38	6	0	0	0	29	0	10	73	54	48	102	109	18	16	55	0	0	0	0	1	0	0	0	5	0	0	38	6	0	0	0	24	0	13	73	33	48	110	115	31	28	111	8	0	0	0	0	0	0	0	0	0	0	0	1	0	0	0	4	0	0	38	7	0	0	0	19	0	55	88	82	56	222	293
175	157	62	65	132	139	26	0	107	62	65	132	25	0	141	148	137	208	660	77	121	23	0	81	26	0	107	15	0	100	64	61	0	535	32	53	65	132	13	0	20	52	10	13	0	132	25	0	141	148	118	208	660	77	103	21	0	81	23	0	81	11	0	61	64	55	0	405	30	17	0	107	7	0	12	52	9	0	0	114	15	0	100	64	42	0	535	32	45	65	132	4	0	20	0	1	0	0	0	13	0	20	52	10	13	0	132	16	0	141	148	94	208	660	77	85	21	0	81	21	0	81	11	0	61	64	53	0	405	29	14	0	81	7	0	0	52	7	0	0	74	11	0	61	64	36	0	405	30	9	0	107	4	0	12	0	1	0	0	0	7	0	12	52	9	0	0	114	6	0	100	64	18	0	535	32	43	65	132	9	0	0	0	2	0	0	0	4	0	20	0	1	0	0	0	12	0	20	52	10	13	0	132	14	0	141	148	88	208	660	77
89	79	41	29	24	69	12	9	24	41	29	24	7	0	54	0	85	87	96	0	59	12	9	23	12	9	24	7	0	54	0	29	27	96	0	33	29	24	1	0	0	14	1	0	0	0	7	0	54	0	70	87	96	0	50	12	9	23	12	9	23	7	0	51	0	29	27	92	0	7	9	24	1	0	0	14	0	0	0	0	7	0	54	0	21	27	96	0	28	20	24	0	0	0	0	0	0	0	0	1	0	0	14	1	0	0	0	2	0	54	0	55	60	96	0	41	12	9	23	12	9	23	7	0	51	0	29	27	92	0	7	9	23	1	0	0	14	0	0	0	0	7	0	51	0	21	27	92	0	2	0	24	0	0	0	0	0	0	0	0	1	0	0	14	0	0	0	0	2	0	54	0	6	0	96	0	26	20	24	0	0	0	0	0	0	0	0	0	0	0	0	0	0	0	0	0	0	0	14	1	0	0	0	0	0	54	0	49	60	96	0
87	77	38	23	48	67	24	16	0	38	23	48	28	0	38	0	84	38	48	293	57	24	16	0	24	16	0	28	0	0	0	50	24	0	115	36	23	48	5	0	0	0	6	0	0	0	28	0	38	0	82	38	48	293	47	24	16	0	24	16	0	28	0	0	0	50	24	0	109	22	16	0	5	0	0	0	6	0	0	0	28	0	0	0	48	24	0	115	28	23	48	0	0	0	0	1	0	0	0	5	0	0	0	6	0	0	0	24	0	38	0	60	38	48	293	39	24	16	0	24	16	0	28	0	0	0	50	24	0	106	22	16	0	5	0	0	0	6	0	0	0	28	0	0	0	48	24	0	109	17	16	0	0	0	0	0	1	0	0	0	5	0	0	0	6	0	0	0	24	0	0	0	33	24	0	115	20	7	48	8	0	0	0	0	0	0	0	0	0	0	0	1	0	0	0	4	0	0	0	6	0	0	0	19	0	38	0	51	14	48	293
89	77	41	52	11	65	10	33	0	40	52	11	3	34	22	0	84	124	33	77	54	10	32	0	10	33	0	3	32	0	0	21	81	0	32	31	41	11	0	8	0	0	1	0	0	0	3	34	22	0	69	113	33	77	45	10	32	0	10	32	0	3	32	0	0	21	80	0	30	7	24	0	0	8	0	0	0	0	0	0	3	32	0	0	18	72	0	32	24	23	11	0	0	0	0	0	0	0	0	0	8	0	0	1	0	0	0	0	16	22	0	50	59	33	77	37	10	32	0	10	32	0	3	32	0	0	21	80	0	29	7	24	0	0	8	0	0	0	0	0	0	3	32	0	0	18	72	0	30	3	8	0	0	0	0	0	0	0	0	0	0	8	0	0	0	0	0	0	0	16	0	0	6	24	0	32	21	15	11	0	0	0	0	0	0	0	0	0	0	0	0	0	0	0	0	0	0	0	0	1	0	0	0	0	0	22	0	44	35	33	77
186	164	70	101	156	142	42	21	126	64	101	156	48	0	69	152	129	180	780	156	121	35	21	91	40	21	126	40	0	67	77	105	84	630	131	53	80	156	26	0	62	146	33	0	0	116	46	0	69	152	99	96	780	156	100	33	21	57	33	21	91	32	0	59	48	89	84	455	104	29	0	126	26	0	60	40	22	0	0	42	38	0	67	77	75	0	630	131	46	80	156	4	0	20	78	3	0	0	136	26	0	62	146	33	0	0	116	39	0	69	152	78	96	780	156	79	23	21	57	31	21	57	24	0	35	48	80	84	285	104	22	0	91	6	0	32	40	12	0	0	40	30	0	59	48	59	0	455	104	22	0	126	0	0	20	78	3	0	0	114	26	0	60	40	22	0	0	42	31	0	67	77	54	0	630	131	43	80	156	3	0	102	0	6	0	0	0	4	0	20	78	3	0	0	136	26	0	62	146	33	0	0	116	36	0	69	152	75	96	780	156
134	118	38	51	83	102	21	15	56	35	51	83	17	0	21	48	63	27	249	167	87	20	15	56	19	15	56	13	0	21	48	51	15	168	131	25	36	83	1	0	0	0	4	0	0	0	15	0	21	48	37	12	249	167	72	20	15	55	18	15	56	13	0	21	46	50	15	168	104	9	0	56	1	0	0	0	2	0	0	0	11	0	21	48	25	0	168	131	18	36	83	0	0	0	14	0	0	0	0	1	0	0	0	4	0	0	0	6	0	21	48	16	12	249	167	57	20	15	55	18	15	55	13	0	21	46	50	15	165	104	8	0	56	1	0	0	0	0	0	0	0	11	0	21	46	24	0	168	104	2	0	56	0	0	0	14	0	0	0	0	1	0	0	0	2	0	0	0	2	0	21	48	4	0	168	131	17	36	83	1	0	0	0	2	0	0	0	0	0	0	14	0	0	0	0	0	0	0	0	4	0	0	0	4	0	21	48	13	12	249	167
141	123	57	73	97	105	32	45	44	56	73	97	32	30	22	100	102	133	194	326	88	29	45	21	32	45	44	24	30	20	36	73	105	88	186	41	56	97	11	0	22	24	17	0	0	116	32	30	22	100	68	116	194	326	73	29	45	14	29	45	21	24	30	12	28	70	105	42	155	23	30	44	11	0	20	0	13	0	0	42	24	30	20	36	51	90	88	186	34	26	97	4	0	0	14	2	0	0	16	11	0	22	24	17	0	0	116	25	0	22	100	47	26	194	326	58	23	45	14	29	45	14	24	30	0	28	70	105	28	155	20	30	21	7	0	12	0	7	0	0	40	24	30	12	28	48	90	42	155	16	0	44	0	0	0	14	2	0	0	16	11	0	20	0	13	0	0	42	17	0	20	36	30	0	88	186	27	26	97	3	0	62	0	3	0	0	0	4	0	0	14	2	0	0	16	10	0	22	24	17	0	0	116	20	0	22	100	35	26	194	326
104	88	56	93	24	72	24	61	10	43	93	24	15	68	22	10	80	193	96	132	60	20	55	6	22	61	10	9	44	20	6	53	160	40	107	29	45	24	8	0	22	24	16	20	24	0	13	68	22	10	47	61	96	132	49	20	55	0	18	55	6	9	44	12	0	47	154	24	81	11	17	10	8	0	20	0	10	12	10	0	7	44	20	6	25	39	40	107	24	34	24	13	0	0	0	2	0	0	16	8	0	22	24	16	20	24	0	6	24	22	10	32	28	96	132	38	17	54	0	18	55	0	9	44	0	0	47	154	0	81	7	11	6	2	0	12	0	3	0	6	0	7	44	12	0	19	33	24	81	6	6	10	8	0	0	0	2	0	0	16	8	0	20	0	10	12	10	0	0	0	20	6	10	6	40	107	24	34	24	6	10	22	0	3	10	0	0	13	0	0	0	2	0	0	16	8	0	22	24	16	20	24	0	6	24	22	10	32	28	96	132
93	81	36	37	37	69	18	20	0	35	37	37	14	10	0	0	66	41	74	278	58	17	20	0	18	20	0	10	10	0	0	47	40	0	186	23	26	37	1	0	0	0	2	0	0	0	14	10	0	0	37	30	74	278	48	17	20	0	17	20	0	10	10	0	0	46	40	0	155	9	10	0	1	0	0	0	2	0	0	0	10	10	0	0	25	30	0	186	17	16	37	0	0	0	0	0	0	0	0	1	0	0	0	2	0	0	0	6	0	0	0	19	0	74	278	38	17	20	0	17	20	0	10	10	0	0	46	40	0	155	8	10	0	1	0	0	0	0	0	0	0	10	10	0	0	24	30	0	155	3	0	0	0	0	0	0	0	0	0	0	1	0	0	0	2	0	0	0	2	0	0	0	7	0	0	186	15	16	37	1	0	0	0	1	0	0	0	0	0	0	0	0	0	0	0	0	0	0	0	2	0	0	0	4	0	0	0	13	0	74	278
90	78	21	11	85	66	13	11	39	15	11	85	7	0	6	41	35	44	0	300	55	13	11	39	11	11	39	7	0	0	41	31	44	0	192	6	0	85	0	0	0	0	8	0	0	0	5	0	6	41	10	0	0	300	44	13	11	39	11	11	39	7	0	0	41	31	44	0	153	2	0	39	0	0	0	0	0	0	0	0	5	0	0	41	6	0	0	192	4	0	85	0	0	0	0	0	0	0	0	0	0	0	0	8	0	0	0	0	0	6	41	4	0	0	300	33	13	11	36	11	11	39	7	0	0	38	31	44	0	112	2	0	39	0	0	0	0	0	0	0	0	5	0	0	41	6	0	0	153	0	0	39	0	0	0	0	0	0	0	0	0	0	0	0	0	0	0	0	0	0	0	41	0	0	0	192	4	0	85	1	0	0	18	3	0	0	0	0	0	0	0	0	0	0	0	0	0	0	0	8	0	0	0	0	0	6	41	4	0	0	300
83	70	30	41	53	59	17	30	18	26	19	53	10	20	24	9	62	49	53	263	49	15	30	18	17	10	18	8	20	18	9	47	40	18	192	13	9	53	2	0	0	0	17	18	0	0	10	0	24	9	25	9	53	263	39	15	30	18	15	10	18	8	20	18	9	43	40	18	153	4	0	18	2	0	0	0	3	0	0	0	8	0	18	9	10	0	18	192	11	9	53	9	0	0	0	1	0	0	0	2	0	0	0	17	18	0	0	2	0	24	9	19	9	53	263	29	14	30	12	15	10	18	8	20	18	6	43	40	18	112	2	0	18	0	0	0	0	0	0	0	0	8	0	18	9	6	0	18	153	2	0	18	8	0	0	0	1	0	0	0	2	0	0	0	3	0	0	0	0	0	18	9	4	0	18	192	11	9	53	5	0	0	36	4	9	0	0	9	0	0	0	1	0	0	0	2	0	0	0	17	18	0	0	2	0	24	9	19	9	53	263
104	90	45	35	82	76	28	13	43	39	35	82	16	0	80	42	96	74	164	277	63	24	13	42	26	13	43	12	0	68	39	68	52	86	180	25	22	82	10	0	0	10	27	44	0	0	14	0	80	42	57	22	164	277	50	21	13	36	22	13	42	12	0	66	27	60	52	84	118	12	0	43	4	0	0	6	10	0	0	0	10	0	68	39	29	0	86	180	20	22	82	11	0	42	48	3	0	0	0	10	0	0	10	27	44	0	0	4	0	80	42	42	22	164	277	37	20	13	12	19	13	36	12	0	54	6	54	52	72	71	8	0	42	2	0	0	0	4	0	0	0	10	0	66	27	21	0	84	118	7	0	43	10	0	36	0	3	0	0	0	4	0	0	6	10	0	0	0	0	0	68	39	14	0	86	180	20	22	82	8	0	0	36	5	11	0	89	11	0	42	48	3	0	0	0	10	0	0	10	27	44	0	0	4	0	80	42	42	22	164	277
79	68	37	31	63	57	20	10	43	31	31	63	12	0	74	42	79	68	189	156	47	15	10	42	18	10	43	6	0	68	39	45	40	129	126	23	21	63	10	0	0	10	26	35	0	0	10	0	74	42	56	28	189	156	37	12	10	36	13	10	42	6	0	66	27	35	40	126	91	10	0	43	4	0	0	6	11	0	0	0	4	0	68	39	22	0	129	126	21	21	63	11	0	42	48	3	0	0	0	10	0	0	10	26	35	0	0	6	0	74	42	50	28	189	156	27	11	10	12	10	10	36	6	0	54	6	29	40	108	57	5	0	42	2	0	0	0	4	0	0	0	4	0	66	27	12	0	126	91	8	0	43	10	0	36	0	3	0	0	0	4	0	0	6	11	0	0	0	0	0	68	39	16	0	129	126	21	21	63	7	0	0	36	4	7	0	89	11	0	42	48	3	0	0	0	10	0	0	10	26	35	0	0	6	0	74	42	50	28	189	156
64	56	21	0	55	48	17	0	0	19	0	55	9	0	6	0	46	0	0	397	40	17	0	0	15	0	0	9	0	0	0	42	0	0	236	8	0	55	0	0	0	0	8	0	0	0	7	0	6	0	16	0	0	397	32	17	0	0	15	0	0	9	0	0	0	42	0	0	174	4	0	0	0	0	0	0	0	0	0	0	7	0	0	0	12	0	0	236	4	0	55	0	0	0	0	0	0	0	0	0	0	0	0	8	0	0	0	0	0	6	0	4	0	0	397	24	17	0	0	15	0	0	9	0	0	0	42	0	0	126	4	0	0	0	0	0	0	0	0	0	0	7	0	0	0	12	0	0	174	0	0	0	0	0	0	0	0	0	0	0	0	0	0	0	0	0	0	0	0	0	0	0	0	0	0	236	4	0	55	1	0	0	0	3	0	0	0	0	0	0	0	0	0	0	0	0	0	0	0	8	0	0	0	0	0	6	0	4	0	0	397
90	73	51	93	76	56	25	78	40	40	93	76	26	66	22	79	113	238	76	198	43	13	58	30	23	78	40	8	48	22	49	64	180	40	104	28	41	76	4	20	76	43	17	30	152	24	24	66	22	79	81	121	76	198	31	12	49	29	11	58	30	6	40	20	47	33	138	30	102	14	30	40	2	18	72	40	11	27	80	10	6	48	22	49	37	72	40	104	23	29	76	2	89	0	10	4	10	0	0	4	20	76	43	17	30	152	24	18	18	22	79	65	85	76	198	19	10	36	20	10	49	29	6	36	20	39	31	117	29	90	2	10	30	0	0	62	23	0	0	60	6	4	40	20	47	6	30	30	102	9	18	40	2	72	0	6	3	9	0	0	2	18	72	40	11	27	80	10	0	0	22	49	21	36	40	104	19	29	76	1	36	26	49	0	0	76	0	2	89	0	10	4	10	0	0	2	20	76	43	17	30	152	24	12	18	22	79	57	85	76	198
80	68	44	29	60	56	19	9	48	44	29	60	27	18	22	55	111	103	120	63	44	7	0	47	19	9	48	4	0	22	55	44	18	96	43	38	29	60	2	0	60	10	20	20	60	0	27	18	22	55	96	103	120	63	32	7	0	47	7	0	47	4	0	20	55	18	0	94	42	13	9	48	2	0	58	10	11	9	48	0	4	0	22	55	29	18	96	43	36	29	60	11	0	0	0	4	0	0	0	2	0	60	10	20	20	60	0	23	18	22	55	90	103	120	63	20	6	0	40	7	0	47	4	0	20	51	18	0	94	36	1	0	47	0	0	54	5	0	0	47	0	4	0	20	55	3	0	94	42	11	9	48	10	0	0	0	3	0	0	0	2	0	58	10	11	9	48	0	0	0	22	55	23	18	96	43	33	29	60	5	0	0	49	0	0	0	0	11	0	0	0	4	0	0	0	2	0	60	10	20	20	60	0	21	18	22	55	86	103	120	63
86	73	37	40	63	60	13	0	61	37	40	63	24	0	66	28	92	80	315	0	47	2	0	60	13	0	61	1	0	66	28	25	0	305	0	36	40	63	2	0	75	10	20	8	0	0	24	0	66	28	90	80	315	0	34	1	0	60	2	0	60	0	0	64	28	2	0	300	0	12	0	61	0	0	73	10	9	0	0	0	1	0	66	28	23	0	305	0	36	40	63	2	0	15	0	3	0	0	0	2	0	75	10	20	8	0	0	24	0	66	28	90	80	315	0	21	1	0	50	1	0	60	0	0	64	24	2	0	300	0	1	0	60	0	0	69	5	0	0	0	0	0	0	64	28	0	0	300	0	12	0	61	2	0	15	0	2	0	0	0	0	0	73	10	9	0	0	0	1	0	66	28	23	0	305	0	34	40	63	1	0	0	85	0	0	0	0	2	0	15	0	3	0	0	0	2	0	75	10	20	8	0	0	24	0	66	28	90	80	315	0
84	71	35	47	53	58	8	7	53	35	47	53	17	35	78	0	77	94	265	0	45	1	0	52	8	7	53	1	0	78	0	15	14	265	0	35	47	53	2	0	59	10	16	7	53	0	17	35	78	0	77	94	265	0	32	0	0	52	1	0	52	0	0	76	0	0	0	260	0	8	7	53	0	0	59	10	5	0	53	0	1	0	78	0	15	14	265	0	35	47	53	0	0	15	0	2	0	0	0	2	0	59	10	16	7	53	0	17	35	78	0	77	94	265	0	19	0	0	44	0	0	52	0	0	76	0	0	0	260	0	1	0	52	0	0	55	5	0	0	52	0	0	0	76	0	0	0	260	0	8	7	53	0	0	15	0	1	0	0	0	0	0	59	10	5	0	53	0	1	0	78	0	15	14	265	0	31	47	53	0	0	0	61	0	0	0	0	0	0	15	0	2	0	0	0	2	0	59	10	16	7	53	0	17	35	78	0	77	94	265	0
60	50	36	29	34	40	17	21	14	34	29	34	16	12	0	28	90	76	34	145	31	9	9	11	17	21	14	6	0	0	22	45	42	14	86	27	20	34	6	0	32	33	13	21	68	0	16	12	0	28	71	58	34	145	22	8	7	10	9	9	11	4	0	0	20	25	18	11	84	10	12	14	4	0	28	30	7	18	28	0	6	0	0	22	26	24	14	86	22	20	34	9	14	0	10	3	7	0	0	6	0	32	33	13	21	68	0	10	12	0	28	55	58	34	145	13	6	6	6	8	7	10	4	0	0	12	23	14	10	72	2	0	11	0	0	22	18	0	0	22	0	4	0	0	20	6	0	11	84	5	12	14	8	12	0	6	2	6	0	0	4	0	28	30	7	18	28	0	0	0	0	22	10	24	14	86	18	20	34	4	6	16	24	0	0	0	0	9	14	0	10	3	7	0	0	4	0	32	33	13	21	68	0	4	12	0	28	47	58	34	145
60	50	9	0	73	40	2	0	53	9	0	73	5	0	24	50	17	0	0	116	30	0	0	53	2	0	53	0	0	15	50	0	0	0	114	9	0	73	0	0	17	0	2	0	0	0	5	0	24	50	17	0	0	116	20	0	0	53	0	0	53	0	0	15	50	0	0	0	112	2	0	53	0	0	15	0	0	0	0	0	0	0	15	50	0	0	0	114	9	0	73	0	0	0	0	0	0	0	0	0	0	17	0	2	0	0	0	5	0	24	50	17	0	0	116	10	0	0	53	0	0	53	0	0	15	50	0	0	0	112	0	0	53	0	0	15	0	0	0	0	0	0	0	15	50	0	0	0	112	2	0	53	0	0	0	0	0	0	0	0	0	0	15	0	0	0	0	0	0	0	15	50	0	0	0	114	7	0	73	0	0	0	0	0	0	0	0	0	0	0	0	0	0	0	0	0	0	17	0	2	0	0	0	5	0	24	50	17	0	0	116
36	30	7	0	22	24	1	0	6	7	0	22	4	0	7	6	15	0	0	116	18	0	0	6	1	0	6	0	0	0	6	0	0	0	114	7	0	22	0	0	0	0	2	0	0	0	4	0	7	6	15	0	0	116	12	0	0	6	0	0	6	0	0	0	6	0	0	0	112	1	0	6	0	0	0	0	0	0	0	0	0	0	0	6	0	0	0	114	7	0	22	0	0	0	0	0	0	0	0	0	0	0	0	2	0	0	0	4	0	7	6	15	0	0	116	6	0	0	6	0	0	6	0	0	0	6	0	0	0	112	0	0	6	0	0	0	0	0	0	0	0	0	0	0	6	0	0	0	112	1	0	6	0	0	0	0	0	0	0	0	0	0	0	0	0	0	0	0	0	0	0	6	0	0	0	114	6	0	22	0	0	0	0	0	0	0	0	0	0	0	0	0	0	0	0	0	0	0	0	2	0	0	0	4	0	7	6	15	0	0	116
84	69	27	54	65	54	3	10	33	27	54	65	8	40	93	88	54	110	260	176	39	0	0	33	3	10	33	0	0	59	88	6	0	132	162	27	54	65	0	0	17	0	9	20	65	0	8	40	93	88	54	110	260	176	24	0	0	32	0	0	33	0	0	59	84	0	0	132	159	3	10	33	0	0	15	0	0	0	33	0	0	0	59	88	6	0	132	162	25	54	65	0	0	0	10	2	0	0	0	0	0	17	0	9	20	65	0	8	40	93	88	48	110	260	176	10	0	0	32	0	0	32	0	0	55	84	0	0	128	159	0	0	33	0	0	15	0	0	0	33	0	0	0	59	84	0	0	132	159	1	10	33	0	0	0	10	0	0	0	0	0	0	15	0	0	0	33	0	0	0	59	88	0	0	132	162	13	40	65	0	0	0	0	0	0	0	0	0	0	0	10	2	0	0	0	0	0	17	0	9	20	65	0	1	40	93	88	32	110	260	176
73	60	40	40	54	47	12	0	11	40	40	54	21	0	106	44	85	104	270	286	34	7	0	11	12	0	11	6	0	44	44	29	0	55	216	34	40	54	4	0	0	0	13	32	0	0	21	0	106	44	72	104	270	286	21	5	0	10	7	0	11	4	0	44	40	16	0	55	200	6	0	11	0	0	0	0	0	0	0	0	6	0	44	44	16	0	55	216	29	40	54	10	0	9	10	3	8	0	0	4	0	0	0	13	32	0	0	15	0	106	44	56	104	270	286	8	0	0	10	5	0	10	0	0	40	40	11	0	50	198	1	0	11	0	0	0	0	0	0	0	0	4	0	44	40	3	0	55	200	1	0	11	0	0	0	10	0	0	0	0	0	0	0	0	0	0	0	0	0	0	44	44	0	0	55	216	15	40	54	0	0	42	0	0	0	0	0	10	0	9	10	3	8	0	0	2	0	0	0	13	32	0	0	4	0	106	44	36	104	270	286
41	34	13	6	15	27	1	0	0	13	6	15	4	0	7	0	30	12	15	116	20	0	0	0	1	0	0	0	0	0	0	0	0	0	114	13	6	15	0	0	0	0	6	0	0	0	4	0	7	0	30	12	15	116	13	0	0	0	0	0	0	0	0	0	0	0	0	0	112	1	0	0	0	0	0	0	0	0	0	0	0	0	0	0	0	0	0	114	13	6	15	0	0	0	0	1	0	0	0	0	0	0	0	6	0	0	0	4	0	7	0	30	12	15	116	6	0	0	0	0	0	0	0	0	0	0	0	0	0	112	0	0	0	0	0	0	0	0	0	0	0	0	0	0	0	0	0	0	112	1	0	0	0	0	0	0	0	0	0	0	0	0	0	0	0	0	0	0	0	0	0	0	0	0	0	114	10	6	15	0	0	0	0	0	0	0	0	0	0	0	0	1	0	0	0	0	0	0	0	6	0	0	0	4	0	7	0	26	12	15	116
73	58	25	26	113	43	6	0	86	25	26	113	16	0	95	99	41	0	226	119	28	1	0	73	6	0	86	2	0	83	52	18	0	172	44	24	26	113	2	0	12	74	0	0	0	53	16	0	95	99	39	0	226	119	13	0	0	73	1	0	73	0	0	81	52	2	0	146	44	5	0	86	0	0	12	74	0	0	0	53	2	0	83	52	16	0	172	44	19	26	113	0	0	0	0	0	0	0	0	2	0	12	74	0	0	0	53	14	0	95	99	23	0	226	119	0	0	0	70	0	0	73	0	0	81	50	0	0	146	42	0	0	73	0	0	12	70	0	0	0	52	0	0	81	52	0	0	146	44	0	0	86	0	0	0	0	0	0	0	0	0	0	12	74	0	0	0	53	0	0	83	52	0	0	172	44	0	0	113	0	0	0	30	0	0	0	0	0	0	0	0	0	0	0	0	0	0	12	74	0	0	0	53	0	0	95	99	0	0	226	119
81	64	36	44	120	47	12	14	96	36	44	120	18	28	64	63	67	104	240	119	30	6	0	64	12	14	96	6	0	54	22	32	42	192	44	27	44	120	2	0	40	108	0	0	120	170	18	28	64	63	49	104	240	119	14	0	0	60	6	0	64	0	0	54	22	13	0	128	44	6	14	96	0	0	39	100	0	0	96	102	6	0	54	22	19	42	192	44	17	28	120	0	0	47	56	0	0	0	0	2	0	40	108	0	0	120	170	12	28	64	63	19	56	240	119	0	0	0	54	0	0	60	0	0	54	20	0	0	120	42	0	0	64	0	0	28	90	0	0	64	88	0	0	54	22	0	0	128	44	0	0	96	0	0	42	50	0	0	0	0	0	0	39	100	0	0	96	102	0	0	54	22	0	0	192	44	0	0	120	0	0	0	63	0	0	0	0	0	0	47	56	0	0	0	0	0	0	40	108	0	0	120	170	0	0	64	63	0	0	240	119
66	51	37	58	72	36	10	32	60	35	58	72	14	64	36	45	70	152	144	54	22	5	10	39	10	32	60	4	20	36	22	26	94	120	11	23	44	72	0	20	40	76	0	0	144	110	14	64	36	45	45	124	144	54	10	0	0	37	5	10	39	0	0	36	22	11	20	78	11	5	20	60	0	0	39	72	0	0	120	54	4	20	36	22	15	70	120	11	14	20	72	0	0	47	28	0	0	72	0	0	20	40	76	0	0	144	110	10	40	36	45	19	40	144	54	0	0	0	31	0	0	37	0	0	36	20	0	0	74	10	0	0	39	0	0	28	62	0	0	78	41	0	0	36	22	0	0	78	11	0	0	60	0	0	42	22	0	0	60	0	0	0	39	72	0	0	120	54	0	0	36	22	0	0	120	11	0	0	72	0	0	0	63	0	0	0	0	0	0	47	28	0	0	72	0	0	0	40	76	0	0	144	110	0	0	36	45	0	0	144	54
68	53	30	59	56	38	5	9	36	30	59	56	11	45	64	30	54	114	280	119	23	1	0	32	5	9	36	2	0	54	22	15	27	180	44	26	59	56	2	0	12	44	0	0	56	0	11	45	64	30	47	114	280	119	9	0	0	32	1	0	32	0	0	54	22	2	0	160	44	4	9	36	0	0	12	44	0	0	36	0	2	0	54	22	13	27	180	44	14	45	56	0	0	0	0	0	0	0	0	2	0	12	44	0	0	56	0	9	45	64	30	15	72	280	119	0	0	0	29	0	0	32	0	0	54	20	0	0	160	42	0	0	32	0	0	12	40	0	0	32	0	0	0	54	22	0	0	160	44	0	0	36	0	0	0	0	0	0	0	0	0	0	12	44	0	0	36	0	0	0	54	22	0	0	180	44	0	0	56	0	0	0	30	0	0	0	0	0	0	0	0	0	0	0	0	0	0	12	44	0	0	56	0	0	0	64	30	0	0	280	119
43	34	21	14	24	25	5	0	0	21	14	24	13	0	10	0	42	28	48	134	16	1	0	0	5	0	0	2	0	0	0	15	0	0	44	20	14	24	2	0	0	0	0	0	0	0	13	0	10	0	40	28	48	134	7	0	0	0	1	0	0	0	0	0	0	2	0	0	44	4	0	0	0	0	0	0	0	0	0	0	2	0	0	0	13	0	0	44	12	14	24	0	0	0	0	0	0	0	0	2	0	0	0	0	0	0	0	11	0	10	0	16	28	48	134	0	0	0	0	0	0	0	0	0	0	0	0	0	0	42	0	0	0	0	0	0	0	0	0	0	0	0	0	0	0	0	0	0	44	0	0	0	0	0	0	0	0	0	0	0	0	0	0	0	0	0	0	0	0	0	0	0	0	0	0	44	0	0	24	0	0	0	0	0	0	0	0	0	0	0	0	0	0	0	0	0	0	0	0	0	0	0	0	0	0	10	0	0	0	48	134
48	36	11	0	115	24	1	0	50	11	0	115	2	0	59	134	30	0	0	385	12	0	0	38	1	0	50	0	0	12	92	2	0	0	278	10	0	115	0	0	10	34	0	0	0	65	2	0	59	134	28	0	0	385	0	0	0	36	0	0	38	0	0	12	90	0	0	0	208	0	0	50	0	0	0	30	0	0	0	33	0	0	12	92	0	0	0	278	0	0	115	0	0	0	30	0	0	0	0	0	0	10	34	0	0	0	65	0	0	59	134	0	0	0	385	0	0	0	36	0	0	36	0	0	12	90	0	0	0	202	0	0	38	0	0	0	30	0	0	0	33	0	0	12	90	0	0	0	208	0	0	50	0	0	0	30	0	0	0	0	0	0	0	30	0	0	0	33	0	0	12	92	0	0	0	278	0	0	0	0	0	0	0	0	0	0	0	0	0	0	30	0	0	0	0	0	0	0	34	0	0	0	65	0	0	0	134	0	0	0	385
40	30	10	0	71	20	0	0	41	10	0	71	0	0	25	87	25	0	0	169	10	0	0	41	0	0	41	0	0	12	87	0	0	0	122	10	0	71	0	0	0	0	0	0	0	0	0	0	25	87	25	0	0	169	0	0	0	41	0	0	41	0	0	12	87	0	0	0	105	0	0	41	0	0	0	0	0	0	0	0	0	0	12	87	0	0	0	122	0	0	71	0	0	0	0	0	0	0	0	0	0	0	0	0	0	0	0	0	0	25	87	0	0	0	169	0	0	0	41	0	0	41	0	0	12	87	0	0	0	105	0	0	41	0	0	0	0	0	0	0	0	0	0	12	87	0	0	0	105	0	0	41	0	0	0	0	0	0	0	0	0	0	0	0	0	0	0	0	0	0	12	87	0	0	0	122	0	0	0	0	0	0	0	0	0	0	0	0	0	0	0	0	0	0	0	0	0	0	0	0	0	0	0	0	0	0	87	0	0	0	169
41	30	17	24	57	19	1	0	44	17	24	57	2	0	41	48	38	56	171	56	8	0	0	44	1	0	44	0	0	28	48	1	0	132	36	9	24	57	0	0	8	0	0	0	0	0	2	0	41	48	24	56	171	56	0	0	0	44	0	0	44	0	0	28	48	0	0	132	32	0	0	44	0	0	8	0	0	0	0	0	0	0	28	48	0	0	132	36	0	0	57	0	0	0	0	0	0	0	0	0	0	8	0	0	0	0	0	0	0	41	48	0	0	171	56	0	0	0	44	0	0	44	0	0	28	48	0	0	132	32	0	0	44	0	0	8	0	0	0	0	0	0	0	28	48	0	0	132	32	0	0	44	0	0	0	0	0	0	0	0	0	0	8	0	0	0	0	0	0	0	28	48	0	0	132	36	0	0	0	0	0	0	0	0	0	0	0	0	0	0	0	0	0	0	0	0	0	0	0	0	0	0	0	0	0	0	48	0	0	0	56
44	32	20	32	40	20	1	0	0	20	32	40	2	0	43	0	45	88	160	272	8	0	0	0	1	0	0	0	0	0	0	2	0	0	192	8	32	40	0	0	10	0	0	0	0	0	2	0	43	0	21	88	160	272	0	0	0	0	0	0	0	0	0	0	0	0	0	0	135	0	0	0	0	0	0	0	0	0	0	0	0	0	0	0	0	0	0	192	0	0	40	0	0	0	0	0	0	0	0	0	0	10	0	0	0	0	0	0	0	43	0	0	0	160	272	0	0	0	0	0	0	0	0	0	0	0	0	0	0	129	0	0	0	0	0	0	0	0	0	0	0	0	0	0	0	0	0	0	135	0	0	0	0	0	0	0	0	0	0	0	0	0	0	0	0	0	0	0	0	0	0	0	0	0	0	192	0	0	0	0	0	0	0	0	0	0	0	0	0	0	0	0	0	0	0	0	0	0	0	0	0	0	0	0	0	0	0	0	0	0	272
23	17	9	5	9	11	0	0	0	9	5	9	0	0	9	0	22	5	9	56	5	0	0	0	0	0	0	0	0	0	0	0	0	0	36	8	5	9	0	0	0	0	0	0	0	0	0	0	9	0	21	5	9	56	0	0	0	0	0	0	0	0	0	0	0	0	0	0	32	0	0	0	0	0	0	0	0	0	0	0	0	0	0	0	0	0	0	36	0	0	9	0	0	0	0	0	0	0	0	0	0	0	0	0	0	0	0	0	0	9	0	0	0	9	56	0	0	0	0	0	0	0	0	0	0	0	0	0	0	32	0	0	0	0	0	0	0	0	0	0	0	0	0	0	0	0	0	0	32	0	0	0	0	0	0	0	0	0	0	0	0	0	0	0	0	0	0	0	0	0	0	0	0	0	0	36	0	0	0	0	0	0	0	0	0	0	0	0	0	0	0	0	0	0	0	0	0	0	0	0	0	0	0	0	0	0	0	0	0	0	56
51	33	29	45	144	15	0	0	115	24	45	144	0	0	128	149	54	75	432	97	0	0	0	74	0	0	115	0	0	125	44	0	0	345	44	0	0	144	0	0	0	104	0	0	0	248	0	0	128	149	0	0	432	97	0	0	0	73	0	0	74	0	0	107	44	0	0	222	44	0	0	115	0	0	0	102	0	0	0	192	0	0	125	44	0	0	345	44	0	0	0	0	0	0	9	0	0	0	0	0	0	0	104	0	0	0	248	0	0	0	149	0	0	0	97	0	0	0	61	0	0	73	0	0	103	44	0	0	219	44	0	0	74	0	0	0	80	0	0	0	135	0	0	107	44	0	0	222	44	0	0	0	0	0	0	0	0	0	0	0	0	0	0	102	0	0	0	192	0	0	0	44	0	0	0	44	0	0	0	0	0	0	42	0	0	0	76	0	0	0	9	0	0	0	0	0	0	0	104	0	0	0	248	0	0	0	0	0	0	0	0
36	23	23	30	59	10	0	0	42	16	30	59	0	0	34	8	31	70	177	97	0	0	0	42	0	0	42	0	0	33	8	0	0	126	44	0	0	59	0	0	0	0	0	0	0	0	0	0	34	8	0	0	177	97	0	0	0	42	0	0	42	0	0	33	8	0	0	126	44	0	0	42	0	0	0	0	0	0	0	0	0	0	33	8	0	0	126	44	0	0	0	0	0	0	0	0	0	0	0	0	0	0	0	0	0	0	0	0	0	0	8	0	0	0	97	0	0	0	42	0	0	42	0	0	33	8	0	0	126	44	0	0	42	0	0	0	0	0	0	0	0	0	0	33	8	0	0	126	44	0	0	0	0	0	0	0	0	0	0	0	0	0	0	0	0	0	0	0	0	0	0	8	0	0	0	44	0	0	0	0	0	0	0	0	0	0	0	0	0	0	0	0	0	0	0	0	0	0	0	0	0	0	0	0	0	0	0	0	0	0	0
26	16	22	24	20	6	0	0	10	13	24	20	0	0	12	20	28	54	80	40	0	0	0	0	0	0	10	0	0	10	0	0	0	40	0	0	0	20	0	0	0	0	0	0	0	72	0	0	12	20	0	0	80	40	0	0	0	0	0	0	0	0	0	0	0	0	0	0	0	0	0	10	0	0	0	0	0	0	0	60	0	0	10	0	0	0	40	0	0	0	0	0	0	0	0	0	0	0	0	0	0	0	0	0	0	0	72	0	0	0	20	0	0	0	40	0	0	0	0	0	0	0	0	0	0	0	0	0	0	0	0	0	0	0	0	0	0	0	0	0	39	0	0	0	0	0	0	0	0	0	0	0	0	0	0	0	0	0	0	0	0	0	0	0	0	0	0	60	0	0	0	0	0	0	0	0	0	0	0	0	0	0	0	0	0	0	0	0	0	0	0	0	0	0	0	0	0	0	0	0	0	0	72	0	0	0	0	0	0	0	0
23	15	16	7	21	7	0	0	0	15	7	21	0	0	0	0	34	7	21	106	0	0	0	0	0	0	0	0	0	0	0	0	0	0	44	0	0	21	0	0	0	0	0	0	0	0	0	0	0	0	0	0	21	106	0	0	0	0	0	0	0	0	0	0	0	0	0	0	44	0	0	0	0	0	0	0	0	0	0	0	0	0	0	0	0	0	0	44	0	0	0	0	0	0	0	0	0	0	0	0	0	0	0	0	0	0	0	0	0	0	0	0	0	0	106	0	0	0	0	0	0	0	0	0	0	0	0	0	0	44	0	0	0	0	0	0	0	0	0	0	0	0	0	0	0	0	0	0	44	0	0	0	0	0	0	0	0	0	0	0	0	0	0	0	0	0	0	0	0	0	0	0	0	0	0	44	0	0	0	0	0	0	0	0	0	0	0	0	0	0	0	0	0	0	0	0	0	0	0	0	0	0	0	0	0	0	0	0	0	0	0
22	13	24	20	0	4	0	0	0	11	20	0	0	0	0	0	22	52	0	0	0	0	0	0	0	0	0	0	0	0	0	0	0	0	0	0	0	0	0	0	0	0	0	0	0	0	0	0	0	0	0	0	0	0	0	0	0	0	0	0	0	0	0	0	0	0	0	0	0	0	0	0	0	0	0	0	0	0	0	0	0	0	0	0	0	0	0	0	0	0	0	0	0	0	0	0	0	0	0	0	0	0	0	0	0	0	0	0	0	0	0	0	0	0	0	0	0	0	0	0	0	0	0	0	0	0	0	0	0	0	0	0	0	0	0	0	0	0	0	0	0	0	0	0	0	0	0	0	0	0	0	0	0	0	0	0	0	0	0	0	0	0	0	0	0	0	0	0	0	0	0	0	0	0	0	0	0	0	0	0	0	0	0	0	0	0	0	0	0	0	0	0	0	0	0	0	0	0	0	0	0	0	0	0	0	0	0	0	0	0	0
31	15	12	15	121	0	0	0	72	0	0	121	0	0	0	81	0	0	121	244	0	0	0	71	0	0	72	0	0	0	79	0	0	72	167	0	0	0	0	0	0	8	0	0	0	0	0	0	0	81	0	0	0	244	0	0	0	69	0	0	71	0	0	0	77	0	0	71	116	0	0	0	0	0	0	8	0	0	0	0	0	0	0	79	0	0	0	167	0	0	0	0	0	0	20	0	0	0	0	0	0	0	8	0	0	0	0	0	0	0	0	0	0	0	0	0	0	0	68	0	0	69	0	0	0	76	0	0	69	115	0	0	0	0	0	0	8	0	0	0	0	0	0	0	77	0	0	0	116	0	0	0	0	0	0	18	0	0	0	0	0	0	0	8	0	0	0	0	0	0	0	0	0	0	0	0	0	0	0	0	0	0	9	0	0	0	0	0	0	0	20	0	0	0	0	0	0	0	0	0	0	0	0	0	0	0	0	0	0	0	0
28	12	11	48	94	0	0	0	88	0	0	94	0	0	20	23	0	0	376	0	0	0	0	88	0	0	88	0	0	20	23	0	0	352	0	0	0	0	0	0	0	0	0	0	0	0	0	0	0	23	0	0	0	0	0	0	0	86	0	0	88	0	0	20	21	0	0	352	0	0	0	0	0	0	0	0	0	0	0	0	0	0	0	23	0	0	0	0	0	0	0	0	0	0	20	0	0	0	0	0	0	0	0	0	0	0	0	0	0	0	0	0	0	0	0	0	0	0	85	0	0	86	0	0	20	20	0	0	344	0	0	0	0	0	0	0	0	0	0	0	0	0	0	0	21	0	0	0	0	0	0	0	0	0	0	18	0	0	0	0	0	0	0	0	0	0	0	0	0	0	0	0	0	0	0	0	0	0	0	0	0	0	9	0	0	0	0	0	0	0	20	0	0	0	0	0	0	0	0	0	0	0	0	0	0	0	0	0	0	0	0
26	12	11	24	83	0	0	0	44	0	0	83	0	0	0	47	0	0	166	223	0	0	0	42	0	0	44	0	0	0	43	0	0	88	167	0	0	0	0	0	0	20	0	0	0	0	0	0	0	47	0	0	0	223	0	0	0	28	0	0	42	0	0	0	21	0	0	84	116	0	0	0	0	0	0	0	0	0	0	0	0	0	0	43	0	0	0	167	0	0	0	0	0	0	34	0	0	0	72	0	0	0	20	0	0	0	0	0	0	0	0	0	0	0	0	0	0	0	26	0	0	28	0	0	0	20	0	0	56	115	0	0	0	0	0	0	0	0	0	0	0	0	0	0	21	0	0	0	116	0	0	0	0	0	0	30	0	0	0	60	0	0	0	0	0	0	0	0	0	0	0	0	0	0	0	0	0	0	0	0	0	0	15	0	0	0	0	0	0	0	34	0	0	0	72	0	0	0	0	0	0	0	0	0	0	0	0	0	0	0	0
20	8	9	32	32	0	0	0	11	0	0	32	0	0	0	11	0	0	128	79	0	0	0	11	0	0	11	0	0	0	11	0	0	44	52	0	0	0	0	0	0	0	0	0	0	0	0	0	0	11	0	0	0	79	0	0	0	11	0	0	11	0	0	0	11	0	0	44	42	0	0	0	0	0	0	0	0	0	0	0	0	0	0	11	0	0	0	52	0	0	0	0	0	0	0	0	0	0	0	0	0	0	0	0	0	0	0	0	0	0	0	0	0	0	0	0	0	0	11	0	0	11	0	0	0	11	0	0	44	42	0	0	0	0	0	0	0	0	0	0	0	0	0	0	11	0	0	0	42	0	0	0	0	0	0	0	0	0	0	0	0	0	0	0	0	0	0	0	0	0	0	0	0	0	0	0	0	0	0	0	0	0	0	0	0	0	0	0	0	0	0	0	0	0	0	0	0	0	0	0	0	0	0	0	0	0	0	0	0	0	0
18	8	11	16	38	0	0	0	12	0	0	38	0	0	0	12	0	0	76	164	0	0	0	12	0	0	12	0	0	0	12	0	0	24	125	0	0	0	0	0	0	0	0	0	0	0	0	0	0	12	0	0	0	164	0	0	0	10	0	0	12	0	0	0	10	0	0	24	74	0	0	0	0	0	0	0	0	0	0	0	0	0	0	12	0	0	0	125	0	0	0	0	0	0	20	0	0	0	0	0	0	0	0	0	0	0	0	0	0	0	0	0	0	0	0	0	0	0	9	0	0	10	0	0	0	9	0	0	20	73	0	0	0	0	0	0	0	0	0	0	0	0	0	0	10	0	0	0	74	0	0	0	0	0	0	18	0	0	0	0	0	0	0	0	0	0	0	0	0	0	0	0	0	0	0	0	0	0	0	0	0	0	9	0	0	0	0	0	0	0	20	0	0	0	0	0	0	0	0	0	0	0	0	0	0	0	0	0	0	0	0
6	0	0	0	31	0	0	0	10	0	0	0	0	0	0	10	0	0	0	126	0	0	0	10	0	0	0	0	0	0	10	0	0	0	99	0	0	0	0	0	0	0	0	0	0	0	0	0	0	0	0	0	0	0	0	0	0	10	0	0	0	0	0	0	10	0	0	0	99	0	0	0	0	0	0	0	0	0	0	0	0	0	0	0	0	0	0	0	0	0	0	0	0	0	0	0	0	0	0	0	0	0	0	0	0	0	0	0	0	0	0	0	0	0	0	0	0	0	10	0	0	0	0	0	0	10	0	0	0	97	0	0	0	0	0	0	0	0	0	0	0	0	0	0	0	0	0	0	0	0	0	0	0	0	0	0	0	0	0	0	0	0	0	0	0	0	0	0	0	0	0	0	0	0	0	0	0	0	0	0	0	0	0	0	0	0	0	0	0	0	0	0	0	0	0	0	0	0	0	0	0	0	0	0	0	0	0	0	0	0	0
6	0	0	0	31	0	0	0	10	0	0	0	0	0	0	10	0	0	0	126	0	0	0	10	0	0	0	0	0	0	10	0	0	0	99	0	0	0	0	0	0	0	0	0	0	0	0	0	0	0	0	0	0	0	0	0	0	10	0	0	0	0	0	0	10	0	0	0	99	0	0	0	0	0	0	0	0	0	0	0	0	0	0	0	0	0	0	0	0	0	0	0	0	0	0	0	0	0	0	0	0	0	0	0	0	0	0	0	0	0	0	0	0	0	0	0	0	0	10	0	0	0	0	0	0	10	0	0	0	97	0	0	0	0	0	0	0	0	0	0	0	0	0	0	0	0	0	0	0	0	0	0	0	0	0	0	0	0	0	0	0	0	0	0	0	0	0	0	0	0	0	0	0	0	0	0	0	0	0	0	0	0	0	0	0	0	0	0	0	0	0	0	0	0	0	0	0	0	0	0	0	0	0	0	0	0	0	0	0	0	0
8	0	0	0	55	0	0	0	0	0	0	0	0	0	0	0	0	0	0	368	0	0	0	0	0	0	0	0	0	0	0	0	0	0	227	0	0	0	0	0	0	0	0	0	0	0	0	0	0	0	0	0	0	0	0	0	0	0	0	0	0	0	0	0	0	0	0	0	224	0	0	0	0	0	0	0	0	0	0	0	0	0	0	0	0	0	0	0	0	0	0	0	0	0	0	0	0	0	0	0	0	0	0	0	0	0	0	0	0	0	0	0	0	0	0	0	0	0	0	0	0	0	0	0	0	0	0	0	0	204	0	0	0	0	0	0	0	0	0	0	0	0	0	0	0	0	0	0	0	0	0	0	0	0	0	0	0	0	0	0	0	0	0	0	0	0	0	0	0	0	0	0	0	0	0	0	0	0	0	0	0	0	0	0	0	0	0	0	0	0	0	0	0	0	0	0	0	0	0	0	0	0	0	0	0	0	0	0	0	0	0
7	0	0	0	40	0	0	0	0	0	0	0	0	0	0	0	0	0	0	247	0	0	0	0	0	0	0	0	0	0	0	0	0	0	155	0	0	0	0	0	0	0	0	0	0	0	0	0	0	0	0	0	0	0	0	0	0	0	0	0	0	0	0	0	0	0	0	0	153	0	0	0	0	0	0	0	0	0	0	0	0	0	0	0	0	0	0	0	0	0	0	0	0	0	0	0	0	0	0	0	0	0	0	0	0	0	0	0	0	0	0	0	0	0	0	0	0	0	0	0	0	0	0	0	0	0	0	0	0	135	0	0	0	0	0	0	0	0	0	0	0	0	0	0	0	0	0	0	0	0	0	0	0	0	0	0	0	0	0	0	0	0	0	0	0	0	0	0	0	0	0	0	0	0	0	0	0	0	0	0	0	0	0	0	0	0	0	0	0	0	0	0	0	0	0	0	0	0	0	0	0	0	0	0	0	0	0	0	0	0	0
