226	220	35	8	0	214	17	0	0	35	8	0	44	0	0	0	88	16	0	0	208	9	0	0	17	0	0	14	0	0	0	50	0	0	0	35	8	0	16	0	0	0	17	8	0	0	44	0	0	0	88	16	0	0	202	4	0	0	9	0	0	4	0	0	0	20	0	0	0	17	0	0	2	0	0	0	6	0	0	0	14	0	0	0	50	0	0	0	35	8	0	2	0	0	0	8	0	0	0	16	0	0	0	17	8	0	0	44	0	0	0	88	16	0	0	196	3	0	0	4	0	0	1	0	0	0	5	0	0	0	9	0	0	0	0	0	0	3	0	0	0	4	0	0	0	20	0	0	0	17	0	0	0	0	0	0	8	0	0	0	2	0	0	0	6	0	0	0	14	0	0	0	50	0	0	0	35	8	0	3	0	0	0	7	0	0	0	2	0	0	0	8	0	0	0	16	0	0	0	17	8	0	0	44	0	0	0	88	16	0	0
437	425	59	55	0	413	23	34	0	59	55	0	52	76	0	0	136	145	0	0	401	14	18	0	23	34	0	17	42	0	0	61	92	0	0	59	55	0	22	36	0	0	28	33	0	0	52	76	0	0	136	145	0	0	389	9	4	0	14	18	0	11	12	0	0	37	38	0	0	23	34	0	5	8	0	0	5	18	0	0	17	42	0	0	61	92	0	0	59	55	0	7	8	0	0	15	24	0	0	22	36	0	0	28	33	0	0	52	76	0	0	136	145	0	0	377	6	0	0	9	4	0	7	0	0	0	17	4	0	0	14	18	0	4	0	0	0	3	10	0	0	11	12	0	0	37	38	0	0	23	34	0	1	0	0	0	7	18	0	0	5	8	0	0	5	18	0	0	17	42	0	0	61	92	0	0	59	55	0	5	0	0	0	15	24	0	0	7	8	0	0	15	24	0	0	22	36	0	0	28	33	0	0	52	76	0	0	136	145	0	0
365	355	46	36	0	345	18	20	0	46	36	0	48	19	0	0	114	101	0	0	335	10	13	0	18	20	0	17	4	0	0	52	66	0	0	46	36	0	22	12	0	0	23	16	0	0	48	19	0	0	114	101	0	0	325	4	9	0	10	13	0	6	0	0	0	25	34	0	0	18	20	0	3	0	0	0	5	7	0	0	17	4	0	0	52	66	0	0	46	36	0	6	0	0	0	12	16	0	0	22	12	0	0	23	16	0	0	48	19	0	0	114	101	0	0	315	2	8	0	4	9	0	1	0	0	0	5	18	0	0	10	13	0	0	0	0	0	2	4	0	0	6	0	0	0	25	34	0	0	18	20	0	0	0	0	0	7	14	0	0	3	0	0	0	5	7	0	0	17	4	0	0	52	66	0	0	46	36	0	2	8	0	0	13	8	0	0	6	0	0	0	12	16	0	0	22	12	0	0	23	16	0	0	48	19	0	0	114	101	0	0
300	292	38	16	0	284	18	0	0	38	16	0	48	0	0	0	96	32	0	0	276	9	0	0	18	0	0	14	0	0	0	51	0	0	0	38	16	0	16	0	0	0	16	12	0	0	48	0	0	0	96	32	0	0	268	4	0	0	9	0	0	4	0	0	0	20	0	0	0	18	0	0	2	0	0	0	6	0	0	0	14	0	0	0	51	0	0	0	38	16	0	2	0	0	0	9	0	0	0	16	0	0	0	16	12	0	0	48	0	0	0	96	32	0	0	260	3	0	0	4	0	0	1	0	0	0	5	0	0	0	9	0	0	0	0	0	0	3	0	0	0	4	0	0	0	20	0	0	0	18	0	0	0	0	0	0	9	0	0	0	2	0	0	0	6	0	0	0	14	0	0	0	51	0	0	0	38	16	0	3	0	0	0	9	0	0	0	2	0	0	0	9	0	0	0	16	0	0	0	16	12	0	0	48	0	0	0	96	32	0	0
480	467	56	59	0	454	20	21	0	56	59	0	37	87	0	0	124	179	0	0	441	12	4	0	20	21	0	11	12	0	0	44	71	0	0	56	59	0	11	20	0	0	20	25	0	0	37	87	0	0	124	179	0	0	428	8	0	0	12	4	0	4	0	0	0	23	12	0	0	20	21	0	2	0	0	0	5	4	0	0	11	12	0	0	44	71	0	0	56	59	0	2	0	0	0	19	0	0	0	11	20	0	0	20	25	0	0	37	87	0	0	124	179	0	0	415	7	0	0	8	0	0	1	0	0	0	11	0	0	0	12	4	0	0	0	0	0	3	0	0	0	4	0	0	0	23	12	0	0	20	21	0	0	0	0	0	10	0	0	0	2	0	0	0	5	4	0	0	11	12	0	0	44	71	0	0	56	59	0	3	0	0	0	20	0	0	0	2	0	0	0	19	0	0	0	11	20	0	0	20	25	0	0	37	87	0	0	124	179	0	0
608	591	58	93	20	574	27	48	0	58	93	20	37	87	24	0	139	194	80	0	557	19	30	0	27	48	0	16	15	0	0	63	75	0	0	58	93	20	16	0	20	0	14	13	40	0	37	87	24	0	139	194	80	0	540	15	30	0	19	30	0	11	15	0	0	44	30	0	0	27	48	0	5	0	0	0	5	9	0	0	16	15	0	0	63	75	0	0	58	93	20	7	0	4	0	17	39	0	0	16	0	20	0	14	13	40	0	37	87	24	0	139	194	80	0	523	12	28	0	15	30	0	7	15	0	0	30	30	0	0	19	30	0	4	0	0	0	3	0	0	0	11	15	0	0	44	30	0	0	27	48	0	1	0	0	0	9	27	0	0	5	0	0	0	5	9	0	0	16	15	0	0	63	75	0	0	58	93	20	3	26	0	0	21	39	0	0	7	0	4	0	17	39	0	0	16	0	20	0	14	13	40	0	37	87	24	0	139	194	80	0
333	324	32	0	20	315	15	0	0	32	0	20	29	0	24	0	83	0	0	0	306	6	0	0	15	0	0	4	0	0	0	30	0	0	0	32	0	20	2	0	20	0	6	0	0	0	29	0	24	0	83	0	0	0	297	5	0	0	6	0	0	1	0	0	0	8	0	0	0	15	0	0	0	0	0	0	4	0	0	0	4	0	0	0	30	0	0	0	32	0	20	0	0	4	0	10	0	0	0	2	0	20	0	6	0	0	0	29	0	24	0	83	0	0	0	288	5	0	0	5	0	0	1	0	0	0	7	0	0	0	6	0	0	0	0	0	0	1	0	0	0	1	0	0	0	8	0	0	0	15	0	0	0	0	0	0	10	0	0	0	0	0	0	0	4	0	0	0	4	0	0	0	30	0	0	0	32	0	20	3	0	0	0	11	0	0	0	0	0	4	0	10	0	0	0	2	0	20	0	6	0	0	0	29	0	24	0	83	0	0	0
259	252	26	0	12	245	11	0	0	26	0	12	20	0	16	0	65	0	0	0	238	5	0	0	11	0	0	1	0	0	0	21	0	0	0	26	0	12	0	0	8	0	3	0	0	0	20	0	16	0	65	0	0	0	231	5	0	0	5	0	0	1	0	0	0	7	0	0	0	11	0	0	0	0	0	0	2	0	0	0	1	0	0	0	21	0	0	0	26	0	12	0	0	0	0	7	0	0	0	0	0	8	0	3	0	0	0	20	0	16	0	65	0	0	0	224	5	0	0	5	0	0	1	0	0	0	7	0	0	0	5	0	0	0	0	0	0	0	0	0	0	1	0	0	0	7	0	0	0	11	0	0	0	0	0	0	7	0	0	0	0	0	0	0	2	0	0	0	1	0	0	0	21	0	0	0	26	0	12	3	0	0	0	8	0	0	0	0	0	0	0	7	0	0	0	0	0	8	0	3	0	0	0	20	0	16	0	65	0	0	0
401	390	42	34	8	379	20	6	0	42	34	8	24	24	12	0	94	76	32	0	368	16	0	0	20	6	0	10	0	0	0	41	6	0	0	42	34	8	5	0	4	0	5	0	8	0	24	24	12	0	94	76	32	0	357	15	0	0	16	0	0	10	0	0	0	32	0	0	0	20	6	0	4	0	0	0	3	0	0	0	10	0	0	0	41	6	0	0	42	34	8	3	0	0	0	13	10	0	0	5	0	4	0	5	0	8	0	24	24	12	0	94	76	32	0	346	13	0	0	15	0	0	8	0	0	0	28	0	0	0	16	0	0	4	0	0	0	2	0	0	0	10	0	0	0	32	0	0	0	20	6	0	1	0	0	0	5	6	0	0	4	0	0	0	3	0	0	0	10	0	0	0	41	6	0	0	42	34	8	4	0	0	0	15	20	0	0	3	0	0	0	13	10	0	0	5	0	4	0	5	0	8	0	24	24	12	0	94	76	32	0
388	377	39	41	4	366	18	23	0	39	41	4	25	15	12	0	89	65	12	0	355	14	18	0	18	23	0	10	0	0	0	38	32	0	0	39	41	4	5	0	4	0	4	0	4	0	25	15	12	0	89	65	12	0	344	13	18	0	14	18	0	10	0	0	0	29	27	0	0	18	23	0	4	0	0	0	3	0	0	0	10	0	0	0	38	32	0	0	39	41	4	3	0	0	0	8	8	0	0	5	0	4	0	4	0	4	0	25	15	12	0	89	65	12	0	333	11	18	0	13	18	0	8	0	0	0	25	27	0	0	14	18	0	4	0	0	0	2	0	0	0	10	0	0	0	29	27	0	0	18	23	0	1	0	0	0	5	5	0	0	4	0	0	0	3	0	0	0	10	0	0	0	38	32	0	0	39	41	4	4	0	0	0	13	16	0	0	3	0	0	0	8	8	0	0	5	0	4	0	4	0	4	0	25	15	12	0	89	65	12	0
390	379	42	34	15	368	17	6	8	42	34	15	20	24	27	28	88	60	60	0	357	15	0	0	17	6	8	13	0	16	0	41	0	32	0	42	34	15	14	0	6	0	16	6	15	0	20	24	27	28	88	60	60	0	346	12	0	0	15	0	0	11	0	0	0	38	0	0	0	17	6	8	5	0	4	0	3	0	8	0	13	0	16	0	41	0	32	0	42	34	15	7	0	0	0	13	18	0	0	14	0	6	0	16	6	15	0	20	24	27	28	88	60	60	0	335	9	0	0	12	0	0	7	0	0	0	25	0	0	0	15	0	0	4	0	0	0	2	0	0	0	11	0	0	0	38	0	0	0	17	6	8	1	0	0	0	2	0	0	0	5	0	4	0	3	0	8	0	13	0	16	0	41	0	32	0	42	34	15	2	0	0	0	16	18	0	0	7	0	0	0	13	18	0	0	14	0	6	0	16	6	15	0	20	24	27	28	88	60	60	0
463	450	56	40	37	437	24	0	12	56	40	37	28	0	58	40	117	120	185	28	424	21	0	0	24	0	12	17	0	20	0	58	0	60	0	56	40	37	25	0	6	0	26	8	0	0	28	0	58	40	117	120	185	28	411	16	0	0	21	0	0	15	0	0	0	55	0	0	0	24	0	12	6	0	4	0	5	0	0	0	17	0	20	0	58	0	60	0	56	40	37	15	0	0	0	18	40	0	0	25	0	6	0	26	8	0	0	28	0	58	40	117	120	185	28	398	12	0	0	16	0	0	9	0	0	0	33	0	0	0	21	0	0	5	0	0	0	4	0	0	0	15	0	0	0	55	0	0	0	24	0	12	4	0	0	0	4	0	0	0	6	0	4	0	5	0	0	0	17	0	20	0	58	0	60	0	56	40	37	7	0	0	0	22	32	0	0	15	0	0	0	18	40	0	0	25	0	6	0	26	8	0	0	28	0	58	40	117	120	185	28
418	406	39	36	29	394	15	20	4	39	36	29	14	0	38	20	80	54	58	32	382	14	20	0	15	20	4	10	0	4	0	29	30	8	0	39	36	29	5	0	0	0	6	0	0	0	14	0	38	20	80	54	58	32	370	13	20	0	14	20	0	10	0	0	0	29	30	0	0	15	20	4	4	0	0	0	2	0	0	0	10	0	4	0	29	30	8	0	39	36	29	3	0	0	0	16	8	0	0	5	0	0	0	6	0	0	0	14	0	38	20	80	54	58	32	358	11	20	0	13	20	0	8	0	0	0	25	30	0	0	14	20	0	4	0	0	0	2	0	0	0	10	0	0	0	29	30	0	0	15	20	4	1	0	0	0	1	0	0	0	4	0	0	0	2	0	0	0	10	0	4	0	29	30	8	0	39	36	29	4	0	0	0	20	16	0	0	3	0	0	0	16	8	0	0	5	0	0	0	6	0	0	0	14	0	38	20	80	54	58	32
311	302	32	20	20	293	15	14	0	32	20	20	14	0	29	0	63	27	20	32	284	14	14	0	15	14	0	10	0	0	0	29	21	0	0	32	20	20	5	0	0	0	4	0	0	0	14	0	29	0	63	27	20	32	275	13	14	0	14	14	0	10	0	0	0	29	21	0	0	15	14	0	4	0	0	0	2	0	0	0	10	0	0	0	29	21	0	0	32	20	20	3	0	0	0	11	6	0	0	5	0	0	0	4	0	0	0	14	0	29	0	63	27	20	32	266	11	14	0	13	14	0	8	0	0	0	25	21	0	0	14	14	0	4	0	0	0	2	0	0	0	10	0	0	0	29	21	0	0	15	14	0	1	0	0	0	1	0	0	0	4	0	0	0	2	0	0	0	10	0	0	0	29	21	0	0	32	20	20	4	0	0	0	16	12	0	0	3	0	0	0	11	6	0	0	5	0	0	0	4	0	0	0	14	0	29	0	63	27	20	32
416	404	43	42	20	392	15	20	0	43	42	20	13	10	29	0	81	105	60	32	380	14	20	0	15	20	0	9	10	0	0	26	60	0	0	43	42	20	5	0	0	0	11	0	0	0	13	10	29	0	81	105	60	32	368	13	20	0	14	20	0	9	10	0	0	26	60	0	0	15	20	0	4	0	0	0	2	0	0	0	9	10	0	0	26	60	0	0	43	42	20	3	0	0	0	19	7	0	0	5	0	0	0	11	0	0	0	13	10	29	0	81	105	60	32	356	11	20	0	13	20	0	7	10	0	0	22	60	0	0	14	20	0	4	0	0	0	2	0	0	0	9	10	0	0	26	60	0	0	15	20	0	1	0	0	0	1	0	0	0	4	0	0	0	2	0	0	0	9	10	0	0	26	60	0	0	43	42	20	4	0	0	0	22	14	0	0	3	0	0	0	19	7	0	0	5	0	0	0	11	0	0	0	13	10	29	0	81	105	60	32
672	652	53	110	74	632	22	89	26	53	110	74	21	122	14	87	107	239	74	121	612	19	84	4	22	89	26	11	114	6	8	54	222	26	24	53	110	74	23	71	0	8	25	30	0	32	21	122	14	87	107	239	74	121	592	14	68	0	19	84	4	7	110	4	0	45	209	4	0	22	89	26	2	56	0	0	2	28	0	0	11	114	6	8	54	222	26	24	53	110	74	12	40	0	0	9	15	74	0	23	71	0	8	25	30	0	32	21	122	14	87	107	239	74	121	572	11	40	0	14	68	0	3	80	0	0	26	149	0	0	19	84	4	1	54	0	0	2	28	0	0	7	110	4	0	45	209	4	0	22	89	26	3	14	0	0	3	14	26	0	2	56	0	0	2	28	0	0	11	114	6	8	54	222	26	24	53	110	74	2	26	13	0	12	0	148	0	12	40	0	0	9	15	74	0	23	71	0	8	25	30	0	32	21	122	14	87	107	239	74	121
417	405	39	27	41	393	21	0	15	39	27	41	30	0	14	39	88	36	123	72	381	16	0	8	21	0	15	16	0	6	20	61	0	45	20	39	27	41	25	0	0	28	18	36	0	0	30	0	14	39	88	36	123	72	369	11	0	0	16	0	8	14	0	4	0	48	0	24	0	21	0	15	6	0	0	0	4	0	0	0	16	0	6	20	61	0	45	20	39	27	41	15	0	0	0	5	0	0	0	25	0	0	28	18	36	0	0	30	0	14	39	88	36	123	72	357	7	0	0	11	0	0	8	0	0	0	26	0	0	0	16	0	8	5	0	0	0	4	0	0	0	14	0	4	0	48	0	24	0	21	0	15	4	0	0	0	5	0	0	0	6	0	0	0	4	0	0	0	16	0	6	20	61	0	45	20	39	27	41	4	0	0	0	11	0	0	0	15	0	0	0	5	0	0	0	25	0	0	28	18	36	0	0	30	0	14	39	88	36	123	72
579	562	58	93	43	545	26	49	22	58	93	43	32	90	14	55	130	238	172	52	528	20	31	8	26	49	22	18	44	6	12	68	163	88	20	58	93	43	22	85	0	20	27	54	43	20	32	90	14	55	130	238	172	52	511	16	9	0	20	31	8	18	18	4	0	51	107	32	0	26	49	22	6	9	0	0	6	0	22	0	18	44	6	12	68	163	88	20	58	93	43	26	36	0	0	12	14	86	0	22	85	0	20	27	54	43	20	32	90	14	55	130	238	172	52	494	8	0	0	16	9	0	11	0	0	0	35	18	0	0	20	31	8	6	0	0	0	6	0	8	0	18	18	4	0	51	107	32	0	26	49	22	4	0	0	0	6	13	44	0	6	9	0	0	6	0	22	0	18	44	6	12	68	163	88	20	58	93	43	9	0	21	0	14	42	43	0	26	36	0	0	12	14	86	0	22	85	0	20	27	54	43	20	32	90	14	55	130	238	172	52
348	338	35	16	29	328	20	0	0	35	16	29	21	0	6	0	74	8	58	101	318	18	0	0	20	0	0	16	0	0	0	54	0	0	24	35	16	29	25	0	0	0	20	8	0	0	21	0	6	0	74	8	58	101	308	13	0	0	18	0	0	14	0	0	0	51	0	0	0	20	0	0	6	0	0	0	4	0	0	0	16	0	0	0	54	0	0	24	35	16	29	15	0	0	0	4	0	0	0	25	0	0	0	20	8	0	0	21	0	6	0	74	8	58	101	298	9	0	0	13	0	0	8	0	0	0	29	0	0	0	18	0	0	5	0	0	0	4	0	0	0	14	0	0	0	51	0	0	0	20	0	0	4	0	0	0	4	0	0	0	6	0	0	0	4	0	0	0	16	0	0	0	54	0	0	24	35	16	29	4	0	0	0	7	0	0	0	15	0	0	0	4	0	0	0	25	0	0	0	20	8	0	0	21	0	6	0	74	8	58	101
497	482	59	84	8	467	25	56	0	59	84	8	44	33	0	0	139	219	40	37	452	16	45	0	25	56	0	20	33	0	0	69	172	0	12	59	84	8	23	62	0	0	26	54	0	0	44	33	0	0	139	219	40	37	437	11	27	0	16	45	0	16	22	0	0	43	124	0	0	25	56	0	6	10	0	0	4	20	0	0	20	33	0	0	69	172	0	12	59	84	8	22	57	0	0	14	22	16	0	23	62	0	0	26	54	0	0	44	33	0	0	139	219	40	37	422	5	20	0	11	27	0	9	10	0	0	26	57	0	0	16	45	0	5	10	0	0	4	20	0	0	16	22	0	0	43	124	0	0	25	56	0	1	30	0	0	5	20	0	0	6	10	0	0	4	20	0	0	20	33	0	0	69	172	0	12	59	84	8	7	20	0	0	17	30	8	0	22	57	0	0	14	22	16	0	23	62	0	0	26	54	0	0	44	33	0	0	139	219	40	37
371	360	26	19	42	349	15	9	8	26	19	42	20	9	9	24	74	28	42	121	338	6	0	6	15	9	8	5	0	0	18	49	9	8	37	26	19	42	2	0	28	12	3	0	42	0	20	9	9	24	74	28	42	121	327	4	0	4	6	0	6	1	0	0	12	15	0	6	16	15	9	8	1	0	0	8	3	0	8	0	5	0	0	18	49	9	8	37	26	19	42	4	0	14	8	6	0	0	0	2	0	28	12	3	0	42	0	20	9	9	24	74	28	42	121	316	3	0	0	4	0	4	1	0	0	0	10	0	4	0	6	0	6	1	0	0	0	3	0	6	0	1	0	0	12	15	0	6	16	15	9	8	3	0	0	0	5	0	0	0	1	0	0	8	3	0	8	0	5	0	0	18	49	9	8	37	26	19	42	2	0	0	0	15	10	0	0	4	0	14	8	6	0	0	0	2	0	28	12	3	0	42	0	20	9	9	24	74	28	42	121
340	330	30	0	54	320	21	0	6	30	0	54	29	0	9	24	81	0	0	195	310	10	0	0	21	0	6	13	0	0	0	60	0	0	63	30	0	54	6	0	41	0	4	0	0	15	29	0	9	24	81	0	0	195	300	6	0	0	10	0	0	7	0	0	0	21	0	0	20	21	0	6	5	0	0	0	4	0	0	8	13	0	0	0	60	0	0	63	30	0	54	4	0	40	0	6	0	0	0	6	0	41	0	4	0	0	15	29	0	9	24	81	0	0	195	290	4	0	0	6	0	0	3	0	0	0	11	0	0	0	10	0	0	3	0	0	0	4	0	0	0	7	0	0	0	21	0	0	20	21	0	6	4	0	0	0	6	0	0	0	5	0	0	0	4	0	0	8	13	0	0	0	60	0	0	63	30	0	54	2	0	26	0	15	0	0	0	4	0	40	0	6	0	0	0	6	0	41	0	4	0	0	15	29	0	9	24	81	0	0	195
433	420	43	51	23	407	18	21	0	43	51	23	18	63	9	0	116	163	69	92	394	11	0	0	18	21	0	11	0	0	0	55	70	0	37	43	51	23	8	0	28	0	14	0	69	0	18	63	9	0	116	163	69	92	381	8	0	0	11	0	0	7	0	0	0	30	0	0	16	18	21	0	2	0	0	0	5	0	0	0	11	0	0	0	55	70	0	37	43	51	23	19	0	14	0	13	10	0	0	8	0	28	0	14	0	69	0	18	63	9	0	116	163	69	92	368	4	0	0	8	0	0	4	0	0	0	22	0	0	0	11	0	0	2	0	0	0	5	0	0	0	7	0	0	0	30	0	0	16	18	21	0	3	0	0	0	5	7	0	0	2	0	0	0	5	0	0	0	11	0	0	0	55	70	0	37	43	51	23	7	0	0	0	20	40	0	0	19	0	14	0	13	10	0	0	8	0	28	0	14	0	69	0	18	63	9	0	116	163	69	92
361	350	36	38	14	339	18	22	0	36	38	14	23	24	9	0	99	82	28	51	328	10	10	0	18	22	0	11	0	0	0	58	46	0	22	36	38	14	8	0	28	0	10	0	28	0	23	24	9	0	99	82	28	51	317	7	10	0	10	10	0	7	0	0	0	29	10	0	8	18	22	0	2	0	0	0	5	0	0	0	11	0	0	0	58	46	0	22	36	38	14	19	0	14	0	9	8	0	0	8	0	28	0	10	0	28	0	23	24	9	0	99	82	28	51	306	3	10	0	7	10	0	4	0	0	0	21	10	0	0	10	10	0	2	0	0	0	5	0	0	0	7	0	0	0	29	10	0	8	18	22	0	3	0	0	0	5	6	0	0	2	0	0	0	5	0	0	0	11	0	0	0	58	46	0	22	36	38	14	7	0	0	0	15	32	0	0	19	0	14	0	9	8	0	0	8	0	28	0	10	0	28	0	23	24	9	0	99	82	28	51
236	229	22	10	5	222	12	0	0	22	10	5	17	0	0	0	57	20	10	8	215	4	0	0	12	0	0	3	0	0	0	34	0	0	0	22	10	5	1	0	10	0	2	0	0	0	17	0	0	0	57	20	10	8	208	3	0	0	4	0	0	1	0	0	0	8	0	0	0	12	0	0	1	0	0	0	2	0	0	0	3	0	0	0	34	0	0	0	22	10	5	3	0	5	0	4	0	0	0	1	0	10	0	2	0	0	0	17	0	0	0	57	20	10	8	201	3	0	0	3	0	0	1	0	0	0	5	0	0	0	4	0	0	1	0	0	0	2	0	0	0	1	0	0	0	8	0	0	0	12	0	0	3	0	0	0	4	0	0	0	1	0	0	0	2	0	0	0	3	0	0	0	34	0	0	0	22	10	5	2	0	0	0	15	0	0	0	3	0	5	0	4	0	0	0	1	0	10	0	2	0	0	0	17	0	0	0	57	20	10	8
361	350	35	18	40	339	8	0	9	35	18	40	8	0	68	36	95	45	80	84	328	7	0	0	8	0	9	6	0	18	0	22	0	18	8	35	18	40	2	0	13	0	7	0	0	43	8	0	68	36	95	45	80	84	317	7	0	0	7	0	0	6	0	0	0	20	0	0	6	8	0	9	2	0	9	0	3	0	0	22	6	0	18	0	22	0	18	8	35	18	40	1	0	0	0	10	0	0	0	2	0	13	0	7	0	0	43	8	0	68	36	95	45	80	84	306	6	0	0	7	0	0	6	0	0	0	20	0	0	4	7	0	0	2	0	0	0	3	0	0	8	6	0	0	0	20	0	0	6	8	0	9	0	0	0	0	1	0	0	0	2	0	9	0	3	0	0	22	6	0	18	0	22	0	18	8	35	18	40	8	0	0	0	27	9	0	0	1	0	0	0	10	0	0	0	2	0	13	0	7	0	0	43	8	0	68	36	95	45	80	84
295	286	34	14	18	277	12	0	0	34	14	18	12	0	33	0	90	21	36	42	268	12	0	0	12	0	0	12	0	0	0	33	0	0	0	34	14	18	4	0	0	0	4	0	0	0	12	0	33	0	90	21	36	42	259	12	0	0	12	0	0	12	0	0	0	33	0	0	0	12	0	0	4	0	0	0	4	0	0	0	12	0	0	0	33	0	0	0	34	14	18	3	0	0	0	8	0	0	0	4	0	0	0	4	0	0	0	12	0	33	0	90	21	36	42	250	10	0	0	12	0	0	12	0	0	0	33	0	0	0	12	0	0	4	0	0	0	4	0	0	0	12	0	0	0	33	0	0	0	12	0	0	0	0	0	0	2	0	0	0	4	0	0	0	4	0	0	0	12	0	0	0	33	0	0	0	34	14	18	12	0	0	0	23	14	0	0	3	0	0	0	8	0	0	0	4	0	0	0	4	0	0	0	12	0	33	0	90	21	36	42
325	315	45	25	7	305	16	0	0	45	25	7	18	0	21	0	117	75	35	23	295	16	0	0	16	0	0	18	0	0	0	47	0	0	0	45	25	7	10	0	0	0	17	0	0	0	18	0	21	0	117	75	35	23	285	15	0	0	16	0	0	18	0	0	0	47	0	0	0	16	0	0	5	0	0	0	6	0	0	0	18	0	0	0	47	0	0	0	45	25	7	18	0	0	0	15	5	0	0	10	0	0	0	17	0	0	0	18	0	21	0	117	75	35	23	275	10	0	0	15	0	0	15	0	0	0	44	0	0	0	16	0	0	5	0	0	0	6	0	0	0	18	0	0	0	47	0	0	0	16	0	0	0	0	0	0	3	0	0	0	5	0	0	0	6	0	0	0	18	0	0	0	47	0	0	0	45	25	7	17	0	0	0	17	25	0	0	18	0	0	0	15	5	0	0	10	0	0	0	17	0	0	0	18	0	21	0	117	75	35	23
396	383	52	64	0	370	15	42	0	52	64	0	22	52	0	0	129	172	0	0	357	13	40	0	15	42	0	13	48	0	0	40	114	0	0	52	64	0	10	16	0	0	15	18	0	0	22	52	0	0	129	172	0	0	344	11	40	0	13	40	0	13	48	0	0	36	112	0	0	15	42	0	3	16	0	0	4	16	0	0	13	48	0	0	40	114	0	0	52	64	0	20	0	0	0	10	12	0	0	10	16	0	0	15	18	0	0	22	52	0	0	129	172	0	0	331	5	32	0	11	40	0	9	48	0	0	30	112	0	0	13	40	0	3	16	0	0	4	16	0	0	13	48	0	0	36	112	0	0	15	42	0	0	0	0	0	2	8	0	0	3	16	0	0	4	16	0	0	13	48	0	0	40	114	0	0	52	64	0	9	32	0	0	13	28	0	0	20	0	0	0	10	12	0	0	10	16	0	0	15	18	0	0	22	52	0	0	129	172	0	0
228	221	30	12	0	214	11	0	0	30	12	0	12	0	0	0	76	24	0	0	207	11	0	0	11	0	0	12	0	0	0	32	0	0	0	30	12	0	4	0	0	0	6	0	0	0	12	0	0	0	76	24	0	0	200	11	0	0	11	0	0	12	0	0	0	32	0	0	0	11	0	0	4	0	0	0	4	0	0	0	12	0	0	0	32	0	0	0	30	12	0	3	0	0	0	8	0	0	0	4	0	0	0	6	0	0	0	12	0	0	0	76	24	0	0	193	9	0	0	11	0	0	12	0	0	0	32	0	0	0	11	0	0	4	0	0	0	4	0	0	0	12	0	0	0	32	0	0	0	11	0	0	0	0	0	0	2	0	0	0	4	0	0	0	4	0	0	0	12	0	0	0	32	0	0	0	30	12	0	12	0	0	0	15	8	0	0	3	0	0	0	8	0	0	0	4	0	0	0	6	0	0	0	12	0	0	0	76	24	0	0
444	430	52	40	62	416	26	0	44	52	40	62	40	0	52	34	120	110	248	47	402	20	0	27	26	0	44	20	0	51	9	65	0	176	9	52	40	62	20	0	28	74	15	40	0	23	40	0	52	34	120	110	248	47	388	14	0	0	20	0	27	14	0	40	0	48	0	108	0	26	0	44	3	0	28	0	4	0	0	0	20	0	51	9	65	0	176	9	52	40	62	20	0	24	0	13	30	0	125	20	0	28	74	15	40	0	23	40	0	52	34	120	110	248	47	374	8	0	0	14	0	0	10	0	0	0	34	0	0	0	20	0	27	3	0	26	0	4	0	0	0	14	0	40	0	48	0	108	0	26	0	44	1	0	24	0	4	0	0	48	3	0	28	0	4	0	0	0	20	0	51	9	65	0	176	9	52	40	62	11	0	10	0	8	0	0	0	20	0	24	0	13	30	0	125	20	0	28	74	15	40	0	23	40	0	52	34	120	110	248	47
615	595	70	132	51	575	29	76	36	70	132	51	47	93	24	46	164	389	255	7	555	22	70	14	29	76	36	19	90	23	9	70	229	180	0	70	132	51	16	65	0	61	18	85	0	37	47	93	24	46	164	389	255	7	535	17	45	0	22	70	14	15	75	14	0	48	210	70	0	29	76	36	4	15	0	0	4	31	0	0	19	90	23	9	70	229	180	0	70	132	51	7	150	10	0	15	46	51	51	16	65	0	61	18	85	0	37	47	93	24	46	164	389	255	7	515	11	10	0	17	45	0	13	30	0	0	37	140	0	0	22	70	14	4	10	0	0	4	30	0	0	15	75	14	0	48	210	70	0	29	76	36	1	0	10	0	4	15	36	22	4	15	0	0	4	31	0	0	19	90	23	9	70	229	180	0	70	132	51	6	50	18	0	12	16	153	0	7	150	10	0	15	46	51	51	16	65	0	61	18	85	0	37	47	93	24	46	164	389	255	7
443	429	40	25	57	415	20	13	22	40	25	57	24	0	0	42	96	77	57	65	401	19	13	0	20	13	22	19	0	0	0	49	65	22	9	40	25	57	11	0	0	0	18	13	0	79	24	0	0	42	96	77	57	65	387	17	12	0	19	13	0	19	0	0	0	48	65	0	0	20	13	22	5	0	0	0	5	13	0	8	19	0	0	0	49	65	22	9	40	25	57	18	12	0	0	13	12	0	0	11	0	0	0	18	13	0	79	24	0	0	42	96	77	57	65	373	11	0	0	17	12	0	16	0	0	0	43	60	0	0	19	13	0	5	0	0	0	5	13	0	6	19	0	0	0	48	65	0	0	20	13	22	1	0	0	0	4	0	0	0	5	0	0	0	5	13	0	8	19	0	0	0	49	65	22	9	40	25	57	10	0	8	0	4	0	57	0	18	12	0	0	13	12	0	0	11	0	0	0	18	13	0	79	24	0	0	42	96	77	57	65
452	437	46	74	20	422	17	52	0	46	74	20	18	64	0	0	113	175	40	25	407	16	50	0	17	52	0	14	60	0	0	45	135	0	0	46	74	20	11	20	0	0	18	11	0	0	18	64	0	0	113	175	40	25	392	13	48	0	16	50	0	14	60	0	0	42	130	0	0	17	52	0	3	20	0	0	5	10	0	0	14	60	0	0	45	135	0	0	46	74	20	19	16	0	0	15	18	0	0	11	20	0	0	18	11	0	0	18	64	0	0	113	175	40	25	377	6	36	0	13	48	0	10	56	0	0	34	126	0	0	16	50	0	3	20	0	0	5	10	0	0	14	60	0	0	42	130	0	0	17	52	0	1	0	0	0	3	10	0	0	3	20	0	0	5	10	0	0	14	60	0	0	45	135	0	0	46	74	20	6	32	8	0	7	10	20	0	19	16	0	0	15	18	0	0	11	20	0	0	18	11	0	0	18	64	0	0	113	175	40	25
317	307	40	21	13	297	22	0	0	40	21	13	27	0	0	0	97	42	39	7	287	20	0	0	22	0	0	21	0	0	0	60	0	0	0	40	21	13	14	0	0	0	15	14	0	0	27	0	0	0	97	42	39	7	277	17	0	0	20	0	0	19	0	0	0	53	0	0	0	22	0	0	5	0	0	0	6	0	0	0	21	0	0	0	60	0	0	0	40	21	13	19	0	0	0	12	14	0	0	14	0	0	0	15	14	0	0	27	0	0	0	97	42	39	7	267	10	0	0	17	0	0	16	0	0	0	47	0	0	0	20	0	0	5	0	0	0	6	0	0	0	19	0	0	0	53	0	0	0	22	0	0	1	0	0	0	4	0	0	0	5	0	0	0	6	0	0	0	21	0	0	0	60	0	0	0	40	21	13	10	0	8	0	6	0	0	0	19	0	0	0	12	14	0	0	14	0	0	0	15	14	0	0	27	0	0	0	97	42	39	7
432	418	40	24	90	404	22	0	52	40	24	90	38	0	45	42	91	36	180	146	390	15	0	51	22	0	52	17	0	43	40	57	0	104	80	40	24	90	12	0	25	13	3	0	0	0	38	0	45	42	91	36	180	146	376	8	0	46	15	0	51	10	0	43	31	33	0	102	41	22	0	52	3	0	14	9	3	0	0	0	17	0	43	40	57	0	104	80	40	24	90	1	0	38	49	4	0	0	0	12	0	25	13	3	0	0	0	38	0	45	42	91	36	180	146	362	5	0	21	8	0	46	5	0	41	0	18	0	92	0	15	0	51	2	0	14	0	3	0	0	0	10	0	43	31	33	0	102	41	22	0	52	1	0	0	0	4	0	0	0	3	0	14	9	3	0	0	0	17	0	43	40	57	0	104	80	40	24	90	2	0	26	34	12	0	0	117	1	0	38	49	4	0	0	0	12	0	25	13	3	0	0	0	38	0	45	42	91	36	180	146
455	440	51	65	54	425	25	30	24	51	65	54	34	78	30	34	115	143	162	126	410	19	9	24	25	30	24	19	18	28	34	58	75	72	80	51	65	54	11	27	37	0	9	0	108	0	34	78	30	34	115	143	162	126	395	13	0	18	19	9	24	13	0	28	23	38	9	72	41	25	30	24	5	0	24	0	6	0	48	0	19	18	28	34	58	75	72	80	51	65	54	11	0	42	38	12	0	54	0	11	27	37	0	9	0	108	0	34	78	30	34	115	143	162	126	380	10	0	0	13	0	18	10	0	26	0	25	0	54	0	19	9	24	4	0	24	0	6	0	48	0	13	0	28	23	38	9	72	41	25	30	24	3	0	10	0	6	0	24	0	5	0	24	0	6	0	48	0	19	18	28	34	58	75	72	80	51	65	54	10	0	10	0	17	24	0	82	11	0	42	38	12	0	54	0	11	27	37	0	9	0	108	0	34	78	30	34	115	143	162	126
386	373	39	42	47	360	21	32	0	39	42	47	36	11	0	0	94	53	47	203	347	15	31	0	21	32	0	17	11	0	0	57	53	0	102	39	42	47	13	9	10	0	11	0	0	0	36	11	0	0	94	53	47	203	334	7	21	0	15	31	0	10	11	0	0	36	51	0	41	21	32	0	3	0	0	0	4	0	0	0	17	11	0	0	57	53	0	102	39	42	47	2	10	50	0	3	10	47	0	13	9	10	0	11	0	0	0	36	11	0	0	94	53	47	203	321	3	20	0	7	21	0	4	10	0	0	15	30	0	0	15	31	0	2	0	0	0	4	0	0	0	10	11	0	0	36	51	0	41	21	32	0	0	10	0	0	3	10	0	0	3	0	0	0	4	0	0	0	17	11	0	0	57	53	0	102	39	42	47	1	10	26	0	9	10	0	0	2	10	50	0	3	10	47	0	13	9	10	0	11	0	0	0	36	11	0	0	94	53	47	203
446	431	60	79	20	416	29	37	0	60	79	20	32	82	0	0	137	181	100	113	401	25	20	0	29	37	0	23	12	0	0	66	64	0	80	60	79	20	11	30	10	0	10	0	40	0	32	82	0	0	137	181	100	113	386	19	14	0	25	20	0	18	0	0	0	52	12	0	41	29	37	0	5	0	0	0	6	0	0	0	23	12	0	0	66	64	0	80	60	79	20	13	0	30	0	11	13	20	0	11	30	10	0	10	0	40	0	32	82	0	0	137	181	100	113	371	15	13	0	19	14	0	14	0	0	0	38	0	0	0	25	20	0	4	0	0	0	6	0	0	0	18	0	0	0	52	12	0	41	29	37	0	3	0	0	0	5	11	0	0	5	0	0	0	6	0	0	0	23	12	0	0	66	64	0	80	60	79	20	9	13	10	0	20	35	0	0	13	0	30	0	11	13	20	0	11	30	10	0	10	0	40	0	32	82	0	0	137	181	100	113
274	265	44	23	10	256	24	5	0	44	23	10	36	15	0	0	99	57	30	51	247	19	0	0	24	5	0	20	0	0	0	55	20	0	36	44	23	10	14	0	10	0	7	0	10	0	36	15	0	0	99	57	30	51	238	13	0	0	19	0	0	13	0	0	0	38	0	0	14	24	5	0	5	0	0	0	6	0	0	0	20	0	0	0	55	20	0	36	44	23	10	11	0	30	0	9	0	0	0	14	0	10	0	7	0	10	0	36	15	0	0	99	57	30	51	229	10	0	0	13	0	0	10	0	0	0	25	0	0	0	19	0	0	4	0	0	0	6	0	0	0	13	0	0	0	38	0	0	14	24	5	0	3	0	0	0	6	0	0	0	5	0	0	0	6	0	0	0	20	0	0	0	55	20	0	36	44	23	10	10	0	10	0	15	16	0	0	11	0	30	0	9	0	0	0	14	0	10	0	7	0	10	0	36	15	0	0	99	57	30	51
360	348	20	0	100	336	9	0	56	20	0	100	7	0	52	45	48	0	0	221	324	6	0	55	9	0	56	3	0	15	43	14	0	0	76	20	0	100	0	0	24	14	2	0	0	0	7	0	52	45	48	0	0	221	312	6	0	55	6	0	55	3	0	14	43	9	0	0	75	9	0	56	0	0	0	14	2	0	0	0	3	0	15	43	14	0	0	76	20	0	100	1	0	0	0	2	0	0	0	0	0	24	14	2	0	0	0	7	0	52	45	48	0	0	221	300	6	0	54	6	0	55	3	0	14	41	9	0	0	64	6	0	55	0	0	0	13	2	0	0	0	3	0	14	43	9	0	0	75	9	0	56	1	0	0	0	2	0	0	0	0	0	0	14	2	0	0	0	3	0	15	43	14	0	0	76	20	0	100	2	0	0	13	12	0	0	0	1	0	0	0	2	0	0	0	0	0	24	14	2	0	0	0	7	0	52	45	48	0	0	221
477	461	47	39	85	445	22	0	51	47	39	85	20	0	62	30	113	104	255	174	429	20	0	50	22	0	51	16	0	25	28	45	0	153	76	47	39	85	4	0	15	14	6	0	0	0	20	0	62	30	113	104	255	174	413	20	0	50	20	0	50	16	0	24	28	42	0	150	75	22	0	51	4	0	0	14	4	0	0	0	16	0	25	28	45	0	153	76	47	39	85	10	0	0	0	10	0	0	0	4	0	15	14	6	0	0	0	20	0	62	30	113	104	255	174	397	18	0	49	20	0	50	16	0	24	26	42	0	150	64	20	0	50	4	0	0	13	4	0	0	0	16	0	24	28	42	0	150	75	22	0	51	2	0	0	0	4	0	0	0	4	0	0	14	4	0	0	0	16	0	25	28	45	0	153	76	47	39	85	9	0	0	13	19	26	0	0	10	0	0	0	10	0	0	0	4	0	15	14	6	0	0	0	20	0	62	30	113	104	255	174
339	327	50	43	20	315	23	27	0	50	43	20	22	18	35	0	115	93	40	84	303	19	27	0	23	27	0	14	18	0	0	47	54	0	24	50	43	20	4	0	15	0	4	18	0	0	22	18	35	0	115	93	40	84	291	19	27	0	19	27	0	14	18	0	0	41	54	0	24	23	27	0	4	0	0	0	3	18	0	0	14	18	0	0	47	54	0	24	50	43	20	10	0	0	0	7	0	0	0	4	0	15	0	4	18	0	0	22	18	35	0	115	93	40	84	279	17	27	0	19	27	0	14	18	0	0	41	54	0	18	19	27	0	4	0	0	0	3	18	0	0	14	18	0	0	41	54	0	24	23	27	0	2	0	0	0	4	0	0	0	4	0	0	0	3	18	0	0	14	18	0	0	47	54	0	24	50	43	20	9	0	0	0	17	14	0	0	10	0	0	0	7	0	0	0	4	0	15	0	4	18	0	0	22	18	35	0	115	93	40	84
277	267	50	35	6	257	24	21	0	50	35	6	18	14	12	0	114	82	18	20	247	23	21	0	24	21	0	16	14	0	0	52	49	0	0	50	35	6	4	0	6	0	7	0	0	0	18	14	12	0	114	82	18	20	237	23	21	0	23	21	0	16	14	0	0	50	49	0	0	24	21	0	4	0	0	0	6	0	0	0	16	14	0	0	52	49	0	0	50	35	6	10	0	0	0	8	0	0	0	4	0	6	0	7	0	0	0	18	14	12	0	114	82	18	20	227	21	21	0	23	21	0	16	14	0	0	50	49	0	0	23	21	0	4	0	0	0	6	0	0	0	16	14	0	0	50	49	0	0	24	21	0	2	0	0	0	4	0	0	0	4	0	0	0	6	0	0	0	16	14	0	0	52	49	0	0	50	35	6	9	0	0	0	14	8	0	0	10	0	0	0	8	0	0	0	4	0	6	0	7	0	0	0	18	14	12	0	114	82	18	20
333	321	58	49	6	309	27	27	0	58	49	6	22	18	12	0	138	116	30	20	297	26	27	0	27	27	0	20	18	0	0	65	54	0	0	58	49	6	4	0	6	0	10	0	0	0	22	18	12	0	138	116	30	20	285	26	27	0	26	27	0	20	18	0	0	63	54	0	0	27	27	0	4	0	0	0	6	0	0	0	20	18	0	0	65	54	0	0	58	49	6	10	0	0	0	15	0	0	0	4	0	6	0	10	0	0	0	22	18	12	0	138	116	30	20	273	24	27	0	26	27	0	20	18	0	0	63	54	0	0	26	27	0	4	0	0	0	6	0	0	0	20	18	0	0	63	54	0	0	27	27	0	2	0	0	0	4	0	0	0	4	0	0	0	6	0	0	0	20	18	0	0	65	54	0	0	58	49	6	9	0	0	0	21	8	0	0	10	0	0	0	15	0	0	0	4	0	6	0	10	0	0	0	22	18	12	0	138	116	30	20
432	417	53	36	98	402	29	0	70	53	36	98	28	0	81	101	132	72	294	91	387	27	0	47	29	0	70	22	0	73	40	72	0	210	51	53	36	98	15	0	15	92	14	12	0	74	28	0	81	101	132	72	294	91	372	24	0	34	27	0	47	20	0	42	38	63	0	141	50	29	0	70	7	0	15	38	5	0	0	24	22	0	73	40	72	0	210	51	53	36	98	19	0	0	34	15	36	0	51	15	0	15	92	14	12	0	74	28	0	81	101	132	72	294	91	357	20	0	34	24	0	34	17	0	10	38	53	0	102	50	27	0	47	6	0	10	38	4	0	0	24	20	0	42	38	63	0	141	50	29	0	70	6	0	0	34	6	0	0	36	7	0	15	38	5	0	0	24	22	0	73	40	72	0	210	51	53	36	98	11	0	0	0	11	24	0	0	19	0	0	34	15	36	0	51	15	0	15	92	14	12	0	74	28	0	81	101	132	72	294	91
574	553	72	147	59	532	37	96	20	72	147	59	32	113	23	72	168	307	236	117	511	34	92	0	37	96	20	25	107	15	0	94	188	80	51	72	147	59	23	64	0	0	27	45	0	84	32	113	23	72	168	307	236	117	490	28	82	0	34	92	0	23	105	0	0	86	182	0	50	37	96	20	3	60	0	0	6	30	0	24	25	107	15	0	94	188	80	51	72	147	59	17	118	0	0	13	78	0	0	23	64	0	0	27	45	0	84	32	113	23	72	168	307	236	117	469	24	52	0	28	82	0	14	89	0	0	66	152	0	50	34	92	0	2	60	0	0	6	30	0	24	23	105	0	0	86	182	0	50	37	96	20	4	30	0	0	4	45	0	0	3	60	0	0	6	30	0	24	25	107	15	0	94	188	80	51	72	147	59	3	88	0	0	15	52	118	0	17	118	0	0	13	78	0	0	23	64	0	0	27	45	0	84	32	113	23	72	168	307	236	117
351	338	50	47	28	325	24	36	0	50	47	28	19	27	0	0	123	110	28	117	312	24	36	0	24	36	0	19	27	0	0	58	99	0	51	50	47	28	4	0	0	0	12	0	0	0	19	27	0	0	123	110	28	117	299	24	36	0	24	36	0	19	27	0	0	58	99	0	50	24	36	0	4	0	0	0	6	0	0	0	19	27	0	0	58	99	0	51	50	47	28	10	0	0	0	14	0	0	0	4	0	0	0	12	0	0	0	19	27	0	0	123	110	28	117	286	22	36	0	24	36	0	19	27	0	0	58	99	0	50	24	36	0	4	0	0	0	6	0	0	0	19	27	0	0	58	99	0	50	24	36	0	2	0	0	0	3	0	0	0	4	0	0	0	6	0	0	0	19	27	0	0	58	99	0	51	50	47	28	8	0	0	0	13	0	0	0	10	0	0	0	14	0	0	0	4	0	0	0	12	0	0	0	19	27	0	0	123	110	28	117
275	265	44	29	8	255	24	16	0	44	29	8	20	8	0	0	109	51	16	12	245	24	16	0	24	16	0	20	8	0	0	58	32	0	0	44	29	8	6	0	0	0	10	0	0	0	20	8	0	0	109	51	16	12	235	23	16	0	24	16	0	20	8	0	0	58	32	0	0	24	16	0	4	0	0	0	3	0	0	0	20	8	0	0	58	32	0	0	44	29	8	12	0	0	0	13	6	0	0	6	0	0	0	10	0	0	0	20	8	0	0	109	51	16	12	225	20	16	0	23	16	0	19	8	0	0	55	32	0	0	24	16	0	4	0	0	0	3	0	0	0	20	8	0	0	58	32	0	0	24	16	0	2	0	0	0	3	0	0	0	4	0	0	0	3	0	0	0	20	8	0	0	58	32	0	0	44	29	8	8	0	0	0	11	6	0	0	12	0	0	0	13	6	0	0	6	0	0	0	10	0	0	0	20	8	0	0	109	51	16	12
375	361	65	69	4	347	27	40	0	65	69	4	27	40	0	0	162	215	20	6	333	25	40	0	27	40	0	19	40	0	0	66	130	0	0	65	69	4	15	0	0	0	18	10	0	0	27	40	0	0	162	215	20	6	319	22	40	0	25	40	0	17	40	0	0	60	130	0	0	27	40	0	7	0	0	0	5	0	0	0	19	40	0	0	66	130	0	0	65	69	4	19	0	0	0	17	15	0	0	15	0	0	0	18	10	0	0	27	40	0	0	162	215	20	6	305	18	40	0	22	40	0	14	40	0	0	50	130	0	0	25	40	0	6	0	0	0	5	0	0	0	17	40	0	0	60	130	0	0	27	40	0	6	0	0	0	6	0	0	0	7	0	0	0	5	0	0	0	19	40	0	0	66	130	0	0	65	69	4	10	0	0	0	17	10	0	0	19	0	0	0	17	15	0	0	15	0	0	0	18	10	0	0	27	40	0	0	162	215	20	6
363	350	46	12	86	337	27	0	40	46	12	86	32	0	16	52	124	48	86	197	324	24	0	37	27	0	40	20	0	15	46	70	0	40	90	46	12	86	15	0	0	27	13	12	0	0	32	0	16	52	124	48	86	197	311	19	0	22	24	0	37	18	0	15	22	61	0	37	47	27	0	40	7	0	0	0	4	0	0	0	20	0	15	46	70	0	40	90	46	12	86	11	0	22	62	6	0	0	54	15	0	0	27	13	12	0	0	32	0	16	52	124	48	86	197	298	15	0	10	19	0	22	11	0	10	10	44	0	22	34	24	0	37	6	0	0	0	4	0	0	0	18	0	15	22	61	0	37	47	27	0	40	6	0	0	10	6	0	0	24	7	0	0	0	4	0	0	0	20	0	15	46	70	0	40	90	46	12	86	2	0	22	20	4	0	0	51	11	0	22	62	6	0	0	54	15	0	0	27	13	12	0	0	32	0	16	52	124	48	86	197
467	450	59	57	91	433	31	30	54	59	57	91	40	15	52	37	149	136	182	169	416	24	28	48	31	30	54	19	15	51	27	74	45	108	90	59	57	91	13	26	28	39	19	26	0	0	40	15	52	37	149	136	182	169	399	19	13	26	24	28	48	17	13	51	10	55	39	96	47	31	30	54	7	0	28	0	4	0	0	0	19	15	51	27	74	45	108	90	59	57	91	9	26	32	66	9	0	91	67	13	26	28	39	19	26	0	0	40	15	52	37	149	136	182	169	382	14	0	4	19	13	26	10	0	42	0	38	0	52	34	24	28	48	6	0	28	0	4	0	0	0	17	13	51	10	55	39	96	47	31	30	54	6	0	10	0	9	0	54	0	7	0	28	0	4	0	0	0	19	15	51	27	74	45	108	90	59	57	91	3	0	45	16	6	0	91	71	9	26	32	66	9	0	91	67	13	26	28	39	19	26	0	0	40	15	52	37	149	136	182	169
385	371	47	53	42	357	20	8	36	47	53	42	23	40	32	15	123	117	210	4	343	16	0	36	20	8	36	11	0	31	15	53	8	180	0	47	53	42	11	0	8	0	11	16	42	0	23	40	32	15	123	117	210	4	329	13	0	30	16	0	36	9	0	31	10	40	0	180	0	20	8	36	3	0	8	0	2	0	36	0	11	0	31	15	53	8	180	0	47	53	42	9	0	0	62	6	0	0	0	11	0	8	0	11	16	42	0	23	40	32	15	123	117	210	4	315	11	0	4	13	0	30	6	0	26	0	30	0	150	0	16	0	36	2	0	8	0	2	0	36	0	9	0	31	10	40	0	180	0	20	8	36	4	0	0	0	6	0	0	0	3	0	8	0	2	0	36	0	11	0	31	15	53	8	180	0	47	53	42	3	0	0	16	5	0	0	108	9	0	0	62	6	0	0	0	11	0	8	0	11	16	42	0	23	40	32	15	123	117	210	4
421	405	66	94	28	389	27	66	0	66	94	28	36	63	0	0	158	279	84	161	373	22	50	0	27	66	0	20	34	0	0	65	197	0	90	66	94	28	18	78	0	0	22	40	28	0	36	63	0	0	158	279	84	161	357	16	29	0	22	50	0	20	14	0	0	54	134	0	47	27	66	0	4	29	0	0	3	22	0	0	20	34	0	0	65	197	0	90	66	94	28	12	65	22	0	14	33	56	0	18	78	0	0	22	40	28	0	36	63	0	0	158	279	84	161	341	11	20	0	16	29	0	9	0	0	0	34	69	0	34	22	50	0	4	20	0	0	3	20	0	0	20	14	0	0	54	134	0	47	27	66	0	2	40	0	0	7	30	0	0	4	29	0	0	3	22	0	0	20	34	0	0	65	197	0	90	66	94	28	6	20	22	0	18	22	28	0	12	65	22	0	14	33	56	0	18	78	0	0	22	40	28	0	36	63	0	0	158	279	84	161
298	287	49	34	16	276	24	10	0	49	34	16	33	0	0	0	126	100	64	63	265	20	10	0	24	10	0	18	0	0	0	60	40	0	20	49	34	16	15	0	0	0	12	12	0	0	33	0	0	0	126	100	64	63	254	15	10	0	20	10	0	16	0	0	0	47	40	0	0	24	10	0	7	0	0	0	4	0	0	0	18	0	0	0	60	40	0	20	49	34	16	11	0	22	0	12	0	0	0	15	0	0	0	12	12	0	0	33	0	0	0	126	100	64	63	243	11	10	0	15	10	0	9	0	0	0	30	40	0	0	20	10	0	6	0	0	0	4	0	0	0	16	0	0	0	47	40	0	0	24	10	0	6	0	0	0	9	0	0	0	7	0	0	0	4	0	0	0	18	0	0	0	60	40	0	20	49	34	16	3	0	22	0	10	0	0	0	11	0	22	0	12	0	0	0	15	0	0	0	12	12	0	0	33	0	0	0	126	100	64	63
242	233	27	8	31	224	12	0	10	27	8	31	13	0	15	0	67	8	31	86	215	8	0	10	12	0	10	4	0	0	0	31	0	10	36	27	8	31	3	0	14	0	2	0	0	0	13	0	15	0	67	8	31	86	206	7	0	10	8	0	10	2	0	0	0	17	0	10	36	12	0	10	2	0	0	0	2	0	0	0	4	0	0	0	31	0	10	36	27	8	31	4	0	7	0	6	0	0	0	3	0	14	0	2	0	0	0	13	0	15	0	67	8	31	86	197	7	0	10	7	0	10	2	0	0	0	15	0	10	30	8	0	10	2	0	0	0	2	0	0	0	2	0	0	0	17	0	10	36	12	0	10	4	0	0	0	6	0	0	0	2	0	0	0	2	0	0	0	4	0	0	0	31	0	10	36	27	8	31	3	0	0	0	5	0	0	0	4	0	7	0	6	0	0	0	3	0	14	0	2	0	0	0	13	0	15	0	67	8	31	86
453	436	46	64	86	419	17	12	34	46	64	86	12	48	47	74	101	192	344	263	402	13	0	33	17	12	34	7	0	28	71	39	36	136	130	46	64	86	3	0	27	15	7	0	86	0	12	48	47	74	101	192	344	263	385	11	0	33	13	0	33	4	0	28	71	25	0	132	121	17	12	34	2	0	0	15	2	0	34	0	7	0	28	71	39	36	136	130	46	64	86	4	0	20	0	12	0	0	0	3	0	27	15	7	0	86	0	12	48	47	74	101	192	344	263	368	11	0	26	11	0	33	4	0	28	54	23	0	132	78	13	0	33	2	0	0	10	2	0	33	0	4	0	28	71	25	0	132	121	17	12	34	4	0	0	0	6	0	0	0	2	0	0	15	2	0	34	0	7	0	28	71	39	36	136	130	46	64	86	10	0	0	66	12	0	0	0	4	0	20	0	12	0	0	0	3	0	27	15	7	0	86	0	12	48	47	74	101	192	344	263
268	258	28	16	35	248	10	0	18	28	16	35	11	0	40	26	60	24	70	58	238	8	0	18	10	0	18	4	0	28	26	22	0	36	36	28	16	35	0	0	0	0	0	0	0	0	11	0	40	26	60	24	70	58	228	8	0	18	8	0	18	4	0	28	26	15	0	36	36	10	0	18	0	0	0	0	0	0	0	0	4	0	28	26	22	0	36	36	28	16	35	0	0	0	0	3	0	0	0	0	0	0	0	0	0	0	0	11	0	40	26	60	24	70	58	218	8	0	16	8	0	18	4	0	28	24	15	0	36	30	8	0	18	0	0	0	0	0	0	0	0	4	0	28	26	15	0	36	36	10	0	18	0	0	0	0	3	0	0	0	0	0	0	0	0	0	0	0	4	0	28	26	22	0	36	36	28	16	35	3	0	0	16	4	0	0	0	0	0	0	0	3	0	0	0	0	0	0	0	0	0	0	0	11	0	40	26	60	24	70	58
380	365	48	73	34	350	19	44	0	48	73	34	17	48	15	0	110	170	102	177	335	15	36	0	19	44	0	11	24	0	0	47	92	0	90	48	73	34	15	0	27	0	11	0	34	0	17	48	15	0	110	170	102	177	320	10	36	0	15	36	0	8	24	0	0	34	60	0	84	19	44	0	2	0	0	0	3	0	0	0	11	24	0	0	47	92	0	90	48	73	34	12	0	20	0	7	33	0	0	15	0	27	0	11	0	34	0	17	48	15	0	110	170	102	177	305	8	35	0	10	36	0	2	24	0	0	22	60	0	56	15	36	0	2	0	0	0	3	0	0	0	8	24	0	0	34	60	0	84	19	44	0	4	0	0	0	4	24	0	0	2	0	0	0	3	0	0	0	11	24	0	0	47	92	0	90	48	73	34	9	11	0	0	11	22	0	0	12	0	20	0	7	33	0	0	15	0	27	0	11	0	34	0	17	48	15	0	110	170	102	177
233	224	26	23	8	215	8	8	0	26	23	8	11	0	8	0	56	38	24	42	206	6	8	0	8	8	0	4	0	0	0	17	8	0	36	26	23	8	0	0	0	0	0	0	0	0	11	0	8	0	56	38	24	42	197	6	8	0	6	8	0	4	0	0	0	10	8	0	36	8	8	0	0	0	0	0	0	0	0	0	4	0	0	0	17	8	0	36	26	23	8	0	0	0	0	3	0	0	0	0	0	0	0	0	0	0	0	11	0	8	0	56	38	24	42	188	6	8	0	6	8	0	4	0	0	0	10	8	0	30	6	8	0	0	0	0	0	0	0	0	0	4	0	0	0	10	8	0	36	8	8	0	0	0	0	0	3	0	0	0	0	0	0	0	0	0	0	0	4	0	0	0	17	8	0	36	26	23	8	3	0	0	0	5	0	0	0	0	0	0	0	3	0	0	0	0	0	0	0	0	0	0	0	11	0	8	0	56	38	24	42
337	324	27	12	79	311	10	0	29	27	12	79	5	0	20	82	61	12	79	194	298	10	0	18	10	0	29	5	0	0	36	21	0	29	62	27	12	79	0	0	0	26	2	0	0	42	5	0	20	82	61	12	79	194	285	10	0	18	10	0	18	5	0	0	36	21	0	18	61	10	0	29	0	0	0	26	2	0	0	36	5	0	0	36	21	0	29	62	27	12	79	1	0	0	0	9	0	0	0	0	0	0	26	2	0	0	42	5	0	20	82	61	12	79	194	272	9	0	18	10	0	18	5	0	0	36	21	0	18	61	10	0	18	0	0	0	26	2	0	0	36	5	0	0	36	21	0	18	61	10	0	29	0	0	0	0	0	0	0	0	0	0	0	26	2	0	0	36	5	0	0	36	21	0	29	62	27	12	79	9	0	0	0	10	12	0	0	1	0	0	0	9	0	0	0	0	0	0	26	2	0	0	42	5	0	20	82	61	12	79	194
256	246	33	24	25	236	11	0	11	33	24	25	9	0	12	22	68	60	100	86	226	11	0	10	11	0	11	9	0	0	20	29	0	44	34	33	24	25	12	0	0	10	16	0	0	0	9	0	12	22	68	60	100	86	216	8	0	10	11	0	10	9	0	0	20	29	0	40	33	11	0	11	0	0	0	10	3	0	0	0	9	0	0	20	29	0	44	34	33	24	25	9	0	0	0	4	18	0	0	12	0	0	10	16	0	0	0	9	0	12	22	68	60	100	86	206	5	0	10	8	0	10	3	0	0	20	19	0	40	33	11	0	10	0	0	0	10	3	0	0	0	9	0	0	20	29	0	40	33	11	0	11	0	0	0	0	1	0	0	0	0	0	0	10	3	0	0	0	9	0	0	20	29	0	44	34	33	24	25	8	0	0	0	10	18	0	0	9	0	0	0	4	18	0	0	12	0	0	10	16	0	0	0	9	0	12	22	68	60	100	86
328	315	47	47	30	302	16	12	7	47	47	30	13	0	40	21	96	134	150	120	289	15	12	0	16	12	7	11	0	14	0	38	36	35	34	47	47	30	14	0	10	0	26	0	0	28	13	0	40	21	96	134	150	120	276	12	12	0	15	12	0	11	0	0	0	36	36	0	33	16	12	7	2	0	7	0	5	0	0	0	11	0	14	0	38	36	35	34	47	47	30	13	0	0	0	10	21	0	0	14	0	10	0	26	0	0	28	13	0	40	21	96	134	150	120	263	7	7	0	12	12	0	5	0	0	0	26	36	0	33	15	12	0	0	0	0	0	3	0	0	0	11	0	0	0	36	36	0	33	16	12	7	0	0	0	0	1	0	0	0	2	0	7	0	5	0	0	0	11	0	14	0	38	36	35	34	47	47	30	4	35	20	0	14	21	0	0	13	0	0	0	10	21	0	0	14	0	10	0	26	0	0	28	13	0	40	21	96	134	150	120
319	306	30	48	33	293	7	30	0	30	48	33	3	20	20	0	67	76	66	163	280	7	30	0	7	30	0	3	20	0	0	16	50	0	52	30	48	33	0	0	0	0	6	0	0	0	3	20	20	0	67	76	66	163	267	7	30	0	7	30	0	3	20	0	0	16	50	0	51	7	30	0	0	0	0	0	2	0	0	0	3	20	0	0	16	50	0	52	30	48	33	1	0	0	0	9	0	0	0	0	0	0	0	6	0	0	0	3	20	20	0	67	76	66	163	254	6	28	0	7	30	0	3	20	0	0	16	50	0	51	7	30	0	0	0	0	0	2	0	0	0	3	20	0	0	16	50	0	51	7	30	0	0	0	0	0	0	0	0	0	0	0	0	0	2	0	0	0	3	20	0	0	16	50	0	52	30	48	33	7	16	0	0	10	8	0	0	1	0	0	0	9	0	0	0	0	0	0	0	6	0	0	0	3	20	20	0	67	76	66	163
205	197	25	15	5	189	7	0	0	25	15	5	3	0	0	0	50	30	15	8	181	7	0	0	7	0	0	3	0	0	0	16	0	0	0	25	15	5	0	0	0	0	9	0	0	0	3	0	0	0	50	30	15	8	173	7	0	0	7	0	0	3	0	0	0	16	0	0	0	7	0	0	0	0	0	0	2	0	0	0	3	0	0	0	16	0	0	0	25	15	5	1	0	0	0	6	0	0	0	0	0	0	0	9	0	0	0	3	0	0	0	50	30	15	8	165	6	0	0	7	0	0	3	0	0	0	16	0	0	0	7	0	0	0	0	0	0	2	0	0	0	3	0	0	0	16	0	0	0	7	0	0	0	0	0	0	0	0	0	0	0	0	0	0	2	0	0	0	3	0	0	0	16	0	0	0	25	15	5	8	0	0	0	8	5	0	0	1	0	0	0	6	0	0	0	0	0	0	0	9	0	0	0	3	0	0	0	50	30	15	8
372	357	39	36	86	342	19	0	63	39	36	86	21	0	67	58	72	48	258	60	327	13	0	46	19	0	63	9	0	66	7	48	0	189	18	39	36	86	16	0	15	47	22	60	0	86	21	0	67	58	72	48	258	60	312	7	0	21	13	0	46	8	0	61	0	35	0	138	10	19	0	63	0	0	15	0	4	0	0	34	9	0	66	7	48	0	189	18	39	36	86	9	0	37	54	1	0	0	119	16	0	15	47	22	60	0	86	21	0	67	58	72	48	258	60	297	3	0	10	7	0	21	2	0	32	0	19	0	63	10	13	0	46	0	0	15	0	3	0	0	33	8	0	61	0	35	0	138	10	19	0	63	0	0	35	10	1	0	0	54	0	0	15	0	4	0	0	34	9	0	66	7	48	0	189	18	39	36	86	1	0	7	0	5	0	0	59	9	0	37	54	1	0	0	119	16	0	15	47	22	60	0	86	21	0	67	58	72	48	258	60
429	411	64	107	50	393	31	65	33	64	107	50	32	78	41	34	137	248	200	55	375	23	53	22	31	65	33	13	78	40	7	80	182	132	18	64	107	50	6	108	15	21	27	67	0	34	32	78	41	34	137	248	200	55	357	19	18	11	23	53	22	12	54	37	0	61	142	88	10	31	65	33	1	0	15	0	5	13	0	0	13	78	40	7	80	182	132	18	64	107	50	15	72	37	44	11	16	150	28	6	108	15	21	27	67	0	34	32	78	41	34	137	248	200	55	339	12	0	0	19	18	11	9	0	22	0	52	36	44	10	23	53	22	0	0	15	0	2	9	0	0	12	54	37	0	61	142	88	10	31	65	33	6	0	35	0	3	13	99	0	1	0	15	0	5	13	0	0	13	78	40	7	80	182	132	18	64	107	50	20	0	18	0	16	61	100	59	15	72	37	44	11	16	150	28	6	108	15	21	27	67	0	34	32	78	41	34	137	248	200	55
290	278	31	30	38	266	11	20	0	31	30	38	16	10	0	0	61	74	38	172	254	9	20	0	11	20	0	8	10	0	0	29	70	0	47	31	30	38	12	0	0	0	22	22	0	0	16	10	0	0	61	74	38	172	242	6	19	0	9	20	0	8	10	0	0	22	70	0	28	11	20	0	0	0	0	0	1	20	0	0	8	10	0	0	29	70	0	47	31	30	38	8	9	0	0	1	0	0	0	12	0	0	0	22	22	0	0	16	10	0	0	61	74	38	172	230	2	9	0	6	19	0	2	9	0	0	12	67	0	28	9	20	0	0	0	0	0	1	20	0	0	8	10	0	0	22	70	0	28	11	20	0	0	0	0	0	1	0	0	0	0	0	0	0	1	20	0	0	8	10	0	0	29	70	0	47	31	30	38	0	9	15	0	4	0	38	0	8	9	0	0	1	0	0	0	12	0	0	0	22	22	0	0	16	10	0	0	61	74	38	172
248	238	27	16	26	228	13	0	0	27	16	26	13	0	0	0	51	16	52	93	218	11	0	0	13	0	0	9	0	0	0	32	0	0	18	27	16	26	12	0	0	0	20	16	0	0	13	0	0	0	51	16	52	93	208	8	0	0	11	0	0	9	0	0	0	29	0	0	10	13	0	0	0	0	0	0	3	0	0	0	9	0	0	0	32	0	0	18	27	16	26	9	0	0	0	1	0	0	0	12	0	0	0	20	16	0	0	13	0	0	0	51	16	52	93	198	3	0	0	8	0	0	3	0	0	0	19	0	0	10	11	0	0	0	0	0	0	3	0	0	0	9	0	0	0	29	0	0	10	13	0	0	0	0	0	0	1	0	0	0	0	0	0	0	3	0	0	0	9	0	0	0	32	0	0	18	27	16	26	1	0	15	0	4	0	0	0	9	0	0	0	1	0	0	0	12	0	0	0	20	16	0	0	13	0	0	0	51	16	52	93
221	212	34	20	7	203	18	0	0	34	20	7	21	0	0	0	68	30	28	30	194	12	0	0	18	0	0	9	0	0	0	47	0	0	7	34	20	7	12	0	0	0	17	30	0	0	21	0	0	0	68	30	28	30	185	9	0	0	12	0	0	9	0	0	0	34	0	0	0	18	0	0	0	0	0	0	4	0	0	0	9	0	0	0	47	0	0	7	34	20	7	9	0	0	0	1	0	0	0	12	0	0	0	17	30	0	0	21	0	0	0	68	30	28	30	176	5	0	0	9	0	0	3	0	0	0	24	0	0	0	12	0	0	0	0	0	0	3	0	0	0	9	0	0	0	34	0	0	0	18	0	0	0	0	0	0	1	0	0	0	0	0	0	0	4	0	0	0	9	0	0	0	47	0	0	7	34	20	7	1	0	7	0	5	0	0	0	9	0	0	0	1	0	0	0	12	0	0	0	17	30	0	0	21	0	0	0	68	30	28	30
312	299	28	0	102	286	19	0	55	28	0	102	22	0	17	56	60	0	0	207	273	9	0	55	19	0	55	9	0	15	56	46	0	0	96	28	0	102	0	0	44	0	4	0	0	0	22	0	17	56	60	0	0	207	260	6	0	53	9	0	55	3	0	15	54	22	0	0	68	19	0	55	0	0	15	0	4	0	0	0	9	0	15	56	46	0	0	96	28	0	102	0	0	27	26	1	0	0	0	0	0	44	0	4	0	0	0	22	0	17	56	60	0	0	207	247	5	0	34	6	0	53	2	0	15	32	15	0	0	32	9	0	55	0	0	15	0	2	0	0	0	3	0	15	54	22	0	0	68	19	0	55	0	0	0	0	1	0	0	0	0	0	15	0	4	0	0	0	9	0	15	56	46	0	0	96	28	0	102	0	0	9	67	5	0	0	91	0	0	27	26	1	0	0	0	0	0	44	0	4	0	0	0	22	0	17	56	60	0	0	207
354	339	42	48	73	324	28	22	35	42	48	73	28	44	26	52	94	72	146	169	309	18	0	34	28	22	35	19	0	24	50	72	33	70	96	42	48	73	3	0	70	10	7	0	146	0	28	44	26	52	94	72	146	169	294	16	0	31	18	0	34	13	0	24	44	46	0	68	68	28	22	35	3	0	37	7	7	0	70	0	19	0	24	50	72	33	70	96	42	48	73	3	0	18	21	5	0	0	0	3	0	70	10	7	0	146	0	28	44	26	52	94	72	146	169	279	16	0	20	16	0	31	13	0	24	22	42	0	62	32	18	0	34	3	0	35	0	5	0	68	0	13	0	24	44	46	0	68	68	28	22	35	3	0	0	0	3	0	0	0	3	0	37	7	7	0	70	0	19	0	24	50	72	33	70	96	42	48	73	6	0	0	44	11	0	0	28	3	0	18	21	5	0	0	0	3	0	70	10	7	0	146	0	28	44	26	52	94	72	146	169
206	197	27	20	16	188	14	8	16	27	20	16	16	0	23	0	56	26	32	0	179	8	8	16	14	8	16	4	0	23	0	34	8	32	0	27	20	16	0	0	0	0	3	0	0	0	16	0	23	0	56	26	32	0	170	8	8	16	8	8	16	4	0	23	0	21	8	32	0	14	8	16	0	0	0	0	3	0	0	0	4	0	23	0	34	8	32	0	27	20	16	0	0	0	0	0	0	0	0	0	0	0	0	3	0	0	0	16	0	23	0	56	26	32	0	161	8	8	16	8	8	16	4	0	23	0	21	8	32	0	8	8	16	0	0	0	0	2	0	0	0	4	0	23	0	21	8	32	0	14	8	16	0	0	0	0	0	0	0	0	0	0	0	0	3	0	0	0	4	0	23	0	34	8	32	0	27	20	16	0	0	0	0	1	0	0	0	0	0	0	0	0	0	0	0	0	0	0	0	3	0	0	0	16	0	23	0	56	26	32	0
313	299	49	66	26	285	27	45	0	49	66	26	32	54	0	0	115	154	52	143	271	20	24	0	27	45	0	21	12	0	0	75	116	0	96	49	66	26	4	0	27	0	13	9	78	0	32	54	0	0	115	154	52	143	257	18	24	0	20	24	0	15	12	0	0	56	60	0	68	27	45	0	4	0	0	0	8	7	0	0	21	12	0	0	75	116	0	96	49	66	26	11	0	18	0	11	0	0	0	4	0	27	0	13	9	78	0	32	54	0	0	115	154	52	143	243	17	24	0	18	24	0	15	12	0	0	52	60	0	32	20	24	0	3	0	0	0	5	0	0	0	15	12	0	0	56	60	0	68	27	45	0	6	0	0	0	4	0	0	0	4	0	0	0	8	7	0	0	21	12	0	0	75	116	0	96	49	66	26	21	0	0	0	15	9	0	0	11	0	18	0	11	0	0	0	4	0	27	0	13	9	78	0	32	54	0	0	115	154	52	143
245	234	40	39	14	223	24	24	0	40	39	14	28	21	0	0	87	80	28	57	212	16	18	0	24	24	0	18	9	0	0	62	57	0	33	40	39	14	3	0	27	0	10	0	14	0	28	21	0	0	87	80	28	57	201	14	18	0	16	18	0	12	9	0	0	41	45	0	22	24	24	0	3	0	0	0	7	0	0	0	18	9	0	0	62	57	0	33	40	39	14	3	0	18	0	5	0	0	0	3	0	27	0	10	0	14	0	28	21	0	0	87	80	28	57	190	14	18	0	14	18	0	12	9	0	0	37	45	0	11	16	18	0	3	0	0	0	5	0	0	0	12	9	0	0	41	45	0	22	24	24	0	3	0	0	0	3	0	0	0	3	0	0	0	7	0	0	0	18	9	0	0	62	57	0	33	40	39	14	6	0	0	0	8	0	0	0	3	0	18	0	5	0	0	0	3	0	27	0	10	0	14	0	28	21	0	0	87	80	28	57
313	299	38	35	86	285	18	13	51	38	35	86	18	0	86	59	85	85	172	129	271	17	13	49	18	13	51	14	0	35	55	47	52	102	51	38	35	86	3	0	0	30	6	13	0	0	18	0	86	59	85	85	172	129	257	17	13	49	17	13	49	14	0	33	55	44	52	98	50	18	13	51	3	0	0	30	5	13	0	0	14	0	35	55	47	52	102	51	38	35	86	3	0	0	0	4	0	0	0	3	0	0	30	6	13	0	0	18	0	86	59	85	85	172	129	243	17	13	49	17	13	49	14	0	33	55	44	52	98	47	17	13	49	3	0	0	30	5	13	0	0	14	0	33	55	44	52	98	50	18	13	51	3	0	0	0	2	0	0	0	3	0	0	30	5	13	0	0	14	0	35	55	47	52	102	51	38	35	86	6	0	0	0	7	0	0	0	3	0	0	0	4	0	0	0	3	0	0	30	6	13	0	0	18	0	86	59	85	85	172	129
304	290	56	52	44	276	26	24	43	56	52	44	31	12	46	7	139	137	132	0	262	25	24	43	26	24	43	27	12	46	7	71	72	129	0	56	52	44	4	0	0	0	8	12	0	0	31	12	46	7	139	137	132	0	248	25	24	43	25	24	43	27	12	46	7	68	72	129	0	26	24	43	4	0	0	0	6	12	0	0	27	12	46	7	71	72	129	0	56	52	44	3	0	0	0	6	0	0	0	4	0	0	0	8	12	0	0	31	12	46	7	139	137	132	0	234	25	24	43	25	24	43	27	12	46	7	68	72	129	0	25	24	43	4	0	0	0	6	12	0	0	27	12	46	7	68	72	129	0	26	24	43	3	0	0	0	2	0	0	0	4	0	0	0	6	12	0	0	27	12	46	7	71	72	129	0	56	52	44	6	0	0	0	11	0	0	0	3	0	0	0	6	0	0	0	4	0	0	0	8	12	0	0	31	12	46	7	139	137	132	0
202	193	51	20	19	184	25	0	19	51	20	19	32	0	29	0	138	64	95	0	175	24	0	19	25	0	19	27	0	29	0	76	0	95	0	51	20	19	5	0	0	0	11	4	0	0	32	0	29	0	138	64	95	0	166	24	0	19	24	0	19	27	0	29	0	72	0	95	0	25	0	19	5	0	0	0	7	0	0	0	27	0	29	0	76	0	95	0	51	20	19	11	0	0	0	14	0	0	0	5	0	0	0	11	4	0	0	32	0	29	0	138	64	95	0	157	23	0	19	24	0	19	27	0	29	0	72	0	95	0	24	0	19	4	0	0	0	5	0	0	0	27	0	29	0	72	0	95	0	25	0	19	6	0	0	0	3	0	0	0	5	0	0	0	7	0	0	0	27	0	29	0	76	0	95	0	51	20	19	21	0	0	0	19	4	0	0	11	0	0	0	14	0	0	0	5	0	0	0	11	4	0	0	32	0	29	0	138	64	95	0
230	219	49	33	30	208	25	24	0	49	33	30	26	16	49	0	119	74	30	129	197	24	24	0	25	24	0	22	16	0	0	67	56	0	51	49	33	30	4	0	0	0	7	8	0	0	26	16	49	0	119	74	30	129	186	24	24	0	24	24	0	22	16	0	0	64	56	0	50	25	24	0	4	0	0	0	6	8	0	0	22	16	0	0	67	56	0	51	49	33	30	3	0	0	0	3	0	0	0	4	0	0	0	7	8	0	0	26	16	49	0	119	74	30	129	175	24	24	0	24	24	0	22	16	0	0	64	56	0	47	24	24	0	4	0	0	0	6	8	0	0	22	16	0	0	64	56	0	50	25	24	0	3	0	0	0	2	0	0	0	4	0	0	0	6	8	0	0	22	16	0	0	67	56	0	51	49	33	30	6	0	0	0	4	0	0	0	3	0	0	0	3	0	0	0	4	0	0	0	7	8	0	0	26	16	49	0	119	74	30	129
247	234	66	63	0	221	29	43	0	66	63	0	28	60	0	0	157	177	0	0	208	28	42	0	29	43	0	24	56	0	0	67	122	0	0	66	63	0	3	7	0	0	8	7	0	0	28	60	0	0	157	177	0	0	195	28	42	0	28	42	0	24	56	0	0	64	119	0	0	29	43	0	3	7	0	0	5	7	0	0	24	56	0	0	67	122	0	0	66	63	0	3	0	0	0	9	0	0	0	3	7	0	0	8	7	0	0	28	60	0	0	157	177	0	0	182	28	42	0	28	42	0	24	56	0	0	64	119	0	0	28	42	0	3	7	0	0	5	7	0	0	24	56	0	0	64	119	0	0	29	43	0	3	0	0	0	2	0	0	0	3	7	0	0	5	7	0	0	24	56	0	0	67	122	0	0	66	63	0	6	0	0	0	16	0	0	0	3	0	0	0	9	0	0	0	3	7	0	0	8	7	0	0	28	60	0	0	157	177	0	0
395	377	52	17	140	359	34	0	100	52	17	140	37	0	26	128	142	17	140	149	341	33	0	75	34	0	100	32	0	26	90	100	0	100	113	52	17	140	6	0	0	83	12	0	0	99	37	0	26	128	142	17	140	149	323	32	0	62	33	0	75	32	0	18	88	96	0	75	111	34	0	100	5	0	0	41	8	0	0	35	32	0	26	90	100	0	100	113	52	17	140	17	0	0	52	16	17	0	50	6	0	0	83	12	0	0	99	37	0	26	128	142	17	140	149	305	28	0	61	32	0	62	29	0	0	88	93	0	62	111	33	0	75	4	0	0	40	6	0	0	34	32	0	18	88	96	0	75	111	34	0	100	9	0	0	50	5	0	0	33	5	0	0	41	8	0	0	35	32	0	26	90	100	0	100	113	52	17	140	25	0	0	10	22	51	0	0	17	0	0	52	16	17	0	50	6	0	0	83	12	0	0	99	37	0	26	128	142	17	140	149
304	290	57	40	56	276	33	0	47	57	40	56	43	0	26	20	144	100	224	19	262	31	0	42	33	0	47	34	0	26	20	95	0	188	19	57	40	56	15	0	0	49	13	10	0	0	43	0	26	20	144	100	224	19	248	28	0	31	31	0	42	32	0	18	20	87	0	168	19	33	0	47	6	0	0	11	6	0	0	0	34	0	26	20	95	0	188	19	57	40	56	21	0	0	22	14	30	0	50	15	0	0	49	13	10	0	0	43	0	26	20	144	100	224	19	234	23	0	30	28	0	31	27	0	0	20	79	0	124	19	31	0	42	4	0	0	10	4	0	0	0	32	0	18	20	87	0	168	19	33	0	47	9	0	0	20	5	0	0	33	6	0	0	11	6	0	0	0	34	0	26	20	95	0	188	19	57	40	56	25	0	0	10	21	40	0	0	21	0	0	22	14	30	0	50	15	0	0	49	13	10	0	0	43	0	26	20	144	100	224	19
348	331	79	102	26	314	33	59	20	79	102	26	43	74	26	14	185	351	130	19	297	29	51	9	33	59	20	27	39	26	0	89	223	100	19	79	102	26	23	12	0	36	20	38	26	26	43	74	26	14	185	351	130	19	280	24	43	0	29	51	9	24	36	18	0	74	190	45	19	33	59	20	5	7	0	0	3	14	20	0	27	39	26	0	89	223	100	19	79	102	26	18	71	0	0	18	42	0	50	23	12	0	36	20	38	26	26	43	74	26	14	185	351	130	19	263	19	21	0	24	43	0	18	21	0	0	60	155	0	19	29	51	9	3	0	0	0	3	0	9	0	24	36	18	0	74	190	45	19	33	59	20	7	21	0	0	5	13	0	33	5	7	0	0	3	14	20	0	27	39	26	0	89	223	100	19	79	102	26	17	105	0	0	27	35	26	0	18	71	0	0	18	42	0	50	23	12	0	36	20	38	26	26	43	74	26	14	185	351	130	19
419	398	76	137	64	377	39	104	24	76	137	64	41	126	0	48	193	355	128	179	356	35	101	0	39	104	24	28	126	0	0	113	298	48	113	76	137	64	10	51	0	0	19	51	0	113	41	126	0	48	193	355	128	179	335	32	98	0	35	101	0	26	126	0	0	99	289	0	111	39	104	24	2	42	0	0	6	42	0	35	28	126	0	0	113	298	48	113	76	137	64	14	42	0	0	18	43	0	0	10	51	0	0	19	51	0	113	41	126	0	48	193	355	128	179	314	28	92	0	32	98	0	23	126	0	0	91	280	0	111	35	101	0	1	42	0	0	4	42	0	34	26	126	0	0	99	289	0	111	39	104	24	6	42	0	0	5	28	0	0	2	42	0	0	6	42	0	35	28	126	0	0	113	298	48	113	76	137	64	19	72	0	0	20	36	0	0	14	42	0	0	18	43	0	0	10	51	0	0	19	51	0	113	41	126	0	48	193	355	128	179
310	294	78	89	16	278	42	55	0	78	89	16	50	66	0	0	189	238	64	63	262	40	55	0	42	55	0	41	66	0	0	110	154	0	62	78	89	16	11	0	0	0	14	7	0	0	50	66	0	0	189	238	64	63	246	38	55	0	40	55	0	40	66	0	0	102	154	0	62	42	55	0	6	0	0	0	7	0	0	0	41	66	0	0	110	154	0	62	78	89	16	22	0	0	0	15	14	0	0	11	0	0	0	14	7	0	0	50	66	0	0	189	238	64	63	230	33	55	0	38	55	0	36	66	0	0	96	154	0	62	40	55	0	4	0	0	0	5	0	0	0	40	66	0	0	102	154	0	62	42	55	0	10	0	0	0	6	0	0	0	6	0	0	0	7	0	0	0	41	66	0	0	110	154	0	62	78	89	16	27	0	0	0	22	28	0	0	22	0	0	0	15	14	0	0	11	0	0	0	14	7	0	0	50	66	0	0	189	238	64	63
312	297	49	36	84	282	26	0	57	49	36	84	36	0	61	39	118	72	252	98	267	22	0	57	26	0	57	20	0	54	39	74	0	171	67	49	36	84	16	0	0	0	8	24	0	0	36	0	61	39	118	72	252	98	252	17	0	52	22	0	57	17	0	54	27	59	0	171	51	26	0	57	2	0	0	0	0	0	0	0	20	0	54	39	74	0	171	67	49	36	84	18	0	7	45	4	0	0	0	16	0	0	0	8	24	0	0	36	0	61	39	118	72	252	98	237	9	0	26	17	0	52	8	0	53	0	43	0	156	31	22	0	57	0	0	0	0	0	0	0	0	17	0	54	27	59	0	171	51	26	0	57	4	0	0	0	4	0	0	0	2	0	0	0	0	0	0	0	20	0	54	39	74	0	171	67	49	36	84	6	0	21	62	6	0	0	88	18	0	7	45	4	0	0	0	16	0	0	0	8	24	0	0	36	0	61	39	118	72	252	98
326	309	62	88	69	292	32	74	13	62	88	69	36	48	7	39	150	200	69	302	275	30	73	13	32	74	13	28	48	0	39	91	181	13	191	62	88	69	25	10	0	0	20	0	0	0	36	48	7	39	150	200	69	302	258	24	57	9	30	73	13	25	45	0	27	83	178	13	126	32	74	13	5	0	0	0	3	0	0	0	28	48	0	39	91	181	13	191	62	88	69	21	66	7	36	10	24	69	0	25	10	0	0	20	0	0	0	36	48	7	39	150	200	69	302	241	13	23	0	24	57	9	16	12	0	0	64	131	9	93	30	73	13	3	0	0	0	3	0	0	0	25	45	0	27	83	178	13	126	32	74	13	4	33	0	0	4	22	13	0	5	0	0	0	3	0	0	0	28	48	0	39	91	181	13	191	62	88	69	8	47	57	0	9	36	207	50	21	66	7	36	10	24	69	0	25	10	0	0	20	0	0	0	36	48	7	39	150	200	69	302
208	198	46	16	36	188	31	0	0	46	16	36	37	0	7	0	119	16	72	162	178	29	0	0	31	0	0	29	0	0	0	87	0	0	91	46	16	36	19	0	0	0	11	0	0	0	37	0	7	0	119	16	72	162	168	24	0	0	29	0	0	26	0	0	0	79	0	0	51	31	0	0	5	0	0	0	3	0	0	0	29	0	0	0	87	0	0	91	46	16	36	21	0	7	0	6	0	0	0	19	0	0	0	11	0	0	0	37	0	7	0	119	16	72	162	158	13	0	0	24	0	0	17	0	0	0	63	0	0	31	29	0	0	3	0	0	0	3	0	0	0	26	0	0	0	79	0	0	51	31	0	0	7	0	0	0	6	0	0	0	5	0	0	0	3	0	0	0	29	0	0	0	87	0	0	91	46	16	36	6	0	57	0	6	0	0	0	21	0	7	0	6	0	0	0	19	0	0	0	11	0	0	0	37	0	7	0	119	16	72	162
287	272	60	84	14	257	28	53	0	60	84	14	32	58	7	0	144	198	56	42	242	25	42	0	28	53	0	20	29	0	0	81	128	0	20	60	84	14	13	34	0	0	9	12	14	0	32	58	7	0	144	198	56	42	227	20	31	0	25	42	0	18	19	0	0	70	90	0	9	28	53	0	1	6	0	0	0	0	0	0	20	29	0	0	81	128	0	20	60	84	14	19	36	7	0	7	12	14	0	13	34	0	0	9	12	14	0	32	58	7	0	144	198	56	42	212	10	23	0	20	31	0	7	12	0	0	54	61	0	0	25	42	0	0	0	0	0	0	0	0	0	18	19	0	0	70	90	0	9	28	53	0	3	11	0	0	3	11	0	0	1	6	0	0	0	0	0	0	20	29	0	0	81	128	0	20	60	84	14	10	23	21	0	9	36	14	0	19	36	7	0	7	12	14	0	13	34	0	0	9	12	14	0	32	58	7	0	144	198	56	42
278	264	49	69	17	250	20	37	0	49	69	17	22	66	7	0	120	156	68	82	236	17	22	0	20	37	0	10	32	0	0	60	85	0	67	49	69	17	7	58	0	0	8	12	17	0	22	66	7	0	120	156	68	82	222	14	6	0	17	22	0	9	12	0	0	49	40	0	51	20	37	0	1	6	0	0	0	0	0	0	10	32	0	0	60	85	0	67	49	69	17	14	24	7	0	7	0	34	0	7	58	0	0	8	12	17	0	22	66	7	0	120	156	68	82	208	7	0	0	14	6	0	2	0	0	0	38	6	0	31	17	22	0	0	0	0	0	0	0	0	0	9	12	0	0	49	40	0	51	20	37	0	4	0	0	0	4	0	0	0	1	6	0	0	0	0	0	0	10	32	0	0	60	85	0	67	49	69	17	12	0	21	0	13	0	17	0	14	24	7	0	7	0	34	0	7	58	0	0	8	12	17	0	22	66	7	0	120	156	68	82
259	246	33	12	74	233	16	0	30	33	12	74	19	0	12	22	81	48	74	220	220	10	0	30	16	0	30	8	0	0	22	41	0	30	70	33	12	74	2	0	28	0	0	0	0	0	19	0	12	22	81	48	74	220	207	5	0	30	10	0	30	2	0	0	22	23	0	30	70	16	0	30	0	0	0	0	0	0	0	0	8	0	0	22	41	0	30	70	33	12	74	4	0	42	0	3	0	0	0	2	0	28	0	0	0	0	0	19	0	12	22	81	48	74	220	194	5	0	30	5	0	30	2	0	0	22	12	0	30	61	10	0	30	0	0	0	0	0	0	0	0	2	0	0	22	23	0	30	70	16	0	30	4	0	0	0	3	0	0	0	0	0	0	0	0	0	0	0	8	0	0	22	41	0	30	70	33	12	74	6	0	0	0	6	0	0	0	4	0	42	0	3	0	0	0	2	0	28	0	0	0	0	0	19	0	12	22	81	48	74	220
219	208	23	10	56	197	9	0	22	23	10	56	15	0	12	22	57	10	56	151	186	4	0	22	9	0	22	4	0	0	22	22	0	22	57	23	10	56	2	0	18	0	0	0	0	0	15	0	12	22	57	10	56	151	175	2	0	22	4	0	22	1	0	0	22	7	0	22	57	9	0	22	0	0	0	0	0	0	0	0	4	0	0	22	22	0	22	57	23	10	56	1	0	12	0	1	0	0	0	2	0	18	0	0	0	0	0	15	0	12	22	57	10	56	151	164	2	0	22	2	0	22	1	0	0	22	4	0	22	52	4	0	22	0	0	0	0	0	0	0	0	1	0	0	22	7	0	22	57	9	0	22	1	0	0	0	1	0	0	0	0	0	0	0	0	0	0	0	4	0	0	22	22	0	22	57	23	10	56	2	0	0	0	3	0	0	0	1	0	12	0	1	0	0	0	2	0	18	0	0	0	0	0	15	0	12	22	57	10	56	151
292	277	38	62	47	262	13	18	17	38	62	47	10	72	12	45	98	163	188	115	247	9	0	10	13	18	17	7	0	0	10	36	63	68	57	38	62	47	2	0	30	0	0	0	94	26	10	72	12	45	98	163	188	115	232	4	0	10	9	0	10	1	0	0	10	23	0	40	57	13	18	17	0	0	7	0	0	0	34	20	7	0	0	10	36	63	68	57	38	62	47	1	0	48	0	5	0	0	0	2	0	30	0	0	0	94	26	10	72	12	45	98	163	188	115	217	4	0	9	4	0	10	1	0	0	9	10	0	40	52	9	0	10	0	0	0	0	0	0	20	9	1	0	0	10	23	0	40	57	13	18	17	1	0	21	0	2	0	0	0	0	0	7	0	0	0	34	20	7	0	0	10	36	63	68	57	38	62	47	7	0	0	9	10	0	0	0	1	0	48	0	5	0	0	0	2	0	30	0	0	0	94	26	10	72	12	45	98	163	188	115
158	150	27	12	12	142	10	0	0	27	12	12	15	0	12	0	67	30	24	31	134	5	0	0	10	0	0	4	0	0	0	26	0	0	0	27	12	12	2	0	18	0	0	0	0	0	15	0	12	0	67	30	24	31	126	3	0	0	5	0	0	1	0	0	0	11	0	0	0	10	0	0	0	0	0	0	0	0	0	0	4	0	0	0	26	0	0	0	27	12	12	1	0	12	0	1	0	0	0	2	0	18	0	0	0	0	0	15	0	12	0	67	30	24	31	118	3	0	0	3	0	0	1	0	0	0	8	0	0	0	5	0	0	0	0	0	0	0	0	0	0	1	0	0	0	11	0	0	0	10	0	0	1	0	0	0	1	0	0	0	0	0	0	0	0	0	0	0	4	0	0	0	26	0	0	0	27	12	12	2	0	0	0	3	0	0	0	1	0	12	0	1	0	0	0	2	0	18	0	0	0	0	0	15	0	12	0	67	30	24	31
156	148	19	16	0	140	3	0	0	19	16	0	8	0	0	0	47	32	0	0	132	1	0	0	3	0	0	0	0	0	0	11	0	0	0	19	16	0	0	0	0	0	0	0	0	0	8	0	0	0	47	32	0	0	124	1	0	0	1	0	0	0	0	0	0	4	0	0	0	3	0	0	0	0	0	0	0	0	0	0	0	0	0	0	11	0	0	0	19	16	0	0	0	0	0	0	0	0	0	0	0	0	0	0	0	0	0	8	0	0	0	47	32	0	0	116	1	0	0	1	0	0	0	0	0	0	4	0	0	0	1	0	0	0	0	0	0	0	0	0	0	0	0	0	0	4	0	0	0	3	0	0	0	0	0	0	0	0	0	0	0	0	0	0	0	0	0	0	0	0	0	0	11	0	0	0	19	16	0	0	0	0	0	0	0	0	0	0	0	0	0	0	0	0	0	0	0	0	0	0	0	0	0	8	0	0	0	47	32	0	0
275	260	41	54	51	245	13	14	12	41	54	51	8	0	48	48	90	156	204	133	230	11	14	0	13	14	12	5	0	18	0	30	56	48	47	41	54	51	0	0	20	0	8	0	0	31	8	0	48	48	90	156	204	133	215	11	14	0	11	14	0	5	0	0	0	27	56	0	40	13	14	12	0	0	12	0	4	0	0	0	5	0	18	0	30	56	48	47	41	54	51	1	0	0	0	9	0	0	0	0	0	20	0	8	0	0	31	8	0	48	48	90	156	204	133	200	11	14	0	11	14	0	5	0	0	0	27	56	0	40	11	14	0	0	0	0	0	4	0	0	0	5	0	0	0	27	56	0	40	13	14	12	1	0	0	0	3	0	0	0	0	0	12	0	4	0	0	0	5	0	18	0	30	56	48	47	41	54	51	17	0	0	0	17	0	0	0	1	0	0	0	9	0	0	0	0	0	20	0	8	0	0	31	8	0	48	48	90	156	204	133
170	161	20	8	29	152	4	0	0	20	8	29	2	0	18	0	52	16	29	115	143	4	0	0	4	0	0	2	0	0	0	11	0	0	39	20	8	29	0	0	0	0	3	0	0	0	2	0	18	0	52	16	29	115	134	4	0	0	4	0	0	2	0	0	0	11	0	0	32	4	0	0	0	0	0	0	3	0	0	0	2	0	0	0	11	0	0	39	20	8	29	0	0	0	0	1	0	0	0	0	0	0	0	3	0	0	0	2	0	18	0	52	16	29	115	125	4	0	0	4	0	0	2	0	0	0	11	0	0	32	4	0	0	0	0	0	0	3	0	0	0	2	0	0	0	11	0	0	32	4	0	0	0	0	0	0	0	0	0	0	0	0	0	0	3	0	0	0	2	0	0	0	11	0	0	39	20	8	29	0	0	0	0	3	0	0	0	0	0	0	0	1	0	0	0	0	0	0	0	3	0	0	0	2	0	18	0	52	16	29	115
114	108	19	0	13	102	4	0	0	19	0	13	2	0	18	0	51	0	0	47	96	4	0	0	4	0	0	2	0	0	0	11	0	0	17	19	0	13	0	0	0	0	3	0	0	0	2	0	18	0	51	0	0	47	90	4	0	0	4	0	0	2	0	0	0	11	0	0	10	4	0	0	0	0	0	0	3	0	0	0	2	0	0	0	11	0	0	17	19	0	13	0	0	0	0	0	0	0	0	0	0	0	0	3	0	0	0	2	0	18	0	51	0	0	47	84	4	0	0	4	0	0	2	0	0	0	11	0	0	10	4	0	0	0	0	0	0	3	0	0	0	2	0	0	0	11	0	0	10	4	0	0	0	0	0	0	0	0	0	0	0	0	0	0	3	0	0	0	2	0	0	0	11	0	0	17	19	0	13	0	0	0	0	0	0	0	0	0	0	0	0	0	0	0	0	0	0	0	0	3	0	0	0	2	0	18	0	51	0	0	47
168	159	25	18	13	150	7	0	0	25	18	13	2	0	18	0	65	36	39	47	141	7	0	0	7	0	0	2	0	0	0	21	0	0	17	25	18	13	0	0	0	0	3	0	0	0	2	0	18	0	65	36	39	47	132	7	0	0	7	0	0	2	0	0	0	21	0	0	10	7	0	0	0	0	0	0	3	0	0	0	2	0	0	0	21	0	0	17	25	18	13	0	0	0	0	2	0	0	0	0	0	0	0	3	0	0	0	2	0	18	0	65	36	39	47	123	7	0	0	7	0	0	2	0	0	0	21	0	0	10	7	0	0	0	0	0	0	3	0	0	0	2	0	0	0	21	0	0	10	7	0	0	0	0	0	0	0	0	0	0	0	0	0	0	3	0	0	0	2	0	0	0	21	0	0	17	25	18	13	7	0	0	0	7	0	0	0	0	0	0	0	2	0	0	0	0	0	0	0	3	0	0	0	2	0	18	0	65	36	39	47
203	191	41	49	0	179	11	27	0	41	49	0	7	18	0	0	97	126	0	0	167	8	27	0	11	27	0	2	18	0	0	33	63	0	0	41	49	0	0	0	0	0	5	30	0	0	7	18	0	0	97	126	0	0	155	8	27	0	8	27	0	2	18	0	0	22	63	0	0	11	27	0	0	0	0	0	1	27	0	0	2	18	0	0	33	63	0	0	41	49	0	0	0	0	0	10	0	0	0	0	0	0	0	5	30	0	0	7	18	0	0	97	126	0	0	143	8	27	0	8	27	0	2	18	0	0	22	63	0	0	8	27	0	0	0	0	0	1	27	0	0	2	18	0	0	22	63	0	0	11	27	0	0	0	0	0	2	0	0	0	0	0	0	0	1	27	0	0	2	18	0	0	33	63	0	0	41	49	0	20	0	0	0	18	0	0	0	0	0	0	0	10	0	0	0	0	0	0	0	5	30	0	0	7	18	0	0	97	126	0	0
224	211	48	47	30	198	18	12	22	48	47	30	7	0	39	36	101	129	150	0	185	18	12	12	18	12	22	7	0	39	0	46	24	110	0	48	47	30	7	0	0	12	19	0	0	47	7	0	39	36	101	129	150	0	172	16	12	7	18	12	12	7	0	36	0	46	24	60	0	18	12	22	0	0	0	7	4	0	0	17	7	0	39	0	46	24	110	0	48	47	30	9	0	0	35	17	14	0	0	7	0	0	12	19	0	0	47	7	0	39	36	101	129	150	0	159	12	7	0	16	12	7	4	0	21	0	40	24	35	0	18	12	12	0	0	0	0	4	0	0	10	7	0	36	0	46	24	60	0	18	12	22	0	0	0	0	5	0	0	0	0	0	0	7	4	0	0	17	7	0	39	0	46	24	110	0	48	47	30	17	35	0	0	14	28	0	26	9	0	0	35	17	14	0	0	7	0	0	12	19	0	0	47	7	0	39	36	101	129	150	0
257	242	50	56	53	227	21	26	31	50	56	53	9	0	55	20	100	138	159	64	212	21	26	22	21	26	31	9	0	53	12	51	78	93	12	50	56	53	2	0	0	58	16	0	0	0	9	0	55	20	100	138	159	64	197	20	26	0	21	26	22	9	0	42	0	51	78	66	0	21	26	31	0	0	0	0	4	0	0	0	9	0	53	12	51	78	93	12	50	56	53	13	0	0	0	21	10	0	100	2	0	0	58	16	0	0	0	9	0	55	20	100	138	159	64	182	14	20	0	20	26	0	6	0	0	0	48	78	0	0	21	26	22	0	0	0	0	4	0	0	0	9	0	42	0	51	78	66	0	21	26	31	0	0	0	0	5	0	0	13	0	0	0	0	4	0	0	0	9	0	53	12	51	78	93	12	50	56	53	20	60	22	0	22	40	0	0	13	0	0	0	21	10	0	100	2	0	0	58	16	0	0	0	9	0	55	20	100	138	159	64
214	202	32	20	52	190	15	0	19	32	20	52	7	0	11	46	76	30	104	93	178	15	0	6	15	0	19	7	0	10	6	39	0	38	12	32	20	52	2	0	0	24	8	0	0	47	7	0	11	46	76	30	104	93	166	14	0	0	15	0	6	7	0	6	0	39	0	12	0	15	0	19	0	0	0	0	4	0	0	17	7	0	10	6	39	0	38	12	32	20	52	6	0	0	0	8	10	0	17	2	0	0	24	8	0	0	47	7	0	11	46	76	30	104	93	154	11	0	0	14	0	0	4	0	0	0	36	0	0	0	15	0	6	0	0	0	0	4	0	0	10	7	0	6	0	39	0	12	0	15	0	19	0	0	0	0	2	0	0	0	0	0	0	0	4	0	0	17	7	0	10	6	39	0	38	12	32	20	52	20	0	0	0	13	30	0	0	6	0	0	0	8	10	0	17	2	0	0	24	8	0	0	47	7	0	11	46	76	30	104	93
156	147	29	15	20	138	10	8	0	29	15	20	4	0	0	0	63	39	20	64	129	10	8	0	10	8	0	4	0	0	0	25	32	0	12	29	15	20	0	0	0	0	10	0	0	0	4	0	0	0	63	39	20	64	120	10	8	0	10	8	0	4	0	0	0	25	32	0	0	10	8	0	0	0	0	0	4	0	0	0	4	0	0	0	25	32	0	12	29	15	20	0	0	0	0	11	0	0	0	0	0	0	0	10	0	0	0	4	0	0	0	63	39	20	64	111	10	7	0	10	8	0	4	0	0	0	25	32	0	0	10	8	0	0	0	0	0	4	0	0	0	4	0	0	0	25	32	0	0	10	8	0	0	0	0	0	2	0	0	0	0	0	0	0	4	0	0	0	4	0	0	0	25	32	0	12	29	15	20	19	7	0	0	18	0	0	0	0	0	0	0	11	0	0	0	0	0	0	0	10	0	0	0	4	0	0	0	63	39	20	64
214	201	47	56	14	188	20	30	0	47	56	14	9	20	0	0	98	120	56	51	175	19	30	0	20	30	0	9	20	0	0	57	60	0	12	47	56	14	3	0	0	0	18	12	0	0	9	20	0	0	98	120	56	51	162	16	30	0	19	30	0	7	20	0	0	52	60	0	0	20	30	0	1	0	0	0	3	10	0	0	9	20	0	0	57	60	0	12	47	56	14	9	0	0	0	18	30	0	0	3	0	0	0	18	12	0	0	9	20	0	0	98	120	56	51	149	11	22	0	16	30	0	2	20	0	0	42	60	0	0	19	30	0	0	0	0	0	3	10	0	0	7	20	0	0	52	60	0	0	20	30	0	0	0	0	0	4	20	0	0	1	0	0	0	3	10	0	0	9	20	0	0	57	60	0	12	47	56	14	14	48	0	0	15	36	0	0	9	0	0	0	18	30	0	0	3	0	0	0	18	12	0	0	9	20	0	0	98	120	56	51
234	220	43	40	62	206	20	0	48	43	40	62	15	0	63	13	97	70	248	44	192	17	0	48	20	0	48	7	0	63	13	54	0	192	22	43	40	62	12	0	0	0	14	30	0	0	15	0	63	13	97	70	248	44	178	13	0	47	17	0	48	5	0	63	12	44	0	192	12	20	0	48	0	0	0	0	1	0	0	0	7	0	63	13	54	0	192	22	43	40	62	9	0	14	12	12	10	0	0	12	0	0	0	14	30	0	0	15	0	63	13	97	70	248	44	164	6	0	40	13	0	47	2	0	63	7	33	0	188	7	17	0	48	0	0	0	0	1	0	0	0	5	0	63	12	44	0	192	12	20	0	48	0	0	14	7	7	0	0	0	0	0	0	0	1	0	0	0	7	0	63	13	54	0	192	22	43	40	62	0	0	19	59	1	0	0	0	9	0	14	12	12	10	0	0	12	0	0	0	14	30	0	0	15	0	63	13	97	70	248	44
237	223	42	13	93	209	23	0	49	42	13	93	12	0	42	46	97	26	93	169	195	21	0	48	23	0	49	8	0	42	44	61	0	49	72	42	13	93	12	0	0	10	15	26	0	0	12	0	42	46	97	26	93	169	181	16	0	42	21	0	48	6	0	42	34	54	0	48	40	23	0	49	0	0	0	6	1	0	0	0	8	0	42	44	61	0	49	72	42	13	93	9	0	26	46	11	13	0	0	12	0	0	10	15	26	0	0	12	0	42	46	97	26	93	169	167	5	0	19	16	0	42	2	0	42	7	40	0	42	7	21	0	48	0	0	0	0	1	0	0	0	6	0	42	34	54	0	48	40	23	0	49	0	0	25	7	6	0	0	0	0	0	0	6	1	0	0	0	8	0	42	44	61	0	49	72	42	13	93	0	0	58	59	1	0	0	86	9	0	26	46	11	13	0	0	12	0	0	10	15	26	0	0	12	0	42	46	97	26	93	169
230	216	49	53	47	202	22	13	38	49	53	47	20	0	42	24	111	127	235	30	188	18	8	38	22	13	38	8	0	42	24	59	39	190	22	49	53	47	7	40	0	0	12	32	0	0	20	0	42	24	111	127	235	30	174	14	0	36	18	8	38	6	0	42	22	45	24	190	12	22	13	38	0	0	0	0	0	0	0	0	8	0	42	24	59	39	190	22	49	53	47	9	0	26	22	10	8	47	0	7	40	0	0	12	32	0	0	20	0	42	24	111	127	235	30	160	8	0	19	14	0	36	2	0	42	7	34	0	180	7	18	8	38	0	0	0	0	0	0	0	0	6	0	42	22	45	24	190	12	22	13	38	0	0	25	7	5	0	38	0	0	0	0	0	0	0	0	0	8	0	42	24	59	39	190	22	49	53	47	0	0	19	59	1	0	0	69	9	0	26	22	10	8	47	0	7	40	0	0	12	32	0	0	20	0	42	24	111	127	235	30
255	239	46	71	57	223	21	48	22	46	71	57	10	36	0	22	91	147	114	149	207	19	46	21	21	48	22	6	36	0	21	54	120	44	72	46	71	57	7	20	0	10	19	20	0	0	10	36	0	22	91	147	114	149	191	15	30	16	19	46	21	4	30	0	16	47	114	42	40	21	48	22	0	0	0	6	1	0	0	0	6	36	0	21	54	120	44	72	46	71	57	3	60	24	34	20	10	57	0	7	20	0	10	19	20	0	0	10	36	0	22	91	147	114	149	175	7	0	0	15	30	16	2	0	0	0	36	70	32	7	19	46	21	0	0	0	0	1	0	0	0	4	30	0	16	47	114	42	40	21	48	22	0	0	22	0	8	0	22	0	0	0	0	6	1	0	0	0	6	36	0	21	54	120	44	72	46	71	57	2	0	63	0	7	0	171	83	3	60	24	34	20	10	57	0	7	20	0	10	19	20	0	0	10	36	0	22	91	147	114	149
196	183	43	53	23	170	20	32	0	43	53	23	11	0	0	0	92	107	69	97	157	18	32	0	20	32	0	7	0	0	0	52	86	0	53	43	53	23	15	0	0	0	22	14	0	0	11	0	0	0	92	107	69	97	144	13	29	0	18	32	0	5	0	0	0	45	86	0	34	20	32	0	0	0	0	0	1	0	0	0	7	0	0	0	52	86	0	53	43	53	23	6	21	0	0	15	29	0	0	15	0	0	0	22	14	0	0	11	0	0	0	92	107	69	97	131	5	22	0	13	29	0	2	0	0	0	33	80	0	7	18	32	0	0	0	0	0	1	0	0	0	5	0	0	0	45	86	0	34	20	32	0	0	0	0	0	6	22	0	0	0	0	0	0	1	0	0	0	7	0	0	0	52	86	0	53	43	53	23	2	0	39	0	3	0	23	0	6	21	0	0	15	29	0	0	15	0	0	0	22	14	0	0	11	0	0	0	92	107	69	97
207	194	30	12	81	181	18	0	51	30	12	81	16	0	8	63	81	12	81	132	168	12	0	51	18	0	51	4	0	8	63	51	0	51	86	30	12	81	2	0	25	0	0	0	0	0	16	0	8	63	81	12	81	132	155	10	0	51	12	0	51	2	0	8	63	31	0	51	86	18	0	51	0	0	14	0	0	0	0	0	4	0	8	63	51	0	51	86	30	12	81	0	0	7	0	5	0	0	0	2	0	25	0	0	0	0	0	16	0	8	63	81	12	81	132	142	10	0	51	10	0	51	2	0	8	63	27	0	51	83	12	0	51	0	0	14	0	0	0	0	0	2	0	8	63	31	0	51	86	18	0	51	0	0	0	0	5	0	0	0	0	0	14	0	0	0	0	0	4	0	8	63	51	0	51	86	30	12	81	0	0	0	0	0	0	0	0	0	0	7	0	5	0	0	0	2	0	25	0	0	0	0	0	16	0	8	63	81	12	81	132
250	234	49	59	75	218	24	11	54	49	59	75	22	44	48	42	121	144	300	109	202	18	0	54	24	11	54	10	0	48	42	59	33	216	86	49	59	75	2	0	32	0	0	0	75	0	22	44	48	42	121	144	300	109	186	17	0	54	18	0	54	8	0	48	42	39	0	216	86	24	11	54	0	0	21	0	0	0	54	0	10	0	48	42	59	33	216	86	49	59	75	0	0	0	0	3	0	0	0	2	0	32	0	0	0	75	0	22	44	48	42	121	144	300	109	170	17	0	54	17	0	54	8	0	48	42	37	0	216	83	18	0	54	0	0	21	0	0	0	54	0	8	0	48	42	39	0	216	86	24	11	54	0	0	0	0	3	0	0	0	0	0	21	0	0	0	54	0	10	0	48	42	59	33	216	86	49	59	75	0	0	0	0	1	0	0	0	0	0	0	0	3	0	0	0	2	0	32	0	0	0	75	0	22	44	48	42	121	144	300	109
247	230	60	88	65	213	30	62	14	60	88	65	27	64	0	42	139	262	130	282	196	25	40	14	30	62	14	19	20	0	42	73	184	28	157	60	88	65	12	20	35	0	14	0	130	0	27	64	0	42	139	262	130	282	179	19	30	14	25	40	14	16	0	0	42	57	110	28	155	30	62	14	6	0	14	0	4	0	28	0	19	20	0	42	73	184	28	157	60	88	65	3	0	37	0	16	30	65	0	12	20	35	0	14	0	130	0	27	64	0	42	139	262	130	282	162	19	30	14	19	30	14	16	0	0	42	44	90	28	141	25	40	14	6	0	14	0	4	0	28	0	16	0	0	42	57	110	28	155	30	62	14	3	0	0	0	11	30	14	0	6	0	14	0	4	0	28	0	19	20	0	42	73	184	28	157	60	88	65	2	0	0	0	6	0	0	0	3	0	37	0	16	30	65	0	12	20	35	0	14	0	130	0	27	64	0	42	139	262	130	282
136	127	34	8	35	118	19	8	0	34	8	35	19	0	0	0	83	32	0	189	109	13	8	0	19	8	0	7	0	0	0	51	32	0	108	34	8	35	6	0	18	0	4	0	0	0	19	0	0	0	83	32	0	189	100	7	8	0	13	8	0	2	0	0	0	31	32	0	107	19	8	0	0	0	0	0	0	0	0	0	7	0	0	0	51	32	0	108	34	8	35	0	0	37	0	5	8	0	0	6	0	18	0	4	0	0	0	19	0	0	0	83	32	0	189	91	7	8	0	7	8	0	2	0	0	0	18	32	0	99	13	8	0	0	0	0	0	0	0	0	0	2	0	0	0	31	32	0	107	19	8	0	0	0	0	0	4	8	0	0	0	0	0	0	0	0	0	0	7	0	0	0	51	32	0	108	34	8	35	0	0	0	0	0	0	0	0	0	0	37	0	5	8	0	0	6	0	18	0	4	0	0	0	19	0	0	0	83	32	0	189
174	161	53	61	8	148	27	35	0	53	61	8	29	40	0	0	128	143	32	47	135	23	30	0	27	35	0	21	20	0	0	64	80	0	38	53	61	8	8	0	8	0	4	0	8	0	29	40	0	0	128	143	32	47	122	22	30	0	23	30	0	19	20	0	0	51	60	0	38	27	35	0	6	0	0	0	4	0	0	0	21	20	0	0	64	80	0	38	53	61	8	3	0	0	0	10	0	0	0	8	0	8	0	4	0	8	0	29	40	0	0	128	143	32	47	109	22	30	0	22	30	0	19	20	0	0	49	60	0	36	23	30	0	6	0	0	0	4	0	0	0	19	20	0	0	51	60	0	38	27	35	0	3	0	0	0	10	0	0	0	6	0	0	0	4	0	0	0	21	20	0	0	64	80	0	38	53	61	8	0	0	0	0	3	0	0	0	3	0	0	0	10	0	0	0	8	0	8	0	4	0	8	0	29	40	0	0	128	143	32	47
183	169	51	53	47	155	28	33	27	51	53	47	31	22	24	35	114	113	94	83	141	28	33	27	28	33	27	31	22	7	35	56	66	54	54	51	53	47	6	0	0	0	4	0	0	0	31	22	24	35	114	113	94	83	127	28	33	27	28	33	27	31	22	7	35	56	66	54	54	28	33	27	6	0	0	0	4	0	0	0	31	22	7	35	56	66	54	54	51	53	47	3	0	0	0	7	0	0	0	6	0	0	0	4	0	0	0	31	22	24	35	114	113	94	83	113	28	33	27	28	33	27	31	22	7	35	56	66	54	54	28	33	27	6	0	0	0	4	0	0	0	31	22	7	35	56	66	54	54	28	33	27	3	0	0	0	7	0	0	0	6	0	0	0	4	0	0	0	31	22	7	35	56	66	54	54	51	53	47	0	0	0	0	3	0	0	0	3	0	0	0	7	0	0	0	6	0	0	0	4	0	0	0	31	22	24	35	114	113	94	83
144	132	40	42	24	120	19	32	7	40	42	24	17	24	24	7	90	67	24	83	108	19	32	7	19	32	7	17	24	7	7	37	56	7	54	40	42	24	0	0	0	0	0	0	0	0	17	24	24	7	90	67	24	83	96	19	32	7	19	32	7	17	24	7	7	37	56	7	54	19	32	7	0	0	0	0	0	0	0	0	17	24	7	7	37	56	7	54	40	42	24	0	0	0	0	0	0	0	0	0	0	0	0	0	0	0	0	17	24	24	7	90	67	24	83	84	19	32	7	19	32	7	17	24	7	7	37	56	7	54	19	32	7	0	0	0	0	0	0	0	0	17	24	7	7	37	56	7	54	19	32	7	0	0	0	0	0	0	0	0	0	0	0	0	0	0	0	0	17	24	7	7	37	56	7	54	40	42	24	0	0	0	0	4	0	0	0	0	0	0	0	0	0	0	0	0	0	0	0	0	0	0	0	17	24	24	7	90	67	24	83
115	106	33	24	19	97	16	14	18	33	24	19	18	0	41	7	74	27	38	0	88	16	14	18	16	14	18	18	0	40	7	32	7	36	0	33	24	19	0	0	0	0	0	0	0	0	18	0	41	7	74	27	38	0	79	16	14	18	16	14	18	18	0	40	7	32	7	36	0	16	14	18	0	0	0	0	0	0	0	0	18	0	40	7	32	7	36	0	33	24	19	0	0	0	0	0	0	0	0	0	0	0	0	0	0	0	0	18	0	41	7	74	27	38	0	70	16	14	18	16	14	18	18	0	40	7	32	7	36	0	16	14	18	0	0	0	0	0	0	0	0	18	0	40	7	32	7	36	0	16	14	18	0	0	0	0	0	0	0	0	0	0	0	0	0	0	0	0	18	0	40	7	32	7	36	0	33	24	19	0	0	0	0	0	0	0	0	0	0	0	0	0	0	0	0	0	0	0	0	0	0	0	0	18	0	41	7	74	27	38	0
218	202	66	74	45	186	33	28	18	66	74	45	34	14	77	7	152	187	225	148	170	32	28	18	33	28	18	32	14	40	7	69	42	90	68	66	74	45	6	0	10	0	4	0	0	0	34	14	77	7	152	187	225	148	154	32	28	18	32	28	18	32	14	40	7	67	42	90	68	33	28	18	6	0	0	0	4	0	0	0	32	14	40	7	69	42	90	68	66	74	45	3	0	0	0	9	0	0	0	6	0	10	0	4	0	0	0	34	14	77	7	152	187	225	148	138	32	28	18	32	28	18	32	14	40	7	67	42	90	68	32	28	18	6	0	0	0	4	0	0	0	32	14	40	7	67	42	90	68	33	28	18	3	0	0	0	9	0	0	0	6	0	0	0	4	0	0	0	32	14	40	7	69	42	90	68	66	74	45	0	0	0	0	5	0	0	0	3	0	0	0	9	0	0	0	6	0	10	0	4	0	0	0	34	14	77	7	152	187	225	148
133	123	44	23	38	113	23	16	0	44	23	38	23	0	36	0	104	68	38	229	103	22	16	0	23	16	0	21	0	0	0	48	40	0	119	44	23	38	6	0	10	0	4	0	0	0	23	0	36	0	104	68	38	229	93	22	16	0	22	16	0	21	0	0	0	46	40	0	119	23	16	0	6	0	0	0	4	0	0	0	21	0	0	0	48	40	0	119	44	23	38	3	0	0	0	9	0	0	0	6	0	10	0	4	0	0	0	23	0	36	0	104	68	38	229	83	22	16	0	22	16	0	21	0	0	0	46	40	0	119	22	16	0	6	0	0	0	4	0	0	0	21	0	0	0	46	40	0	119	23	16	0	3	0	0	0	9	0	0	0	6	0	0	0	4	0	0	0	21	0	0	0	48	40	0	119	44	23	38	0	0	0	0	3	0	0	0	3	0	0	0	9	0	0	0	6	0	10	0	4	0	0	0	23	0	36	0	104	68	38	229
235	218	50	42	134	201	25	0	113	50	42	134	28	0	76	118	102	84	402	45	184	25	0	81	25	0	113	28	0	74	50	58	0	339	18	50	42	134	6	0	0	118	10	0	0	140	28	0	76	118	102	84	402	45	167	25	0	56	25	0	81	28	0	58	50	58	0	243	18	25	0	113	6	0	0	49	4	0	0	68	28	0	74	50	58	0	339	18	50	42	134	8	0	0	90	23	0	0	104	6	0	0	118	10	0	0	140	28	0	76	118	102	84	402	45	150	24	0	54	25	0	56	28	0	24	50	58	0	168	18	25	0	81	6	0	0	49	4	0	0	68	28	0	58	50	58	0	243	18	25	0	113	5	0	0	86	15	0	0	60	6	0	0	49	4	0	0	68	28	0	74	50	58	0	339	18	50	42	134	9	0	0	22	11	14	0	0	8	0	0	90	23	0	0	104	6	0	0	118	10	0	0	140	28	0	76	118	102	84	402	45
178	161	52	91	43	144	20	70	11	52	91	43	19	120	0	22	111	201	43	135	127	20	70	11	20	70	11	19	120	0	22	37	160	11	70	52	91	43	6	0	0	0	9	0	0	0	19	120	0	22	111	201	43	135	110	20	70	11	20	70	11	19	120	0	22	37	160	11	70	20	70	11	6	0	0	0	4	0	0	0	19	120	0	22	37	160	11	70	52	91	43	3	0	0	0	23	0	0	0	6	0	0	0	9	0	0	0	19	120	0	22	111	201	43	135	93	20	70	11	20	70	11	19	120	0	22	37	160	11	70	20	70	11	6	0	0	0	4	0	0	0	19	120	0	22	37	160	11	70	20	70	11	3	0	0	0	7	0	0	0	6	0	0	0	4	0	0	0	19	120	0	22	37	160	11	70	44	91	43	0	0	0	0	14	0	0	0	3	0	0	0	9	0	0	0	6	0	0	0	5	0	0	0	19	120	0	22	92	201	43	135
137	127	41	21	27	117	21	0	11	41	21	27	26	0	0	22	75	49	81	64	107	21	0	11	21	0	11	26	0	0	22	42	0	33	36	41	21	27	6	0	0	0	11	0	0	0	26	0	0	22	75	49	81	64	97	21	0	11	21	0	11	26	0	0	22	42	0	33	36	21	0	11	6	0	0	0	4	0	0	0	26	0	0	22	42	0	33	36	41	21	27	3	0	0	0	16	0	0	0	6	0	0	0	11	0	0	0	26	0	0	22	75	49	81	64	87	21	0	11	21	0	11	26	0	0	22	42	0	33	36	21	0	11	6	0	0	0	4	0	0	0	26	0	0	22	42	0	33	36	21	0	11	3	0	0	0	8	0	0	0	6	0	0	0	4	0	0	0	26	0	0	22	42	0	33	36	41	21	27	2	0	0	0	10	0	0	0	3	0	0	0	16	0	0	0	6	0	0	0	11	0	0	0	26	0	0	22	75	49	81	64
234	213	80	162	46	192	39	113	15	79	162	46	38	184	12	40	158	362	184	130	171	35	107	0	38	113	15	30	172	10	0	89	249	60	45	79	162	46	20	87	0	0	23	64	0	73	38	184	12	40	158	362	184	130	150	28	104	0	34	107	0	27	169	0	0	78	240	0	45	38	113	15	0	78	0	0	0	52	0	14	30	172	10	0	89	249	60	45	79	162	46	12	39	0	0	32	94	0	0	20	87	0	0	23	64	0	73	38	184	12	40	158	362	184	130	129	25	104	0	27	104	0	19	169	0	0	62	234	0	45	34	107	0	0	78	0	0	0	52	0	14	27	169	0	0	78	240	0	45	38	113	15	3	39	0	0	14	91	0	0	0	78	0	0	0	52	0	14	30	172	10	0	89	249	60	45	74	162	46	12	0	0	0	19	35	0	0	11	39	0	0	22	94	0	0	20	87	0	0	22	64	0	73	38	184	12	40	149	362	184	130
140	129	49	35	9	118	22	10	0	49	35	9	28	0	0	0	82	90	45	45	107	22	10	0	22	10	0	28	0	0	0	50	20	0	18	49	35	9	6	0	0	0	19	0	0	0	28	0	0	0	82	90	45	45	96	22	10	0	22	10	0	28	0	0	0	50	20	0	18	22	10	0	6	0	0	0	4	0	0	0	28	0	0	0	50	20	0	18	49	35	9	8	0	0	0	31	0	0	0	6	0	0	0	19	0	0	0	28	0	0	0	82	90	45	45	85	21	10	0	22	10	0	28	0	0	0	50	20	0	18	22	10	0	6	0	0	0	4	0	0	0	28	0	0	0	50	20	0	18	22	10	0	5	0	0	0	13	0	0	0	6	0	0	0	4	0	0	0	28	0	0	0	50	20	0	18	47	35	9	9	0	0	0	15	5	0	0	8	0	0	0	27	0	0	0	6	0	0	0	18	0	0	0	28	0	0	0	79	90	45	45
168	155	38	12	87	142	25	0	40	38	12	87	31	0	0	40	68	0	87	259	129	24	0	40	25	0	40	31	0	0	40	63	0	40	150	38	12	87	7	0	0	0	17	12	0	0	31	0	0	40	68	0	87	259	116	22	0	38	24	0	40	29	0	0	38	58	0	40	103	25	0	40	7	0	0	0	4	0	0	0	31	0	0	40	63	0	40	150	38	12	87	8	0	0	20	26	24	0	0	7	0	0	0	17	12	0	0	31	0	0	40	68	0	87	259	103	20	0	24	22	0	38	27	0	0	24	51	0	38	78	24	0	40	6	0	0	0	4	0	0	0	29	0	0	38	58	0	40	103	25	0	40	5	0	0	0	14	0	0	0	7	0	0	0	4	0	0	0	31	0	0	40	63	0	40	150	38	12	87	9	0	0	48	12	12	0	57	8	0	0	20	26	24	0	0	7	0	0	0	17	12	0	0	31	0	0	40	68	0	87	259
191	176	32	44	72	161	17	0	66	32	44	72	11	0	28	12	72	22	288	9	146	13	0	66	17	0	66	9	0	28	12	60	0	264	0	32	44	72	2	0	0	0	14	44	0	0	11	0	28	12	72	22	288	9	131	10	0	64	13	0	66	6	0	28	10	40	0	264	0	17	0	66	2	0	0	0	0	0	0	0	9	0	28	12	60	0	264	0	32	44	72	6	0	0	20	24	33	0	0	2	0	0	0	14	44	0	0	11	0	28	12	72	22	288	9	116	7	0	46	10	0	64	3	0	28	0	29	0	256	0	13	0	66	0	0	0	0	0	0	0	0	6	0	28	10	40	0	264	0	17	0	66	3	0	0	0	11	0	0	0	2	0	0	0	0	0	0	0	9	0	28	12	60	0	264	0	31	44	72	11	0	0	61	12	22	0	57	6	0	0	20	24	33	0	0	2	0	0	0	14	44	0	0	11	0	28	12	68	22	288	9
214	197	42	44	107	180	27	16	69	42	44	107	22	0	10	36	89	32	214	216	163	25	16	67	27	16	69	22	0	10	32	80	32	138	139	42	44	107	10	0	0	20	21	28	0	0	22	0	10	36	89	32	214	216	146	21	16	52	25	16	67	19	0	10	10	70	32	134	92	27	16	69	8	0	0	0	4	0	0	0	22	0	10	32	80	32	138	139	42	44	107	9	0	0	41	35	58	0	65	10	0	0	20	21	28	0	0	22	0	10	36	89	32	214	216	129	18	14	23	21	16	52	16	0	10	0	57	32	104	67	25	16	67	6	0	0	0	4	0	0	0	19	0	10	10	70	32	134	92	27	16	69	6	0	0	0	21	16	0	14	8	0	0	0	4	0	0	0	22	0	10	32	80	32	138	139	41	44	107	9	28	0	89	14	28	0	80	9	0	0	41	35	58	0	65	10	0	0	20	21	28	0	0	22	0	10	36	85	32	214	216
139	128	37	28	21	117	25	0	0	37	28	21	24	0	0	0	87	14	84	82	106	21	0	0	25	0	0	22	0	0	0	78	0	0	26	37	28	21	8	0	0	0	14	28	0	0	24	0	0	0	87	14	84	82	95	18	0	0	21	0	0	19	0	0	0	58	0	0	11	25	0	0	8	0	0	0	4	0	0	0	22	0	0	0	78	0	0	26	37	28	21	9	0	0	0	29	21	0	0	8	0	0	0	14	28	0	0	24	0	0	0	87	14	84	82	84	15	0	0	18	0	0	16	0	0	0	47	0	0	11	21	0	0	6	0	0	0	4	0	0	0	19	0	0	0	58	0	0	11	25	0	0	6	0	0	0	18	0	0	0	8	0	0	0	4	0	0	0	22	0	0	0	78	0	0	26	36	28	21	11	0	0	0	13	14	0	0	9	0	0	0	29	21	0	0	8	0	0	0	14	28	0	0	24	0	0	0	83	14	84	82
157	143	51	66	28	129	28	43	0	51	66	28	29	20	0	0	113	128	84	189	115	25	43	0	28	43	0	28	20	0	0	84	116	0	128	51	66	28	22	0	0	0	24	21	0	0	29	20	0	0	113	128	84	189	101	17	38	0	25	43	0	25	20	0	0	69	116	0	81	28	43	0	8	0	0	0	4	0	0	0	28	20	0	0	84	116	0	128	51	66	28	10	43	0	0	38	76	0	0	22	0	0	0	24	21	0	0	29	20	0	0	113	128	84	189	87	13	24	0	17	38	0	14	14	0	0	45	100	0	56	25	43	0	6	0	0	0	4	0	0	0	25	20	0	0	69	116	0	81	28	43	0	4	20	0	0	16	50	0	0	8	0	0	0	4	0	0	0	28	20	0	0	84	116	0	128	45	66	28	8	52	0	0	19	36	28	0	10	43	0	0	31	76	0	0	22	0	0	0	23	21	0	0	29	20	0	0	97	128	84	189
105	96	24	15	28	87	13	7	9	24	15	28	12	7	0	9	82	61	28	93	78	8	0	9	13	7	9	7	0	0	9	50	35	9	66	24	15	28	2	0	0	0	0	0	28	0	12	7	0	9	82	61	28	93	69	5	0	9	8	0	9	4	0	0	9	29	0	9	66	13	7	9	2	0	0	0	0	0	9	0	7	0	0	9	50	35	9	66	24	15	28	1	0	0	0	5	0	0	0	2	0	0	0	0	0	28	0	12	7	0	9	82	61	28	93	60	3	0	9	5	0	9	1	0	0	9	18	0	9	64	8	0	9	0	0	0	0	0	0	9	0	4	0	0	9	29	0	9	66	13	7	9	1	0	0	0	5	0	0	0	2	0	0	0	0	0	9	0	7	0	0	9	50	35	9	66	22	15	28	2	0	0	0	2	0	0	0	1	0	0	0	5	0	0	0	2	0	0	0	0	0	28	0	12	7	0	9	74	61	28	93
102	93	26	24	10	84	12	10	9	26	24	10	9	20	0	9	87	72	20	0	75	8	0	9	12	10	9	7	0	0	9	49	30	18	0	26	24	10	2	0	0	0	0	0	20	0	9	20	0	9	87	72	20	0	66	5	0	9	8	0	9	4	0	0	9	29	0	18	0	12	10	9	2	0	0	0	0	0	18	0	7	0	0	9	49	30	18	0	26	24	10	1	0	0	0	5	0	0	0	2	0	0	0	0	0	20	0	9	20	0	9	87	72	20	0	57	3	0	9	5	0	9	1	0	0	9	18	0	18	0	8	0	9	0	0	0	0	0	0	18	0	4	0	0	9	29	0	18	0	12	10	9	1	0	0	0	5	0	0	0	2	0	0	0	0	0	18	0	7	0	0	9	49	30	18	0	24	24	10	2	0	0	0	2	0	0	0	1	0	0	0	5	0	0	0	2	0	0	0	0	0	20	0	9	20	0	9	79	72	20	0
156	142	35	45	63	128	17	41	10	35	45	63	11	42	0	20	107	153	0	315	114	12	30	10	17	41	10	5	40	0	20	60	142	0	175	35	45	63	3	10	0	0	4	0	63	0	11	42	0	20	107	153	0	315	100	9	10	10	12	30	10	4	20	0	20	39	90	0	173	17	41	10	1	10	0	0	0	0	10	0	5	40	0	20	60	142	0	175	35	45	63	3	0	7	0	21	13	126	0	3	10	0	0	4	0	63	0	11	42	0	20	107	153	0	315	86	5	0	10	9	10	10	1	0	0	20	29	20	0	154	12	30	10	0	0	0	0	0	0	10	0	4	20	0	20	39	90	0	173	17	41	10	3	0	0	0	10	11	20	0	1	10	0	0	0	0	10	0	5	40	0	20	60	142	0	175	32	45	63	7	0	28	0	10	0	63	0	3	0	7	0	21	13	126	0	3	10	0	0	4	0	63	0	11	42	0	20	95	153	0	315
132	119	46	50	39	106	21	47	0	46	50	39	20	28	0	0	131	209	0	228	93	16	38	0	21	47	0	14	27	0	0	67	198	0	135	46	50	39	13	8	0	0	8	0	39	0	20	28	0	0	131	209	0	228	80	9	29	0	16	38	0	12	19	0	0	46	155	0	133	21	47	0	1	8	0	0	0	0	0	0	14	27	0	0	67	198	0	135	42	50	39	8	10	7	0	23	40	39	0	13	8	0	0	7	0	39	0	20	28	0	0	124	209	0	228	68	3	19	0	9	29	0	0	10	0	0	24	118	0	116	16	38	0	0	0	0	0	0	0	0	0	12	19	0	0	46	155	0	133	21	47	0	2	9	0	0	10	36	0	0	1	8	0	0	0	0	0	0	14	27	0	0	67	198	0	135	33	38	39	5	19	28	0	10	20	39	0	8	10	7	0	13	40	39	0	13	8	0	0	4	0	39	0	20	28	0	0	96	161	0	228
105	96	28	15	25	87	17	7	0	28	15	25	14	7	0	0	93	61	25	121	78	12	0	0	17	7	0	9	0	0	0	61	35	0	66	28	15	25	2	0	0	0	0	0	25	0	14	7	0	0	93	61	25	121	69	8	0	0	12	0	0	6	0	0	0	40	0	0	66	17	7	0	2	0	0	0	0	0	0	0	9	0	0	0	61	35	0	66	28	15	25	3	0	7	0	10	0	0	0	2	0	0	0	0	0	25	0	14	7	0	0	93	61	25	121	60	4	0	0	8	0	0	1	0	0	0	25	0	0	64	12	0	0	0	0	0	0	0	0	0	0	6	0	0	0	40	0	0	66	17	7	0	3	0	0	0	10	0	0	0	2	0	0	0	0	0	0	0	9	0	0	0	61	35	0	66	26	15	25	3	0	14	0	4	0	0	0	3	0	7	0	10	0	0	0	2	0	0	0	0	0	25	0	14	7	0	0	85	61	25	121
85	77	19	15	19	69	2	0	0	19	15	19	0	0	24	0	54	40	57	63	61	2	0	0	2	0	0	0	0	0	0	8	0	0	18	19	15	19	0	0	0	0	0	0	0	0	0	0	24	0	54	40	57	63	53	2	0	0	2	0	0	0	0	0	0	8	0	0	18	2	0	0	0	0	0	0	0	0	0	0	0	0	0	0	8	0	0	18	19	15	19	0	0	0	0	0	0	0	0	0	0	0	0	0	0	0	0	0	0	24	0	54	40	57	63	45	2	0	0	2	0	0	0	0	0	0	8	0	0	18	2	0	0	0	0	0	0	0	0	0	0	0	0	0	0	8	0	0	18	2	0	0	0	0	0	0	0	0	0	0	0	0	0	0	0	0	0	0	0	0	0	0	8	0	0	18	17	15	19	0	0	0	0	0	0	0	0	0	0	0	0	0	0	0	0	0	0	0	0	0	0	0	0	0	0	24	0	46	40	57	63
85	77	26	15	5	69	2	0	0	26	15	5	0	0	10	0	71	40	15	10	61	2	0	0	2	0	0	0	0	0	0	8	0	0	9	26	15	5	0	0	0	0	2	0	0	0	0	0	10	0	71	40	15	10	53	2	0	0	2	0	0	0	0	0	0	8	0	0	9	2	0	0	0	0	0	0	0	0	0	0	0	0	0	0	8	0	0	9	26	15	5	0	0	0	0	0	0	0	0	0	0	0	0	2	0	0	0	0	0	10	0	71	40	15	10	45	2	0	0	2	0	0	0	0	0	0	8	0	0	9	2	0	0	0	0	0	0	0	0	0	0	0	0	0	0	8	0	0	9	2	0	0	0	0	0	0	0	0	0	0	0	0	0	0	0	0	0	0	0	0	0	0	8	0	0	9	24	15	5	0	0	0	0	0	0	0	0	0	0	0	0	0	0	0	0	0	0	0	0	2	0	0	0	0	0	10	0	63	40	15	10
64	58	19	8	0	52	1	0	0	19	8	0	0	0	0	0	51	12	0	0	46	1	0	0	1	0	0	0	0	0	0	4	0	0	0	19	8	0	0	0	0	0	2	0	0	0	0	0	0	0	51	12	0	0	40	1	0	0	1	0	0	0	0	0	0	4	0	0	0	1	0	0	0	0	0	0	0	0	0	0	0	0	0	0	4	0	0	0	19	8	0	0	0	0	0	0	0	0	0	0	0	0	0	2	0	0	0	0	0	0	0	51	12	0	0	34	1	0	0	1	0	0	0	0	0	0	4	0	0	0	1	0	0	0	0	0	0	0	0	0	0	0	0	0	0	4	0	0	0	1	0	0	0	0	0	0	0	0	0	0	0	0	0	0	0	0	0	0	0	0	0	0	4	0	0	0	18	8	0	0	0	0	0	0	0	0	0	0	0	0	0	0	0	0	0	0	0	0	0	2	0	0	0	0	0	0	0	47	12	0	0
73	66	23	12	0	59	2	0	0	23	12	0	4	0	0	0	57	33	0	0	52	1	0	0	2	0	0	0	0	0	0	5	0	0	0	23	12	0	0	0	0	0	1	3	0	0	4	0	0	0	57	33	0	0	45	1	0	0	1	0	0	0	0	0	0	4	0	0	0	2	0	0	0	0	0	0	0	0	0	0	0	0	0	0	5	0	0	0	23	12	0	0	0	0	0	0	0	0	0	0	0	0	0	1	3	0	0	4	0	0	0	57	33	0	0	38	1	0	0	1	0	0	0	0	0	0	4	0	0	0	1	0	0	0	0	0	0	0	0	0	0	0	0	0	0	4	0	0	0	2	0	0	0	0	0	0	0	0	0	0	0	0	0	0	0	0	0	0	0	0	0	0	5	0	0	0	22	12	0	0	0	0	0	0	0	0	0	0	0	0	0	0	0	0	0	0	0	0	0	1	3	0	0	4	0	0	0	53	33	0	0
83	75	28	15	0	67	3	0	0	28	15	0	4	0	0	0	71	48	0	0	59	2	0	0	3	0	0	0	0	0	0	9	0	0	0	28	15	0	0	0	0	0	1	3	0	0	4	0	0	0	71	48	0	0	51	2	0	0	2	0	0	0	0	0	0	8	0	0	0	3	0	0	0	0	0	0	0	0	0	0	0	0	0	0	9	0	0	0	28	15	0	0	0	0	0	0	0	0	0	0	0	0	0	1	3	0	0	4	0	0	0	71	48	0	0	43	2	0	0	2	0	0	0	0	0	0	8	0	0	0	2	0	0	0	0	0	0	0	0	0	0	0	0	0	0	8	0	0	0	3	0	0	0	0	0	0	0	0	0	0	0	0	0	0	0	0	0	0	0	0	0	0	9	0	0	0	26	15	0	0	0	0	0	0	0	0	0	0	0	0	0	0	0	0	0	0	0	0	0	1	3	0	0	4	0	0	0	63	48	0	0
169	151	48	77	54	133	15	17	37	47	77	54	12	0	28	24	118	248	270	24	115	12	17	0	14	17	37	5	0	28	0	41	68	185	0	47	77	54	1	0	18	0	3	0	0	165	12	0	28	24	118	248	270	24	97	12	17	0	11	17	0	5	0	0	0	35	68	0	0	14	17	37	1	0	18	0	2	0	0	28	5	0	28	0	41	68	185	0	41	77	54	4	0	0	0	27	0	0	0	0	0	18	0	2	0	0	165	12	0	28	24	111	248	270	24	80	12	17	0	11	17	0	5	0	0	0	35	68	0	0	11	17	0	1	0	0	0	2	0	0	28	5	0	0	0	35	68	0	0	12	17	37	4	0	0	0	10	0	0	0	0	0	18	0	2	0	0	28	5	0	28	0	41	68	185	0	33	60	54	24	0	0	0	12	0	0	0	1	0	0	0	22	0	0	0	0	0	18	0	0	0	0	165	8	0	28	24	81	180	270	24
109	98	21	10	27	87	5	0	5	21	10	27	5	0	0	10	53	10	27	24	76	4	0	0	5	0	5	1	0	0	0	13	0	5	0	21	10	27	0	0	0	0	0	0	0	10	5	0	0	10	53	10	27	24	65	4	0	0	4	0	0	1	0	0	0	12	0	0	0	5	0	5	0	0	0	0	0	0	0	9	1	0	0	0	13	0	5	0	20	10	27	0	0	0	0	0	0	0	0	0	0	0	0	0	0	0	10	5	0	0	10	53	10	27	24	54	4	0	0	4	0	0	1	0	0	0	12	0	0	0	4	0	0	0	0	0	0	0	0	0	9	1	0	0	0	12	0	0	0	4	0	5	0	0	0	0	0	0	0	0	0	0	0	0	0	0	0	9	1	0	0	0	13	0	5	0	17	10	27	1	0	0	0	0	0	0	0	0	0	0	0	0	0	0	0	0	0	0	0	0	0	0	10	4	0	0	10	41	10	27	24
112	100	26	29	20	88	5	11	0	26	29	20	5	0	0	0	61	71	40	24	76	4	11	0	5	11	0	1	0	0	0	13	44	0	0	26	29	20	0	0	0	0	1	0	0	0	5	0	0	0	61	71	40	24	64	4	11	0	4	11	0	1	0	0	0	12	44	0	0	5	11	0	0	0	0	0	0	0	0	0	1	0	0	0	13	44	0	0	21	29	20	0	0	0	0	1	0	0	0	0	0	0	0	0	0	0	0	5	0	0	0	54	71	40	24	53	4	11	0	4	11	0	1	0	0	0	12	44	0	0	4	11	0	0	0	0	0	0	0	0	0	1	0	0	0	12	44	0	0	4	11	0	0	0	0	0	0	0	0	0	0	0	0	0	0	0	0	0	1	0	0	0	13	44	0	0	18	18	20	3	0	0	0	0	0	0	0	0	0	0	0	1	0	0	0	0	0	0	0	0	0	0	0	4	0	0	0	42	27	40	24
96	86	34	24	6	76	11	0	0	33	24	6	8	0	0	0	80	66	24	0	66	10	0	0	10	0	0	4	0	0	0	27	0	0	0	33	24	6	1	0	0	0	2	0	0	0	8	0	0	0	80	66	24	0	56	10	0	0	9	0	0	4	0	0	0	26	0	0	0	10	0	0	1	0	0	0	2	0	0	0	4	0	0	0	27	0	0	0	31	24	6	3	0	0	0	17	0	0	0	0	0	0	0	2	0	0	0	8	0	0	0	80	66	24	0	46	10	0	0	9	0	0	4	0	0	0	26	0	0	0	9	0	0	1	0	0	0	2	0	0	0	4	0	0	0	26	0	0	0	8	0	0	3	0	0	0	5	0	0	0	0	0	0	0	2	0	0	0	4	0	0	0	27	0	0	0	24	24	6	18	0	0	0	6	0	0	0	0	0	0	0	12	0	0	0	0	0	0	0	0	0	0	0	4	0	0	0	54	66	24	0
104	93	29	34	6	82	6	6	0	29	34	6	1	24	0	0	72	70	24	0	71	6	0	0	6	6	0	1	0	0	0	20	6	0	0	29	34	6	0	0	0	0	1	0	6	0	1	24	0	0	72	70	24	0	60	6	0	0	6	0	0	1	0	0	0	20	0	0	0	6	6	0	0	0	0	0	0	0	0	0	1	0	0	0	20	6	0	0	28	34	6	0	0	0	0	11	0	0	0	0	0	0	0	1	0	6	0	1	24	0	0	72	70	24	0	49	6	0	0	6	0	0	1	0	0	0	20	0	0	0	6	0	0	0	0	0	0	0	0	0	0	1	0	0	0	20	0	0	0	5	6	0	0	0	0	0	0	0	0	0	0	0	0	0	0	0	0	0	1	0	0	0	20	6	0	0	23	34	6	7	0	0	0	6	0	0	0	0	0	0	0	11	0	0	0	0	0	0	0	1	0	6	0	0	24	0	0	52	70	24	0
117	103	53	49	48	89	23	13	28	50	49	48	13	0	46	18	117	142	192	60	75	23	13	28	20	13	28	13	0	38	18	57	52	112	37	50	49	48	15	0	0	0	18	0	0	0	13	0	46	18	117	142	192	60	61	18	13	7	20	13	28	13	0	38	0	57	52	112	0	20	13	28	1	0	0	0	4	0	0	0	13	0	38	18	57	52	112	37	44	49	48	24	0	0	21	38	45	0	102	14	0	0	0	17	0	0	0	13	0	46	18	110	142	192	60	48	12	9	0	15	13	7	5	0	14	0	44	52	28	0	20	13	28	1	0	0	0	4	0	0	0	13	0	38	0	57	52	112	0	18	13	28	7	0	0	0	13	0	0	10	0	0	0	0	4	0	0	0	13	0	38	18	57	52	112	37	33	36	48	19	36	19	0	14	36	0	28	17	0	0	21	25	45	0	102	14	0	0	0	13	0	0	0	9	0	46	18	73	90	192	60
96	85	37	24	35	74	17	0	10	36	24	35	12	0	17	10	86	48	105	66	63	17	0	10	16	0	10	12	0	10	10	44	0	30	37	36	24	35	15	0	0	0	11	0	0	0	12	0	17	10	86	48	105	66	52	12	0	0	16	0	10	12	0	10	0	44	0	30	0	16	0	10	1	0	0	0	2	0	0	0	12	0	10	10	44	0	30	37	34	24	35	9	0	0	0	23	40	0	63	14	0	0	0	11	0	0	0	12	0	17	10	86	48	105	66	41	10	0	0	11	0	0	4	0	0	0	31	0	0	0	16	0	10	1	0	0	0	2	0	0	0	12	0	10	0	44	0	30	0	14	0	10	3	0	0	0	8	0	0	10	0	0	0	0	2	0	0	0	12	0	10	10	44	0	30	37	25	24	35	22	0	0	0	12	16	0	0	6	0	0	0	15	40	0	63	14	0	0	0	9	0	0	0	8	0	17	10	55	48	105	66
96	84	29	30	43	72	9	20	0	28	30	43	3	10	6	0	69	49	43	113	60	9	20	0	8	20	0	3	10	0	0	26	40	0	42	28	30	43	1	0	0	0	4	0	0	0	3	10	6	0	69	49	43	113	49	9	20	0	8	20	0	3	10	0	0	26	40	0	0	8	20	0	1	0	0	0	2	0	0	0	3	10	0	0	26	40	0	42	23	19	43	3	0	0	0	22	0	0	0	0	0	0	0	3	0	0	0	3	10	6	0	62	49	43	113	39	9	19	0	8	20	0	3	10	0	0	26	40	0	0	8	20	0	1	0	0	0	2	0	0	0	3	10	0	0	26	40	0	0	7	10	0	3	0	0	0	5	0	0	0	0	0	0	0	2	0	0	0	3	10	0	0	26	40	0	42	16	9	43	21	9	0	0	10	0	0	0	0	0	0	0	17	0	0	0	0	0	0	0	1	0	0	0	0	0	6	0	36	9	43	113
92	81	32	26	33	70	11	10	0	31	26	33	4	0	6	0	73	64	66	86	59	11	10	0	10	10	0	4	0	0	0	28	40	0	37	31	26	33	3	0	0	0	8	0	0	0	4	0	6	0	73	64	66	86	48	10	10	0	10	10	0	4	0	0	0	28	40	0	0	10	10	0	1	0	0	0	2	0	0	0	4	0	0	0	28	40	0	37	25	26	33	3	0	0	0	22	8	0	0	2	0	0	0	7	0	0	0	4	0	6	0	66	64	66	86	38	10	8	0	9	10	0	4	0	0	0	26	40	0	0	10	10	0	1	0	0	0	2	0	0	0	4	0	0	0	28	40	0	0	8	10	0	3	0	0	0	5	0	0	0	0	0	0	0	2	0	0	0	4	0	0	0	28	40	0	37	18	16	33	20	16	0	0	10	0	0	0	0	0	0	0	17	8	0	0	2	0	0	0	5	0	0	0	0	0	6	0	40	24	66	86
110	94	58	92	18	79	24	59	0	51	77	18	23	33	0	0	112	194	90	60	64	22	58	0	17	44	0	13	33	0	0	47	110	0	37	49	77	18	31	14	0	0	22	22	0	0	19	33	0	0	107	194	90	60	50	11	55	0	15	44	0	9	33	0	0	42	110	0	0	15	44	0	0	11	0	0	2	22	0	0	9	33	0	0	42	110	0	37	38	63	18	18	33	0	0	23	91	0	0	18	0	0	0	19	22	0	0	9	33	0	0	87	194	90	60	39	7	40	0	9	44	0	1	33	0	0	27	110	0	0	15	44	0	0	11	0	0	2	22	0	0	9	33	0	0	42	110	0	0	14	33	0	4	33	0	0	8	55	0	0	0	0	0	0	2	22	0	0	9	33	0	0	42	110	0	37	30	30	18	7	90	0	0	10	24	0	0	14	0	0	0	15	36	0	0	18	0	0	0	17	0	0	0	8	0	0	0	60	84	90	60
131	114	48	44	110	97	27	16	76	44	44	110	26	0	39	32	99	88	220	134	80	22	14	75	23	16	76	15	0	39	30	59	32	152	38	44	44	110	22	28	13	10	22	56	0	0	26	0	39	32	99	88	220	134	63	14	0	75	18	14	75	11	0	39	30	47	28	150	38	23	16	76	1	0	13	10	4	0	0	0	15	0	39	30	59	32	152	38	43	44	110	22	0	24	0	24	14	110	0	21	28	13	10	22	56	0	0	26	0	39	32	99	88	220	134	46	5	0	60	10	0	75	3	0	39	7	29	0	150	7	18	14	75	1	0	13	0	4	0	0	0	11	0	39	30	47	28	150	38	22	16	76	8	0	23	0	16	0	76	0	0	0	13	10	4	0	0	0	15	0	39	30	59	32	152	38	31	44	110	3	0	35	49	8	0	0	63	14	0	24	0	4	14	110	0	21	28	13	10	17	56	0	0	23	0	39	32	66	88	220	134
105	91	47	49	53	77	25	13	47	42	49	53	26	0	39	0	95	89	212	18	63	20	9	47	20	13	47	15	0	39	0	49	26	188	0	42	49	53	20	36	13	0	22	36	0	0	26	0	39	0	95	89	212	18	49	13	0	47	15	9	47	11	0	39	0	37	18	188	0	20	13	47	1	0	13	0	4	0	0	0	15	0	39	0	49	26	188	0	41	49	53	22	0	13	0	24	9	53	0	19	36	13	0	22	36	0	0	26	0	39	0	95	89	212	18	35	6	0	47	8	0	47	3	0	39	0	21	0	188	0	15	9	47	1	0	13	0	4	0	0	0	11	0	39	0	37	18	188	0	19	13	47	8	0	13	0	16	0	47	0	0	0	13	0	4	0	0	0	15	0	39	0	49	26	188	0	31	49	53	3	0	18	0	8	0	0	0	14	0	13	0	4	9	53	0	19	36	13	0	17	36	0	0	23	0	39	0	70	89	212	18
129	110	66	116	57	91	31	78	32	54	116	57	19	104	39	19	124	278	171	101	72	26	66	31	19	78	32	8	104	39	18	50	208	96	38	54	116	57	15	120	13	8	28	40	0	0	19	104	39	19	124	278	171	101	53	17	20	31	14	66	31	4	80	39	18	38	175	93	38	19	78	32	1	0	13	8	4	0	0	0	8	104	39	18	50	208	96	38	48	116	57	28	60	34	0	36	61	228	0	11	120	13	8	26	40	0	0	19	104	39	19	115	278	171	101	36	6	0	20	8	20	31	3	0	39	7	24	50	93	7	14	66	31	1	0	13	0	4	0	0	0	4	80	39	18	38	175	93	38	18	78	32	8	0	32	0	13	39	128	0	0	0	13	8	4	0	0	0	8	104	39	18	50	208	96	38	29	82	57	3	0	37	21	4	52	114	39	8	60	34	0	4	10	228	0	11	120	13	8	17	40	0	0	16	104	39	19	65	193	171	101
87	76	37	10	50	65	22	0	6	34	10	50	14	0	0	24	78	20	50	177	54	21	0	0	19	0	6	12	0	0	0	50	0	6	38	34	10	50	19	0	0	0	20	10	0	6	14	0	0	24	78	20	50	177	43	15	0	0	18	0	0	12	0	0	0	48	0	0	38	19	0	6	1	0	0	0	4	0	0	0	12	0	0	0	50	0	6	38	32	10	50	21	0	0	0	17	0	0	0	18	0	0	0	20	10	0	6	14	0	0	24	78	20	50	177	32	5	0	0	12	0	0	4	0	0	0	33	0	0	7	18	0	0	1	0	0	0	4	0	0	0	12	0	0	0	48	0	0	38	17	0	6	7	0	0	0	13	0	0	0	0	0	0	0	4	0	0	0	12	0	0	0	50	0	6	38	22	10	50	0	0	44	0	4	0	0	0	14	0	0	0	4	0	0	0	18	0	0	0	16	10	0	6	10	0	0	24	45	20	50	177
86	72	51	68	15	60	28	44	0	43	44	15	36	0	0	0	101	102	60	66	48	22	44	0	20	20	0	18	0	0	0	51	60	0	28	41	44	15	34	0	0	0	17	44	0	0	32	0	0	0	96	102	60	66	36	10	32	0	14	20	0	11	0	0	0	35	60	0	28	18	20	0	1	0	0	0	2	20	0	0	14	0	0	0	46	60	0	28	34	44	15	10	88	0	0	14	56	0	0	20	0	0	0	15	44	0	0	22	0	0	0	83	102	60	66	26	4	20	0	7	12	0	3	0	0	0	19	36	0	7	14	20	0	1	0	0	0	2	20	0	0	11	0	0	0	35	60	0	28	17	20	0	4	40	0	0	11	50	0	0	0	0	0	0	2	20	0	0	14	0	0	0	46	60	0	28	27	24	15	3	0	27	0	8	0	30	0	6	48	0	0	3	6	0	0	20	0	0	0	13	24	0	0	19	0	0	0	63	42	60	66
89	76	30	22	74	63	13	0	56	26	22	74	12	0	51	39	57	55	148	68	50	7	0	56	9	0	56	3	0	48	39	22	0	112	47	26	22	74	2	0	25	0	2	0	0	0	12	0	51	39	57	55	148	68	37	4	0	56	3	0	56	0	0	48	39	7	0	112	47	9	0	56	0	0	13	0	2	0	0	0	3	0	48	39	22	0	112	47	26	22	74	5	0	12	0	8	0	0	0	2	0	25	0	2	0	0	0	12	0	51	39	57	55	148	68	24	4	0	56	0	0	56	0	0	48	39	0	0	112	47	3	0	56	0	0	13	0	2	0	0	0	0	0	48	39	7	0	112	47	9	0	56	5	0	0	0	8	0	0	0	0	0	13	0	2	0	0	0	3	0	48	39	22	0	112	47	23	22	74	3	0	0	0	8	0	0	0	0	0	12	0	0	0	0	0	2	0	25	0	0	0	0	0	12	0	51	39	50	55	148	68
67	57	17	21	37	47	2	0	37	16	21	37	2	0	45	0	34	35	111	0	37	1	0	37	1	0	37	0	0	45	0	2	0	111	0	16	21	37	0	0	0	0	0	0	0	0	2	0	45	0	34	35	111	0	27	1	0	37	0	0	37	0	0	45	0	0	0	111	0	1	0	37	0	0	0	0	0	0	0	0	0	0	45	0	2	0	111	0	16	21	37	0	0	0	0	0	0	0	0	0	0	0	0	0	0	0	0	2	0	45	0	34	35	111	0	17	1	0	37	0	0	37	0	0	45	0	0	0	111	0	0	0	37	0	0	0	0	0	0	0	0	0	0	45	0	0	0	111	0	1	0	37	0	0	0	0	0	0	0	0	0	0	0	0	0	0	0	0	0	0	45	0	2	0	111	0	16	21	37	0	0	0	0	4	0	0	0	0	0	0	0	0	0	0	0	0	0	0	0	0	0	0	0	2	0	45	0	34	35	111	0
87	74	35	32	65	61	19	10	13	31	32	65	18	20	16	39	73	74	130	285	48	9	0	13	15	10	13	11	0	13	39	38	20	26	161	31	32	65	2	0	79	0	3	0	65	0	18	20	16	39	73	74	130	285	35	4	0	13	5	0	13	0	0	13	39	12	0	26	153	15	10	13	0	0	13	0	2	0	13	0	11	0	13	39	38	20	26	161	31	32	65	5	0	32	0	15	0	0	0	2	0	79	0	3	0	65	0	18	20	16	39	73	74	130	285	22	4	0	13	0	0	13	0	0	13	39	0	0	26	153	5	0	13	0	0	13	0	2	0	13	0	0	0	13	39	12	0	26	153	15	10	13	5	0	0	0	11	0	0	0	0	0	13	0	2	0	13	0	11	0	13	39	38	20	26	161	24	32	65	3	0	0	0	12	0	0	0	0	0	32	0	0	0	0	0	2	0	79	0	0	0	65	0	18	20	16	39	58	74	130	285
88	73	43	73	55	59	22	48	13	33	59	55	11	78	16	39	78	143	110	235	45	14	22	13	12	34	13	8	24	13	39	30	82	26	155	33	59	55	3	16	79	0	6	0	165	0	11	78	16	39	78	143	110	235	31	7	13	13	4	8	13	0	0	13	39	11	8	26	153	12	34	13	0	0	13	0	2	0	39	0	8	24	13	39	30	82	26	155	32	59	55	16	13	32	0	22	39	55	0	0	16	79	0	5	0	165	0	11	78	16	39	76	143	110	235	18	3	10	13	0	0	13	0	0	13	39	0	0	26	153	4	8	13	0	0	13	0	2	0	39	0	0	0	13	39	11	8	26	153	12	34	13	4	10	0	0	8	30	13	0	0	0	13	0	2	0	39	0	8	24	13	39	30	82	26	155	19	46	55	0	30	0	0	8	40	0	0	0	0	32	0	0	0	55	0	0	16	79	0	0	0	165	0	11	78	16	39	46	130	110	235
56	47	30	15	25	39	17	8	0	27	7	25	19	0	0	0	66	28	25	125	31	8	8	0	14	0	0	11	0	0	0	36	0	0	79	27	7	25	2	0	49	0	2	0	0	0	19	0	0	0	66	28	25	125	23	3	8	0	5	0	0	0	0	0	0	12	0	0	78	14	0	0	0	0	0	0	2	0	0	0	11	0	0	0	36	0	0	79	27	7	25	5	0	32	0	11	0	0	0	2	0	49	0	2	0	0	0	19	0	0	0	66	28	25	125	15	3	8	0	0	0	0	0	0	0	0	0	0	0	78	5	0	0	0	0	0	0	2	0	0	0	0	0	0	0	12	0	0	78	14	0	0	5	0	0	0	11	0	0	0	0	0	0	0	2	0	0	0	11	0	0	0	36	0	0	79	22	7	25	3	0	0	0	12	0	0	0	0	0	32	0	0	0	0	0	2	0	49	0	0	0	0	0	19	0	0	0	54	28	25	125
95	79	24	15	121	63	2	0	76	23	15	121	3	0	83	112	56	30	121	231	47	1	0	73	1	0	76	0	0	46	103	1	0	76	119	23	15	121	0	0	8	39	1	0	0	0	3	0	83	112	56	30	121	231	31	1	0	73	0	0	73	0	0	43	103	0	0	73	119	1	0	76	0	0	0	39	0	0	0	0	0	0	46	103	1	0	76	119	23	15	121	1	0	0	0	7	0	0	0	0	0	8	39	1	0	0	0	3	0	83	112	56	30	121	231	15	1	0	73	0	0	73	0	0	43	103	0	0	73	119	0	0	73	0	0	0	39	0	0	0	0	0	0	43	103	0	0	73	119	1	0	76	1	0	0	0	3	0	0	0	0	0	0	39	0	0	0	0	0	0	46	103	1	0	76	119	20	15	121	3	0	0	0	16	0	0	0	0	0	0	0	0	0	0	0	0	0	8	39	0	0	0	0	3	0	83	112	52	30	121	231
48	40	16	0	33	32	0	0	25	16	0	33	0	0	30	8	41	0	0	37	24	0	0	25	0	0	25	0	0	30	8	0	0	0	37	16	0	33	0	0	0	0	0	0	0	0	0	0	30	8	41	0	0	37	16	0	0	25	0	0	25	0	0	30	8	0	0	0	37	0	0	25	0	0	0	0	0	0	0	0	0	0	30	8	0	0	0	37	16	0	33	0	0	0	0	0	0	0	0	0	0	0	0	0	0	0	0	0	0	30	8	41	0	0	37	8	0	0	25	0	0	25	0	0	30	8	0	0	0	37	0	0	25	0	0	0	0	0	0	0	0	0	0	30	8	0	0	0	37	0	0	25	0	0	0	0	0	0	0	0	0	0	0	0	0	0	0	0	0	0	30	8	0	0	0	37	16	0	33	0	0	0	0	12	0	0	0	0	0	0	0	0	0	0	0	0	0	0	0	0	0	0	0	0	0	30	8	41	0	0	37
51	42	23	18	19	33	4	0	18	19	18	19	0	0	30	8	45	36	57	0	24	4	0	18	0	0	18	0	0	30	8	0	0	54	0	19	18	19	0	0	0	0	2	0	0	0	0	0	30	8	45	36	57	0	15	4	0	18	0	0	18	0	0	30	8	0	0	54	0	0	0	18	0	0	0	0	0	0	0	0	0	0	30	8	0	0	54	0	19	18	19	12	0	0	0	12	0	0	0	0	0	0	0	2	0	0	0	0	0	30	8	45	36	57	0	6	0	0	18	0	0	18	0	0	30	8	0	0	54	0	0	0	18	0	0	0	0	0	0	0	0	0	0	30	8	0	0	54	0	0	0	18	0	0	0	0	0	0	0	0	0	0	0	0	0	0	0	0	0	0	30	8	0	0	54	0	13	18	19	0	0	0	0	8	24	0	0	0	0	0	0	0	0	0	0	0	0	0	0	0	0	0	0	0	0	30	8	35	36	57	0
80	66	33	40	53	52	7	0	10	27	40	53	3	0	64	0	63	100	212	256	38	6	0	10	1	0	10	0	0	30	0	1	0	40	119	27	40	53	0	0	8	0	3	0	0	0	3	0	64	0	63	100	212	256	24	6	0	10	0	0	10	0	0	30	0	0	0	40	119	1	0	10	0	0	0	0	0	0	0	0	0	0	30	0	1	0	40	119	27	40	53	13	0	0	0	20	0	0	0	0	0	8	0	3	0	0	0	3	0	64	0	63	100	212	256	10	2	0	10	0	0	10	0	0	30	0	0	0	40	119	0	0	10	0	0	0	0	0	0	0	0	0	0	30	0	0	0	40	119	1	0	10	1	0	0	0	3	0	0	0	0	0	0	0	0	0	0	0	0	0	30	0	1	0	40	119	16	40	53	3	0	0	0	12	40	0	0	0	0	0	0	0	0	0	0	0	0	8	0	0	0	0	0	3	0	64	0	42	100	212	256
49	40	27	20	0	31	4	0	0	23	20	0	0	0	0	0	53	60	0	0	22	4	0	0	0	0	0	0	0	0	0	0	0	0	0	23	20	0	0	0	0	0	6	0	0	0	0	0	0	0	53	60	0	0	13	4	0	0	0	0	0	0	0	0	0	0	0	0	0	0	0	0	0	0	0	0	0	0	0	0	0	0	0	0	0	0	0	0	23	20	0	12	0	0	0	24	0	0	0	0	0	0	0	6	0	0	0	0	0	0	0	53	60	0	0	4	0	0	0	0	0	0	0	0	0	0	0	0	0	0	0	0	0	0	0	0	0	0	0	0	0	0	0	0	0	0	0	0	0	0	0	0	0	0	0	0	0	0	0	0	0	0	0	0	0	0	0	0	0	0	0	0	0	0	0	0	8	20	0	0	0	0	0	8	16	0	0	0	0	0	0	0	0	0	0	0	0	0	0	0	0	0	0	0	0	0	0	18	60	0	0
49	39	24	9	47	29	7	0	23	17	9	47	0	0	26	40	41	9	47	72	19	7	0	20	0	0	23	0	0	26	40	0	0	23	28	17	9	47	3	0	0	30	7	0	0	0	0	0	26	40	41	9	47	72	9	4	0	10	0	0	20	0	0	20	40	0	0	20	28	0	0	23	0	0	0	0	0	0	0	0	0	0	26	40	0	0	23	28	16	9	47	12	0	0	0	24	27	0	57	0	0	0	30	6	0	0	0	0	0	26	40	39	9	47	72	0	0	0	10	0	0	10	0	0	0	40	0	0	10	28	0	0	20	0	0	0	0	0	0	0	0	0	0	20	40	0	0	20	28	0	0	23	0	0	0	0	0	0	0	32	0	0	0	0	0	0	0	0	0	0	26	40	0	0	23	28	0	0	47	0	0	0	0	0	0	0	0	0	0	0	0	0	0	0	57	0	0	0	30	0	0	0	0	0	0	26	40	0	0	47	72
93	74	29	34	156	55	10	0	112	20	34	156	3	0	36	95	46	51	312	193	36	9	0	82	1	0	112	1	0	34	56	3	0	224	104	19	34	156	5	0	0	142	7	17	0	120	2	0	36	95	43	51	312	193	17	5	0	44	0	0	82	0	0	20	53	0	0	164	101	0	0	112	0	0	0	39	0	0	0	26	0	0	34	56	0	0	224	104	16	34	156	13	0	0	61	26	68	0	220	0	0	0	142	5	17	0	120	0	0	36	95	38	51	312	193	0	0	0	43	0	0	44	0	0	0	53	0	0	88	101	0	0	82	0	0	0	39	0	0	0	26	0	0	20	53	0	0	164	101	0	0	112	0	0	0	59	0	0	0	155	0	0	0	39	0	0	0	26	0	0	34	56	0	0	224	104	0	0	156	0	0	10	10	0	0	0	0	0	0	0	61	0	0	0	220	0	0	0	142	0	0	0	120	0	0	36	95	0	0	312	193
60	47	42	40	42	34	14	0	34	31	40	42	17	0	37	40	63	120	210	0	21	11	0	31	3	0	34	5	0	37	40	8	0	170	0	28	40	42	18	0	0	30	8	24	0	0	12	0	37	40	55	120	210	0	8	4	0	20	0	0	31	0	0	31	40	0	0	155	0	0	0	34	0	0	0	0	0	0	0	0	0	0	37	40	0	0	170	0	13	40	42	12	0	0	10	20	56	0	57	0	0	0	30	3	24	0	0	0	0	37	40	29	120	210	0	0	0	0	19	0	0	20	0	0	10	40	0	0	100	0	0	0	31	0	0	0	0	0	0	0	0	0	0	31	40	0	0	155	0	0	0	34	0	0	0	9	0	0	0	32	0	0	0	0	0	0	0	0	0	0	37	40	0	0	170	0	0	0	42	0	0	0	9	0	0	0	0	0	0	0	10	0	0	0	57	0	0	0	30	0	0	0	0	0	0	37	40	0	0	210	0
61	45	28	75	43	33	7	48	21	22	27	43	3	0	36	16	46	54	129	72	21	6	48	10	1	0	21	1	0	34	0	3	0	63	28	21	27	43	8	0	0	30	8	9	0	55	2	0	36	16	43	54	129	72	9	1	36	0	0	0	10	0	0	20	0	0	0	30	28	0	0	21	0	0	0	0	0	0	0	13	0	0	34	0	0	0	63	28	15	27	43	1	108	0	0	25	45	0	57	0	0	0	30	5	9	0	55	0	0	36	16	35	54	129	72	0	0	0	0	0	0	0	0	0	0	0	0	0	0	28	0	0	10	0	0	0	0	0	0	0	13	0	0	20	0	0	0	30	28	0	0	21	0	0	0	0	0	0	0	32	0	0	0	0	0	0	0	13	0	0	34	0	0	0	63	28	0	0	43	0	0	10	0	0	0	172	0	0	0	0	0	0	0	0	57	0	0	0	30	0	0	0	55	0	0	36	16	0	0	129	72
51	40	33	28	24	29	11	0	8	23	28	24	3	0	10	16	44	70	96	53	18	10	0	0	1	0	8	1	0	8	0	3	0	32	10	22	28	24	8	0	0	0	9	7	0	55	2	0	10	16	41	70	96	53	7	5	0	0	0	0	0	0	0	0	0	0	0	0	10	0	0	8	0	0	0	0	0	0	0	13	0	0	8	0	0	0	32	10	12	28	24	13	0	0	0	22	35	0	0	0	0	0	0	5	7	0	55	0	0	10	16	26	70	96	53	0	0	0	0	0	0	0	0	0	0	0	0	0	0	10	0	0	0	0	0	0	0	0	0	0	13	0	0	0	0	0	0	0	10	0	0	8	0	0	0	0	0	0	0	0	0	0	0	0	0	0	0	13	0	0	8	0	0	0	32	10	0	0	24	0	0	10	0	0	0	0	0	0	0	0	0	0	0	0	0	0	0	0	0	0	0	0	55	0	0	10	16	0	0	96	53
68	50	32	56	116	32	12	0	96	23	56	116	19	0	21	63	47	98	464	66	14	8	0	96	3	0	96	5	0	21	63	8	0	384	42	13	56	116	19	0	0	0	4	14	0	0	12	0	21	63	19	98	464	66	0	0	0	93	0	0	96	0	0	21	51	0	0	384	31	0	0	96	0	0	0	0	0	0	0	0	0	0	21	63	0	0	384	42	0	0	116	0	0	11	30	0	0	0	0	0	0	0	0	0	0	0	0	0	0	21	63	0	0	464	66	0	0	0	70	0	0	93	0	0	21	10	0	0	372	20	0	0	96	0	0	0	0	0	0	0	0	0	0	21	51	0	0	384	31	0	0	96	0	0	11	0	0	0	0	0	0	0	0	0	0	0	0	0	0	0	21	63	0	0	384	42	0	0	0	0	0	0	101	0	0	0	57	0	0	0	30	0	0	0	0	0	0	0	0	0	0	0	0	0	0	0	63	0	0	0	66
58	41	33	55	101	27	16	42	44	20	13	101	19	0	11	82	39	26	101	312	13	12	39	42	3	0	44	5	0	11	76	8	0	44	198	15	13	101	16	39	0	16	4	13	0	0	12	0	11	82	24	26	101	312	0	0	0	27	0	0	42	0	0	11	40	0	0	42	143	0	0	44	0	0	0	0	0	0	0	0	0	0	11	76	0	0	44	198	0	0	101	0	0	80	54	0	0	303	55	0	0	0	16	0	0	0	0	0	0	11	82	0	0	101	312	0	0	0	6	0	0	27	0	0	11	0	0	0	27	74	0	0	42	0	0	0	0	0	0	0	0	0	0	11	40	0	0	42	143	0	0	44	0	0	41	0	0	0	132	13	0	0	0	0	0	0	0	0	0	0	11	76	0	0	44	198	0	0	0	0	0	0	30	0	0	0	72	0	0	0	54	0	0	0	55	0	0	0	16	0	0	0	0	0	0	0	82	0	0	0	312
49	33	37	87	29	19	10	38	21	23	59	29	5	118	11	0	48	137	145	42	7	8	14	21	1	14	21	1	28	11	0	3	35	105	34	11	35	29	9	70	0	0	4	7	58	0	2	70	11	0	15	77	145	42	0	0	0	17	0	0	21	0	0	11	0	0	0	105	31	0	0	21	0	0	0	0	0	0	42	0	0	0	11	0	0	0	105	34	0	0	29	0	0	31	24	0	0	58	0	0	0	0	0	0	0	58	0	0	0	11	0	0	0	145	42	0	0	0	6	0	0	17	0	0	11	0	0	0	85	20	0	0	21	0	0	0	0	0	0	42	0	0	0	11	0	0	0	105	31	0	0	21	0	0	31	0	0	0	42	0	0	0	0	0	0	0	42	0	0	0	11	0	0	0	105	34	0	0	0	0	0	0	30	0	0	0	15	0	0	0	24	0	0	0	0	0	0	0	0	0	0	0	0	0	0	0	0	0	0	0	42
41	29	32	37	41	18	13	18	0	18	26	41	16	26	0	0	38	54	82	265	8	10	8	0	2	8	0	4	8	0	0	5	24	0	175	13	16	41	16	16	0	0	4	8	41	0	10	16	0	0	23	24	82	265	0	0	0	0	0	0	0	0	0	0	0	0	0	0	123	0	0	0	0	0	0	0	0	0	0	0	0	0	0	0	0	0	0	175	0	0	41	0	0	36	0	0	0	41	0	0	0	0	0	0	0	41	0	0	0	0	0	0	0	82	265	0	0	0	0	0	0	0	0	0	0	0	0	0	0	64	0	0	0	0	0	0	0	0	0	0	0	0	0	0	0	0	0	0	123	0	0	0	0	0	0	0	0	0	0	0	0	0	0	0	0	0	0	0	0	0	0	0	0	0	0	175	0	0	0	0	0	0	0	0	0	0	0	0	0	0	0	0	0	0	0	0	0	0	0	0	0	0	0	0	0	0	0	0	0	0	265
38	27	29	31	24	17	14	10	0	18	21	24	19	0	0	0	41	21	72	109	7	10	7	0	3	0	0	5	0	0	0	8	0	0	63	12	21	24	15	21	0	0	4	7	0	0	12	0	0	0	23	21	72	109	0	0	0	0	0	0	0	0	0	0	0	0	0	0	41	0	0	0	0	0	0	0	0	0	0	0	0	0	0	0	0	0	0	63	0	0	24	0	0	36	0	0	0	24	0	0	0	0	0	0	0	0	0	0	0	0	0	0	0	72	109	0	0	0	0	0	0	0	0	0	0	0	0	0	0	20	0	0	0	0	0	0	0	0	0	0	0	0	0	0	0	0	0	0	41	0	0	0	0	0	0	0	0	0	0	0	0	0	0	0	0	0	0	0	0	0	0	0	0	0	0	63	0	0	0	0	0	0	0	0	0	0	0	0	0	0	0	0	0	0	0	0	0	0	0	0	0	0	0	0	0	0	0	0	0	0	109
27	18	18	0	53	9	5	0	21	13	0	53	6	0	14	43	35	0	0	169	0	0	0	21	0	0	21	0	0	0	43	0	0	0	117	0	0	53	0	0	35	0	0	0	0	0	0	0	14	43	0	0	0	169	0	0	0	21	0	0	21	0	0	0	43	0	0	0	117	0	0	21	0	0	11	0	0	0	0	0	0	0	0	43	0	0	0	117	0	0	0	0	0	0	0	0	0	0	0	0	0	0	0	0	0	0	0	0	0	0	43	0	0	0	169	0	0	0	21	0	0	21	0	0	0	43	0	0	0	110	0	0	21	0	0	11	0	0	0	0	0	0	0	0	43	0	0	0	117	0	0	0	0	0	0	0	0	0	0	0	0	0	0	0	0	0	0	0	0	0	0	43	0	0	0	117	0	0	0	0	0	0	0	0	0	0	0	0	0	0	0	0	0	0	0	0	0	0	0	0	0	0	0	0	0	0	0	0	0	0	0
32	20	26	29	49	9	7	9	0	12	18	49	5	18	22	0	31	63	98	311	0	0	0	0	0	0	0	0	0	0	0	0	0	0	161	0	0	49	0	0	68	0	0	0	49	0	0	0	22	0	0	0	98	311	0	0	0	0	0	0	0	0	0	0	0	0	0	0	159	0	0	0	0	0	0	0	0	0	0	0	0	0	0	0	0	0	0	161	0	0	0	0	0	0	0	0	0	0	0	0	0	0	0	0	0	0	0	0	0	0	0	0	0	0	311	0	0	0	0	0	0	0	0	0	0	0	0	0	0	137	0	0	0	0	0	0	0	0	0	0	0	0	0	0	0	0	0	0	159	0	0	0	0	0	0	0	0	0	0	0	0	0	0	0	0	0	0	0	0	0	0	0	0	0	0	161	0	0	0	0	0	0	0	0	0	0	0	0	0	0	0	0	0	0	0	0	0	0	0	0	0	0	0	0	0	0	0	0	0	0	0
26	17	21	8	36	8	5	0	0	13	8	36	7	0	22	0	35	24	36	210	0	0	0	0	0	0	0	0	0	0	0	0	0	0	117	0	0	36	0	0	29	0	0	0	0	0	0	0	22	0	0	0	36	210	0	0	0	0	0	0	0	0	0	0	0	0	0	0	117	0	0	0	0	0	0	0	0	0	0	0	0	0	0	0	0	0	0	117	0	0	0	0	0	0	0	0	0	0	0	0	0	0	0	0	0	0	0	0	0	0	0	0	0	0	210	0	0	0	0	0	0	0	0	0	0	0	0	0	0	110	0	0	0	0	0	0	0	0	0	0	0	0	0	0	0	0	0	0	117	0	0	0	0	0	0	0	0	0	0	0	0	0	0	0	0	0	0	0	0	0	0	0	0	0	0	117	0	0	0	0	0	0	0	0	0	0	0	0	0	0	0	0	0	0	0	0	0	0	0	0	0	0	0	0	0	0	0	0	0	0	0
26	16	22	24	21	6	3	0	0	9	24	21	6	0	14	0	25	60	84	145	0	0	0	0	0	0	0	0	0	0	0	0	0	0	117	0	0	21	0	0	14	0	0	0	0	0	0	0	14	0	0	0	84	145	0	0	0	0	0	0	0	0	0	0	0	0	0	0	117	0	0	0	0	0	0	0	0	0	0	0	0	0	0	0	0	0	0	117	0	0	0	0	0	0	0	0	0	0	0	0	0	0	0	0	0	0	0	0	0	0	0	0	0	0	145	0	0	0	0	0	0	0	0	0	0	0	0	0	0	110	0	0	0	0	0	0	0	0	0	0	0	0	0	0	0	0	0	0	117	0	0	0	0	0	0	0	0	0	0	0	0	0	0	0	0	0	0	0	0	0	0	0	0	0	0	117	0	0	0	0	0	0	0	0	0	0	0	0	0	0	0	0	0	0	0	0	0	0	0	0	0	0	0	0	0	0	0	0	0	0	0
23	14	22	20	7	5	3	0	0	9	20	7	6	0	14	0	25	50	28	29	0	0	0	0	0	0	0	0	0	0	0	0	0	0	21	0	0	7	0	0	14	0	0	0	0	0	0	0	14	0	0	0	28	29	0	0	0	0	0	0	0	0	0	0	0	0	0	0	21	0	0	0	0	0	0	0	0	0	0	0	0	0	0	0	0	0	0	21	0	0	0	0	0	0	0	0	0	0	0	0	0	0	0	0	0	0	0	0	0	0	0	0	0	0	29	0	0	0	0	0	0	0	0	0	0	0	0	0	0	17	0	0	0	0	0	0	0	0	0	0	0	0	0	0	0	0	0	0	21	0	0	0	0	0	0	0	0	0	0	0	0	0	0	0	0	0	0	0	0	0	0	0	0	0	0	21	0	0	0	0	0	0	0	0	0	0	0	0	0	0	0	0	0	0	0	0	0	0	0	0	0	0	0	0	0	0	0	0	0	0	0
23	10	16	30	50	0	0	0	15	0	0	50	0	0	43	51	0	0	150	113	0	0	0	0	0	0	15	0	0	22	0	0	0	45	0	0	0	0	0	0	0	0	0	0	0	70	0	0	0	51	0	0	0	113	0	0	0	0	0	0	0	0	0	0	0	0	0	0	0	0	0	0	0	0	0	0	0	0	0	21	0	0	0	0	0	0	0	0	0	0	0	0	0	0	0	0	0	0	0	0	0	0	0	0	0	0	70	0	0	0	0	0	0	0	0	0	0	0	0	0	0	0	0	0	0	0	0	0	0	0	0	0	0	0	0	0	0	0	0	0	21	0	0	0	0	0	0	0	0	0	0	0	0	0	0	0	0	0	0	0	0	0	0	0	0	0	0	21	0	0	0	0	0	0	0	0	0	0	0	0	0	0	0	0	0	0	0	0	0	0	0	0	0	0	0	0	0	0	0	0	0	0	0	0	0	0	0	0	0	0	0
16	7	15	14	23	0	0	0	7	0	0	23	0	0	24	35	0	0	46	28	0	0	0	0	0	0	7	0	0	14	0	0	0	14	0	0	0	0	0	0	0	0	0	0	0	29	0	0	0	35	0	0	0	28	0	0	0	0	0	0	0	0	0	0	0	0	0	0	0	0	0	0	0	0	0	0	0	0	0	21	0	0	0	0	0	0	0	0	0	0	0	0	0	0	0	0	0	0	0	0	0	0	0	0	0	0	29	0	0	0	0	0	0	0	0	0	0	0	0	0	0	0	0	0	0	0	0	0	0	0	0	0	0	0	0	0	0	0	0	0	21	0	0	0	0	0	0	0	0	0	0	0	0	0	0	0	0	0	0	0	0	0	0	0	0	0	0	21	0	0	0	0	0	0	0	0	0	0	0	0	0	0	0	0	0	0	0	0	0	0	0	0	0	0	0	0	0	0	0	0	0	0	0	0	0	0	0	0	0	0	0
18	7	12	28	20	0	0	0	0	0	0	20	0	0	9	0	0	0	80	77	0	0	0	0	0	0	0	0	0	0	0	0	0	0	0	0	0	0	0	0	0	0	0	0	0	0	0	0	0	0	0	0	0	77	0	0	0	0	0	0	0	0	0	0	0	0	0	0	0	0	0	0	0	0	0	0	0	0	0	0	0	0	0	0	0	0	0	0	0	0	0	0	0	0	0	0	0	0	0	0	0	0	0	0	0	0	0	0	0	0	0	0	0	0	0	0	0	0	0	0	0	0	0	0	0	0	0	0	0	0	0	0	0	0	0	0	0	0	0	0	0	0	0	0	0	0	0	0	0	0	0	0	0	0	0	0	0	0	0	0	0	0	0	0	0	0	0	0	0	0	0	0	0	0	0	0	0	0	0	0	0	0	0	0	0	0	0	0	0	0	0	0	0	0	0	0	0	0	0	0	0	0	0	0	0	0	0	0	0	0	0
13	6	14	6	11	0	0	0	0	0	0	11	0	0	0	0	0	0	11	28	0	0	0	0	0	0	0	0	0	0	0	0	0	0	0	0	0	0	0	0	0	0	0	0	0	0	0	0	0	0	0	0	0	28	0	0	0	0	0	0	0	0	0	0	0	0	0	0	0	0	0	0	0	0	0	0	0	0	0	0	0	0	0	0	0	0	0	0	0	0	0	0	0	0	0	0	0	0	0	0	0	0	0	0	0	0	0	0	0	0	0	0	0	0	0	0	0	0	0	0	0	0	0	0	0	0	0	0	0	0	0	0	0	0	0	0	0	0	0	0	0	0	0	0	0	0	0	0	0	0	0	0	0	0	0	0	0	0	0	0	0	0	0	0	0	0	0	0	0	0	0	0	0	0	0	0	0	0	0	0	0	0	0	0	0	0	0	0	0	0	0	0	0	0	0	0	0	0	0	0	0	0	0	0	0	0	0	0	0	0	0
13	4	10	20	0	0	0	0	0	0	0	0	0	0	0	0	0	0	0	0	0	0	0	0	0	0	0	0	0	0	0	0	0	0	0	0	0	0	0	0	0	0	0	0	0	0	0	0	0	0	0	0	0	0	0	0	0	0	0	0	0	0	0	0	0	0	0	0	0	0	0	0	0	0	0	0	0	0	0	0	0	0	0	0	0	0	0	0	0	0	0	0	0	0	0	0	0	0	0	0	0	0	0	0	0	0	0	0	0	0	0	0	0	0	0	0	0	0	0	0	0	0	0	0	0	0	0	0	0	0	0	0	0	0	0	0	0	0	0	0	0	0	0	0	0	0	0	0	0	0	0	0	0	0	0	0	0	0	0	0	0	0	0	0	0	0	0	0	0	0	0	0	0	0	0	0	0	0	0	0	0	0	0	0	0	0	0	0	0	0	0	0	0	0	0	0	0	0	0	0	0	0	0	0	0	0	0	0	0	0	0
14	0	0	0	101	0	0	0	65	0	0	0	0	0	0	24	0	0	0	104	0	0	0	58	0	0	0	0	0	0	14	0	0	0	22	0	0	0	0	0	0	62	0	0	0	0	0	0	0	0	0	0	0	0	0	0	0	30	0	0	0	0	0	0	0	0	0	0	0	0	0	0	0	0	0	11	0	0	0	0	0	0	0	0	0	0	0	0	0	0	0	0	0	0	80	0	0	0	130	0	0	0	0	0	0	0	0	0	0	0	0	0	0	0	0	0	0	0	21	0	0	0	0	0	0	0	0	0	0	0	0	0	0	0	0	0	11	0	0	0	0	0	0	0	0	0	0	0	0	0	0	0	0	0	0	53	0	0	0	65	0	0	0	0	0	0	0	0	0	0	0	0	0	0	0	0	0	0	0	0	0	0	0	0	0	0	43	0	0	0	0	0	0	0	0	0	0	0	0	0	0	0	0	0	0	0	0	0	0	0	0
10	0	0	0	64	0	0	0	60	0	0	0	0	0	0	0	0	0	0	0	0	0	0	59	0	0	0	0	0	0	0	0	0	0	0	0	0	0	0	0	0	13	0	0	0	0	0	0	0	0	0	0	0	0	0	0	0	40	0	0	0	0	0	0	0	0	0	0	0	0	0	0	0	0	0	0	0	0	0	0	0	0	0	0	0	0	0	0	0	0	0	0	0	0	60	0	0	0	101	0	0	0	0	0	0	0	0	0	0	0	0	0	0	0	0	0	0	0	28	0	0	0	0	0	0	0	0	0	0	0	0	0	0	0	0	0	0	0	0	0	0	0	0	0	0	0	0	0	0	0	0	0	0	0	0	30	0	0	0	44	0	0	0	0	0	0	0	0	0	0	0	0	0	0	0	0	0	0	0	0	0	0	30	0	0	0	43	0	0	0	0	0	0	0	0	0	0	0	0	0	0	0	0	0	0	0	0	0	0	0	0
14	0	0	0	100	0	0	0	67	0	0	0	0	0	0	52	0	0	0	93	0	0	0	47	0	0	0	0	0	0	22	0	0	0	22	0	0	0	0	0	0	85	0	0	0	49	0	0	0	0	0	0	0	0	0	0	0	9	0	0	0	0	0	0	0	0	0	0	0	0	0	0	0	0	0	0	0	0	0	0	0	0	0	0	0	0	0	0	0	0	0	0	0	0	27	0	0	0	195	0	0	0	0	0	0	0	0	0	0	0	0	0	0	0	0	0	0	0	0	0	0	0	0	0	0	0	0	0	0	0	0	0	0	0	0	0	0	0	0	0	0	0	0	0	0	0	0	0	0	0	0	0	0	0	0	0	0	0	0	65	0	0	0	0	0	0	0	0	0	0	0	0	0	0	0	0	0	0	0	0	0	0	0	0	0	0	43	0	0	0	0	0	0	0	0	0	0	0	0	0	0	0	0	0	0	0	0	0	0	0	0
8	0	0	0	33	0	0	0	12	0	0	0	0	0	0	0	0	0	0	70	0	0	0	12	0	0	0	0	0	0	0	0	0	0	15	0	0	0	0	0	0	0	0	0	0	0	0	0	0	0	0	0	0	0	0	0	0	9	0	0	0	0	0	0	0	0	0	0	0	0	0	0	0	0	0	0	0	0	0	0	0	0	0	0	0	0	0	0	0	0	0	0	0	0	27	0	0	0	0	0	0	0	0	0	0	0	0	0	0	0	0	0	0	0	0	0	0	0	0	0	0	0	0	0	0	0	0	0	0	0	0	0	0	0	0	0	0	0	0	0	0	0	0	0	0	0	0	0	0	0	0	0	0	0	0	0	0	0	0	0	0	0	0	0	0	0	0	0	0	0	0	0	0	0	0	0	0	0	0	0	0	0	0	0	0	0	43	0	0	0	0	0	0	0	0	0	0	0	0	0	0	0	0	0	0	0	0	0	0	0	0
6	0	0	0	11	0	0	0	0	0	0	0	0	0	0	0	0	0	0	20	0	0	0	0	0	0	0	0	0	0	0	0	0	0	0	0	0	0	0	0	0	0	0	0	0	0	0	0	0	0	0	0	0	0	0	0	0	0	0	0	0	0	0	0	0	0	0	0	0	0	0	0	0	0	0	0	0	0	0	0	0	0	0	0	0	0	0	0	0	0	0	0	0	0	0	0	0	0	0	0	0	0	0	0	0	0	0	0	0	0	0	0	0	0	0	0	0	0	0	0	0	0	0	0	0	0	0	0	0	0	0	0	0	0	0	0	0	0	0	0	0	0	0	0	0	0	0	0	0	0	0	0	0	0	0	0	0	0	0	0	0	0	0	0	0	0	0	0	0	0	0	0	0	0	0	0	0	0	0	0	0	0	0	0	0	0	0	0	0	0	0	0	0	0	0	0	0	0	0	0	0	0	0	0	0	0	0	0	0	0	0
