119	114	44	4	0	109	29	0	0	44	4	0	36	0	0	0	88	4	0	0	104	26	0	0	29	0	0	33	0	0	0	50	0	0	0	44	4	0	26	0	0	0	39	12	0	0	36	0	0	0	88	4	0	0	99	24	0	0	26	0	0	27	0	0	0	41	0	0	0	29	0	0	24	0	0	0	22	0	0	0	33	0	0	0	50	0	0	0	44	4	0	24	0	0	0	16	8	0	0	26	0	0	0	39	12	0	0	36	0	0	0	88	4	0	0	94	15	0	0	24	0	0	17	0	0	0	37	0	0	0	26	0	0	9	0	0	0	22	0	0	0	27	0	0	0	41	0	0	0	29	0	0	8	0	0	0	2	0	0	0	24	0	0	0	22	0	0	0	33	0	0	0	50	0	0	0	44	4	0	24	0	0	0	24	20	0	0	24	0	0	0	16	8	0	0	26	0	0	0	39	12	0	0	36	0	0	0	88	4	0	0
259	247	58	53	0	235	35	36	0	58	53	0	45	54	0	0	110	60	0	0	223	28	36	0	35	36	0	36	54	0	0	69	42	0	0	58	53	0	35	0	0	0	43	48	0	0	45	54	0	0	110	60	0	0	211	25	30	0	28	36	0	30	54	0	0	51	42	0	0	35	36	0	31	0	0	0	24	24	0	0	36	54	0	0	69	42	0	0	58	53	0	24	24	0	0	18	12	0	0	35	0	0	0	43	48	0	0	45	54	0	0	110	60	0	0	199	18	12	0	25	30	0	19	36	0	0	45	32	0	0	28	36	0	16	0	0	0	22	24	0	0	30	54	0	0	51	42	0	0	35	36	0	12	0	0	0	5	0	0	0	31	0	0	0	24	24	0	0	36	54	0	0	69	42	0	0	58	53	0	23	24	0	0	25	24	0	0	24	24	0	0	18	12	0	0	35	0	0	0	43	48	0	0	45	54	0	0	110	60	0	0
257	245	68	54	0	233	41	38	0	68	54	0	54	31	0	0	143	105	0	0	221	33	35	0	41	38	0	42	28	0	0	86	65	0	0	68	54	0	35	21	0	0	46	51	0	0	54	31	0	0	143	105	0	0	209	29	35	0	33	35	0	35	28	0	0	63	56	0	0	41	38	0	28	21	0	0	25	38	0	0	42	28	0	0	86	65	0	0	68	54	0	30	0	0	0	18	23	0	0	35	21	0	0	46	51	0	0	54	31	0	0	143	105	0	0	197	19	26	0	29	35	0	24	28	0	0	53	56	0	0	33	35	0	13	21	0	0	23	35	0	0	35	28	0	0	63	56	0	0	41	38	0	12	0	0	0	4	10	0	0	28	21	0	0	25	38	0	0	42	28	0	0	86	65	0	0	68	54	0	20	36	0	0	26	24	0	0	30	0	0	0	18	23	0	0	35	21	0	0	46	51	0	0	54	31	0	0	143	105	0	0
261	249	76	51	0	237	45	32	0	76	51	0	63	24	0	0	147	118	0	0	225	37	32	0	45	32	0	44	24	0	0	88	64	0	0	76	51	0	40	0	0	0	42	44	0	0	63	24	0	0	147	118	0	0	213	33	32	0	37	32	0	36	24	0	0	68	64	0	0	45	32	0	31	0	0	0	26	24	0	0	44	24	0	0	88	64	0	0	76	51	0	30	0	0	0	17	16	0	0	40	0	0	0	42	44	0	0	63	24	0	0	147	118	0	0	201	23	28	0	33	32	0	25	24	0	0	60	64	0	0	37	32	0	16	0	0	0	25	24	0	0	36	24	0	0	68	64	0	0	45	32	0	12	0	0	0	4	0	0	0	31	0	0	0	26	24	0	0	44	24	0	0	88	64	0	0	76	51	0	25	16	0	0	27	24	0	0	30	0	0	0	17	16	0	0	40	0	0	0	42	44	0	0	63	24	0	0	147	118	0	0
231	221	80	29	0	211	52	9	0	80	29	0	81	0	0	0	158	82	0	0	201	46	9	0	52	9	0	64	0	0	0	112	18	0	0	80	29	0	49	0	0	0	45	24	0	0	81	0	0	0	158	82	0	0	191	42	4	0	46	9	0	56	0	0	0	95	18	0	0	52	9	0	40	0	0	0	30	0	0	0	64	0	0	0	112	18	0	0	80	29	0	28	20	0	0	20	16	0	0	49	0	0	0	45	24	0	0	81	0	0	0	158	82	0	0	181	33	0	0	42	4	0	45	0	0	0	87	8	0	0	46	9	0	25	0	0	0	30	0	0	0	56	0	0	0	95	18	0	0	52	9	0	15	0	0	0	8	0	0	0	40	0	0	0	30	0	0	0	64	0	0	0	112	18	0	0	80	29	0	32	0	0	0	27	24	0	0	28	20	0	0	20	16	0	0	49	0	0	0	45	24	0	0	81	0	0	0	158	82	0	0
474	451	116	203	20	428	76	174	0	116	203	20	97	237	0	0	241	377	20	0	405	63	124	0	76	174	0	72	174	0	0	183	348	0	0	116	203	20	29	264	0	0	37	155	60	0	97	237	0	0	241	377	20	0	382	56	93	0	63	124	0	69	105	0	0	147	235	0	0	76	174	0	19	220	0	0	30	137	0	0	72	174	0	0	183	348	0	0	116	203	20	15	166	16	0	17	20	40	0	29	264	0	0	37	155	60	0	97	237	0	0	241	377	20	0	359	48	43	0	56	93	0	59	13	0	0	132	176	0	0	63	124	0	19	70	0	0	25	105	0	0	69	105	0	0	147	235	0	0	76	174	0	13	105	0	0	17	20	0	0	19	220	0	0	30	137	0	0	72	174	0	0	183	348	0	0	116	203	20	28	56	28	0	9	0	100	0	15	166	16	0	17	20	40	0	29	264	0	0	37	155	60	0	97	237	0	0	241	377	20	0
370	352	97	120	16	334	66	92	0	97	120	16	87	146	0	0	215	220	32	0	316	56	83	0	66	92	0	61	132	0	0	160	195	0	0	97	120	16	44	93	0	0	42	47	0	0	87	146	0	0	215	220	32	0	298	48	69	0	56	83	0	52	121	0	0	132	176	0	0	66	92	0	34	72	0	0	35	42	0	0	61	132	0	0	160	195	0	0	97	120	16	19	57	16	0	11	14	16	0	44	93	0	0	42	47	0	0	87	146	0	0	215	220	32	0	280	35	56	0	48	69	0	33	106	0	0	115	148	0	0	56	83	0	19	66	0	0	34	41	0	0	52	121	0	0	132	176	0	0	66	92	0	12	40	0	0	10	12	0	0	34	72	0	0	35	42	0	0	61	132	0	0	160	195	0	0	97	120	16	12	42	28	0	6	14	16	0	19	57	16	0	11	14	16	0	44	93	0	0	42	47	0	0	87	146	0	0	215	220	32	0
265	253	77	39	12	241	57	11	0	77	39	12	75	0	0	0	173	64	48	0	229	51	11	0	57	11	0	58	0	0	0	140	22	0	0	77	39	12	49	0	0	0	28	0	0	0	75	0	0	0	173	64	48	0	217	46	11	0	51	11	0	50	0	0	0	123	22	0	0	57	11	0	40	0	0	0	28	0	0	0	58	0	0	0	140	22	0	0	77	39	12	22	0	4	0	8	0	0	0	49	0	0	0	28	0	0	0	75	0	0	0	173	64	48	0	205	36	11	0	46	11	0	39	0	0	0	113	22	0	0	51	11	0	25	0	0	0	28	0	0	0	50	0	0	0	123	22	0	0	57	11	0	15	0	0	0	8	0	0	0	40	0	0	0	28	0	0	0	58	0	0	0	140	22	0	0	77	39	12	13	0	16	0	4	0	0	0	22	0	4	0	8	0	0	0	49	0	0	0	28	0	0	0	75	0	0	0	173	64	48	0
340	324	92	93	8	308	56	51	0	92	93	8	65	82	0	0	218	245	40	0	292	52	34	0	56	51	0	58	12	0	0	150	150	0	0	92	93	8	41	30	0	0	25	0	16	0	65	82	0	0	218	245	40	0	276	48	28	0	52	34	0	52	0	0	0	138	110	0	0	56	51	0	37	0	0	0	23	0	0	0	58	12	0	0	150	150	0	0	92	93	8	22	0	4	0	7	0	8	0	41	30	0	0	25	0	16	0	65	82	0	0	218	245	40	0	260	41	28	0	48	28	0	41	0	0	0	130	98	0	0	52	34	0	22	0	0	0	23	0	0	0	52	0	0	0	138	110	0	0	56	51	0	15	0	0	0	7	0	0	0	37	0	0	0	23	0	0	0	58	12	0	0	150	150	0	0	92	93	8	13	0	4	0	4	0	0	0	22	0	4	0	7	0	8	0	41	30	0	0	25	0	16	0	65	82	0	0	218	245	40	0
367	348	116	148	4	329	67	107	0	116	148	4	85	220	0	0	273	435	16	0	310	58	93	0	67	107	0	57	176	0	0	179	340	0	0	116	148	4	71	99	0	0	32	46	4	0	85	220	0	0	273	435	16	0	291	48	90	0	58	93	0	44	170	0	0	150	292	0	0	67	107	0	43	90	0	0	23	40	0	0	57	176	0	0	179	340	0	0	116	148	4	38	30	4	0	6	50	0	0	71	99	0	0	32	46	4	0	85	220	0	0	273	435	16	0	272	39	87	0	48	90	0	25	170	0	0	124	280	0	0	58	93	0	26	90	0	0	23	40	0	0	44	170	0	0	150	292	0	0	67	107	0	21	30	0	0	6	50	0	0	43	90	0	0	23	40	0	0	57	176	0	0	179	340	0	0	116	148	4	28	27	0	0	1	30	0	0	38	30	4	0	6	50	0	0	71	99	0	0	32	46	4	0	85	220	0	0	273	435	16	0
239	227	68	35	35	215	46	32	0	68	35	35	59	24	44	0	169	86	0	60	203	40	32	0	46	32	0	43	24	0	0	121	80	0	0	68	35	35	37	0	32	0	18	16	0	0	59	24	44	0	169	86	0	60	191	34	32	0	40	32	0	32	24	0	0	108	80	0	0	46	32	0	22	0	0	0	18	16	0	0	43	24	0	0	121	80	0	0	68	35	35	15	0	53	0	7	0	0	0	37	0	32	0	18	16	0	0	59	24	44	0	169	86	0	60	179	32	32	0	34	32	0	30	24	0	0	103	80	0	0	40	32	0	20	0	0	0	18	16	0	0	32	24	0	0	108	80	0	0	46	32	0	15	0	0	0	7	0	0	0	22	0	0	0	18	16	0	0	43	24	0	0	121	80	0	0	68	35	35	9	0	16	0	4	0	0	0	15	0	53	0	7	0	0	0	37	0	32	0	18	16	0	0	59	24	44	0	169	86	0	60
184	175	47	14	26	166	31	14	0	47	14	26	35	0	17	0	128	49	0	40	157	29	14	0	31	14	0	33	0	0	0	88	49	0	0	47	14	26	16	0	14	0	11	0	0	0	35	0	17	0	128	49	0	40	148	28	14	0	29	14	0	32	0	0	0	84	49	0	0	31	14	0	16	0	0	0	10	0	0	0	33	0	0	0	88	49	0	0	47	14	26	7	0	8	0	6	0	0	0	16	0	14	0	11	0	0	0	35	0	17	0	128	49	0	40	139	26	14	0	28	14	0	30	0	0	0	82	49	0	0	29	14	0	14	0	0	0	10	0	0	0	32	0	0	0	84	49	0	0	31	14	0	7	0	0	0	6	0	0	0	16	0	0	0	10	0	0	0	33	0	0	0	88	49	0	0	47	14	26	4	0	16	0	4	0	0	0	7	0	8	0	6	0	0	0	16	0	14	0	11	0	0	0	35	0	17	0	128	49	0	40
226	215	53	32	18	204	30	18	0	53	32	18	28	0	17	0	155	91	36	24	193	29	18	0	30	18	0	26	0	0	0	97	63	0	0	53	32	18	9	0	6	0	7	0	0	0	28	0	17	0	155	91	36	24	182	29	18	0	29	18	0	26	0	0	0	95	63	0	0	30	18	0	9	0	0	0	6	0	0	0	26	0	0	0	97	63	0	0	53	32	18	3	0	0	0	5	0	0	0	9	0	6	0	7	0	0	0	28	0	17	0	155	91	36	24	171	29	18	0	29	18	0	26	0	0	0	95	63	0	0	29	18	0	9	0	0	0	6	0	0	0	26	0	0	0	95	63	0	0	30	18	0	3	0	0	0	5	0	0	0	9	0	0	0	6	0	0	0	26	0	0	0	97	63	0	0	53	32	18	3	0	0	0	3	0	0	0	3	0	0	0	5	0	0	0	9	0	6	0	7	0	0	0	28	0	17	0	155	91	36	24
268	255	59	50	18	242	32	22	0	59	50	18	29	0	17	0	166	147	72	24	229	31	22	0	32	22	0	27	0	0	0	104	77	0	0	59	50	18	9	0	6	0	7	0	0	0	29	0	17	0	166	147	72	24	216	31	22	0	31	22	0	27	0	0	0	102	77	0	0	32	22	0	9	0	0	0	6	0	0	0	27	0	0	0	104	77	0	0	59	50	18	3	0	0	0	5	0	0	0	9	0	6	0	7	0	0	0	29	0	17	0	166	147	72	24	203	31	22	0	31	22	0	27	0	0	0	102	77	0	0	31	22	0	9	0	0	0	6	0	0	0	27	0	0	0	102	77	0	0	32	22	0	3	0	0	0	5	0	0	0	9	0	0	0	6	0	0	0	27	0	0	0	104	77	0	0	59	50	18	3	0	0	0	3	0	0	0	3	0	0	0	5	0	0	0	9	0	6	0	7	0	0	0	29	0	17	0	166	147	72	24
230	218	51	50	6	206	14	32	0	51	50	6	6	24	12	0	122	166	30	8	194	13	32	0	14	32	0	4	24	0	0	50	112	0	0	51	50	6	0	0	6	0	1	0	0	0	6	24	12	0	122	166	30	8	182	13	32	0	13	32	0	4	24	0	0	48	112	0	0	14	32	0	0	0	0	0	0	0	0	0	4	24	0	0	50	112	0	0	51	50	6	0	0	0	0	0	0	0	0	0	0	6	0	1	0	0	0	6	24	12	0	122	166	30	8	170	13	32	0	13	32	0	4	24	0	0	48	112	0	0	13	32	0	0	0	0	0	0	0	0	0	4	24	0	0	48	112	0	0	14	32	0	0	0	0	0	0	0	0	0	0	0	0	0	0	0	0	0	4	24	0	0	50	112	0	0	51	50	6	0	0	0	0	0	0	0	0	0	0	0	0	0	0	0	0	0	0	6	0	1	0	0	0	6	24	12	0	122	166	30	8
208	198	44	16	31	188	24	0	15	44	16	31	19	0	31	39	93	32	62	24	178	19	0	0	24	0	15	9	0	24	0	66	0	30	0	44	16	31	6	0	50	0	14	0	0	28	19	0	31	39	93	32	62	24	168	19	0	0	19	0	0	9	0	0	0	63	0	0	0	24	0	15	6	0	45	0	10	0	0	0	9	0	24	0	66	0	30	0	44	16	31	8	0	0	0	1	0	0	0	6	0	50	0	14	0	0	28	19	0	31	39	93	32	62	24	158	18	0	0	19	0	0	9	0	0	0	63	0	0	0	19	0	0	1	0	0	0	1	0	0	0	9	0	0	0	63	0	0	0	24	0	15	6	0	0	0	1	0	0	0	6	0	45	0	10	0	0	0	9	0	24	0	66	0	30	0	44	16	31	2	0	10	0	0	0	0	0	8	0	0	0	1	0	0	0	6	0	50	0	14	0	0	28	19	0	31	39	93	32	62	24
313	297	64	71	47	281	32	39	20	64	71	47	34	26	31	59	132	213	141	42	265	27	39	0	32	39	20	24	26	24	0	89	156	60	0	64	71	47	15	0	50	0	19	0	0	32	34	26	31	59	132	213	141	42	249	27	39	0	27	39	0	24	26	0	0	86	156	0	0	32	39	20	15	0	45	0	14	0	0	0	24	26	24	0	89	156	60	0	64	71	47	11	0	0	0	6	0	0	0	15	0	50	0	19	0	0	32	34	26	31	59	132	213	141	42	233	23	39	0	27	39	0	24	26	0	0	86	156	0	0	27	39	0	10	0	0	0	5	0	0	0	24	26	0	0	86	156	0	0	32	39	20	9	0	0	0	6	0	0	0	15	0	45	0	14	0	0	0	24	26	24	0	89	156	60	0	64	71	47	2	0	37	0	3	0	0	0	11	0	0	0	6	0	0	0	15	0	50	0	19	0	0	32	34	26	31	59	132	213	141	42
256	243	46	51	20	230	20	22	9	46	51	20	18	11	20	9	85	122	80	24	217	15	22	0	20	22	9	8	11	18	0	52	77	36	0	46	51	20	6	0	50	0	14	0	0	20	18	11	20	9	85	122	80	24	204	15	22	0	15	22	0	8	11	0	0	49	77	0	0	20	22	9	6	0	45	0	10	0	0	0	8	11	18	0	52	77	36	0	46	51	20	8	0	0	0	1	0	0	0	6	0	50	0	14	0	0	20	18	11	20	9	85	122	80	24	191	14	22	0	15	22	0	8	11	0	0	49	77	0	0	15	22	0	1	0	0	0	1	0	0	0	8	11	0	0	49	77	0	0	20	22	9	6	0	0	0	1	0	0	0	6	0	45	0	10	0	0	0	8	11	18	0	52	77	36	0	46	51	20	2	0	10	0	0	0	0	0	8	0	0	0	1	0	0	0	6	0	50	0	14	0	0	20	18	11	20	9	85	122	80	24
167	159	29	7	17	151	13	0	0	29	7	17	6	0	0	0	70	14	17	42	143	13	0	0	13	0	0	6	0	0	0	47	0	0	0	29	7	17	0	0	0	0	1	0	0	0	6	0	0	0	70	14	17	42	135	13	0	0	13	0	0	6	0	0	0	47	0	0	0	13	0	0	0	0	0	0	0	0	0	0	6	0	0	0	47	0	0	0	29	7	17	0	0	0	0	0	0	0	0	0	0	0	0	1	0	0	0	6	0	0	0	70	14	17	42	127	13	0	0	13	0	0	6	0	0	0	47	0	0	0	13	0	0	0	0	0	0	0	0	0	0	6	0	0	0	47	0	0	0	13	0	0	0	0	0	0	0	0	0	0	0	0	0	0	0	0	0	0	6	0	0	0	47	0	0	0	29	7	17	0	0	0	0	0	0	0	0	0	0	0	0	0	0	0	0	0	0	0	0	1	0	0	0	6	0	0	0	70	14	17	42
205	195	30	25	3	185	12	0	0	30	25	3	8	0	0	0	57	40	15	6	175	12	0	0	12	0	0	8	0	0	0	40	0	0	0	30	25	3	0	0	0	0	5	0	0	0	8	0	0	0	57	40	15	6	165	12	0	0	12	0	0	8	0	0	0	40	0	0	0	12	0	0	0	0	0	0	0	0	0	0	8	0	0	0	40	0	0	0	30	25	3	0	0	0	0	0	0	0	0	0	0	0	0	5	0	0	0	8	0	0	0	57	40	15	6	155	12	0	0	12	0	0	8	0	0	0	40	0	0	0	12	0	0	0	0	0	0	0	0	0	0	8	0	0	0	40	0	0	0	12	0	0	0	0	0	0	0	0	0	0	0	0	0	0	0	0	0	0	8	0	0	0	40	0	0	0	30	25	3	0	0	0	0	0	0	0	0	0	0	0	0	0	0	0	0	0	0	0	0	5	0	0	0	8	0	0	0	57	40	15	6
318	302	35	28	88	286	20	0	46	35	28	88	17	0	93	52	65	0	176	118	270	17	0	38	20	0	46	15	0	78	39	58	0	92	44	35	28	88	11	0	20	55	23	14	0	0	17	0	93	52	65	0	176	118	254	13	0	8	17	0	38	9	0	71	0	50	0	76	0	20	0	46	3	0	20	0	3	0	0	0	15	0	78	39	58	0	92	44	35	28	88	7	0	43	28	3	0	0	44	11	0	20	55	23	14	0	0	17	0	93	52	65	0	176	118	238	11	0	0	13	0	8	5	0	12	0	41	0	16	0	17	0	38	1	0	16	0	2	0	0	0	9	0	71	0	50	0	76	0	20	0	46	1	0	40	0	3	0	0	0	3	0	20	0	3	0	0	0	15	0	78	39	58	0	92	44	35	28	88	0	0	23	0	1	0	0	0	7	0	43	28	3	0	0	44	11	0	20	55	23	14	0	0	17	0	93	52	65	0	176	118
159	151	15	7	18	143	5	0	6	15	7	18	3	0	18	0	16	0	18	23	135	5	0	6	5	0	6	3	0	18	0	14	0	6	9	15	7	18	0	0	0	0	9	0	0	0	3	0	18	0	16	0	18	23	127	5	0	4	5	0	6	3	0	18	0	14	0	6	0	5	0	6	0	0	0	0	0	0	0	0	3	0	18	0	14	0	6	9	15	7	18	0	0	0	8	0	0	0	0	0	0	0	0	9	0	0	0	3	0	18	0	16	0	18	23	119	5	0	0	5	0	4	3	0	12	0	14	0	4	0	5	0	6	0	0	0	0	0	0	0	0	3	0	18	0	14	0	6	0	5	0	6	0	0	0	0	0	0	0	0	0	0	0	0	0	0	0	0	3	0	18	0	14	0	6	9	15	7	18	0	0	0	0	0	0	0	0	0	0	0	8	0	0	0	0	0	0	0	0	9	0	0	0	3	0	18	0	16	0	18	23
158	150	13	12	11	142	4	0	6	13	12	11	2	0	18	0	12	0	22	3	134	3	0	6	4	0	6	2	0	18	0	10	0	12	0	13	12	11	0	0	0	0	9	6	0	0	2	0	18	0	12	0	22	3	126	3	0	4	3	0	6	2	0	18	0	7	0	12	0	4	0	6	0	0	0	0	1	0	0	0	2	0	18	0	10	0	12	0	13	12	11	0	0	0	8	1	0	0	0	0	0	0	0	9	6	0	0	2	0	18	0	12	0	22	3	118	3	0	0	3	0	4	2	0	12	0	7	0	8	0	3	0	6	0	0	0	0	0	0	0	0	2	0	18	0	7	0	12	0	4	0	6	0	0	0	0	1	0	0	0	0	0	0	0	1	0	0	0	2	0	18	0	10	0	12	0	13	12	11	0	0	0	0	0	0	0	0	0	0	0	8	1	0	0	0	0	0	0	0	9	6	0	0	2	0	18	0	12	0	22	3
259	245	35	53	43	231	17	33	10	35	53	43	12	22	65	30	55	77	86	101	217	14	33	9	17	33	10	12	22	50	27	50	77	20	44	35	53	43	6	0	0	9	14	27	0	0	12	22	65	30	55	77	86	101	203	13	33	0	14	33	9	12	22	45	0	41	77	18	0	17	33	10	1	0	0	0	3	0	0	0	12	22	50	27	50	77	20	44	35	53	43	12	0	13	0	7	0	0	20	6	0	0	9	14	27	0	0	12	22	65	30	55	77	86	101	189	12	33	0	13	33	0	11	22	0	0	38	77	0	0	14	33	9	1	0	0	0	1	0	0	0	12	22	45	0	41	77	18	0	17	33	10	7	0	10	0	7	0	0	0	1	0	0	0	3	0	0	0	12	22	50	27	50	77	20	44	35	53	43	12	0	13	0	3	0	0	0	12	0	13	0	7	0	0	20	6	0	0	9	14	27	0	0	12	22	65	30	55	77	86	101
159	151	15	7	22	143	8	0	0	15	7	22	5	0	0	0	26	0	22	70	135	8	0	0	8	0	0	5	0	0	0	26	0	0	29	15	7	22	0	0	0	0	5	0	0	0	5	0	0	0	26	0	22	70	127	8	0	0	8	0	0	5	0	0	0	26	0	0	0	8	0	0	0	0	0	0	0	0	0	0	5	0	0	0	26	0	0	29	15	7	22	0	0	0	0	0	0	0	0	0	0	0	0	5	0	0	0	5	0	0	0	26	0	22	70	119	8	0	0	8	0	0	5	0	0	0	26	0	0	0	8	0	0	0	0	0	0	0	0	0	0	5	0	0	0	26	0	0	0	8	0	0	0	0	0	0	0	0	0	0	0	0	0	0	0	0	0	0	5	0	0	0	26	0	0	29	15	7	22	0	0	0	0	0	0	0	0	0	0	0	0	0	0	0	0	0	0	0	0	5	0	0	0	5	0	0	0	26	0	22	70
209	198	27	0	74	187	25	0	26	27	0	74	22	0	7	44	64	0	0	182	176	17	0	23	25	0	26	19	0	7	38	58	0	0	68	27	0	74	1	0	22	30	9	0	0	0	22	0	7	44	64	0	0	182	165	16	0	22	17	0	23	18	0	7	36	35	0	0	59	25	0	26	1	0	20	27	9	0	0	0	19	0	7	38	58	0	0	68	27	0	74	7	0	15	9	11	0	0	0	1	0	22	30	9	0	0	0	22	0	7	44	64	0	0	182	154	16	0	8	16	0	22	18	0	7	12	33	0	0	16	17	0	23	1	0	17	0	3	0	0	0	18	0	7	36	35	0	0	59	25	0	26	7	0	13	0	11	0	0	0	1	0	20	27	9	0	0	0	19	0	7	38	58	0	0	68	27	0	74	20	0	0	20	4	0	0	20	7	0	15	9	11	0	0	0	1	0	22	30	9	0	0	0	22	0	7	44	64	0	0	182
188	178	33	9	51	168	26	9	26	33	9	51	30	0	7	44	82	27	0	99	158	15	0	23	26	9	26	18	0	7	38	63	27	0	52	33	9	51	4	0	22	30	12	9	51	0	30	0	7	44	82	27	0	99	148	13	0	22	15	0	23	16	0	7	36	32	0	0	44	26	9	26	1	0	20	27	9	9	26	0	18	0	7	38	63	27	0	52	33	9	51	7	0	15	9	11	9	0	0	4	0	22	30	12	9	51	0	30	0	7	44	82	27	0	99	138	13	0	8	13	0	22	16	0	7	12	26	0	0	12	15	0	23	1	0	17	0	3	0	23	0	16	0	7	36	32	0	0	44	26	9	26	7	0	13	0	11	9	0	0	1	0	20	27	9	9	26	0	18	0	7	38	63	27	0	52	33	9	51	20	0	0	20	5	0	0	20	7	0	15	9	11	9	0	0	4	0	22	30	12	9	51	0	30	0	7	44	82	27	0	99
239	226	55	46	50	213	37	24	44	55	46	50	38	48	53	54	137	100	100	0	200	25	0	41	37	24	44	26	0	51	48	95	48	88	0	55	46	50	7	0	55	30	22	10	150	0	38	48	53	54	137	100	100	0	187	22	0	38	25	0	41	21	0	51	44	61	0	82	0	37	24	44	2	0	50	27	16	8	132	0	26	0	51	48	95	48	88	0	55	46	50	10	0	26	25	15	10	0	0	7	0	55	30	22	10	150	0	38	48	53	54	137	100	100	0	174	21	0	12	22	0	38	21	0	47	12	53	0	76	0	25	0	41	2	0	47	0	9	0	123	0	21	0	51	44	61	0	82	0	37	24	44	8	0	23	0	14	8	0	0	2	0	50	27	16	8	132	0	26	0	51	48	95	48	88	0	55	46	50	24	0	0	36	7	10	0	36	10	0	26	25	15	10	0	0	7	0	55	30	22	10	150	0	38	48	53	54	137	100	100	0
245	230	61	80	24	215	36	72	13	61	80	24	44	72	0	26	133	183	0	43	200	27	54	10	36	72	13	29	72	0	20	88	171	0	10	61	80	24	39	0	15	30	31	12	72	0	44	72	0	26	133	183	0	43	185	20	48	9	27	54	10	23	72	0	18	61	117	0	9	36	72	13	16	0	13	27	15	12	39	0	29	72	0	20	88	171	0	10	61	80	24	20	36	15	9	10	41	0	0	39	0	15	30	31	12	72	0	44	72	0	26	133	183	0	43	170	17	36	0	20	48	9	15	48	0	0	42	96	0	0	27	54	10	14	0	10	0	11	0	30	0	23	72	0	18	61	117	0	9	36	72	13	10	36	13	0	10	39	0	0	16	0	13	27	15	12	39	0	29	72	0	20	88	171	0	10	61	80	24	26	72	0	0	2	18	0	20	20	36	15	9	10	41	0	0	39	0	15	30	31	12	72	0	44	72	0	26	133	183	0	43
223	209	53	73	15	195	34	58	13	53	73	15	36	74	0	26	128	129	15	0	181	22	48	10	34	58	13	23	64	0	20	79	97	13	0	53	73	15	9	0	15	30	29	42	30	0	36	74	0	26	128	129	15	0	167	19	48	9	22	48	10	21	64	0	18	49	72	10	0	34	58	13	2	0	13	27	15	29	26	0	23	64	0	20	79	97	13	0	53	73	15	18	0	15	9	17	14	0	0	9	0	15	30	29	42	30	0	36	74	0	26	128	129	15	0	153	18	40	0	19	48	9	21	64	0	0	42	72	9	0	22	48	10	2	0	10	0	6	24	20	0	21	64	0	18	49	72	10	0	34	58	13	16	0	13	0	16	13	0	0	2	0	13	27	15	29	26	0	23	64	0	20	79	97	13	0	53	73	15	24	48	0	0	9	6	0	20	18	0	15	9	17	14	0	0	9	0	15	30	29	42	30	0	36	74	0	26	128	129	15	0
237	223	56	51	44	209	27	24	26	56	51	44	34	0	80	40	130	138	132	65	195	23	24	25	27	24	26	21	0	40	39	64	84	78	57	56	51	44	4	0	12	10	23	33	0	0	34	0	80	40	130	138	132	65	181	22	24	25	23	24	25	20	0	37	39	55	84	75	51	27	24	26	1	0	11	10	14	24	0	0	21	0	40	39	64	84	78	57	56	51	44	3	0	0	0	9	9	0	0	4	0	12	10	23	33	0	0	34	0	80	40	130	138	132	65	167	21	24	23	22	24	25	20	0	37	37	51	84	75	47	23	24	25	1	0	10	8	12	24	0	0	20	0	37	39	55	84	75	51	27	24	26	1	0	0	0	5	0	0	0	1	0	11	10	14	24	0	0	21	0	40	39	64	84	78	57	56	51	44	12	0	0	16	5	9	0	0	3	0	0	0	9	9	0	0	4	0	12	10	23	33	0	0	34	0	80	40	130	138	132	65
160	151	36	14	29	142	19	0	19	36	14	29	15	0	60	19	87	21	58	50	133	18	0	18	19	0	19	12	0	33	18	51	0	38	44	36	14	29	1	0	12	10	16	0	0	0	15	0	60	19	87	21	58	50	124	18	0	18	18	0	18	12	0	30	18	49	0	36	41	19	0	19	1	0	11	10	11	0	0	0	12	0	33	18	51	0	38	44	36	14	29	3	0	0	0	5	0	0	0	1	0	12	10	16	0	0	0	15	0	60	19	87	21	58	50	115	17	0	16	18	0	18	12	0	30	16	49	0	36	38	18	0	18	1	0	10	8	11	0	0	0	12	0	30	18	49	0	36	41	19	0	19	1	0	0	0	2	0	0	0	1	0	11	10	11	0	0	0	12	0	33	18	51	0	38	44	36	14	29	4	0	0	16	4	7	0	0	3	0	0	0	5	0	0	0	1	0	12	10	16	0	0	0	15	0	60	19	87	21	58	50
118	111	25	11	9	104	15	6	8	25	11	9	11	0	0	8	64	5	9	0	97	15	6	8	15	6	8	11	0	0	8	44	0	8	0	25	11	9	0	0	0	0	10	0	0	0	11	0	0	8	64	5	9	0	90	15	6	8	15	6	8	11	0	0	8	44	0	8	0	15	6	8	0	0	0	0	9	0	0	0	11	0	0	8	44	0	8	0	25	11	9	0	0	0	0	1	0	0	0	0	0	0	0	10	0	0	0	11	0	0	8	64	5	9	0	83	15	6	8	15	6	8	11	0	0	8	44	0	8	0	15	6	8	0	0	0	0	9	0	0	0	11	0	0	8	44	0	8	0	15	6	8	0	0	0	0	0	0	0	0	0	0	0	0	9	0	0	0	11	0	0	8	44	0	8	0	25	11	9	2	0	0	0	3	0	0	0	0	0	0	0	1	0	0	0	0	0	0	0	10	0	0	0	11	0	0	8	64	5	9	0
135	126	38	28	0	117	18	20	0	38	28	0	17	20	0	0	87	54	0	0	108	16	20	0	18	20	0	7	20	0	0	49	50	0	0	38	28	0	0	0	0	0	10	10	0	0	17	20	0	0	87	54	0	0	99	16	20	0	16	20	0	7	20	0	0	44	50	0	0	18	20	0	0	0	0	0	9	10	0	0	7	20	0	0	49	50	0	0	38	28	0	0	0	0	0	2	0	0	0	0	0	0	0	10	10	0	0	17	20	0	0	87	54	0	0	90	16	20	0	16	20	0	7	20	0	0	44	50	0	0	16	20	0	0	0	0	0	8	10	0	0	7	20	0	0	44	50	0	0	18	20	0	0	0	0	0	1	0	0	0	0	0	0	0	9	10	0	0	7	20	0	0	49	50	0	0	38	28	0	2	0	0	0	3	0	0	0	0	0	0	0	2	0	0	0	0	0	0	0	10	10	0	0	17	20	0	0	87	54	0	0
170	159	52	43	0	148	25	28	0	52	43	0	31	21	0	0	127	116	0	0	137	22	28	0	25	28	0	19	21	0	0	70	84	0	0	52	43	0	7	0	0	0	20	21	0	0	31	21	0	0	127	116	0	0	126	22	28	0	22	28	0	19	21	0	0	64	84	0	0	25	28	0	7	0	0	0	14	21	0	0	19	21	0	0	70	84	0	0	52	43	0	3	0	0	0	6	0	0	0	7	0	0	0	20	21	0	0	31	21	0	0	127	116	0	0	115	21	28	0	22	28	0	19	21	0	0	64	84	0	0	22	28	0	7	0	0	0	12	21	0	0	19	21	0	0	64	84	0	0	25	28	0	1	0	0	0	5	0	0	0	7	0	0	0	14	21	0	0	19	21	0	0	70	84	0	0	52	43	0	19	0	0	0	2	4	0	0	3	0	0	0	6	0	0	0	7	0	0	0	20	21	0	0	31	21	0	0	127	116	0	0
298	280	91	72	95	262	57	29	80	91	72	95	80	55	64	55	229	252	285	44	244	51	13	43	57	29	80	60	13	62	29	156	129	240	26	91	72	95	47	39	20	107	35	39	95	140	80	55	64	55	229	252	285	44	226	43	0	40	51	13	43	54	0	56	27	138	52	129	25	57	29	80	27	0	20	96	24	0	80	96	60	13	62	29	156	129	240	26	91	72	95	23	0	42	36	11	0	95	0	47	39	20	107	35	39	95	140	80	55	64	55	229	252	285	44	208	32	0	36	43	0	40	38	0	53	27	111	0	120	25	51	13	43	25	0	20	81	24	0	43	84	54	0	56	27	138	52	129	25	57	29	80	13	0	42	30	11	0	80	0	27	0	20	96	24	0	80	96	60	13	62	29	156	129	240	26	91	72	95	39	0	48	39	4	0	0	0	23	0	42	36	11	0	95	0	47	39	20	107	35	39	95	140	80	55	64	55	229	252	285	44
232	217	56	58	53	202	30	44	20	56	58	53	32	44	14	40	145	169	53	82	187	27	44	11	30	44	20	19	44	12	22	89	143	20	53	56	58	53	10	0	0	11	24	22	0	50	32	44	14	40	145	169	53	82	172	26	44	10	27	44	11	18	44	11	20	79	143	11	51	30	44	20	7	0	0	10	15	22	0	44	19	44	12	22	89	143	20	53	56	58	53	3	0	0	10	6	0	0	0	10	0	0	11	24	22	0	50	32	44	14	40	145	169	53	82	157	25	42	10	26	44	10	18	44	10	20	75	143	10	51	27	44	11	7	0	0	10	14	22	0	41	18	44	11	20	79	143	11	51	30	44	20	1	0	0	10	4	0	0	0	7	0	0	10	15	22	0	44	19	44	12	22	89	143	20	53	56	58	53	17	20	0	0	1	0	0	0	3	0	0	10	6	0	0	0	10	0	0	11	24	22	0	50	32	44	14	40	145	169	53	82
271	254	84	69	66	237	54	44	41	84	69	66	77	14	44	45	222	174	132	73	220	46	43	21	54	44	41	53	14	42	22	150	100	82	45	84	69	66	47	15	20	11	37	55	0	89	77	14	44	45	222	174	132	73	203	36	40	20	46	43	21	45	14	41	20	124	99	42	43	54	44	41	20	14	20	10	21	30	0	70	53	14	42	22	150	100	82	45	84	69	66	16	38	22	10	7	30	0	0	47	15	20	11	37	55	0	89	77	14	44	45	222	174	132	73	186	26	26	19	36	40	20	29	12	40	20	94	90	40	43	46	43	21	18	14	20	10	20	29	0	61	45	14	41	20	124	99	42	43	54	44	41	8	14	22	10	7	30	0	0	20	14	20	10	21	30	0	70	53	14	42	22	150	100	82	45	84	69	66	33	24	48	9	0	0	66	0	16	38	22	10	7	30	0	0	47	15	20	11	37	55	0	89	77	14	44	45	222	174	132	73
297	276	123	185	16	255	68	145	16	123	185	16	87	192	30	0	259	461	64	0	234	57	110	10	68	145	16	59	132	30	0	161	351	64	0	123	185	16	28	242	20	0	48	91	16	24	87	192	30	0	259	461	64	0	213	51	74	10	57	110	10	55	76	30	0	135	254	40	0	68	145	16	17	138	20	0	29	69	16	13	59	132	30	0	161	351	64	0	122	185	16	16	150	22	0	16	32	64	0	28	242	20	0	47	91	16	24	87	192	30	0	256	461	64	0	192	46	48	9	51	74	10	47	20	30	0	117	154	40	0	57	110	10	17	80	20	0	23	51	10	10	55	76	30	0	135	254	40	0	67	145	16	14	86	22	0	15	28	64	0	17	138	20	0	28	69	16	13	59	132	30	0	158	351	64	0	122	185	16	37	120	24	9	8	0	32	0	16	150	22	0	16	32	64	0	28	242	20	0	47	91	16	24	87	192	30	0	256	461	64	0
243	226	107	111	4	209	60	76	0	107	111	4	80	112	0	0	263	359	20	0	192	51	70	0	60	76	0	50	100	0	0	166	265	0	0	107	111	4	46	60	0	0	43	60	0	0	80	112	0	0	263	359	20	0	175	45	70	0	51	70	0	44	100	0	0	141	250	0	0	60	76	0	26	60	0	0	28	43	0	0	50	100	0	0	166	265	0	0	106	111	4	24	0	0	0	20	15	0	0	46	60	0	0	42	60	0	0	80	112	0	0	260	359	20	0	158	42	55	0	45	70	0	36	100	0	0	123	250	0	0	51	70	0	24	60	0	0	26	40	0	0	44	100	0	0	141	250	0	0	59	76	0	14	0	0	0	13	13	0	0	26	60	0	0	27	43	0	0	50	100	0	0	163	265	0	0	105	111	4	31	75	0	0	10	0	0	0	24	0	0	0	19	15	0	0	46	60	0	0	42	60	0	0	80	112	0	0	256	359	20	0
264	247	75	44	115	230	54	16	63	75	44	115	66	0	52	92	199	92	230	234	213	44	16	61	54	16	63	49	0	28	86	158	64	126	157	75	44	115	31	0	67	24	24	0	0	0	66	0	52	92	199	92	230	234	196	41	16	55	44	16	61	41	0	28	78	128	64	122	85	54	16	63	29	0	30	22	24	0	0	0	49	0	28	86	158	64	126	157	74	44	115	14	0	22	86	11	0	0	0	31	0	67	24	23	0	0	0	66	0	52	92	196	92	230	234	179	33	16	52	41	16	55	36	0	28	73	118	64	110	80	44	16	61	21	0	30	20	23	0	0	0	41	0	28	78	128	64	122	85	53	16	63	12	0	0	75	11	0	0	0	29	0	30	22	23	0	0	0	49	0	28	86	155	64	126	157	74	44	115	14	0	57	36	4	0	0	0	14	0	22	86	11	0	0	0	31	0	67	24	23	0	0	0	66	0	52	92	196	92	230	234
256	239	84	84	56	222	53	36	18	84	84	56	60	80	52	30	211	218	224	181	205	46	16	18	53	36	18	51	0	28	30	151	98	72	137	84	84	56	32	0	46	0	22	0	112	0	60	80	52	30	211	218	224	181	188	43	16	18	46	16	18	43	0	28	30	130	48	72	74	53	36	18	30	0	10	0	21	0	36	0	51	0	28	30	151	98	72	137	84	84	56	14	0	22	0	11	0	0	0	32	0	46	0	22	0	112	0	60	80	52	30	211	218	224	181	171	37	16	18	43	16	18	38	0	28	30	120	48	72	70	46	16	18	22	0	10	0	20	0	36	0	43	0	28	30	130	48	72	74	53	36	18	12	0	0	0	11	0	0	0	30	0	10	0	21	0	36	0	51	0	28	30	151	98	72	137	84	84	56	14	0	37	0	4	0	0	0	14	0	22	0	11	0	0	0	32	0	46	0	22	0	112	0	60	80	52	30	211	218	224	181
168	156	57	43	26	144	34	27	18	56	43	26	42	18	34	30	149	92	52	4	132	30	27	18	33	27	18	30	18	28	30	99	72	36	0	54	43	26	16	0	13	0	14	0	0	0	42	18	34	30	146	92	52	4	120	30	27	18	29	27	18	30	18	28	30	89	72	36	0	31	27	18	16	0	10	0	14	0	0	0	30	18	28	30	96	72	36	0	54	43	26	5	0	0	0	7	0	0	0	16	0	13	0	14	0	0	0	42	18	34	30	146	92	52	4	108	27	27	18	29	27	18	30	18	28	30	89	72	36	0	27	27	18	16	0	10	0	14	0	0	0	30	18	28	30	86	72	36	0	31	27	18	5	0	0	0	7	0	0	0	16	0	10	0	14	0	0	0	30	18	28	30	96	72	36	0	54	43	26	6	0	15	0	4	0	0	0	5	0	0	0	7	0	0	0	16	0	13	0	14	0	0	0	42	18	34	30	146	92	52	4
229	211	97	124	23	193	60	97	0	95	124	23	85	138	18	0	224	295	46	115	175	47	84	0	58	97	0	52	114	0	0	160	251	0	96	93	124	23	46	68	33	0	20	60	23	0	85	138	18	0	221	295	46	115	157	41	80	0	45	84	0	36	110	0	0	121	228	0	53	56	97	0	34	60	0	0	20	60	0	0	52	114	0	0	157	251	0	96	91	124	23	23	40	10	0	6	40	0	0	46	68	33	0	18	60	23	0	85	138	18	0	215	295	46	115	139	32	76	0	39	80	0	24	110	0	0	105	220	0	50	43	84	0	18	60	0	0	19	60	0	0	36	110	0	0	118	228	0	53	54	97	0	13	40	0	0	6	40	0	0	34	60	0	0	18	60	0	0	52	114	0	0	151	251	0	96	90	124	23	14	36	25	0	0	40	0	0	23	40	10	0	5	40	0	0	46	68	33	0	18	60	23	0	84	138	18	0	211	295	46	115
184	170	80	72	10	156	51	53	0	79	72	10	71	63	5	0	191	165	20	20	142	40	49	0	50	53	0	41	57	0	0	140	140	0	16	77	72	10	32	35	20	0	18	36	0	0	71	63	5	0	188	165	20	20	128	36	48	0	39	49	0	29	56	0	0	111	131	0	10	48	53	0	24	32	0	0	17	32	0	0	41	57	0	0	137	140	0	16	76	72	10	12	8	10	0	9	18	0	0	32	35	20	0	17	36	0	0	71	63	5	0	185	165	20	20	114	31	46	0	35	48	0	25	56	0	0	101	128	0	10	37	49	0	16	32	0	0	16	32	0	0	29	56	0	0	108	131	0	10	47	53	0	10	8	0	0	7	16	0	0	24	32	0	0	16	32	0	0	41	57	0	0	134	140	0	16	76	72	10	12	12	25	0	5	0	0	0	12	8	10	0	9	18	0	0	32	35	20	0	17	36	0	0	71	63	5	0	185	165	20	20
285	265	59	69	120	245	31	36	70	58	69	120	27	18	51	63	147	195	240	230	225	31	36	67	30	36	70	27	18	21	54	81	144	140	99	58	69	120	11	0	0	30	11	0	0	0	27	18	51	63	147	195	240	230	205	31	36	67	30	36	67	27	18	18	54	81	144	134	97	30	36	70	11	0	0	30	10	0	0	0	27	18	21	54	81	144	140	99	58	69	120	5	0	0	0	6	0	0	0	11	0	0	30	11	0	0	0	27	18	51	63	147	195	240	230	185	30	36	67	30	36	67	27	18	18	54	81	144	134	91	30	36	67	11	0	0	30	10	0	0	0	27	18	18	54	81	144	134	97	30	36	70	5	0	0	0	6	0	0	0	11	0	0	30	10	0	0	0	27	18	21	54	81	144	140	99	58	69	120	4	0	6	0	4	0	0	0	5	0	0	0	6	0	0	0	11	0	0	30	11	0	0	0	27	18	51	63	147	195	240	230
265	247	58	65	113	229	23	0	93	58	65	113	24	0	122	98	114	195	565	56	211	20	0	72	23	0	93	11	0	80	30	52	0	465	18	58	65	113	13	0	18	30	7	13	0	111	24	0	122	98	114	195	565	56	193	18	0	72	20	0	72	7	0	44	30	45	0	360	18	23	0	93	5	0	10	30	6	0	0	96	11	0	80	30	52	0	465	18	58	65	113	6	0	18	0	3	0	0	0	13	0	18	30	7	13	0	111	24	0	122	98	114	195	565	56	175	18	0	72	18	0	72	7	0	44	30	43	0	360	18	20	0	72	5	0	0	30	4	0	0	53	7	0	44	30	45	0	360	18	23	0	93	6	0	10	0	2	0	0	0	5	0	10	30	6	0	0	96	11	0	80	30	52	0	465	18	58	65	113	8	0	0	0	0	0	0	0	6	0	18	0	3	0	0	0	13	0	18	30	7	13	0	111	24	0	122	98	114	195	565	56
146	136	35	24	19	126	13	0	19	35	24	19	8	0	19	0	68	60	76	0	116	13	0	19	13	0	19	8	0	19	0	36	0	76	0	35	24	19	1	0	0	0	1	0	0	0	8	0	19	0	68	60	76	0	106	13	0	19	13	0	19	8	0	19	0	36	0	76	0	13	0	19	1	0	0	0	0	0	0	0	8	0	19	0	36	0	76	0	35	24	19	0	0	0	0	0	0	0	0	1	0	0	0	1	0	0	0	8	0	19	0	68	60	76	0	96	13	0	19	13	0	19	8	0	19	0	36	0	76	0	13	0	19	1	0	0	0	0	0	0	0	8	0	19	0	36	0	76	0	13	0	19	0	0	0	0	0	0	0	0	1	0	0	0	0	0	0	0	8	0	19	0	36	0	76	0	35	24	19	0	0	0	0	0	0	0	0	0	0	0	0	0	0	0	0	1	0	0	0	1	0	0	0	8	0	19	0	68	60	76	0
137	127	46	17	44	117	26	16	0	45	17	44	25	8	27	0	119	67	0	230	107	26	16	0	25	16	0	25	8	0	0	72	64	0	99	45	17	44	11	0	0	0	10	0	0	0	25	8	27	0	119	67	0	230	97	26	16	0	25	16	0	25	8	0	0	72	64	0	97	25	16	0	11	0	0	0	10	0	0	0	25	8	0	0	72	64	0	99	45	17	44	5	0	0	0	6	0	0	0	11	0	0	0	10	0	0	0	25	8	27	0	119	67	0	230	87	25	16	0	25	16	0	25	8	0	0	72	64	0	91	25	16	0	11	0	0	0	10	0	0	0	25	8	0	0	72	64	0	97	25	16	0	5	0	0	0	6	0	0	0	11	0	0	0	10	0	0	0	25	8	0	0	72	64	0	99	45	17	44	4	0	6	0	4	0	0	0	5	0	0	0	6	0	0	0	11	0	0	0	10	0	0	0	25	8	27	0	119	67	0	230
149	137	41	52	10	125	11	33	0	40	52	10	4	34	20	0	86	126	30	56	113	11	32	0	10	33	0	4	32	0	0	28	89	0	18	40	52	10	0	8	0	0	1	0	0	0	4	34	20	0	86	126	30	56	101	11	32	0	10	32	0	4	32	0	0	28	88	0	18	10	33	0	0	8	0	0	0	0	0	0	4	32	0	0	28	89	0	18	40	52	10	0	0	0	0	0	0	0	0	0	8	0	0	1	0	0	0	4	34	20	0	86	126	30	56	89	11	32	0	10	32	0	4	32	0	0	28	88	0	18	10	32	0	0	8	0	0	0	0	0	0	4	32	0	0	28	88	0	18	10	33	0	0	0	0	0	0	0	0	0	0	8	0	0	0	0	0	0	4	32	0	0	28	89	0	18	40	52	10	0	0	0	0	0	0	0	0	0	0	0	0	0	0	0	0	0	8	0	0	1	0	0	0	4	34	20	0	86	126	30	56
248	230	36	56	134	212	16	0	106	36	56	134	11	0	67	110	49	28	536	132	194	13	0	85	16	0	106	2	0	65	57	29	0	424	112	36	56	134	4	0	20	119	9	0	0	56	11	0	67	110	49	28	536	132	176	13	0	60	13	0	85	2	0	57	33	26	0	340	91	16	0	106	4	0	18	50	6	0	0	18	2	0	65	57	29	0	424	112	36	56	134	6	0	0	68	4	0	0	111	4	0	20	119	9	0	0	56	11	0	67	110	49	28	536	132	158	11	0	60	13	0	60	2	0	35	33	26	0	240	91	13	0	85	0	0	10	50	1	0	0	18	2	0	57	33	26	0	340	91	16	0	106	2	0	0	68	1	0	0	96	4	0	18	50	6	0	0	18	2	0	65	57	29	0	424	112	36	56	134	0	0	20	0	0	0	0	0	6	0	0	68	4	0	0	111	4	0	20	119	9	0	0	56	11	0	67	110	49	28	536	132
207	192	31	36	81	177	14	0	52	31	36	81	11	0	47	48	42	0	243	142	162	13	0	52	14	0	52	6	0	47	48	28	0	156	112	31	36	81	1	0	0	0	2	0	0	0	11	0	47	48	42	0	243	142	147	13	0	49	13	0	52	6	0	47	48	27	0	156	91	14	0	52	1	0	0	0	2	0	0	0	6	0	47	48	28	0	156	112	31	36	81	0	0	0	18	2	0	0	0	1	0	0	0	2	0	0	0	11	0	47	48	42	0	243	142	132	13	0	49	13	0	49	6	0	35	48	27	0	147	91	13	0	52	1	0	0	0	0	0	0	0	6	0	47	48	27	0	156	91	14	0	52	0	0	0	18	0	0	0	0	1	0	0	0	2	0	0	0	6	0	47	48	28	0	156	112	31	36	81	0	0	0	0	0	0	0	0	0	0	0	18	2	0	0	0	1	0	0	0	2	0	0	0	11	0	47	48	42	0	243	142
189	174	49	49	73	159	27	36	26	49	49	73	25	24	20	63	85	75	73	262	144	24	36	5	27	36	26	16	24	18	5	64	72	26	182	49	49	73	11	0	20	20	12	0	0	79	25	24	20	63	85	75	73	262	129	24	36	0	24	36	5	16	24	10	0	61	72	5	158	27	36	26	11	0	18	0	12	0	0	18	16	24	18	5	64	72	26	182	49	49	73	10	0	0	0	7	0	0	16	11	0	20	20	12	0	0	79	25	24	20	63	85	75	73	262	114	18	36	0	24	36	0	16	24	0	0	61	72	0	158	24	36	5	7	0	10	0	7	0	0	18	16	24	10	0	61	72	5	158	27	36	26	6	0	0	0	5	0	0	16	11	0	18	0	12	0	0	18	16	24	18	5	64	72	26	182	49	49	73	0	0	56	0	4	0	0	0	10	0	0	0	7	0	0	16	11	0	20	20	12	0	0	79	25	24	20	63	85	75	73	262
166	153	37	40	50	140	19	22	9	37	40	50	16	0	20	9	56	33	100	262	127	16	22	5	19	22	9	7	0	18	5	42	33	18	182	37	40	50	5	0	20	20	6	0	0	0	16	0	20	9	56	33	100	262	114	16	22	0	16	22	5	7	0	10	0	39	33	10	158	19	22	9	5	0	18	0	6	0	0	0	7	0	18	5	42	33	18	182	37	40	50	6	0	0	0	3	0	0	16	5	0	20	20	6	0	0	0	16	0	20	9	56	33	100	262	101	14	22	0	16	22	0	7	0	0	0	39	33	0	158	16	22	5	1	0	10	0	1	0	0	0	7	0	10	0	39	33	10	158	19	22	9	2	0	0	0	1	0	0	16	5	0	18	0	6	0	0	0	7	0	18	5	42	33	18	182	37	40	50	0	0	20	0	0	0	0	0	6	0	0	0	3	0	0	16	5	0	20	20	6	0	0	0	16	0	20	9	56	33	100	262
182	167	45	77	23	152	21	42	9	45	77	23	20	30	20	9	59	107	115	113	137	17	36	5	21	42	9	14	0	18	5	35	66	45	93	45	77	23	8	0	20	20	17	22	23	0	20	30	20	9	59	107	115	113	122	16	36	0	17	36	5	14	0	10	0	30	60	25	72	21	42	9	4	0	18	0	9	12	9	0	14	0	18	5	35	66	45	93	45	77	23	14	0	0	0	6	6	0	16	8	0	20	20	17	22	23	0	20	30	20	9	59	107	115	113	107	14	36	0	16	36	0	14	0	0	0	29	60	0	72	17	36	5	0	0	10	0	3	0	5	0	14	0	10	0	30	60	25	72	21	42	9	10	0	0	0	5	0	0	16	4	0	18	0	9	12	9	0	14	0	18	5	35	66	45	93	45	77	23	10	0	20	0	4	0	0	0	14	0	0	0	6	6	0	16	8	0	20	20	17	22	23	0	20	30	20	9	59	107	115	113
130	120	11	0	73	110	6	0	28	11	0	73	0	0	22	40	16	0	0	288	100	6	0	28	6	0	28	0	0	16	40	10	0	0	176	11	0	73	0	0	0	0	8	0	0	0	0	0	22	40	16	0	0	288	90	6	0	28	6	0	28	0	0	16	40	10	0	0	147	6	0	28	0	0	0	0	0	0	0	0	0	0	16	40	10	0	0	176	11	0	73	0	0	0	0	0	0	0	0	0	0	0	0	8	0	0	0	0	0	22	40	16	0	0	288	80	6	0	23	6	0	28	0	0	16	34	10	0	0	109	6	0	28	0	0	0	0	0	0	0	0	0	0	16	40	10	0	0	147	6	0	28	0	0	0	0	0	0	0	0	0	0	0	0	0	0	0	0	0	0	16	40	10	0	0	176	11	0	73	0	0	0	30	0	0	0	0	0	0	0	0	0	0	0	0	0	0	0	0	8	0	0	0	0	0	22	40	16	0	0	288
117	108	14	0	51	99	5	0	17	14	0	51	0	0	22	18	23	0	0	238	90	5	0	17	5	0	17	0	0	16	18	8	0	0	167	14	0	51	4	0	0	0	14	0	0	0	0	0	22	18	23	0	0	238	81	4	0	17	5	0	17	0	0	16	18	8	0	0	142	5	0	17	0	0	0	0	1	0	0	0	0	0	16	18	8	0	0	167	14	0	51	0	0	0	0	1	0	0	0	4	0	0	0	14	0	0	0	0	0	22	18	23	0	0	238	72	4	0	12	4	0	17	0	0	16	12	7	0	0	109	5	0	17	0	0	0	0	1	0	0	0	0	0	16	18	8	0	0	142	5	0	17	0	0	0	0	1	0	0	0	0	0	0	0	1	0	0	0	0	0	16	18	8	0	0	167	14	0	51	0	0	0	30	0	0	0	0	0	0	0	0	1	0	0	0	4	0	0	0	14	0	0	0	0	0	22	18	23	0	0	238
141	130	34	18	53	119	23	0	27	34	18	53	19	0	50	58	61	18	106	157	108	20	0	26	23	0	27	16	0	36	54	36	0	54	115	34	18	53	8	0	0	9	24	27	0	0	19	0	50	58	61	18	106	157	97	17	0	22	20	0	26	16	0	34	38	32	0	52	90	23	0	27	0	0	0	5	11	0	0	0	16	0	36	54	36	0	54	115	34	18	53	10	0	28	20	6	0	0	0	8	0	0	9	24	27	0	0	19	0	50	58	61	18	106	157	86	17	0	12	17	0	22	16	0	26	12	26	0	44	60	20	0	26	0	0	0	0	7	0	0	0	16	0	34	38	32	0	52	90	23	0	27	10	0	20	0	6	0	0	0	0	0	0	5	11	0	0	0	16	0	36	54	36	0	54	115	34	18	53	14	0	0	30	4	0	0	16	10	0	28	20	6	0	0	0	8	0	0	9	24	27	0	0	19	0	50	58	61	18	106	157
149	137	44	39	53	125	26	11	41	44	39	53	28	0	64	58	79	74	212	23	113	20	7	40	26	11	41	17	0	50	54	41	11	164	9	44	39	53	6	28	0	9	25	46	0	0	28	0	64	58	79	74	212	23	101	16	0	34	20	7	40	16	0	48	38	32	7	160	5	26	11	41	0	0	0	5	13	11	0	0	17	0	50	54	41	11	164	9	44	39	53	10	0	42	44	8	11	53	0	6	28	0	9	25	46	0	0	28	0	64	58	79	74	212	23	89	16	0	12	16	0	34	16	0	38	12	24	0	136	0	20	7	40	0	0	0	0	7	7	0	0	16	0	48	38	32	7	160	5	26	11	41	10	0	34	0	8	11	41	0	0	0	0	5	13	11	0	0	17	0	50	54	41	11	164	9	44	39	53	14	0	0	30	4	0	0	82	10	0	42	44	8	11	53	0	6	28	0	9	25	46	0	0	28	0	64	58	79	74	212	23
111	102	13	8	52	93	8	8	0	13	8	52	2	0	6	0	17	16	0	361	84	8	8	0	8	8	0	2	0	0	0	14	16	0	202	13	8	52	0	0	0	0	5	0	0	0	2	0	6	0	17	16	0	361	75	8	8	0	8	8	0	2	0	0	0	14	16	0	152	8	8	0	0	0	0	0	0	0	0	0	2	0	0	0	14	16	0	202	13	8	52	0	0	0	0	0	0	0	0	0	0	0	0	5	0	0	0	2	0	6	0	17	16	0	361	66	8	8	0	8	8	0	2	0	0	0	14	16	0	109	8	8	0	0	0	0	0	0	0	0	0	2	0	0	0	14	16	0	152	8	8	0	0	0	0	0	0	0	0	0	0	0	0	0	0	0	0	0	2	0	0	0	14	16	0	202	13	8	52	0	0	0	0	0	0	0	0	0	0	0	0	0	0	0	0	0	0	0	0	5	0	0	0	2	0	6	0	17	16	0	361
161	144	54	105	55	127	32	84	28	53	105	55	32	134	0	90	106	177	55	106	110	23	70	18	31	84	28	22	120	0	52	67	131	28	68	53	105	55	18	0	39	40	26	38	110	23	32	134	0	90	106	177	55	106	93	20	62	17	22	70	18	17	120	0	50	45	110	18	66	31	84	28	13	0	28	36	16	31	56	9	22	120	0	52	67	131	28	68	52	105	55	16	64	0	9	12	24	0	0	18	0	39	40	25	38	110	23	32	134	0	90	103	177	55	106	76	16	52	13	19	62	17	9	96	0	42	37	92	17	56	22	70	18	5	0	20	20	12	10	36	5	17	120	0	50	45	110	18	66	30	84	28	8	56	0	5	7	21	0	0	13	0	28	36	15	31	56	9	22	120	0	52	64	131	28	68	49	105	55	13	76	0	20	5	32	0	0	16	64	0	9	9	24	0	0	18	0	39	40	25	38	110	23	31	134	0	90	91	177	55	106
152	139	54	32	63	126	30	10	51	54	32	63	39	20	27	46	118	92	126	53	113	20	0	51	30	10	51	21	0	27	46	58	10	102	41	54	32	63	2	0	42	0	23	12	63	0	39	20	27	46	118	92	126	53	100	19	0	51	20	0	51	20	0	27	46	39	0	102	40	30	10	51	1	0	34	0	16	10	51	0	21	0	27	46	58	10	102	41	54	32	63	8	0	0	0	16	12	0	0	2	0	42	0	23	12	63	0	39	20	27	46	118	92	126	53	87	19	0	44	19	0	51	20	0	27	44	37	0	102	34	20	0	51	1	0	34	0	8	0	51	0	20	0	27	46	39	0	102	40	30	10	51	8	0	0	0	9	10	0	0	1	0	34	0	16	10	51	0	21	0	27	46	58	10	102	41	53	32	63	19	0	0	49	10	0	0	0	8	0	0	0	15	12	0	0	2	0	42	0	23	12	63	0	39	20	27	46	114	92	126	53
173	158	54	59	52	143	29	9	45	54	59	52	22	45	59	0	126	95	260	53	128	22	0	45	29	9	45	9	0	59	0	66	9	225	41	54	59	52	2	0	27	0	20	14	52	0	22	45	59	0	126	95	260	53	113	21	0	45	22	0	45	8	0	59	0	51	0	225	40	29	9	45	1	0	20	0	13	9	45	0	9	0	59	0	66	9	225	41	54	59	52	0	0	0	0	13	14	0	0	2	0	27	0	20	14	52	0	22	45	59	0	126	95	260	53	98	21	0	39	21	0	45	8	0	59	0	49	0	225	34	22	0	45	1	0	20	0	9	0	45	0	8	0	59	0	51	0	225	40	29	9	45	0	0	0	0	5	9	0	0	1	0	20	0	13	9	45	0	9	0	59	0	66	9	225	41	53	59	52	9	0	0	35	7	0	0	0	0	0	0	0	12	14	0	0	2	0	27	0	20	14	52	0	22	45	59	0	122	95	260	53
137	125	48	41	33	113	21	6	33	48	41	33	15	30	59	0	110	98	165	0	101	17	0	33	21	6	33	4	0	59	0	53	24	165	0	48	41	33	1	0	20	0	16	0	33	0	15	30	59	0	110	98	165	0	89	17	0	33	17	0	33	4	0	59	0	46	0	165	0	21	6	33	1	0	20	0	9	0	33	0	4	0	59	0	53	24	165	0	47	41	33	0	0	0	0	12	0	0	0	1	0	20	0	15	0	33	0	15	30	59	0	107	98	165	0	77	17	0	27	17	0	33	4	0	59	0	46	0	165	0	17	0	33	1	0	20	0	6	0	33	0	4	0	59	0	46	0	165	0	20	6	33	0	0	0	0	4	0	0	0	1	0	20	0	8	0	33	0	4	0	59	0	50	24	165	0	46	41	33	5	0	0	35	7	0	0	0	0	0	0	0	11	0	0	0	1	0	20	0	15	0	33	0	15	30	59	0	103	98	165	0
122	109	46	57	32	96	26	46	14	45	57	32	32	38	0	28	114	97	32	106	83	14	40	10	25	46	14	17	32	0	20	57	54	14	68	45	57	32	2	0	39	40	16	39	32	0	32	38	0	28	114	97	32	106	70	13	40	9	13	40	10	16	32	0	18	27	48	10	66	25	46	14	1	0	28	36	10	38	14	0	17	32	0	20	57	54	14	68	45	57	32	13	0	0	9	19	7	0	0	2	0	39	40	16	39	32	0	32	38	0	28	114	97	32	106	57	13	36	5	12	40	9	16	32	0	10	25	48	9	56	13	40	10	1	0	20	20	3	32	10	0	16	32	0	18	27	48	10	66	25	46	14	13	0	0	5	13	6	0	0	1	0	28	36	10	38	14	0	17	32	0	20	57	54	14	68	37	57	32	16	28	0	20	9	0	0	0	10	0	0	9	12	7	0	0	2	0	39	40	16	39	32	0	32	38	0	28	84	97	32	106
104	94	19	9	51	84	11	9	29	19	9	51	0	0	15	53	49	18	0	85	74	11	9	29	11	9	29	0	0	0	53	29	18	0	78	19	9	51	0	0	0	0	5	0	0	0	0	0	15	53	49	18	0	85	64	11	9	29	11	9	29	0	0	0	53	29	18	0	78	11	9	29	0	0	0	0	3	0	0	0	0	0	0	53	29	18	0	78	19	9	51	0	0	0	0	4	0	0	0	0	0	0	0	5	0	0	0	0	0	15	53	49	18	0	85	54	11	9	29	11	9	29	0	0	0	53	29	18	0	78	11	9	29	0	0	0	0	3	0	0	0	0	0	0	53	29	18	0	78	11	9	29	0	0	0	0	0	0	0	0	0	0	0	0	3	0	0	0	0	0	0	53	29	18	0	78	17	9	51	0	0	0	0	2	0	0	0	0	0	0	0	4	0	0	0	0	0	0	0	5	0	0	0	0	0	15	53	45	18	0	85
86	76	25	24	22	66	9	24	5	25	24	22	3	0	15	10	62	60	0	85	56	8	24	5	9	24	5	0	0	0	10	24	60	0	78	25	24	22	0	0	0	0	5	6	0	0	3	0	15	10	62	60	0	85	46	8	24	5	8	24	5	0	0	0	10	21	60	0	78	9	24	5	0	0	0	0	3	6	0	0	0	0	0	10	24	60	0	78	24	24	22	0	0	0	0	4	0	0	0	0	0	0	0	4	6	0	0	3	0	15	10	59	60	0	85	36	8	24	5	8	24	5	0	0	0	10	21	60	0	78	8	24	5	0	0	0	0	2	6	0	0	0	0	0	10	21	60	0	78	8	24	5	0	0	0	0	0	0	0	0	0	0	0	0	2	6	0	0	0	0	0	10	21	60	0	78	14	24	22	0	0	0	0	2	0	0	0	0	0	0	0	4	0	0	0	0	0	0	0	4	6	0	0	0	0	15	10	37	60	0	85
155	139	58	69	59	123	28	39	29	58	69	59	29	0	75	52	137	184	177	148	107	25	39	29	28	39	29	22	0	44	52	75	104	87	129	58	69	59	17	0	8	0	22	23	0	0	29	0	75	52	137	184	177	148	91	22	39	29	25	39	29	20	0	44	52	69	104	87	129	28	39	29	10	0	8	0	9	13	0	0	22	0	44	52	75	104	87	129	55	69	59	7	0	8	0	13	20	0	0	17	0	8	0	19	23	0	0	29	0	75	52	128	184	177	148	75	21	39	27	22	39	29	19	0	44	52	62	104	87	129	25	39	29	10	0	8	0	8	13	0	0	20	0	44	52	69	104	87	129	25	39	29	4	0	8	0	2	0	0	0	10	0	8	0	6	13	0	0	22	0	44	52	66	104	87	129	43	69	59	15	0	0	12	6	10	0	0	7	0	8	0	11	20	0	0	17	0	8	0	19	23	0	0	23	0	75	52	96	184	177	148
158	141	88	97	51	124	49	53	10	86	97	51	74	54	71	30	186	294	255	235	107	41	52	10	47	53	10	49	52	20	30	112	160	50	171	86	97	51	38	13	0	0	31	75	0	0	74	54	71	30	186	294	255	235	90	35	52	10	39	52	10	41	52	20	30	87	156	50	157	47	53	10	21	13	0	0	18	26	0	0	49	52	20	30	112	160	50	171	78	97	51	29	0	0	0	14	56	0	0	34	13	0	0	22	75	0	0	74	54	71	30	163	294	255	235	74	26	47	10	34	52	10	32	52	20	30	75	156	50	155	39	52	10	13	13	0	0	17	26	0	0	41	52	20	30	87	156	50	157	43	53	10	10	0	0	0	3	14	0	0	21	13	0	0	14	26	0	0	49	52	20	30	100	160	50	171	67	81	51	24	40	28	0	6	40	0	0	29	0	0	0	10	40	0	0	34	13	0	0	22	75	0	0	67	54	71	30	128	230	255	235
96	85	46	34	15	74	22	28	0	46	34	15	23	0	15	0	118	95	15	85	63	21	28	0	22	28	0	20	0	0	0	61	77	0	78	46	34	15	13	0	0	0	16	7	0	0	23	0	15	0	118	95	15	85	52	20	28	0	21	28	0	20	0	0	0	58	77	0	78	22	28	0	10	0	0	0	8	7	0	0	20	0	0	0	61	77	0	78	44	34	15	7	0	0	0	11	6	0	0	13	0	0	0	14	7	0	0	23	0	15	0	112	95	15	85	41	19	28	0	20	28	0	19	0	0	0	56	77	0	78	21	28	0	10	0	0	0	7	7	0	0	20	0	0	0	58	77	0	78	20	28	0	4	0	0	0	2	0	0	0	10	0	0	0	6	7	0	0	20	0	0	0	55	77	0	78	29	34	15	15	0	0	0	6	6	0	0	7	0	0	0	8	6	0	0	13	0	0	0	14	7	0	0	17	0	15	0	70	95	15	85
184	165	78	51	138	146	55	33	108	76	51	138	85	33	29	112	159	103	138	110	127	48	16	66	53	33	108	63	16	28	28	130	82	108	39	74	51	138	42	16	19	105	22	0	138	202	83	33	29	112	156	103	138	110	108	38	0	56	46	16	66	55	0	28	28	109	32	66	39	51	33	108	28	0	18	72	22	0	108	138	61	16	28	28	127	82	108	39	69	51	138	23	0	60	42	7	0	138	53	40	16	19	105	15	0	138	202	79	33	29	112	140	103	138	110	89	25	0	51	36	0	56	34	0	28	28	86	0	56	39	44	16	66	20	0	18	64	22	0	66	124	53	0	28	28	106	32	66	39	46	33	108	12	0	56	34	7	0	108	41	26	0	18	72	15	0	108	138	57	16	28	28	111	82	108	39	62	51	138	16	0	60	49	0	0	0	0	21	0	60	42	0	0	138	53	36	16	19	105	15	0	138	202	71	33	29	112	113	103	138	110
159	142	73	64	97	125	53	16	71	68	64	97	79	0	29	64	155	84	388	110	108	44	16	60	48	16	71	53	0	28	28	127	48	284	39	58	64	97	44	0	19	62	17	16	0	33	71	0	29	64	140	84	388	110	92	37	16	58	40	16	60	44	0	28	28	103	48	240	39	41	16	71	29	0	18	58	17	16	0	33	48	0	28	28	115	48	284	39	53	48	97	23	0	28	28	7	0	0	0	41	0	19	62	10	0	0	33	65	0	29	64	124	36	388	110	76	31	16	53	33	16	58	35	0	28	28	87	48	232	39	33	16	60	21	0	18	50	17	16	0	33	39	0	28	28	91	48	240	39	36	0	71	12	0	28	20	7	0	0	0	26	0	18	58	10	0	0	33	42	0	28	28	99	0	284	39	46	48	97	16	0	8	49	0	0	0	0	21	0	28	28	0	0	0	0	37	0	19	62	10	0	0	33	57	0	29	64	97	36	388	110
149	130	93	141	26	111	52	110	17	84	141	26	79	169	20	7	186	323	52	51	92	41	80	10	43	110	17	51	117	20	0	116	277	34	10	77	141	26	32	152	10	0	21	83	52	55	72	169	20	7	177	323	52	51	74	32	52	10	33	80	10	46	69	20	0	83	190	20	10	39	110	17	17	100	10	0	12	72	34	28	47	117	20	0	110	277	34	10	68	123	26	12	130	42	0	11	17	52	0	25	152	10	0	9	65	52	55	66	169	20	7	150	269	52	51	57	27	20	9	25	52	10	33	11	20	0	66	118	20	10	29	80	10	17	36	10	0	12	62	20	18	42	69	20	0	77	190	20	10	34	93	17	9	62	38	0	11	17	34	0	14	100	10	0	5	55	34	28	41	117	20	0	94	226	34	10	57	106	26	13	40	32	9	0	0	104	0	7	130	42	0	0	0	52	0	21	152	10	0	9	65	52	55	59	152	20	7	108	201	52	51
147	130	82	102	27	114	51	49	18	74	86	27	62	141	29	8	169	182	135	51	98	46	23	18	43	33	18	54	21	28	8	117	80	90	10	65	86	27	39	35	19	0	17	0	81	0	53	141	29	8	150	182	135	51	82	41	16	18	38	7	18	48	0	28	8	101	14	90	10	34	33	18	29	0	18	0	17	0	54	0	45	21	28	8	98	80	90	10	59	86	27	23	0	10	0	7	0	27	0	36	35	19	0	9	0	81	0	47	141	29	8	131	182	135	51	66	35	16	17	33	0	18	39	0	28	8	89	0	90	10	29	7	18	21	0	18	0	17	0	54	0	39	0	28	8	82	14	90	10	28	33	18	12	0	10	0	7	0	18	0	26	0	18	0	9	0	54	0	39	21	28	8	79	80	90	10	52	86	27	16	0	8	9	0	0	0	0	21	0	10	0	0	0	27	0	32	35	19	0	9	0	81	0	39	141	29	8	104	182	135	51
140	121	85	141	24	102	46	104	0	80	141	24	63	196	0	0	185	361	72	125	83	37	92	0	41	104	0	35	175	0	0	109	304	0	39	71	141	24	34	120	0	0	27	41	0	0	56	196	0	0	173	361	72	125	65	32	78	0	33	92	0	27	160	0	0	84	270	0	39	35	104	0	20	93	0	0	17	36	0	0	31	175	0	0	100	304	0	39	55	123	24	16	62	0	0	8	15	24	0	27	120	0	0	9	23	0	0	50	196	0	0	128	307	72	125	50	27	61	0	29	78	0	19	141	0	0	74	237	0	39	27	92	0	12	81	0	0	16	32	0	0	23	160	0	0	75	270	0	39	29	89	0	8	40	0	0	7	12	0	0	17	93	0	0	9	21	0	0	25	175	0	0	81	259	0	39	41	78	24	6	73	8	0	0	0	24	0	14	62	0	0	0	0	24	0	23	120	0	0	9	23	0	0	42	151	0	0	83	157	72	125
94	82	44	20	61	70	27	20	28	36	20	61	35	0	56	67	102	30	0	148	60	24	20	27	22	20	28	31	0	28	64	61	30	0	89	31	0	61	16	0	28	8	9	0	0	0	30	0	56	67	93	0	0	148	50	23	20	27	19	20	27	30	0	27	64	55	30	0	78	17	0	28	16	0	10	8	9	0	0	0	26	0	28	64	52	0	0	89	26	0	61	6	0	7	0	5	0	0	0	13	0	28	8	2	0	0	0	24	0	56	67	77	0	0	148	40	20	20	27	18	20	27	27	0	27	64	53	30	0	76	14	0	27	13	0	10	8	9	0	0	0	25	0	27	64	46	0	0	78	12	0	28	6	0	0	0	5	0	0	0	13	0	10	8	2	0	0	0	20	0	28	64	36	0	0	89	21	0	61	3	0	21	0	0	0	0	0	4	0	7	0	0	0	0	0	9	0	28	8	2	0	0	0	17	0	56	67	58	0	0	148
122	107	49	59	64	93	22	14	53	41	45	64	21	0	86	40	102	135	320	27	79	19	14	53	14	0	53	15	0	61	40	37	0	265	18	34	45	64	6	0	29	0	4	0	0	0	14	0	86	40	86	135	320	27	65	19	14	53	11	0	53	15	0	61	40	32	0	265	18	7	0	53	6	0	18	0	4	0	0	0	8	0	61	40	21	0	265	18	32	45	64	2	0	0	0	4	0	0	0	4	0	29	0	0	0	0	0	10	0	86	40	79	135	320	27	51	19	14	53	11	0	53	15	0	61	40	32	0	265	18	4	0	53	6	0	18	0	4	0	0	0	8	0	61	40	16	0	265	18	5	0	53	2	0	0	0	4	0	0	0	4	0	18	0	0	0	0	0	4	0	61	40	14	0	265	18	30	45	64	2	0	0	0	0	0	0	0	0	0	0	0	0	0	0	0	0	0	29	0	0	0	0	0	6	0	86	40	70	135	320	27
108	91	76	97	49	75	40	78	0	59	81	49	53	116	51	0	144	252	49	312	61	31	72	0	26	64	0	30	104	0	0	63	196	0	214	47	53	49	41	64	44	0	21	48	0	0	35	88	51	0	126	210	49	312	49	22	70	0	21	60	0	21	100	0	0	51	190	0	154	21	40	0	14	60	0	0	11	40	0	0	27	80	0	0	54	160	0	214	34	29	49	10	20	35	0	2	40	0	0	21	40	44	0	7	0	0	0	33	40	51	0	89	126	49	312	39	19	68	0	16	60	0	18	100	0	0	44	190	0	142	16	40	0	11	60	0	0	11	40	0	0	18	80	0	0	42	160	0	154	17	20	0	10	20	0	0	2	40	0	0	13	40	0	0	7	0	0	0	25	40	0	0	42	90	0	214	30	9	49	5	18	21	0	0	0	0	0	10	0	35	0	0	0	0	0	21	0	44	0	7	0	0	0	29	0	51	0	75	36	49	312
71	60	46	33	33	50	32	29	0	39	23	33	46	30	35	0	101	45	0	174	42	27	28	0	28	21	0	36	28	0	0	74	42	0	106	31	7	33	27	7	28	0	14	7	0	0	40	14	35	0	89	21	0	174	35	22	28	0	24	21	0	27	28	0	0	64	42	0	88	23	7	0	19	7	0	0	14	7	0	0	33	14	0	0	65	21	0	106	26	0	33	12	0	35	0	6	0	0	0	25	0	28	0	7	0	0	0	36	0	35	0	73	0	0	174	28	19	28	0	19	21	0	24	28	0	0	57	42	0	86	19	7	0	16	7	0	0	14	7	0	0	24	14	0	0	55	21	0	88	18	0	0	12	0	0	0	6	0	0	0	17	0	0	0	7	0	0	0	29	0	0	0	49	0	0	106	20	0	33	7	0	21	0	0	0	0	0	10	0	35	0	0	0	0	0	21	0	28	0	7	0	0	0	28	0	35	0	50	0	0	174
73	63	40	29	19	54	23	16	0	29	20	19	21	8	21	0	77	54	38	124	46	22	16	0	15	8	0	18	8	0	0	40	24	0	89	21	12	19	7	0	7	0	6	0	0	0	13	0	21	0	61	30	38	124	38	22	16	0	14	8	0	18	8	0	0	38	24	0	78	7	0	0	7	0	0	0	6	0	0	0	10	0	0	0	24	0	0	89	17	12	19	2	0	0	0	4	0	0	0	4	0	7	0	0	0	0	0	7	0	21	0	48	30	38	124	30	22	16	0	14	8	0	18	8	0	0	38	24	0	76	6	0	0	7	0	0	0	6	0	0	0	10	0	0	0	22	0	0	78	3	0	0	2	0	0	0	4	0	0	0	4	0	0	0	0	0	0	0	4	0	0	0	11	0	0	89	15	12	19	2	0	0	0	0	0	0	0	0	0	0	0	0	0	0	0	0	0	7	0	0	0	0	0	3	0	21	0	39	30	38	124
149	130	43	48	152	111	16	0	127	35	48	152	13	0	96	157	62	112	456	64	92	12	0	90	8	0	127	5	0	83	81	19	0	381	53	33	48	152	4	0	36	67	10	0	0	191	9	0	96	157	55	112	456	64	73	12	0	89	4	0	90	5	0	42	80	14	0	270	53	6	0	127	4	0	28	64	6	0	0	143	1	0	83	81	12	0	381	53	32	48	152	6	0	0	8	1	0	0	0	4	0	36	67	9	0	0	191	9	0	96	157	52	112	456	64	54	11	0	89	4	0	89	5	0	42	80	14	0	267	53	2	0	90	0	0	0	64	1	0	0	94	1	0	42	80	7	0	270	53	5	0	127	4	0	0	8	1	0	0	0	4	0	28	64	5	0	0	143	1	0	83	81	9	0	381	53	31	48	152	2	0	9	0	0	0	0	0	6	0	0	8	0	0	0	0	4	0	36	67	9	0	0	191	8	0	96	157	48	112	456	64
62	54	25	12	18	46	8	0	8	19	12	18	4	0	9	8	36	18	36	64	38	8	0	8	2	0	8	4	0	8	8	7	0	16	53	17	12	18	0	0	0	0	0	0	0	0	0	0	9	8	29	18	36	64	30	8	0	8	2	0	8	4	0	8	8	7	0	16	53	0	0	8	0	0	0	0	0	0	0	0	0	0	8	8	0	0	16	53	17	12	18	0	0	0	0	0	0	0	0	0	0	0	0	0	0	0	0	0	0	9	8	29	18	36	64	22	8	0	8	2	0	8	4	0	8	8	7	0	16	53	0	0	8	0	0	0	0	0	0	0	0	0	0	8	8	0	0	16	53	0	0	8	0	0	0	0	0	0	0	0	0	0	0	0	0	0	0	0	0	0	8	8	0	0	16	53	17	12	18	0	0	0	0	0	0	0	0	0	0	0	0	0	0	0	0	0	0	0	0	0	0	0	0	0	0	9	8	29	18	36	64
102	87	46	62	45	74	23	26	14	38	36	45	24	0	30	49	74	81	180	132	61	19	26	0	15	0	14	16	0	21	0	41	0	56	53	33	36	45	10	0	36	0	14	0	0	53	17	0	30	49	61	81	180	132	48	19	26	0	11	0	0	16	0	0	0	36	0	0	53	10	0	14	10	0	28	0	10	0	0	35	9	0	21	0	28	0	56	53	30	36	45	8	0	0	0	5	0	0	0	8	0	36	0	9	0	0	53	13	0	30	49	51	81	180	132	35	16	26	0	11	0	0	16	0	0	0	36	0	0	53	6	0	0	6	0	0	0	5	0	0	28	9	0	0	0	23	0	0	53	7	0	14	6	0	0	0	5	0	0	0	8	0	28	0	5	0	0	35	5	0	21	0	18	0	56	53	27	36	45	2	0	27	0	0	0	0	0	6	0	0	0	0	0	0	0	4	0	36	0	9	0	0	53	8	0	30	49	38	81	180	132
69	57	30	43	27	47	7	32	7	17	23	27	1	32	12	35	35	63	27	83	39	7	32	0	1	16	7	1	32	7	0	3	56	7	53	16	7	27	0	0	0	0	0	0	0	27	0	0	12	35	32	7	27	83	31	7	32	0	1	16	0	1	32	0	0	3	56	0	53	0	0	7	0	0	0	0	0	0	0	18	0	0	7	0	0	0	7	53	16	7	27	0	0	0	0	0	0	0	0	0	0	0	0	0	0	0	27	0	0	12	35	32	7	27	83	23	7	32	0	1	16	0	1	32	0	0	3	56	0	53	0	0	0	0	0	0	0	0	0	0	18	0	0	0	0	0	0	0	53	0	0	7	0	0	0	0	0	0	0	0	0	0	0	0	0	0	0	18	0	0	7	0	0	0	7	53	16	7	27	0	0	0	0	0	0	0	0	0	0	0	0	0	0	0	0	0	0	0	0	0	0	0	27	0	0	12	35	32	7	27	83
76	65	29	35	9	55	8	10	0	23	25	9	4	0	0	0	30	55	45	64	45	8	10	0	2	0	0	4	0	0	0	7	0	0	53	21	25	9	0	0	0	0	4	0	0	0	0	0	0	0	23	55	45	64	35	8	10	0	2	0	0	4	0	0	0	7	0	0	53	0	0	0	0	0	0	0	0	0	0	0	0	0	0	0	0	0	0	53	21	25	9	0	0	0	0	0	0	0	0	0	0	0	0	4	0	0	0	0	0	0	0	23	55	45	64	25	8	10	0	2	0	0	4	0	0	0	7	0	0	53	0	0	0	0	0	0	0	0	0	0	0	0	0	0	0	0	0	0	53	0	0	0	0	0	0	0	0	0	0	0	0	0	0	0	0	0	0	0	0	0	0	0	0	0	0	53	21	25	9	0	0	0	0	0	0	0	0	0	0	0	0	0	0	0	0	0	0	0	0	4	0	0	0	0	0	0	0	23	55	45	64
131	112	31	34	162	93	14	0	118	26	34	162	16	0	84	99	41	0	324	224	74	11	0	105	9	0	118	13	0	76	77	29	0	236	149	26	34	162	10	0	30	114	14	0	0	0	16	0	84	99	41	0	324	224	55	7	0	60	6	0	105	4	0	65	22	20	0	210	98	9	0	118	3	0	30	20	3	0	0	0	13	0	76	77	29	0	236	149	24	34	162	5	0	41	92	2	0	0	215	10	0	30	114	12	0	0	0	16	0	84	99	35	0	324	224	36	5	0	59	2	0	60	0	0	24	22	6	0	120	97	6	0	105	0	0	21	20	2	0	0	0	4	0	65	22	20	0	210	98	7	0	118	0	0	39	90	2	0	0	143	3	0	30	20	1	0	0	0	13	0	76	77	23	0	236	149	20	34	162	0	0	21	7	0	0	0	0	5	0	41	92	0	0	0	215	10	0	30	114	12	0	0	0	12	0	84	99	21	0	324	224
104	89	21	14	100	74	8	0	54	15	14	100	4	0	30	30	12	0	100	251	59	8	0	53	2	0	54	4	0	30	28	7	0	54	156	13	14	100	0	0	0	8	5	0	0	0	0	0	30	30	5	0	100	251	44	8	0	51	2	0	53	4	0	30	28	7	0	53	98	0	0	54	0	0	0	8	0	0	0	0	0	0	30	28	0	0	54	156	13	14	100	0	0	0	16	0	0	0	0	0	0	0	8	5	0	0	0	0	0	30	30	5	0	100	251	29	8	0	50	2	0	51	4	0	24	28	7	0	51	97	0	0	53	0	0	0	8	0	0	0	0	0	0	30	28	0	0	53	98	0	0	54	0	0	0	14	0	0	0	0	0	0	0	8	0	0	0	0	0	0	30	28	0	0	54	156	13	14	100	0	0	0	7	0	0	0	0	0	0	0	16	0	0	0	0	0	0	0	8	5	0	0	0	0	0	30	30	5	0	100	251
75	64	14	18	46	53	2	0	41	12	18	46	0	0	30	0	5	0	92	9	42	2	0	41	0	0	41	0	0	30	0	0	0	82	0	12	18	46	0	0	0	0	5	0	0	0	0	0	30	0	5	0	92	9	31	2	0	39	0	0	41	0	0	30	0	0	0	82	0	0	0	41	0	0	0	0	0	0	0	0	0	0	30	0	0	0	82	0	12	18	46	0	0	0	16	0	0	0	0	0	0	0	0	5	0	0	0	0	0	30	0	5	0	92	9	20	2	0	38	0	0	39	0	0	24	0	0	0	78	0	0	0	41	0	0	0	0	0	0	0	0	0	0	30	0	0	0	82	0	0	0	41	0	0	0	14	0	0	0	0	0	0	0	0	0	0	0	0	0	0	30	0	0	0	82	0	12	18	46	0	0	0	7	0	0	0	0	0	0	0	16	0	0	0	0	0	0	0	0	5	0	0	0	0	0	30	0	5	0	92	9
88	74	27	49	51	61	10	13	19	23	36	51	6	0	74	18	39	27	204	206	48	6	13	17	6	0	19	1	0	66	14	23	0	76	141	23	36	51	4	0	0	14	7	36	0	0	6	0	74	18	39	27	204	206	35	5	13	8	2	0	17	1	0	58	0	7	0	68	90	6	0	19	0	0	0	0	1	0	0	0	1	0	66	14	23	0	76	141	22	36	51	7	0	11	16	6	0	0	26	4	0	0	14	6	36	0	0	6	0	74	18	36	27	204	206	22	4	13	7	1	0	8	0	0	24	0	3	0	32	89	2	0	17	0	0	0	0	1	0	0	0	1	0	58	0	7	0	68	90	5	0	19	3	0	9	14	6	0	0	17	0	0	0	0	0	0	0	0	1	0	66	14	20	0	76	141	17	36	51	1	0	11	7	0	0	0	0	4	0	11	16	0	0	0	26	4	0	0	14	6	36	0	0	5	0	74	18	16	27	204	206
54	46	13	12	14	38	4	0	0	9	12	14	0	0	0	0	3	0	28	54	30	4	0	0	0	0	0	0	0	0	0	0	0	0	14	9	12	14	0	0	0	0	4	0	0	0	0	0	0	0	3	0	28	54	22	4	0	0	0	0	0	0	0	0	0	0	0	0	0	0	0	0	0	0	0	0	0	0	0	0	0	0	0	0	0	0	0	14	9	12	14	0	0	0	0	0	0	0	0	0	0	0	0	4	0	0	0	0	0	0	0	3	0	28	54	14	4	0	0	0	0	0	0	0	0	0	0	0	0	0	0	0	0	0	0	0	0	0	0	0	0	0	0	0	0	0	0	0	0	0	0	0	0	0	0	0	0	0	0	0	0	0	0	0	0	0	0	0	0	0	0	0	0	0	0	14	9	12	14	0	0	0	0	0	0	0	0	0	0	0	0	0	0	0	0	0	0	0	0	4	0	0	0	0	0	0	0	3	0	28	54
54	45	5	0	77	36	2	0	18	4	0	77	2	0	8	40	13	0	0	373	27	1	0	18	1	0	18	0	0	8	40	4	0	0	232	4	0	77	0	0	0	0	0	0	0	0	2	0	8	40	13	0	0	373	18	1	0	18	0	0	18	0	0	8	40	0	0	0	216	1	0	18	0	0	0	0	0	0	0	0	0	0	8	40	4	0	0	232	4	0	77	0	0	0	0	1	0	0	0	0	0	0	0	0	0	0	0	2	0	8	40	13	0	0	373	9	1	0	15	0	0	18	0	0	8	32	0	0	0	158	0	0	18	0	0	0	0	0	0	0	0	0	0	8	40	0	0	0	216	1	0	18	0	0	0	0	1	0	0	0	0	0	0	0	0	0	0	0	0	0	8	40	4	0	0	232	3	0	77	0	0	0	23	0	0	0	0	0	0	0	0	0	0	0	0	0	0	0	0	0	0	0	0	2	0	8	40	9	0	0	373
66	55	15	0	76	44	9	0	29	13	0	76	8	0	8	62	44	0	0	273	33	3	0	27	7	0	29	1	0	8	58	26	0	0	178	13	0	76	0	0	13	18	1	0	0	0	8	0	8	62	44	0	0	273	22	2	0	25	1	0	27	0	0	8	54	3	0	0	163	7	0	29	0	0	11	14	1	0	0	0	1	0	8	58	26	0	0	178	12	0	76	3	0	13	14	6	0	0	0	0	0	13	18	0	0	0	0	8	0	8	62	41	0	0	273	11	2	0	15	0	0	25	0	0	8	32	0	0	0	107	1	0	27	0	0	9	0	1	0	0	0	0	0	8	54	3	0	0	163	6	0	29	3	0	11	0	6	0	0	0	0	0	11	14	0	0	0	0	1	0	8	58	23	0	0	178	6	0	76	1	0	0	23	0	0	0	26	0	0	13	14	0	0	0	0	0	0	13	18	0	0	0	0	7	0	8	62	18	0	0	273
74	61	33	32	68	48	14	10	52	30	32	68	20	20	67	72	94	108	136	51	35	5	0	50	11	10	52	4	0	64	68	39	40	104	19	30	32	68	7	0	59	18	9	0	68	0	20	20	67	72	94	108	136	51	22	2	0	45	2	0	50	0	0	64	61	6	0	100	17	11	10	52	0	0	54	14	2	0	52	0	4	0	64	68	39	40	104	19	24	32	68	3	0	24	35	8	12	0	0	3	0	59	18	2	0	68	0	20	20	67	72	77	108	136	51	10	2	0	23	0	0	45	0	0	55	32	0	0	90	8	2	0	50	0	0	52	0	2	0	50	0	0	0	64	61	6	0	100	17	9	10	52	3	0	21	0	7	10	0	0	0	0	54	14	0	0	52	0	4	0	64	68	33	40	104	19	9	20	68	1	0	0	63	0	0	0	50	0	0	24	35	0	0	0	0	3	0	59	18	2	0	68	0	16	20	67	72	27	60	136	51
54	43	29	37	30	33	9	28	19	24	27	30	5	18	8	22	72	102	30	51	23	6	10	17	4	18	19	1	0	8	18	14	72	19	19	24	27	30	19	0	13	18	15	0	90	0	5	18	8	22	72	102	30	51	13	1	7	15	1	0	17	0	0	8	14	3	0	17	17	4	18	19	0	0	11	14	1	0	57	0	1	0	8	18	14	72	19	19	11	27	30	0	21	13	14	3	28	0	0	0	0	13	18	0	0	90	0	5	18	8	22	36	102	30	51	6	1	6	7	0	0	15	0	0	8	0	0	0	15	8	1	0	17	0	0	9	0	1	0	51	0	0	0	8	14	3	0	17	17	3	18	19	0	18	11	0	2	24	0	0	0	0	11	14	0	0	57	0	1	0	8	18	11	72	19	19	5	6	30	0	6	0	7	0	0	0	26	0	0	13	14	0	0	0	0	0	0	13	18	0	0	90	0	4	18	8	22	15	18	30	51
38	31	19	14	13	24	7	4	11	18	14	13	6	8	0	22	57	42	26	0	17	2	0	9	6	4	11	1	0	0	18	23	12	22	0	18	14	13	0	0	13	18	5	0	13	0	6	8	0	22	57	42	26	0	10	1	0	7	1	0	9	0	0	0	14	3	0	18	0	6	4	11	0	0	11	14	1	0	11	0	1	0	0	18	23	12	22	0	14	14	13	3	0	13	14	7	0	0	0	0	0	13	18	0	0	13	0	6	8	0	22	46	42	26	0	4	1	0	0	0	0	7	0	0	0	0	0	0	14	0	1	0	9	0	0	9	0	1	0	9	0	0	0	0	14	3	0	18	0	5	4	11	3	0	11	0	6	0	0	0	0	0	11	14	0	0	11	0	1	0	0	18	20	12	22	0	3	8	13	1	0	0	0	0	0	0	26	0	0	13	14	0	0	0	0	0	0	13	18	0	0	13	0	5	8	0	22	9	24	26	0
57	45	29	27	65	33	4	0	39	27	27	65	6	0	82	56	79	90	195	111	21	2	0	38	2	0	39	0	0	46	55	6	0	117	82	27	27	65	4	0	12	10	12	0	0	0	6	0	82	56	79	90	195	111	9	1	0	38	0	0	38	0	0	43	55	0	0	114	76	2	0	39	0	0	11	10	2	0	0	0	0	0	46	55	6	0	117	82	15	27	65	3	0	0	0	7	9	0	0	0	0	12	10	0	0	0	0	6	0	82	56	47	90	195	111	0	0	0	35	0	0	38	0	0	43	52	0	0	114	67	0	0	38	0	0	10	7	0	0	0	0	0	0	43	55	0	0	114	76	0	0	39	0	0	0	0	0	0	0	0	0	0	11	10	0	0	0	0	0	0	46	55	0	0	117	82	0	0	65	0	0	6	21	0	0	0	0	0	0	0	0	0	0	0	0	0	0	12	10	0	0	0	0	0	0	82	56	0	0	195	111
43	34	13	14	35	25	1	0	35	13	14	35	3	0	0	0	29	28	70	0	16	0	0	35	1	0	35	0	0	0	0	3	0	70	0	13	14	35	0	0	0	0	2	0	0	0	3	0	0	0	29	28	70	0	7	0	0	35	0	0	35	0	0	0	0	0	0	70	0	1	0	35	0	0	0	0	1	0	0	0	0	0	0	0	3	0	70	0	8	14	35	0	0	0	0	0	0	0	0	0	0	0	0	0	0	0	0	3	0	0	0	18	28	70	0	0	0	0	35	0	0	35	0	0	0	0	0	0	70	0	0	0	35	0	0	0	0	0	0	0	0	0	0	0	0	0	0	70	0	0	0	35	0	0	0	0	0	0	0	0	0	0	0	0	0	0	0	0	0	0	0	0	0	0	70	0	0	0	35	0	0	0	0	0	0	0	0	0	0	0	0	0	0	0	0	0	0	0	0	0	0	0	0	0	0	0	0	0	0	70	0
57	45	22	27	52	33	2	0	37	22	27	52	6	0	50	11	60	63	156	81	21	0	0	36	2	0	37	0	0	33	10	6	0	111	63	22	27	52	0	0	12	10	7	0	0	0	6	0	50	11	60	63	156	81	9	0	0	36	0	0	36	0	0	30	10	0	0	108	59	2	0	37	0	0	11	10	2	0	0	0	0	0	33	10	6	0	111	63	13	27	52	0	0	0	0	3	0	0	0	0	0	12	10	0	0	0	0	6	0	50	11	38	63	156	81	0	0	0	33	0	0	36	0	0	30	7	0	0	108	52	0	0	36	0	0	10	7	0	0	0	0	0	0	30	10	0	0	108	59	0	0	37	0	0	0	0	0	0	0	0	0	0	11	10	0	0	0	0	0	0	33	10	0	0	111	63	0	0	52	0	0	0	21	0	0	0	0	0	0	0	0	0	0	0	0	0	0	12	10	0	0	0	0	0	0	50	11	0	0	156	81
60	47	26	39	52	34	2	9	50	25	39	52	6	27	50	24	61	99	156	0	21	0	0	49	1	9	50	0	0	46	23	3	27	150	0	22	39	52	0	0	12	10	6	12	52	0	3	27	50	24	58	99	156	0	9	0	0	49	0	0	49	0	0	43	23	0	0	147	0	1	9	50	0	0	11	10	1	9	50	0	0	0	46	23	3	27	150	0	14	27	52	0	0	0	0	3	0	0	0	0	0	12	10	0	0	52	0	3	27	50	24	39	63	156	0	0	0	0	46	0	0	49	0	0	43	20	0	0	147	0	0	0	49	0	0	10	7	0	0	49	0	0	0	43	23	0	0	147	0	0	0	50	0	0	0	0	0	0	0	0	0	0	11	10	0	0	50	0	0	0	46	23	0	0	150	0	0	0	52	0	0	0	21	0	0	0	0	0	0	0	0	0	0	0	0	0	0	12	10	0	0	52	0	0	0	50	24	0	0	156	0
23	18	10	6	6	13	1	0	6	10	6	6	3	0	0	0	22	12	12	0	8	0	0	6	1	0	6	0	0	0	0	3	0	12	0	10	6	6	0	0	0	0	2	0	0	0	3	0	0	0	22	12	12	0	3	0	0	6	0	0	6	0	0	0	0	0	0	12	0	1	0	6	0	0	0	0	1	0	0	0	0	0	0	0	3	0	12	0	5	6	6	0	0	0	0	0	0	0	0	0	0	0	0	0	0	0	0	3	0	0	0	11	12	12	0	0	0	0	6	0	0	6	0	0	0	0	0	0	12	0	0	0	6	0	0	0	0	0	0	0	0	0	0	0	0	0	0	12	0	0	0	6	0	0	0	0	0	0	0	0	0	0	0	0	0	0	0	0	0	0	0	0	0	0	12	0	0	0	6	0	0	0	0	0	0	0	0	0	0	0	0	0	0	0	0	0	0	0	0	0	0	0	0	0	0	0	0	0	0	12	0
53	38	38	54	86	24	12	14	69	28	40	86	24	0	52	90	57	110	344	65	10	5	10	47	2	0	69	2	0	49	59	3	0	276	39	15	40	86	17	40	20	76	16	50	0	98	4	0	52	90	42	110	344	65	0	0	0	44	0	0	47	0	0	44	56	0	0	188	38	0	0	69	0	0	20	67	0	0	0	71	0	0	49	59	0	0	276	39	0	0	86	0	0	17	32	0	0	86	0	0	0	20	76	0	0	0	98	0	0	52	90	0	0	344	65	0	0	0	41	0	0	44	0	0	41	56	0	0	176	38	0	0	47	0	0	20	59	0	0	0	67	0	0	44	56	0	0	188	38	0	0	69	0	0	16	28	0	0	69	0	0	0	20	67	0	0	0	71	0	0	49	59	0	0	276	39	0	0	0	0	0	0	27	0	0	0	0	0	0	0	32	0	0	0	0	0	0	0	76	0	0	0	98	0	0	0	90	0	0	0	65
45	33	19	27	52	21	2	0	12	17	27	52	3	0	24	36	32	63	156	210	9	1	0	11	0	0	12	0	0	12	33	0	0	36	167	10	27	52	4	0	0	11	11	9	0	0	0	0	24	36	26	63	156	210	0	0	0	10	0	0	11	0	0	11	30	0	0	33	164	0	0	12	0	0	0	10	0	0	0	0	0	0	12	33	0	0	36	167	0	0	52	0	0	0	10	0	0	0	0	0	0	0	11	0	0	0	0	0	0	24	36	0	0	156	210	0	0	0	10	0	0	10	0	0	10	30	0	0	30	164	0	0	11	0	0	0	10	0	0	0	0	0	0	11	30	0	0	33	164	0	0	12	0	0	0	10	0	0	0	0	0	0	0	10	0	0	0	0	0	0	12	33	0	0	36	167	0	0	0	0	0	0	0	0	0	0	0	0	0	0	10	0	0	0	0	0	0	0	11	0	0	0	0	0	0	0	36	0	0	0	210
49	36	32	30	55	23	9	0	22	23	30	55	15	0	24	50	48	80	165	169	10	5	0	11	0	0	22	0	0	12	33	0	0	66	126	15	30	55	19	0	0	11	13	40	0	43	0	0	24	50	39	80	165	169	0	0	0	10	0	0	11	0	0	11	30	0	0	33	123	0	0	22	0	0	0	10	0	0	0	30	0	0	12	33	0	0	66	126	0	0	55	0	0	7	10	0	0	0	0	0	0	0	11	0	0	0	43	0	0	24	50	0	0	165	169	0	0	0	10	0	0	10	0	0	10	30	0	0	30	123	0	0	11	0	0	0	10	0	0	0	26	0	0	11	30	0	0	33	123	0	0	22	0	0	6	10	0	0	0	0	0	0	0	10	0	0	0	30	0	0	12	33	0	0	66	126	0	0	0	0	0	0	0	0	0	0	0	0	0	0	10	0	0	0	0	0	0	0	11	0	0	0	43	0	0	0	50	0	0	0	169
34	22	33	47	17	13	10	27	16	25	20	17	24	0	20	6	44	56	85	0	4	3	12	10	2	0	16	2	0	20	0	3	0	80	0	9	20	17	6	60	20	0	13	20	0	30	4	0	20	6	26	56	85	0	0	0	0	10	0	0	10	0	0	20	0	0	0	50	0	0	0	16	0	0	20	0	0	0	0	19	0	0	20	0	0	0	80	0	0	0	17	0	0	17	0	0	0	51	0	0	0	20	0	0	0	0	30	0	0	20	6	0	0	85	0	0	0	0	9	0	0	10	0	0	20	0	0	0	50	0	0	0	10	0	0	20	0	0	0	0	17	0	0	20	0	0	0	50	0	0	0	16	0	0	16	0	0	0	48	0	0	0	20	0	0	0	0	19	0	0	20	0	0	0	80	0	0	0	0	0	0	0	9	0	0	0	0	0	0	0	0	0	0	0	0	0	0	0	0	0	0	0	30	0	0	0	6	0	0	0	0
27	20	8	6	28	13	0	0	0	8	6	28	0	0	9	0	18	6	28	145	6	0	0	0	0	0	0	0	0	0	0	0	0	0	128	7	6	28	0	0	0	0	6	0	0	0	0	0	9	0	18	6	28	145	0	0	0	0	0	0	0	0	0	0	0	0	0	0	126	0	0	0	0	0	0	0	0	0	0	0	0	0	0	0	0	0	0	128	0	0	28	0	0	0	0	0	0	0	0	0	0	0	0	0	0	0	0	0	0	9	0	0	0	28	145	0	0	0	0	0	0	0	0	0	0	0	0	0	0	126	0	0	0	0	0	0	0	0	0	0	0	0	0	0	0	0	0	0	126	0	0	0	0	0	0	0	0	0	0	0	0	0	0	0	0	0	0	0	0	0	0	0	0	0	0	128	0	0	0	0	0	0	0	0	0	0	0	0	0	0	0	0	0	0	0	0	0	0	0	0	0	0	0	0	0	0	0	0	0	0	145
49	31	28	59	116	14	10	14	74	15	42	116	19	42	38	109	18	42	348	210	0	0	0	62	0	0	74	0	0	34	73	0	0	222	119	0	0	116	0	0	41	36	0	0	116	52	0	0	38	109	0	0	348	210	0	0	0	57	0	0	62	0	0	34	66	0	0	186	79	0	0	74	0	0	17	33	0	0	74	50	0	0	34	73	0	0	222	119	0	0	0	0	0	0	63	0	0	0	0	0	0	0	36	0	0	0	52	0	0	0	109	0	0	0	210	0	0	0	54	0	0	57	0	0	34	61	0	0	171	74	0	0	62	0	0	17	30	0	0	62	49	0	0	34	66	0	0	186	79	0	0	0	0	0	0	54	0	0	0	0	0	0	0	33	0	0	0	50	0	0	0	73	0	0	0	119	0	0	0	0	0	0	32	0	0	0	0	0	0	0	63	0	0	0	0	0	0	0	36	0	0	0	52	0	0	0	0	0	0	0	0
35	20	25	68	36	8	7	24	10	12	32	36	8	96	24	20	12	48	144	158	0	0	0	10	0	0	10	0	0	20	20	0	0	40	107	0	0	36	0	0	34	0	0	0	108	0	0	0	24	20	0	0	144	158	0	0	0	10	0	0	10	0	0	20	20	0	0	40	68	0	0	10	0	0	10	0	0	0	30	0	0	0	20	20	0	0	40	107	0	0	0	0	0	0	0	0	0	0	0	0	0	0	0	0	0	0	0	0	0	0	20	0	0	0	158	0	0	0	10	0	0	10	0	0	20	20	0	0	40	64	0	0	10	0	0	10	0	0	0	30	0	0	0	20	20	0	0	40	68	0	0	0	0	0	0	0	0	0	0	0	0	0	0	0	0	0	0	0	0	0	0	20	0	0	0	107	0	0	0	0	0	0	0	0	0	0	0	0	0	0	0	0	0	0	0	0	0	0	0	0	0	0	0	0	0	0	0	0	0	0	0
29	19	22	9	39	9	9	0	0	13	9	39	18	0	0	0	15	0	39	238	0	0	0	0	0	0	0	0	0	0	0	0	0	0	119	0	0	39	0	0	22	0	0	0	0	0	0	0	0	0	0	0	39	238	0	0	0	0	0	0	0	0	0	0	0	0	0	0	79	0	0	0	0	0	0	0	0	0	0	0	0	0	0	0	0	0	0	119	0	0	0	0	0	0	0	0	0	0	0	0	0	0	0	0	0	0	0	0	0	0	0	0	0	0	238	0	0	0	0	0	0	0	0	0	0	0	0	0	0	74	0	0	0	0	0	0	0	0	0	0	0	0	0	0	0	0	0	0	79	0	0	0	0	0	0	0	0	0	0	0	0	0	0	0	0	0	0	0	0	0	0	0	0	0	0	119	0	0	0	0	0	0	0	0	0	0	0	0	0	0	0	0	0	0	0	0	0	0	0	0	0	0	0	0	0	0	0	0	0	0	0
24	15	22	18	13	6	8	0	0	11	18	13	18	0	0	0	12	18	39	69	0	0	0	0	0	0	0	0	0	0	0	0	0	0	28	0	0	13	0	0	12	0	0	0	0	0	0	0	0	0	0	0	39	69	0	0	0	0	0	0	0	0	0	0	0	0	0	0	21	0	0	0	0	0	0	0	0	0	0	0	0	0	0	0	0	0	0	28	0	0	0	0	0	0	0	0	0	0	0	0	0	0	0	0	0	0	0	0	0	0	0	0	0	0	69	0	0	0	0	0	0	0	0	0	0	0	0	0	0	20	0	0	0	0	0	0	0	0	0	0	0	0	0	0	0	0	0	0	21	0	0	0	0	0	0	0	0	0	0	0	0	0	0	0	0	0	0	0	0	0	0	0	0	0	0	28	0	0	0	0	0	0	0	0	0	0	0	0	0	0	0	0	0	0	0	0	0	0	0	0	0	0	0	0	0	0	0	0	0	0	0
25	15	22	27	14	6	8	6	0	11	18	14	15	18	0	0	12	18	42	103	0	0	0	0	0	0	0	0	0	0	0	0	0	0	85	0	0	14	0	0	22	0	0	0	14	0	0	0	0	0	0	0	42	103	0	0	0	0	0	0	0	0	0	0	0	0	0	0	57	0	0	0	0	0	0	0	0	0	0	0	0	0	0	0	0	0	0	85	0	0	0	0	0	0	0	0	0	0	0	0	0	0	0	0	0	0	0	0	0	0	0	0	0	0	103	0	0	0	0	0	0	0	0	0	0	0	0	0	0	54	0	0	0	0	0	0	0	0	0	0	0	0	0	0	0	0	0	0	57	0	0	0	0	0	0	0	0	0	0	0	0	0	0	0	0	0	0	0	0	0	0	0	0	0	0	85	0	0	0	0	0	0	0	0	0	0	0	0	0	0	0	0	0	0	0	0	0	0	0	0	0	0	0	0	0	0	0	0	0	0	0
22	11	13	0	75	0	0	0	29	0	0	75	0	0	66	31	0	0	0	218	0	0	0	27	0	0	29	0	0	19	27	0	0	0	84	0	0	0	0	0	0	20	0	0	0	0	0	0	0	31	0	0	0	218	0	0	0	27	0	0	27	0	0	17	27	0	0	0	72	0	0	0	0	0	0	20	0	0	0	0	0	0	0	27	0	0	0	84	0	0	0	0	0	0	0	0	0	0	0	0	0	0	20	0	0	0	0	0	0	0	0	0	0	0	0	0	0	0	27	0	0	27	0	0	17	27	0	0	0	67	0	0	0	0	0	0	20	0	0	0	0	0	0	0	27	0	0	0	72	0	0	0	0	0	0	0	0	0	0	0	0	0	0	20	0	0	0	0	0	0	0	0	0	0	0	0	0	0	0	0	0	0	0	0	0	0	0	0	0	0	0	0	0	0	0	0	0	0	0	0	0	0	0	0	0	0	0	0	0	0	0
29	13	17	39	82	0	0	0	45	0	0	82	0	0	90	31	0	0	246	179	0	0	0	43	0	0	45	0	0	43	27	0	0	135	84	0	0	0	0	0	0	20	0	0	0	0	0	0	0	31	0	0	0	179	0	0	0	43	0	0	43	0	0	41	27	0	0	129	72	0	0	0	0	0	0	20	0	0	0	0	0	0	0	27	0	0	0	84	0	0	0	0	0	0	0	0	0	0	0	0	0	0	20	0	0	0	0	0	0	0	0	0	0	0	0	0	0	0	43	0	0	43	0	0	41	27	0	0	129	67	0	0	0	0	0	0	20	0	0	0	0	0	0	0	27	0	0	0	72	0	0	0	0	0	0	0	0	0	0	0	0	0	0	20	0	0	0	0	0	0	0	0	0	0	0	0	0	0	0	0	0	0	0	0	0	0	0	0	0	0	0	0	0	0	0	0	0	0	0	0	0	0	0	0	0	0	0	0	0	0	0
12	4	8	16	8	0	0	0	8	0	0	8	0	0	16	0	0	0	32	0	0	0	0	8	0	0	8	0	0	16	0	0	0	32	0	0	0	0	0	0	0	0	0	0	0	0	0	0	0	0	0	0	0	0	0	0	0	8	0	0	8	0	0	16	0	0	0	32	0	0	0	0	0	0	0	0	0	0	0	0	0	0	0	0	0	0	0	0	0	0	0	0	0	0	0	0	0	0	0	0	0	0	0	0	0	0	0	0	0	0	0	0	0	0	0	0	0	0	8	0	0	8	0	0	16	0	0	0	32	0	0	0	0	0	0	0	0	0	0	0	0	0	0	0	0	0	0	0	0	0	0	0	0	0	0	0	0	0	0	0	0	0	0	0	0	0	0	0	0	0	0	0	0	0	0	0	0	0	0	0	0	0	0	0	0	0	0	0	0	0	0	0	0	0	0	0	0	0	0	0	0	0	0	0	0	0	0	0	0	0	0
16	8	15	0	34	0	0	0	0	0	0	34	0	0	44	0	0	0	0	179	0	0	0	0	0	0	0	0	0	0	0	0	0	0	84	0	0	0	0	0	0	0	0	0	0	0	0	0	0	0	0	0	0	179	0	0	0	0	0	0	0	0	0	0	0	0	0	0	72	0	0	0	0	0	0	0	0	0	0	0	0	0	0	0	0	0	0	84	0	0	0	0	0	0	0	0	0	0	0	0	0	0	0	0	0	0	0	0	0	0	0	0	0	0	0	0	0	0	0	0	0	0	0	0	0	0	0	0	0	67	0	0	0	0	0	0	0	0	0	0	0	0	0	0	0	0	0	0	72	0	0	0	0	0	0	0	0	0	0	0	0	0	0	0	0	0	0	0	0	0	0	0	0	0	0	0	0	0	0	0	0	0	0	0	0	0	0	0	0	0	0	0	0	0	0	0	0	0	0	0	0	0	0	0	0	0	0	0	0	0	0
13	5	10	15	8	0	0	0	0	0	0	8	0	0	24	0	0	0	24	36	0	0	0	0	0	0	0	0	0	0	0	0	0	0	10	0	0	0	0	0	0	0	0	0	0	0	0	0	0	0	0	0	0	36	0	0	0	0	0	0	0	0	0	0	0	0	0	0	10	0	0	0	0	0	0	0	0	0	0	0	0	0	0	0	0	0	0	10	0	0	0	0	0	0	0	0	0	0	0	0	0	0	0	0	0	0	0	0	0	0	0	0	0	0	0	0	0	0	0	0	0	0	0	0	0	0	0	0	0	10	0	0	0	0	0	0	0	0	0	0	0	0	0	0	0	0	0	0	10	0	0	0	0	0	0	0	0	0	0	0	0	0	0	0	0	0	0	0	0	0	0	0	0	0	0	0	0	0	0	0	0	0	0	0	0	0	0	0	0	0	0	0	0	0	0	0	0	0	0	0	0	0	0	0	0	0	0	0	0	0	0
17	0	0	0	162	0	0	0	126	0	0	0	0	0	0	142	0	0	0	98	0	0	0	92	0	0	0	0	0	0	62	0	0	0	53	0	0	0	0	0	0	91	0	0	0	152	0	0	0	0	0	0	0	0	0	0	0	76	0	0	0	0	0	0	58	0	0	0	51	0	0	0	0	0	0	27	0	0	0	84	0	0	0	0	0	0	0	0	0	0	0	0	0	0	20	0	0	0	103	0	0	0	0	0	0	0	0	0	0	0	0	0	0	0	0	0	0	0	76	0	0	0	0	0	0	58	0	0	0	51	0	0	0	0	0	0	27	0	0	0	72	0	0	0	0	0	0	0	0	0	0	0	0	0	0	20	0	0	0	85	0	0	0	0	0	0	0	0	0	0	0	0	0	0	0	0	0	0	0	0	0	0	0	0	0	0	0	0	0	0	0	0	0	0	0	0	0	0	0	0	0	0	0	0	0	0	0	0	0	0	0
9	0	0	0	60	0	0	0	54	0	0	0	0	0	0	16	0	0	0	8	0	0	0	54	0	0	0	0	0	0	16	0	0	0	8	0	0	0	0	0	0	0	0	0	0	0	0	0	0	0	0	0	0	0	0	0	0	51	0	0	0	0	0	0	16	0	0	0	8	0	0	0	0	0	0	0	0	0	0	0	0	0	0	0	0	0	0	0	0	0	0	0	0	0	21	0	0	0	0	0	0	0	0	0	0	0	0	0	0	0	0	0	0	0	0	0	0	0	50	0	0	0	0	0	0	16	0	0	0	8	0	0	0	0	0	0	0	0	0	0	0	0	0	0	0	0	0	0	0	0	0	0	0	0	0	18	0	0	0	0	0	0	0	0	0	0	0	0	0	0	0	0	0	0	0	0	0	0	0	0	0	0	6	0	0	0	0	0	0	0	0	0	0	0	0	0	0	0	0	0	0	0	0	0	0	0	0	0	0	0	0
9	0	0	0	52	0	0	0	23	0	0	0	0	0	0	50	0	0	0	98	0	0	0	4	0	0	0	0	0	0	0	0	0	0	53	0	0	0	0	0	0	20	0	0	0	50	0	0	0	0	0	0	0	0	0	0	0	0	0	0	0	0	0	0	0	0	0	0	51	0	0	0	0	0	0	0	0	0	0	10	0	0	0	0	0	0	0	0	0	0	0	0	0	0	0	0	0	0	17	0	0	0	0	0	0	0	0	0	0	0	0	0	0	0	0	0	0	0	0	0	0	0	0	0	0	0	0	0	0	51	0	0	0	0	0	0	0	0	0	0	10	0	0	0	0	0	0	0	0	0	0	0	0	0	0	0	0	0	0	16	0	0	0	0	0	0	0	0	0	0	0	0	0	0	0	0	0	0	0	0	0	0	0	0	0	0	0	0	0	0	0	0	0	0	0	0	0	0	0	0	0	0	0	0	0	0	0	0	0	0	0
8	0	0	0	43	0	0	0	17	0	0	0	0	0	0	32	0	0	0	98	0	0	0	4	0	0	0	0	0	0	0	0	0	0	53	0	0	0	0	0	0	20	0	0	0	36	0	0	0	0	0	0	0	0	0	0	0	0	0	0	0	0	0	0	0	0	0	0	51	0	0	0	0	0	0	0	0	0	0	10	0	0	0	0	0	0	0	0	0	0	0	0	0	0	0	0	0	0	17	0	0	0	0	0	0	0	0	0	0	0	0	0	0	0	0	0	0	0	0	0	0	0	0	0	0	0	0	0	0	51	0	0	0	0	0	0	0	0	0	0	10	0	0	0	0	0	0	0	0	0	0	0	0	0	0	0	0	0	0	16	0	0	0	0	0	0	0	0	0	0	0	0	0	0	0	0	0	0	0	0	0	0	0	0	0	0	0	0	0	0	0	0	0	0	0	0	0	0	0	0	0	0	0	0	0	0	0	0	0	0	0
