220	209	51	42	0	198	21	30	0	51	42	0	29	40	0	0	122	95	0	0	187	18	30	0	21	30	0	16	40	0	0	58	75	0	0	51	42	0	11	0	0	0	20	15	0	0	29	40	0	0	122	95	0	0	176	16	30	0	18	30	0	14	40	0	0	51	75	0	0	21	30	0	5	0	0	0	3	15	0	0	16	40	0	0	58	75	0	0	51	42	0	24	0	0	0	35	9	0	0	11	0	0	0	20	15	0	0	29	40	0	0	122	95	0	0	165	12	26	0	16	30	0	14	40	0	0	46	75	0	0	18	30	0	5	0	0	0	3	15	0	0	14	40	0	0	51	75	0	0	21	30	0	6	0	0	0	15	5	0	0	5	0	0	0	3	15	0	0	16	40	0	0	58	75	0	0	51	42	0	19	16	0	0	14	0	0	0	24	0	0	0	35	9	0	0	11	0	0	0	20	15	0	0	29	40	0	0	122	95	0	0
188	179	46	28	0	170	23	18	0	46	28	0	26	12	0	0	126	58	0	0	161	21	18	0	23	18	0	21	12	0	0	68	42	0	0	46	28	0	8	0	0	0	23	10	0	0	26	12	0	0	126	58	0	0	152	19	18	0	21	18	0	20	12	0	0	61	42	0	0	23	18	0	5	0	0	0	5	6	0	0	21	12	0	0	68	42	0	0	46	28	0	24	0	0	0	34	8	0	0	8	0	0	0	23	10	0	0	26	12	0	0	126	58	0	0	143	15	16	0	19	18	0	20	12	0	0	54	42	0	0	21	18	0	5	0	0	0	5	6	0	0	20	12	0	0	61	42	0	0	23	18	0	6	0	0	0	15	0	0	0	5	0	0	0	5	6	0	0	21	12	0	0	68	42	0	0	46	28	0	21	8	0	0	10	0	0	0	24	0	0	0	34	8	0	0	8	0	0	0	23	10	0	0	26	12	0	0	126	58	0	0
158	151	48	12	0	144	30	0	0	48	12	0	43	0	0	0	135	24	0	0	137	26	0	0	30	0	0	32	0	0	0	87	0	0	0	48	12	0	17	0	0	0	23	16	0	0	43	0	0	0	135	24	0	0	130	21	0	0	26	0	0	22	0	0	0	72	0	0	0	30	0	0	5	0	0	0	6	0	0	0	32	0	0	0	87	0	0	0	48	12	0	24	0	0	0	33	20	0	0	17	0	0	0	23	16	0	0	43	0	0	0	135	24	0	0	123	17	0	0	21	0	0	22	0	0	0	57	0	0	0	26	0	0	5	0	0	0	6	0	0	0	22	0	0	0	72	0	0	0	30	0	0	6	0	0	0	17	0	0	0	5	0	0	0	6	0	0	0	32	0	0	0	87	0	0	0	48	12	0	23	0	0	0	11	0	0	0	24	0	0	0	33	20	0	0	17	0	0	0	23	16	0	0	43	0	0	0	135	24	0	0
272	259	69	62	0	246	35	40	0	69	62	0	53	48	0	0	186	156	0	0	233	29	40	0	35	40	0	35	48	0	0	107	104	0	0	69	62	0	37	0	0	0	29	30	0	0	53	48	0	0	186	156	0	0	220	19	32	0	29	40	0	24	48	0	0	85	104	0	0	35	40	0	5	0	0	0	5	8	0	0	35	48	0	0	107	104	0	0	69	62	0	25	32	0	0	35	56	0	0	37	0	0	0	29	30	0	0	53	48	0	0	186	156	0	0	207	15	12	0	19	32	0	16	24	0	0	55	76	0	0	29	40	0	5	0	0	0	5	8	0	0	24	48	0	0	85	104	0	0	35	40	0	7	0	0	0	18	32	0	0	5	0	0	0	5	8	0	0	35	48	0	0	107	104	0	0	69	62	0	12	48	0	0	15	16	0	0	25	32	0	0	35	56	0	0	37	0	0	0	29	30	0	0	53	48	0	0	186	156	0	0
323	307	91	100	0	291	44	74	0	91	100	0	66	65	0	0	235	308	0	0	275	37	69	0	44	74	0	43	60	0	0	119	230	0	0	91	100	0	39	51	0	0	35	35	0	0	66	65	0	0	235	308	0	0	259	26	53	0	37	69	0	31	54	0	0	96	214	0	0	44	74	0	2	45	0	0	8	9	0	0	43	60	0	0	119	230	0	0	91	100	0	17	94	0	0	49	64	0	0	39	51	0	0	35	35	0	0	66	65	0	0	235	308	0	0	243	22	40	0	26	53	0	23	44	0	0	62	163	0	0	37	69	0	2	45	0	0	8	9	0	0	31	54	0	0	96	214	0	0	44	74	0	1	54	0	0	25	36	0	0	2	45	0	0	8	9	0	0	43	60	0	0	119	230	0	0	91	100	0	19	20	0	0	30	18	0	0	17	94	0	0	49	64	0	0	39	51	0	0	35	35	0	0	66	65	0	0	235	308	0	0
238	227	63	19	20	216	41	10	0	63	19	20	66	0	0	0	182	76	20	0	205	34	9	0	41	10	0	42	0	0	0	122	40	0	0	63	19	20	41	9	0	0	17	9	0	0	66	0	0	0	182	76	20	0	194	20	0	0	34	9	0	30	0	0	0	98	36	0	0	41	10	0	5	0	0	0	6	0	0	0	42	0	0	0	122	40	0	0	63	19	20	15	0	16	0	23	40	20	0	41	9	0	0	17	9	0	0	66	0	0	0	182	76	20	0	183	9	0	0	20	0	0	14	0	0	0	54	0	0	0	34	9	0	5	0	0	0	6	0	0	0	30	0	0	0	98	36	0	0	41	10	0	7	0	0	0	22	40	0	0	5	0	0	0	6	0	0	0	42	0	0	0	122	40	0	0	63	19	20	1	0	36	0	17	20	0	0	15	0	16	0	23	40	20	0	41	9	0	0	17	9	0	0	66	0	0	0	182	76	20	0
257	245	65	37	16	233	37	18	0	65	37	16	56	26	0	0	188	139	32	0	221	30	8	0	37	18	0	31	8	0	0	110	70	0	0	65	37	16	25	16	0	0	13	16	16	0	56	26	0	0	188	139	32	0	209	20	0	0	30	8	0	20	0	0	0	87	24	0	0	37	18	0	6	0	0	0	3	0	0	0	31	8	0	0	110	70	0	0	65	37	16	8	0	16	0	35	0	16	0	25	16	0	0	13	16	16	0	56	26	0	0	188	139	32	0	197	15	0	0	20	0	0	12	0	0	0	53	0	0	0	30	8	0	6	0	0	0	3	0	0	0	20	0	0	0	87	24	0	0	37	18	0	8	0	0	0	30	0	0	0	6	0	0	0	3	0	0	0	31	8	0	0	110	70	0	0	65	37	16	17	0	20	0	24	0	0	0	8	0	16	0	35	0	16	0	25	16	0	0	13	16	16	0	56	26	0	0	188	139	32	0
334	318	79	90	12	302	41	51	0	79	90	12	53	153	0	0	225	260	36	0	286	36	21	0	41	51	0	35	63	0	0	124	150	0	0	79	90	12	34	63	0	0	18	14	36	0	53	153	0	0	225	260	36	0	270	24	0	0	36	21	0	32	0	0	0	106	56	0	0	41	51	0	6	0	0	0	5	0	0	0	35	63	0	0	124	150	0	0	79	90	12	19	0	16	0	39	52	36	0	34	63	0	0	18	14	36	0	53	153	0	0	225	260	36	0	254	15	0	0	24	0	0	16	0	0	0	66	0	0	0	36	21	0	6	0	0	0	5	0	0	0	32	0	0	0	106	56	0	0	41	51	0	8	0	0	0	29	40	0	0	6	0	0	0	5	0	0	0	35	63	0	0	124	150	0	0	79	90	12	19	0	16	0	31	65	0	0	19	0	16	0	39	52	36	0	34	63	0	0	18	14	36	0	53	153	0	0	225	260	36	0
271	258	75	57	8	245	41	28	0	75	57	8	61	34	0	0	210	208	32	0	232	34	18	0	41	28	0	38	6	0	0	114	130	0	0	75	57	8	39	24	0	0	14	12	8	0	61	34	0	0	210	208	32	0	219	20	11	0	34	18	0	27	0	0	0	91	84	0	0	41	28	0	6	0	0	0	2	0	0	0	38	6	0	0	114	130	0	0	75	57	8	15	11	16	0	36	44	8	0	39	24	0	0	14	12	8	0	61	34	0	0	210	208	32	0	206	14	10	0	20	11	0	11	0	0	0	47	55	0	0	34	18	0	6	0	0	0	2	0	0	0	27	0	0	0	91	84	0	0	41	28	0	7	10	0	0	27	40	0	0	6	0	0	0	2	0	0	0	38	6	0	0	114	130	0	0	75	57	8	16	10	16	0	28	22	0	0	15	11	16	0	36	44	8	0	39	24	0	0	14	12	8	0	61	34	0	0	210	208	32	0
254	242	61	46	4	230	33	15	0	61	46	4	53	35	0	0	176	119	20	0	218	26	5	0	33	15	0	31	5	0	0	104	45	0	0	61	46	4	38	25	0	0	11	10	4	0	53	35	0	0	176	119	20	0	206	14	0	0	26	5	0	20	0	0	0	77	20	0	0	33	15	0	6	0	0	0	1	0	0	0	31	5	0	0	104	45	0	0	61	46	4	16	0	8	0	23	44	4	0	38	25	0	0	11	10	4	0	53	35	0	0	176	119	20	0	194	11	0	0	14	0	0	10	0	0	0	40	0	0	0	26	5	0	6	0	0	0	1	0	0	0	20	0	0	0	77	20	0	0	33	15	0	8	0	0	0	22	40	0	0	6	0	0	0	1	0	0	0	31	5	0	0	104	45	0	0	61	46	4	7	0	4	0	20	22	0	0	16	0	8	0	23	44	4	0	38	25	0	0	11	10	4	0	53	35	0	0	176	119	20	0
288	274	51	49	35	260	21	9	0	51	49	35	25	36	40	0	141	147	140	60	246	13	0	0	21	9	0	10	0	0	0	62	27	0	0	51	49	35	1	0	49	0	5	0	35	0	25	36	40	0	141	147	140	60	232	13	0	0	13	0	0	10	0	0	0	35	0	0	0	21	9	0	1	0	0	0	2	0	0	0	10	0	0	0	62	27	0	0	51	49	35	2	0	0	0	32	0	0	0	1	0	49	0	5	0	35	0	25	36	40	0	141	147	140	60	218	13	0	0	13	0	0	10	0	0	0	35	0	0	0	13	0	0	1	0	0	0	2	0	0	0	10	0	0	0	35	0	0	0	21	9	0	2	0	0	0	23	0	0	0	1	0	0	0	2	0	0	0	10	0	0	0	62	27	0	0	51	49	35	21	0	0	0	31	0	0	0	2	0	0	0	32	0	0	0	1	0	49	0	5	0	35	0	25	36	40	0	141	147	140	60
329	311	68	119	26	293	26	86	0	68	119	26	29	99	40	0	167	285	78	40	275	19	77	0	26	86	0	13	72	0	0	66	200	0	0	68	119	26	17	12	40	0	16	0	26	0	29	99	40	0	167	285	78	40	257	14	76	0	19	77	0	13	72	0	0	44	168	0	0	26	86	0	0	12	0	0	4	0	0	0	13	72	0	0	66	200	0	0	68	119	26	9	11	0	0	24	57	0	0	17	12	40	0	16	0	26	0	29	99	40	0	167	285	78	40	239	12	70	0	14	76	0	5	69	0	0	31	163	0	0	19	77	0	0	12	0	0	4	0	0	0	13	72	0	0	44	168	0	0	26	86	0	1	8	0	0	15	44	0	0	0	12	0	0	4	0	0	0	13	72	0	0	66	200	0	0	68	119	26	15	57	0	0	28	22	0	0	9	11	0	0	24	57	0	0	17	12	40	0	16	0	26	0	29	99	40	0	167	285	78	40
167	159	32	7	18	151	14	0	0	32	7	18	24	0	32	0	90	7	18	24	143	7	0	0	14	0	0	6	0	0	0	42	0	0	0	32	7	18	1	0	32	0	0	0	0	0	24	0	32	0	90	7	18	24	135	7	0	0	7	0	0	6	0	0	0	19	0	0	0	14	0	0	1	0	0	0	0	0	0	0	6	0	0	0	42	0	0	0	32	7	18	2	0	0	0	17	0	0	0	1	0	32	0	0	0	0	0	24	0	32	0	90	7	18	24	127	7	0	0	7	0	0	6	0	0	0	19	0	0	0	7	0	0	1	0	0	0	0	0	0	0	6	0	0	0	19	0	0	0	14	0	0	2	0	0	0	17	0	0	0	1	0	0	0	0	0	0	0	6	0	0	0	42	0	0	0	32	7	18	7	0	0	0	14	0	0	0	2	0	0	0	17	0	0	0	1	0	32	0	0	0	0	0	24	0	32	0	90	7	18	24
146	139	26	6	11	132	11	0	0	26	6	11	15	0	11	0	72	6	11	12	125	7	0	0	11	0	0	6	0	0	0	34	0	0	0	26	6	11	1	0	11	0	0	0	0	0	15	0	11	0	72	6	11	12	118	7	0	0	7	0	0	6	0	0	0	19	0	0	0	11	0	0	1	0	0	0	0	0	0	0	6	0	0	0	34	0	0	0	26	6	11	2	0	0	0	13	0	0	0	1	0	11	0	0	0	0	0	15	0	11	0	72	6	11	12	111	7	0	0	7	0	0	6	0	0	0	19	0	0	0	7	0	0	1	0	0	0	0	0	0	0	6	0	0	0	19	0	0	0	11	0	0	2	0	0	0	13	0	0	0	1	0	0	0	0	0	0	0	6	0	0	0	34	0	0	0	26	6	11	7	0	0	0	9	0	0	0	2	0	0	0	13	0	0	0	1	0	11	0	0	0	0	0	15	0	11	0	72	6	11	12
185	176	34	20	5	167	14	0	0	34	20	5	18	0	5	0	78	50	20	4	158	11	0	0	14	0	0	10	0	0	0	35	0	0	0	34	20	5	1	0	5	0	2	0	0	0	18	0	5	0	78	50	20	4	149	11	0	0	11	0	0	10	0	0	0	24	0	0	0	14	0	0	1	0	0	0	2	0	0	0	10	0	0	0	35	0	0	0	34	20	5	1	0	0	0	14	0	0	0	1	0	5	0	2	0	0	0	18	0	5	0	78	50	20	4	140	11	0	0	11	0	0	10	0	0	0	24	0	0	0	11	0	0	1	0	0	0	2	0	0	0	10	0	0	0	24	0	0	0	14	0	0	1	0	0	0	10	0	0	0	1	0	0	0	2	0	0	0	10	0	0	0	35	0	0	0	34	20	5	10	0	0	0	18	0	0	0	1	0	0	0	14	0	0	0	1	0	5	0	2	0	0	0	18	0	5	0	78	50	20	4
305	289	65	73	47	273	27	28	21	65	73	47	26	0	67	61	159	219	235	61	257	27	28	0	27	28	21	26	0	35	0	71	84	105	0	65	73	47	18	0	0	0	23	0	0	36	26	0	67	61	159	219	235	61	241	22	28	0	27	28	0	26	0	0	0	71	84	0	0	27	28	21	1	0	0	0	8	0	0	0	26	0	35	0	71	84	105	0	65	73	47	23	0	0	0	26	50	0	0	18	0	0	0	23	0	0	36	26	0	67	61	159	219	235	61	225	13	18	0	22	28	0	18	0	0	0	58	84	0	0	27	28	0	1	0	0	0	8	0	0	0	26	0	0	0	71	84	0	0	27	28	21	0	0	0	0	7	14	0	0	1	0	0	0	8	0	0	0	26	0	35	0	71	84	105	0	65	73	47	14	90	18	0	27	63	0	0	23	0	0	0	26	50	0	0	18	0	0	0	23	0	0	36	26	0	67	61	159	219	235	61
239	227	39	11	55	215	18	0	12	39	11	55	16	0	57	46	98	11	55	95	203	18	0	0	18	0	12	16	0	26	0	44	0	12	0	39	11	55	1	0	0	0	5	0	0	16	16	0	57	46	98	11	55	95	191	18	0	0	18	0	0	16	0	0	0	44	0	0	0	18	0	12	1	0	0	0	5	0	0	0	16	0	26	0	44	0	12	0	39	11	55	4	0	0	0	25	0	0	0	1	0	0	0	5	0	0	16	16	0	57	46	98	11	55	95	179	14	0	0	18	0	0	16	0	0	0	44	0	0	0	18	0	0	1	0	0	0	5	0	0	0	16	0	0	0	44	0	0	0	18	0	12	0	0	0	0	5	0	0	0	1	0	0	0	5	0	0	0	16	0	26	0	44	0	12	0	39	11	55	19	0	8	0	27	33	0	0	4	0	0	0	25	0	0	0	1	0	0	0	5	0	0	16	16	0	57	46	98	11	55	95
216	205	43	28	24	194	18	0	7	43	28	24	18	0	39	21	108	70	96	40	183	18	0	0	18	0	7	18	0	21	0	47	0	28	0	43	28	24	16	0	0	0	12	0	0	12	18	0	39	21	108	70	96	40	172	14	0	0	18	0	0	18	0	0	0	47	0	0	0	18	0	7	0	0	0	0	5	0	0	0	18	0	21	0	47	0	28	0	43	28	24	11	0	0	0	15	28	0	0	16	0	0	0	12	0	0	12	18	0	39	21	108	70	96	40	161	9	0	0	14	0	0	10	0	0	0	36	0	0	0	18	0	0	0	0	0	0	5	0	0	0	18	0	0	0	47	0	0	0	18	0	7	0	0	0	0	5	0	0	0	0	0	0	0	5	0	0	0	18	0	21	0	47	0	28	0	43	28	24	16	0	0	0	25	35	0	0	11	0	0	0	15	28	0	0	16	0	0	0	12	0	0	12	18	0	39	21	108	70	96	40
236	223	45	54	22	210	17	36	0	45	54	22	24	36	17	0	94	111	44	66	197	15	36	0	17	36	0	14	36	0	0	38	90	0	0	45	54	22	6	0	0	0	10	18	0	0	24	36	17	0	94	111	44	66	184	14	36	0	15	36	0	12	36	0	0	36	90	0	0	17	36	0	1	0	0	0	3	18	0	0	14	36	0	0	38	90	0	0	45	54	22	4	0	0	0	16	9	0	0	6	0	0	0	10	18	0	0	24	36	17	0	94	111	44	66	171	10	32	0	14	36	0	12	36	0	0	34	90	0	0	15	36	0	1	0	0	0	3	18	0	0	12	36	0	0	36	90	0	0	17	36	0	0	0	0	0	4	9	0	0	1	0	0	0	3	18	0	0	14	36	0	0	38	90	0	0	45	54	22	15	28	8	0	20	21	0	0	4	0	0	0	16	9	0	0	6	0	0	0	10	18	0	0	24	36	17	0	94	111	44	66
171	162	29	23	5	153	11	8	0	29	23	5	10	0	0	0	73	30	15	5	144	11	8	0	11	8	0	10	0	0	0	30	0	0	0	29	23	5	0	0	0	0	9	0	0	0	10	0	0	0	73	30	15	5	135	11	8	0	11	8	0	10	0	0	0	30	0	0	0	11	8	0	0	0	0	0	5	0	0	0	10	0	0	0	30	0	0	0	29	23	5	3	0	0	0	13	0	0	0	0	0	0	0	9	0	0	0	10	0	0	0	73	30	15	5	126	8	8	0	11	8	0	10	0	0	0	30	0	0	0	11	8	0	0	0	0	0	5	0	0	0	10	0	0	0	30	0	0	0	11	8	0	0	0	0	0	4	0	0	0	0	0	0	0	5	0	0	0	10	0	0	0	30	0	0	0	29	23	5	16	0	0	0	18	15	0	0	3	0	0	0	13	0	0	0	0	0	0	0	9	0	0	0	10	0	0	0	73	30	15	5
282	267	50	36	75	252	25	0	46	50	36	75	35	0	33	76	119	108	225	76	237	21	0	32	25	0	46	21	0	33	29	66	0	138	28	50	36	75	24	0	9	37	15	36	0	35	35	0	33	76	119	108	225	76	222	13	0	8	21	0	32	16	0	33	0	55	0	96	0	25	0	46	0	0	9	0	6	0	0	0	21	0	33	29	66	0	138	28	50	36	75	21	0	27	36	9	12	0	28	24	0	9	37	15	36	0	35	35	0	33	76	119	108	225	76	207	4	0	0	13	0	8	8	0	16	0	35	0	24	0	21	0	32	0	0	9	0	6	0	0	0	16	0	33	0	55	0	96	0	25	0	46	0	0	27	0	7	0	0	0	0	0	9	0	6	0	0	0	21	0	33	29	66	0	138	28	50	36	75	7	0	18	0	8	0	0	0	21	0	27	36	9	12	0	28	24	0	9	37	15	36	0	35	35	0	33	76	119	108	225	76
413	390	83	162	89	367	40	102	65	83	162	89	48	136	33	74	184	456	356	71	344	36	86	44	40	102	65	34	136	33	32	98	289	260	28	83	162	89	12	208	9	79	25	39	0	26	48	136	33	74	184	456	356	71	321	29	26	8	36	86	44	29	104	33	0	87	245	176	0	40	102	65	3	0	9	0	9	0	0	0	34	136	33	32	98	289	260	28	83	162	89	25	104	49	36	24	34	356	44	12	208	9	79	25	39	0	26	48	136	33	74	184	456	356	71	298	15	0	0	29	26	8	26	0	16	0	66	78	32	0	36	86	44	3	0	9	0	9	0	0	0	29	104	33	0	87	245	176	0	40	102	65	0	0	45	0	11	17	260	0	3	0	9	0	9	0	0	0	34	136	33	32	98	289	260	28	83	162	89	13	0	51	0	15	68	178	0	25	104	49	36	24	34	356	44	12	208	9	79	25	39	0	26	48	136	33	74	184	456	356	71
281	265	50	71	52	249	21	55	10	50	71	52	29	66	0	30	107	173	52	153	233	18	55	7	21	55	10	16	66	0	21	50	154	10	40	50	71	52	22	0	0	21	23	36	0	0	29	66	0	30	107	173	52	153	217	12	52	0	18	55	7	14	66	0	0	46	154	7	0	21	55	10	0	0	0	0	5	33	0	0	16	66	0	21	50	154	10	40	50	71	52	18	30	0	0	8	22	0	12	22	0	0	21	23	36	0	0	29	66	0	30	107	173	52	153	201	4	20	0	12	52	0	6	60	0	0	31	143	0	0	18	55	7	0	0	0	0	5	33	0	0	14	66	0	0	46	154	7	0	21	55	10	0	0	0	0	5	22	0	0	0	0	0	0	5	33	0	0	16	66	0	21	50	154	10	40	50	71	52	5	20	32	0	4	0	156	0	18	30	0	0	8	22	0	12	22	0	0	21	23	36	0	0	29	66	0	30	107	173	52	153
188	178	39	16	28	168	22	0	0	39	16	28	23	0	0	0	97	32	56	98	158	21	0	0	22	0	0	20	0	0	0	58	0	0	28	39	16	28	16	0	0	0	17	8	0	0	23	0	0	0	97	32	56	98	148	17	0	0	21	0	0	20	0	0	0	56	0	0	0	22	0	0	0	0	0	0	8	0	0	0	20	0	0	0	58	0	0	28	39	16	28	21	0	0	0	10	0	0	0	16	0	0	0	17	8	0	0	23	0	0	0	97	32	56	98	138	6	0	0	17	0	0	12	0	0	0	45	0	0	0	21	0	0	0	0	0	0	8	0	0	0	20	0	0	0	56	0	0	0	22	0	0	0	0	0	0	7	0	0	0	0	0	0	0	8	0	0	0	20	0	0	0	58	0	0	28	39	16	28	7	0	32	0	4	0	0	0	21	0	0	0	10	0	0	0	16	0	0	0	17	8	0	0	23	0	0	0	97	32	56	98
229	216	54	57	9	203	22	30	0	54	57	9	44	20	0	0	109	161	45	47	190	16	30	0	22	30	0	18	20	0	0	53	90	0	21	54	57	9	27	0	0	0	15	47	0	0	44	20	0	0	109	161	45	47	177	9	20	0	16	30	0	14	20	0	0	42	90	0	0	22	30	0	0	0	0	0	3	30	0	0	18	20	0	0	53	90	0	21	54	57	9	11	50	0	0	7	25	0	0	27	0	0	0	15	47	0	0	44	20	0	0	109	161	45	47	164	2	5	0	9	20	0	6	10	0	0	26	60	0	0	16	30	0	0	0	0	0	3	30	0	0	14	20	0	0	42	90	0	0	22	30	0	0	0	0	0	5	20	0	0	0	0	0	0	3	30	0	0	18	20	0	0	53	90	0	21	54	57	9	2	25	18	0	8	0	18	0	11	50	0	0	7	25	0	0	27	0	0	0	15	47	0	0	44	20	0	0	109	161	45	47
215	203	32	11	63	191	18	0	13	32	11	63	31	0	10	16	69	0	63	253	179	11	0	13	18	0	13	18	0	10	16	48	0	13	121	32	11	63	5	0	52	0	6	0	0	0	31	0	10	16	69	0	63	253	167	3	0	13	11	0	13	8	0	10	16	30	0	13	83	18	0	13	0	0	0	0	6	0	0	0	18	0	10	16	48	0	13	121	32	11	63	0	0	66	0	6	0	0	0	5	0	52	0	6	0	0	0	31	0	10	16	69	0	63	253	155	0	0	8	3	0	13	0	0	10	8	6	0	13	16	11	0	13	0	0	0	0	6	0	0	0	8	0	10	16	30	0	13	83	18	0	13	0	0	0	0	6	0	0	0	0	0	0	0	6	0	0	0	18	0	10	16	48	0	13	121	32	11	63	0	0	25	20	8	0	0	0	0	0	66	0	6	0	0	0	5	0	52	0	6	0	0	0	31	0	10	16	69	0	63	253
283	267	40	51	70	251	18	12	28	40	51	70	25	36	33	34	89	90	210	201	235	9	0	28	18	12	28	12	0	31	34	49	24	84	111	40	51	70	5	0	85	0	3	0	70	0	25	36	33	34	89	90	210	201	219	4	0	28	9	0	28	2	0	31	34	25	0	84	76	18	12	28	0	0	27	0	3	0	28	0	12	0	31	34	49	24	84	111	40	51	70	0	0	36	0	9	0	0	0	5	0	85	0	3	0	70	0	25	36	33	34	89	90	210	201	203	3	0	16	4	0	28	0	0	31	16	12	0	84	16	9	0	28	0	0	27	0	3	0	28	0	2	0	31	34	25	0	84	76	18	12	28	0	0	0	0	6	0	0	0	0	0	27	0	3	0	28	0	12	0	31	34	49	24	84	111	40	51	70	1	0	5	48	18	0	0	0	0	0	36	0	9	0	0	0	5	0	85	0	3	0	70	0	25	36	33	34	89	90	210	201
276	260	49	81	35	244	23	29	5	49	81	35	22	106	10	0	114	160	175	173	228	18	8	5	23	29	5	19	16	10	0	64	53	25	111	49	81	35	2	40	52	0	7	0	70	0	22	106	10	0	114	160	175	173	212	13	0	5	18	8	5	11	0	10	0	51	8	25	76	23	29	5	1	0	0	0	5	0	10	0	19	16	10	0	64	53	25	111	49	81	35	13	0	36	0	16	15	35	0	2	40	52	0	7	0	70	0	22	106	10	0	114	160	175	173	196	8	0	4	13	0	5	9	0	10	0	37	0	25	16	18	8	5	1	0	0	0	5	0	10	0	11	0	10	0	51	8	25	76	23	29	5	1	0	0	0	10	13	5	0	1	0	0	0	5	0	10	0	19	16	10	0	64	53	25	111	49	81	35	7	0	5	4	21	52	0	0	13	0	36	0	16	15	35	0	2	40	52	0	7	0	70	0	22	106	10	0	114	160	175	173
160	151	22	14	20	142	8	0	13	22	14	20	17	0	10	16	45	7	40	9	133	5	0	13	8	0	13	4	0	10	16	22	0	26	0	22	14	20	5	0	0	0	3	0	0	0	17	0	10	16	45	7	40	9	124	2	0	13	5	0	13	2	0	10	16	15	0	26	0	8	0	13	0	0	0	0	3	0	0	0	4	0	10	16	22	0	26	0	22	14	20	0	0	10	0	3	0	0	0	5	0	0	0	3	0	0	0	17	0	10	16	45	7	40	9	115	1	0	8	2	0	13	0	0	10	8	8	0	26	0	5	0	13	0	0	0	0	3	0	0	0	2	0	10	16	15	0	26	0	8	0	13	0	0	0	0	3	0	0	0	0	0	0	0	3	0	0	0	4	0	10	16	22	0	26	0	22	14	20	1	0	5	20	8	0	0	0	0	0	10	0	3	0	0	0	5	0	0	0	3	0	0	0	17	0	10	16	45	7	40	9
142	134	26	12	18	126	14	0	0	26	12	18	25	0	0	0	58	6	36	98	118	7	0	0	14	0	0	12	0	0	0	39	0	0	65	26	12	18	5	0	52	0	3	0	0	0	25	0	0	0	58	6	36	98	110	2	0	0	7	0	0	2	0	0	0	21	0	0	44	14	0	0	0	0	0	0	3	0	0	0	12	0	0	0	39	0	0	65	26	12	18	0	0	36	0	4	0	0	0	5	0	52	0	3	0	0	0	25	0	0	0	58	6	36	98	102	1	0	0	2	0	0	0	0	0	0	8	0	0	8	7	0	0	0	0	0	0	3	0	0	0	2	0	0	0	21	0	0	44	14	0	0	0	0	0	0	4	0	0	0	0	0	0	0	3	0	0	0	12	0	0	0	39	0	0	65	26	12	18	1	0	5	0	12	0	0	0	0	0	36	0	4	0	0	0	5	0	52	0	3	0	0	0	25	0	0	0	58	6	36	98
170	160	11	0	60	150	3	0	11	11	0	60	2	0	28	26	30	0	0	206	140	2	0	11	3	0	11	0	0	0	26	10	0	0	59	11	0	60	0	0	8	0	0	0	0	0	2	0	28	26	30	0	0	206	130	2	0	11	2	0	11	0	0	0	26	9	0	0	59	3	0	11	0	0	0	0	0	0	0	0	0	0	0	26	10	0	0	59	11	0	60	0	0	0	0	3	0	0	0	0	0	8	0	0	0	0	0	2	0	28	26	30	0	0	206	120	2	0	11	2	0	11	0	0	0	26	9	0	0	59	2	0	11	0	0	0	0	0	0	0	0	0	0	0	26	9	0	0	59	3	0	11	0	0	0	0	3	0	0	0	0	0	0	0	0	0	0	0	0	0	0	26	10	0	0	59	11	0	60	1	0	0	0	12	0	0	0	0	0	0	0	3	0	0	0	0	0	8	0	0	0	0	0	2	0	28	26	30	0	0	206
228	214	53	49	48	200	27	13	22	53	49	48	24	0	64	37	134	142	192	105	186	26	13	20	27	13	22	22	0	33	35	67	52	88	33	53	49	48	13	0	8	18	13	0	0	0	24	0	64	37	134	142	192	105	172	24	13	20	26	13	20	22	0	27	35	66	52	80	33	27	13	22	5	0	0	18	11	0	0	0	22	0	33	35	67	52	88	33	53	49	48	21	0	0	0	24	26	0	0	13	0	8	18	13	0	0	0	24	0	64	37	134	142	192	105	158	20	13	20	24	13	20	22	0	27	35	63	52	80	33	26	13	20	5	0	0	18	11	0	0	0	22	0	27	35	66	52	80	33	27	13	22	9	0	0	0	14	26	0	0	5	0	0	18	11	0	0	0	22	0	33	35	67	52	88	33	53	49	48	25	0	0	0	30	36	0	0	21	0	0	0	24	26	0	0	13	0	8	18	13	0	0	0	24	0	64	37	134	142	192	105
147	138	23	15	33	129	8	8	0	23	15	33	10	0	28	0	59	61	33	143	120	7	8	0	8	8	0	8	0	0	0	21	40	0	46	23	15	33	0	0	8	0	1	0	0	0	10	0	28	0	59	61	33	143	111	7	8	0	7	8	0	8	0	0	0	20	40	0	46	8	8	0	0	0	0	0	0	0	0	0	8	0	0	0	21	40	0	46	23	15	33	12	0	0	0	14	0	0	0	0	0	8	0	1	0	0	0	10	0	28	0	59	61	33	143	102	3	7	0	7	8	0	8	0	0	0	20	40	0	46	7	8	0	0	0	0	0	0	0	0	0	8	0	0	0	20	40	0	46	8	8	0	0	0	0	0	6	0	0	0	0	0	0	0	0	0	0	0	8	0	0	0	21	40	0	46	23	15	33	6	7	0	0	12	28	0	0	12	0	0	0	14	0	0	0	0	0	8	0	1	0	0	0	10	0	28	0	59	61	33	143
85	80	18	0	8	75	6	0	0	18	0	8	3	0	16	0	52	0	0	35	70	5	0	0	6	0	0	1	0	0	0	19	0	0	5	18	0	8	1	0	8	0	2	0	0	0	3	0	16	0	52	0	0	35	65	5	0	0	5	0	0	1	0	0	0	18	0	0	5	6	0	0	1	0	0	0	2	0	0	0	1	0	0	0	19	0	0	5	18	0	8	1	0	0	0	5	0	0	0	1	0	8	0	2	0	0	0	3	0	16	0	52	0	0	35	60	5	0	0	5	0	0	1	0	0	0	18	0	0	5	5	0	0	1	0	0	0	2	0	0	0	1	0	0	0	18	0	0	5	6	0	0	1	0	0	0	5	0	0	0	1	0	0	0	2	0	0	0	1	0	0	0	19	0	0	5	18	0	8	1	0	0	0	17	0	0	0	1	0	0	0	5	0	0	0	1	0	8	0	2	0	0	0	3	0	16	0	52	0	0	35
160	149	60	42	8	138	30	26	0	60	42	8	34	8	16	0	134	122	40	35	127	27	25	0	30	26	0	22	8	0	0	65	72	0	5	60	42	8	12	9	8	0	14	18	0	0	34	8	16	0	134	122	40	35	116	25	24	0	27	25	0	22	8	0	0	61	72	0	5	30	26	0	4	8	0	0	10	16	0	0	22	8	0	0	65	72	0	5	60	42	8	20	8	0	0	29	16	0	0	12	9	8	0	14	18	0	0	34	8	16	0	134	122	40	35	105	20	24	0	25	24	0	22	8	0	0	58	72	0	5	27	25	0	4	8	0	0	9	16	0	0	22	8	0	0	61	72	0	5	30	26	0	8	8	0	0	15	16	0	0	4	8	0	0	10	16	0	0	22	8	0	0	65	72	0	5	58	42	8	26	0	0	0	32	22	0	0	20	8	0	0	29	16	0	0	12	9	8	0	14	18	0	0	34	8	16	0	129	122	40	35
187	173	66	61	42	159	37	47	29	66	61	42	40	58	34	12	157	129	42	56	145	34	45	24	37	47	29	27	54	34	11	97	111	29	22	66	61	42	9	18	0	63	16	30	0	0	40	58	34	12	157	129	42	56	131	32	45	9	34	45	24	26	54	26	9	91	108	24	20	37	47	29	5	18	0	9	8	28	0	0	27	54	34	11	97	111	29	22	65	61	42	31	0	0	18	30	20	0	89	9	18	0	63	16	30	0	0	40	58	34	12	155	129	42	56	117	23	45	9	32	45	9	25	54	0	9	84	108	9	20	34	45	24	4	18	0	9	7	27	0	0	26	54	26	9	91	108	24	20	36	47	29	9	0	0	18	14	10	0	65	5	18	0	9	8	28	0	0	27	54	34	11	95	111	29	22	58	61	42	34	0	0	0	20	54	0	0	31	0	0	18	30	20	0	89	9	18	0	63	16	30	0	0	38	58	34	12	137	129	42	56
198	185	50	32	70	172	31	12	49	50	32	70	25	0	47	88	121	30	140	56	159	31	12	24	31	12	49	25	0	42	11	76	0	98	22	50	32	70	10	0	0	63	17	0	0	105	25	0	47	88	121	30	140	56	146	28	12	9	31	12	24	25	0	26	9	76	0	48	20	31	12	49	5	0	0	9	11	0	0	33	25	0	42	11	76	0	98	22	50	32	70	23	0	0	18	28	30	0	89	10	0	0	63	17	0	0	105	25	0	47	88	121	30	140	56	133	22	12	9	28	12	9	23	0	0	9	69	0	18	20	31	12	24	5	0	0	9	11	0	0	33	25	0	26	9	76	0	48	20	31	12	49	9	0	0	18	15	0	0	65	5	0	0	9	11	0	0	33	25	0	42	11	76	0	98	22	49	32	70	25	0	0	0	15	22	0	0	23	0	0	18	28	30	0	89	10	0	0	63	17	0	0	105	25	0	47	88	118	30	140	56
234	218	68	74	57	202	37	28	53	68	74	57	39	14	70	12	134	144	285	8	186	34	28	48	37	28	53	26	14	70	11	80	0	265	0	68	74	57	15	0	12	63	25	18	0	0	39	14	70	12	134	144	285	8	170	30	28	31	34	28	48	24	14	62	9	78	0	240	0	37	28	53	5	0	12	9	13	0	0	0	26	14	70	11	80	0	265	0	68	74	57	23	0	0	40	25	36	0	89	15	0	12	63	25	18	0	0	39	14	70	12	134	144	285	8	154	24	28	27	30	28	31	22	14	33	9	69	0	155	0	34	28	48	5	0	12	9	13	0	0	0	24	14	62	9	78	0	240	0	37	28	53	9	0	0	36	13	0	0	65	5	0	12	9	13	0	0	0	26	14	70	11	80	0	265	0	67	74	57	25	0	0	34	15	23	0	0	23	0	0	40	25	36	0	89	15	0	12	63	25	18	0	0	39	14	70	12	131	144	285	8
259	241	74	107	49	223	37	72	25	74	107	49	21	96	47	40	166	266	147	89	205	37	72	13	37	72	25	21	96	42	0	83	192	75	22	74	107	49	20	0	0	52	29	0	0	35	21	96	47	40	166	266	147	89	187	31	60	0	37	72	13	21	96	26	0	83	192	39	20	37	72	25	6	0	0	0	18	0	0	5	21	96	42	0	83	192	75	22	74	107	49	12	108	0	0	35	75	0	89	20	0	0	52	29	0	0	35	21	96	47	40	166	266	147	89	169	28	18	0	31	60	0	18	72	0	0	70	159	0	20	37	72	13	6	0	0	0	18	0	0	5	21	96	26	0	83	192	39	20	37	72	25	9	0	0	0	14	36	0	65	6	0	0	0	18	0	0	5	21	96	42	0	83	192	75	22	74	107	49	26	54	7	0	28	25	196	0	12	108	0	0	35	75	0	89	20	0	0	52	29	0	0	35	21	96	47	40	166	266	147	89
229	211	88	127	12	193	45	96	0	88	127	12	47	86	0	0	188	321	48	56	175	40	94	0	45	96	0	26	86	0	0	104	234	0	22	88	127	12	34	26	0	0	31	66	0	0	47	86	0	0	188	321	48	56	157	31	86	0	40	94	0	23	82	0	0	93	231	0	20	45	96	0	7	20	0	0	13	58	0	0	26	86	0	0	104	234	0	22	88	127	12	24	86	0	0	24	82	0	0	34	26	0	0	31	66	0	0	47	86	0	0	188	321	48	56	139	23	68	0	31	86	0	19	70	0	0	72	219	0	20	40	94	0	6	20	0	0	12	57	0	0	23	82	0	0	93	231	0	20	45	96	0	6	80	0	0	13	64	0	0	7	20	0	0	13	58	0	0	26	86	0	0	104	234	0	22	85	127	12	17	132	0	0	30	44	0	0	24	86	0	0	24	82	0	0	34	26	0	0	31	66	0	0	47	86	0	0	180	321	48	56
251	234	60	31	126	217	37	16	77	60	31	126	40	0	45	106	105	62	126	230	200	33	15	72	37	16	77	26	0	44	96	75	32	77	156	60	31	126	13	15	0	40	25	30	0	0	40	0	45	106	105	62	126	230	183	26	0	54	33	15	72	24	0	44	64	68	30	72	109	37	16	77	4	0	0	0	13	0	0	0	26	0	44	96	75	32	77	156	60	31	126	10	0	36	87	12	0	126	35	13	15	0	40	25	30	0	0	40	0	45	106	105	62	126	230	166	20	0	20	26	0	54	14	0	37	11	50	0	54	49	33	15	72	4	0	0	0	13	0	0	0	24	0	44	64	68	30	72	109	37	16	77	8	0	0	0	11	0	77	5	4	0	0	0	13	0	0	0	26	0	44	96	75	32	77	156	60	31	126	7	0	36	56	14	0	0	150	10	0	36	87	12	0	126	35	13	15	0	40	25	30	0	0	40	0	45	106	105	62	126	230
183	169	51	57	37	155	31	33	12	51	57	37	38	0	13	12	94	60	111	118	141	25	33	12	31	33	12	20	0	12	12	65	44	36	78	51	57	37	12	0	0	0	18	38	0	0	38	0	13	12	94	60	111	118	127	17	33	12	25	33	12	18	0	12	12	54	44	36	61	31	33	12	2	0	0	0	8	22	0	0	20	0	12	12	65	44	36	78	51	57	37	10	0	36	0	10	0	0	0	12	0	0	0	18	38	0	0	38	0	13	12	94	60	111	118	113	11	33	11	17	33	12	8	0	12	11	34	44	36	31	25	33	12	2	0	0	0	8	22	0	0	18	0	12	12	54	44	36	61	31	33	12	8	0	0	0	10	0	0	0	2	0	0	0	8	22	0	0	20	0	12	12	65	44	36	78	51	57	37	7	0	36	11	6	0	0	0	10	0	36	0	10	0	0	0	12	0	0	0	18	38	0	0	38	0	13	12	94	60	111	118
235	219	49	55	83	203	27	0	63	49	55	83	29	0	53	80	78	66	415	69	187	22	0	63	27	0	63	12	0	52	80	51	0	315	53	49	55	83	12	0	0	0	20	33	0	0	29	0	53	80	78	66	415	69	171	18	0	58	22	0	63	10	0	52	64	42	0	315	48	27	0	63	2	0	0	0	10	0	0	0	12	0	52	80	51	0	315	53	49	55	83	10	0	0	62	7	0	0	0	12	0	0	0	20	33	0	0	29	0	53	80	78	66	415	69	155	14	0	27	18	0	58	8	0	50	11	33	0	290	31	22	0	63	2	0	0	0	10	0	0	0	10	0	52	64	42	0	315	48	27	0	63	8	0	0	0	7	0	0	0	2	0	0	0	10	0	0	0	12	0	52	80	51	0	315	53	49	55	83	7	0	18	70	5	0	0	141	10	0	0	62	7	0	0	0	12	0	0	0	20	33	0	0	29	0	53	80	78	66	415	69
228	212	41	81	39	196	15	29	30	41	81	39	10	106	50	0	63	104	195	57	180	12	8	30	15	29	30	3	16	50	0	26	42	150	53	41	81	39	5	40	0	0	16	24	78	0	10	106	50	0	63	104	195	57	164	9	0	24	12	8	30	3	0	50	0	19	16	150	48	15	29	30	0	0	0	0	5	0	60	0	3	16	50	0	26	42	150	53	41	81	39	2	0	0	35	2	0	39	0	5	40	0	0	16	24	78	0	10	106	50	0	63	104	195	57	148	8	0	7	9	0	24	1	0	43	0	12	0	120	31	12	8	30	0	0	0	0	5	0	60	0	3	0	50	0	19	16	150	48	15	29	30	0	0	0	0	1	0	30	0	0	0	0	0	5	0	60	0	3	16	50	0	26	42	150	53	41	81	39	1	0	0	14	4	0	0	61	2	0	0	35	2	0	39	0	5	40	0	0	16	24	78	0	10	106	50	0	63	104	195	57
190	176	60	61	34	162	35	43	0	60	61	34	39	20	0	0	110	117	68	188	148	30	39	0	35	43	0	22	20	0	0	72	99	0	127	60	61	34	10	32	0	0	23	29	0	0	39	20	0	0	110	117	68	188	134	23	21	0	30	39	0	20	16	0	0	63	89	0	85	35	43	0	3	0	0	0	13	13	0	0	22	20	0	0	72	99	0	127	60	61	34	9	16	36	0	12	12	68	0	10	32	0	0	23	29	0	0	39	20	0	0	110	117	68	188	120	17	12	0	23	21	0	11	0	0	0	45	47	0	40	30	39	0	3	0	0	0	13	13	0	0	20	16	0	0	63	89	0	85	35	43	0	8	0	0	0	10	10	0	0	3	0	0	0	13	13	0	0	22	20	0	0	72	99	0	127	60	61	34	13	12	36	0	12	12	34	0	9	16	36	0	12	12	68	0	10	32	0	0	23	29	0	0	39	20	0	0	110	117	68	188
140	130	22	0	62	120	14	0	22	22	0	62	11	0	16	57	40	0	0	193	110	8	0	21	14	0	22	2	0	0	54	26	0	0	105	22	0	62	0	0	24	12	5	0	0	0	11	0	16	57	40	0	0	193	100	7	0	21	8	0	21	0	0	0	54	12	0	0	105	14	0	22	0	0	0	12	5	0	0	0	2	0	0	54	26	0	0	105	22	0	62	0	0	8	0	1	0	0	0	0	0	24	12	5	0	0	0	11	0	16	57	40	0	0	193	90	7	0	21	7	0	21	0	0	0	54	11	0	0	94	8	0	21	0	0	0	12	5	0	0	0	0	0	0	54	12	0	0	105	14	0	22	0	0	0	0	1	0	0	0	0	0	0	12	5	0	0	0	2	0	0	54	26	0	0	105	22	0	62	1	0	0	0	1	0	0	0	0	0	8	0	1	0	0	0	0	0	24	12	5	0	0	0	11	0	16	57	40	0	0	193
140	130	17	0	60	120	9	0	28	17	0	60	9	0	16	51	31	0	0	159	110	5	0	28	9	0	28	0	0	0	51	17	0	0	105	17	0	60	0	0	8	0	4	0	0	0	9	0	16	51	31	0	0	159	100	5	0	28	5	0	28	0	0	0	51	8	0	0	105	9	0	28	0	0	0	0	4	0	0	0	0	0	0	51	17	0	0	105	17	0	60	0	0	0	0	0	0	0	0	0	0	8	0	4	0	0	0	9	0	16	51	31	0	0	159	90	5	0	27	5	0	28	0	0	0	48	8	0	0	94	5	0	28	0	0	0	0	4	0	0	0	0	0	0	51	8	0	0	105	9	0	28	0	0	0	0	0	0	0	0	0	0	0	0	4	0	0	0	0	0	0	51	17	0	0	105	17	0	60	0	0	0	10	0	0	0	0	0	0	0	0	0	0	0	0	0	0	8	0	4	0	0	0	9	0	16	51	31	0	0	159
163	151	21	35	45	139	8	8	21	21	35	45	8	24	16	53	41	70	135	122	127	5	0	21	8	8	21	2	0	0	53	16	16	63	93	21	35	45	0	0	8	0	4	0	45	0	8	24	16	53	41	70	135	122	115	5	0	21	5	0	21	2	0	0	53	9	0	63	93	8	8	21	0	0	0	0	4	0	21	0	2	0	0	53	16	16	63	93	21	35	45	0	0	0	0	1	0	0	0	0	0	8	0	4	0	45	0	8	24	16	53	41	70	135	122	103	5	0	15	5	0	21	2	0	0	40	9	0	63	82	5	0	21	0	0	0	0	4	0	21	0	2	0	0	53	9	0	63	93	8	8	21	0	0	0	0	0	0	0	0	0	0	0	0	4	0	21	0	2	0	0	53	16	16	63	93	21	35	45	0	0	0	35	2	0	0	0	0	0	0	0	1	0	0	0	0	0	8	0	4	0	45	0	8	24	16	53	41	70	135	122
190	175	38	66	50	160	18	44	0	38	66	50	15	36	16	0	71	152	100	319	145	11	26	0	18	44	0	6	0	0	0	33	97	0	182	38	66	50	0	0	39	0	7	26	100	0	15	36	16	0	71	152	100	319	130	10	26	0	11	26	0	4	0	0	0	18	52	0	177	18	44	0	0	0	0	0	7	26	0	0	6	0	0	0	33	97	0	182	38	66	50	0	0	8	0	3	0	0	0	0	0	39	0	7	26	100	0	15	36	16	0	71	152	100	319	115	10	26	0	10	26	0	4	0	0	0	17	52	0	148	11	26	0	0	0	0	0	7	26	0	0	4	0	0	0	18	52	0	177	18	44	0	0	0	0	0	1	0	0	0	0	0	0	0	7	26	0	0	6	0	0	0	33	97	0	182	38	66	50	7	0	0	0	5	0	0	0	0	0	8	0	3	0	0	0	0	0	39	0	7	26	100	0	15	36	16	0	71	152	100	319
97	90	14	6	19	83	6	0	0	14	6	19	9	0	16	0	28	6	19	122	76	2	0	0	6	0	0	0	0	0	0	13	0	0	93	14	6	19	0	0	8	0	2	0	0	0	9	0	16	0	28	6	19	122	69	2	0	0	2	0	0	0	0	0	0	4	0	0	93	6	0	0	0	0	0	0	2	0	0	0	0	0	0	0	13	0	0	93	14	6	19	0	0	0	0	0	0	0	0	0	0	8	0	2	0	0	0	9	0	16	0	28	6	19	122	62	2	0	0	2	0	0	0	0	0	0	4	0	0	82	2	0	0	0	0	0	0	2	0	0	0	0	0	0	0	4	0	0	93	6	0	0	0	0	0	0	0	0	0	0	0	0	0	0	2	0	0	0	0	0	0	0	13	0	0	93	14	6	19	0	0	0	0	0	0	0	0	0	0	0	0	0	0	0	0	0	0	8	0	2	0	0	0	9	0	16	0	28	6	19	122
116	107	24	8	36	98	5	0	8	24	8	36	2	0	39	40	54	16	36	114	89	5	0	0	5	0	8	2	0	8	0	9	0	8	21	24	8	36	0	0	0	0	4	0	0	39	2	0	39	40	54	16	36	114	80	5	0	0	5	0	0	2	0	0	0	9	0	0	21	5	0	8	0	0	0	0	4	0	0	30	2	0	8	0	9	0	8	21	24	8	36	0	0	0	0	1	0	0	0	0	0	0	0	4	0	0	39	2	0	39	40	54	16	36	114	71	5	0	0	5	0	0	2	0	0	0	9	0	0	21	5	0	0	0	0	0	0	4	0	0	30	2	0	0	0	9	0	0	21	5	0	8	0	0	0	0	0	0	0	0	0	0	0	0	4	0	0	30	2	0	8	0	9	0	8	21	24	8	36	0	0	0	0	2	0	0	0	0	0	0	0	1	0	0	0	0	0	0	0	4	0	0	39	2	0	39	40	54	16	36	114
77	71	15	5	21	65	3	0	8	15	5	21	2	0	21	40	30	10	21	45	59	3	0	0	3	0	8	2	0	8	0	5	0	8	21	15	5	21	0	0	0	0	2	0	0	39	2	0	21	40	30	10	21	45	53	3	0	0	3	0	0	2	0	0	0	5	0	0	21	3	0	8	0	0	0	0	2	0	0	30	2	0	8	0	5	0	8	21	15	5	21	0	0	0	0	1	0	0	0	0	0	0	0	2	0	0	39	2	0	21	40	30	10	21	45	47	3	0	0	3	0	0	2	0	0	0	5	0	0	21	3	0	0	0	0	0	0	2	0	0	30	2	0	0	0	5	0	0	21	3	0	8	0	0	0	0	0	0	0	0	0	0	0	0	2	0	0	30	2	0	8	0	5	0	8	21	15	5	21	0	0	0	0	2	0	0	0	0	0	0	0	1	0	0	0	0	0	0	0	2	0	0	39	2	0	21	40	30	10	21	45
146	133	36	56	17	120	8	30	0	36	56	17	6	20	26	0	76	112	68	95	107	6	30	0	8	30	0	2	20	0	0	14	50	0	21	36	56	17	0	0	0	0	4	20	0	0	6	20	26	0	76	112	68	95	94	6	30	0	6	30	0	2	20	0	0	10	50	0	21	8	30	0	0	0	0	0	4	20	0	0	2	20	0	0	14	50	0	21	36	56	17	0	0	0	0	6	0	0	0	0	0	0	0	4	20	0	0	6	20	26	0	76	112	68	95	81	6	30	0	6	30	0	2	20	0	0	10	50	0	21	6	30	0	0	0	0	0	4	20	0	0	2	20	0	0	10	50	0	21	8	30	0	0	0	0	0	0	0	0	0	0	0	0	0	4	20	0	0	2	20	0	0	14	50	0	21	36	56	17	6	0	0	0	7	0	0	0	0	0	0	0	6	0	0	0	0	0	0	0	4	20	0	0	6	20	26	0	76	112	68	95
88	81	23	12	0	74	6	0	0	23	12	0	4	0	0	0	49	24	0	0	67	6	0	0	6	0	0	4	0	0	0	10	0	0	0	23	12	0	0	0	0	0	4	0	0	0	4	0	0	0	49	24	0	0	60	6	0	0	6	0	0	4	0	0	0	10	0	0	0	6	0	0	0	0	0	0	4	0	0	0	4	0	0	0	10	0	0	0	23	12	0	0	0	0	0	3	0	0	0	0	0	0	0	4	0	0	0	4	0	0	0	49	24	0	0	53	6	0	0	6	0	0	4	0	0	0	10	0	0	0	6	0	0	0	0	0	0	4	0	0	0	4	0	0	0	10	0	0	0	6	0	0	0	0	0	0	0	0	0	0	0	0	0	0	4	0	0	0	4	0	0	0	10	0	0	0	23	12	0	6	0	0	0	5	0	0	0	0	0	0	0	3	0	0	0	0	0	0	0	4	0	0	0	4	0	0	0	49	24	0	0
99	91	30	15	0	83	7	0	0	30	15	0	4	0	0	0	64	45	0	0	75	7	0	0	7	0	0	4	0	0	0	11	0	0	0	30	15	0	0	0	0	0	5	0	0	0	4	0	0	0	64	45	0	0	67	7	0	0	7	0	0	4	0	0	0	11	0	0	0	7	0	0	0	0	0	0	4	0	0	0	4	0	0	0	11	0	0	0	30	15	0	0	0	0	0	11	0	0	0	0	0	0	0	5	0	0	0	4	0	0	0	64	45	0	0	59	7	0	0	7	0	0	4	0	0	0	11	0	0	0	7	0	0	0	0	0	0	4	0	0	0	4	0	0	0	11	0	0	0	7	0	0	0	0	0	0	0	0	0	0	0	0	0	0	4	0	0	0	4	0	0	0	11	0	0	0	30	15	0	6	0	0	0	9	0	0	0	0	0	0	0	11	0	0	0	0	0	0	0	5	0	0	0	4	0	0	0	64	45	0	0
139	127	46	35	23	115	19	0	20	46	35	23	17	0	24	0	109	105	115	0	103	18	0	20	19	0	20	12	0	24	0	41	0	100	0	46	35	23	23	0	0	0	13	7	0	0	17	0	24	0	109	105	115	0	91	13	0	17	18	0	20	10	0	24	0	38	0	100	0	19	0	20	4	0	0	0	7	0	0	0	12	0	24	0	41	0	100	0	46	35	23	8	0	0	27	12	35	0	0	23	0	0	0	13	7	0	0	17	0	24	0	109	105	115	0	79	11	0	7	13	0	17	9	0	18	0	29	0	85	0	18	0	20	4	0	0	0	7	0	0	0	10	0	24	0	38	0	100	0	19	0	20	5	0	0	0	3	0	0	0	4	0	0	0	7	0	0	0	12	0	24	0	41	0	100	0	46	35	23	18	0	0	7	22	14	0	49	8	0	0	27	12	35	0	0	23	0	0	0	13	7	0	0	17	0	24	0	109	105	115	0
107	98	27	8	25	89	10	0	12	27	8	25	6	0	24	0	60	8	25	17	80	10	0	12	10	0	12	6	0	24	0	20	0	12	0	27	8	25	2	0	0	0	7	0	0	0	6	0	24	0	60	8	25	17	71	9	0	9	10	0	12	6	0	24	0	20	0	12	0	10	0	12	1	0	0	0	6	0	0	0	6	0	24	0	20	0	12	0	27	8	25	1	0	0	27	14	8	0	0	2	0	0	0	7	0	0	0	6	0	24	0	60	8	25	17	62	8	0	0	9	0	9	5	0	18	0	17	0	9	0	10	0	12	1	0	0	0	6	0	0	0	6	0	24	0	20	0	12	0	10	0	12	0	0	0	0	1	0	0	0	1	0	0	0	6	0	0	0	6	0	24	0	20	0	12	0	27	8	25	7	0	0	0	11	8	0	49	1	0	0	27	14	8	0	0	2	0	0	0	7	0	0	0	6	0	24	0	60	8	25	17
202	185	36	30	101	168	17	0	68	36	30	101	10	0	34	68	78	45	202	74	151	17	0	43	17	0	68	10	0	34	16	35	0	136	16	36	30	101	3	0	0	71	11	0	0	95	10	0	34	68	78	45	202	74	134	16	0	9	17	0	43	10	0	32	0	35	0	86	0	17	0	68	2	0	0	0	10	0	0	21	10	0	34	16	35	0	136	16	36	30	101	3	0	0	27	15	15	0	199	3	0	0	71	11	0	0	95	10	0	34	68	78	45	202	74	117	14	0	0	16	0	9	9	0	18	0	32	0	18	0	17	0	43	2	0	0	0	10	0	0	21	10	0	32	0	35	0	86	0	17	0	68	0	0	0	0	1	0	0	107	2	0	0	0	10	0	0	21	10	0	34	16	35	0	136	16	36	30	101	12	0	0	0	12	30	0	49	3	0	0	27	15	15	0	199	3	0	0	71	11	0	0	95	10	0	34	68	78	45	202	74
173	157	42	71	46	141	16	39	31	42	71	46	12	26	34	18	93	127	138	17	125	14	39	20	16	39	31	8	26	34	0	34	65	93	0	42	71	46	3	0	0	16	11	26	0	50	12	26	34	18	93	127	138	17	109	13	39	9	14	39	20	8	26	32	0	30	65	60	0	16	39	31	2	0	0	0	8	26	0	0	8	26	34	0	34	65	93	0	42	71	46	3	0	0	27	15	10	0	34	3	0	0	16	11	26	0	50	12	26	34	18	93	127	138	17	93	11	33	0	13	39	9	7	26	18	0	27	65	27	0	14	39	20	2	0	0	0	8	26	0	0	8	26	32	0	30	65	60	0	16	39	31	0	0	0	0	1	0	0	0	2	0	0	0	8	26	0	0	8	26	34	0	34	65	93	0	42	71	46	6	60	0	0	13	20	0	49	3	0	0	27	15	10	0	34	3	0	0	16	11	26	0	50	12	26	34	18	93	127	138	17
122	111	37	34	9	100	15	10	0	37	34	9	10	0	0	0	84	70	36	17	89	15	10	0	15	10	0	10	0	0	0	30	10	0	0	37	34	9	11	0	0	0	13	0	0	0	10	0	0	0	84	70	36	17	78	12	10	0	15	10	0	10	0	0	0	30	10	0	0	15	10	0	2	0	0	0	8	0	0	0	10	0	0	0	30	10	0	0	37	34	9	3	0	0	0	10	18	0	0	11	0	0	0	13	0	0	0	10	0	0	0	84	70	36	17	67	10	10	0	12	10	0	9	0	0	0	24	10	0	0	15	10	0	2	0	0	0	8	0	0	0	10	0	0	0	30	10	0	0	15	10	0	0	0	0	0	2	0	0	0	2	0	0	0	8	0	0	0	10	0	0	0	30	10	0	0	37	34	9	11	0	0	0	15	12	0	0	3	0	0	0	10	18	0	0	11	0	0	0	13	0	0	0	10	0	0	0	84	70	36	17
166	150	62	68	60	134	33	28	43	62	68	60	41	0	18	48	131	172	240	32	118	29	20	43	33	28	43	23	0	18	48	79	42	172	20	62	68	60	23	80	0	0	18	34	0	0	41	0	18	48	131	172	240	32	102	22	0	43	29	20	43	20	0	18	48	70	30	172	20	33	28	43	6	0	0	0	7	14	0	0	23	0	18	48	79	42	172	20	62	68	60	18	0	28	0	4	14	120	0	23	80	0	0	18	34	0	0	41	0	18	48	131	172	240	32	86	14	0	36	22	0	43	14	0	18	36	56	0	172	17	29	20	43	5	0	0	0	6	10	0	0	20	0	18	48	70	30	172	20	33	28	43	5	0	28	0	4	14	86	0	6	0	0	0	7	14	0	0	23	0	18	48	79	42	172	20	58	68	60	27	0	20	51	20	48	0	0	18	0	28	0	4	14	120	0	23	80	0	0	18	34	0	0	41	0	18	48	121	172	240	32
163	147	52	54	84	131	27	40	32	52	54	84	28	27	10	68	125	138	84	204	115	24	38	32	27	40	32	17	26	10	68	58	120	32	131	52	54	84	27	25	0	0	19	27	0	0	28	27	10	68	125	138	84	204	99	17	25	30	24	38	32	14	25	10	64	50	114	32	95	27	40	32	4	13	0	0	8	26	0	0	17	26	10	68	58	120	32	131	52	54	84	13	12	20	16	3	13	84	0	27	25	0	0	19	27	0	0	28	27	10	68	125	138	84	204	83	9	12	15	17	25	30	9	12	10	36	36	75	30	44	24	38	32	3	12	0	0	8	25	0	0	14	25	10	64	50	114	32	95	27	40	32	5	0	20	0	3	13	32	0	4	13	0	0	8	26	0	0	17	26	10	68	58	120	32	131	51	54	84	12	12	52	51	14	25	84	34	13	12	20	16	3	13	84	0	27	25	0	0	19	27	0	0	28	27	10	68	122	138	84	204
157	140	74	109	17	123	32	70	10	74	109	17	36	80	10	0	154	297	85	23	106	29	52	10	32	70	10	23	40	10	0	82	177	50	20	74	109	17	18	84	0	0	17	24	17	0	36	80	10	0	154	297	85	23	89	23	35	10	29	52	10	22	24	10	0	76	138	50	20	32	70	10	4	22	0	0	7	11	10	0	23	40	10	0	82	177	50	20	74	109	17	19	59	20	0	6	12	34	0	18	84	0	0	17	24	17	0	36	80	10	0	154	297	85	23	72	13	28	6	23	35	10	16	22	10	0	62	105	50	17	29	52	10	3	12	0	0	6	6	10	0	22	24	10	0	76	138	50	20	32	70	10	0	50	20	0	4	11	20	0	4	22	0	0	7	11	10	0	23	40	10	0	82	177	50	20	61	109	17	26	52	20	24	20	58	0	0	19	59	20	0	6	12	34	0	18	84	0	0	17	24	17	0	36	80	10	0	124	297	85	23
132	118	43	61	38	104	18	41	0	43	61	38	17	42	0	0	96	119	76	179	90	16	40	0	18	41	0	9	40	0	0	39	81	0	119	43	61	38	22	10	0	0	12	10	0	0	17	42	0	0	96	119	76	179	76	11	38	0	16	40	0	7	40	0	0	34	80	0	83	18	41	0	3	10	0	0	6	10	0	0	9	40	0	0	39	81	0	119	43	61	38	7	16	0	0	3	0	0	0	22	10	0	0	12	10	0	0	17	42	0	0	96	119	76	179	62	7	26	0	11	38	0	6	36	0	0	25	74	0	35	16	40	0	3	10	0	0	6	10	0	0	7	40	0	0	34	80	0	83	18	41	0	5	0	0	0	3	0	0	0	3	10	0	0	6	10	0	0	9	40	0	0	39	81	0	119	42	61	38	9	32	20	0	13	8	38	0	7	16	0	0	3	0	0	0	22	10	0	0	12	10	0	0	17	42	0	0	95	119	76	179
107	97	45	21	23	87	24	0	0	45	21	23	28	0	0	0	88	63	69	78	77	21	0	0	24	0	0	13	0	0	0	50	0	0	51	45	21	23	23	0	0	0	12	14	0	0	28	0	0	0	88	63	69	78	67	16	0	0	21	0	0	11	0	0	0	44	0	0	40	24	0	0	4	0	0	0	8	0	0	0	13	0	0	0	50	0	0	51	45	21	23	9	0	0	0	4	0	0	0	23	0	0	0	12	14	0	0	28	0	0	0	88	63	69	78	57	11	0	0	16	0	0	10	0	0	0	35	0	0	26	21	0	0	4	0	0	0	7	0	0	0	11	0	0	0	44	0	0	40	24	0	0	5	0	0	0	4	0	0	0	4	0	0	0	8	0	0	0	13	0	0	0	50	0	0	51	44	21	23	15	0	20	0	18	7	0	0	9	0	0	0	4	0	0	0	23	0	0	0	12	14	0	0	28	0	0	0	86	63	69	78
165	147	60	97	54	129	37	37	27	60	97	54	32	100	24	38	118	119	270	100	111	27	17	27	37	37	27	23	0	18	38	93	64	135	53	60	97	54	8	0	85	0	9	15	108	0	32	100	24	38	118	119	270	100	93	24	17	27	27	17	27	18	0	18	38	78	34	135	53	37	37	27	5	0	46	0	5	10	54	0	23	0	18	38	93	64	135	53	57	97	54	20	0	26	0	6	15	0	0	8	0	85	0	9	15	108	0	32	100	24	38	113	119	270	100	76	16	15	27	24	17	27	17	0	18	38	70	34	135	53	27	17	27	2	0	46	0	1	0	54	0	18	0	18	38	78	34	135	53	36	37	27	4	0	20	0	4	10	0	0	5	0	46	0	5	10	54	0	23	0	18	38	91	64	135	53	46	80	54	23	30	6	0	20	60	0	0	20	0	26	0	6	15	0	0	8	0	85	0	9	15	108	0	30	100	24	38	87	85	270	100
110	98	44	30	43	86	24	20	0	44	30	43	26	10	6	0	77	41	43	222	74	17	20	0	24	20	0	14	10	0	0	58	40	0	85	44	30	43	5	0	44	0	6	0	0	0	26	10	6	0	77	41	43	222	62	15	19	0	17	20	0	13	10	0	0	46	40	0	85	24	20	0	5	0	0	0	6	0	0	0	14	10	0	0	58	40	0	85	44	30	43	9	9	20	0	4	0	0	0	5	0	44	0	6	0	0	0	26	10	6	0	77	41	43	222	50	10	9	0	15	19	0	10	9	0	0	40	37	0	83	17	20	0	2	0	0	0	2	0	0	0	13	10	0	0	46	40	0	85	24	20	0	4	0	0	0	4	0	0	0	5	0	0	0	6	0	0	0	14	10	0	0	58	40	0	85	39	30	43	16	9	34	0	14	0	43	0	9	9	20	0	4	0	0	0	5	0	44	0	6	0	0	0	26	10	6	0	68	41	43	222
107	96	39	24	31	85	25	0	0	39	24	31	25	0	6	0	67	0	93	138	74	19	0	0	25	0	0	13	0	0	0	57	0	0	53	39	24	31	4	0	32	0	4	0	0	0	25	0	6	0	67	0	93	138	63	18	0	0	19	0	0	13	0	0	0	48	0	0	53	25	0	0	4	0	0	0	4	0	0	0	13	0	0	0	57	0	0	53	39	24	31	10	0	8	0	3	0	0	0	4	0	32	0	4	0	0	0	25	0	6	0	67	0	93	138	52	13	0	0	18	0	0	11	0	0	0	45	0	0	53	19	0	0	2	0	0	0	1	0	0	0	13	0	0	0	48	0	0	53	25	0	0	4	0	0	0	3	0	0	0	4	0	0	0	4	0	0	0	13	0	0	0	57	0	0	53	33	24	31	17	0	22	0	13	0	0	0	10	0	8	0	3	0	0	0	4	0	32	0	4	0	0	0	25	0	6	0	55	0	93	138
121	106	53	81	16	91	20	51	0	53	81	16	19	63	6	0	99	206	64	77	76	14	50	0	20	51	0	7	60	0	0	46	172	0	53	53	81	16	2	10	32	0	4	0	0	0	19	63	6	0	99	206	64	77	61	14	46	0	14	50	0	7	60	0	0	37	170	0	53	20	51	0	2	10	0	0	3	0	0	0	7	60	0	0	46	172	0	53	51	81	16	12	24	0	0	5	0	0	0	2	10	32	0	4	0	0	0	19	63	6	0	96	206	64	77	47	10	28	0	14	46	0	7	48	0	0	37	150	0	53	14	50	0	0	10	0	0	0	0	0	0	7	60	0	0	37	170	0	53	20	51	0	4	0	0	0	3	0	0	0	2	10	0	0	3	0	0	0	7	60	0	0	46	172	0	53	34	67	16	11	72	6	0	14	12	16	0	12	24	0	0	5	0	0	0	2	10	32	0	4	0	0	0	19	63	6	0	60	178	64	77
81	72	34	23	6	63	18	8	0	34	23	6	21	0	6	0	57	16	18	17	54	14	8	0	18	8	0	9	0	0	0	44	16	0	10	34	23	6	3	0	12	0	2	0	0	0	21	0	6	0	57	16	18	17	45	14	8	0	14	8	0	9	0	0	0	38	16	0	10	18	8	0	3	0	0	0	2	0	0	0	9	0	0	0	44	16	0	10	32	23	6	10	0	0	0	2	0	0	0	3	0	12	0	2	0	0	0	21	0	6	0	54	16	18	17	37	11	8	0	14	8	0	9	0	0	0	38	16	0	10	14	8	0	1	0	0	0	0	0	0	0	9	0	0	0	38	16	0	10	18	8	0	4	0	0	0	2	0	0	0	3	0	0	0	2	0	0	0	9	0	0	0	44	16	0	10	27	15	6	17	0	6	0	11	0	0	0	10	0	0	0	2	0	0	0	3	0	12	0	2	0	0	0	21	0	6	0	44	0	18	17
69	59	27	34	20	49	8	25	9	27	34	20	4	26	40	9	58	83	20	54	39	8	24	9	8	25	9	4	24	18	9	23	74	9	27	25	34	20	0	6	0	0	3	0	0	0	4	26	40	9	57	83	20	54	30	8	23	9	8	24	9	4	24	18	9	23	72	9	27	8	25	9	0	6	0	0	0	0	0	0	4	24	18	9	23	74	9	27	20	25	20	6	5	0	0	4	0	0	0	0	6	0	0	3	0	0	0	4	26	40	9	48	65	20	54	23	5	16	9	8	23	9	4	22	18	9	23	67	9	27	8	24	9	0	6	0	0	0	0	0	0	4	24	18	9	23	72	9	27	8	18	9	0	0	0	0	0	0	0	0	0	6	0	0	0	0	0	0	4	24	18	9	23	60	9	27	9	11	20	8	10	0	0	7	5	20	0	6	5	0	0	4	0	0	0	0	6	0	0	3	0	0	0	4	12	40	9	22	30	20	54
96	83	48	58	37	70	20	36	15	48	58	37	18	36	62	39	113	178	111	70	57	19	36	9	20	36	15	15	36	30	9	64	126	45	27	48	58	37	12	0	0	0	10	6	0	17	18	36	62	39	113	178	111	70	44	15	30	9	19	36	9	14	36	18	9	61	126	27	27	20	36	15	3	0	0	0	0	0	0	10	15	36	30	9	64	126	45	27	42	58	37	12	36	17	0	3	12	0	0	12	0	0	0	10	6	0	17	18	36	62	39	102	178	111	70	33	6	12	9	15	30	9	7	24	18	9	43	99	27	27	19	36	9	2	0	0	0	0	0	0	10	14	36	18	9	61	126	27	27	19	36	15	0	0	6	0	0	0	0	0	3	0	0	0	0	0	0	10	15	36	30	9	62	126	45	27	25	36	37	4	36	40	0	7	18	74	0	12	36	17	0	3	12	0	0	12	0	0	0	10	6	0	17	16	36	62	39	62	123	111	70
67	59	15	7	38	51	11	7	0	15	7	38	7	0	20	0	35	14	0	150	43	11	7	0	11	7	0	7	0	0	0	29	14	0	27	15	7	38	1	0	0	0	1	0	0	0	7	0	20	0	35	14	0	150	35	9	7	0	11	7	0	7	0	0	0	29	14	0	27	11	7	0	1	0	0	0	0	0	0	0	7	0	0	0	29	14	0	27	13	7	38	0	0	15	0	1	0	0	0	1	0	0	0	1	0	0	0	7	0	20	0	32	14	0	150	28	5	7	0	9	7	0	3	0	0	0	21	14	0	27	11	7	0	1	0	0	0	0	0	0	0	7	0	0	0	29	14	0	27	11	7	0	0	0	0	0	0	0	0	0	1	0	0	0	0	0	0	0	7	0	0	0	29	14	0	27	8	0	38	2	0	27	0	2	0	0	0	0	0	15	0	1	0	0	0	1	0	0	0	1	0	0	0	7	0	20	0	22	0	0	150
67	59	18	7	29	51	13	7	0	18	7	29	10	0	20	0	43	14	0	107	43	13	7	0	13	7	0	10	0	0	0	37	14	0	27	18	7	29	2	0	0	0	1	0	0	0	10	0	20	0	43	14	0	107	35	12	7	0	13	7	0	10	0	0	0	37	14	0	27	13	7	0	2	0	0	0	0	0	0	0	10	0	0	0	37	14	0	27	15	7	29	1	0	6	0	1	0	0	0	2	0	0	0	1	0	0	0	10	0	20	0	38	14	0	107	28	8	7	0	12	7	0	7	0	0	0	32	14	0	27	13	7	0	2	0	0	0	0	0	0	0	10	0	0	0	37	14	0	27	12	7	0	0	0	0	0	0	0	0	0	2	0	0	0	0	0	0	0	10	0	0	0	35	14	0	27	8	0	29	4	0	18	0	3	0	0	0	1	0	6	0	1	0	0	0	2	0	0	0	1	0	0	0	8	0	20	0	23	0	0	107
76	67	25	8	29	58	17	8	0	25	8	29	14	0	20	0	64	16	0	107	49	17	8	0	17	8	0	14	0	0	0	51	16	0	27	25	8	29	2	0	0	0	2	0	0	0	14	0	20	0	64	16	0	107	40	16	8	0	17	8	0	14	0	0	0	51	16	0	27	17	8	0	2	0	0	0	0	0	0	0	14	0	0	0	51	16	0	27	22	8	29	7	0	6	0	3	0	0	0	2	0	0	0	2	0	0	0	14	0	20	0	59	16	0	107	32	10	8	0	16	8	0	11	0	0	0	46	16	0	27	17	8	0	2	0	0	0	0	0	0	0	14	0	0	0	51	16	0	27	16	8	0	0	0	0	0	0	0	0	0	2	0	0	0	0	0	0	0	14	0	0	0	49	16	0	27	13	0	29	10	0	18	0	6	0	0	0	7	0	6	0	3	0	0	0	2	0	0	0	2	0	0	0	12	0	20	0	39	0	0	107
100	87	30	12	114	74	17	12	95	30	12	114	16	0	42	81	76	36	0	57	61	15	12	73	17	12	95	13	0	42	24	56	36	0	24	30	12	114	9	0	12	101	8	0	0	54	16	0	42	81	76	36	0	57	48	8	12	53	15	12	73	10	0	40	18	50	36	0	18	17	12	95	2	0	11	27	0	0	0	27	13	0	42	24	56	36	0	24	26	12	114	7	0	41	38	0	0	0	77	9	0	12	101	8	0	0	54	16	0	42	81	68	36	0	57	36	1	0	53	8	12	53	2	0	34	18	20	36	0	18	15	12	73	1	0	6	27	0	0	0	27	10	0	40	18	50	36	0	18	16	12	95	0	0	22	38	0	0	0	53	2	0	11	27	0	0	0	27	13	0	42	24	54	36	0	24	19	0	114	0	0	37	0	0	0	114	0	7	0	41	38	0	0	0	77	9	0	12	101	8	0	0	54	14	0	42	81	50	0	0	57
116	100	45	72	86	84	19	37	72	45	72	86	19	57	41	81	111	204	258	37	68	14	23	50	19	37	72	11	23	41	24	59	137	216	15	45	72	86	10	43	25	104	9	30	86	54	19	57	41	81	111	204	258	37	52	7	10	19	14	23	50	9	10	38	18	44	89	150	9	19	37	72	0	10	24	19	0	0	72	27	11	23	41	24	59	137	216	15	42	72	86	10	30	36	30	0	0	86	161	10	43	25	104	9	30	86	54	19	57	41	81	105	204	258	37	37	0	0	19	7	10	19	0	0	20	18	17	30	57	9	14	23	50	0	0	18	19	0	0	50	27	9	10	38	18	44	89	150	9	19	37	72	0	0	22	30	0	0	72	85	0	10	24	19	0	0	72	27	11	23	41	24	59	137	216	15	30	57	86	0	0	27	0	0	0	86	0	10	30	36	30	0	0	86	161	10	43	25	104	9	30	86	54	19	57	41	81	76	159	258	37
77	66	40	39	6	55	16	18	0	40	39	6	21	9	0	0	94	105	24	37	44	11	14	0	16	18	0	10	9	0	0	50	72	0	15	40	39	6	10	20	0	0	10	20	0	0	21	9	0	0	94	105	24	37	33	6	5	0	11	14	0	9	5	0	0	36	52	0	9	16	18	0	1	0	0	0	0	0	0	0	10	9	0	0	50	72	0	15	37	39	6	9	20	12	0	0	0	6	0	10	20	0	0	10	20	0	0	21	9	0	0	88	105	24	37	23	0	0	0	6	5	0	0	0	0	0	15	15	0	9	11	14	0	0	0	0	0	0	0	0	0	9	5	0	0	36	52	0	9	16	18	0	0	0	0	0	0	0	0	0	1	0	0	0	0	0	0	0	10	9	0	0	50	72	0	15	26	29	6	0	0	12	0	0	0	6	0	9	20	12	0	0	0	6	0	10	20	0	0	10	20	0	0	21	9	0	0	61	75	24	37
63	53	33	37	0	43	8	24	0	33	37	0	11	24	0	0	72	83	0	0	33	4	18	0	8	24	0	3	24	0	0	28	66	0	0	33	37	0	8	18	0	0	11	9	0	0	11	24	0	0	72	83	0	0	23	2	6	0	4	18	0	2	12	0	0	16	45	0	0	8	24	0	1	0	0	0	0	0	0	0	3	24	0	0	28	66	0	0	29	37	0	7	18	0	0	0	0	0	0	8	18	0	0	11	9	0	0	11	24	0	0	65	83	0	0	15	0	0	0	2	6	0	0	0	0	0	6	12	0	0	4	18	0	0	0	0	0	0	0	0	0	2	12	0	0	16	45	0	0	8	24	0	0	0	0	0	0	0	0	0	1	0	0	0	0	0	0	0	3	24	0	0	28	66	0	0	20	21	0	0	0	0	0	0	0	0	0	7	18	0	0	0	0	0	0	8	18	0	0	11	9	0	0	11	24	0	0	44	51	0	0
44	38	21	8	0	32	10	0	0	21	8	0	11	0	0	0	47	8	0	0	26	6	0	0	10	0	0	5	0	0	0	30	0	0	0	21	8	0	10	0	0	0	7	8	0	0	11	0	0	0	47	8	0	0	20	3	0	0	6	0	0	5	0	0	0	19	0	0	0	10	0	0	0	0	0	0	0	0	0	0	5	0	0	0	30	0	0	0	21	8	0	10	0	0	0	0	0	0	0	10	0	0	0	7	8	0	0	11	0	0	0	47	8	0	0	14	0	0	0	3	0	0	0	0	0	0	7	0	0	0	6	0	0	0	0	0	0	0	0	0	0	5	0	0	0	19	0	0	0	10	0	0	0	0	0	0	0	0	0	0	0	0	0	0	0	0	0	0	5	0	0	0	30	0	0	0	18	8	0	0	0	0	0	0	0	0	0	10	0	0	0	0	0	0	0	10	0	0	0	7	8	0	0	11	0	0	0	40	8	0	0
84	72	21	0	79	60	13	0	56	21	0	79	16	0	10	42	58	0	0	92	48	4	0	56	13	0	56	6	0	0	42	40	0	0	72	21	0	79	1	0	21	0	0	0	0	0	16	0	10	42	58	0	0	92	36	0	0	55	4	0	56	0	0	0	40	10	0	0	50	13	0	56	0	0	0	0	0	0	0	0	6	0	0	42	40	0	0	72	21	0	79	0	0	21	13	0	0	0	0	1	0	21	0	0	0	0	0	16	0	10	42	58	0	0	92	24	0	0	52	0	0	55	0	0	0	34	0	0	0	19	4	0	56	0	0	0	0	0	0	0	0	0	0	0	40	10	0	0	50	13	0	56	0	0	0	10	0	0	0	0	0	0	0	0	0	0	0	0	6	0	0	42	40	0	0	72	17	0	79	0	0	0	30	0	0	0	0	0	0	21	13	0	0	0	0	1	0	21	0	0	0	0	0	16	0	10	42	48	0	0	92
121	103	28	59	115	85	9	14	97	28	59	115	11	42	67	41	67	132	345	92	67	2	0	97	9	14	97	2	0	56	41	28	28	291	72	28	59	115	1	0	25	0	0	0	115	0	11	42	67	41	67	132	345	92	49	0	0	93	2	0	97	0	0	56	38	6	0	291	50	9	14	97	0	0	10	0	0	0	97	0	2	0	56	41	28	28	291	72	28	59	115	0	0	15	41	0	0	0	0	1	0	25	0	0	0	115	0	11	42	67	41	67	132	345	92	31	0	0	66	0	0	93	0	0	51	20	0	0	279	19	2	0	97	0	0	10	0	0	0	97	0	0	0	56	38	6	0	291	50	9	14	97	0	0	0	10	0	0	0	0	0	0	10	0	0	0	97	0	2	0	56	41	28	28	291	72	24	59	115	0	0	0	72	0	0	0	122	0	0	15	41	0	0	0	0	1	0	25	0	0	0	115	0	11	42	67	41	58	132	345	92
74	63	15	19	49	52	4	9	47	15	19	49	8	9	23	0	32	29	49	0	41	0	0	47	4	9	47	0	0	23	0	11	18	47	0	15	19	49	0	0	0	0	0	0	49	0	8	9	23	0	32	29	49	0	30	0	0	47	0	0	47	0	0	23	0	0	0	47	0	4	9	47	0	0	0	0	0	0	47	0	0	0	23	0	11	18	47	0	15	19	49	0	0	0	0	0	0	0	0	0	0	0	0	0	0	49	0	8	9	23	0	32	29	49	0	19	0	0	44	0	0	47	0	0	23	0	0	0	47	0	0	0	47	0	0	0	0	0	0	47	0	0	0	23	0	0	0	47	0	4	9	47	0	0	0	0	0	0	0	0	0	0	0	0	0	0	47	0	0	0	23	0	11	18	47	0	13	19	49	0	0	0	30	0	0	0	0	0	0	0	0	0	0	0	0	0	0	0	0	0	0	49	0	8	9	23	0	29	29	49	0
78	66	28	36	20	54	11	16	0	28	36	20	12	32	10	0	72	102	40	92	42	4	0	0	11	16	0	6	0	0	0	33	56	0	72	28	36	20	1	0	21	0	0	0	40	0	12	32	10	0	72	102	40	92	30	0	0	0	4	0	0	0	0	0	0	10	0	0	50	11	16	0	0	0	0	0	0	0	0	0	6	0	0	0	33	56	0	72	28	36	20	0	0	21	0	0	0	0	0	1	0	21	0	0	0	40	0	12	32	10	0	72	102	40	92	18	0	0	0	0	0	0	0	0	0	0	0	0	0	19	4	0	0	0	0	0	0	0	0	0	0	0	0	0	0	10	0	0	50	11	16	0	0	0	0	0	0	0	0	0	0	0	0	0	0	0	0	0	6	0	0	0	33	56	0	72	17	36	20	0	0	0	0	0	0	0	0	0	0	21	0	0	0	0	0	1	0	21	0	0	0	40	0	12	32	10	0	47	102	40	92
60	51	21	15	10	42	10	7	0	21	15	10	13	7	0	0	53	37	10	6	33	3	0	0	10	7	0	5	0	0	0	30	14	0	0	21	15	10	0	0	11	0	0	0	10	0	13	7	0	0	53	37	10	6	24	0	0	0	3	0	0	0	0	0	0	7	0	0	0	10	7	0	0	0	0	0	0	0	0	0	5	0	0	0	30	14	0	0	21	15	10	0	0	11	0	0	0	0	0	0	0	11	0	0	0	10	0	13	7	0	0	53	37	10	6	15	0	0	0	0	0	0	0	0	0	0	0	0	0	0	3	0	0	0	0	0	0	0	0	0	0	0	0	0	0	7	0	0	0	10	7	0	0	0	0	0	0	0	0	0	0	0	0	0	0	0	0	0	5	0	0	0	30	14	0	0	16	15	10	0	0	0	0	0	0	0	0	0	0	11	0	0	0	0	0	0	0	11	0	0	0	10	0	13	7	0	0	43	37	10	6
59	49	13	9	79	39	0	0	43	13	9	79	0	0	50	56	29	18	79	184	29	0	0	43	0	0	43	0	0	10	56	0	0	43	144	13	9	79	0	0	0	0	0	0	0	0	0	0	50	56	29	18	79	184	19	0	0	43	0	0	43	0	0	10	56	0	0	43	144	0	0	43	0	0	0	0	0	0	0	0	0	0	10	56	0	0	43	144	13	9	79	0	0	0	0	0	0	0	0	0	0	0	0	0	0	0	0	0	0	50	56	29	18	79	184	9	0	0	41	0	0	43	0	0	10	54	0	0	43	140	0	0	43	0	0	0	0	0	0	0	0	0	0	10	56	0	0	43	144	0	0	43	0	0	0	0	0	0	0	0	0	0	0	0	0	0	0	0	0	0	10	56	0	0	43	144	11	9	79	0	0	0	16	0	0	0	0	0	0	0	0	0	0	0	0	0	0	0	0	0	0	0	0	0	0	50	56	26	18	79	184
81	67	26	33	92	53	1	0	58	26	33	92	1	0	99	54	61	88	276	145	39	0	0	45	1	0	58	0	0	58	23	3	0	174	97	26	33	92	0	0	13	37	0	0	0	86	1	0	99	54	61	88	276	145	25	0	0	43	0	0	45	0	0	44	23	0	0	135	97	1	0	58	0	0	10	35	0	0	0	72	0	0	58	23	3	0	174	97	26	33	92	0	0	0	20	0	0	0	0	0	0	13	37	0	0	0	86	1	0	99	54	61	88	276	145	11	0	0	26	0	0	43	0	0	41	20	0	0	129	93	0	0	45	0	0	0	24	0	0	0	50	0	0	44	23	0	0	135	97	1	0	58	0	0	0	6	0	0	0	0	0	0	10	35	0	0	0	72	0	0	58	23	3	0	174	97	17	33	92	0	0	0	58	0	0	0	43	0	0	0	20	0	0	0	0	0	0	13	37	0	0	0	86	1	0	99	54	42	88	276	145
43	35	26	15	10	27	1	0	10	26	15	10	3	0	30	0	57	45	50	0	19	0	0	10	1	0	10	0	0	30	0	2	0	50	0	26	15	10	0	0	10	0	0	0	0	0	3	0	30	0	57	45	50	0	11	0	0	6	0	0	10	0	0	30	0	0	0	50	0	1	0	10	0	0	10	0	0	0	0	0	0	0	30	0	2	0	50	0	26	15	10	0	0	0	24	0	0	0	0	0	0	10	0	0	0	0	0	3	0	30	0	57	45	50	0	3	0	0	0	0	0	6	0	0	18	0	0	0	30	0	0	0	10	0	0	10	0	0	0	0	0	0	0	30	0	0	0	50	0	1	0	10	0	0	0	0	0	0	0	0	0	0	10	0	0	0	0	0	0	0	30	0	2	0	50	0	10	15	10	0	0	0	0	0	0	0	16	0	0	0	24	0	0	0	0	0	0	10	0	0	0	0	0	3	0	30	0	26	45	50	0
45	37	20	15	14	29	0	0	0	20	15	14	0	0	14	0	46	30	42	115	21	0	0	0	0	0	0	0	0	0	0	0	0	0	97	20	15	14	0	0	0	0	0	0	0	0	0	0	14	0	46	30	42	115	13	0	0	0	0	0	0	0	0	0	0	0	0	0	97	0	0	0	0	0	0	0	0	0	0	0	0	0	0	0	0	0	0	97	20	15	14	0	0	0	0	0	0	0	0	0	0	0	0	0	0	0	0	0	0	14	0	46	30	42	115	5	0	0	0	0	0	0	0	0	0	0	0	0	0	93	0	0	0	0	0	0	0	0	0	0	0	0	0	0	0	0	0	0	97	0	0	0	0	0	0	0	0	0	0	0	0	0	0	0	0	0	0	0	0	0	0	0	0	0	0	97	14	15	14	0	0	0	0	0	0	0	0	0	0	0	0	0	0	0	0	0	0	0	0	0	0	0	0	0	0	14	0	37	30	42	115
38	31	21	12	0	24	0	0	0	21	12	0	0	0	0	0	46	30	0	0	17	0	0	0	0	0	0	0	0	0	0	0	0	0	0	21	12	0	0	0	0	0	0	0	0	0	0	0	0	0	46	30	0	0	10	0	0	0	0	0	0	0	0	0	0	0	0	0	0	0	0	0	0	0	0	0	0	0	0	0	0	0	0	0	0	0	0	0	21	12	0	0	0	0	0	0	0	0	0	0	0	0	0	0	0	0	0	0	0	0	0	46	30	0	0	3	0	0	0	0	0	0	0	0	0	0	0	0	0	0	0	0	0	0	0	0	0	0	0	0	0	0	0	0	0	0	0	0	0	0	0	0	0	0	0	0	0	0	0	0	0	0	0	0	0	0	0	0	0	0	0	0	0	0	0	0	11	12	0	0	0	0	0	0	0	0	0	0	0	0	0	0	0	0	0	0	0	0	0	0	0	0	0	0	0	0	0	29	30	0	0
64	51	16	12	72	38	0	0	45	16	12	72	0	0	11	56	31	12	72	116	25	0	0	44	0	0	45	0	0	10	54	0	0	45	68	16	12	72	0	0	0	10	0	0	0	0	0	0	11	56	31	12	72	116	12	0	0	42	0	0	44	0	0	10	52	0	0	44	55	0	0	45	0	0	0	10	0	0	0	0	0	0	10	54	0	0	45	68	15	12	72	0	0	0	24	0	0	0	0	0	0	0	10	0	0	0	0	0	0	11	56	30	12	72	116	0	0	0	36	0	0	42	0	0	10	46	0	0	42	49	0	0	44	0	0	0	10	0	0	0	0	0	0	10	52	0	0	44	55	0	0	45	0	0	0	22	0	0	0	0	0	0	0	10	0	0	0	0	0	0	10	54	0	0	45	68	0	0	72	0	0	0	44	0	0	0	0	0	0	0	24	0	0	0	0	0	0	0	10	0	0	0	0	0	0	11	56	0	0	72	116
90	71	32	70	94	52	1	0	75	32	70	94	2	0	76	53	64	168	470	102	33	0	0	57	1	0	75	0	0	74	34	2	0	375	68	32	70	94	0	0	6	59	0	0	0	20	2	0	76	53	64	168	470	102	14	0	0	33	0	0	57	0	0	61	22	0	0	285	55	1	0	75	0	0	6	0	0	0	0	0	0	0	74	34	2	0	375	68	19	70	94	0	0	0	47	0	0	0	92	0	0	6	59	0	0	0	20	2	0	76	53	39	168	470	102	0	0	0	17	0	0	33	0	0	32	17	0	0	165	49	0	0	57	0	0	6	0	0	0	0	0	0	0	61	22	0	0	285	55	0	0	75	0	0	0	22	0	0	0	72	0	0	6	0	0	0	0	0	0	0	74	34	0	0	375	68	0	0	94	0	0	0	35	0	0	0	57	0	0	0	47	0	0	0	92	0	0	6	59	0	0	0	20	0	0	76	53	0	0	470	102
56	44	22	32	26	32	0	0	19	22	32	26	0	0	29	10	41	64	104	10	20	0	0	19	0	0	19	0	0	28	10	0	0	76	10	22	32	26	0	0	0	0	0	0	0	0	0	0	29	10	41	64	104	10	8	0	0	16	0	0	19	0	0	28	10	0	0	76	10	0	0	19	0	0	0	0	0	0	0	0	0	0	28	10	0	0	76	10	14	32	26	0	0	0	18	0	0	0	0	0	0	0	0	0	0	0	0	0	0	29	10	28	64	104	10	0	0	0	6	0	0	16	0	0	22	6	0	0	64	6	0	0	19	0	0	0	0	0	0	0	0	0	0	28	10	0	0	76	10	0	0	19	0	0	0	0	0	0	0	0	0	0	0	0	0	0	0	0	0	0	28	10	0	0	76	10	0	0	26	0	0	0	24	0	0	0	37	0	0	0	18	0	0	0	0	0	0	0	0	0	0	0	0	0	0	29	10	0	0	104	10
78	62	18	28	82	46	0	0	44	18	28	82	0	0	12	74	34	42	164	195	30	0	0	3	0	0	44	0	0	12	0	0	0	88	111	18	28	82	0	0	0	9	0	0	0	194	0	0	12	74	34	42	164	195	14	0	0	0	0	0	3	0	0	6	0	0	0	6	98	0	0	44	0	0	0	0	0	0	0	144	0	0	12	0	0	0	88	111	15	28	82	0	0	0	0	0	0	0	0	0	0	0	9	0	0	0	194	0	0	12	74	30	42	164	195	0	0	0	0	0	0	0	0	0	0	0	0	0	0	92	0	0	3	0	0	0	0	0	0	0	144	0	0	6	0	0	0	6	98	0	0	44	0	0	0	0	0	0	0	0	0	0	0	0	0	0	0	144	0	0	12	0	0	0	88	111	0	0	82	0	0	0	0	0	0	0	0	0	0	0	0	0	0	0	0	0	0	0	9	0	0	0	194	0	0	12	74	0	0	164	195
47	37	17	21	11	27	0	0	0	17	21	11	0	0	0	0	31	35	33	24	17	0	0	0	0	0	0	0	0	0	0	0	0	0	10	17	21	11	0	0	0	0	0	0	0	0	0	0	0	0	31	35	33	24	7	0	0	0	0	0	0	0	0	0	0	0	0	0	10	0	0	0	0	0	0	0	0	0	0	0	0	0	0	0	0	0	0	10	12	21	11	0	0	0	0	0	0	0	0	0	0	0	0	0	0	0	0	0	0	0	0	24	35	33	24	0	0	0	0	0	0	0	0	0	0	0	0	0	0	6	0	0	0	0	0	0	0	0	0	0	0	0	0	0	0	0	0	0	10	0	0	0	0	0	0	0	0	0	0	0	0	0	0	0	0	0	0	0	0	0	0	0	0	0	0	10	0	0	11	0	0	0	0	0	0	0	0	0	0	0	0	0	0	0	0	0	0	0	0	0	0	0	0	0	0	0	0	0	0	33	24
66	49	14	30	108	32	0	0	73	14	30	108	0	0	7	57	23	45	216	131	15	0	0	72	0	0	73	0	0	6	54	0	0	146	94	11	30	108	0	0	0	10	0	0	0	0	0	0	7	57	22	45	216	131	0	0	0	72	0	0	72	0	0	6	54	0	0	144	76	0	0	73	0	0	0	10	0	0	0	0	0	0	6	54	0	0	146	94	0	0	108	0	0	0	0	0	0	0	0	0	0	0	10	0	0	0	0	0	0	7	57	0	0	216	131	0	0	0	66	0	0	72	0	0	6	47	0	0	144	49	0	0	72	0	0	0	10	0	0	0	0	0	0	6	54	0	0	144	76	0	0	73	0	0	0	0	0	0	0	0	0	0	0	10	0	0	0	0	0	0	6	54	0	0	146	94	0	0	0	0	0	0	53	0	0	0	0	0	0	0	0	0	0	0	0	0	0	0	10	0	0	0	0	0	0	0	57	0	0	0	131
57	42	16	36	85	27	0	0	56	16	36	85	0	0	7	59	22	72	255	120	12	0	0	55	0	0	56	0	0	6	58	0	0	168	94	10	36	85	0	0	0	13	0	0	0	0	0	0	7	59	19	72	255	120	0	0	0	45	0	0	55	0	0	6	45	0	0	165	76	0	0	56	0	0	0	10	0	0	0	0	0	0	6	58	0	0	168	94	0	0	85	0	0	0	59	0	0	0	0	0	0	0	13	0	0	0	0	0	0	7	59	0	0	255	120	0	0	0	11	0	0	45	0	0	6	17	0	0	135	49	0	0	55	0	0	0	0	0	0	0	0	0	0	6	45	0	0	165	76	0	0	56	0	0	0	0	0	0	0	0	0	0	0	10	0	0	0	0	0	0	6	58	0	0	168	94	0	0	0	0	0	0	23	0	0	0	206	0	0	0	59	0	0	0	0	0	0	0	13	0	0	0	0	0	0	0	59	0	0	0	120
43	32	12	10	63	21	0	0	6	12	10	63	0	0	0	12	22	10	63	285	10	0	0	6	0	0	6	0	0	0	12	0	0	6	183	11	10	63	0	0	0	0	0	0	0	0	0	0	0	12	22	10	63	285	0	0	0	3	0	0	6	0	0	0	6	0	0	6	123	0	0	6	0	0	0	0	0	0	0	0	0	0	0	12	0	0	6	183	0	0	63	0	0	0	9	0	0	0	0	0	0	0	0	0	0	0	0	0	0	0	12	0	0	63	285	0	0	0	0	0	0	3	0	0	0	0	0	0	3	91	0	0	6	0	0	0	0	0	0	0	0	0	0	0	6	0	0	6	123	0	0	6	0	0	0	0	0	0	0	0	0	0	0	0	0	0	0	0	0	0	0	12	0	0	6	183	0	0	0	0	0	0	0	0	0	0	0	0	0	0	9	0	0	0	0	0	0	0	0	0	0	0	0	0	0	0	12	0	0	0	285
38	28	13	16	43	18	0	0	0	13	16	43	0	0	0	0	21	24	86	213	8	0	0	0	0	0	0	0	0	0	0	0	0	0	138	10	16	43	0	0	0	0	0	0	0	0	0	0	0	0	20	24	86	213	0	0	0	0	0	0	0	0	0	0	0	0	0	0	79	0	0	0	0	0	0	0	0	0	0	0	0	0	0	0	0	0	0	138	0	0	43	0	0	0	0	0	0	0	0	0	0	0	0	0	0	0	0	0	0	0	0	0	0	86	213	0	0	0	0	0	0	0	0	0	0	0	0	0	0	49	0	0	0	0	0	0	0	0	0	0	0	0	0	0	0	0	0	0	79	0	0	0	0	0	0	0	0	0	0	0	0	0	0	0	0	0	0	0	0	0	0	0	0	0	0	138	0	0	0	0	0	0	0	0	0	0	0	0	0	0	0	0	0	0	0	0	0	0	0	0	0	0	0	0	0	0	0	0	0	0	213
32	23	18	20	14	14	0	0	0	18	20	14	0	0	0	0	19	50	56	94	5	0	0	0	0	0	0	0	0	0	0	0	0	0	75	8	20	14	0	0	0	0	0	0	0	0	0	0	0	0	13	50	56	94	0	0	0	0	0	0	0	0	0	0	0	0	0	0	57	0	0	0	0	0	0	0	0	0	0	0	0	0	0	0	0	0	0	75	0	0	14	0	0	0	0	0	0	0	0	0	0	0	0	0	0	0	0	0	0	0	0	0	0	56	94	0	0	0	0	0	0	0	0	0	0	0	0	0	0	33	0	0	0	0	0	0	0	0	0	0	0	0	0	0	0	0	0	0	57	0	0	0	0	0	0	0	0	0	0	0	0	0	0	0	0	0	0	0	0	0	0	0	0	0	0	75	0	0	0	0	0	0	0	0	0	0	0	0	0	0	0	0	0	0	0	0	0	0	0	0	0	0	0	0	0	0	0	0	0	0	94
31	20	14	18	49	9	0	0	7	13	18	49	0	0	0	14	9	9	98	250	0	0	0	6	0	0	7	0	0	0	12	0	0	14	129	0	0	49	0	0	0	6	0	0	0	0	0	0	0	14	0	0	98	250	0	0	0	6	0	0	6	0	0	0	12	0	0	12	127	0	0	7	0	0	0	6	0	0	0	0	0	0	0	12	0	0	14	129	0	0	0	0	0	0	0	0	0	0	0	0	0	0	6	0	0	0	0	0	0	0	14	0	0	0	250	0	0	0	6	0	0	6	0	0	0	12	0	0	12	117	0	0	6	0	0	0	6	0	0	0	0	0	0	0	12	0	0	12	127	0	0	0	0	0	0	0	0	0	0	0	0	0	0	6	0	0	0	0	0	0	0	12	0	0	0	129	0	0	0	0	0	0	0	0	0	0	0	0	0	0	0	0	0	0	0	0	0	0	6	0	0	0	0	0	0	0	0	0	0	0	0
29	19	14	9	50	9	0	0	0	14	9	50	0	0	0	0	10	0	50	313	0	0	0	0	0	0	0	0	0	0	0	0	0	0	135	0	0	50	0	0	0	0	0	0	0	0	0	0	0	0	0	0	50	313	0	0	0	0	0	0	0	0	0	0	0	0	0	0	133	0	0	0	0	0	0	0	0	0	0	0	0	0	0	0	0	0	0	135	0	0	0	0	0	0	0	0	0	0	0	0	0	0	0	0	0	0	0	0	0	0	0	0	0	0	313	0	0	0	0	0	0	0	0	0	0	0	0	0	0	120	0	0	0	0	0	0	0	0	0	0	0	0	0	0	0	0	0	0	133	0	0	0	0	0	0	0	0	0	0	0	0	0	0	0	0	0	0	0	0	0	0	0	0	0	0	135	0	0	0	0	0	0	0	0	0	0	0	0	0	0	0	0	0	0	0	0	0	0	0	0	0	0	0	0	0	0	0	0	0	0	0
24	15	14	18	17	6	0	0	0	12	18	17	0	0	0	0	8	12	51	99	0	0	0	0	0	0	0	0	0	0	0	0	0	0	56	0	0	17	0	0	0	0	0	0	0	0	0	0	0	0	0	0	51	99	0	0	0	0	0	0	0	0	0	0	0	0	0	0	55	0	0	0	0	0	0	0	0	0	0	0	0	0	0	0	0	0	0	56	0	0	0	0	0	0	0	0	0	0	0	0	0	0	0	0	0	0	0	0	0	0	0	0	0	0	99	0	0	0	0	0	0	0	0	0	0	0	0	0	0	45	0	0	0	0	0	0	0	0	0	0	0	0	0	0	0	0	0	0	55	0	0	0	0	0	0	0	0	0	0	0	0	0	0	0	0	0	0	0	0	0	0	0	0	0	0	56	0	0	0	0	0	0	0	0	0	0	0	0	0	0	0	0	0	0	0	0	0	0	0	0	0	0	0	0	0	0	0	0	0	0	0
23	14	14	20	5	5	0	0	0	11	20	5	0	0	0	0	7	15	20	14	0	0	0	0	0	0	0	0	0	0	0	0	0	0	0	0	0	5	0	0	0	0	0	0	0	0	0	0	0	0	0	0	20	14	0	0	0	0	0	0	0	0	0	0	0	0	0	0	0	0	0	0	0	0	0	0	0	0	0	0	0	0	0	0	0	0	0	0	0	0	0	0	0	0	0	0	0	0	0	0	0	0	0	0	0	0	0	0	0	0	0	0	0	0	14	0	0	0	0	0	0	0	0	0	0	0	0	0	0	0	0	0	0	0	0	0	0	0	0	0	0	0	0	0	0	0	0	0	0	0	0	0	0	0	0	0	0	0	0	0	0	0	0	0	0	0	0	0	0	0	0	0	0	0	0	0	0	0	0	0	0	0	0	0	0	0	0	0	0	0	0	0	0	0	0	0	0	0	0	0	0	0	0	0	0	0	0	0	0	0	0
22	13	14	20	0	4	0	0	0	10	20	0	0	0	0	0	6	16	0	0	0	0	0	0	0	0	0	0	0	0	0	0	0	0	0	0	0	0	0	0	0	0	0	0	0	0	0	0	0	0	0	0	0	0	0	0	0	0	0	0	0	0	0	0	0	0	0	0	0	0	0	0	0	0	0	0	0	0	0	0	0	0	0	0	0	0	0	0	0	0	0	0	0	0	0	0	0	0	0	0	0	0	0	0	0	0	0	0	0	0	0	0	0	0	0	0	0	0	0	0	0	0	0	0	0	0	0	0	0	0	0	0	0	0	0	0	0	0	0	0	0	0	0	0	0	0	0	0	0	0	0	0	0	0	0	0	0	0	0	0	0	0	0	0	0	0	0	0	0	0	0	0	0	0	0	0	0	0	0	0	0	0	0	0	0	0	0	0	0	0	0	0	0	0	0	0	0	0	0	0	0	0	0	0	0	0	0	0	0	0	0
18	9	4	0	33	0	0	0	0	0	0	33	0	0	0	0	0	0	0	121	0	0	0	0	0	0	0	0	0	0	0	0	0	0	7	0	0	0	0	0	0	0	0	0	0	0	0	0	0	0	0	0	0	121	0	0	0	0	0	0	0	0	0	0	0	0	0	0	6	0	0	0	0	0	0	0	0	0	0	0	0	0	0	0	0	0	0	7	0	0	0	0	0	0	0	0	0	0	0	0	0	0	0	0	0	0	0	0	0	0	0	0	0	0	0	0	0	0	0	0	0	0	0	0	0	0	0	0	0	6	0	0	0	0	0	0	0	0	0	0	0	0	0	0	0	0	0	0	6	0	0	0	0	0	0	0	0	0	0	0	0	0	0	0	0	0	0	0	0	0	0	0	0	0	0	0	0	0	0	0	0	0	0	0	0	0	0	0	0	0	0	0	0	0	0	0	0	0	0	0	0	0	0	0	0	0	0	0	0	0	0
17	8	3	8	24	0	0	0	0	0	0	24	0	0	0	0	0	0	24	71	0	0	0	0	0	0	0	0	0	0	0	0	0	0	7	0	0	0	0	0	0	0	0	0	0	0	0	0	0	0	0	0	0	71	0	0	0	0	0	0	0	0	0	0	0	0	0	0	6	0	0	0	0	0	0	0	0	0	0	0	0	0	0	0	0	0	0	7	0	0	0	0	0	0	0	0	0	0	0	0	0	0	0	0	0	0	0	0	0	0	0	0	0	0	0	0	0	0	0	0	0	0	0	0	0	0	0	0	0	6	0	0	0	0	0	0	0	0	0	0	0	0	0	0	0	0	0	0	6	0	0	0	0	0	0	0	0	0	0	0	0	0	0	0	0	0	0	0	0	0	0	0	0	0	0	0	0	0	0	0	0	0	0	0	0	0	0	0	0	0	0	0	0	0	0	0	0	0	0	0	0	0	0	0	0	0	0	0	0	0	0
15	7	3	7	15	0	0	0	0	0	0	15	0	0	0	0	0	0	15	22	0	0	0	0	0	0	0	0	0	0	0	0	0	0	0	0	0	0	0	0	0	0	0	0	0	0	0	0	0	0	0	0	0	22	0	0	0	0	0	0	0	0	0	0	0	0	0	0	0	0	0	0	0	0	0	0	0	0	0	0	0	0	0	0	0	0	0	0	0	0	0	0	0	0	0	0	0	0	0	0	0	0	0	0	0	0	0	0	0	0	0	0	0	0	0	0	0	0	0	0	0	0	0	0	0	0	0	0	0	0	0	0	0	0	0	0	0	0	0	0	0	0	0	0	0	0	0	0	0	0	0	0	0	0	0	0	0	0	0	0	0	0	0	0	0	0	0	0	0	0	0	0	0	0	0	0	0	0	0	0	0	0	0	0	0	0	0	0	0	0	0	0	0	0	0	0	0	0	0	0	0	0	0	0	0	0	0	0	0	0	0
13	6	3	6	9	0	0	0	0	0	0	9	0	0	0	0	0	0	9	5	0	0	0	0	0	0	0	0	0	0	0	0	0	0	0	0	0	0	0	0	0	0	0	0	0	0	0	0	0	0	0	0	0	5	0	0	0	0	0	0	0	0	0	0	0	0	0	0	0	0	0	0	0	0	0	0	0	0	0	0	0	0	0	0	0	0	0	0	0	0	0	0	0	0	0	0	0	0	0	0	0	0	0	0	0	0	0	0	0	0	0	0	0	0	0	0	0	0	0	0	0	0	0	0	0	0	0	0	0	0	0	0	0	0	0	0	0	0	0	0	0	0	0	0	0	0	0	0	0	0	0	0	0	0	0	0	0	0	0	0	0	0	0	0	0	0	0	0	0	0	0	0	0	0	0	0	0	0	0	0	0	0	0	0	0	0	0	0	0	0	0	0	0	0	0	0	0	0	0	0	0	0	0	0	0	0	0	0	0	0	0
11	5	3	5	4	0	0	0	0	0	0	4	0	0	0	0	0	0	4	0	0	0	0	0	0	0	0	0	0	0	0	0	0	0	0	0	0	0	0	0	0	0	0	0	0	0	0	0	0	0	0	0	0	0	0	0	0	0	0	0	0	0	0	0	0	0	0	0	0	0	0	0	0	0	0	0	0	0	0	0	0	0	0	0	0	0	0	0	0	0	0	0	0	0	0	0	0	0	0	0	0	0	0	0	0	0	0	0	0	0	0	0	0	0	0	0	0	0	0	0	0	0	0	0	0	0	0	0	0	0	0	0	0	0	0	0	0	0	0	0	0	0	0	0	0	0	0	0	0	0	0	0	0	0	0	0	0	0	0	0	0	0	0	0	0	0	0	0	0	0	0	0	0	0	0	0	0	0	0	0	0	0	0	0	0	0	0	0	0	0	0	0	0	0	0	0	0	0	0	0	0	0	0	0	0	0	0	0	0	0	0
4	0	0	0	26	0	0	0	0	0	0	0	0	0	0	0	0	0	0	52	0	0	0	0	0	0	0	0	0	0	0	0	0	0	0	0	0	0	0	0	0	0	0	0	0	0	0	0	0	0	0	0	0	0	0	0	0	0	0	0	0	0	0	0	0	0	0	0	0	0	0	0	0	0	0	0	0	0	0	0	0	0	0	0	0	0	0	0	0	0	0	0	0	0	0	0	0	0	0	0	0	0	0	0	0	0	0	0	0	0	0	0	0	0	0	0	0	0	0	0	0	0	0	0	0	0	0	0	0	0	0	0	0	0	0	0	0	0	0	0	0	0	0	0	0	0	0	0	0	0	0	0	0	0	0	0	0	0	0	0	0	0	0	0	0	0	0	0	0	0	0	0	0	0	0	0	0	0	0	0	0	0	0	0	0	0	0	0	0	0	0	0	0	0	0	0	0	0	0	0	0	0	0	0	0	0	0	0	0	0	0
