140	134	26	9	0	128	7	5	0	26	9	0	8	0	0	0	65	24	0	0	122	6	5	0	7	5	0	3	0	0	0	22	20	0	0	26	9	0	0	0	0	0	2	0	0	0	8	0	0	0	65	24	0	0	116	6	5	0	6	5	0	3	0	0	0	19	20	0	0	7	5	0	0	0	0	0	2	0	0	0	3	0	0	0	22	20	0	0	26	9	0	0	0	0	0	0	0	0	0	0	0	0	0	2	0	0	0	8	0	0	0	65	24	0	0	110	6	5	0	6	5	0	3	0	0	0	19	20	0	0	6	5	0	0	0	0	0	2	0	0	0	3	0	0	0	19	20	0	0	7	5	0	0	0	0	0	0	0	0	0	0	0	0	0	2	0	0	0	3	0	0	0	22	20	0	0	26	9	0	0	0	0	0	0	0	0	0	0	0	0	0	0	0	0	0	0	0	0	0	2	0	0	0	8	0	0	0	65	24	0	0
160	154	24	8	0	148	8	0	0	24	8	0	8	0	0	0	60	12	0	0	142	7	0	0	8	0	0	3	0	0	0	26	0	0	0	24	8	0	0	0	0	0	2	0	0	0	8	0	0	0	60	12	0	0	136	7	0	0	7	0	0	3	0	0	0	23	0	0	0	8	0	0	0	0	0	0	2	0	0	0	3	0	0	0	26	0	0	0	24	8	0	0	0	0	0	0	0	0	0	0	0	0	0	2	0	0	0	8	0	0	0	60	12	0	0	130	7	0	0	7	0	0	3	0	0	0	23	0	0	0	7	0	0	0	0	0	0	2	0	0	0	3	0	0	0	23	0	0	0	8	0	0	0	0	0	0	0	0	0	0	0	0	0	0	2	0	0	0	3	0	0	0	26	0	0	0	24	8	0	0	0	0	0	0	0	0	0	0	0	0	0	0	0	0	0	0	0	0	0	2	0	0	0	8	0	0	0	60	12	0	0
186	179	34	12	0	172	16	0	0	34	12	0	20	0	0	0	89	24	0	0	165	15	0	0	16	0	0	15	0	0	0	53	0	0	0	34	12	0	8	0	0	0	4	0	0	0	20	0	0	0	89	24	0	0	158	15	0	0	15	0	0	15	0	0	0	50	0	0	0	16	0	0	8	0	0	0	4	0	0	0	15	0	0	0	53	0	0	0	34	12	0	3	0	0	0	5	0	0	0	8	0	0	0	4	0	0	0	20	0	0	0	89	24	0	0	151	15	0	0	15	0	0	15	0	0	0	50	0	0	0	15	0	0	8	0	0	0	4	0	0	0	15	0	0	0	50	0	0	0	16	0	0	3	0	0	0	5	0	0	0	8	0	0	0	4	0	0	0	15	0	0	0	53	0	0	0	33	12	0	1	0	0	0	2	0	0	0	3	0	0	0	4	0	0	0	8	0	0	0	4	0	0	0	20	0	0	0	88	24	0	0
218	209	42	24	0	200	17	8	0	42	24	0	20	0	0	0	103	72	0	0	191	16	8	0	17	8	0	15	0	0	0	54	32	0	0	42	24	0	8	0	0	0	6	0	0	0	20	0	0	0	103	72	0	0	182	16	8	0	16	8	0	15	0	0	0	51	32	0	0	17	8	0	8	0	0	0	6	0	0	0	15	0	0	0	54	32	0	0	42	24	0	3	0	0	0	5	0	0	0	8	0	0	0	6	0	0	0	20	0	0	0	103	72	0	0	173	16	8	0	16	8	0	15	0	0	0	51	32	0	0	16	8	0	8	0	0	0	6	0	0	0	15	0	0	0	51	32	0	0	17	8	0	3	0	0	0	5	0	0	0	8	0	0	0	6	0	0	0	15	0	0	0	54	32	0	0	41	24	0	1	0	0	0	2	0	0	0	3	0	0	0	4	0	0	0	8	0	0	0	6	0	0	0	20	0	0	0	102	72	0	0
288	274	58	72	0	260	20	44	0	58	72	0	21	50	0	0	132	200	0	0	246	19	40	0	20	44	0	17	30	0	0	61	122	0	0	58	72	0	10	0	0	0	8	10	0	0	21	50	0	0	132	200	0	0	232	19	40	0	19	40	0	17	30	0	0	59	110	0	0	20	44	0	10	0	0	0	8	10	0	0	17	30	0	0	61	122	0	0	58	72	0	7	0	0	0	11	0	0	0	10	0	0	0	8	10	0	0	21	50	0	0	132	200	0	0	218	19	40	0	19	40	0	17	30	0	0	59	110	0	0	19	40	0	10	0	0	0	8	10	0	0	17	30	0	0	59	110	0	0	20	44	0	7	0	0	0	11	0	0	0	10	0	0	0	8	10	0	0	17	30	0	0	61	122	0	0	56	72	0	3	0	0	0	5	0	0	0	7	0	0	0	9	0	0	0	10	0	0	0	8	10	0	0	21	50	0	0	130	200	0	0
266	255	38	19	20	244	20	10	0	37	19	20	20	0	4	0	89	40	20	0	233	19	10	0	19	10	0	16	0	0	0	57	40	0	0	37	19	20	8	0	0	0	5	10	0	0	20	0	4	0	89	40	20	0	222	19	10	0	18	10	0	16	0	0	0	55	40	0	0	19	10	0	8	0	0	0	5	10	0	0	16	0	0	0	57	40	0	0	37	19	20	4	0	0	0	6	0	0	0	8	0	0	0	5	10	0	0	20	0	4	0	89	40	20	0	211	19	10	0	18	10	0	16	0	0	0	55	40	0	0	18	10	0	8	0	0	0	5	10	0	0	16	0	0	0	55	40	0	0	19	10	0	4	0	0	0	6	0	0	0	8	0	0	0	5	10	0	0	16	0	0	0	57	40	0	0	35	19	20	2	0	0	0	2	0	0	0	3	0	0	0	4	0	0	0	8	0	0	0	5	10	0	0	20	0	4	0	87	40	20	0
258	248	41	16	16	238	25	0	0	40	16	16	21	0	4	0	98	24	32	0	228	25	0	0	24	0	0	21	0	0	0	70	0	0	0	40	16	16	10	0	0	0	9	0	0	0	21	0	4	0	98	24	32	0	218	25	0	0	24	0	0	21	0	0	0	70	0	0	0	24	0	0	10	0	0	0	9	0	0	0	21	0	0	0	70	0	0	0	40	16	16	8	0	0	0	12	0	0	0	10	0	0	0	9	0	0	0	21	0	4	0	98	24	32	0	208	25	0	0	24	0	0	21	0	0	0	70	0	0	0	24	0	0	10	0	0	0	9	0	0	0	21	0	0	0	70	0	0	0	24	0	0	8	0	0	0	12	0	0	0	10	0	0	0	9	0	0	0	21	0	0	0	70	0	0	0	37	16	16	4	0	0	0	5	0	0	0	7	0	0	0	9	0	0	0	10	0	0	0	9	0	0	0	21	0	4	0	95	24	32	0
304	286	71	125	12	268	27	92	0	69	125	12	30	145	4	0	159	365	36	0	250	25	84	0	25	92	0	21	130	0	0	65	297	0	0	69	125	12	25	88	0	0	14	21	0	0	30	145	4	0	159	365	36	0	232	20	81	0	23	84	0	17	122	0	0	60	277	0	0	25	92	0	4	83	0	0	8	20	0	0	21	130	0	0	65	297	0	0	68	125	12	15	31	0	0	14	57	0	0	24	88	0	0	13	21	0	0	30	145	4	0	158	365	36	0	215	18	80	0	19	81	0	9	120	0	0	49	271	0	0	23	84	0	2	80	0	0	8	20	0	0	17	122	0	0	60	277	0	0	25	92	0	5	30	0	0	10	55	0	0	4	83	0	0	8	20	0	0	21	130	0	0	65	297	0	0	59	108	12	3	10	0	0	3	20	0	0	14	31	0	0	5	40	0	0	24	88	0	0	13	21	0	0	30	145	4	0	142	348	36	0
270	258	51	44	8	246	28	20	0	48	44	8	26	0	4	0	111	92	32	0	234	26	20	0	25	20	0	21	0	0	0	70	50	0	0	48	44	8	10	0	0	0	8	20	0	0	26	0	4	0	111	92	32	0	222	26	20	0	23	20	0	21	0	0	0	66	50	0	0	25	20	0	10	0	0	0	8	20	0	0	21	0	0	0	70	50	0	0	48	44	8	8	0	0	0	12	0	0	0	10	0	0	0	8	20	0	0	26	0	4	0	111	92	32	0	210	26	20	0	23	20	0	21	0	0	0	66	50	0	0	23	20	0	10	0	0	0	8	20	0	0	21	0	0	0	66	50	0	0	25	20	0	8	0	0	0	12	0	0	0	10	0	0	0	8	20	0	0	21	0	0	0	70	50	0	0	45	44	8	4	0	0	0	5	0	0	0	7	0	0	0	9	0	0	0	10	0	0	0	8	20	0	0	26	0	4	0	108	92	32	0
230	221	45	20	4	212	27	0	0	42	20	4	21	0	4	0	101	35	16	0	203	27	0	0	24	0	0	21	0	0	0	67	0	0	0	42	20	4	10	0	0	0	10	0	0	0	21	0	4	0	101	35	16	0	194	27	0	0	24	0	0	21	0	0	0	67	0	0	0	24	0	0	10	0	0	0	10	0	0	0	21	0	0	0	67	0	0	0	42	20	4	8	0	0	0	12	0	0	0	10	0	0	0	10	0	0	0	21	0	4	0	101	35	16	0	185	27	0	0	24	0	0	21	0	0	0	67	0	0	0	24	0	0	10	0	0	0	10	0	0	0	21	0	0	0	67	0	0	0	24	0	0	8	0	0	0	12	0	0	0	10	0	0	0	10	0	0	0	21	0	0	0	67	0	0	0	39	20	4	4	0	0	0	5	0	0	0	7	0	0	0	9	0	0	0	10	0	0	0	10	0	0	0	21	0	4	0	98	35	16	0
336	318	81	112	35	300	53	80	4	75	112	35	56	64	0	20	175	257	105	40	282	49	78	0	47	80	4	43	64	0	0	128	192	12	0	75	112	35	36	28	0	0	18	40	0	0	56	64	0	20	175	257	105	40	264	43	74	0	43	78	0	39	62	0	0	121	188	0	0	47	80	4	13	24	0	0	11	36	0	0	43	64	0	0	128	192	12	0	74	112	35	20	52	0	0	25	77	0	0	35	28	0	0	17	40	0	0	56	64	0	20	174	257	105	40	247	40	72	0	38	74	0	30	60	0	0	105	182	0	0	43	78	0	11	24	0	0	11	36	0	0	39	62	0	0	121	188	0	0	47	80	4	8	48	0	0	23	76	0	0	13	24	0	0	11	36	0	0	43	64	0	0	128	192	12	0	65	95	35	10	24	0	0	13	36	0	0	17	52	0	0	13	60	0	0	35	28	0	0	17	40	0	0	56	64	0	20	155	240	105	40
235	223	44	30	35	212	30	29	0	40	19	35	24	9	0	0	98	37	0	60	201	29	29	0	26	18	0	21	9	0	0	69	36	0	0	40	19	35	11	0	0	0	12	0	0	0	24	9	0	0	98	37	0	60	190	28	28	0	25	18	0	21	9	0	0	69	36	0	0	26	18	0	10	0	0	0	11	0	0	0	21	9	0	0	69	36	0	0	39	19	35	11	10	0	0	23	10	0	0	10	0	0	0	11	0	0	0	24	9	0	0	97	37	0	60	180	28	27	0	25	18	0	21	9	0	0	69	36	0	0	25	18	0	10	0	0	0	11	0	0	0	21	9	0	0	69	36	0	0	26	18	0	11	9	0	0	21	9	0	0	10	0	0	0	11	0	0	0	21	9	0	0	69	36	0	0	32	9	35	11	9	0	0	12	0	0	0	9	0	0	0	16	0	0	0	10	0	0	0	11	0	0	0	24	9	0	0	84	27	0	60
230	220	57	23	18	210	42	9	0	53	23	18	37	0	0	0	117	51	36	24	200	40	9	0	38	9	0	33	0	0	0	97	9	0	0	53	23	18	10	0	0	0	16	9	0	0	37	0	0	0	117	51	36	24	190	40	9	0	36	9	0	33	0	0	0	95	9	0	0	38	9	0	10	0	0	0	16	9	0	0	33	0	0	0	97	9	0	0	53	23	18	12	0	0	0	28	0	0	0	10	0	0	0	16	9	0	0	37	0	0	0	117	51	36	24	180	40	9	0	36	9	0	33	0	0	0	95	9	0	0	36	9	0	10	0	0	0	16	9	0	0	33	0	0	0	95	9	0	0	38	9	0	12	0	0	0	28	0	0	0	10	0	0	0	16	9	0	0	33	0	0	0	97	9	0	0	48	23	18	12	0	0	0	14	0	0	0	9	0	0	0	22	0	0	0	10	0	0	0	16	9	0	0	37	0	0	0	109	51	36	24
200	190	39	28	11	182	27	16	0	36	12	11	15	0	0	0	75	24	22	12	174	26	16	0	24	0	0	12	0	0	0	55	0	0	0	36	12	11	2	0	0	0	10	0	0	0	15	0	0	0	75	24	22	12	166	26	16	0	23	0	0	12	0	0	0	55	0	0	0	24	0	0	2	0	0	0	10	0	0	0	12	0	0	0	55	0	0	0	36	12	11	9	0	0	0	18	0	0	0	2	0	0	0	10	0	0	0	15	0	0	0	75	24	22	12	158	26	16	0	23	0	0	12	0	0	0	55	0	0	0	23	0	0	2	0	0	0	10	0	0	0	12	0	0	0	55	0	0	0	24	0	0	9	0	0	0	18	0	0	0	2	0	0	0	10	0	0	0	12	0	0	0	55	0	0	0	32	12	11	11	0	0	0	11	0	0	0	6	0	0	0	13	0	0	0	2	0	0	0	10	0	0	0	15	0	0	0	68	24	22	12
243	227	75	104	0	212	45	85	0	68	89	0	44	44	0	0	165	189	0	0	197	43	81	0	38	70	0	38	32	0	0	107	161	0	0	68	89	0	42	0	0	0	24	20	0	0	44	44	0	0	165	189	0	0	182	33	77	0	36	66	0	34	32	0	0	102	161	0	0	38	70	0	9	0	0	0	7	16	0	0	38	32	0	0	107	161	0	0	62	89	0	23	50	0	0	19	95	0	0	33	0	0	0	18	20	0	0	44	44	0	0	148	189	0	0	169	26	69	0	29	64	0	19	32	0	0	79	156	0	0	36	66	0	7	0	0	0	7	16	0	0	34	32	0	0	102	161	0	0	37	70	0	5	42	0	0	19	95	0	0	9	0	0	0	7	16	0	0	38	32	0	0	104	161	0	0	53	63	0	4	64	0	0	7	56	0	0	22	24	0	0	7	56	0	0	33	0	0	0	18	20	0	0	41	44	0	0	125	124	0	0
194	183	55	39	19	173	37	31	0	52	29	19	26	14	4	0	126	67	19	46	163	37	31	0	34	21	0	26	14	0	0	102	63	0	4	52	29	19	7	0	0	0	12	0	0	0	26	14	4	0	126	67	19	46	153	36	31	0	34	21	0	26	14	0	0	102	63	0	0	34	21	0	5	0	0	0	11	0	0	0	26	14	0	0	102	63	0	4	50	29	19	10	0	0	0	30	9	0	0	7	0	0	0	10	0	0	0	26	14	4	0	118	67	19	46	143	35	31	0	33	21	0	25	14	0	0	97	63	0	0	34	21	0	5	0	0	0	11	0	0	0	26	14	0	0	102	63	0	0	32	21	0	8	0	0	0	21	7	0	0	5	0	0	0	9	0	0	0	26	14	0	0	94	63	0	4	44	29	19	16	0	0	0	26	9	0	0	8	0	0	0	22	9	0	0	7	0	0	0	10	0	0	0	22	14	4	0	101	67	19	46
240	226	78	71	13	212	48	51	0	76	71	13	34	70	4	0	183	170	26	35	198	47	48	0	46	51	0	33	64	0	0	136	147	0	4	76	71	13	5	24	0	0	22	13	0	0	34	70	4	0	183	170	26	35	184	46	48	0	45	48	0	33	64	0	0	134	144	0	0	46	51	0	3	24	0	0	16	11	0	0	33	64	0	0	136	147	0	4	74	71	13	18	0	0	0	48	11	0	0	5	24	0	0	20	13	0	0	34	70	4	0	175	170	26	35	170	43	48	0	44	48	0	32	64	0	0	129	144	0	0	45	48	0	3	24	0	0	16	8	0	0	33	64	0	0	134	144	0	0	44	51	0	8	0	0	0	29	8	0	0	3	24	0	0	14	11	0	0	33	64	0	0	128	147	0	4	67	71	13	16	0	0	0	33	30	0	0	16	0	0	0	38	11	0	0	5	24	0	0	20	13	0	0	30	70	4	0	154	170	26	35
284	271	67	47	26	258	51	23	0	63	47	26	41	0	4	0	138	61	78	64	245	49	23	0	47	23	0	37	0	0	0	130	45	0	4	63	47	26	6	0	0	0	15	23	0	0	41	0	4	0	138	61	78	64	232	49	23	0	45	23	0	37	0	0	0	124	45	0	0	47	23	0	6	0	0	0	15	23	0	0	37	0	0	0	130	45	0	4	63	47	26	8	0	0	0	24	0	0	0	6	0	0	0	15	23	0	0	41	0	4	0	138	61	78	64	219	49	23	0	45	23	0	37	0	0	0	124	45	0	0	45	23	0	6	0	0	0	15	23	0	0	37	0	0	0	124	45	0	0	47	23	0	8	0	0	0	24	0	0	0	6	0	0	0	15	23	0	0	37	0	0	0	130	45	0	4	60	47	26	10	0	0	0	20	0	0	0	6	0	0	0	20	0	0	0	6	0	0	0	15	23	0	0	41	0	4	0	132	61	78	64
257	241	73	104	7	225	40	81	0	73	104	7	36	104	0	0	164	236	21	18	209	35	81	0	40	81	0	23	104	0	0	119	206	0	0	73	104	7	24	0	0	0	18	41	0	0	36	104	0	0	164	236	21	18	193	29	81	0	35	81	0	17	104	0	0	101	206	0	0	40	81	0	4	0	0	0	8	38	0	0	23	104	0	0	119	206	0	0	73	104	7	5	0	0	0	5	54	0	0	24	0	0	0	18	41	0	0	36	104	0	0	164	236	21	18	177	27	81	0	29	81	0	16	104	0	0	83	206	0	0	35	81	0	4	0	0	0	8	38	0	0	17	104	0	0	101	206	0	0	40	81	0	0	0	0	0	5	54	0	0	4	0	0	0	8	38	0	0	23	104	0	0	119	206	0	0	71	104	7	0	0	0	0	10	20	0	0	5	0	0	0	1	54	0	0	24	0	0	0	18	41	0	0	36	104	0	0	156	236	21	18
249	236	72	66	0	223	41	50	0	71	66	0	39	32	0	0	165	188	0	0	210	40	50	0	40	50	0	36	32	0	0	112	168	0	0	71	66	0	4	0	0	0	30	10	0	0	39	32	0	0	165	188	0	0	197	40	50	0	39	50	0	36	32	0	0	108	168	0	0	40	50	0	4	0	0	0	12	7	0	0	36	32	0	0	112	168	0	0	71	66	0	20	0	0	0	36	0	0	0	4	0	0	0	30	10	0	0	39	32	0	0	165	188	0	0	184	37	50	0	39	50	0	36	32	0	0	108	168	0	0	39	50	0	4	0	0	0	12	7	0	0	36	32	0	0	108	168	0	0	40	50	0	9	0	0	0	19	0	0	0	4	0	0	0	12	7	0	0	36	32	0	0	112	168	0	0	70	66	0	24	0	0	0	22	26	0	0	20	0	0	0	34	0	0	0	4	0	0	0	30	10	0	0	39	32	0	0	161	188	0	0
193	184	45	8	35	175	39	8	4	43	8	35	31	0	0	12	113	32	0	65	166	39	8	0	37	8	4	31	0	0	0	103	32	0	0	43	8	35	4	0	0	0	13	0	0	0	31	0	0	12	113	32	0	65	157	39	8	0	37	8	0	31	0	0	0	103	32	0	0	37	8	4	4	0	0	0	13	0	0	0	31	0	0	0	103	32	0	0	43	8	35	4	0	0	0	24	0	0	0	4	0	0	0	13	0	0	0	31	0	0	12	113	32	0	65	148	39	8	0	37	8	0	31	0	0	0	103	32	0	0	37	8	0	4	0	0	0	13	0	0	0	31	0	0	0	103	32	0	0	37	8	4	4	0	0	0	18	0	0	0	4	0	0	0	13	0	0	0	31	0	0	0	103	32	0	0	41	8	35	8	0	0	0	21	0	0	0	2	0	0	0	21	0	0	0	4	0	0	0	13	0	0	0	31	0	0	12	108	32	0	65
254	242	51	38	22	230	33	28	0	51	38	22	29	19	0	0	123	86	22	46	218	32	27	0	33	28	0	26	18	0	0	92	82	0	0	51	38	22	3	9	0	0	20	10	0	0	29	19	0	0	123	86	22	46	206	32	27	0	32	27	0	26	18	0	0	88	81	0	0	33	28	0	3	9	0	0	12	9	0	0	26	18	0	0	92	82	0	0	51	38	22	0	0	0	0	12	0	0	0	3	9	0	0	20	10	0	0	29	19	0	0	123	86	22	46	194	32	27	0	32	27	0	26	18	0	0	88	81	0	0	32	27	0	3	9	0	0	12	9	0	0	26	18	0	0	88	81	0	0	33	28	0	0	0	0	0	7	0	0	0	3	9	0	0	12	9	0	0	26	18	0	0	92	82	0	0	51	38	22	0	0	0	0	10	0	0	0	0	0	0	0	12	0	0	0	3	9	0	0	20	10	0	0	29	19	0	0	123	86	22	46
176	168	33	13	16	160	26	7	0	33	13	16	22	0	0	0	77	21	16	33	152	25	7	0	26	7	0	19	0	0	0	73	21	0	0	33	13	16	1	0	0	0	10	7	0	0	22	0	0	0	77	21	16	33	144	25	7	0	25	7	0	19	0	0	0	69	21	0	0	26	7	0	1	0	0	0	10	7	0	0	19	0	0	0	73	21	0	0	33	13	16	0	0	0	0	6	0	0	0	1	0	0	0	10	7	0	0	22	0	0	0	77	21	16	33	136	25	7	0	25	7	0	19	0	0	0	69	21	0	0	25	7	0	1	0	0	0	10	7	0	0	19	0	0	0	69	21	0	0	26	7	0	0	0	0	0	6	0	0	0	1	0	0	0	10	7	0	0	19	0	0	0	73	21	0	0	33	13	16	0	0	0	0	6	0	0	0	0	0	0	0	6	0	0	0	1	0	0	0	10	7	0	0	22	0	0	0	77	21	16	33
166	158	23	22	0	150	11	12	0	23	22	0	8	6	0	0	47	28	0	0	142	10	12	0	11	12	0	5	6	0	0	30	24	0	0	23	22	0	1	0	0	0	3	6	0	0	8	6	0	0	47	28	0	0	134	10	12	0	10	12	0	5	6	0	0	26	24	0	0	11	12	0	1	0	0	0	3	6	0	0	5	6	0	0	30	24	0	0	23	22	0	0	0	0	0	0	0	0	0	1	0	0	0	3	6	0	0	8	6	0	0	47	28	0	0	126	10	12	0	10	12	0	5	6	0	0	26	24	0	0	10	12	0	1	0	0	0	3	6	0	0	5	6	0	0	26	24	0	0	11	12	0	0	0	0	0	0	0	0	0	1	0	0	0	3	6	0	0	5	6	0	0	30	24	0	0	23	22	0	0	0	0	0	2	0	0	0	0	0	0	0	0	0	0	0	1	0	0	0	3	6	0	0	8	6	0	0	47	28	0	0
187	178	31	25	0	169	13	14	0	31	25	0	10	7	0	0	65	49	0	0	160	12	14	0	13	14	0	7	7	0	0	32	28	0	0	31	25	0	1	0	0	0	2	7	0	0	10	7	0	0	65	49	0	0	151	12	14	0	12	14	0	7	7	0	0	28	28	0	0	13	14	0	1	0	0	0	2	7	0	0	7	7	0	0	32	28	0	0	31	25	0	0	0	0	0	0	0	0	0	1	0	0	0	2	7	0	0	10	7	0	0	65	49	0	0	142	12	14	0	12	14	0	7	7	0	0	28	28	0	0	12	14	0	1	0	0	0	2	7	0	0	7	7	0	0	28	28	0	0	13	14	0	0	0	0	0	0	0	0	0	1	0	0	0	2	7	0	0	7	7	0	0	32	28	0	0	31	25	0	0	0	0	0	4	0	0	0	0	0	0	0	0	0	0	0	1	0	0	0	2	7	0	0	10	7	0	0	65	49	0	0
154	147	15	0	19	140	10	0	0	15	0	19	5	0	0	0	38	0	0	38	133	10	0	0	10	0	0	5	0	0	0	25	0	0	0	15	0	19	1	0	0	0	4	0	0	0	5	0	0	0	38	0	0	38	126	10	0	0	10	0	0	5	0	0	0	25	0	0	0	10	0	0	1	0	0	0	4	0	0	0	5	0	0	0	25	0	0	0	15	0	19	0	0	0	0	0	0	0	0	1	0	0	0	4	0	0	0	5	0	0	0	38	0	0	38	119	10	0	0	10	0	0	5	0	0	0	25	0	0	0	10	0	0	1	0	0	0	4	0	0	0	5	0	0	0	25	0	0	0	10	0	0	0	0	0	0	0	0	0	0	1	0	0	0	4	0	0	0	5	0	0	0	25	0	0	0	15	0	19	0	0	0	0	2	0	0	0	0	0	0	0	0	0	0	0	1	0	0	0	4	0	0	0	5	0	0	0	38	0	0	38
88	84	7	0	5	80	6	0	0	7	0	5	3	0	0	0	16	0	0	0	76	6	0	0	6	0	0	3	0	0	0	13	0	0	0	7	0	5	0	0	0	0	2	0	0	0	3	0	0	0	16	0	0	0	72	6	0	0	6	0	0	3	0	0	0	13	0	0	0	6	0	0	0	0	0	0	2	0	0	0	3	0	0	0	13	0	0	0	7	0	5	0	0	0	0	0	0	0	0	0	0	0	0	2	0	0	0	3	0	0	0	16	0	0	0	68	6	0	0	6	0	0	3	0	0	0	13	0	0	0	6	0	0	0	0	0	0	2	0	0	0	3	0	0	0	13	0	0	0	6	0	0	0	0	0	0	0	0	0	0	0	0	0	0	2	0	0	0	3	0	0	0	13	0	0	0	7	0	5	0	0	0	0	1	0	0	0	0	0	0	0	0	0	0	0	0	0	0	0	2	0	0	0	3	0	0	0	16	0	0	0
184	175	27	21	5	166	10	14	0	27	21	5	6	7	0	0	58	54	5	0	157	10	14	0	10	14	0	6	7	0	0	23	35	0	0	27	21	5	0	0	0	0	3	0	0	0	6	7	0	0	58	54	5	0	148	10	14	0	10	14	0	6	7	0	0	23	35	0	0	10	14	0	0	0	0	0	3	0	0	0	6	7	0	0	23	35	0	0	27	21	5	3	0	0	0	5	0	0	0	0	0	0	0	3	0	0	0	6	7	0	0	58	54	5	0	139	9	14	0	10	14	0	6	7	0	0	23	35	0	0	10	14	0	0	0	0	0	3	0	0	0	6	7	0	0	23	35	0	0	10	14	0	0	0	0	0	2	0	0	0	0	0	0	0	3	0	0	0	6	7	0	0	23	35	0	0	27	21	5	6	0	0	0	5	6	0	0	3	0	0	0	5	0	0	0	0	0	0	0	3	0	0	0	6	7	0	0	58	54	5	0
172	164	32	16	2	156	16	0	0	32	16	2	12	0	0	0	74	40	8	0	148	16	0	0	16	0	0	12	0	0	0	39	0	0	0	32	16	2	0	0	0	0	6	0	0	0	12	0	0	0	74	40	8	0	140	16	0	0	16	0	0	12	0	0	0	39	0	0	0	16	0	0	0	0	0	0	6	0	0	0	12	0	0	0	39	0	0	0	32	16	2	3	0	0	0	14	0	0	0	0	0	0	0	6	0	0	0	12	0	0	0	74	40	8	0	132	15	0	0	16	0	0	12	0	0	0	39	0	0	0	16	0	0	0	0	0	0	6	0	0	0	12	0	0	0	39	0	0	0	16	0	0	0	0	0	0	5	0	0	0	0	0	0	0	6	0	0	0	12	0	0	0	39	0	0	0	32	16	2	18	0	0	0	10	4	0	0	3	0	0	0	14	0	0	0	0	0	0	0	6	0	0	0	12	0	0	0	74	40	8	0
217	206	38	41	2	195	13	24	0	38	41	2	10	16	0	0	81	86	10	0	184	13	24	0	13	24	0	10	16	0	0	34	40	0	0	38	41	2	0	0	0	0	6	0	0	0	10	16	0	0	81	86	10	0	173	13	24	0	13	24	0	10	16	0	0	34	40	0	0	13	24	0	0	0	0	0	6	0	0	0	10	16	0	0	34	40	0	0	38	41	2	3	0	0	0	18	0	0	0	0	0	0	0	6	0	0	0	10	16	0	0	81	86	10	0	162	12	24	0	13	24	0	10	16	0	0	34	40	0	0	13	24	0	0	0	0	0	6	0	0	0	10	16	0	0	34	40	0	0	13	24	0	0	0	0	0	5	0	0	0	0	0	0	0	6	0	0	0	10	16	0	0	34	40	0	0	38	41	2	18	0	0	0	13	3	0	0	3	0	0	0	18	0	0	0	0	0	0	0	6	0	0	0	10	16	0	0	81	86	10	0
256	243	48	53	13	230	21	30	0	48	53	13	18	20	0	0	106	140	39	9	217	20	30	0	21	30	0	17	20	0	0	55	100	0	0	48	53	13	8	0	0	0	20	11	0	0	18	20	0	0	106	140	39	9	204	15	27	0	20	30	0	15	20	0	0	51	100	0	0	21	30	0	0	0	0	0	6	10	0	0	17	20	0	0	55	100	0	0	48	53	13	6	21	0	0	25	43	0	0	8	0	0	0	20	11	0	0	18	20	0	0	106	140	39	9	191	12	14	0	15	27	0	9	14	0	0	34	85	0	0	20	30	0	0	0	0	0	6	10	0	0	15	20	0	0	51	100	0	0	21	30	0	0	0	0	0	7	20	0	0	0	0	0	0	6	10	0	0	17	20	0	0	55	100	0	0	48	53	13	12	42	0	0	12	21	13	0	6	21	0	0	25	43	0	0	8	0	0	0	20	11	0	0	18	20	0	0	106	140	39	9
161	153	26	13	7	145	11	7	0	26	13	7	10	0	0	0	59	6	7	4	137	11	7	0	11	7	0	10	0	0	0	30	0	0	0	26	13	7	0	0	0	0	7	0	0	0	10	0	0	0	59	6	7	4	129	11	7	0	11	7	0	10	0	0	0	30	0	0	0	11	7	0	0	0	0	0	5	0	0	0	10	0	0	0	30	0	0	0	26	13	7	3	0	0	0	19	0	0	0	0	0	0	0	7	0	0	0	10	0	0	0	59	6	7	4	121	10	7	0	11	7	0	10	0	0	0	30	0	0	0	11	7	0	0	0	0	0	5	0	0	0	10	0	0	0	30	0	0	0	11	7	0	0	0	0	0	5	0	0	0	0	0	0	0	5	0	0	0	10	0	0	0	30	0	0	0	26	13	7	18	0	0	0	11	0	0	0	3	0	0	0	19	0	0	0	0	0	0	0	7	0	0	0	10	0	0	0	59	6	7	4
166	158	33	12	7	150	17	0	0	33	12	7	16	0	0	0	74	18	14	4	142	17	0	0	17	0	0	16	0	0	0	45	0	0	0	33	12	7	6	0	0	0	10	0	0	0	16	0	0	0	74	18	14	4	134	14	0	0	17	0	0	16	0	0	0	45	0	0	0	17	0	0	0	0	0	0	6	0	0	0	16	0	0	0	45	0	0	0	33	12	7	7	0	0	0	19	18	0	0	6	0	0	0	10	0	0	0	16	0	0	0	74	18	14	4	126	11	0	0	14	0	0	10	0	0	0	35	0	0	0	17	0	0	0	0	0	0	6	0	0	0	16	0	0	0	45	0	0	0	17	0	0	0	0	0	0	7	0	0	0	0	0	0	0	6	0	0	0	16	0	0	0	45	0	0	0	33	12	7	18	0	0	0	12	12	0	0	7	0	0	0	19	18	0	0	6	0	0	0	10	0	0	0	16	0	0	0	74	18	14	4
284	269	54	80	7	254	20	50	0	54	80	7	31	60	0	0	111	213	28	4	239	16	50	0	20	50	0	15	60	0	0	52	150	0	0	54	80	7	13	0	0	0	11	40	0	0	31	60	0	0	111	213	28	4	224	10	50	0	16	50	0	10	60	0	0	40	150	0	0	20	50	0	0	0	0	0	3	40	0	0	15	60	0	0	52	150	0	0	54	80	7	9	0	0	0	20	48	0	0	13	0	0	0	11	40	0	0	31	60	0	0	111	213	28	4	209	6	38	0	10	50	0	4	60	0	0	21	150	0	0	16	50	0	0	0	0	0	3	40	0	0	10	60	0	0	40	150	0	0	20	50	0	0	0	0	0	6	30	0	0	0	0	0	0	3	40	0	0	15	60	0	0	52	150	0	0	54	80	7	6	72	0	0	11	18	0	0	9	0	0	0	20	48	0	0	13	0	0	0	11	40	0	0	31	60	0	0	111	213	28	4
205	195	41	25	3	185	19	0	0	41	25	3	16	0	0	0	80	60	15	2	175	19	0	0	19	0	0	16	0	0	0	48	0	0	0	41	25	3	10	0	0	0	18	0	0	0	16	0	0	0	80	60	15	2	165	15	0	0	19	0	0	16	0	0	0	48	0	0	0	19	0	0	0	0	0	0	7	0	0	0	16	0	0	0	48	0	0	0	41	25	3	9	0	0	0	23	20	0	0	10	0	0	0	18	0	0	0	16	0	0	0	80	60	15	2	155	11	0	0	15	0	0	10	0	0	0	36	0	0	0	19	0	0	0	0	0	0	7	0	0	0	16	0	0	0	48	0	0	0	19	0	0	0	0	0	0	9	0	0	0	0	0	0	0	7	0	0	0	16	0	0	0	48	0	0	0	41	25	3	18	0	0	0	11	15	0	0	9	0	0	0	23	20	0	0	10	0	0	0	18	0	0	0	16	0	0	0	80	60	15	2
199	189	31	9	30	179	19	0	0	31	9	30	18	0	0	0	67	9	30	37	169	17	0	0	19	0	0	16	0	0	0	49	0	0	0	31	9	30	11	0	0	0	17	18	0	0	18	0	0	0	67	9	30	37	159	11	0	0	17	0	0	14	0	0	0	44	0	0	0	19	0	0	0	0	0	0	8	0	0	0	16	0	0	0	49	0	0	0	31	9	30	6	0	7	0	15	9	0	0	11	0	0	0	17	18	0	0	18	0	0	0	67	9	30	37	149	3	0	0	11	0	0	6	0	0	0	26	0	0	0	17	0	0	0	0	0	0	8	0	0	0	14	0	0	0	44	0	0	0	19	0	0	0	0	0	0	11	0	0	0	0	0	0	0	8	0	0	0	16	0	0	0	49	0	0	0	31	9	30	0	0	32	0	6	0	0	0	6	0	7	0	15	9	0	0	11	0	0	0	17	18	0	0	18	0	0	0	67	9	30	37
281	266	49	72	24	251	22	50	0	49	72	24	21	60	0	0	116	181	48	30	236	19	44	0	22	50	0	18	60	0	0	62	150	0	0	49	72	24	7	48	0	0	33	29	0	0	21	60	0	0	116	181	48	30	221	14	16	0	19	44	0	14	48	0	0	53	130	0	0	22	50	0	0	0	0	0	7	10	0	0	18	60	0	0	62	150	0	0	49	72	24	11	32	7	0	27	34	72	0	7	48	0	0	33	29	0	0	21	60	0	0	116	181	48	30	206	5	0	0	14	16	0	12	0	0	0	38	40	0	0	19	44	0	0	0	0	0	7	10	0	0	14	48	0	0	53	130	0	0	22	50	0	0	0	0	0	10	20	0	0	0	0	0	0	7	10	0	0	18	60	0	0	62	150	0	0	49	72	24	6	0	32	0	6	30	48	0	11	32	7	0	27	34	72	0	7	48	0	0	33	29	0	0	21	60	0	0	116	181	48	30
194	184	33	23	18	174	20	9	0	33	23	18	21	0	0	0	82	23	36	23	164	17	9	0	20	9	0	18	0	0	0	59	9	0	0	33	23	18	13	0	0	0	16	23	0	0	21	0	0	0	82	23	36	23	154	9	7	0	17	9	0	14	0	0	0	50	9	0	0	20	9	0	0	0	0	0	7	9	0	0	18	0	0	0	59	9	0	0	33	23	18	4	14	7	0	13	25	0	0	13	0	0	0	16	23	0	0	21	0	0	0	82	23	36	23	144	2	0	0	9	7	0	6	0	0	0	25	7	0	0	17	9	0	0	0	0	0	7	9	0	0	14	0	0	0	50	9	0	0	20	9	0	0	0	0	0	9	18	0	0	0	0	0	0	7	9	0	0	18	0	0	0	59	9	0	0	33	23	18	0	0	32	0	6	0	18	0	4	14	7	0	13	25	0	0	13	0	0	0	16	23	0	0	21	0	0	0	82	23	36	23
177	168	27	18	11	159	15	0	0	27	18	11	16	0	0	0	63	18	33	10	150	13	0	0	15	0	0	14	0	0	0	39	0	0	0	27	18	11	11	0	0	0	16	12	0	0	16	0	0	0	63	18	33	10	141	8	0	0	13	0	0	12	0	0	0	34	0	0	0	15	0	0	0	0	0	0	7	0	0	0	14	0	0	0	39	0	0	0	27	18	11	6	0	0	0	13	6	0	0	11	0	0	0	16	12	0	0	16	0	0	0	63	18	33	10	132	2	0	0	8	0	0	6	0	0	0	21	0	0	0	13	0	0	0	0	0	0	7	0	0	0	12	0	0	0	34	0	0	0	15	0	0	0	0	0	0	9	0	0	0	0	0	0	0	7	0	0	0	14	0	0	0	39	0	0	0	27	18	11	0	0	18	0	6	0	0	0	6	0	0	0	13	6	0	0	11	0	0	0	16	12	0	0	16	0	0	0	63	18	33	10
193	183	27	29	5	173	10	9	0	27	29	5	14	0	0	0	55	53	20	3	163	7	5	0	10	9	0	8	0	0	0	24	18	0	0	27	29	5	7	20	0	0	15	15	0	0	14	0	0	0	55	53	20	3	153	3	0	0	7	5	0	6	0	0	0	17	10	0	0	10	9	0	0	0	0	0	3	0	0	0	8	0	0	0	24	18	0	0	27	29	5	6	0	0	0	14	5	5	0	7	20	0	0	15	15	0	0	14	0	0	0	55	53	20	3	143	0	0	0	3	0	0	0	0	0	0	6	0	0	0	7	5	0	0	0	0	0	3	0	0	0	6	0	0	0	17	10	0	0	10	9	0	0	0	0	0	6	0	0	0	0	0	0	0	3	0	0	0	8	0	0	0	24	18	0	0	27	29	5	0	0	0	0	6	0	0	0	6	0	0	0	14	5	5	0	7	20	0	0	15	15	0	0	14	0	0	0	55	53	20	3
220	208	33	37	35	196	17	25	0	33	37	35	19	34	0	0	86	88	35	88	184	11	8	0	17	25	0	14	16	0	0	48	49	0	0	33	37	35	2	8	29	0	11	11	70	0	19	34	0	0	86	88	35	88	172	6	0	0	11	8	0	6	0	0	0	30	8	0	0	17	25	0	0	0	0	0	2	9	0	0	14	16	0	0	48	49	0	0	33	37	35	9	0	23	0	13	22	35	0	2	8	29	0	11	11	70	0	19	34	0	0	86	88	35	88	160	3	0	0	6	0	0	6	0	0	0	17	0	0	0	11	8	0	0	0	0	0	2	8	0	0	6	0	0	0	30	8	0	0	17	25	0	0	0	0	0	5	18	0	0	0	0	0	0	2	9	0	0	14	16	0	0	48	49	0	0	33	37	35	6	0	0	0	10	27	0	0	9	0	23	0	13	22	35	0	2	8	29	0	11	11	70	0	19	34	0	0	86	88	35	88
151	143	22	7	26	135	12	0	0	22	7	26	14	0	0	0	54	28	26	58	127	5	0	0	12	0	0	8	0	0	0	29	0	0	0	22	7	26	1	0	29	0	3	0	0	0	14	0	0	0	54	28	26	58	119	1	0	0	5	0	0	0	0	0	0	10	0	0	0	12	0	0	0	0	0	0	3	0	0	0	8	0	0	0	29	0	0	0	22	7	26	0	0	23	0	6	0	0	0	1	0	29	0	3	0	0	0	14	0	0	0	54	28	26	58	111	1	0	0	1	0	0	0	0	0	0	3	0	0	0	5	0	0	0	0	0	0	3	0	0	0	0	0	0	0	10	0	0	0	12	0	0	0	0	0	0	6	0	0	0	0	0	0	0	3	0	0	0	8	0	0	0	29	0	0	0	22	7	26	0	0	0	0	11	0	0	0	0	0	23	0	6	0	0	0	1	0	29	0	3	0	0	0	14	0	0	0	54	28	26	58
132	125	20	6	11	118	6	0	0	20	6	11	8	0	0	0	45	24	11	16	111	2	0	0	6	0	0	2	0	0	0	13	0	0	0	20	6	11	1	0	5	0	1	0	0	0	8	0	0	0	45	24	11	16	104	1	0	0	2	0	0	0	0	0	0	4	0	0	0	6	0	0	0	0	0	0	1	0	0	0	2	0	0	0	13	0	0	0	20	6	11	0	0	0	0	2	0	0	0	1	0	5	0	1	0	0	0	8	0	0	0	45	24	11	16	97	1	0	0	1	0	0	0	0	0	0	3	0	0	0	2	0	0	0	0	0	0	1	0	0	0	0	0	0	0	4	0	0	0	6	0	0	0	0	0	0	2	0	0	0	0	0	0	0	1	0	0	0	2	0	0	0	13	0	0	0	20	6	11	0	0	0	0	8	0	0	0	0	0	0	0	2	0	0	0	1	0	5	0	1	0	0	0	8	0	0	0	45	24	11	16
184	174	27	29	5	164	11	5	0	27	29	5	7	20	0	0	60	53	20	5	154	8	0	0	11	5	0	5	0	0	0	21	10	0	0	27	29	5	1	0	5	0	6	0	5	0	7	20	0	0	60	53	20	5	144	7	0	0	8	0	0	3	0	0	0	14	0	0	0	11	5	0	0	0	0	0	2	0	0	0	5	0	0	0	21	10	0	0	27	29	5	0	0	0	0	6	0	0	0	1	0	5	0	6	0	5	0	7	20	0	0	60	53	20	5	134	7	0	0	7	0	0	3	0	0	0	13	0	0	0	8	0	0	0	0	0	0	2	0	0	0	3	0	0	0	14	0	0	0	11	5	0	0	0	0	0	2	0	0	0	0	0	0	0	2	0	0	0	5	0	0	0	21	10	0	0	27	29	5	0	0	0	0	11	0	0	0	0	0	0	0	6	0	0	0	1	0	5	0	6	0	5	0	7	20	0	0	60	53	20	5
110	104	20	8	0	98	8	0	0	20	8	0	7	0	0	0	42	14	0	0	92	7	0	0	8	0	0	3	0	0	0	15	0	0	0	20	8	0	0	0	0	0	1	0	0	0	7	0	0	0	42	14	0	0	86	7	0	0	7	0	0	3	0	0	0	13	0	0	0	8	0	0	0	0	0	0	1	0	0	0	3	0	0	0	15	0	0	0	20	8	0	0	0	0	0	0	0	0	0	0	0	0	0	1	0	0	0	7	0	0	0	42	14	0	0	80	7	0	0	7	0	0	3	0	0	0	13	0	0	0	7	0	0	0	0	0	0	1	0	0	0	3	0	0	0	13	0	0	0	8	0	0	0	0	0	0	0	0	0	0	0	0	0	0	1	0	0	0	3	0	0	0	15	0	0	0	20	8	0	0	0	0	0	8	0	0	0	0	0	0	0	0	0	0	0	0	0	0	0	1	0	0	0	7	0	0	0	42	14	0	0
242	228	53	49	28	214	29	13	0	53	49	28	27	0	21	0	121	129	112	77	200	28	13	0	29	13	0	25	0	0	0	68	39	0	0	53	49	28	2	0	8	0	24	0	0	0	27	0	21	0	121	129	112	77	186	28	13	0	28	13	0	25	0	0	0	67	39	0	0	29	13	0	2	0	0	0	7	0	0	0	25	0	0	0	68	39	0	0	53	49	28	34	0	0	0	33	0	0	0	2	0	8	0	24	0	0	0	27	0	21	0	121	129	112	77	172	23	13	0	28	13	0	25	0	0	0	67	39	0	0	28	13	0	2	0	0	0	6	0	0	0	25	0	0	0	67	39	0	0	29	13	0	17	0	0	0	19	0	0	0	2	0	0	0	7	0	0	0	25	0	0	0	68	39	0	0	53	49	28	30	0	0	0	25	45	0	0	34	0	0	0	33	0	0	0	2	0	8	0	24	0	0	0	27	0	21	0	121	129	112	77
148	139	35	21	7	130	17	14	0	35	21	7	12	7	5	0	80	39	7	5	121	17	14	0	17	14	0	12	7	0	0	41	21	0	0	35	21	7	2	0	0	0	11	0	0	0	12	7	5	0	80	39	7	5	112	17	14	0	17	14	0	12	7	0	0	41	21	0	0	17	14	0	2	0	0	0	4	0	0	0	12	7	0	0	41	21	0	0	35	21	7	17	0	0	0	12	0	0	0	2	0	0	0	11	0	0	0	12	7	5	0	80	39	7	5	103	14	14	0	17	14	0	12	7	0	0	41	21	0	0	17	14	0	2	0	0	0	4	0	0	0	12	7	0	0	41	21	0	0	17	14	0	8	0	0	0	8	0	0	0	2	0	0	0	4	0	0	0	12	7	0	0	41	21	0	0	35	21	7	6	0	0	0	15	18	0	0	17	0	0	0	12	0	0	0	2	0	0	0	11	0	0	0	12	7	5	0	80	39	7	5
142	133	29	20	7	124	12	18	0	29	20	7	6	12	5	0	64	25	0	5	115	11	18	0	12	18	0	5	12	0	0	26	24	0	0	29	20	7	2	0	0	0	6	7	0	0	6	12	5	0	64	25	0	5	106	11	18	0	11	18	0	5	12	0	0	26	24	0	0	12	18	0	2	0	0	0	3	6	0	0	5	12	0	0	26	24	0	0	29	20	7	8	0	0	0	7	0	0	0	2	0	0	0	6	7	0	0	6	12	5	0	64	25	0	5	97	11	18	0	11	18	0	5	12	0	0	26	24	0	0	11	18	0	2	0	0	0	3	6	0	0	5	12	0	0	26	24	0	0	12	18	0	8	0	0	0	7	0	0	0	2	0	0	0	3	6	0	0	5	12	0	0	26	24	0	0	29	20	7	0	0	0	0	16	0	0	0	8	0	0	0	7	0	0	0	2	0	0	0	6	7	0	0	6	12	5	0	64	25	0	5
154	145	30	20	7	136	13	8	0	30	20	7	7	0	5	0	64	42	14	5	127	13	8	0	13	8	0	7	0	0	0	27	24	0	0	30	20	7	2	0	0	0	11	0	0	0	7	0	5	0	64	42	14	5	118	13	8	0	13	8	0	7	0	0	0	27	24	0	0	13	8	0	2	0	0	0	4	0	0	0	7	0	0	0	27	24	0	0	30	20	7	8	0	0	0	13	0	0	0	2	0	0	0	11	0	0	0	7	0	5	0	64	42	14	5	109	13	8	0	13	8	0	7	0	0	0	27	24	0	0	13	8	0	2	0	0	0	4	0	0	0	7	0	0	0	27	24	0	0	13	8	0	8	0	0	0	7	0	0	0	2	0	0	0	4	0	0	0	7	0	0	0	27	24	0	0	30	20	7	0	0	0	0	16	0	0	0	8	0	0	0	13	0	0	0	2	0	0	0	11	0	0	0	7	0	5	0	64	42	14	5
234	218	77	97	0	202	38	73	0	77	97	0	45	36	0	0	186	242	0	0	186	35	71	0	38	73	0	34	36	0	0	102	178	0	0	77	97	0	25	26	0	0	38	31	0	0	45	36	0	0	186	242	0	0	170	28	63	0	35	71	0	26	36	0	0	96	173	0	0	38	73	0	0	18	0	0	5	27	0	0	34	36	0	0	102	178	0	0	77	97	0	37	72	0	0	44	63	0	0	25	26	0	0	38	31	0	0	45	36	0	0	186	242	0	0	154	20	63	0	28	63	0	22	36	0	0	74	153	0	0	35	71	0	0	18	0	0	3	27	0	0	26	36	0	0	96	173	0	0	38	73	0	11	72	0	0	15	63	0	0	0	18	0	0	5	27	0	0	34	36	0	0	102	178	0	0	76	97	0	34	0	0	0	33	52	0	0	37	72	0	0	44	63	0	0	25	26	0	0	38	31	0	0	45	36	0	0	183	242	0	0
152	143	46	8	26	134	30	0	7	46	8	26	26	0	7	0	127	8	26	35	125	29	0	7	30	0	7	25	0	7	0	84	0	7	0	46	8	26	4	0	0	0	28	8	0	0	26	0	7	0	127	8	26	35	116	27	0	7	29	0	7	23	0	7	0	80	0	7	0	30	0	7	2	0	0	0	5	0	0	0	25	0	7	0	84	0	7	0	46	8	26	34	0	0	0	34	16	0	0	4	0	0	0	28	8	0	0	26	0	7	0	127	8	26	35	107	22	0	7	27	0	7	23	0	7	0	73	0	7	0	29	0	7	2	0	0	0	5	0	0	0	23	0	7	0	80	0	7	0	30	0	7	17	0	0	0	17	0	0	0	2	0	0	0	5	0	0	0	25	0	7	0	84	0	7	0	46	8	26	30	0	0	0	16	0	0	0	34	0	0	0	34	16	0	0	4	0	0	0	28	8	0	0	26	0	7	0	127	8	26	35
288	267	105	175	20	246	56	135	7	105	175	20	75	162	7	0	276	456	80	28	225	49	135	7	56	135	7	52	162	7	0	177	351	28	0	105	175	20	41	0	0	0	37	61	0	0	75	162	7	0	276	456	80	28	204	36	118	7	49	135	7	36	162	7	0	151	351	28	0	56	135	7	6	0	0	0	6	22	0	0	52	162	7	0	177	351	28	0	104	175	20	40	173	0	0	62	157	0	0	41	0	0	0	37	61	0	0	75	162	7	0	273	456	80	28	183	24	80	7	36	118	7	26	120	7	0	110	304	28	0	49	135	7	6	0	0	0	4	22	0	0	36	162	7	0	151	351	28	0	55	135	7	10	99	0	0	25	109	0	0	6	0	0	0	6	22	0	0	52	162	7	0	174	351	28	0	99	175	20	20	228	0	0	37	140	40	0	40	173	0	0	57	157	0	0	41	0	0	0	37	61	0	0	72	162	7	0	258	456	80	28
241	226	78	59	40	211	43	14	36	78	59	40	65	0	56	0	193	186	200	0	196	34	14	34	43	14	36	36	0	56	0	121	42	180	0	78	59	40	15	0	9	16	28	72	0	0	65	0	56	0	193	186	200	0	181	29	14	23	34	14	34	25	0	52	0	92	42	170	0	43	14	36	2	0	9	0	5	0	0	0	36	0	56	0	121	42	180	0	78	59	40	37	0	0	21	37	45	0	24	15	0	9	16	28	72	0	0	65	0	56	0	193	186	200	0	166	23	14	16	29	14	23	25	0	30	0	78	42	115	0	34	14	34	2	0	9	0	5	0	0	0	25	0	52	0	92	42	170	0	43	14	36	17	0	0	0	19	0	0	0	2	0	9	0	5	0	0	0	36	0	56	0	121	42	180	0	77	59	40	30	0	0	0	19	14	0	13	37	0	0	21	35	45	0	24	15	0	9	16	28	72	0	0	65	0	56	0	189	186	200	0
219	206	55	22	56	193	35	0	32	55	22	56	41	0	29	28	150	44	112	35	180	31	0	13	35	0	32	31	0	28	0	99	0	64	0	55	22	56	10	0	0	36	26	44	0	40	41	0	29	28	150	44	112	35	167	27	0	0	31	0	13	23	0	16	0	83	0	26	0	35	0	32	2	0	0	0	5	0	0	0	31	0	28	0	99	0	64	0	55	22	56	34	0	0	0	36	44	0	29	10	0	0	36	26	44	0	40	41	0	29	28	150	44	112	35	154	22	0	0	27	0	0	23	0	0	0	71	0	0	0	31	0	13	2	0	0	0	5	0	0	0	23	0	16	0	83	0	26	0	35	0	32	17	0	0	0	17	0	0	0	2	0	0	0	5	0	0	0	31	0	28	0	99	0	64	0	55	22	56	30	0	0	0	18	0	0	0	34	0	0	0	36	44	0	29	10	0	0	36	26	44	0	40	41	0	29	28	150	44	112	35
264	247	78	93	38	230	42	60	18	78	93	38	49	72	29	8	203	243	114	35	213	37	60	8	42	60	18	36	72	28	0	126	168	54	0	78	93	38	13	0	0	16	31	45	0	35	49	72	29	8	203	243	114	35	196	32	51	0	37	60	8	28	72	16	0	106	168	24	0	42	60	18	4	0	0	0	6	0	0	0	36	72	28	0	126	168	54	0	78	93	38	31	81	0	0	58	51	0	24	13	0	0	16	31	45	0	35	49	72	29	8	203	243	114	35	179	28	18	0	32	51	0	28	54	0	0	89	138	0	0	37	60	8	4	0	0	0	6	0	0	0	28	72	16	0	106	168	24	0	42	60	18	17	0	0	0	26	12	0	0	4	0	0	0	6	0	0	0	36	72	28	0	126	168	54	0	78	93	38	38	54	0	0	28	24	114	0	31	81	0	0	58	51	0	24	13	0	0	16	31	45	0	35	49	72	29	8	203	243	114	35
298	278	74	96	83	258	45	50	54	74	96	83	66	60	30	30	176	202	249	98	238	38	36	54	45	50	54	41	18	29	30	125	146	162	61	74	96	83	13	0	0	0	9	0	83	0	66	60	30	30	176	202	249	98	218	28	36	54	38	36	54	30	18	29	30	101	90	162	49	45	50	54	0	0	0	0	5	0	54	0	41	18	29	30	125	146	162	61	74	96	83	12	0	41	0	19	0	0	0	13	0	0	0	9	0	83	0	66	60	30	30	176	202	249	98	198	22	36	54	28	36	54	18	18	29	30	72	90	162	30	38	36	54	0	0	0	0	5	0	54	0	30	18	29	30	101	90	162	49	45	50	54	9	0	0	0	19	0	0	0	0	0	0	0	5	0	54	0	41	18	29	30	125	146	162	61	73	96	83	12	0	39	0	21	18	0	0	12	0	41	0	17	0	0	0	13	0	0	0	9	0	83	0	66	60	30	30	172	202	249	98
272	253	93	128	43	234	49	85	7	93	128	43	68	170	7	0	228	378	129	154	215	44	52	7	49	85	7	49	71	7	0	140	253	21	93	93	128	43	11	54	0	0	12	0	129	0	68	170	7	0	228	378	129	154	196	36	34	7	44	52	7	44	17	7	0	124	130	21	62	49	85	7	4	0	0	0	8	0	21	0	49	71	7	0	140	253	21	93	93	128	43	18	0	41	0	35	0	86	0	11	54	0	0	12	0	129	0	68	170	7	0	228	378	129	154	177	28	34	7	36	34	7	32	17	7	0	100	85	21	30	44	52	7	4	0	0	0	8	0	21	0	44	17	7	0	124	130	21	62	49	85	7	9	0	0	0	29	0	14	0	4	0	0	0	8	0	21	0	49	71	7	0	140	253	21	93	92	128	43	21	0	39	0	31	47	0	0	18	0	41	0	33	0	86	0	11	54	0	0	12	0	129	0	68	170	7	0	224	378	129	154
236	221	52	44	65	206	31	0	45	52	44	65	53	0	43	40	123	44	260	60	191	23	0	45	31	0	45	25	0	43	40	87	0	180	43	52	44	65	13	0	0	0	3	0	0	0	53	0	43	40	123	44	260	60	176	16	0	43	23	0	45	14	0	43	34	59	0	180	41	31	0	45	0	0	0	0	3	0	0	0	25	0	43	40	87	0	180	43	52	44	65	9	0	14	16	9	0	0	0	13	0	0	0	3	0	0	0	53	0	43	40	123	44	260	60	161	13	0	28	16	0	43	8	0	43	7	40	0	172	30	23	0	45	0	0	0	0	3	0	0	0	14	0	43	34	59	0	180	41	31	0	45	9	0	0	0	9	0	0	0	0	0	0	0	3	0	0	0	25	0	43	40	87	0	180	43	52	44	65	12	0	21	45	14	0	0	24	9	0	14	16	9	0	0	0	13	0	0	0	3	0	0	0	53	0	43	40	123	44	260	60
279	261	66	61	98	243	36	44	48	66	61	98	57	44	20	58	161	200	98	180	225	29	28	47	36	44	48	30	28	20	56	100	161	48	100	66	61	98	11	28	0	8	5	0	98	0	57	44	20	58	161	200	98	180	207	21	0	35	29	28	47	21	0	20	34	76	98	47	69	36	44	48	0	0	0	0	3	0	48	0	30	28	20	56	100	161	48	100	66	61	98	9	0	41	30	26	0	196	35	11	28	0	8	5	0	98	0	57	44	20	58	161	200	98	180	189	16	0	13	21	0	35	9	0	20	7	54	0	35	37	29	28	47	0	0	0	0	3	0	47	0	21	0	20	34	76	98	47	69	36	44	48	9	0	0	0	16	0	96	0	0	0	0	0	3	0	48	0	30	28	20	56	100	161	48	100	66	61	98	17	0	39	45	23	0	0	42	9	0	41	30	26	0	196	35	11	28	0	8	5	0	98	0	57	44	20	58	161	200	98	180
226	211	54	77	19	196	22	29	10	54	77	19	26	123	20	0	126	170	95	40	181	17	6	10	22	29	10	13	18	20	0	62	70	50	36	54	77	19	8	30	0	0	1	0	57	0	26	123	20	0	126	170	95	40	166	13	0	10	17	6	10	5	0	20	0	42	12	50	34	22	29	10	0	0	0	0	1	0	30	0	13	18	20	0	62	70	50	36	54	77	19	0	0	0	0	6	0	19	0	8	30	0	0	1	0	57	0	26	123	20	0	126	170	95	40	151	13	0	6	13	0	10	5	0	20	0	30	0	50	23	17	6	10	0	0	0	0	1	0	30	0	5	0	20	0	42	12	50	34	22	29	10	0	0	0	0	3	0	10	0	0	0	0	0	1	0	30	0	13	18	20	0	62	70	50	36	54	77	19	0	0	0	24	12	0	0	0	0	0	0	0	6	0	19	0	8	30	0	0	1	0	57	0	26	123	20	0	126	170	95	40
199	184	47	56	63	169	21	36	7	47	56	63	26	0	73	14	111	122	126	308	154	15	36	7	21	36	7	14	0	0	14	52	72	14	164	47	56	63	0	0	52	0	1	12	0	0	26	0	73	14	111	122	126	308	139	15	36	7	15	36	7	14	0	0	14	36	72	14	163	21	36	7	0	0	0	0	1	12	0	0	14	0	0	14	52	72	14	164	47	56	63	0	0	0	0	7	0	0	0	0	0	52	0	1	12	0	0	26	0	73	14	111	122	126	308	124	15	36	7	15	36	7	14	0	0	14	36	72	14	149	15	36	7	0	0	0	0	1	12	0	0	14	0	0	14	36	72	14	163	21	36	7	0	0	0	0	7	0	0	0	0	0	0	0	1	12	0	0	14	0	0	14	52	72	14	164	47	56	63	0	0	0	0	9	0	0	0	0	0	0	0	7	0	0	0	0	0	52	0	1	12	0	0	26	0	73	14	111	122	126	308
209	195	29	13	83	181	13	0	38	29	13	83	13	0	59	38	74	13	83	210	167	10	0	37	13	0	38	4	0	0	37	28	0	38	116	29	13	83	0	0	24	9	1	0	0	0	13	0	59	38	74	13	83	210	153	10	0	37	10	0	37	4	0	0	37	21	0	37	116	13	0	38	0	0	0	9	1	0	0	0	4	0	0	37	28	0	38	116	29	13	83	0	0	0	0	0	0	0	0	0	0	24	9	1	0	0	0	13	0	59	38	74	13	83	210	139	10	0	37	10	0	37	4	0	0	37	21	0	37	114	10	0	37	0	0	0	9	1	0	0	0	4	0	0	37	21	0	37	116	13	0	38	0	0	0	0	0	0	0	0	0	0	0	9	1	0	0	0	4	0	0	37	28	0	38	116	29	13	83	0	0	0	0	4	0	0	0	0	0	0	0	0	0	0	0	0	0	24	9	1	0	0	0	13	0	59	38	74	13	83	210
150	140	19	0	60	130	6	0	25	19	0	60	4	0	32	38	47	0	0	167	120	5	0	25	6	0	25	1	0	0	38	13	0	0	109	19	0	60	0	0	6	0	1	0	0	0	4	0	32	38	47	0	0	167	110	5	0	25	5	0	25	1	0	0	38	11	0	0	109	6	0	25	0	0	0	0	1	0	0	0	1	0	0	38	13	0	0	109	19	0	60	0	0	0	0	0	0	0	0	0	0	6	0	1	0	0	0	4	0	32	38	47	0	0	167	100	5	0	25	5	0	25	1	0	0	38	11	0	0	107	5	0	25	0	0	0	0	1	0	0	0	1	0	0	38	11	0	0	109	6	0	25	0	0	0	0	0	0	0	0	0	0	0	0	1	0	0	0	1	0	0	38	13	0	0	109	19	0	60	0	0	0	0	1	0	0	0	0	0	0	0	0	0	0	0	0	0	6	0	1	0	0	0	4	0	32	38	47	0	0	167
175	163	46	35	28	151	21	0	10	46	35	28	21	0	45	30	109	105	140	62	139	18	0	10	21	0	10	12	0	0	30	47	0	50	17	46	35	28	2	0	24	0	4	0	0	0	21	0	45	30	109	105	140	62	127	18	0	10	18	0	10	12	0	0	30	40	0	50	17	21	0	10	2	0	0	0	4	0	0	0	12	0	0	30	47	0	50	17	46	35	28	0	0	0	0	6	0	0	0	2	0	24	0	4	0	0	0	21	0	45	30	109	105	140	62	115	18	0	10	18	0	10	12	0	0	30	40	0	50	17	18	0	10	2	0	0	0	4	0	0	0	12	0	0	30	40	0	50	17	21	0	10	0	0	0	0	6	0	0	0	2	0	0	0	4	0	0	0	12	0	0	30	47	0	50	17	46	35	28	0	0	0	0	11	0	0	0	0	0	0	0	6	0	0	0	2	0	24	0	4	0	0	0	21	0	45	30	109	105	140	62
104	97	19	6	17	90	7	0	0	19	6	17	5	0	18	0	43	6	17	84	83	6	0	0	7	0	0	2	0	0	0	13	0	0	55	19	6	17	0	0	6	0	1	0	0	0	5	0	18	0	43	6	17	84	76	6	0	0	6	0	0	2	0	0	0	11	0	0	55	7	0	0	0	0	0	0	1	0	0	0	2	0	0	0	13	0	0	55	19	6	17	0	0	0	0	0	0	0	0	0	0	6	0	1	0	0	0	5	0	18	0	43	6	17	84	69	6	0	0	6	0	0	2	0	0	0	11	0	0	53	6	0	0	0	0	0	0	1	0	0	0	2	0	0	0	11	0	0	55	7	0	0	0	0	0	0	0	0	0	0	0	0	0	0	1	0	0	0	2	0	0	0	13	0	0	55	19	6	17	0	0	0	0	0	0	0	0	0	0	0	0	0	0	0	0	0	0	6	0	1	0	0	0	5	0	18	0	43	6	17	84
207	191	62	69	72	175	30	28	43	62	69	72	22	14	65	113	152	186	288	91	159	30	28	0	30	28	43	22	14	52	0	83	84	172	17	62	69	72	16	0	0	0	10	0	0	243	22	14	65	113	152	186	288	91	143	27	28	0	30	28	0	22	14	0	0	83	84	0	17	30	28	43	4	0	0	0	5	0	0	119	22	14	52	0	83	84	172	17	62	69	72	10	0	0	0	26	42	0	0	16	0	0	0	10	0	0	243	22	14	65	113	152	186	288	91	127	24	28	0	27	28	0	22	14	0	0	75	84	0	17	30	28	0	4	0	0	0	5	0	0	118	22	14	0	0	83	84	0	17	30	28	43	0	0	0	0	16	42	0	0	4	0	0	0	5	0	0	119	22	14	52	0	83	84	172	17	62	69	72	14	0	0	0	20	30	0	0	10	0	0	0	26	42	0	0	16	0	0	0	10	0	0	243	22	14	65	113	152	186	288	91
137	127	43	21	30	117	22	0	15	43	21	30	21	0	35	57	107	42	90	28	107	22	0	0	22	0	15	21	0	24	0	61	0	45	10	43	21	30	4	0	0	0	4	0	0	62	21	0	35	57	107	42	90	28	97	22	0	0	22	0	0	21	0	0	0	61	0	0	10	22	0	15	4	0	0	0	4	0	0	17	21	0	24	0	61	0	45	10	43	21	30	6	0	0	0	23	0	0	0	4	0	0	0	4	0	0	62	21	0	35	57	107	42	90	28	87	20	0	0	22	0	0	21	0	0	0	61	0	0	10	22	0	0	4	0	0	0	4	0	0	17	21	0	0	0	61	0	0	10	22	0	15	0	0	0	0	16	0	0	0	4	0	0	0	4	0	0	17	21	0	24	0	61	0	45	10	43	21	30	10	0	0	0	17	14	0	0	6	0	0	0	23	0	0	0	4	0	0	0	4	0	0	62	21	0	35	57	107	42	90	28
183	167	66	93	19	151	26	57	9	66	93	19	28	70	24	27	159	248	95	28	135	23	55	0	26	57	9	16	66	18	0	77	146	45	10	66	93	19	14	22	0	0	8	36	0	43	28	70	24	27	159	248	95	28	119	20	55	0	23	55	0	16	66	0	0	69	143	0	10	26	57	9	2	22	0	0	1	33	0	7	16	66	18	0	77	146	45	10	66	93	19	10	0	0	0	36	33	0	0	14	22	0	0	8	36	0	43	28	70	24	27	159	248	95	28	103	17	55	0	20	55	0	16	66	0	0	61	143	0	10	23	55	0	2	22	0	0	1	33	0	7	16	66	0	0	69	143	0	10	26	57	9	0	0	0	0	19	33	0	0	2	22	0	0	1	33	0	7	16	66	18	0	77	146	45	10	66	93	19	19	0	0	0	21	18	0	0	10	0	0	0	36	33	0	0	14	22	0	0	8	36	0	43	28	70	24	27	159	248	95	28
159	146	35	41	47	133	14	30	6	35	41	47	9	20	11	30	74	59	47	191	120	14	30	0	14	30	6	9	20	6	0	34	50	6	55	35	41	47	2	0	0	0	4	0	0	19	9	20	11	30	74	59	47	191	107	14	30	0	14	30	0	9	20	0	0	34	50	0	54	14	30	6	2	0	0	0	4	0	0	10	9	20	6	0	34	50	6	55	35	41	47	0	0	0	0	10	0	0	0	2	0	0	0	4	0	0	19	9	20	11	30	74	59	47	191	94	14	30	0	14	30	0	9	20	0	0	34	50	0	54	14	30	0	2	0	0	0	4	0	0	10	9	20	0	0	34	50	0	54	14	30	6	0	0	0	0	9	0	0	0	2	0	0	0	4	0	0	10	9	20	6	0	34	50	6	55	35	41	47	1	0	0	0	8	0	0	0	0	0	0	0	10	0	0	0	2	0	0	0	4	0	0	19	9	20	11	30	74	59	47	191
115	105	32	33	7	95	11	21	0	32	33	7	9	14	0	0	70	53	14	28	85	11	21	0	11	21	0	9	14	0	0	28	35	0	10	32	33	7	2	0	0	0	3	0	0	0	9	14	0	0	70	53	14	28	75	11	21	0	11	21	0	9	14	0	0	28	35	0	10	11	21	0	2	0	0	0	3	0	0	0	9	14	0	0	28	35	0	10	32	33	7	0	0	0	0	13	0	0	0	2	0	0	0	3	0	0	0	9	14	0	0	70	53	14	28	65	11	21	0	11	21	0	9	14	0	0	28	35	0	10	11	21	0	2	0	0	0	3	0	0	0	9	14	0	0	28	35	0	10	11	21	0	0	0	0	0	9	0	0	0	2	0	0	0	3	0	0	0	9	14	0	0	28	35	0	10	32	33	7	1	0	0	0	10	0	0	0	0	0	0	0	13	0	0	0	2	0	0	0	3	0	0	0	9	14	0	0	70	53	14	28
193	178	55	26	96	163	34	0	61	55	26	96	31	0	57	84	151	39	192	128	148	34	0	52	34	0	61	31	0	57	59	107	0	122	67	55	26	96	9	0	0	71	10	0	0	0	31	0	57	84	151	39	192	128	133	31	0	16	34	0	52	31	0	57	0	107	0	104	0	34	0	61	4	0	0	0	4	0	0	0	31	0	57	59	107	0	122	67	55	26	96	25	0	0	55	51	39	0	160	9	0	0	71	10	0	0	0	31	0	57	84	151	39	192	128	118	23	0	0	31	0	16	27	0	39	0	95	0	32	0	34	0	52	4	0	0	0	4	0	0	0	31	0	57	0	107	0	104	0	34	0	61	2	0	0	0	29	0	0	65	4	0	0	0	4	0	0	0	31	0	57	59	107	0	122	67	54	26	96	29	0	33	0	24	26	0	58	25	0	0	55	51	39	0	160	9	0	0	71	10	0	0	0	31	0	57	84	148	39	192	128
215	196	83	119	61	177	37	80	35	83	119	61	37	123	57	36	215	393	183	121	158	36	78	32	37	80	35	32	117	57	27	115	303	105	67	83	119	61	41	26	0	27	26	15	0	0	37	123	57	36	215	393	183	121	139	26	72	16	36	78	32	28	117	57	0	112	299	96	0	37	80	35	4	26	0	0	3	13	0	0	32	117	57	27	115	303	105	67	83	119	61	37	60	0	55	65	135	0	43	41	26	0	27	26	15	0	0	37	123	57	36	215	393	183	121	120	16	43	0	26	72	16	16	99	39	0	81	272	48	0	36	78	32	2	26	0	0	3	13	0	0	28	117	57	0	112	299	96	0	37	80	35	2	0	0	0	27	91	0	7	4	26	0	0	3	13	0	0	32	117	57	27	115	303	105	67	79	119	61	20	90	33	0	32	78	122	58	37	60	0	55	60	135	0	43	41	26	0	27	26	15	0	0	37	123	57	36	203	393	183	121
159	146	60	47	34	133	30	12	27	60	47	34	39	0	24	15	145	146	170	19	120	28	12	26	30	12	27	29	0	24	14	98	48	135	9	60	47	34	41	0	0	14	21	14	0	0	39	0	24	15	145	146	170	19	107	18	12	9	28	12	26	21	0	24	0	92	48	130	0	30	12	27	4	0	0	0	6	0	0	0	29	0	24	14	98	48	135	9	60	47	34	16	0	0	27	32	85	0	98	41	0	0	14	21	14	0	0	39	0	24	15	145	146	170	19	94	13	7	0	18	12	9	17	0	18	0	62	48	45	0	28	12	26	4	0	0	0	4	0	0	0	21	0	24	0	92	48	130	0	30	12	27	2	0	0	0	21	36	0	48	4	0	0	0	6	0	0	0	29	0	24	14	98	48	135	9	59	47	34	18	35	0	0	17	14	0	38	16	0	0	27	32	85	0	98	41	0	0	14	21	14	0	0	39	0	24	15	142	146	170	19
137	126	45	19	37	115	26	10	0	45	19	37	21	0	0	0	122	49	37	175	104	26	10	0	26	10	0	21	0	0	0	78	40	0	73	45	19	37	17	0	0	0	12	0	0	0	21	0	0	0	122	49	37	175	93	22	10	0	26	10	0	21	0	0	0	78	40	0	0	26	10	0	4	0	0	0	4	0	0	0	21	0	0	0	78	40	0	73	45	19	37	10	0	0	0	35	39	0	0	17	0	0	0	12	0	0	0	21	0	0	0	122	49	37	175	82	19	9	0	22	10	0	21	0	0	0	65	40	0	0	26	10	0	4	0	0	0	4	0	0	0	21	0	0	0	78	40	0	0	26	10	0	0	0	0	0	19	30	0	0	4	0	0	0	4	0	0	0	21	0	0	0	78	40	0	73	45	19	37	18	9	0	0	14	0	0	0	10	0	0	0	35	39	0	0	17	0	0	0	12	0	0	0	21	0	0	0	122	49	37	175
143	131	55	45	16	119	26	20	0	55	45	16	21	10	0	0	144	148	64	91	107	26	20	0	26	20	0	21	10	0	0	88	90	0	52	55	45	16	21	0	0	0	18	0	0	0	21	10	0	0	144	148	64	91	95	20	16	0	26	20	0	21	10	0	0	88	90	0	0	26	20	0	4	0	0	0	4	0	0	0	21	10	0	0	88	90	0	52	55	45	16	17	24	0	0	48	51	0	0	21	0	0	0	18	0	0	0	21	10	0	0	144	148	64	91	83	15	6	0	20	16	0	17	6	0	0	68	70	0	0	26	20	0	4	0	0	0	4	0	0	0	21	10	0	0	88	90	0	0	26	20	0	2	0	0	0	24	30	0	0	4	0	0	0	4	0	0	0	21	10	0	0	88	90	0	52	54	45	16	19	24	0	0	22	22	16	0	17	24	0	0	48	51	0	0	21	0	0	0	18	0	0	0	21	10	0	0	141	148	64	91
177	162	37	36	71	147	20	0	55	37	36	71	26	0	28	36	80	24	213	50	132	16	0	55	20	0	55	14	0	28	36	61	0	165	27	37	36	71	27	0	0	0	14	24	0	0	26	0	28	36	80	24	213	50	117	6	0	55	16	0	55	6	0	28	36	53	0	165	26	20	0	55	0	0	0	0	2	0	0	0	14	0	28	36	61	0	165	27	37	36	71	6	0	24	0	11	0	0	0	27	0	0	0	14	24	0	0	26	0	28	36	80	24	213	50	102	2	0	52	6	0	55	1	0	28	27	21	0	165	9	16	0	55	0	0	0	0	0	0	0	0	6	0	28	36	53	0	165	26	20	0	55	2	0	18	0	11	0	0	0	0	0	0	0	2	0	0	0	14	0	28	36	61	0	165	27	36	36	71	4	0	13	27	8	0	0	0	6	0	24	0	11	0	0	0	27	0	0	0	14	24	0	0	26	0	28	36	77	24	213	50
164	150	51	25	82	136	31	13	32	51	25	82	40	0	9	58	132	77	82	244	122	28	12	32	31	13	32	29	0	9	58	101	65	32	123	51	25	82	28	12	0	0	15	12	0	0	40	0	9	58	132	77	82	244	108	14	0	32	28	12	32	21	0	9	58	93	60	32	110	31	13	32	2	0	0	0	3	0	0	0	29	0	9	58	101	65	32	123	51	25	82	11	0	83	0	33	0	82	0	28	12	0	0	15	12	0	0	40	0	9	58	132	77	82	244	94	3	0	25	14	0	32	4	0	9	41	48	0	32	41	28	12	32	2	0	0	0	1	0	0	0	21	0	9	58	93	60	32	110	31	13	32	2	0	51	0	23	0	32	0	2	0	0	0	3	0	0	0	29	0	9	58	101	65	32	123	50	25	82	4	0	78	55	23	13	0	0	11	0	83	0	33	0	82	0	28	12	0	0	15	12	0	0	40	0	9	58	129	77	82	244
185	167	69	105	58	149	35	80	20	69	105	58	44	64	9	22	182	295	116	207	131	32	76	20	35	80	20	33	64	9	22	112	272	40	123	69	105	58	41	40	0	0	24	10	0	0	44	64	9	22	182	295	116	207	113	14	50	20	32	76	20	25	56	9	22	104	258	40	110	35	80	20	4	0	0	0	3	0	0	0	33	64	9	22	112	272	40	123	65	105	58	8	68	83	0	39	70	116	0	41	40	0	0	21	10	0	0	44	64	9	22	170	295	116	207	96	3	26	16	14	50	20	6	14	9	14	46	168	40	41	32	76	20	4	0	0	0	1	0	0	0	25	56	9	22	104	258	40	110	34	80	20	0	24	51	0	20	60	40	0	4	0	0	0	3	0	0	0	33	64	9	22	109	272	40	123	56	88	58	3	52	69	28	24	54	116	0	8	68	83	0	28	70	116	0	41	40	0	0	21	10	0	0	41	64	9	22	143	244	116	207
195	177	63	115	29	159	30	62	20	63	115	29	30	166	9	22	139	261	145	34	141	24	28	20	30	62	20	17	56	9	22	84	162	100	27	63	115	29	7	140	0	0	14	52	58	0	30	166	9	22	139	261	145	34	123	16	0	20	24	28	20	17	0	9	22	80	70	100	26	30	62	20	0	0	0	0	2	14	40	0	17	56	9	22	84	162	100	27	59	115	29	11	0	57	0	34	0	116	0	7	140	0	0	12	52	58	0	30	166	9	22	125	261	145	34	105	10	0	16	16	0	20	7	0	9	14	54	0	100	9	24	28	20	0	0	0	0	2	0	40	0	17	0	9	22	80	70	100	26	26	62	20	2	0	51	0	18	0	80	0	0	0	0	0	0	14	40	0	17	56	9	22	70	162	100	27	54	115	29	13	0	33	28	33	14	0	0	11	0	57	0	30	0	116	0	7	140	0	0	12	52	58	0	24	166	9	22	108	261	145	34
117	107	37	21	23	97	24	0	0	37	21	23	35	0	0	0	96	14	69	111	87	20	0	0	24	0	0	23	0	0	0	79	0	0	62	37	21	23	27	0	0	0	13	14	0	0	35	0	0	0	96	14	69	111	77	10	0	0	20	0	0	15	0	0	0	71	0	0	58	24	0	0	2	0	0	0	3	0	0	0	23	0	0	0	79	0	0	62	37	21	23	6	0	26	0	18	0	0	0	27	0	0	0	13	14	0	0	35	0	0	0	96	14	69	111	67	3	0	0	10	0	0	4	0	0	0	35	0	0	25	20	0	0	2	0	0	0	1	0	0	0	15	0	0	0	71	0	0	58	24	0	0	2	0	0	0	18	0	0	0	2	0	0	0	3	0	0	0	23	0	0	0	79	0	0	62	36	21	23	4	0	43	0	11	0	0	0	6	0	26	0	18	0	0	0	27	0	0	0	13	14	0	0	35	0	0	0	93	14	69	111
99	90	18	0	51	81	13	0	13	18	0	51	16	0	14	13	44	0	0	181	72	4	0	13	13	0	13	5	0	0	13	32	0	0	95	18	0	51	0	0	48	0	4	0	0	0	16	0	14	13	44	0	0	181	63	2	0	13	4	0	13	1	0	0	13	13	0	0	95	13	0	13	0	0	0	0	0	0	0	0	5	0	0	13	32	0	0	95	18	0	51	2	0	20	0	5	0	0	0	0	0	48	0	4	0	0	0	16	0	14	13	44	0	0	181	54	2	0	13	2	0	13	1	0	0	13	8	0	0	95	4	0	13	0	0	0	0	0	0	0	0	1	0	0	13	13	0	0	95	13	0	13	2	0	0	0	5	0	0	0	0	0	0	0	0	0	0	0	5	0	0	13	32	0	0	95	17	0	51	4	0	0	0	5	0	0	0	2	0	20	0	5	0	0	0	0	0	48	0	4	0	0	0	16	0	14	13	41	0	0	181
118	107	21	19	46	96	10	9	15	21	19	46	17	9	14	42	40	27	46	123	85	0	0	15	10	9	15	0	0	0	42	18	0	15	75	21	19	46	0	0	54	0	5	9	46	0	17	9	14	42	40	27	46	123	74	0	0	15	0	0	15	0	0	0	42	0	0	15	75	10	9	15	0	0	18	0	0	0	15	0	0	0	0	42	18	0	15	75	21	19	46	0	0	0	0	2	0	0	0	0	0	54	0	5	9	46	0	17	9	14	42	40	27	46	123	63	0	0	15	0	0	15	0	0	0	42	0	0	15	75	0	0	15	0	0	18	0	0	0	15	0	0	0	0	42	0	0	15	75	10	9	15	0	0	0	0	2	0	0	0	0	0	18	0	0	0	15	0	0	0	0	42	18	0	15	75	21	19	46	0	0	0	0	5	0	0	0	0	0	0	0	2	0	0	0	0	0	54	0	5	9	46	0	17	9	14	42	40	27	46	123
118	107	29	19	48	96	16	9	0	29	19	48	22	9	14	0	65	47	48	263	85	5	0	0	16	9	0	5	0	0	0	40	18	0	127	29	19	48	0	0	60	0	5	9	48	0	22	9	14	0	65	47	48	263	74	3	0	0	5	0	0	1	0	0	0	17	0	0	127	16	9	0	0	0	0	0	0	0	0	0	5	0	0	0	40	18	0	127	29	19	48	2	0	20	0	12	0	0	0	0	0	60	0	5	9	48	0	22	9	14	0	65	47	48	263	63	3	0	0	3	0	0	1	0	0	0	12	0	0	127	5	0	0	0	0	0	0	0	0	0	0	1	0	0	0	17	0	0	127	16	9	0	2	0	0	0	9	0	0	0	0	0	0	0	0	0	0	0	5	0	0	0	40	18	0	127	27	19	48	6	0	0	0	13	0	0	0	2	0	20	0	10	0	0	0	0	0	60	0	5	9	48	0	22	9	14	0	58	47	48	263
74	67	15	11	7	60	7	5	0	15	11	7	14	5	14	0	32	0	7	29	53	0	0	0	7	5	0	0	0	0	0	12	0	0	20	15	11	7	0	0	28	0	6	0	7	0	14	5	14	0	32	0	7	29	46	0	0	0	0	0	0	0	0	0	0	0	0	0	20	7	5	0	0	0	0	0	0	0	0	0	0	0	0	0	12	0	0	20	15	11	7	0	0	0	0	0	0	0	0	0	0	28	0	6	0	7	0	14	5	14	0	32	0	7	29	39	0	0	0	0	0	0	0	0	0	0	0	0	0	20	0	0	0	0	0	0	0	0	0	0	0	0	0	0	0	0	0	0	20	7	5	0	0	0	0	0	0	0	0	0	0	0	0	0	0	0	0	0	0	0	0	0	12	0	0	20	15	11	7	0	0	0	0	1	0	0	0	0	0	0	0	0	0	0	0	0	0	28	0	6	0	7	0	14	5	14	0	32	0	7	29
93	84	25	24	7	75	12	4	0	25	24	7	19	16	14	0	47	32	28	29	66	3	0	0	12	4	0	2	0	0	0	23	0	0	20	25	24	7	0	0	28	0	4	8	7	0	19	16	14	0	47	32	28	29	57	3	0	0	3	0	0	2	0	0	0	9	0	0	20	12	4	0	0	0	0	0	0	0	0	0	2	0	0	0	23	0	0	20	23	24	7	0	0	0	0	4	0	0	0	0	0	28	0	4	8	7	0	19	16	14	0	41	32	28	29	48	3	0	0	3	0	0	2	0	0	0	9	0	0	20	3	0	0	0	0	0	0	0	0	0	0	2	0	0	0	9	0	0	20	10	4	0	0	0	0	0	4	0	0	0	0	0	0	0	0	0	0	0	2	0	0	0	17	0	0	20	22	24	7	1	0	0	0	7	0	0	0	0	0	0	0	4	0	0	0	0	0	28	0	4	8	7	0	17	16	14	0	38	32	28	29
115	103	39	35	34	91	17	8	7	39	35	34	19	24	70	35	88	51	102	101	79	16	0	0	17	8	7	16	0	28	0	50	8	21	15	38	35	34	4	0	0	0	3	0	34	29	19	24	70	35	88	51	102	101	67	14	0	0	16	0	0	16	0	0	0	49	0	0	15	16	8	7	2	0	0	0	2	0	7	20	16	0	28	0	50	8	21	15	32	35	34	3	0	0	0	15	22	0	0	4	0	0	0	1	0	34	29	18	24	70	35	68	51	102	101	55	11	0	0	14	0	0	10	0	0	0	42	0	0	15	15	0	0	2	0	0	0	2	0	0	20	16	0	0	0	49	0	0	15	10	8	7	0	0	0	0	9	16	0	0	2	0	0	0	0	0	7	20	15	0	28	0	30	8	21	15	25	35	34	10	0	0	0	13	33	0	0	3	0	0	0	8	22	0	0	4	0	0	0	1	0	34	29	9	24	70	35	46	51	102	101
105	92	43	59	16	79	14	36	7	43	59	16	17	38	52	35	90	135	48	7	66	13	30	0	14	36	7	14	20	28	0	41	96	21	0	36	59	16	4	0	0	0	6	0	16	29	17	38	52	35	86	135	48	7	55	11	30	0	13	30	0	14	20	0	0	40	90	0	0	13	36	7	2	0	0	0	2	0	7	20	14	20	28	0	41	96	21	0	29	37	16	3	0	0	0	15	18	0	0	4	0	0	0	1	0	16	29	16	38	52	35	63	69	48	7	45	8	29	0	11	30	0	8	20	0	0	33	90	0	0	12	30	0	2	0	0	0	2	0	0	20	14	20	0	0	40	90	0	0	9	16	7	0	0	0	0	9	12	0	0	2	0	0	0	0	0	7	20	13	20	28	0	27	36	21	0	23	27	16	9	9	0	0	13	27	0	0	3	0	0	0	8	18	0	0	4	0	0	0	1	0	16	29	9	18	52	35	44	39	48	7
60	54	21	0	9	48	7	0	0	21	0	9	9	0	9	0	35	0	0	14	42	5	0	0	7	0	0	3	0	0	0	14	0	0	0	20	0	9	0	0	0	0	0	0	0	0	9	0	9	0	35	0	0	14	36	5	0	0	5	0	0	3	0	0	0	12	0	0	0	6	0	0	0	0	0	0	0	0	0	0	3	0	0	0	14	0	0	0	17	0	9	0	0	0	0	4	0	0	0	0	0	0	0	0	0	0	0	8	0	9	0	26	0	0	14	30	5	0	0	5	0	0	3	0	0	0	12	0	0	0	4	0	0	0	0	0	0	0	0	0	0	3	0	0	0	12	0	0	0	3	0	0	0	0	0	0	4	0	0	0	0	0	0	0	0	0	0	0	2	0	0	0	5	0	0	0	16	0	9	1	0	0	0	6	0	0	0	0	0	0	0	4	0	0	0	0	0	0	0	0	0	0	0	6	0	9	0	23	0	0	14
68	61	21	10	4	54	8	0	0	21	10	4	9	0	4	0	40	10	8	7	47	6	0	0	8	0	0	3	0	0	0	18	0	0	0	20	10	4	0	0	0	0	0	0	0	0	9	0	4	0	40	10	8	7	40	6	0	0	6	0	0	3	0	0	0	16	0	0	0	7	0	0	0	0	0	0	0	0	0	0	3	0	0	0	18	0	0	0	17	10	4	0	0	0	0	9	0	0	0	0	0	0	0	0	0	0	0	8	0	4	0	31	10	8	7	33	6	0	0	6	0	0	3	0	0	0	16	0	0	0	5	0	0	0	0	0	0	0	0	0	0	3	0	0	0	16	0	0	0	4	0	0	0	0	0	0	6	0	0	0	0	0	0	0	0	0	0	0	2	0	0	0	9	0	0	0	15	10	4	3	0	0	0	10	0	0	0	0	0	0	0	7	0	0	0	0	0	0	0	0	0	0	0	6	0	4	0	24	10	8	7
81	71	30	33	0	61	10	16	0	30	33	0	12	8	0	0	63	60	0	0	52	8	16	0	10	16	0	6	8	0	0	30	24	0	0	27	24	0	0	0	0	0	2	0	0	0	12	8	0	0	61	60	0	0	44	8	16	0	8	16	0	6	8	0	0	28	24	0	0	10	8	0	0	0	0	0	2	0	0	0	6	8	0	0	30	24	0	0	23	16	0	0	0	0	0	20	0	0	0	0	0	0	0	0	0	0	0	12	0	0	0	47	36	0	0	36	8	16	0	8	16	0	6	8	0	0	28	24	0	0	8	8	0	0	0	0	0	2	0	0	0	6	8	0	0	28	24	0	0	6	0	0	0	0	0	0	8	0	0	0	0	0	0	0	0	0	0	0	6	0	0	0	16	0	0	0	19	16	0	9	0	0	0	20	0	0	0	0	0	0	0	16	0	0	0	0	0	0	0	0	0	0	0	6	0	0	0	33	36	0	0
128	111	59	86	47	94	22	52	27	54	86	47	25	52	37	24	130	271	141	50	77	19	52	22	17	52	27	13	52	23	14	53	195	81	14	45	86	47	14	0	8	35	16	30	0	0	15	52	37	24	123	271	141	50	62	14	52	15	16	52	22	13	52	23	0	52	195	66	0	16	52	27	2	0	8	0	1	26	0	0	13	52	23	14	53	195	81	14	34	56	47	13	0	0	0	34	56	0	29	6	0	8	35	8	0	0	0	14	52	37	24	89	151	141	50	49	8	46	15	13	52	15	6	52	23	0	40	195	45	0	15	52	22	2	0	8	0	0	26	0	0	13	52	23	0	52	195	66	0	12	26	27	0	0	0	0	9	26	0	20	2	0	8	0	1	0	0	0	12	52	23	14	41	91	81	14	27	30	47	4	60	0	0	25	50	0	0	13	0	0	0	25	30	0	29	6	0	8	35	8	0	0	0	9	0	37	24	66	60	141	50
131	116	52	44	67	101	23	0	63	51	44	67	20	0	105	0	141	110	268	0	86	21	0	63	22	0	63	15	0	105	0	69	0	252	0	50	44	67	18	0	21	0	16	0	0	0	20	0	105	0	141	110	268	0	71	15	0	57	20	0	63	15	0	105	0	66	0	252	0	21	0	63	2	0	21	0	3	0	0	0	15	0	105	0	69	0	252	0	46	44	67	13	0	0	69	38	66	0	0	18	0	21	0	14	0	0	0	19	0	105	0	127	110	268	0	56	9	0	45	14	0	57	8	0	90	0	46	0	228	0	19	0	63	2	0	21	0	2	0	0	0	15	0	105	0	66	0	252	0	17	0	63	0	0	0	33	11	0	0	0	2	0	21	0	1	0	0	0	14	0	105	0	55	0	252	0	38	44	67	9	0	0	22	27	55	0	61	13	0	0	69	27	66	0	0	18	0	21	0	14	0	0	0	12	0	105	0	100	110	268	0
153	135	67	77	100	117	28	17	98	67	77	100	37	0	121	24	188	265	500	0	99	25	17	89	28	17	98	27	0	121	14	88	85	490	0	67	77	100	40	0	21	80	20	12	0	0	37	0	121	24	188	265	500	0	81	15	12	46	25	17	89	23	0	117	0	82	85	445	0	28	17	98	4	0	21	9	3	0	0	0	27	0	121	14	88	85	490	0	64	77	100	20	60	0	129	50	120	0	169	40	0	21	80	18	12	0	0	37	0	121	24	177	265	500	0	63	7	0	28	15	12	46	8	0	78	0	51	60	230	0	25	17	89	2	0	21	9	2	0	0	0	23	0	117	0	82	85	445	0	25	17	98	0	0	0	69	14	0	0	72	4	0	21	9	1	0	0	0	27	0	121	14	77	85	490	0	48	77	100	11	0	12	22	26	84	100	77	20	60	0	129	30	120	0	169	40	0	21	80	18	12	0	0	30	0	121	24	127	265	500	0
126	112	29	0	91	98	11	0	60	29	0	91	7	0	46	54	76	0	0	54	84	11	0	36	11	0	60	7	0	32	14	36	0	0	14	28	0	91	0	0	0	48	3	0	0	60	7	0	46	54	76	0	0	54	70	11	0	22	11	0	36	7	0	32	0	36	0	0	0	10	0	60	0	0	0	9	2	0	0	15	7	0	32	14	36	0	0	14	23	0	91	5	0	0	75	32	0	0	29	0	0	0	48	1	0	0	60	6	0	46	54	59	0	0	54	56	10	0	20	11	0	22	7	0	26	0	36	0	0	0	10	0	36	0	0	0	9	2	0	0	15	7	0	32	0	36	0	0	0	5	0	60	0	0	0	69	4	0	0	20	0	0	0	9	0	0	0	15	6	0	32	14	19	0	0	14	19	0	91	9	0	0	22	31	0	0	0	5	0	0	75	28	0	0	29	0	0	0	48	1	0	0	60	0	0	46	54	45	0	0	54
119	105	45	35	59	91	22	13	33	43	35	59	18	0	38	33	122	85	118	54	77	22	13	17	20	13	33	18	0	24	14	67	52	66	14	42	35	59	14	0	0	55	10	0	0	48	18	0	38	33	122	85	118	54	63	17	13	0	20	13	17	18	0	20	0	67	52	34	0	19	13	33	2	0	0	0	2	0	0	0	18	0	24	14	67	52	66	14	32	35	59	12	0	0	0	35	59	0	87	6	0	0	55	3	0	0	48	17	0	38	33	89	85	118	54	50	11	11	0	17	13	0	11	0	0	0	55	52	0	0	19	13	17	2	0	0	0	2	0	0	0	18	0	20	0	67	52	34	0	13	13	33	0	0	0	0	7	26	0	40	2	0	0	0	0	0	0	0	17	0	24	14	47	52	66	14	24	22	59	10	22	12	0	26	44	0	0	12	0	0	0	28	33	0	87	6	0	0	55	3	0	0	48	8	0	38	33	64	33	118	54
141	120	80	157	57	99	32	95	43	76	157	57	39	221	57	26	178	428	285	100	78	24	64	43	28	95	43	19	148	55	26	82	256	215	98	76	157	57	34	208	30	0	21	45	57	0	39	221	57	26	178	428	285	100	57	11	18	43	20	64	43	13	72	55	26	58	169	215	89	28	95	43	5	18	30	0	0	0	43	0	19	148	55	26	82	256	215	98	70	157	57	15	90	44	0	23	57	228	0	25	208	30	0	15	45	57	0	39	221	57	26	161	428	285	100	38	2	0	40	10	18	43	3	0	55	20	26	45	215	46	20	64	43	2	0	30	0	0	0	43	0	13	72	55	26	58	169	215	89	27	95	43	2	0	32	0	12	45	172	0	5	18	30	0	0	0	43	0	19	148	55	26	79	256	215	98	50	119	57	1	0	38	30	0	0	114	0	13	90	44	0	0	0	228	0	25	208	30	0	15	45	57	0	36	221	57	26	113	333	285	100
127	110	64	57	94	93	32	30	45	60	57	94	32	15	73	38	157	178	188	273	76	30	28	45	28	30	45	26	15	70	38	83	135	90	221	60	57	94	48	26	0	0	27	13	0	0	32	15	73	38	157	178	188	273	59	17	13	45	26	28	45	22	13	70	38	78	125	90	191	28	30	45	4	0	0	0	2	0	0	0	26	15	70	38	83	135	90	221	53	57	94	22	26	24	0	22	32	94	0	40	26	0	0	20	13	0	0	32	15	73	38	133	178	188	273	43	5	0	45	15	13	45	7	0	70	38	45	52	90	118	26	28	45	2	0	0	0	2	0	0	0	22	13	70	38	78	125	90	191	25	30	45	2	0	12	0	16	30	45	0	4	0	0	0	0	0	0	0	26	15	70	38	72	135	90	221	36	41	94	1	0	59	0	0	0	94	0	20	26	24	0	0	0	94	0	40	26	0	0	20	13	0	0	25	15	73	38	84	114	188	273
136	116	65	108	105	96	31	86	50	61	108	105	26	132	8	114	167	296	105	273	76	29	82	36	27	86	50	20	126	8	72	88	258	50	221	58	108	105	45	54	0	0	27	13	0	50	26	132	8	114	165	296	105	273	57	16	53	34	25	82	36	16	120	8	68	83	245	36	191	27	86	50	2	28	0	0	2	0	0	14	20	126	8	72	88	258	50	221	46	89	105	19	39	26	20	22	48	210	0	36	54	0	0	16	13	0	50	26	132	8	114	128	239	105	273	41	5	13	21	15	53	34	6	39	8	39	49	146	34	118	25	82	36	0	26	0	0	2	0	0	0	16	120	8	68	83	245	36	191	23	70	50	2	0	12	0	14	42	100	0	2	28	0	0	0	0	0	14	20	126	8	72	74	210	50	221	28	41	105	0	13	70	39	0	0	315	58	17	39	26	20	0	0	210	0	36	54	0	0	16	13	0	50	20	84	8	114	75	111	105	273
153	133	63	67	157	113	32	19	115	60	67	157	44	0	99	109	152	188	471	214	93	27	19	115	29	19	115	26	0	94	109	89	76	345	188	60	67	157	48	0	0	0	22	64	0	0	44	0	99	109	152	188	471	214	73	14	16	115	24	19	115	22	0	94	109	76	76	345	174	29	19	115	4	0	0	0	2	0	0	0	26	0	94	109	89	76	345	188	53	67	157	19	48	12	0	13	38	0	0	40	0	0	0	15	64	0	0	44	0	99	109	128	188	471	214	54	4	0	109	13	16	115	7	0	94	94	40	64	345	118	24	19	115	2	0	0	0	2	0	0	0	22	0	94	109	76	76	345	174	26	19	115	2	0	0	0	13	38	0	0	4	0	0	0	0	0	0	0	26	0	94	109	78	76	345	188	43	48	157	1	0	36	69	0	0	157	0	17	48	12	0	0	0	0	0	40	0	0	0	15	64	0	0	37	0	99	109	99	112	471	214
155	134	63	110	120	113	26	54	92	63	110	120	49	0	81	60	152	298	480	167	92	18	42	92	26	54	92	23	0	79	60	78	144	368	161	63	110	120	28	168	22	0	15	70	0	0	49	0	81	60	152	298	480	167	71	9	0	90	18	42	92	19	0	79	56	60	112	368	152	26	54	92	4	0	22	0	0	0	0	0	23	0	79	60	78	144	368	161	62	110	120	18	0	26	20	19	0	360	0	28	168	22	0	15	70	0	0	49	0	81	60	149	298	480	167	50	1	0	67	9	0	90	3	0	79	26	27	0	360	103	18	42	92	2	0	22	0	0	0	0	0	19	0	79	56	60	112	368	152	25	54	92	0	0	12	0	10	0	276	0	4	0	22	0	0	0	0	0	23	0	79	60	75	144	368	161	46	110	120	1	0	14	98	0	0	0	58	18	0	26	20	0	0	360	0	28	168	22	0	15	70	0	0	46	0	81	60	106	298	480	167
106	90	44	59	78	74	18	11	52	44	59	78	34	44	72	34	94	107	312	177	58	4	0	52	18	11	52	11	0	60	34	43	22	208	135	44	59	78	5	0	114	0	0	0	78	0	34	44	72	34	94	107	312	177	42	0	0	52	4	0	52	0	0	60	34	7	0	208	135	18	11	52	0	0	32	0	0	0	52	0	11	0	60	34	43	22	208	135	44	59	78	0	0	43	0	7	0	0	0	5	0	114	0	0	0	78	0	34	44	72	34	94	107	312	177	26	0	0	52	0	0	52	0	0	60	34	0	0	208	133	4	0	52	0	0	32	0	0	0	52	0	0	0	60	34	7	0	208	135	18	11	52	0	0	22	0	5	0	0	0	0	0	32	0	0	0	52	0	11	0	60	34	43	22	208	135	38	59	78	0	0	0	0	0	0	0	0	0	0	43	0	0	0	0	0	5	0	114	0	0	0	78	0	34	44	72	34	84	107	312	177
130	111	43	35	160	92	27	17	84	42	35	160	39	17	9	108	96	36	160	533	73	12	0	81	26	17	84	19	0	0	102	73	34	84	345	42	35	160	4	0	131	24	0	0	160	0	39	17	9	108	96	36	160	533	54	2	0	81	11	0	81	3	0	0	102	30	0	81	331	26	17	84	2	0	12	24	0	0	84	0	19	0	0	102	73	34	84	345	41	35	160	2	0	124	0	16	0	0	0	4	0	131	24	0	0	160	0	39	17	9	108	93	36	160	533	35	1	0	81	1	0	81	0	0	0	102	3	0	81	327	11	0	81	0	0	12	24	0	0	81	0	3	0	0	102	30	0	81	331	25	17	84	2	0	28	0	14	0	0	0	2	0	12	24	0	0	84	0	19	0	0	102	70	34	84	345	29	35	160	0	0	13	0	0	0	0	0	0	0	124	0	0	0	0	0	4	0	131	24	0	0	160	0	36	17	9	108	63	36	160	533
131	112	35	34	176	93	17	0	114	35	34	176	30	0	57	135	75	0	352	428	74	4	0	112	17	0	114	9	0	46	129	49	0	228	295	35	34	176	2	0	91	26	0	0	0	0	30	0	57	135	75	0	352	428	55	0	0	112	4	0	112	0	0	46	129	13	0	224	295	17	0	114	0	0	0	26	0	0	0	0	9	0	46	129	49	0	228	295	35	34	176	0	0	47	0	7	0	0	0	2	0	91	26	0	0	0	0	30	0	57	135	75	0	352	428	36	0	0	112	0	0	112	0	0	46	129	0	0	224	293	4	0	112	0	0	0	26	0	0	0	0	0	0	46	129	13	0	224	295	17	0	114	0	0	0	0	7	0	0	0	0	0	0	26	0	0	0	0	9	0	46	129	49	0	228	295	31	34	176	0	0	0	0	0	0	0	0	0	0	47	0	0	0	0	0	2	0	91	26	0	0	0	0	30	0	57	135	62	0	352	428
74	63	27	24	44	52	11	0	32	27	24	44	29	0	19	30	51	24	132	57	41	2	0	32	11	0	32	8	0	10	30	28	0	96	43	27	24	44	2	0	36	0	0	0	0	0	29	0	19	30	51	24	132	57	30	0	0	32	2	0	32	0	0	10	30	5	0	96	43	11	0	32	0	0	0	0	0	0	0	0	8	0	10	30	28	0	96	43	27	24	44	0	0	18	0	3	0	0	0	2	0	36	0	0	0	0	0	29	0	19	30	51	24	132	57	19	0	0	32	0	0	32	0	0	10	30	0	0	96	43	2	0	32	0	0	0	0	0	0	0	0	0	0	10	30	5	0	96	43	11	0	32	0	0	0	0	3	0	0	0	0	0	0	0	0	0	0	0	8	0	10	30	28	0	96	43	25	24	44	0	0	0	0	0	0	0	0	0	0	18	0	0	0	0	0	2	0	36	0	0	0	0	0	29	0	19	30	46	24	132	57
95	80	40	68	51	65	12	24	11	40	68	51	17	96	33	11	83	152	204	334	50	3	0	11	12	24	11	8	0	22	11	32	64	44	250	40	68	51	2	0	78	0	0	0	153	0	17	96	33	11	83	152	204	334	35	0	0	11	3	0	11	0	0	22	11	9	0	44	250	12	24	11	0	0	0	0	0	0	33	0	8	0	22	11	32	64	44	250	40	68	51	0	0	34	0	14	0	0	0	2	0	78	0	0	0	153	0	17	96	33	11	83	152	204	334	20	0	0	11	0	0	11	0	0	22	11	0	0	44	248	3	0	11	0	0	0	0	0	0	33	0	0	0	22	11	9	0	44	250	12	24	11	0	0	0	0	5	0	0	0	0	0	0	0	0	0	33	0	8	0	22	11	32	64	44	250	29	68	51	0	0	0	0	0	0	0	0	0	0	34	0	0	0	0	0	2	0	78	0	0	0	153	0	17	96	33	11	55	152	204	334
74	61	25	36	55	48	1	0	34	25	36	55	2	0	59	21	57	90	220	129	35	0	0	33	1	0	34	0	0	22	20	1	0	136	63	25	36	55	0	0	12	10	0	0	0	0	2	0	59	21	57	90	220	129	22	0	0	33	0	0	33	0	0	20	20	0	0	132	63	1	0	34	0	0	11	10	0	0	0	0	0	0	22	20	1	0	136	63	25	36	55	0	0	0	0	10	0	0	0	0	0	12	10	0	0	0	0	2	0	59	21	57	90	220	129	9	0	0	33	0	0	33	0	0	20	20	0	0	132	63	0	0	33	0	0	10	10	0	0	0	0	0	0	20	20	0	0	132	63	1	0	34	0	0	0	0	1	0	0	0	0	0	11	10	0	0	0	0	0	0	22	20	1	0	136	63	14	36	55	0	0	0	0	0	0	0	0	0	0	0	0	0	0	0	0	0	0	12	10	0	0	0	0	2	0	59	21	36	90	220	129
54	45	16	0	55	36	0	0	10	16	0	55	0	0	35	10	41	0	0	349	27	0	0	10	0	0	10	0	0	0	10	0	0	0	209	16	0	55	0	0	0	0	0	0	0	0	0	0	35	10	41	0	0	349	18	0	0	10	0	0	10	0	0	0	10	0	0	0	207	0	0	10	0	0	0	0	0	0	0	0	0	0	0	10	0	0	0	209	16	0	55	0	0	0	0	0	0	0	0	0	0	0	0	0	0	0	0	0	0	35	10	41	0	0	349	9	0	0	10	0	0	10	0	0	0	10	0	0	0	207	0	0	10	0	0	0	0	0	0	0	0	0	0	0	10	0	0	0	207	0	0	10	0	0	0	0	0	0	0	0	0	0	0	0	0	0	0	0	0	0	0	10	0	0	0	209	16	0	55	0	0	0	0	0	0	0	0	0	0	0	0	0	0	0	0	0	0	0	0	0	0	0	0	0	0	35	10	41	0	0	349
87	72	28	36	86	57	3	0	49	28	36	86	10	0	115	97	67	72	258	173	42	0	0	38	3	0	49	0	0	58	49	6	0	147	95	28	36	86	0	0	40	21	0	0	0	57	10	0	115	97	67	72	258	173	27	0	0	38	0	0	38	0	0	20	49	0	0	114	95	3	0	49	0	0	29	21	0	0	0	43	0	0	58	49	6	0	147	95	28	36	86	0	0	0	0	9	0	0	0	0	0	40	21	0	0	0	57	10	0	115	97	67	72	258	173	12	0	0	38	0	0	38	0	0	20	49	0	0	114	95	0	0	38	0	0	10	21	0	0	0	43	0	0	20	49	0	0	114	95	3	0	49	0	0	0	0	4	0	0	0	0	0	29	21	0	0	0	43	0	0	58	49	6	0	147	95	19	36	86	0	0	0	0	0	0	0	0	0	0	0	0	0	0	0	0	0	0	40	21	0	0	0	57	10	0	115	97	51	72	258	173
49	40	25	20	12	31	1	0	11	25	20	12	2	0	24	11	57	60	60	0	22	0	0	10	1	0	11	0	0	22	10	1	0	55	0	25	20	12	0	0	12	10	0	0	0	0	2	0	24	11	57	60	60	0	13	0	0	10	0	0	10	0	0	20	10	0	0	50	0	1	0	11	0	0	11	10	0	0	0	0	0	0	22	10	1	0	55	0	25	20	12	0	0	0	0	16	0	0	0	0	0	12	10	0	0	0	0	2	0	24	11	57	60	60	0	4	0	0	10	0	0	10	0	0	20	10	0	0	50	0	0	0	10	0	0	10	10	0	0	0	0	0	0	20	10	0	0	50	0	1	0	11	0	0	0	0	1	0	0	0	0	0	11	10	0	0	0	0	0	0	22	10	1	0	55	0	9	20	12	0	0	0	0	0	0	0	0	0	0	0	0	0	0	0	0	0	0	12	10	0	0	0	0	2	0	24	11	21	60	60	0
60	50	8	0	95	40	0	0	29	8	0	95	0	0	52	51	18	0	0	509	30	0	0	28	0	0	29	0	0	0	49	0	0	0	293	8	0	95	0	0	0	11	0	0	0	0	0	0	52	51	18	0	0	509	20	0	0	28	0	0	28	0	0	0	49	0	0	0	288	0	0	29	0	0	0	11	0	0	0	0	0	0	0	49	0	0	0	293	8	0	95	0	0	0	0	0	0	0	0	0	0	0	11	0	0	0	0	0	0	52	51	18	0	0	509	10	0	0	28	0	0	28	0	0	0	49	0	0	0	288	0	0	28	0	0	0	11	0	0	0	0	0	0	0	49	0	0	0	288	0	0	29	0	0	0	0	0	0	0	0	0	0	0	11	0	0	0	0	0	0	0	49	0	0	0	293	8	0	95	0	0	0	0	0	0	0	0	0	0	0	0	0	0	0	0	0	0	0	11	0	0	0	0	0	0	52	51	18	0	0	509
83	66	26	30	148	49	3	0	110	24	30	148	3	0	103	143	55	45	296	153	32	2	0	61	1	0	110	0	0	98	42	3	0	220	94	24	30	148	3	0	14	153	2	0	0	289	3	0	103	143	55	45	296	153	15	0	0	22	0	0	61	0	0	82	30	0	0	122	81	1	0	110	0	0	14	34	0	0	0	147	0	0	98	42	3	0	220	94	20	30	148	0	0	0	34	21	30	0	282	0	0	14	153	0	0	0	289	3	0	103	143	47	45	296	153	0	0	0	22	0	0	22	0	0	22	30	0	0	44	81	0	0	61	0	0	13	34	0	0	0	144	0	0	82	30	0	0	122	81	0	0	110	0	0	0	34	0	0	0	185	0	0	14	34	0	0	0	147	0	0	98	42	0	0	220	94	0	0	148	0	0	0	0	0	0	0	0	0	0	0	34	0	0	0	282	0	0	14	153	0	0	0	289	0	0	103	143	0	0	296	153
62	49	25	30	64	36	3	0	35	22	30	64	0	0	54	50	50	60	192	153	23	3	0	29	0	0	35	0	0	49	42	0	0	105	94	22	30	64	3	0	0	56	5	0	0	0	0	0	54	50	50	60	192	153	10	1	0	19	0	0	29	0	0	38	30	0	0	87	81	0	0	35	0	0	0	10	0	0	0	0	0	0	49	42	0	0	105	94	16	30	64	1	0	0	10	18	20	0	57	0	0	0	56	0	0	0	0	0	0	54	50	36	60	192	153	0	0	0	19	0	0	19	0	0	19	30	0	0	57	81	0	0	29	0	0	0	10	0	0	0	0	0	0	38	30	0	0	87	81	0	0	35	0	0	0	10	0	0	0	43	0	0	0	10	0	0	0	0	0	0	49	42	0	0	105	94	0	0	64	0	0	9	0	0	0	0	0	0	0	0	10	0	0	0	57	0	0	0	56	0	0	0	0	0	0	54	50	0	0	192	153
80	63	39	60	111	46	7	0	102	33	60	111	3	0	103	46	86	180	555	12	29	6	0	82	1	0	102	0	0	101	9	3	0	510	11	33	60	111	21	0	14	140	15	0	0	51	3	0	103	46	86	180	555	12	12	0	0	26	0	0	82	0	0	86	0	0	0	410	10	1	0	102	0	0	14	0	0	0	0	11	0	0	101	9	3	0	510	11	17	60	111	0	0	0	88	17	72	0	376	0	0	14	140	0	0	0	51	3	0	103	46	40	180	555	12	0	0	0	12	0	0	26	0	0	14	0	0	0	130	10	0	0	82	0	0	13	0	0	0	0	11	0	0	86	0	0	0	410	10	0	0	102	0	0	0	24	0	0	0	230	0	0	14	0	0	0	0	11	0	0	101	9	0	0	510	11	0	0	111	0	0	0	24	0	0	0	100	0	0	0	88	0	0	0	376	0	0	14	140	0	0	0	51	0	0	103	46	0	0	555	12
54	43	18	10	70	32	1	0	40	17	10	70	0	0	30	46	40	10	70	153	21	1	0	23	0	0	40	0	0	28	9	0	0	40	94	17	10	70	1	0	0	101	1	0	0	51	0	0	30	46	40	10	70	153	10	0	0	0	0	0	23	0	0	18	0	0	0	23	81	0	0	40	0	0	0	0	0	0	0	11	0	0	28	9	0	0	40	94	16	10	70	0	0	0	0	17	10	0	177	0	0	0	101	0	0	0	51	0	0	30	46	39	10	70	153	0	0	0	0	0	0	0	0	0	0	0	0	0	0	81	0	0	23	0	0	0	0	0	0	0	11	0	0	18	0	0	0	23	81	0	0	40	0	0	0	0	0	0	0	135	0	0	0	0	0	0	0	11	0	0	28	9	0	0	40	94	0	0	70	0	0	0	0	0	0	0	0	0	0	0	0	0	0	0	177	0	0	0	101	0	0	0	51	0	0	30	46	0	0	70	153
46	36	25	24	13	26	4	0	0	21	24	13	0	0	0	0	52	60	52	67	16	4	0	0	0	0	0	0	0	0	0	0	0	0	45	21	24	13	11	0	0	0	10	0	0	0	0	0	0	0	52	60	52	67	6	0	0	0	0	0	0	0	0	0	0	0	0	0	43	0	0	0	0	0	0	0	0	0	0	0	0	0	0	0	0	0	0	45	11	24	13	0	0	0	0	11	24	0	0	0	0	0	0	0	0	0	0	0	0	0	0	25	60	52	67	0	0	0	0	0	0	0	0	0	0	0	0	0	0	43	0	0	0	0	0	0	0	0	0	0	0	0	0	0	0	0	0	0	43	0	0	0	0	0	0	0	0	0	0	0	0	0	0	0	0	0	0	0	0	0	0	0	0	0	0	45	0	0	13	0	0	0	0	0	0	0	0	0	0	0	0	0	0	0	0	0	0	0	0	0	0	0	0	0	0	0	0	0	0	52	67
64	47	24	31	145	31	8	16	82	16	15	145	1	0	16	143	45	15	145	406	15	7	15	78	0	0	82	0	0	14	133	0	0	82	287	15	15	145	20	15	0	50	14	15	0	0	0	0	16	143	45	15	145	406	0	0	0	68	0	0	78	0	0	14	107	0	0	78	195	0	0	82	0	0	0	42	0	0	0	0	0	0	14	133	0	0	82	287	0	0	145	0	0	23	109	0	0	145	0	0	0	0	50	0	0	0	0	0	0	16	143	0	0	145	406	0	0	0	39	0	0	68	0	0	13	41	0	0	68	67	0	0	78	0	0	0	30	0	0	0	0	0	0	14	107	0	0	78	195	0	0	82	0	0	22	42	0	0	82	0	0	0	0	42	0	0	0	0	0	0	14	133	0	0	82	287	0	0	0	0	0	0	66	0	0	0	162	0	0	0	109	0	0	0	0	0	0	0	50	0	0	0	0	0	0	0	143	0	0	0	406
66	47	37	86	127	30	10	34	102	27	52	127	19	0	42	103	52	169	508	124	13	5	26	101	0	0	102	0	0	40	99	0	0	408	102	14	52	127	13	104	0	14	12	65	0	0	0	0	42	103	41	169	508	124	0	0	0	89	0	0	101	0	0	40	75	0	0	404	82	0	0	102	0	0	0	9	0	0	0	0	0	0	40	99	0	0	408	102	0	0	127	0	0	13	144	0	0	254	0	0	0	0	14	0	0	0	0	0	0	42	103	0	0	508	124	0	0	0	29	0	0	89	0	0	39	0	0	0	356	26	0	0	101	0	0	0	0	0	0	0	0	0	0	40	75	0	0	404	82	0	0	102	0	0	13	8	0	0	204	0	0	0	0	9	0	0	0	0	0	0	40	99	0	0	408	102	0	0	0	0	0	0	84	0	0	0	413	0	0	0	144	0	0	0	0	0	0	0	14	0	0	0	0	0	0	0	103	0	0	0	124
53	39	35	33	84	25	9	0	53	26	33	84	11	0	62	44	58	99	252	188	11	6	0	53	0	0	53	0	0	60	44	0	0	159	137	17	33	84	21	0	0	0	14	33	0	0	0	0	62	44	51	99	252	188	0	0	0	52	0	0	53	0	0	60	42	0	0	159	111	0	0	53	0	0	0	0	0	0	0	0	0	0	60	44	0	0	159	137	0	0	84	0	0	0	13	0	0	0	0	0	0	0	0	0	0	0	0	0	0	62	44	0	0	252	188	0	0	0	33	0	0	52	0	0	59	14	0	0	156	45	0	0	53	0	0	0	0	0	0	0	0	0	0	60	42	0	0	159	111	0	0	53	0	0	0	0	0	0	0	0	0	0	0	0	0	0	0	0	0	0	60	44	0	0	159	137	0	0	0	0	0	0	67	0	0	0	105	0	0	0	13	0	0	0	0	0	0	0	0	0	0	0	0	0	0	0	44	0	0	0	188
39	28	23	26	43	18	6	10	0	17	16	43	1	0	0	0	41	32	86	336	8	5	8	0	0	0	0	0	0	0	0	0	0	0	247	13	16	43	19	16	0	0	14	8	0	0	0	0	0	0	39	32	86	336	0	0	0	0	0	0	0	0	0	0	0	0	0	0	172	0	0	0	0	0	0	0	0	0	0	0	0	0	0	0	0	0	0	247	0	0	43	0	0	0	0	0	0	43	0	0	0	0	0	0	0	0	0	0	0	0	0	0	0	86	336	0	0	0	0	0	0	0	0	0	0	0	0	0	0	67	0	0	0	0	0	0	0	0	0	0	0	0	0	0	0	0	0	0	172	0	0	0	0	0	0	0	0	0	0	0	0	0	0	0	0	0	0	0	0	0	0	0	0	0	0	247	0	0	0	0	0	0	0	0	0	0	0	0	0	0	0	0	0	0	0	0	0	0	0	0	0	0	0	0	0	0	0	0	0	0	336
37	25	35	45	12	15	9	20	0	26	25	12	19	0	0	0	40	80	60	111	5	4	10	0	0	0	0	0	0	0	0	0	0	0	102	10	25	12	11	50	0	0	10	25	0	0	0	0	0	0	27	80	60	111	0	0	0	0	0	0	0	0	0	0	0	0	0	0	82	0	0	0	0	0	0	0	0	0	0	0	0	0	0	0	0	0	0	102	0	0	12	0	0	0	0	0	0	24	0	0	0	0	0	0	0	0	0	0	0	0	0	0	0	60	111	0	0	0	0	0	0	0	0	0	0	0	0	0	0	26	0	0	0	0	0	0	0	0	0	0	0	0	0	0	0	0	0	0	82	0	0	0	0	0	0	0	0	0	0	0	0	0	0	0	0	0	0	0	0	0	0	0	0	0	0	102	0	0	0	0	0	0	0	0	0	0	0	0	0	0	0	0	0	0	0	0	0	0	0	0	0	0	0	0	0	0	0	0	0	0	111
42	27	26	36	90	12	10	0	47	14	36	90	19	0	8	84	11	24	270	266	0	0	0	45	0	0	47	0	0	8	78	0	0	141	155	0	0	90	0	0	44	28	0	0	0	0	0	0	8	84	0	0	270	266	0	0	0	45	0	0	45	0	0	8	78	0	0	135	154	0	0	47	0	0	0	28	0	0	0	0	0	0	8	78	0	0	141	155	0	0	0	0	0	0	0	0	0	0	0	0	0	0	28	0	0	0	0	0	0	0	84	0	0	0	266	0	0	0	44	0	0	45	0	0	8	75	0	0	135	141	0	0	45	0	0	0	26	0	0	0	0	0	0	8	78	0	0	135	154	0	0	0	0	0	0	0	0	0	0	0	0	0	0	28	0	0	0	0	0	0	0	78	0	0	0	155	0	0	0	0	0	0	13	0	0	0	0	0	0	0	0	0	0	0	0	0	0	0	28	0	0	0	0	0	0	0	0	0	0	0	0
24	15	22	18	16	6	7	0	10	13	18	16	19	0	0	10	11	12	48	12	0	0	0	10	0	0	10	0	0	0	10	0	0	30	0	0	0	16	0	0	10	0	0	0	0	0	0	0	0	10	0	0	48	12	0	0	0	10	0	0	10	0	0	0	10	0	0	30	0	0	0	10	0	0	0	0	0	0	0	0	0	0	0	10	0	0	30	0	0	0	0	0	0	0	0	0	0	0	0	0	0	0	0	0	0	0	0	0	0	0	10	0	0	0	12	0	0	0	10	0	0	10	0	0	0	10	0	0	30	0	0	0	10	0	0	0	0	0	0	0	0	0	0	0	10	0	0	30	0	0	0	0	0	0	0	0	0	0	0	0	0	0	0	0	0	0	0	0	0	0	0	10	0	0	0	0	0	0	0	0	0	0	0	0	0	0	0	0	0	0	0	0	0	0	0	0	0	0	0	0	0	0	0	0	0	0	0	0	0	0	0
36	21	23	66	44	8	7	16	13	11	40	44	9	80	0	26	8	40	220	223	0	0	0	13	0	0	13	0	0	0	26	0	0	65	155	0	0	44	0	0	36	0	0	0	88	0	0	0	0	26	0	0	220	223	0	0	0	13	0	0	13	0	0	0	26	0	0	65	154	0	0	13	0	0	0	0	0	0	26	0	0	0	0	26	0	0	65	155	0	0	0	0	0	0	0	0	0	0	0	0	0	0	0	0	0	0	0	0	0	0	26	0	0	0	223	0	0	0	13	0	0	13	0	0	0	26	0	0	65	141	0	0	13	0	0	0	0	0	0	26	0	0	0	0	26	0	0	65	154	0	0	0	0	0	0	0	0	0	0	0	0	0	0	0	0	0	0	0	0	0	0	26	0	0	0	155	0	0	0	0	0	0	0	0	0	0	0	0	0	0	0	0	0	0	0	0	0	0	0	0	0	0	0	0	0	0	0	0	0	0	0
30	19	25	19	52	9	10	9	0	15	9	52	18	9	0	0	13	0	52	411	0	0	0	0	0	0	0	0	0	0	0	0	0	0	237	0	0	52	0	0	59	0	0	0	52	0	0	0	0	0	0	0	52	411	0	0	0	0	0	0	0	0	0	0	0	0	0	0	232	0	0	0	0	0	0	0	0	0	0	0	0	0	0	0	0	0	0	237	0	0	0	0	0	0	0	0	0	0	0	0	0	0	0	0	0	0	0	0	0	0	0	0	0	0	411	0	0	0	0	0	0	0	0	0	0	0	0	0	0	209	0	0	0	0	0	0	0	0	0	0	0	0	0	0	0	0	0	0	232	0	0	0	0	0	0	0	0	0	0	0	0	0	0	0	0	0	0	0	0	0	0	0	0	0	0	237	0	0	0	0	0	0	0	0	0	0	0	0	0	0	0	0	0	0	0	0	0	0	0	0	0	0	0	0	0	0	0	0	0	0	0
28	16	23	44	18	6	7	12	0	12	24	18	11	48	0	0	9	24	72	139	0	0	0	0	0	0	0	0	0	0	0	0	0	0	102	0	0	18	0	0	36	0	0	0	36	0	0	0	0	0	0	0	72	139	0	0	0	0	0	0	0	0	0	0	0	0	0	0	101	0	0	0	0	0	0	0	0	0	0	0	0	0	0	0	0	0	0	102	0	0	0	0	0	0	0	0	0	0	0	0	0	0	0	0	0	0	0	0	0	0	0	0	0	0	139	0	0	0	0	0	0	0	0	0	0	0	0	0	0	89	0	0	0	0	0	0	0	0	0	0	0	0	0	0	0	0	0	0	101	0	0	0	0	0	0	0	0	0	0	0	0	0	0	0	0	0	0	0	0	0	0	0	0	0	0	102	0	0	0	0	0	0	0	0	0	0	0	0	0	0	0	0	0	0	0	0	0	0	0	0	0	0	0	0	0	0	0	0	0	0	0
16	8	7	0	50	0	0	0	8	0	0	50	0	0	37	8	0	0	0	220	0	0	0	8	0	0	8	0	0	0	8	0	0	0	70	0	0	0	0	0	0	0	0	0	0	0	0	0	0	8	0	0	0	220	0	0	0	8	0	0	8	0	0	0	8	0	0	0	68	0	0	0	0	0	0	0	0	0	0	0	0	0	0	8	0	0	0	70	0	0	0	0	0	0	0	0	0	0	0	0	0	0	0	0	0	0	0	0	0	0	0	0	0	0	0	0	0	0	8	0	0	8	0	0	0	8	0	0	0	68	0	0	0	0	0	0	0	0	0	0	0	0	0	0	8	0	0	0	68	0	0	0	0	0	0	0	0	0	0	0	0	0	0	0	0	0	0	0	0	0	0	0	0	0	0	0	0	0	0	0	0	0	0	0	0	0	0	0	0	0	0	0	0	0	0	0	0	0	0	0	0	0	0	0	0	0	0	0	0	0	0
16	8	9	0	32	0	0	0	0	0	0	32	0	0	28	0	0	0	0	168	0	0	0	0	0	0	0	0	0	0	0	0	0	0	70	0	0	0	0	0	0	0	0	0	0	0	0	0	0	0	0	0	0	168	0	0	0	0	0	0	0	0	0	0	0	0	0	0	68	0	0	0	0	0	0	0	0	0	0	0	0	0	0	0	0	0	0	70	0	0	0	0	0	0	0	0	0	0	0	0	0	0	0	0	0	0	0	0	0	0	0	0	0	0	0	0	0	0	0	0	0	0	0	0	0	0	0	0	0	68	0	0	0	0	0	0	0	0	0	0	0	0	0	0	0	0	0	0	68	0	0	0	0	0	0	0	0	0	0	0	0	0	0	0	0	0	0	0	0	0	0	0	0	0	0	0	0	0	0	0	0	0	0	0	0	0	0	0	0	0	0	0	0	0	0	0	0	0	0	0	0	0	0	0	0	0	0	0	0	0	0
18	8	7	16	32	0	0	0	0	0	0	32	0	0	28	0	0	0	64	168	0	0	0	0	0	0	0	0	0	0	0	0	0	0	70	0	0	0	0	0	0	0	0	0	0	0	0	0	0	0	0	0	0	168	0	0	0	0	0	0	0	0	0	0	0	0	0	0	68	0	0	0	0	0	0	0	0	0	0	0	0	0	0	0	0	0	0	70	0	0	0	0	0	0	0	0	0	0	0	0	0	0	0	0	0	0	0	0	0	0	0	0	0	0	0	0	0	0	0	0	0	0	0	0	0	0	0	0	0	68	0	0	0	0	0	0	0	0	0	0	0	0	0	0	0	0	0	0	68	0	0	0	0	0	0	0	0	0	0	0	0	0	0	0	0	0	0	0	0	0	0	0	0	0	0	0	0	0	0	0	0	0	0	0	0	0	0	0	0	0	0	0	0	0	0	0	0	0	0	0	0	0	0	0	0	0	0	0	0	0	0
9	4	6	4	8	0	0	0	0	0	0	8	0	0	16	0	0	0	8	44	0	0	0	0	0	0	0	0	0	0	0	0	0	0	13	0	0	0	0	0	0	0	0	0	0	0	0	0	0	0	0	0	0	44	0	0	0	0	0	0	0	0	0	0	0	0	0	0	13	0	0	0	0	0	0	0	0	0	0	0	0	0	0	0	0	0	0	13	0	0	0	0	0	0	0	0	0	0	0	0	0	0	0	0	0	0	0	0	0	0	0	0	0	0	0	0	0	0	0	0	0	0	0	0	0	0	0	0	0	13	0	0	0	0	0	0	0	0	0	0	0	0	0	0	0	0	0	0	13	0	0	0	0	0	0	0	0	0	0	0	0	0	0	0	0	0	0	0	0	0	0	0	0	0	0	0	0	0	0	0	0	0	0	0	0	0	0	0	0	0	0	0	0	0	0	0	0	0	0	0	0	0	0	0	0	0	0	0	0	0	0
12	5	7	10	14	0	0	0	0	0	0	14	0	0	28	0	0	0	28	62	0	0	0	0	0	0	0	0	0	0	0	0	0	0	13	0	0	0	0	0	0	0	0	0	0	0	0	0	0	0	0	0	0	62	0	0	0	0	0	0	0	0	0	0	0	0	0	0	13	0	0	0	0	0	0	0	0	0	0	0	0	0	0	0	0	0	0	13	0	0	0	0	0	0	0	0	0	0	0	0	0	0	0	0	0	0	0	0	0	0	0	0	0	0	0	0	0	0	0	0	0	0	0	0	0	0	0	0	0	13	0	0	0	0	0	0	0	0	0	0	0	0	0	0	0	0	0	0	13	0	0	0	0	0	0	0	0	0	0	0	0	0	0	0	0	0	0	0	0	0	0	0	0	0	0	0	0	0	0	0	0	0	0	0	0	0	0	0	0	0	0	0	0	0	0	0	0	0	0	0	0	0	0	0	0	0	0	0	0	0	0
13	0	0	0	133	0	0	0	111	0	0	0	0	0	0	64	0	0	0	46	0	0	0	85	0	0	0	0	0	0	0	0	0	0	0	0	0	0	0	0	0	108	0	0	0	62	0	0	0	0	0	0	0	0	0	0	0	41	0	0	0	0	0	0	0	0	0	0	0	0	0	0	0	0	0	0	0	0	0	13	0	0	0	0	0	0	0	0	0	0	0	0	0	0	36	0	0	0	327	0	0	0	0	0	0	0	0	0	0	0	0	0	0	0	0	0	0	0	40	0	0	0	0	0	0	0	0	0	0	0	0	0	0	0	0	0	0	0	0	0	13	0	0	0	0	0	0	0	0	0	0	0	0	0	0	35	0	0	0	184	0	0	0	0	0	0	0	0	0	0	0	0	0	0	0	0	0	0	0	0	0	0	9	0	0	0	0	0	0	0	0	0	0	0	0	0	0	0	0	0	0	0	0	0	0	0	0	0	0	0	0
10	0	0	0	85	0	0	0	58	0	0	0	0	0	0	73	0	0	0	54	0	0	0	26	0	0	0	0	0	0	0	0	0	0	0	0	0	0	0	0	0	77	0	0	0	114	0	0	0	0	0	0	0	0	0	0	0	8	0	0	0	0	0	0	0	0	0	0	0	0	0	0	0	0	0	0	0	0	0	13	0	0	0	0	0	0	0	0	0	0	0	0	0	0	0	0	0	0	139	0	0	0	0	0	0	0	0	0	0	0	0	0	0	0	0	0	0	0	8	0	0	0	0	0	0	0	0	0	0	0	0	0	0	0	0	0	0	0	0	0	13	0	0	0	0	0	0	0	0	0	0	0	0	0	0	0	0	0	0	102	0	0	0	0	0	0	0	0	0	0	0	0	0	0	0	0	0	0	0	0	0	0	0	0	0	0	0	0	0	0	0	0	0	0	0	0	0	0	0	0	0	0	0	0	0	0	0	0	0	0	0
