199	193	43	9	0	187	26	5	0	43	9	0	30	0	0	0	91	14	0	0	181	23	5	0	26	5	0	27	0	0	0	52	10	0	0	43	9	0	31	0	0	0	40	12	0	0	30	0	0	0	91	14	0	0	175	20	4	0	23	5	0	21	0	0	0	43	10	0	0	26	5	0	24	0	0	0	22	0	0	0	27	0	0	0	52	10	0	0	43	9	0	24	4	0	0	16	8	0	0	31	0	0	0	40	12	0	0	30	0	0	0	91	14	0	0	169	11	0	0	20	4	0	10	0	0	0	36	8	0	0	23	5	0	9	0	0	0	22	0	0	0	21	0	0	0	43	10	0	0	26	5	0	8	0	0	0	2	0	0	0	24	0	0	0	22	0	0	0	27	0	0	0	52	10	0	0	43	9	0	24	0	0	0	24	20	0	0	24	4	0	0	16	8	0	0	31	0	0	0	40	12	0	0	30	0	0	0	91	14	0	0
379	367	58	53	0	355	33	36	0	58	53	0	43	54	0	0	121	78	0	0	343	26	36	0	33	36	0	30	54	0	0	72	54	0	0	58	53	0	40	0	0	0	45	48	0	0	43	54	0	0	121	78	0	0	331	22	30	0	26	36	0	24	54	0	0	54	54	0	0	33	36	0	31	0	0	0	25	24	0	0	30	54	0	0	72	54	0	0	58	53	0	25	24	0	0	18	12	0	0	40	0	0	0	45	48	0	0	43	54	0	0	121	78	0	0	319	14	12	0	22	30	0	12	36	0	0	45	44	0	0	26	36	0	16	0	0	0	23	24	0	0	24	54	0	0	54	54	0	0	33	36	0	12	0	0	0	5	0	0	0	31	0	0	0	25	24	0	0	30	54	0	0	72	54	0	0	58	53	0	23	24	0	0	25	24	0	0	25	24	0	0	18	12	0	0	40	0	0	0	45	48	0	0	43	54	0	0	121	78	0	0
349	338	64	43	0	327	38	31	0	64	43	0	56	0	0	0	143	86	0	0	316	30	28	0	38	31	0	40	0	0	0	86	58	0	0	64	43	0	40	21	0	0	45	50	0	0	56	0	0	0	143	86	0	0	305	25	28	0	30	28	0	33	0	0	0	63	49	0	0	38	31	0	28	21	0	0	24	38	0	0	40	0	0	0	86	58	0	0	64	43	0	31	0	0	0	17	22	0	0	40	21	0	0	45	50	0	0	56	0	0	0	143	86	0	0	294	14	19	0	25	28	0	21	0	0	0	49	49	0	0	30	28	0	13	21	0	0	22	35	0	0	33	0	0	0	63	49	0	0	38	31	0	12	0	0	0	4	10	0	0	28	21	0	0	24	38	0	0	40	0	0	0	86	58	0	0	64	43	0	20	36	0	0	25	24	0	0	31	0	0	0	17	22	0	0	40	21	0	0	45	50	0	0	56	0	0	0	143	86	0	0
297	288	69	24	0	279	43	8	0	69	24	0	63	0	0	0	143	72	0	0	270	35	8	0	43	8	0	41	0	0	0	91	24	0	0	69	24	0	45	0	0	0	41	44	0	0	63	0	0	0	143	72	0	0	261	30	8	0	35	8	0	33	0	0	0	71	24	0	0	43	8	0	31	0	0	0	25	24	0	0	41	0	0	0	91	24	0	0	69	24	0	31	0	0	0	16	16	0	0	45	0	0	0	41	44	0	0	63	0	0	0	143	72	0	0	252	19	4	0	30	8	0	21	0	0	0	60	24	0	0	35	8	0	16	0	0	0	24	24	0	0	33	0	0	0	71	24	0	0	43	8	0	12	0	0	0	4	0	0	0	31	0	0	0	25	24	0	0	41	0	0	0	91	24	0	0	69	24	0	25	16	0	0	25	24	0	0	31	0	0	0	16	16	0	0	45	0	0	0	41	44	0	0	63	0	0	0	143	72	0	0
362	351	79	39	0	340	49	18	0	79	39	0	74	9	0	0	168	102	0	0	329	43	13	0	49	18	0	57	9	0	0	116	36	0	0	79	39	0	49	20	0	0	46	24	0	0	74	9	0	0	168	102	0	0	318	39	4	0	43	13	0	49	4	0	0	99	26	0	0	49	18	0	40	0	0	0	31	0	0	0	57	9	0	0	116	36	0	0	79	39	0	29	20	0	0	20	16	0	0	49	20	0	0	46	24	0	0	74	9	0	0	168	102	0	0	307	29	0	0	39	4	0	38	0	0	0	90	8	0	0	43	13	0	25	0	0	0	31	0	0	0	49	4	0	0	99	26	0	0	49	18	0	15	0	0	0	8	0	0	0	40	0	0	0	31	0	0	0	57	9	0	0	116	36	0	0	79	39	0	32	0	0	0	27	24	0	0	29	20	0	0	20	16	0	0	49	20	0	0	46	24	0	0	74	9	0	0	168	102	0	0
704	681	119	203	20	658	75	174	0	119	203	20	100	237	0	0	267	442	20	0	635	61	124	0	75	174	0	71	174	0	0	194	406	0	0	119	203	20	30	264	4	0	39	155	60	0	100	237	0	0	267	442	20	0	612	53	93	0	61	124	0	67	105	0	0	156	285	0	0	75	174	0	20	220	0	0	30	137	0	0	71	174	0	0	194	406	0	0	119	203	20	18	166	20	0	16	20	40	0	30	264	4	0	39	155	60	0	100	237	0	0	267	442	20	0	589	45	43	0	53	93	0	57	13	0	0	138	214	0	0	61	124	0	20	70	0	0	25	105	0	0	67	105	0	0	156	285	0	0	75	174	0	16	105	0	0	16	20	0	0	20	220	0	0	30	137	0	0	71	174	0	0	194	406	0	0	119	203	20	26	56	28	0	14	0	100	0	18	166	20	0	16	20	40	0	30	264	4	0	39	155	60	0	100	237	0	0	267	442	20	0
550	532	100	120	16	514	68	92	0	100	120	16	92	146	0	0	227	231	32	0	496	56	83	0	68	92	0	61	132	0	0	168	205	0	0	100	120	16	48	93	4	0	40	59	0	0	92	146	0	0	227	231	32	0	478	48	69	0	56	83	0	51	121	0	0	136	186	0	0	68	92	0	38	72	0	0	32	53	0	0	61	132	0	0	168	205	0	0	100	120	16	23	57	16	0	15	14	16	0	48	93	4	0	40	59	0	0	92	146	0	0	227	231	32	0	460	35	56	0	48	69	0	32	106	0	0	117	156	0	0	56	83	0	23	66	0	0	31	51	0	0	51	121	0	0	136	186	0	0	68	92	0	16	40	0	0	14	12	0	0	38	72	0	0	32	53	0	0	61	132	0	0	168	205	0	0	100	120	16	16	42	28	0	22	14	16	0	23	57	16	0	15	14	16	0	48	93	4	0	40	59	0	0	92	146	0	0	227	231	32	0
385	373	76	39	12	361	56	11	0	76	39	12	74	0	0	0	180	64	48	0	349	49	11	0	56	11	0	57	0	0	0	147	22	0	0	76	39	12	50	0	4	0	30	0	0	0	74	0	0	0	180	64	48	0	337	44	11	0	49	11	0	48	0	0	0	128	22	0	0	56	11	0	41	0	0	0	30	0	0	0	57	0	0	0	147	22	0	0	76	39	12	22	0	4	0	9	0	0	0	50	0	4	0	30	0	0	0	74	0	0	0	180	64	48	0	325	34	11	0	44	11	0	37	0	0	0	117	22	0	0	49	11	0	26	0	0	0	30	0	0	0	48	0	0	0	128	22	0	0	56	11	0	15	0	0	0	9	0	0	0	41	0	0	0	30	0	0	0	57	0	0	0	147	22	0	0	76	39	12	13	0	16	0	4	0	0	0	22	0	4	0	9	0	0	0	50	0	4	0	30	0	0	0	74	0	0	0	180	64	48	0
500	484	91	93	8	468	55	51	0	91	93	8	65	82	0	0	228	245	40	0	452	50	34	0	55	51	0	58	12	0	0	154	150	0	0	91	93	8	42	30	4	0	27	0	16	0	65	82	0	0	228	245	40	0	436	46	28	0	50	34	0	51	0	0	0	140	110	0	0	55	51	0	38	0	0	0	25	0	0	0	58	12	0	0	154	150	0	0	91	93	8	22	0	4	0	8	0	8	0	42	30	4	0	27	0	16	0	65	82	0	0	228	245	40	0	420	39	28	0	46	28	0	40	0	0	0	131	98	0	0	50	34	0	23	0	0	0	25	0	0	0	51	0	0	0	140	110	0	0	55	51	0	15	0	0	0	8	0	0	0	38	0	0	0	25	0	0	0	58	12	0	0	154	150	0	0	91	93	8	13	0	4	0	4	0	0	0	22	0	4	0	8	0	8	0	42	30	4	0	27	0	16	0	65	82	0	0	228	245	40	0
557	538	120	148	4	519	70	107	0	120	148	4	92	220	0	0	297	453	16	0	500	60	93	0	70	107	0	64	176	0	0	195	356	0	0	120	148	4	67	99	4	0	28	46	4	0	92	220	0	0	297	453	16	0	481	50	90	0	60	93	0	50	170	0	0	162	305	0	0	70	107	0	39	90	0	0	19	40	0	0	64	176	0	0	195	356	0	0	120	148	4	31	30	4	0	5	50	0	0	67	99	4	0	28	46	4	0	92	220	0	0	297	453	16	0	462	41	87	0	50	90	0	31	170	0	0	132	290	0	0	60	93	0	22	90	0	0	19	40	0	0	50	170	0	0	162	305	0	0	70	107	0	14	30	0	0	5	50	0	0	39	90	0	0	19	40	0	0	64	176	0	0	195	356	0	0	120	148	4	24	27	0	0	10	30	0	0	31	30	4	0	5	50	0	0	67	99	4	0	28	46	4	0	92	220	0	0	297	453	16	0
386	373	75	47	35	360	50	41	0	75	47	35	66	51	44	0	197	120	0	60	347	43	40	0	50	41	0	47	48	0	0	140	106	0	0	75	47	35	40	8	32	0	22	26	0	0	66	51	44	0	197	120	0	60	334	36	40	0	43	40	0	35	48	0	0	119	104	0	0	50	41	0	22	8	0	0	19	24	0	0	47	48	0	0	140	106	0	0	75	47	35	15	0	53	0	7	8	0	0	40	8	32	0	22	26	0	0	66	51	44	0	197	120	0	60	321	34	40	0	36	40	0	33	48	0	0	106	104	0	0	43	40	0	20	8	0	0	19	24	0	0	35	48	0	0	119	104	0	0	50	41	0	15	0	0	0	7	8	0	0	22	8	0	0	19	24	0	0	47	48	0	0	140	106	0	0	75	47	35	9	0	16	0	4	0	0	0	15	0	53	0	7	8	0	0	40	8	32	0	22	26	0	0	66	51	44	0	197	120	0	60
300	290	53	23	26	280	35	21	0	53	23	26	40	14	17	0	142	70	0	40	270	33	21	0	35	21	0	38	14	0	0	97	63	0	0	53	23	26	17	0	14	0	13	0	0	0	40	14	17	0	142	70	0	40	260	32	21	0	33	21	0	37	14	0	0	93	63	0	0	35	21	0	17	0	0	0	12	0	0	0	38	14	0	0	97	63	0	0	53	23	26	7	0	8	0	7	0	0	0	17	0	14	0	13	0	0	0	40	14	17	0	142	70	0	40	250	30	21	0	32	21	0	35	14	0	0	90	63	0	0	33	21	0	15	0	0	0	12	0	0	0	37	14	0	0	93	63	0	0	35	21	0	7	0	0	0	7	0	0	0	17	0	0	0	12	0	0	0	38	14	0	0	97	63	0	0	53	23	26	4	0	16	0	4	0	0	0	7	0	8	0	7	0	0	0	17	0	14	0	13	0	0	0	40	14	17	0	142	70	0	40
336	325	54	32	18	314	31	18	0	54	32	18	30	0	17	0	161	91	36	24	303	30	18	0	31	18	0	28	0	0	0	99	63	0	0	54	32	18	10	0	6	0	8	0	0	0	30	0	17	0	161	91	36	24	292	30	18	0	30	18	0	28	0	0	0	97	63	0	0	31	18	0	10	0	0	0	7	0	0	0	28	0	0	0	99	63	0	0	54	32	18	3	0	0	0	6	0	0	0	10	0	6	0	8	0	0	0	30	0	17	0	161	91	36	24	281	30	18	0	30	18	0	28	0	0	0	97	63	0	0	30	18	0	10	0	0	0	7	0	0	0	28	0	0	0	97	63	0	0	31	18	0	3	0	0	0	6	0	0	0	10	0	0	0	7	0	0	0	28	0	0	0	99	63	0	0	54	32	18	3	0	0	0	3	0	0	0	3	0	0	0	6	0	0	0	10	0	6	0	8	0	0	0	30	0	17	0	161	91	36	24
398	385	60	50	18	372	33	22	0	60	50	18	31	0	17	0	174	147	72	24	359	32	22	0	33	22	0	29	0	0	0	106	77	0	0	60	50	18	10	0	6	0	8	0	0	0	31	0	17	0	174	147	72	24	346	32	22	0	32	22	0	29	0	0	0	104	77	0	0	33	22	0	10	0	0	0	7	0	0	0	29	0	0	0	106	77	0	0	60	50	18	3	0	0	0	6	0	0	0	10	0	6	0	8	0	0	0	31	0	17	0	174	147	72	24	333	32	22	0	32	22	0	29	0	0	0	104	77	0	0	32	22	0	10	0	0	0	7	0	0	0	29	0	0	0	104	77	0	0	33	22	0	3	0	0	0	6	0	0	0	10	0	0	0	7	0	0	0	29	0	0	0	106	77	0	0	60	50	18	3	0	0	0	3	0	0	0	3	0	0	0	6	0	0	0	10	0	6	0	8	0	0	0	31	0	17	0	174	147	72	24
326	315	48	39	6	304	14	24	0	48	39	6	6	0	12	0	130	133	30	8	293	13	24	0	14	24	0	4	0	0	0	49	88	0	0	48	39	6	0	0	6	0	1	0	0	0	6	0	12	0	130	133	30	8	282	13	24	0	13	24	0	4	0	0	0	47	88	0	0	14	24	0	0	0	0	0	0	0	0	0	4	0	0	0	49	88	0	0	48	39	6	0	0	0	0	0	0	0	0	0	0	6	0	1	0	0	0	6	0	12	0	130	133	30	8	271	13	24	0	13	24	0	4	0	0	0	47	88	0	0	13	24	0	0	0	0	0	0	0	0	0	4	0	0	0	47	88	0	0	14	24	0	0	0	0	0	0	0	0	0	0	0	0	0	0	0	0	0	4	0	0	0	49	88	0	0	48	39	6	0	0	0	0	0	0	0	0	0	0	0	0	0	0	0	0	0	0	6	0	1	0	0	0	6	0	12	0	130	133	30	8
339	328	45	18	40	317	23	0	24	45	18	40	16	0	40	39	103	45	80	24	306	18	0	4	23	0	24	6	0	33	0	68	0	48	0	45	18	40	6	0	50	20	15	0	0	28	16	0	40	39	103	45	80	24	295	18	0	0	18	0	4	6	0	4	0	63	0	8	0	23	0	24	6	0	45	0	10	0	0	0	6	0	33	0	68	0	48	0	45	18	40	8	0	0	0	1	0	0	0	6	0	50	20	15	0	0	28	16	0	40	39	103	45	80	24	284	17	0	0	18	0	0	6	0	0	0	63	0	0	0	18	0	4	1	0	0	0	1	0	0	0	6	0	4	0	63	0	8	0	23	0	24	6	0	0	0	1	0	0	0	6	0	45	0	10	0	0	0	6	0	33	0	68	0	48	0	45	18	40	2	0	10	0	0	0	0	0	8	0	0	0	1	0	0	0	6	0	50	20	15	0	0	28	16	0	40	39	103	45	80	24
473	457	65	71	47	441	31	39	20	65	71	47	31	26	31	59	146	237	141	42	425	26	39	0	31	39	20	21	26	24	0	91	169	60	0	65	71	47	15	0	50	0	20	0	0	32	31	26	31	59	146	237	141	42	409	26	39	0	26	39	0	21	26	0	0	86	169	0	0	31	39	20	15	0	45	0	14	0	0	0	21	26	24	0	91	169	60	0	65	71	47	11	0	0	0	6	0	0	0	15	0	50	0	20	0	0	32	31	26	31	59	146	237	141	42	393	22	39	0	26	39	0	21	26	0	0	86	169	0	0	26	39	0	10	0	0	0	5	0	0	0	21	26	0	0	86	169	0	0	31	39	20	9	0	0	0	6	0	0	0	15	0	45	0	14	0	0	0	21	26	24	0	91	169	60	0	65	71	47	2	0	37	0	3	0	0	0	11	0	0	0	6	0	0	0	15	0	50	0	20	0	0	32	31	26	31	59	146	237	141	42
386	373	46	51	20	360	19	22	9	46	51	20	15	11	20	9	95	129	80	24	347	14	22	0	19	22	9	5	11	18	0	54	77	36	0	46	51	20	6	0	50	0	15	0	0	20	15	11	20	9	95	129	80	24	334	14	22	0	14	22	0	5	11	0	0	49	77	0	0	19	22	9	6	0	45	0	10	0	0	0	5	11	18	0	54	77	36	0	46	51	20	8	0	0	0	1	0	0	0	6	0	50	0	15	0	0	20	15	11	20	9	95	129	80	24	321	13	22	0	14	22	0	5	11	0	0	49	77	0	0	14	22	0	1	0	0	0	1	0	0	0	5	11	0	0	49	77	0	0	19	22	9	6	0	0	0	1	0	0	0	6	0	45	0	10	0	0	0	5	11	18	0	54	77	36	0	46	51	20	2	0	10	0	0	0	0	0	8	0	0	0	1	0	0	0	6	0	50	0	15	0	0	20	15	11	20	9	95	129	80	24
247	239	28	7	17	231	12	0	0	28	7	17	3	0	0	0	73	14	17	42	223	12	0	0	12	0	0	3	0	0	0	45	0	0	0	28	7	17	0	0	0	0	1	0	0	0	3	0	0	0	73	14	17	42	215	12	0	0	12	0	0	3	0	0	0	45	0	0	0	12	0	0	0	0	0	0	0	0	0	0	3	0	0	0	45	0	0	0	28	7	17	0	0	0	0	0	0	0	0	0	0	0	0	1	0	0	0	3	0	0	0	73	14	17	42	207	12	0	0	12	0	0	3	0	0	0	45	0	0	0	12	0	0	0	0	0	0	0	0	0	0	3	0	0	0	45	0	0	0	12	0	0	0	0	0	0	0	0	0	0	0	0	0	0	0	0	0	0	3	0	0	0	45	0	0	0	28	7	17	0	0	0	0	0	0	0	0	0	0	0	0	0	0	0	0	0	0	0	0	1	0	0	0	3	0	0	0	73	14	17	42
305	295	30	25	3	285	11	0	0	30	25	3	5	0	0	0	62	45	15	6	275	11	0	0	11	0	0	5	0	0	0	39	0	0	0	30	25	3	0	0	0	0	6	0	0	0	5	0	0	0	62	45	15	6	265	11	0	0	11	0	0	5	0	0	0	39	0	0	0	11	0	0	0	0	0	0	0	0	0	0	5	0	0	0	39	0	0	0	30	25	3	0	0	0	0	0	0	0	0	0	0	0	0	6	0	0	0	5	0	0	0	62	45	15	6	255	11	0	0	11	0	0	5	0	0	0	39	0	0	0	11	0	0	0	0	0	0	0	0	0	0	5	0	0	0	39	0	0	0	11	0	0	0	0	0	0	0	0	0	0	0	0	0	0	0	0	0	0	5	0	0	0	39	0	0	0	30	25	3	0	0	0	0	0	0	0	0	0	0	0	0	0	0	0	0	0	0	0	0	6	0	0	0	5	0	0	0	62	45	15	6
508	491	37	30	95	474	20	0	51	37	30	95	18	0	93	61	78	15	190	127	457	17	0	43	20	0	51	15	0	78	48	61	0	102	53	37	30	95	11	0	20	55	25	15	0	0	18	0	93	61	78	15	190	127	440	13	0	12	17	0	43	9	0	71	4	53	0	86	4	20	0	51	3	0	20	0	4	0	0	0	15	0	78	48	61	0	102	53	37	30	95	7	0	43	32	3	0	0	44	11	0	20	55	25	15	0	0	18	0	93	61	78	15	190	127	423	11	0	0	13	0	12	5	0	12	0	44	0	24	0	17	0	43	1	0	16	0	2	0	0	0	9	0	71	4	53	0	86	4	20	0	51	1	0	40	0	3	0	0	0	3	0	20	0	4	0	0	0	15	0	78	48	61	0	102	53	37	30	95	0	0	23	0	1	0	0	0	7	0	43	32	3	0	0	44	11	0	20	55	25	15	0	0	18	0	93	61	78	15	190	127
239	231	16	7	18	223	5	0	6	16	7	18	3	0	18	0	22	0	18	23	215	5	0	6	5	0	6	3	0	18	0	15	0	6	9	16	7	18	0	0	0	0	10	0	0	0	3	0	18	0	22	0	18	23	207	5	0	4	5	0	6	3	0	18	0	15	0	6	0	5	0	6	0	0	0	0	0	0	0	0	3	0	18	0	15	0	6	9	16	7	18	0	0	0	8	0	0	0	0	0	0	0	0	10	0	0	0	3	0	18	0	22	0	18	23	199	5	0	0	5	0	4	3	0	12	0	15	0	4	0	5	0	6	0	0	0	0	0	0	0	0	3	0	18	0	15	0	6	0	5	0	6	0	0	0	0	0	0	0	0	0	0	0	0	0	0	0	0	3	0	18	0	15	0	6	9	16	7	18	0	0	0	0	0	0	0	0	0	0	0	8	0	0	0	0	0	0	0	0	10	0	0	0	3	0	18	0	22	0	18	23
238	230	15	12	11	222	4	0	6	15	12	11	3	0	18	0	20	6	22	3	214	3	0	6	4	0	6	2	0	18	0	11	0	12	0	15	12	11	0	0	0	0	10	6	0	0	3	0	18	0	20	6	22	3	206	3	0	4	3	0	6	2	0	18	0	8	0	12	0	4	0	6	0	0	0	0	1	0	0	0	2	0	18	0	11	0	12	0	15	12	11	0	0	0	8	1	0	0	0	0	0	0	0	10	6	0	0	3	0	18	0	20	6	22	3	198	3	0	0	3	0	4	2	0	12	0	8	0	8	0	3	0	6	0	0	0	0	0	0	0	0	2	0	18	0	8	0	12	0	4	0	6	0	0	0	0	1	0	0	0	0	0	0	0	1	0	0	0	2	0	18	0	11	0	12	0	15	12	11	0	0	0	0	0	0	0	0	0	0	0	8	1	0	0	0	0	0	0	0	10	6	0	0	3	0	18	0	20	6	22	3
428	413	39	65	44	398	19	36	10	39	65	44	17	24	65	30	77	105	132	110	383	15	36	9	19	36	10	16	24	50	27	61	96	30	53	39	65	44	6	0	0	9	16	36	0	0	17	24	65	30	77	105	132	110	368	14	36	0	15	36	9	16	24	45	0	49	96	27	4	19	36	10	1	0	0	0	5	0	0	0	16	24	50	27	61	96	30	53	39	65	44	15	0	13	0	7	0	0	20	6	0	0	9	16	36	0	0	17	24	65	30	77	105	132	110	353	13	36	0	14	36	0	15	24	0	0	46	96	0	0	15	36	9	1	0	0	0	2	0	0	0	16	24	45	0	49	96	27	4	19	36	10	10	0	10	0	7	0	0	0	1	0	0	0	5	0	0	0	16	24	50	27	61	96	30	53	39	65	44	12	0	13	0	3	0	0	0	15	0	13	0	7	0	0	20	6	0	0	9	16	36	0	0	17	24	65	30	77	105	132	110
239	231	16	7	22	223	8	0	0	16	7	22	5	0	0	0	31	0	22	70	215	8	0	0	8	0	0	5	0	0	0	28	0	0	29	16	7	22	0	0	0	0	6	0	0	0	5	0	0	0	31	0	22	70	207	8	0	0	8	0	0	5	0	0	0	28	0	0	0	8	0	0	0	0	0	0	0	0	0	0	5	0	0	0	28	0	0	29	16	7	22	0	0	0	0	0	0	0	0	0	0	0	0	6	0	0	0	5	0	0	0	31	0	22	70	199	8	0	0	8	0	0	5	0	0	0	28	0	0	0	8	0	0	0	0	0	0	0	0	0	0	5	0	0	0	28	0	0	0	8	0	0	0	0	0	0	0	0	0	0	0	0	0	0	0	0	0	0	5	0	0	0	28	0	0	29	16	7	22	0	0	0	0	0	0	0	0	0	0	0	0	0	0	0	0	0	0	0	0	6	0	0	0	5	0	0	0	31	0	22	70
319	308	27	0	75	297	25	0	26	27	0	75	24	0	0	44	69	0	0	190	286	17	0	23	25	0	26	21	0	0	38	63	0	0	73	27	0	75	1	0	22	30	7	0	0	0	24	0	0	44	69	0	0	190	275	16	0	22	17	0	23	20	0	0	36	40	0	0	64	25	0	26	1	0	20	27	7	0	0	0	21	0	0	38	63	0	0	73	27	0	75	10	0	15	9	9	0	0	0	1	0	22	30	7	0	0	0	24	0	0	44	69	0	0	190	264	16	0	8	16	0	22	20	0	0	12	38	0	0	20	17	0	23	1	0	17	0	1	0	0	0	20	0	0	36	40	0	0	64	25	0	26	10	0	13	0	9	0	0	0	1	0	20	27	7	0	0	0	21	0	0	38	63	0	0	73	27	0	75	18	0	0	20	9	0	0	20	10	0	15	9	9	0	0	0	1	0	22	30	7	0	0	0	24	0	0	44	69	0	0	190
345	333	40	21	61	321	30	10	26	40	21	61	36	10	0	44	102	63	61	150	309	19	0	23	30	10	26	22	0	0	38	77	30	26	67	40	21	61	4	0	22	30	12	11	61	0	36	10	0	44	102	63	61	150	297	17	0	22	19	0	23	20	0	0	36	46	0	23	58	30	10	26	1	0	20	27	7	10	26	0	22	0	0	38	77	30	26	67	40	21	61	10	0	15	9	10	11	0	0	4	0	22	30	12	11	61	0	36	10	0	44	102	63	61	150	285	17	0	8	17	0	22	20	0	0	12	39	0	22	16	19	0	23	1	0	17	0	1	0	23	0	20	0	0	36	46	0	23	58	30	10	26	10	0	13	0	9	10	0	0	1	0	20	27	7	10	26	0	22	0	0	38	77	30	26	67	40	21	61	18	0	0	20	15	0	0	20	10	0	15	9	10	11	0	0	4	0	22	30	12	11	61	0	36	10	0	44	102	63	61	150
397	383	62	57	50	369	44	24	44	62	57	50	46	72	22	54	146	130	150	0	355	31	0	41	44	24	44	32	0	20	48	102	48	132	0	62	57	50	10	0	55	30	18	19	150	0	46	72	22	54	146	130	150	0	341	28	0	38	31	0	41	27	0	20	44	66	0	123	0	44	24	44	5	0	50	27	11	8	132	0	32	0	20	48	102	48	132	0	62	57	50	17	0	26	25	21	11	0	0	10	0	55	30	18	19	150	0	46	72	22	54	146	130	150	0	327	27	0	12	28	0	38	27	0	16	12	57	0	114	0	31	0	41	5	0	47	0	4	0	123	0	27	0	20	44	66	0	123	0	44	24	44	15	0	23	0	19	8	0	0	5	0	50	27	11	8	132	0	32	0	20	48	102	48	132	0	62	57	50	26	0	0	36	40	11	0	36	17	0	26	25	21	11	0	0	10	0	55	30	18	19	150	0	46	72	22	54	146	130	150	0
419	403	71	93	24	387	38	81	13	71	93	24	53	108	0	26	151	243	0	44	371	28	63	10	38	81	13	29	108	0	20	100	225	0	10	71	93	24	30	0	15	30	14	21	72	0	53	108	0	26	151	243	0	44	355	22	54	9	28	63	10	23	108	0	18	73	171	0	9	38	81	13	11	0	13	27	5	21	39	0	29	108	0	20	100	225	0	10	71	93	24	13	54	15	9	7	30	0	0	30	0	15	30	14	21	72	0	53	108	0	26	151	243	0	44	339	19	42	0	22	54	9	15	72	0	0	52	132	0	0	28	63	10	9	0	10	0	1	9	30	0	23	108	0	18	73	171	0	9	38	81	13	3	54	13	0	7	30	0	0	11	0	13	27	5	21	39	0	29	108	0	20	100	225	0	10	71	93	24	24	72	0	0	34	18	0	20	13	54	15	9	7	30	0	0	30	0	15	30	14	21	72	0	53	108	0	26	151	243	0	44
340	327	55	63	15	314	37	50	13	55	63	15	42	58	0	26	139	93	15	0	301	28	40	10	37	50	13	29	48	0	20	107	73	13	0	55	63	15	7	0	15	30	17	6	30	0	42	58	0	26	139	93	15	0	288	26	40	9	28	40	10	27	48	0	18	81	48	10	0	37	50	13	4	0	13	27	10	5	26	0	29	48	0	20	107	73	13	0	55	63	15	18	0	15	9	15	6	0	0	7	0	15	30	17	6	30	0	42	58	0	26	139	93	15	0	275	20	34	0	26	40	9	27	48	0	0	74	48	9	0	28	40	10	4	0	10	0	5	0	20	0	27	48	0	18	81	48	10	0	37	50	13	16	0	13	0	14	5	0	0	4	0	13	27	10	5	26	0	29	48	0	20	107	73	13	0	55	63	15	29	36	0	0	35	61	0	20	18	0	15	9	15	6	0	0	7	0	15	30	17	6	30	0	42	58	0	26	139	93	15	0
327	315	56	35	35	303	33	11	11	56	35	35	28	0	80	11	113	59	105	126	291	30	11	10	33	11	11	20	0	33	10	64	11	33	83	56	35	35	9	0	12	10	16	8	0	0	28	0	80	11	113	59	105	126	279	29	11	10	30	11	10	19	0	30	10	55	11	30	74	33	11	11	6	0	11	10	6	0	0	0	20	0	33	10	64	11	33	83	56	35	35	13	0	0	0	27	8	0	0	9	0	12	10	16	8	0	0	28	0	80	11	113	59	105	126	267	24	11	8	29	11	10	19	0	30	8	50	11	30	69	30	11	10	6	0	10	8	6	0	0	0	19	0	30	10	55	11	30	74	33	11	11	7	0	0	0	19	0	0	0	6	0	11	10	6	0	0	0	20	0	33	10	64	11	33	83	56	35	35	14	0	0	16	42	52	0	0	13	0	0	0	27	8	0	0	9	0	12	10	16	8	0	0	28	0	80	11	113	59	105	126
248	239	42	20	20	230	23	6	11	42	20	20	16	12	60	11	77	34	40	50	221	22	0	10	23	6	11	13	0	33	10	39	12	22	44	42	20	20	6	0	12	10	11	0	20	0	16	12	60	11	77	34	40	50	212	22	0	10	22	0	10	13	0	30	10	37	0	20	41	23	6	11	6	0	11	10	6	0	11	0	13	0	33	10	39	12	22	44	42	20	20	9	0	0	0	22	0	0	0	6	0	12	10	11	0	20	0	16	12	60	11	77	34	40	50	203	21	0	8	22	0	10	13	0	30	8	37	0	20	38	22	0	10	6	0	10	8	6	0	10	0	13	0	30	10	37	0	20	41	23	6	11	7	0	0	0	18	0	0	0	6	0	11	10	6	0	11	0	13	0	33	10	39	12	22	44	42	20	20	8	0	0	16	39	6	0	0	9	0	0	0	22	0	0	0	6	0	12	10	11	0	20	0	16	12	60	11	77	34	40	50
308	296	64	50	8	284	43	32	0	64	50	8	22	24	24	0	136	64	24	50	272	41	32	0	43	32	0	20	24	0	0	99	24	0	44	64	50	8	16	0	0	0	17	11	0	0	22	24	24	0	136	64	24	50	260	36	32	0	41	32	0	17	24	0	0	94	24	0	41	43	32	0	9	0	0	0	7	8	0	0	20	24	0	0	99	24	0	44	64	50	8	21	0	0	0	28	46	0	0	16	0	0	0	17	11	0	0	22	24	24	0	136	64	24	50	248	24	32	0	36	32	0	13	24	0	0	81	24	0	38	41	32	0	9	0	0	0	7	8	0	0	17	24	0	0	94	24	0	41	43	32	0	7	0	0	0	18	32	0	0	9	0	0	0	7	8	0	0	20	24	0	0	99	24	0	44	64	50	8	32	0	0	0	41	93	0	0	21	0	0	0	28	46	0	0	16	0	0	0	17	11	0	0	22	24	24	0	136	64	24	50
160	154	33	9	0	148	23	5	0	33	9	0	17	0	0	0	55	4	0	0	142	21	5	0	23	5	0	15	0	0	0	35	0	0	0	33	9	0	6	0	0	0	7	5	0	0	17	0	0	0	55	4	0	0	136	18	5	0	21	5	0	12	0	0	0	30	0	0	0	23	5	0	6	0	0	0	6	5	0	0	15	0	0	0	35	0	0	0	33	9	0	7	0	0	0	16	15	0	0	6	0	0	0	7	5	0	0	17	0	0	0	55	4	0	0	130	18	5	0	18	5	0	12	0	0	0	25	0	0	0	21	5	0	6	0	0	0	6	5	0	0	12	0	0	0	30	0	0	0	23	5	0	7	0	0	0	14	15	0	0	6	0	0	0	6	5	0	0	15	0	0	0	35	0	0	0	33	9	0	5	0	0	0	34	0	0	0	7	0	0	0	16	15	0	0	6	0	0	0	7	5	0	0	17	0	0	0	55	4	0	0
244	234	49	37	0	224	33	29	0	49	37	0	19	20	0	0	86	46	0	0	214	30	27	0	33	29	0	17	20	0	0	61	42	0	0	49	37	0	6	14	0	0	12	14	0	0	19	20	0	0	86	46	0	0	204	24	25	0	30	27	0	12	20	0	0	53	36	0	0	33	29	0	4	10	0	0	7	10	0	0	17	20	0	0	61	42	0	0	49	37	0	17	10	0	0	22	40	0	0	6	14	0	0	12	14	0	0	19	20	0	0	86	46	0	0	194	16	25	0	24	25	0	8	20	0	0	42	30	0	0	30	27	0	4	10	0	0	7	10	0	0	12	20	0	0	53	36	0	0	33	29	0	5	10	0	0	12	30	0	0	4	10	0	0	7	10	0	0	17	20	0	0	61	42	0	0	49	37	0	5	0	0	0	27	40	0	0	17	10	0	0	22	40	0	0	6	14	0	0	12	14	0	0	19	20	0	0	86	46	0	0
505	486	99	77	104	467	61	31	89	99	77	104	81	59	88	63	250	287	312	35	448	54	14	51	61	31	89	58	14	86	22	163	155	267	11	99	77	104	49	42	28	107	22	42	104	150	81	59	88	63	250	287	312	35	429	44	0	48	54	14	51	52	0	80	20	140	70	153	10	61	31	89	24	0	28	96	9	0	89	96	58	14	86	22	163	155	267	11	99	77	104	21	0	48	36	12	0	104	0	49	42	28	107	22	42	104	150	81	59	88	63	250	287	312	35	410	34	0	44	44	0	48	32	0	77	20	98	0	144	10	54	14	51	22	0	28	81	9	0	51	84	52	0	80	20	140	70	153	10	61	31	89	11	0	48	30	12	0	89	0	24	0	28	96	9	0	89	96	58	14	86	22	163	155	267	11	99	77	104	44	0	42	39	43	0	0	0	21	0	48	36	12	0	104	0	49	42	28	107	22	42	104	150	81	59	88	63	250	287	312	35
434	416	74	106	52	398	46	91	20	74	106	52	24	66	20	48	157	223	52	63	380	43	87	11	46	91	20	19	64	12	22	104	195	20	22	74	106	52	18	54	0	11	20	27	0	50	24	66	20	48	157	223	52	63	362	37	82	10	43	87	11	15	62	11	20	92	182	11	20	46	91	20	8	50	0	10	7	25	0	44	19	64	12	22	104	195	20	22	74	106	52	16	57	0	10	26	50	0	0	18	54	0	11	20	27	0	50	24	66	20	48	157	223	52	63	344	28	77	10	37	82	10	11	57	10	20	74	170	10	20	43	87	11	8	48	0	10	7	24	0	41	15	62	11	20	92	182	11	20	46	91	20	2	55	0	10	17	44	0	0	8	50	0	10	7	25	0	44	19	64	12	22	104	195	20	22	74	106	52	27	55	0	0	42	88	0	0	16	57	0	10	26	50	0	0	18	54	0	11	20	27	0	50	24	66	20	48	157	223	52	63
439	422	92	69	66	405	59	44	41	92	69	66	71	14	50	53	228	208	132	63	388	53	44	21	59	44	41	50	14	42	22	155	136	82	22	92	69	66	49	0	20	11	22	24	0	89	71	14	50	53	228	208	132	63	371	42	42	20	53	44	21	43	14	41	20	131	136	42	20	59	44	41	17	0	20	10	5	0	0	70	50	14	42	22	155	136	82	22	92	69	66	20	24	28	10	17	16	0	0	49	0	20	11	22	24	0	89	71	14	50	53	228	208	132	63	354	29	27	19	42	42	20	22	12	40	20	87	128	40	20	53	44	21	15	0	20	10	5	0	0	61	43	14	41	20	131	136	42	20	59	44	41	7	0	28	10	13	16	0	0	17	0	20	10	5	0	0	70	50	14	42	22	155	136	82	22	92	69	66	44	39	42	9	64	61	66	0	20	24	28	10	17	16	0	0	49	0	20	11	22	24	0	89	71	14	50	53	228	208	132	63
482	462	125	166	16	442	71	126	16	125	166	16	89	192	30	0	298	428	64	0	422	64	95	10	71	126	16	65	132	30	0	200	320	64	0	125	166	16	36	178	20	0	31	25	16	24	89	192	30	0	298	428	64	0	402	57	65	10	64	95	10	62	76	30	0	179	233	40	0	71	126	16	20	82	20	0	14	9	16	13	65	132	30	0	200	320	64	0	125	166	16	21	58	28	0	19	18	64	0	36	178	20	0	31	25	16	24	89	192	30	0	298	428	64	0	382	47	44	9	57	65	10	49	20	30	0	149	139	40	0	64	95	10	20	40	20	0	14	5	10	10	62	76	30	0	179	233	40	0	71	126	16	14	10	28	0	15	18	64	0	20	82	20	0	14	9	16	13	65	132	30	0	200	320	64	0	125	166	16	45	90	24	9	52	82	32	0	21	58	28	0	19	18	64	0	36	178	20	0	31	25	16	24	89	192	30	0	298	428	64	0
426	408	122	127	5	390	77	99	0	122	127	5	83	42	0	0	285	365	25	8	372	72	91	0	77	99	0	66	42	0	0	195	293	0	0	122	127	5	60	55	0	0	42	15	0	0	83	42	0	0	285	365	25	8	354	65	86	0	72	91	0	61	42	0	0	176	265	0	0	77	99	0	34	30	0	0	20	0	0	0	66	42	0	0	195	293	0	0	122	127	5	42	0	0	0	37	25	5	0	60	55	0	0	42	15	0	0	83	42	0	0	285	365	25	8	336	50	62	0	65	86	0	48	42	0	0	152	240	0	0	72	91	0	32	15	0	0	20	0	0	0	61	42	0	0	176	265	0	0	77	99	0	15	0	0	0	20	25	0	0	34	30	0	0	20	0	0	0	66	42	0	0	195	293	0	0	122	127	5	33	174	0	0	50	135	0	0	42	0	0	0	37	25	5	0	60	55	0	0	42	15	0	0	83	42	0	0	285	365	25	8
457	439	81	47	125	421	60	17	69	81	47	125	67	0	54	112	210	98	250	243	403	49	17	61	60	17	69	50	0	28	94	165	68	138	166	81	47	125	31	0	73	24	11	0	0	20	67	0	54	112	210	98	250	243	385	46	17	55	49	17	61	42	0	28	86	122	68	122	93	60	17	69	29	0	30	22	11	0	0	11	50	0	28	94	165	68	138	166	81	47	125	15	0	22	86	15	0	0	0	31	0	73	24	11	0	0	20	67	0	54	112	210	98	250	243	367	38	17	52	46	17	55	37	0	28	81	112	68	110	88	49	17	61	18	0	30	20	10	0	0	10	42	0	28	86	122	68	122	93	60	17	69	13	0	0	75	15	0	0	0	29	0	30	22	11	0	0	11	50	0	28	94	165	68	138	166	81	47	125	18	0	57	36	35	0	0	0	15	0	22	86	15	0	0	0	31	0	73	24	11	0	0	20	67	0	54	112	210	98	250	243
439	421	92	101	58	403	56	52	18	92	101	58	55	96	54	38	235	296	232	191	385	48	32	18	56	52	18	46	16	28	38	158	166	72	146	92	101	58	27	0	52	0	10	0	116	0	55	96	54	38	235	296	232	191	367	45	32	18	48	32	18	38	16	28	38	127	96	72	82	56	52	18	25	0	10	0	9	0	36	0	46	16	28	38	158	166	72	146	92	101	58	10	0	22	0	11	0	0	0	27	0	52	0	10	0	116	0	55	96	54	38	235	296	232	191	349	39	32	18	45	32	18	33	16	28	38	117	96	72	78	48	32	18	14	0	10	0	8	0	36	0	38	16	28	38	127	96	72	82	56	52	18	8	0	0	0	11	0	0	0	25	0	10	0	9	0	36	0	46	16	28	38	158	166	72	146	92	101	58	15	0	37	0	27	0	0	0	10	0	22	0	11	0	0	0	27	0	52	0	10	0	116	0	55	96	54	38	235	296	232	191
305	292	63	48	34	279	40	30	25	63	48	34	44	20	49	38	168	80	68	5	266	35	30	25	40	30	25	32	20	42	38	118	60	50	0	63	48	34	17	0	18	0	8	0	0	0	44	20	49	38	168	80	68	5	253	35	30	25	35	30	25	32	20	42	38	99	60	50	0	40	30	25	17	0	10	0	8	0	0	0	32	20	42	38	118	60	50	0	63	48	34	8	0	0	0	9	0	0	0	17	0	18	0	8	0	0	0	44	20	49	38	168	80	68	5	240	32	30	25	35	30	25	32	20	42	38	99	60	50	0	35	30	25	14	0	10	0	8	0	0	0	32	20	42	38	99	60	50	0	40	30	25	8	0	0	0	9	0	0	0	17	0	10	0	8	0	0	0	32	20	42	38	118	60	50	0	63	48	34	11	0	15	0	18	0	0	0	8	0	0	0	9	0	0	0	17	0	18	0	8	0	0	0	44	20	49	38	168	80	68	5
386	368	105	127	24	350	67	99	0	105	127	24	80	154	19	0	255	297	48	125	332	54	85	0	67	99	0	54	126	0	0	176	252	0	105	105	127	24	49	81	39	0	19	55	24	0	80	154	19	0	255	297	48	125	314	48	81	0	54	85	0	38	121	0	0	131	226	0	61	67	99	0	35	72	0	0	13	50	0	0	54	126	0	0	176	252	0	105	105	127	24	22	43	10	0	11	43	0	0	49	81	39	0	19	55	24	0	80	154	19	0	255	297	48	125	296	38	80	0	48	81	0	25	120	0	0	118	221	0	58	54	85	0	12	70	0	0	12	50	0	0	38	121	0	0	131	226	0	61	67	99	0	11	40	0	0	7	40	0	0	35	72	0	0	13	50	0	0	54	126	0	0	176	252	0	105	105	127	24	18	10	25	0	24	54	0	0	22	43	10	0	11	43	0	0	49	81	39	0	19	55	24	0	80	154	19	0	255	297	48	125
340	324	94	100	10	308	60	76	0	94	100	10	72	122	5	0	238	233	20	21	292	49	69	0	60	76	0	47	108	0	0	164	193	0	16	94	100	10	33	63	25	0	16	28	0	0	72	122	5	0	238	233	20	21	276	44	65	0	49	69	0	36	99	0	0	127	176	0	10	60	76	0	20	58	0	0	9	26	0	0	47	108	0	0	164	193	0	16	94	100	10	11	33	10	0	12	27	0	0	33	63	25	0	16	28	0	0	72	122	5	0	238	233	20	21	260	38	64	0	44	65	0	31	96	0	0	118	170	0	10	49	69	0	9	56	0	0	8	24	0	0	36	99	0	0	127	176	0	10	60	76	0	4	32	0	0	8	25	0	0	20	58	0	0	9	26	0	0	47	108	0	0	164	193	0	16	94	100	10	13	8	25	0	28	9	0	0	11	33	10	0	12	27	0	0	33	63	25	0	16	28	0	0	72	122	5	0	238	233	20	21
479	459	59	69	124	439	33	36	71	59	69	124	30	18	43	73	159	174	248	251	419	33	36	67	33	36	71	30	18	13	61	93	108	142	112	59	69	124	14	0	0	38	9	0	0	0	30	18	43	73	159	174	248	251	399	33	36	67	33	36	67	30	18	10	61	93	108	134	104	33	36	71	14	0	0	38	8	0	0	0	30	18	13	61	93	108	142	112	59	69	124	8	0	0	0	7	0	0	0	14	0	0	38	9	0	0	0	30	18	43	73	159	174	248	251	379	33	36	67	33	36	67	30	18	10	61	93	108	134	98	33	36	67	14	0	0	38	8	0	0	0	30	18	10	61	93	108	134	104	33	36	71	8	0	0	0	7	0	0	0	14	0	0	38	8	0	0	0	30	18	13	61	93	108	142	112	59	69	124	2	0	0	0	6	0	0	0	8	0	0	0	7	0	0	0	14	0	0	38	9	0	0	0	30	18	43	73	159	174	248	251
445	427	57	65	115	409	21	0	94	57	65	115	23	0	115	108	128	221	575	58	391	18	0	72	21	0	94	10	0	73	37	52	0	470	18	57	65	115	8	0	18	30	1	13	0	120	23	0	115	108	128	221	575	58	373	16	0	72	18	0	72	6	0	36	37	46	0	360	18	21	0	94	0	0	10	30	0	0	0	105	10	0	73	37	52	0	470	18	57	65	115	0	0	18	0	1	0	0	0	8	0	18	30	1	13	0	120	23	0	115	108	128	221	575	58	355	16	0	72	16	0	72	6	0	36	37	46	0	360	18	18	0	72	0	0	0	30	0	0	0	61	6	0	36	37	46	0	360	18	21	0	94	0	0	10	0	1	0	0	0	0	0	10	30	0	0	0	105	10	0	73	37	52	0	470	18	57	65	115	3	0	0	0	7	0	0	0	0	0	18	0	1	0	0	0	8	0	18	30	1	13	0	120	23	0	115	108	128	221	575	58
246	236	34	24	19	226	11	0	19	34	24	19	4	0	11	0	72	72	76	0	216	11	0	19	11	0	19	4	0	11	0	33	0	76	0	34	24	19	0	0	0	0	1	0	0	0	4	0	11	0	72	72	76	0	206	11	0	19	11	0	19	4	0	11	0	33	0	76	0	11	0	19	0	0	0	0	0	0	0	0	4	0	11	0	33	0	76	0	34	24	19	0	0	0	0	0	0	0	0	0	0	0	0	1	0	0	0	4	0	11	0	72	72	76	0	196	11	0	19	11	0	19	4	0	11	0	33	0	76	0	11	0	19	0	0	0	0	0	0	0	0	4	0	11	0	33	0	76	0	11	0	19	0	0	0	0	0	0	0	0	0	0	0	0	0	0	0	0	4	0	11	0	33	0	76	0	34	24	19	0	0	0	0	0	0	0	0	0	0	0	0	0	0	0	0	0	0	0	0	1	0	0	0	4	0	11	0	72	72	76	0
231	221	47	17	46	211	29	16	0	47	17	46	28	8	27	0	126	50	0	251	201	29	16	0	29	16	0	28	8	0	0	80	48	0	112	47	17	46	14	0	0	0	8	0	0	0	28	8	27	0	126	50	0	251	191	29	16	0	29	16	0	28	8	0	0	80	48	0	104	29	16	0	14	0	0	0	8	0	0	0	28	8	0	0	80	48	0	112	47	17	46	8	0	0	0	7	0	0	0	14	0	0	0	8	0	0	0	28	8	27	0	126	50	0	251	181	29	16	0	29	16	0	28	8	0	0	80	48	0	98	29	16	0	14	0	0	0	8	0	0	0	28	8	0	0	80	48	0	104	29	16	0	8	0	0	0	7	0	0	0	14	0	0	0	8	0	0	0	28	8	0	0	80	48	0	112	47	17	46	2	0	0	0	6	0	0	0	8	0	0	0	7	0	0	0	14	0	0	0	8	0	0	0	28	8	27	0	126	50	0	251
242	231	38	39	10	220	10	24	0	38	39	10	5	0	20	0	87	99	30	58	209	10	24	0	10	24	0	5	0	0	0	31	64	0	18	38	39	10	0	0	0	0	1	0	0	0	5	0	20	0	87	99	30	58	198	10	24	0	10	24	0	5	0	0	0	31	64	0	18	10	24	0	0	0	0	0	0	0	0	0	5	0	0	0	31	64	0	18	38	39	10	0	0	0	0	0	0	0	0	0	0	0	0	1	0	0	0	5	0	20	0	87	99	30	58	187	10	24	0	10	24	0	5	0	0	0	31	64	0	18	10	24	0	0	0	0	0	0	0	0	0	5	0	0	0	31	64	0	18	10	24	0	0	0	0	0	0	0	0	0	0	0	0	0	0	0	0	0	5	0	0	0	31	64	0	18	38	39	10	0	0	0	0	0	0	0	0	0	0	0	0	0	0	0	0	0	0	0	0	1	0	0	0	5	0	20	0	87	99	30	58
475	455	47	75	146	435	22	0	118	47	75	146	17	0	68	111	76	90	730	134	415	16	0	92	22	0	118	8	0	66	58	55	0	590	113	47	75	146	0	0	50	147	0	0	0	58	17	0	68	111	76	90	730	134	395	16	0	61	16	0	92	8	0	58	33	52	0	460	91	22	0	118	0	0	48	50	0	0	0	18	8	0	66	58	55	0	590	113	47	75	146	0	0	0	68	4	0	0	125	0	0	50	147	0	0	0	58	17	0	68	111	76	90	730	134	375	16	0	61	16	0	61	8	0	36	33	52	0	305	91	16	0	92	0	0	25	50	0	0	0	18	8	0	58	33	52	0	460	91	22	0	118	0	0	0	68	4	0	0	105	0	0	48	50	0	0	0	18	8	0	66	58	55	0	590	113	47	75	146	16	0	0	0	35	0	0	0	0	0	0	68	4	0	0	125	0	0	50	147	0	0	0	58	17	0	68	111	76	90	730	134
333	319	30	33	71	305	11	0	45	30	33	71	9	0	48	24	48	0	213	144	291	10	0	45	11	0	45	4	0	48	24	28	0	135	113	30	33	71	0	0	0	0	0	0	0	0	9	0	48	24	48	0	213	144	277	10	0	42	10	0	45	4	0	48	24	28	0	135	91	11	0	45	0	0	0	0	0	0	0	0	4	0	48	24	28	0	135	113	30	33	71	0	0	0	18	0	0	0	0	0	0	0	0	0	0	0	0	9	0	48	24	48	0	213	144	263	10	0	42	10	0	42	4	0	36	24	28	0	126	91	10	0	45	0	0	0	0	0	0	0	0	4	0	48	24	28	0	135	91	11	0	45	0	0	0	18	0	0	0	0	0	0	0	0	0	0	0	0	4	0	48	24	28	0	135	113	30	33	71	0	0	0	0	2	0	0	0	0	0	0	18	0	0	0	0	0	0	0	0	0	0	0	0	9	0	48	24	48	0	213	144
348	332	50	88	32	316	19	46	18	50	88	32	20	61	56	9	78	135	160	115	300	17	39	14	19	46	18	16	26	54	5	48	91	90	94	50	88	32	3	0	20	20	4	0	32	0	20	61	56	9	78	135	160	115	284	17	39	6	17	39	14	16	26	46	0	48	91	70	72	19	46	18	3	0	18	0	4	0	18	0	16	26	54	5	48	91	90	94	50	88	32	6	0	0	18	5	0	0	16	3	0	20	20	4	0	32	0	20	61	56	9	78	135	160	115	268	15	39	6	17	39	6	16	26	24	0	48	91	30	72	17	39	14	3	0	10	0	4	0	14	0	16	26	46	0	48	91	70	72	19	46	18	6	0	0	18	5	0	0	16	3	0	18	0	4	0	18	0	16	26	54	5	48	91	90	94	50	88	32	17	0	0	0	26	24	0	0	6	0	0	18	5	0	0	16	3	0	20	20	4	0	32	0	20	61	56	9	78	135	160	115
354	338	51	63	73	322	24	39	26	51	63	73	25	26	20	63	91	128	146	268	306	21	39	5	24	39	26	16	26	18	5	60	104	52	184	51	63	73	7	0	20	20	5	0	0	82	25	26	20	63	91	128	146	268	290	21	39	0	21	39	5	16	26	10	0	60	104	10	158	24	39	26	7	0	18	0	5	0	0	18	16	26	18	5	60	104	52	184	51	63	73	4	0	0	0	5	0	0	16	7	0	20	20	5	0	0	82	25	26	20	63	91	128	146	268	274	21	39	0	21	39	0	16	26	0	0	60	104	0	158	21	39	5	7	0	10	0	5	0	0	18	16	26	10	0	60	104	10	158	24	39	26	4	0	0	0	5	0	0	16	7	0	18	0	5	0	0	18	16	26	18	5	60	104	52	184	51	63	73	4	0	0	0	16	0	0	0	4	0	0	0	5	0	0	16	7	0	20	20	5	0	0	82	25	26	20	63	91	128	146	268
277	265	38	29	50	253	16	11	9	38	29	50	14	0	20	9	64	55	100	268	241	13	11	5	16	11	9	5	0	18	5	35	55	18	184	38	29	50	0	0	20	20	0	0	0	0	14	0	20	9	64	55	100	268	229	13	11	0	13	11	5	5	0	10	0	35	55	10	158	16	11	9	0	0	18	0	0	0	0	0	5	0	18	5	35	55	18	184	38	29	50	0	0	0	0	1	0	0	16	0	0	20	20	0	0	0	0	14	0	20	9	64	55	100	268	217	13	11	0	13	11	0	5	0	0	0	35	55	0	158	13	11	5	0	0	10	0	0	0	0	0	5	0	10	0	35	55	10	158	16	11	9	0	0	0	0	1	0	0	16	0	0	18	0	0	0	0	0	5	0	18	5	35	55	18	184	38	29	50	3	0	0	0	7	0	0	0	0	0	0	0	1	0	0	16	0	0	20	20	0	0	0	0	14	0	20	9	64	55	100	268
207	198	7	0	68	189	4	0	21	7	0	68	2	0	7	51	12	0	0	299	180	4	0	21	4	0	21	2	0	0	51	12	0	0	190	7	0	68	0	0	0	0	0	0	0	0	2	0	7	51	12	0	0	299	171	4	0	21	4	0	21	2	0	0	51	12	0	0	156	4	0	21	0	0	0	0	0	0	0	0	2	0	0	51	12	0	0	190	7	0	68	0	0	0	0	0	0	0	0	0	0	0	0	0	0	0	0	2	0	7	51	12	0	0	299	162	4	0	18	4	0	21	2	0	0	42	12	0	0	109	4	0	21	0	0	0	0	0	0	0	0	2	0	0	51	12	0	0	156	4	0	21	0	0	0	0	0	0	0	0	0	0	0	0	0	0	0	0	2	0	0	51	12	0	0	190	7	0	68	0	0	0	18	6	0	0	0	0	0	0	0	0	0	0	0	0	0	0	0	0	0	0	0	2	0	7	51	12	0	0	299
207	198	13	0	53	189	4	0	17	13	0	53	2	0	23	27	13	0	0	249	180	4	0	17	4	0	17	2	0	16	27	12	0	0	181	13	0	53	0	0	0	0	0	0	0	0	2	0	23	27	13	0	0	249	171	4	0	17	4	0	17	2	0	16	27	12	0	0	151	4	0	17	0	0	0	0	0	0	0	0	2	0	16	27	12	0	0	181	13	0	53	0	0	0	0	1	0	0	0	0	0	0	0	0	0	0	0	2	0	23	27	13	0	0	249	162	4	0	12	4	0	17	2	0	16	18	12	0	0	109	4	0	17	0	0	0	0	0	0	0	0	2	0	16	27	12	0	0	151	4	0	17	0	0	0	0	1	0	0	0	0	0	0	0	0	0	0	0	2	0	16	27	12	0	0	181	13	0	53	4	0	0	30	23	0	0	0	0	0	0	0	1	0	0	0	0	0	0	0	0	0	0	0	2	0	23	27	13	0	0	249
274	262	33	20	67	250	24	0	27	33	20	67	20	0	51	67	64	0	134	251	238	24	0	26	24	0	27	20	0	36	63	63	0	54	162	33	20	67	3	0	0	9	5	0	0	0	20	0	51	67	64	0	134	251	226	24	0	22	24	0	26	20	0	34	47	63	0	52	111	24	0	27	3	0	0	5	5	0	0	0	20	0	36	63	63	0	54	162	33	20	67	6	0	0	20	6	0	0	0	3	0	0	9	5	0	0	0	20	0	51	67	64	0	134	251	214	20	0	12	24	0	22	20	0	26	18	63	0	44	67	24	0	26	3	0	0	0	5	0	0	0	20	0	34	47	63	0	52	111	24	0	27	6	0	0	0	6	0	0	0	3	0	0	5	5	0	0	0	20	0	36	63	63	0	54	162	33	20	67	19	0	0	30	30	40	0	16	6	0	0	20	6	0	0	0	3	0	0	9	5	0	0	0	20	0	51	67	64	0	134	251
290	277	44	44	70	264	30	12	41	44	44	70	19	0	65	67	97	68	280	178	251	30	12	40	30	12	41	19	0	50	63	81	60	164	136	44	44	70	8	0	0	9	12	0	0	0	19	0	65	67	97	68	280	178	238	29	12	34	30	12	40	19	0	48	47	81	60	160	106	30	12	41	3	0	0	5	5	0	0	0	19	0	50	63	81	60	164	136	44	44	70	15	0	0	44	15	12	0	0	8	0	0	9	12	0	0	0	19	0	65	67	97	68	280	178	225	17	8	12	29	12	34	18	0	38	18	79	60	136	67	30	12	40	3	0	0	0	5	0	0	0	19	0	48	47	81	60	160	106	30	12	41	6	0	0	0	8	12	0	0	3	0	0	5	5	0	0	0	19	0	50	63	81	60	164	136	44	44	70	16	32	0	30	34	100	0	82	15	0	0	44	15	12	0	0	8	0	0	9	12	0	0	0	19	0	65	67	97	68	280	178
184	176	10	0	53	168	7	0	0	10	0	53	4	0	7	0	20	0	0	372	160	7	0	0	7	0	0	4	0	0	0	20	0	0	216	10	0	53	0	0	0	0	0	0	0	0	4	0	7	0	20	0	0	372	152	7	0	0	7	0	0	4	0	0	0	20	0	0	161	7	0	0	0	0	0	0	0	0	0	0	4	0	0	0	20	0	0	216	10	0	53	0	0	0	0	0	0	0	0	0	0	0	0	0	0	0	0	4	0	7	0	20	0	0	372	144	7	0	0	7	0	0	4	0	0	0	20	0	0	109	7	0	0	0	0	0	0	0	0	0	0	4	0	0	0	20	0	0	161	7	0	0	0	0	0	0	0	0	0	0	0	0	0	0	0	0	0	0	4	0	0	0	20	0	0	216	10	0	53	0	0	0	0	6	0	0	0	0	0	0	0	0	0	0	0	0	0	0	0	0	0	0	0	4	0	7	0	20	0	0	372
304	287	62	107	57	270	38	93	29	62	107	57	34	142	0	87	133	225	0	137	253	34	90	18	38	93	29	30	134	0	44	91	211	0	68	62	107	57	27	29	0	40	36	42	0	32	34	142	0	87	133	225	0	137	236	31	84	17	34	90	18	24	130	0	42	79	205	0	66	38	93	29	20	27	0	36	17	32	0	18	30	134	0	44	91	211	0	68	62	107	57	16	50	0	9	15	25	0	0	27	29	0	40	36	42	0	32	34	142	0	87	133	225	0	137	219	19	60	13	31	84	17	15	114	0	34	73	187	0	56	34	90	18	8	25	0	20	16	31	0	14	24	130	0	42	79	205	0	66	38	93	29	7	42	0	5	7	21	0	0	20	27	0	36	17	32	0	18	30	134	0	44	91	211	0	68	62	107	57	20	74	24	20	16	43	114	0	16	50	0	9	15	25	0	0	27	29	0	40	36	42	0	32	34	142	0	87	133	225	0	137
252	240	57	27	53	228	42	27	41	57	27	53	32	0	8	38	143	99	0	70	216	42	27	40	42	27	41	32	0	8	38	109	99	0	41	57	27	53	16	0	0	10	28	0	0	0	32	0	8	38	143	99	0	70	204	40	27	40	42	27	40	32	0	8	38	109	99	0	40	42	27	41	9	0	0	10	13	0	0	0	32	0	8	38	109	99	0	41	57	27	53	23	0	0	0	29	9	0	0	16	0	0	10	28	0	0	0	32	0	8	38	143	99	0	70	192	22	0	33	40	27	40	27	0	8	36	104	99	0	34	42	27	40	9	0	0	5	13	0	0	0	32	0	8	38	109	99	0	40	42	27	41	6	0	0	0	9	9	0	0	9	0	0	10	13	0	0	0	32	0	8	38	109	99	0	41	57	27	53	24	0	56	49	24	9	159	0	23	0	0	0	29	9	0	0	16	0	0	10	28	0	0	0	32	0	8	38	143	99	0	70
291	277	61	49	54	263	43	40	46	61	49	54	24	0	29	0	144	120	54	70	249	42	40	45	43	40	46	24	0	29	0	108	120	46	41	61	49	54	19	0	0	10	29	9	0	0	24	0	29	0	144	120	54	70	235	34	36	45	42	40	45	21	0	29	0	105	120	45	40	43	40	46	8	0	0	10	12	0	0	0	24	0	29	0	108	120	46	41	61	49	54	14	36	27	0	31	37	0	0	19	0	0	10	29	9	0	0	24	0	29	0	144	120	54	70	221	19	0	39	34	36	45	14	0	29	0	87	108	45	34	42	40	45	8	0	0	5	12	0	0	0	21	0	29	0	105	120	45	40	43	40	46	0	0	27	0	5	10	0	0	8	0	0	10	12	0	0	0	24	0	29	0	108	120	46	41	61	49	54	15	0	52	35	20	10	216	0	14	36	27	0	31	37	0	0	19	0	0	10	29	9	0	0	24	0	29	0	144	120	54	70
265	252	61	56	35	239	44	40	35	61	56	35	24	32	29	0	132	105	70	0	226	41	38	34	44	40	35	22	32	29	0	101	96	70	0	61	56	35	14	12	0	10	23	21	0	0	24	32	29	0	132	105	70	0	213	33	24	34	41	38	34	17	24	29	0	95	90	68	0	44	40	35	10	0	0	10	12	8	0	0	22	32	29	0	101	96	70	0	61	56	35	5	48	27	0	25	30	35	0	14	12	0	10	23	21	0	0	24	32	29	0	132	105	70	0	200	22	0	28	33	24	34	15	0	29	0	79	54	68	0	41	38	34	10	0	0	5	12	8	0	0	17	24	29	0	95	90	68	0	44	40	35	0	0	27	0	4	0	35	0	10	0	0	10	12	8	0	0	22	32	29	0	101	96	70	0	61	56	35	15	0	44	35	15	0	140	0	5	48	27	0	25	30	35	0	14	12	0	10	23	21	0	0	24	32	29	0	132	105	70	0
208	197	43	38	34	186	29	36	14	43	38	34	24	16	0	28	108	87	0	137	175	28	36	10	29	36	14	23	16	0	20	76	86	0	68	43	38	34	11	0	0	40	27	9	0	0	24	16	0	28	108	87	0	137	164	27	36	9	28	36	10	23	16	0	18	73	86	0	66	29	36	14	6	0	0	36	11	8	0	0	23	16	0	20	76	86	0	68	43	38	34	15	0	0	9	20	6	0	0	11	0	0	40	27	9	0	0	24	16	0	28	108	87	0	137	153	15	22	5	27	36	9	22	16	0	10	71	86	0	56	28	36	10	6	0	0	20	10	8	0	0	23	16	0	18	73	86	0	66	29	36	14	6	0	0	5	9	6	0	0	6	0	0	36	11	8	0	0	23	16	0	20	76	86	0	68	43	38	34	23	12	24	20	21	6	68	0	15	0	0	9	20	6	0	0	11	0	0	40	27	9	0	0	24	16	0	28	108	87	0	137
253	240	46	47	51	227	37	44	29	46	47	51	20	24	0	56	96	81	0	89	214	28	36	29	37	44	29	18	24	0	56	76	76	0	81	46	47	51	7	0	39	0	10	9	51	0	20	24	0	56	96	81	0	89	201	15	12	29	28	36	29	4	0	0	56	56	52	0	79	37	44	29	7	0	27	0	9	8	29	0	18	24	0	56	76	76	0	81	46	47	51	0	0	73	0	5	0	153	0	7	0	39	0	10	9	51	0	20	24	0	56	96	81	0	89	188	14	12	29	15	12	29	3	0	0	56	27	12	0	79	28	36	29	5	0	27	0	6	8	29	0	4	0	0	56	56	52	0	79	37	44	29	0	0	11	0	2	0	87	0	7	0	27	0	9	8	29	0	18	24	0	56	76	76	0	81	46	47	51	2	0	13	0	7	0	0	0	0	0	73	0	5	0	153	0	7	0	39	0	10	9	51	0	20	24	0	56	96	81	0	89
193	183	50	29	13	173	37	27	5	50	29	13	34	12	0	10	75	48	0	35	163	26	21	5	37	27	5	20	12	0	10	59	45	0	35	50	29	13	5	0	13	0	13	7	13	0	34	12	0	10	75	48	0	35	153	16	9	5	26	21	5	3	0	0	10	38	27	0	34	37	27	5	2	0	5	0	10	6	5	0	20	12	0	10	59	45	0	35	50	29	13	0	0	24	0	4	0	26	0	5	0	13	0	13	7	13	0	34	12	0	10	75	48	0	35	143	16	9	5	16	9	5	3	0	0	10	19	9	0	34	26	21	5	2	0	5	0	6	6	5	0	3	0	0	10	38	27	0	34	37	27	5	0	0	0	0	2	0	10	0	2	0	5	0	10	6	5	0	20	12	0	10	59	45	0	35	50	29	13	2	0	0	0	4	0	0	0	0	0	24	0	4	0	26	0	5	0	13	0	13	7	13	0	34	12	0	10	75	48	0	35
189	179	48	35	0	169	32	29	0	48	35	0	30	24	0	0	71	54	0	0	159	23	17	0	32	29	0	13	24	0	0	49	45	0	0	48	35	0	6	0	0	0	12	15	0	0	30	24	0	0	71	54	0	0	149	16	9	0	23	17	0	3	0	0	0	29	21	0	0	32	29	0	2	0	0	0	7	12	0	0	13	24	0	0	49	45	0	0	48	35	0	0	0	0	0	3	4	0	0	6	0	0	0	12	15	0	0	30	24	0	0	71	54	0	0	139	16	9	0	16	9	0	3	0	0	0	19	9	0	0	23	17	0	2	0	0	0	5	4	0	0	3	0	0	0	29	21	0	0	32	29	0	0	0	0	0	1	4	0	0	2	0	0	0	7	12	0	0	13	24	0	0	49	45	0	0	48	35	0	2	0	0	0	4	0	0	0	0	0	0	0	3	4	0	0	6	0	0	0	12	15	0	0	30	24	0	0	71	54	0	0
241	228	53	65	0	215	39	40	0	53	65	0	27	60	0	0	77	81	0	0	202	31	25	0	39	40	0	21	12	0	0	56	52	0	0	53	65	0	6	9	0	0	14	25	0	0	27	60	0	0	77	81	0	0	189	26	22	0	31	25	0	12	0	0	0	37	28	0	0	39	40	0	5	0	0	0	9	12	0	0	21	12	0	0	56	52	0	0	53	65	0	0	0	0	0	3	6	0	0	6	9	0	0	14	25	0	0	27	60	0	0	77	81	0	0	176	26	22	0	26	22	0	12	0	0	0	31	22	0	0	31	25	0	5	0	0	0	6	3	0	0	12	0	0	0	37	28	0	0	39	40	0	0	0	0	0	1	3	0	0	5	0	0	0	9	12	0	0	21	12	0	0	56	52	0	0	53	65	0	2	0	0	0	2	0	0	0	0	0	0	0	3	6	0	0	6	9	0	0	14	25	0	0	27	60	0	0	77	81	0	0
157	147	39	37	0	137	33	28	0	39	37	0	34	0	0	0	53	15	0	0	127	24	28	0	33	28	0	21	0	0	0	49	12	0	0	39	37	0	6	0	0	0	13	3	0	0	34	0	0	0	53	15	0	0	117	19	28	0	24	28	0	9	0	0	0	32	12	0	0	33	28	0	3	0	0	0	11	0	0	0	21	0	0	0	49	12	0	0	39	37	0	0	0	0	0	3	0	0	0	6	0	0	0	13	3	0	0	34	0	0	0	53	15	0	0	107	19	28	0	19	28	0	9	0	0	0	24	12	0	0	24	28	0	3	0	0	0	6	0	0	0	9	0	0	0	32	12	0	0	33	28	0	0	0	0	0	2	0	0	0	3	0	0	0	11	0	0	0	21	0	0	0	49	12	0	0	39	37	0	0	0	0	0	0	0	0	0	0	0	0	0	3	0	0	0	6	0	0	0	13	3	0	0	34	0	0	0	53	15	0	0
122	114	35	17	6	106	27	17	0	35	17	6	22	0	12	0	55	5	0	0	98	24	17	0	27	17	0	15	0	0	0	46	5	0	0	35	17	6	3	0	3	0	10	0	0	0	22	0	12	0	55	5	0	0	90	24	17	0	24	17	0	15	0	0	0	40	5	0	0	27	17	0	3	0	0	0	6	0	0	0	15	0	0	0	46	5	0	0	35	17	6	0	0	0	0	3	0	0	0	3	0	3	0	10	0	0	0	22	0	12	0	55	5	0	0	82	24	17	0	24	17	0	15	0	0	0	40	5	0	0	24	17	0	3	0	0	0	3	0	0	0	15	0	0	0	40	5	0	0	27	17	0	0	0	0	0	0	0	0	0	3	0	0	0	6	0	0	0	15	0	0	0	46	5	0	0	34	17	6	0	0	0	0	0	0	0	0	0	0	0	0	3	0	0	0	3	0	3	0	10	0	0	0	22	0	12	0	50	5	0	0
128	120	40	18	6	112	31	17	0	40	18	6	25	5	12	0	69	11	0	0	104	28	17	0	31	17	0	18	5	0	0	58	10	0	0	40	18	6	4	0	3	0	12	0	0	0	25	5	12	0	69	11	0	0	96	28	17	0	28	17	0	18	5	0	0	52	10	0	0	31	17	0	4	0	0	0	8	0	0	0	18	5	0	0	58	10	0	0	40	18	6	0	0	0	0	3	0	0	0	4	0	3	0	12	0	0	0	25	5	12	0	69	11	0	0	88	28	17	0	28	17	0	18	5	0	0	52	10	0	0	28	17	0	4	0	0	0	5	0	0	0	18	5	0	0	52	10	0	0	31	17	0	0	0	0	0	0	0	0	0	4	0	0	0	8	0	0	0	18	5	0	0	58	10	0	0	38	18	6	1	0	0	0	0	0	0	0	0	0	0	0	3	0	0	0	4	0	3	0	12	0	0	0	25	5	12	0	59	11	0	0
214	201	58	60	6	188	39	49	0	58	60	6	30	41	12	0	95	87	6	0	175	34	40	0	39	49	0	19	32	0	0	70	74	0	0	58	60	6	4	24	3	0	12	21	6	0	30	41	12	0	95	87	6	0	162	33	40	0	34	40	0	18	32	0	0	60	56	0	0	39	49	0	3	24	0	0	7	14	0	0	19	32	0	0	70	74	0	0	58	60	6	3	0	0	0	4	6	0	0	4	24	3	0	12	21	6	0	30	41	12	0	95	87	6	0	149	32	40	0	33	40	0	18	32	0	0	60	56	0	0	34	40	0	3	24	0	0	5	8	0	0	18	32	0	0	60	56	0	0	39	49	0	0	0	0	0	0	0	0	0	3	24	0	0	7	14	0	0	19	32	0	0	70	74	0	0	55	60	6	3	0	0	0	3	0	0	0	3	0	0	0	4	6	0	0	4	24	3	0	12	21	6	0	30	41	12	0	80	87	6	0
192	179	68	67	0	166	44	51	0	68	67	0	41	50	0	0	137	172	0	0	153	41	47	0	44	51	0	37	42	0	0	98	152	0	0	66	67	0	16	0	0	0	20	10	0	0	41	50	0	0	131	172	0	0	140	40	47	0	41	47	0	36	42	0	0	92	144	0	0	42	51	0	15	0	0	0	14	4	0	0	37	42	0	0	92	152	0	0	56	67	0	3	0	0	0	6	4	0	0	16	0	0	0	20	10	0	0	36	50	0	0	112	172	0	0	128	39	47	0	40	47	0	36	42	0	0	92	144	0	0	39	47	0	15	0	0	0	13	0	0	0	36	42	0	0	86	144	0	0	37	51	0	0	0	0	0	3	0	0	0	15	0	0	0	14	4	0	0	32	42	0	0	82	152	0	0	49	55	0	18	0	0	0	2	0	0	0	3	0	0	0	3	4	0	0	13	0	0	0	15	10	0	0	27	50	0	0	85	112	0	0
123	116	31	17	0	109	25	11	0	31	17	0	26	0	0	0	66	14	0	0	102	22	11	0	25	11	0	22	0	0	0	60	12	0	0	30	17	0	6	0	0	0	9	2	0	0	26	0	0	0	63	14	0	0	95	21	8	0	22	11	0	21	0	0	0	52	12	0	0	24	11	0	5	0	0	0	6	0	0	0	22	0	0	0	57	12	0	0	28	17	0	0	6	0	0	3	2	0	0	6	0	0	0	9	2	0	0	24	0	0	0	58	14	0	0	88	21	6	0	21	8	0	21	0	0	0	52	12	0	0	21	11	0	5	0	0	0	4	0	0	0	21	0	0	0	49	12	0	0	22	11	0	0	0	0	0	1	0	0	0	5	0	0	0	6	0	0	0	20	0	0	0	52	12	0	0	27	17	0	0	0	0	0	0	0	0	0	0	6	0	0	3	2	0	0	6	0	0	0	9	2	0	0	24	0	0	0	53	14	0	0
237	224	43	39	55	211	21	12	52	43	39	55	10	0	96	9	82	57	165	0	198	17	12	26	21	12	52	4	0	93	0	37	12	156	0	43	39	55	6	0	14	39	10	9	0	64	10	0	96	9	82	57	165	0	185	16	12	16	17	12	26	3	0	37	0	25	12	78	0	21	12	52	5	0	14	21	3	0	0	34	4	0	93	0	37	12	156	0	43	39	55	0	0	0	32	3	0	0	35	6	0	14	39	10	9	0	64	10	0	96	9	82	57	165	0	172	16	12	16	16	12	16	3	0	11	0	25	12	48	0	17	12	26	5	0	13	21	3	0	0	34	3	0	37	0	25	12	78	0	21	12	52	0	0	0	32	0	0	0	35	5	0	14	21	3	0	0	34	4	0	93	0	37	12	156	0	43	39	55	2	0	0	0	6	0	0	0	0	0	0	32	3	0	0	35	6	0	14	39	10	9	0	64	10	0	96	9	82	57	165	0
167	158	33	20	24	149	17	6	21	33	20	24	8	12	28	9	60	56	48	0	140	14	0	13	17	6	21	4	0	25	0	28	24	42	0	33	20	24	6	0	14	13	6	6	24	0	8	12	28	9	60	56	48	0	131	13	0	11	14	0	13	3	0	13	0	20	0	26	0	17	6	21	5	0	14	11	2	0	21	0	4	0	25	0	28	24	42	0	33	20	24	0	0	0	22	2	0	0	0	6	0	14	13	6	6	24	0	8	12	28	9	60	56	48	0	122	13	0	11	13	0	11	3	0	11	0	20	0	22	0	14	0	13	5	0	13	11	2	0	13	0	3	0	13	0	20	0	26	0	17	6	21	0	0	0	22	0	0	0	0	5	0	14	11	2	0	21	0	4	0	25	0	28	24	42	0	33	20	24	2	0	0	0	4	0	0	0	0	0	0	22	2	0	0	0	6	0	14	13	6	6	24	0	8	12	28	9	60	56	48	0
241	228	54	33	30	215	37	21	15	54	33	30	37	21	32	9	112	64	30	6	202	33	10	8	37	21	15	31	10	19	0	77	40	15	0	54	33	30	12	10	16	0	13	10	30	0	37	21	32	9	112	64	30	6	189	29	0	8	33	10	8	25	0	8	0	64	0	8	0	37	21	15	9	0	16	0	7	0	15	0	31	10	19	0	77	40	15	0	54	33	30	1	0	26	0	4	0	30	0	12	10	16	0	13	10	30	0	37	21	32	9	112	64	30	6	176	28	0	8	29	0	8	22	0	8	0	60	0	8	0	33	10	8	7	0	16	0	5	0	8	0	25	0	8	0	64	0	8	0	37	21	15	0	0	24	0	2	0	15	0	9	0	16	0	7	0	15	0	31	10	19	0	77	40	15	0	53	33	30	2	0	8	0	3	0	0	0	1	0	26	0	4	0	30	0	12	10	16	0	13	10	30	0	37	21	32	9	107	64	30	6
95	90	12	0	8	85	8	0	3	12	0	8	4	0	6	9	22	0	0	0	80	6	0	0	8	0	3	1	0	3	0	14	0	0	0	12	0	8	1	0	0	0	3	0	0	0	4	0	6	9	22	0	0	0	75	4	0	0	6	0	0	0	0	0	0	6	0	0	0	8	0	3	0	0	0	0	0	0	0	0	1	0	3	0	14	0	0	0	12	0	8	0	0	2	0	0	0	0	0	1	0	0	0	3	0	0	0	4	0	6	9	22	0	0	0	70	4	0	0	4	0	0	0	0	0	0	6	0	0	0	6	0	0	0	0	0	0	0	0	0	0	0	0	0	0	6	0	0	0	8	0	3	0	0	0	0	0	0	0	0	0	0	0	0	0	0	0	0	1	0	3	0	14	0	0	0	12	0	8	0	0	0	0	0	0	0	0	0	0	2	0	0	0	0	0	1	0	0	0	3	0	0	0	4	0	6	9	22	0	0	0
86	81	17	4	6	76	13	4	0	17	4	6	10	0	4	0	37	8	0	0	71	12	4	0	13	4	0	9	0	0	0	31	8	0	0	16	4	6	1	0	0	0	2	0	0	0	10	0	4	0	34	8	0	0	66	10	4	0	12	4	0	8	0	0	0	27	8	0	0	12	4	0	0	0	0	0	0	0	0	0	9	0	0	0	28	8	0	0	14	4	6	0	0	2	0	0	0	0	0	1	0	0	0	2	0	0	0	8	0	4	0	29	8	0	0	61	10	4	0	10	4	0	8	0	0	0	27	8	0	0	11	4	0	0	0	0	0	0	0	0	0	8	0	0	0	24	8	0	0	10	4	0	0	0	0	0	0	0	0	0	0	0	0	0	0	0	0	0	7	0	0	0	23	8	0	0	13	4	6	0	0	0	0	0	0	0	0	0	0	2	0	0	0	0	0	1	0	0	0	2	0	0	0	8	0	4	0	24	8	0	0
296	278	60	83	82	260	31	59	63	60	83	82	31	0	36	44	125	190	164	79	242	29	56	63	31	59	63	27	0	28	44	59	118	126	73	60	83	82	22	42	0	0	30	14	0	0	31	0	36	44	125	190	164	79	224	27	56	51	29	56	63	27	0	28	32	57	112	126	39	31	59	63	15	42	0	0	18	14	0	0	27	0	28	44	59	118	126	73	60	83	82	14	0	0	34	13	12	0	51	22	42	0	0	30	14	0	0	31	0	36	44	125	190	164	79	206	24	56	22	27	56	51	24	0	27	22	54	112	102	27	29	56	63	15	42	0	0	18	14	0	0	27	0	28	32	57	112	126	39	31	59	63	5	0	0	11	2	0	0	29	15	42	0	0	18	14	0	0	27	0	28	44	59	118	126	73	59	83	82	19	0	0	55	19	24	0	142	14	0	0	34	13	12	0	51	22	42	0	0	30	14	0	0	31	0	36	44	120	190	164	79
330	311	97	95	111	292	65	34	110	97	95	111	103	17	69	8	207	244	555	0	273	54	29	110	65	34	110	74	17	67	8	138	51	550	0	97	95	111	59	60	47	0	46	72	0	0	103	17	69	8	207	244	555	0	254	47	12	109	54	29	110	61	12	67	8	113	41	550	0	65	34	110	44	0	44	0	31	0	0	0	74	17	67	8	138	51	550	0	97	95	111	29	60	26	9	19	48	111	0	59	60	47	0	46	72	0	0	103	17	69	8	207	244	555	0	235	34	0	68	47	12	109	46	0	67	8	98	12	545	0	54	29	110	30	0	44	0	31	0	0	0	61	12	67	8	113	41	550	0	65	34	110	14	0	25	0	8	0	110	0	44	0	44	0	31	0	0	0	74	17	67	8	138	51	550	0	97	95	111	26	0	62	112	19	72	111	198	29	60	26	9	19	48	111	0	59	60	47	0	46	72	0	0	103	17	69	8	207	244	555	0
304	285	88	125	55	266	54	81	54	88	125	55	76	110	21	8	189	294	220	0	247	43	78	54	54	81	54	48	104	21	8	115	165	216	0	88	125	55	50	39	0	0	39	131	0	0	76	110	21	8	189	294	220	0	228	36	78	51	43	78	54	39	104	21	6	85	156	216	0	54	81	54	32	39	0	0	25	81	0	0	48	104	21	8	115	165	216	0	88	125	55	29	0	7	21	13	54	0	0	50	39	0	0	39	131	0	0	76	110	21	8	189	294	220	0	209	24	66	11	36	78	51	24	104	21	0	68	156	204	0	43	78	54	20	39	0	0	23	78	0	0	39	104	21	6	85	156	216	0	54	81	54	12	0	7	0	4	16	0	0	32	39	0	0	25	81	0	0	48	104	21	8	115	165	216	0	88	125	55	12	108	34	33	18	54	0	233	29	0	7	21	13	54	0	0	50	39	0	0	39	131	0	0	76	110	21	8	189	294	220	0
215	202	46	39	51	189	30	30	36	46	39	51	30	0	0	34	87	78	51	55	176	28	30	36	30	30	36	26	0	0	34	53	60	36	52	46	39	51	20	0	0	0	24	10	0	0	30	0	0	34	87	78	51	55	163	27	30	15	28	30	36	26	0	0	6	51	60	36	26	30	30	36	18	0	0	0	18	10	0	0	26	0	0	34	53	60	36	52	46	39	51	9	0	0	21	9	9	0	64	20	0	0	0	24	10	0	0	30	0	0	34	87	78	51	55	150	25	30	0	27	30	15	24	0	0	0	50	60	15	16	28	30	36	18	0	0	0	18	10	0	0	26	0	0	6	51	60	36	26	30	30	36	5	0	0	0	2	0	0	34	18	0	0	0	18	10	0	0	26	0	0	34	53	60	36	52	46	39	51	19	0	0	0	13	18	0	89	9	0	0	21	9	9	0	64	20	0	0	0	24	10	0	0	30	0	0	34	87	78	51	55
311	292	64	103	80	273	47	74	42	64	103	80	41	71	16	72	132	170	160	109	254	45	60	29	47	74	42	38	45	0	46	102	94	84	88	64	103	80	21	30	10	9	17	15	80	6	41	71	16	72	132	170	160	109	235	44	60	6	45	60	29	38	45	0	6	100	90	58	47	47	74	42	19	30	0	0	17	15	42	0	38	45	0	46	102	94	84	88	64	103	80	9	0	0	12	4	12	0	64	21	30	10	9	17	15	80	6	41	71	16	72	132	170	160	109	216	42	58	0	44	60	6	36	45	0	0	99	90	12	35	45	60	29	19	30	0	0	17	15	29	0	38	45	0	6	100	90	58	47	47	74	42	5	0	0	0	2	0	0	34	19	30	0	0	17	15	42	0	38	45	0	46	102	94	84	88	61	103	80	6	28	0	0	6	24	0	35	9	0	0	12	4	12	0	64	21	30	10	9	17	15	80	6	41	71	16	72	117	170	160	109
329	309	95	79	136	289	68	19	82	95	79	136	92	0	75	99	205	128	544	328	269	59	19	63	68	19	82	70	0	57	74	164	38	328	269	95	79	136	55	0	33	36	33	0	0	54	92	0	75	99	205	128	544	328	249	53	19	63	59	19	63	60	0	44	74	141	38	252	256	68	19	82	44	0	19	36	33	0	0	36	70	0	57	74	164	38	328	269	95	79	136	22	0	23	0	9	0	0	0	55	0	33	36	33	0	0	54	92	0	75	99	205	128	544	328	229	44	19	62	53	19	63	50	0	44	73	133	38	252	217	59	19	63	32	0	18	34	33	0	0	21	60	0	44	74	141	38	252	256	68	19	82	14	0	10	0	9	0	0	0	44	0	19	36	33	0	0	36	70	0	57	74	164	38	328	269	94	79	136	14	0	27	13	3	0	0	0	22	0	23	0	9	0	0	0	55	0	33	36	33	0	0	54	92	0	75	99	200	128	544	328
306	285	120	172	41	264	79	146	17	120	172	41	111	192	22	24	259	329	41	166	243	64	103	17	79	146	17	87	138	20	24	198	302	17	164	120	172	41	36	199	32	0	39	130	123	0	111	192	22	24	259	329	41	166	222	55	76	17	64	103	17	78	78	20	24	154	204	17	164	79	146	17	24	162	17	0	32	114	51	0	87	138	20	24	198	302	17	164	120	172	41	20	130	59	0	21	18	82	0	36	199	32	0	39	130	123	0	111	192	22	24	259	329	41	166	201	48	39	17	55	76	17	68	12	20	24	138	152	17	160	64	103	17	22	54	17	0	27	86	51	0	78	78	20	24	154	204	17	164	79	146	17	16	84	38	0	21	18	34	0	24	162	17	0	32	114	51	0	87	138	20	24	198	302	17	164	119	172	41	31	51	45	0	9	0	164	0	20	130	59	0	21	18	82	0	36	199	32	0	39	130	123	0	111	192	22	24	254	329	41	166
278	260	103	113	42	242	63	61	19	103	113	42	82	106	52	19	244	280	210	166	224	56	40	18	63	61	19	70	16	47	18	166	165	95	164	102	113	42	45	40	33	8	32	0	84	0	82	106	52	19	241	280	210	166	206	51	32	18	56	40	18	62	0	44	18	148	120	90	164	62	61	19	39	0	19	8	31	0	38	0	70	16	47	18	163	165	95	164	101	113	42	22	0	23	0	9	0	42	0	45	40	33	8	32	0	84	0	81	106	52	19	236	280	210	166	188	42	32	18	51	32	18	52	0	44	18	141	112	90	160	55	40	18	27	0	18	8	31	0	36	0	62	0	44	18	145	120	90	164	61	61	19	14	0	10	0	9	0	19	0	39	0	19	8	31	0	38	0	69	16	47	18	158	165	95	164	101	113	42	12	0	27	0	3	0	0	0	22	0	23	0	9	0	42	0	45	40	33	8	32	0	84	0	81	106	52	19	236	280	210	166
292	272	112	148	54	252	79	115	0	112	148	54	101	202	12	0	257	263	108	379	232	63	103	0	79	115	0	66	180	0	0	196	231	0	305	112	148	54	46	140	12	0	43	114	0	0	101	202	12	0	257	263	108	379	212	58	85	0	63	103	0	56	164	0	0	154	208	0	292	79	115	0	36	112	0	0	36	103	0	0	66	180	0	0	196	231	0	305	112	148	54	16	93	12	0	18	16	54	0	46	140	12	0	43	114	0	0	101	202	12	0	257	263	108	379	192	50	62	0	58	85	0	48	135	0	0	144	181	0	232	63	103	0	24	106	0	0	33	100	0	0	56	164	0	0	154	208	0	292	79	115	0	10	55	0	0	17	14	0	0	36	112	0	0	36	103	0	0	66	180	0	0	196	231	0	305	109	148	54	24	47	27	0	8	16	108	0	16	93	12	0	17	16	54	0	46	140	12	0	42	114	0	0	101	202	12	0	246	263	108	379
242	224	115	132	12	206	68	94	0	114	132	12	95	182	0	0	274	396	48	111	188	58	82	0	67	94	0	67	144	0	0	184	309	0	110	111	132	12	69	76	12	0	33	44	12	0	95	182	0	0	265	396	48	111	170	48	80	0	57	82	0	53	140	0	0	152	268	0	110	64	94	0	41	70	0	0	26	40	0	0	67	144	0	0	175	309	0	110	107	132	12	33	20	12	0	5	50	0	0	69	76	12	0	33	44	12	0	91	182	0	0	250	396	48	111	152	40	78	0	47	80	0	35	140	0	0	128	260	0	109	54	82	0	27	70	0	0	26	40	0	0	53	140	0	0	143	268	0	110	60	94	0	17	20	0	0	5	50	0	0	41	70	0	0	26	40	0	0	63	144	0	0	160	309	0	110	105	132	12	22	18	0	0	1	20	0	0	32	20	12	0	4	50	0	0	69	76	12	0	32	44	12	0	91	182	0	0	244	396	48	111
286	267	68	86	106	248	35	34	73	68	86	106	35	0	99	53	181	249	424	190	229	33	34	71	35	34	73	32	0	73	48	106	119	292	101	67	86	106	9	0	22	19	8	0	0	0	35	0	99	53	178	249	424	190	210	33	34	70	33	34	71	32	0	71	46	104	119	284	81	34	34	73	9	0	11	18	7	0	0	0	32	0	73	48	103	119	292	101	66	86	106	2	0	0	8	6	0	0	0	9	0	22	19	8	0	0	0	34	0	99	53	173	249	424	190	191	33	34	70	33	34	70	32	0	70	46	104	119	280	81	32	34	71	9	0	10	18	7	0	0	0	32	0	71	46	101	119	284	81	33	34	73	2	0	0	8	6	0	0	0	9	0	11	18	7	0	0	0	31	0	73	48	98	119	292	101	66	86	106	2	0	0	0	2	0	0	0	2	0	0	8	6	0	0	0	9	0	22	19	8	0	0	0	34	0	99	53	173	249	424	190
188	175	58	32	73	162	37	30	31	58	32	73	44	20	57	53	153	97	0	244	149	34	30	29	37	30	31	41	20	31	48	103	90	0	101	56	32	73	19	0	31	19	17	0	0	0	44	20	57	53	147	97	0	244	136	32	30	28	34	30	29	39	20	29	46	100	90	0	81	35	30	31	19	0	11	18	16	0	0	0	41	20	31	48	97	90	0	101	53	32	73	7	0	18	8	7	0	0	0	19	0	31	19	17	0	0	0	41	20	57	53	137	97	0	244	123	30	30	28	32	30	28	35	20	28	46	96	90	0	81	32	30	29	17	0	10	18	16	0	0	0	39	20	29	46	94	90	0	81	32	30	31	7	0	0	8	7	0	0	0	19	0	11	18	16	0	0	0	38	20	31	48	87	90	0	101	53	32	73	3	0	18	0	3	0	0	0	7	0	18	8	7	0	0	0	19	0	31	19	17	0	0	0	41	20	57	53	137	97	0	244
251	233	85	83	88	215	54	74	38	85	83	88	67	114	57	55	219	252	0	285	197	47	72	24	54	74	38	48	108	10	28	144	223	0	118	82	83	88	39	24	33	19	27	38	0	80	67	114	57	55	210	252	0	285	179	40	72	10	47	72	24	37	108	9	16	127	216	0	98	51	74	38	24	24	0	8	23	36	0	42	48	108	10	28	135	223	0	118	78	83	88	14	0	50	14	7	12	0	30	39	24	33	19	27	38	0	80	63	114	57	55	195	252	0	285	161	36	72	8	40	72	10	33	108	8	16	117	216	0	98	44	72	24	22	24	0	8	23	36	0	29	37	108	9	16	118	216	0	98	47	74	38	14	0	0	8	7	12	0	15	24	24	0	8	23	36	0	42	44	108	10	28	120	223	0	118	77	83	88	8	0	46	0	3	0	0	0	14	0	50	14	7	12	0	30	39	24	33	19	27	38	0	80	63	114	57	55	190	252	0	285
160	149	54	32	28	138	31	18	0	54	32	28	32	0	21	0	161	91	56	190	127	30	18	0	31	18	0	30	0	0	0	102	63	0	101	53	32	28	9	0	8	0	8	0	0	0	32	0	21	0	158	91	56	190	116	30	18	0	30	18	0	30	0	0	0	101	63	0	81	30	18	0	9	0	0	0	7	0	0	0	30	0	0	0	99	63	0	101	52	32	28	2	0	0	0	6	0	0	0	9	0	8	0	8	0	0	0	31	0	21	0	153	91	56	190	105	30	18	0	30	18	0	30	0	0	0	101	63	0	81	29	18	0	9	0	0	0	7	0	0	0	30	0	0	0	98	63	0	81	29	18	0	2	0	0	0	6	0	0	0	9	0	0	0	7	0	0	0	29	0	0	0	94	63	0	101	52	32	28	2	0	0	0	2	0	0	0	2	0	0	0	6	0	0	0	9	0	8	0	8	0	0	0	31	0	21	0	153	91	56	190
149	138	48	41	8	127	13	24	0	48	41	8	6	16	16	0	108	147	40	42	116	12	24	0	13	24	0	4	16	0	0	37	96	0	19	48	41	8	0	0	8	0	1	0	0	0	6	16	16	0	108	147	40	42	105	12	24	0	12	24	0	4	16	0	0	36	96	0	18	13	24	0	0	0	0	0	0	0	0	0	4	16	0	0	37	96	0	19	48	41	8	0	0	0	0	0	0	0	0	0	0	8	0	1	0	0	0	6	16	16	0	108	147	40	42	94	12	24	0	12	24	0	4	16	0	0	36	96	0	18	12	24	0	0	0	0	0	0	0	0	0	4	16	0	0	36	96	0	18	13	24	0	0	0	0	0	0	0	0	0	0	0	0	0	0	0	0	0	4	16	0	0	37	96	0	19	48	41	8	0	0	0	0	0	0	0	0	0	0	0	0	0	0	0	0	0	0	8	0	1	0	0	0	6	16	16	0	108	147	40	42
283	264	46	34	164	245	23	0	132	46	34	164	17	0	77	174	89	68	328	114	226	19	0	106	23	0	132	9	0	68	114	59	0	264	73	46	34	164	5	0	36	113	13	0	0	83	17	0	77	174	89	68	328	114	207	19	0	92	19	0	106	9	0	36	109	57	0	212	71	23	0	132	5	0	32	48	9	0	0	36	9	0	68	114	59	0	264	73	46	34	164	7	0	0	19	1	0	0	111	5	0	36	113	13	0	0	83	17	0	77	174	89	68	328	114	188	18	0	91	19	0	92	9	0	23	106	57	0	184	70	19	0	106	1	0	0	46	1	0	0	35	9	0	36	109	57	0	212	71	23	0	132	5	0	0	18	1	0	0	110	5	0	32	48	9	0	0	36	9	0	68	114	59	0	264	73	46	34	164	2	0	9	8	0	0	0	0	7	0	0	19	1	0	0	111	5	0	36	113	13	0	0	83	17	0	77	174	89	68	328	114
134	125	28	8	31	116	13	0	8	28	8	31	6	0	0	0	65	8	31	142	107	13	0	8	13	0	8	6	0	0	0	41	0	8	73	28	8	31	0	0	0	0	0	0	0	0	6	0	0	0	65	8	31	142	98	13	0	8	13	0	8	6	0	0	0	41	0	8	71	13	0	8	0	0	0	0	0	0	0	0	6	0	0	0	41	0	8	73	28	8	31	0	0	0	0	0	0	0	0	0	0	0	0	0	0	0	0	6	0	0	0	65	8	31	142	89	13	0	8	13	0	8	6	0	0	0	41	0	8	70	13	0	8	0	0	0	0	0	0	0	0	6	0	0	0	41	0	8	71	13	0	8	0	0	0	0	0	0	0	0	0	0	0	0	0	0	0	0	6	0	0	0	41	0	8	73	28	8	31	0	0	0	0	0	0	0	0	0	0	0	0	0	0	0	0	0	0	0	0	0	0	0	0	6	0	0	0	65	8	31	142
220	205	41	50	58	190	15	0	55	41	50	58	16	0	79	0	64	90	290	8	175	13	0	54	15	0	55	8	0	79	0	35	0	275	0	41	50	58	0	0	20	9	9	0	0	0	16	0	79	0	64	90	290	8	160	13	0	52	13	0	54	8	0	75	0	34	0	270	0	15	0	55	0	0	20	7	1	0	0	0	8	0	79	0	35	0	275	0	41	50	58	0	0	0	14	0	0	0	0	0	0	20	9	9	0	0	0	16	0	79	0	64	90	290	8	145	13	0	52	13	0	52	8	0	67	0	34	0	260	0	13	0	54	0	0	18	7	0	0	0	0	8	0	75	0	34	0	270	0	15	0	55	0	0	0	14	0	0	0	0	0	0	20	7	1	0	0	0	8	0	79	0	35	0	275	0	41	50	58	0	0	0	0	0	0	0	0	0	0	0	14	0	0	0	0	0	0	20	9	9	0	0	0	16	0	79	0	64	90	290	8
217	201	63	71	54	185	31	39	21	63	71	54	29	26	31	68	124	213	162	142	169	27	39	0	31	39	21	21	26	24	0	80	156	63	73	63	71	54	12	0	36	0	18	0	0	95	29	26	31	68	124	213	162	142	153	27	39	0	27	39	0	21	26	0	0	78	156	0	71	31	39	21	12	0	32	0	13	0	0	36	21	26	24	0	80	156	63	73	63	71	54	9	0	0	0	6	0	0	0	12	0	36	0	18	0	0	95	29	26	31	68	124	213	162	142	137	24	39	0	27	39	0	21	26	0	0	78	156	0	70	27	39	0	8	0	0	0	5	0	0	35	21	26	0	0	78	156	0	71	31	39	21	7	0	0	0	6	0	0	0	12	0	32	0	13	0	0	36	21	26	24	0	80	156	63	73	63	71	54	2	0	27	0	2	0	0	0	9	0	0	0	6	0	0	0	12	0	36	0	18	0	0	95	29	26	31	68	124	213	162	142
183	169	41	63	25	155	19	33	8	41	63	25	15	22	18	8	73	75	100	114	141	15	33	0	19	33	8	7	22	16	0	49	33	32	73	41	63	25	5	0	36	0	13	0	0	41	15	22	18	8	73	75	100	114	127	15	33	0	15	33	0	7	22	0	0	47	33	0	71	19	33	8	5	0	32	0	9	0	0	17	7	22	16	0	49	33	32	73	41	63	25	7	0	0	0	1	0	0	0	5	0	36	0	13	0	0	41	15	22	18	8	73	75	100	114	113	14	33	0	15	33	0	7	22	0	0	47	33	0	70	15	33	0	1	0	0	0	1	0	0	17	7	22	0	0	47	33	0	71	19	33	8	5	0	0	0	1	0	0	0	5	0	32	0	9	0	0	17	7	22	16	0	49	33	32	73	41	63	25	2	0	9	0	0	0	0	0	7	0	0	0	1	0	0	0	5	0	36	0	13	0	0	41	15	22	18	8	73	75	100	114
265	246	37	18	184	227	21	0	121	37	18	184	20	0	92	135	60	0	184	332	208	19	0	111	21	0	121	16	0	78	120	51	0	121	224	37	18	184	13	0	22	94	27	0	0	0	20	0	92	135	60	0	184	332	189	15	0	77	19	0	111	10	0	70	71	46	0	111	168	21	0	121	3	0	22	22	3	0	0	0	16	0	78	120	51	0	121	224	37	18	184	7	0	45	102	2	0	0	137	13	0	22	94	27	0	0	0	20	0	92	135	60	0	184	332	170	13	0	61	15	0	77	6	0	18	56	37	0	77	152	19	0	111	1	0	18	20	2	0	0	0	10	0	70	71	46	0	111	168	21	0	121	1	0	42	37	2	0	0	36	3	0	22	22	3	0	0	0	16	0	78	120	51	0	121	224	37	18	184	0	0	23	42	1	0	0	111	7	0	45	102	2	0	0	137	13	0	22	94	27	0	0	0	20	0	92	135	60	0	184	332
125	116	17	8	42	107	7	0	23	17	8	42	4	0	22	23	13	0	42	83	98	7	0	23	7	0	23	4	0	20	23	10	0	23	63	17	8	42	0	0	0	0	9	0	0	0	4	0	22	23	13	0	42	83	89	7	0	22	7	0	23	4	0	20	22	10	0	23	54	7	0	23	0	0	0	0	0	0	0	0	4	0	20	23	10	0	23	63	17	8	42	0	0	0	9	0	0	0	0	0	0	0	0	9	0	0	0	4	0	22	23	13	0	42	83	80	7	0	20	7	0	22	4	0	18	20	10	0	22	52	7	0	23	0	0	0	0	0	0	0	0	4	0	20	22	10	0	23	54	7	0	23	0	0	0	7	0	0	0	0	0	0	0	0	0	0	0	0	4	0	20	23	10	0	23	63	17	8	42	0	0	0	14	0	0	0	0	0	0	0	9	0	0	0	0	0	0	0	0	9	0	0	0	4	0	22	23	13	0	42	83
202	186	41	71	67	170	21	39	19	41	71	67	18	26	70	37	63	101	201	301	154	17	39	18	21	39	19	17	26	56	34	54	91	57	216	41	71	67	5	0	0	8	18	40	0	0	18	26	70	37	63	101	201	301	138	16	39	9	17	39	18	17	26	52	9	42	91	54	160	21	39	19	1	0	0	0	5	0	0	0	17	26	56	34	54	91	57	216	41	71	67	14	0	12	9	8	0	0	41	5	0	0	8	18	40	0	0	18	26	70	37	63	101	201	301	122	15	39	7	16	39	9	16	26	18	7	39	91	27	144	17	39	18	1	0	0	0	2	0	0	0	17	26	52	9	42	91	54	160	21	39	19	10	0	9	7	8	0	0	17	1	0	0	0	5	0	0	0	17	26	56	34	54	91	57	216	41	71	67	12	0	12	14	3	0	0	0	14	0	12	9	8	0	0	41	5	0	0	8	18	40	0	0	18	26	70	37	63	101	201	301
137	127	26	21	29	117	15	0	18	26	21	29	15	0	38	10	43	7	87	58	107	11	0	18	15	0	18	14	0	36	10	37	0	54	55	26	21	29	0	0	0	0	10	28	0	0	15	0	38	10	43	7	87	58	97	11	0	17	11	0	18	14	0	36	9	25	0	54	54	15	0	18	0	0	0	0	4	0	0	0	14	0	36	10	37	0	54	55	26	21	29	9	0	0	9	7	0	0	0	0	0	0	0	10	28	0	0	15	0	38	10	43	7	87	58	87	11	0	13	11	0	17	14	0	34	7	25	0	51	52	11	0	18	0	0	0	0	1	0	0	0	14	0	36	9	25	0	54	54	15	0	18	9	0	0	7	7	0	0	0	0	0	0	0	4	0	0	0	14	0	36	10	37	0	54	55	26	21	29	12	0	0	26	3	0	0	0	9	0	0	9	7	0	0	0	0	0	0	0	10	28	0	0	15	0	38	10	43	7	87	58
118	109	17	15	27	100	9	8	0	17	15	27	6	0	0	0	24	0	27	137	91	9	8	0	9	8	0	6	0	0	0	22	0	0	84	17	15	27	0	0	0	0	8	0	0	0	6	0	0	0	24	0	27	137	82	9	8	0	9	8	0	6	0	0	0	22	0	0	54	9	8	0	0	0	0	0	0	0	0	0	6	0	0	0	22	0	0	84	17	15	27	0	0	0	0	0	0	0	0	0	0	0	0	8	0	0	0	6	0	0	0	24	0	27	137	73	9	8	0	9	8	0	6	0	0	0	22	0	0	52	9	8	0	0	0	0	0	0	0	0	0	6	0	0	0	22	0	0	54	9	8	0	0	0	0	0	0	0	0	0	0	0	0	0	0	0	0	0	6	0	0	0	22	0	0	84	17	15	27	0	0	0	0	0	0	0	0	0	0	0	0	0	0	0	0	0	0	0	0	8	0	0	0	6	0	0	0	24	0	27	137
156	144	32	0	101	132	28	0	44	32	0	101	28	0	26	76	80	0	0	349	120	18	0	40	28	0	44	21	0	26	66	69	0	0	181	32	0	101	1	0	27	37	12	0	0	0	28	0	26	76	80	0	0	349	108	17	0	39	18	0	40	20	0	26	64	41	0	0	170	28	0	44	1	0	25	34	11	0	0	0	21	0	26	66	69	0	0	181	32	0	101	10	0	14	8	15	0	0	0	1	0	27	37	12	0	0	0	28	0	26	76	80	0	0	349	96	17	0	26	17	0	39	20	0	26	44	39	0	0	125	18	0	40	1	0	22	9	4	0	0	0	20	0	26	64	41	0	0	170	28	0	44	10	0	12	0	15	0	0	0	1	0	25	34	11	0	0	0	21	0	26	66	69	0	0	181	32	0	101	24	0	0	45	6	0	0	41	10	0	14	8	15	0	0	0	1	0	27	37	12	0	0	0	28	0	26	76	80	0	0	349
153	141	44	21	68	129	32	10	44	44	21	68	40	10	26	76	114	63	68	96	117	19	0	40	32	10	44	22	0	26	66	84	30	44	37	44	21	68	4	0	27	37	18	11	68	0	40	10	26	76	114	63	68	96	105	17	0	39	19	0	40	20	0	26	64	48	0	40	36	32	10	44	1	0	25	34	12	10	44	0	22	0	26	66	84	30	44	37	44	21	68	10	0	14	8	16	11	0	0	4	0	27	37	18	11	68	0	40	10	26	76	114	63	68	96	93	17	0	26	17	0	39	20	0	26	44	42	0	39	26	19	0	40	1	0	22	9	5	0	40	0	20	0	26	64	48	0	40	36	32	10	44	10	0	12	0	15	10	0	0	1	0	25	34	12	10	44	0	22	0	26	66	84	30	44	37	44	21	68	24	0	0	45	8	0	0	41	10	0	14	8	16	11	0	0	4	0	27	37	18	11	68	0	40	10	26	76	114	63	68	96
134	123	60	39	25	112	40	15	24	60	39	25	48	45	50	11	158	88	75	0	101	26	0	24	40	15	24	30	0	48	11	109	30	72	0	60	39	25	7	0	49	0	27	13	75	0	48	45	50	11	158	88	75	0	90	24	0	22	26	0	24	26	0	48	9	71	0	72	0	40	15	24	2	0	46	0	19	5	72	0	30	0	48	11	109	30	72	0	60	39	25	12	0	12	18	18	8	0	0	7	0	49	0	27	13	75	0	48	45	50	11	158	88	75	0	79	23	0	9	24	0	22	26	0	44	0	65	0	66	0	26	0	24	2	0	46	0	12	0	72	0	26	0	48	9	71	0	72	0	40	15	24	10	0	11	0	17	5	0	0	2	0	46	0	19	5	72	0	30	0	48	11	109	30	72	0	58	39	25	27	0	0	36	10	8	0	54	12	0	12	18	17	8	0	0	7	0	49	0	26	13	75	0	48	45	50	11	152	88	75	0
176	159	72	103	31	142	40	91	12	68	103	31	53	120	0	24	149	261	0	96	125	28	70	9	36	91	12	27	120	0	18	91	243	0	37	68	103	31	37	0	14	27	35	24	93	0	53	120	0	24	149	261	0	96	108	21	61	8	24	70	9	21	120	0	16	58	180	0	36	36	91	12	14	0	12	24	18	24	36	0	27	120	0	18	91	243	0	37	68	103	31	17	63	14	8	15	48	0	0	37	0	14	27	35	24	93	0	53	120	0	24	149	261	0	96	91	18	49	0	17	61	8	13	84	0	0	38	144	0	26	24	70	9	12	0	9	0	11	10	27	0	21	120	0	16	58	180	0	36	36	91	12	7	63	12	0	14	45	0	0	14	0	12	24	18	24	36	0	27	120	0	18	91	243	0	37	65	103	31	26	84	0	0	4	21	0	41	16	63	14	8	12	48	0	0	37	0	14	27	32	24	93	0	53	120	0	24	146	261	0	96
167	151	78	95	26	135	49	79	23	74	95	26	66	90	24	35	192	210	26	0	119	33	55	20	45	79	23	38	66	22	29	118	170	23	0	74	95	26	40	0	50	27	43	56	104	0	66	90	24	35	192	210	26	0	103	25	55	17	29	55	20	29	66	22	25	77	110	20	0	45	79	23	15	0	45	24	23	45	92	0	38	66	22	29	118	170	23	0	74	95	26	32	0	26	26	20	46	0	0	40	0	50	27	43	56	104	0	66	90	24	35	192	210	26	0	87	22	43	0	21	55	17	21	66	18	0	55	110	17	0	29	55	20	13	0	42	0	12	33	80	0	29	66	22	25	77	110	20	0	45	79	23	22	0	23	0	19	41	0	0	15	0	45	24	23	45	92	0	38	66	22	29	118	170	23	0	67	95	26	30	84	0	0	6	21	0	95	25	0	26	26	13	46	0	0	40	0	50	27	35	56	104	0	66	90	24	35	180	210	26	0
179	164	31	14	106	149	19	0	106	31	14	106	15	0	23	0	69	14	106	0	134	15	0	106	19	0	106	11	0	23	0	47	0	106	0	31	14	106	1	0	37	0	9	0	0	0	15	0	23	0	69	14	106	0	119	15	0	106	15	0	106	11	0	23	0	39	0	106	0	19	0	106	1	0	37	0	8	0	0	0	11	0	23	0	47	0	106	0	31	14	106	0	0	0	0	1	0	0	0	1	0	37	0	9	0	0	0	15	0	23	0	69	14	106	0	104	15	0	105	15	0	106	11	0	23	0	39	0	106	0	15	0	106	1	0	37	0	8	0	0	0	11	0	23	0	39	0	106	0	19	0	106	0	0	0	0	0	0	0	0	1	0	37	0	8	0	0	0	11	0	23	0	47	0	106	0	30	14	106	1	0	0	14	3	0	0	0	0	0	0	0	1	0	0	0	1	0	37	0	9	0	0	0	15	0	23	0	64	14	106	0
129	116	36	48	35	103	17	36	35	36	48	35	20	36	13	0	70	98	35	0	90	13	36	35	17	36	35	7	36	13	0	36	90	35	0	36	48	35	1	0	8	0	8	18	0	0	20	36	13	0	70	98	35	0	77	13	36	35	13	36	35	7	36	13	0	26	90	35	0	17	36	35	1	0	8	0	6	18	0	0	7	36	13	0	36	90	35	0	36	48	35	0	0	0	0	1	0	0	0	1	0	8	0	8	18	0	0	20	36	13	0	70	98	35	0	64	13	36	35	13	36	35	7	36	13	0	26	90	35	0	13	36	35	1	0	8	0	5	18	0	0	7	36	13	0	26	90	35	0	17	36	35	0	0	0	0	1	0	0	0	1	0	8	0	6	18	0	0	7	36	13	0	36	90	35	0	33	48	35	1	0	0	0	2	0	0	0	0	0	0	0	0	0	0	0	1	0	8	0	7	18	0	0	20	36	13	0	59	98	35	0
164	150	43	35	82	136	21	11	72	43	35	82	17	22	96	63	103	59	164	25	122	17	0	71	21	11	72	12	0	72	61	60	22	144	24	43	35	82	2	0	51	11	16	0	82	0	17	22	96	63	103	59	164	25	108	17	0	71	17	0	71	12	0	69	61	52	0	142	24	21	11	72	2	0	49	11	10	0	72	0	12	0	72	61	60	22	144	24	43	35	82	3	0	0	0	6	0	0	0	2	0	51	11	16	0	82	0	17	22	96	63	103	59	164	25	94	16	0	68	17	0	71	12	0	69	57	52	0	142	22	17	0	71	2	0	48	9	10	0	71	0	12	0	69	61	52	0	142	24	21	11	72	1	0	0	0	2	0	0	0	2	0	49	11	10	0	72	0	12	0	72	61	60	22	144	24	40	35	82	3	0	0	32	4	11	0	0	3	0	0	0	5	0	0	0	2	0	51	11	15	0	82	0	17	22	96	63	92	59	164	25
159	145	49	43	75	131	22	13	49	49	43	75	26	0	107	63	125	99	225	119	117	17	13	48	22	13	49	15	0	49	61	60	39	147	91	49	43	75	5	0	28	11	23	23	0	0	26	0	107	63	125	99	225	119	103	16	13	48	17	13	48	14	0	46	61	48	39	144	84	22	13	49	2	0	26	11	11	13	0	0	15	0	49	61	60	39	147	91	49	43	75	3	0	0	0	13	10	0	0	5	0	28	11	23	23	0	0	26	0	107	63	125	99	225	119	89	15	13	46	16	13	48	14	0	46	57	44	39	144	78	17	13	48	2	0	25	9	10	13	0	0	14	0	46	61	48	39	144	84	22	13	49	1	0	0	0	4	0	0	0	2	0	26	11	11	13	0	0	15	0	49	61	60	39	147	91	46	43	75	15	0	0	18	7	10	0	0	3	0	0	0	11	10	0	0	5	0	28	11	21	23	0	0	26	0	107	63	118	99	225	119
116	104	54	50	5	92	23	32	0	54	50	5	34	24	15	0	134	144	15	25	80	19	32	0	23	32	0	19	24	0	0	70	104	0	24	54	50	5	8	0	0	0	24	24	0	0	34	24	15	0	134	144	15	25	68	19	32	0	19	32	0	19	24	0	0	61	104	0	24	23	32	0	8	0	0	0	14	24	0	0	19	24	0	0	70	104	0	24	54	50	5	3	0	0	0	7	0	0	0	8	0	0	0	24	24	0	0	34	24	15	0	134	144	15	25	56	18	32	0	19	32	0	19	24	0	0	61	104	0	22	19	32	0	8	0	0	0	12	24	0	0	19	24	0	0	61	104	0	24	23	32	0	1	0	0	0	5	0	0	0	8	0	0	0	14	24	0	0	19	24	0	0	70	104	0	24	47	50	5	18	0	0	0	3	5	0	0	3	0	0	0	3	0	0	0	8	0	0	0	20	24	0	0	34	24	15	0	115	144	15	25
195	175	63	84	120	155	31	65	60	63	84	120	36	66	76	108	164	256	120	303	135	28	64	47	31	65	60	25	64	58	83	95	213	60	262	63	84	120	10	16	0	24	26	33	0	51	36	66	76	108	164	256	120	303	115	27	64	46	28	64	47	24	64	56	81	85	208	47	260	31	65	60	7	16	0	22	16	32	0	47	25	64	58	83	95	213	60	262	57	84	120	3	0	0	11	5	0	0	0	10	16	0	24	26	33	0	51	36	66	76	108	155	256	120	303	96	23	63	46	27	64	46	24	64	55	81	81	208	46	260	28	64	47	7	16	0	22	16	32	0	44	24	64	56	81	85	208	47	260	30	65	60	1	0	0	11	4	0	0	0	7	16	0	22	16	32	0	47	25	64	58	83	95	213	60	262	48	65	120	17	15	21	0	0	0	0	0	3	0	0	11	2	0	0	0	10	16	0	24	23	33	0	51	33	66	76	108	124	161	120	303
152	134	107	123	12	116	55	83	7	104	123	12	86	122	21	0	267	423	60	5	98	45	77	7	52	83	7	52	110	21	0	154	315	35	0	99	123	12	43	66	0	0	44	81	0	0	84	122	21	0	252	423	60	5	80	39	77	7	42	77	7	46	110	21	0	126	297	35	0	47	83	7	23	66	0	0	25	58	0	0	50	110	21	0	139	315	35	0	84	123	12	20	0	0	0	17	16	0	0	40	66	0	0	44	81	0	0	75	122	21	0	221	423	60	5	64	36	62	7	37	77	7	38	110	21	0	109	297	35	0	38	77	7	21	66	0	0	23	55	0	0	45	110	21	0	114	297	35	0	38	83	7	10	0	0	0	12	14	0	0	21	66	0	0	25	58	0	0	42	110	21	0	119	315	35	0	61	91	12	19	90	0	0	0	0	0	0	15	0	0	0	2	0	0	0	33	66	0	0	21	65	0	0	55	122	21	0	148	327	60	5
201	182	95	77	117	163	58	31	98	93	77	117	89	59	100	91	252	269	351	75	144	50	14	61	56	31	98	63	14	98	50	170	138	294	49	91	77	117	46	42	44	119	39	42	117	150	88	59	100	91	246	269	351	75	125	41	0	58	48	14	61	57	0	92	48	143	56	183	48	54	31	98	26	0	44	109	26	0	98	103	62	14	98	50	164	138	294	49	88	77	117	20	0	49	35	11	0	117	0	44	42	44	119	39	42	117	150	85	59	100	91	236	269	351	75	106	31	0	54	39	0	58	37	0	89	48	110	0	174	48	46	14	61	24	0	44	97	26	0	61	93	56	0	92	48	137	56	183	48	51	31	98	10	0	49	29	11	0	98	0	24	0	44	109	26	0	98	103	59	14	98	50	154	138	294	49	78	77	117	34	0	49	36	0	0	0	0	15	0	49	35	4	0	117	0	40	42	44	119	29	42	117	150	77	59	100	91	205	269	351	75
158	142	79	64	64	126	50	41	32	77	64	64	73	13	27	49	213	175	128	162	110	44	40	12	48	41	32	54	13	14	24	144	106	64	121	75	64	64	43	14	0	24	37	51	0	82	72	13	27	49	207	175	128	162	94	34	37	11	42	40	12	48	13	12	22	124	105	24	119	46	41	32	19	13	0	22	22	28	0	59	53	13	14	24	138	106	64	121	73	64	64	13	35	21	11	7	28	0	0	42	14	0	24	37	51	0	82	70	13	27	49	200	175	128	162	79	25	24	11	33	37	11	28	11	11	22	94	96	22	119	41	40	12	17	13	0	22	21	27	0	53	48	13	12	22	121	105	24	119	45	41	32	5	13	21	11	7	28	0	0	19	13	0	22	22	28	0	59	52	13	14	24	133	106	64	121	66	49	64	28	22	49	0	0	0	64	0	12	35	21	11	3	13	0	0	42	14	0	24	33	36	0	82	70	13	27	49	181	160	128	162
178	157	116	181	24	137	66	137	23	104	161	24	87	212	30	6	256	396	96	0	117	55	103	10	54	117	23	59	148	30	0	156	275	92	0	99	161	24	27	238	20	0	49	99	24	57	83	212	30	6	241	396	96	0	97	48	66	10	43	83	10	55	88	30	0	128	177	40	0	49	117	23	16	122	20	0	30	74	23	35	55	148	30	0	141	275	92	0	92	161	24	14	117	31	0	17	34	96	0	24	238	20	0	49	99	24	57	76	212	30	6	224	396	96	0	78	40	42	9	37	47	10	43	24	30	0	107	71	40	0	39	83	10	16	70	20	0	23	56	10	29	52	88	30	0	116	177	40	0	43	117	23	12	53	31	0	16	30	92	0	14	122	20	0	30	74	23	35	49	148	30	0	126	275	92	0	77	142	24	25	92	49	9	0	0	48	0	3	98	31	0	4	15	96	0	17	238	20	0	30	80	24	57	59	212	30	6	183	377	96	0
212	190	80	59	203	168	57	21	138	78	59	203	75	0	70	162	222	143	406	337	146	47	21	117	55	21	138	58	0	44	129	169	105	276	220	71	59	203	29	0	69	124	25	0	0	82	74	0	70	162	202	143	406	337	124	44	21	111	45	21	117	50	0	44	119	136	105	234	137	48	21	138	27	0	28	120	25	0	0	72	57	0	44	129	149	105	276	220	55	59	203	10	0	23	80	11	0	0	0	27	0	69	124	25	0	0	82	61	0	70	162	163	143	406	337	103	37	21	108	42	21	111	45	0	44	114	126	105	222	132	38	21	117	19	0	28	118	24	0	0	71	49	0	44	119	116	105	234	137	37	21	138	8	0	0	70	11	0	0	0	25	0	28	120	25	0	0	72	44	0	44	129	119	105	276	220	42	38	203	8	0	56	35	0	0	0	0	5	0	23	80	2	0	0	0	20	0	69	124	11	0	0	82	44	0	70	162	121	38	406	337
111	95	79	92	21	79	47	66	7	72	92	21	75	117	6	14	193	218	42	36	64	36	63	7	43	66	7	45	108	0	14	133	180	14	30	57	77	21	30	27	24	0	17	36	0	0	70	117	6	14	150	173	42	36	52	32	63	7	32	63	7	33	108	0	14	101	171	14	17	33	54	7	22	27	0	0	17	36	0	0	40	108	0	14	105	144	14	30	38	41	21	9	0	12	0	7	18	0	0	22	27	24	0	17	36	0	0	44	81	6	14	105	113	42	36	43	27	63	7	30	63	7	29	108	0	14	95	171	14	17	26	54	7	14	27	0	0	16	36	0	0	32	108	0	14	84	144	14	17	25	27	7	7	0	0	0	7	18	0	0	20	27	0	0	17	36	0	0	30	81	0	14	80	99	14	30	29	14	21	8	0	30	0	0	0	0	0	4	0	12	0	1	0	0	0	18	0	24	0	8	0	0	0	36	0	6	14	75	14	42	36
136	120	62	63	60	104	36	39	49	58	63	60	51	26	70	46	171	132	120	12	89	32	39	49	35	39	49	39	26	64	46	115	104	98	7	47	48	60	15	0	12	0	16	0	0	0	50	26	70	46	139	87	120	12	76	32	39	49	31	39	49	39	26	64	46	103	104	98	7	29	26	49	15	0	10	0	16	0	0	0	38	26	64	46	98	65	98	7	38	22	60	4	0	0	0	7	0	0	0	13	0	12	0	16	0	0	0	39	0	70	46	114	22	120	12	63	29	39	49	31	39	49	39	26	64	46	103	104	98	7	25	26	49	15	0	10	0	16	0	0	0	38	26	64	46	86	65	98	7	20	0	49	4	0	0	0	7	0	0	0	13	0	10	0	16	0	0	0	27	0	64	46	73	0	98	7	27	22	60	4	0	18	0	0	0	0	0	0	0	0	0	0	0	0	0	6	0	12	0	4	0	0	0	22	0	70	46	74	22	120	12
157	139	92	101	62	121	54	52	22	84	101	62	66	96	70	32	224	315	248	217	104	47	32	22	49	52	22	57	16	44	32	146	188	88	160	70	84	62	28	0	50	0	24	0	124	0	61	96	70	32	184	264	248	217	88	44	32	22	42	32	22	49	16	44	32	123	128	88	90	40	36	22	26	0	10	0	23	0	44	0	52	16	44	32	121	140	88	160	60	68	62	10	0	23	0	11	0	0	0	26	0	50	0	24	0	124	0	49	80	70	32	159	184	248	217	72	38	32	22	39	32	22	44	16	44	32	113	128	88	86	33	16	22	18	0	10	0	22	0	44	0	44	16	44	32	98	80	88	90	30	20	22	8	0	0	0	11	0	0	0	24	0	10	0	23	0	44	0	40	0	44	32	96	60	88	160	48	68	62	8	0	41	0	0	0	0	0	5	0	23	0	2	0	0	0	19	0	50	0	10	0	124	0	32	80	70	32	122	184	248	217
121	103	90	124	26	86	53	97	0	80	107	26	89	138	20	0	212	280	52	153	70	39	84	0	46	81	0	54	114	0	0	143	236	0	128	61	91	26	31	68	38	0	14	70	26	0	77	122	20	0	154	232	52	153	56	33	80	0	32	70	0	36	110	0	0	97	210	0	78	32	67	0	19	60	0	0	14	70	0	0	42	100	0	0	100	194	0	128	39	63	26	5	40	12	0	5	40	0	0	21	40	38	0	14	70	26	0	44	94	20	0	107	162	52	153	46	28	76	0	30	70	0	32	110	0	0	91	210	0	75	25	60	0	11	60	0	0	13	70	0	0	34	100	0	0	77	180	0	78	23	47	0	3	40	0	0	5	40	0	0	19	40	0	0	14	70	0	0	31	80	0	0	75	144	0	128	32	23	26	4	36	30	0	0	0	0	0	4	0	12	0	1	0	0	0	18	0	38	0	8	0	26	0	35	14	20	0	84	32	52	153
156	137	60	65	138	118	32	34	77	52	65	138	34	17	42	85	142	199	276	372	100	32	34	74	27	34	77	34	17	12	76	79	136	154	216	38	47	138	9	0	0	32	12	0	0	0	29	17	42	85	102	145	276	372	83	32	34	74	27	34	74	34	17	10	76	79	136	148	195	18	17	77	9	0	0	32	11	0	0	0	29	17	12	76	54	85	154	216	28	30	138	4	0	0	0	6	0	0	0	7	0	0	32	12	0	0	0	17	0	42	85	77	60	276	372	66	32	34	74	27	34	74	34	17	10	76	79	136	148	189	18	17	74	9	0	0	32	11	0	0	0	29	17	10	76	54	85	148	195	8	0	77	4	0	0	0	6	0	0	0	7	0	0	32	11	0	0	0	17	0	12	76	29	0	154	216	20	30	138	4	0	0	0	0	0	0	0	0	0	0	0	0	0	0	0	0	0	0	32	1	0	0	0	0	0	42	85	48	60	276	372
166	147	57	70	142	128	21	0	118	49	70	142	23	0	126	151	103	224	710	62	109	18	0	95	13	0	118	10	0	84	76	34	0	590	22	44	70	142	10	0	20	32	7	14	0	141	19	0	126	151	89	224	710	62	90	16	0	95	10	0	95	6	0	44	76	27	0	475	22	8	0	118	2	0	12	32	6	0	0	121	6	0	84	76	20	0	590	22	42	70	142	3	0	20	0	3	0	0	0	10	0	20	32	7	14	0	141	17	0	126	151	79	224	710	62	71	16	0	95	8	0	95	6	0	44	76	25	0	475	22	5	0	95	2	0	0	32	4	0	0	71	2	0	44	76	13	0	475	22	6	0	118	3	0	12	0	2	0	0	0	2	0	12	32	6	0	0	121	4	0	84	76	10	0	590	22	41	70	142	4	0	0	0	0	0	0	0	2	0	20	0	2	0	0	0	10	0	20	32	6	14	0	141	17	0	126	151	78	224	710	62
68	60	31	16	8	52	9	0	8	27	16	8	5	0	8	0	50	44	32	0	44	9	0	8	5	0	8	5	0	8	0	16	0	32	0	23	16	8	0	0	0	0	1	0	0	0	1	0	8	0	39	44	32	0	36	9	0	8	5	0	8	5	0	8	0	16	0	32	0	1	0	8	0	0	0	0	0	0	0	0	1	0	8	0	5	0	32	0	22	16	8	0	0	0	0	0	0	0	0	0	0	0	0	1	0	0	0	0	0	8	0	34	44	32	0	28	9	0	8	5	0	8	5	0	8	0	16	0	32	0	1	0	8	0	0	0	0	0	0	0	0	1	0	8	0	5	0	32	0	0	0	8	0	0	0	0	0	0	0	0	0	0	0	0	0	0	0	0	0	0	8	0	0	0	32	0	22	16	8	0	0	0	0	0	0	0	0	0	0	0	0	0	0	0	0	0	0	0	0	1	0	0	0	0	0	8	0	34	44	32	0
73	62	44	32	54	51	26	28	0	37	32	54	29	28	27	0	108	80	0	372	42	26	28	0	24	28	0	29	28	0	0	74	70	0	216	25	14	54	9	0	0	0	11	0	0	0	26	28	27	0	73	35	0	372	35	26	28	0	24	28	0	29	28	0	0	74	70	0	195	17	14	0	9	0	0	0	11	0	0	0	26	28	0	0	54	35	0	216	16	0	54	4	0	0	0	6	0	0	0	7	0	0	0	11	0	0	0	17	0	27	0	48	0	0	372	28	26	28	0	24	28	0	29	28	0	0	74	70	0	189	17	14	0	9	0	0	0	11	0	0	0	26	28	0	0	54	35	0	195	8	0	0	4	0	0	0	6	0	0	0	7	0	0	0	11	0	0	0	17	0	0	0	29	0	0	216	8	0	54	4	0	0	0	0	0	0	0	0	0	0	0	0	0	0	0	0	0	0	0	0	0	0	0	0	0	27	0	19	0	0	372
74	63	37	41	10	53	12	24	0	29	31	10	8	16	20	0	68	75	30	62	45	12	24	0	9	16	0	8	16	0	0	29	40	0	22	24	15	10	0	0	0	0	1	0	0	0	6	0	20	0	54	35	30	62	37	12	24	0	9	16	0	8	16	0	0	29	40	0	22	4	0	0	0	0	0	0	0	0	0	0	6	0	0	0	15	0	0	22	20	15	10	0	0	0	0	0	0	0	0	0	0	0	0	1	0	0	0	0	0	20	0	39	35	30	62	29	12	24	0	9	16	0	8	16	0	0	29	40	0	22	4	0	0	0	0	0	0	0	0	0	0	6	0	0	0	15	0	0	22	0	0	0	0	0	0	0	0	0	0	0	0	0	0	0	0	0	0	0	0	0	0	0	0	0	0	22	20	15	10	0	0	0	0	0	0	0	0	0	0	0	0	0	0	0	0	0	0	0	0	1	0	0	0	0	0	20	0	39	35	30	62
140	122	35	56	135	104	14	0	108	28	56	135	12	0	75	110	37	28	540	150	86	11	0	87	7	0	108	3	0	73	57	15	0	432	126	26	56	135	2	0	22	121	9	0	0	62	10	0	75	110	31	28	540	150	68	11	0	61	4	0	87	3	0	65	33	12	0	348	103	5	0	108	2	0	20	48	6	0	0	22	1	0	73	57	9	0	432	126	25	56	135	3	0	0	59	4	0	0	141	2	0	22	121	9	0	0	62	9	0	75	110	26	28	540	150	50	10	0	61	4	0	61	3	0	41	33	12	0	244	103	2	0	87	0	0	12	48	1	0	0	22	1	0	65	33	6	0	348	103	4	0	108	1	0	0	59	1	0	0	121	2	0	20	48	6	0	0	22	0	0	73	57	4	0	432	126	24	56	135	0	0	11	0	0	0	0	0	2	0	0	59	3	0	0	141	2	0	22	121	8	0	0	62	9	0	75	110	25	28	540	150
117	102	31	36	81	87	11	0	55	24	36	81	9	0	75	29	25	0	243	160	72	10	0	55	4	0	55	4	0	75	29	9	0	165	126	21	36	81	0	0	0	0	2	0	0	0	5	0	75	29	17	0	243	160	57	10	0	52	3	0	55	4	0	75	29	8	0	165	103	1	0	55	0	0	0	0	2	0	0	0	0	0	75	29	1	0	165	126	21	36	81	0	0	0	21	2	0	0	0	0	0	0	0	2	0	0	0	5	0	75	29	17	0	243	160	42	10	0	52	3	0	52	4	0	63	29	8	0	156	103	0	0	55	0	0	0	0	0	0	0	0	0	0	75	29	0	0	165	103	1	0	55	0	0	0	21	0	0	0	0	0	0	0	0	2	0	0	0	0	0	75	29	1	0	165	126	21	36	81	0	0	0	0	0	0	0	0	0	0	0	21	2	0	0	0	0	0	0	0	2	0	0	0	5	0	75	29	17	0	243	160
100	84	38	86	35	71	14	46	20	31	47	35	8	35	62	10	43	54	175	142	58	10	39	16	7	7	20	2	0	60	6	10	7	100	118	30	47	35	6	0	22	24	17	24	35	0	6	35	62	10	40	54	175	142	45	9	39	7	3	0	16	2	0	52	0	5	0	80	95	6	7	20	2	0	20	0	9	14	20	0	0	0	60	6	7	7	100	118	30	47	35	9	0	0	21	7	7	0	24	6	0	22	24	17	24	35	0	6	35	62	10	40	54	175	142	32	8	39	7	2	0	7	2	0	28	0	4	0	35	95	2	0	16	0	0	12	0	2	0	16	0	0	0	52	0	2	0	80	95	6	7	20	7	0	0	21	5	0	0	23	2	0	20	0	9	14	20	0	0	0	60	6	7	7	100	118	26	47	35	3	0	11	0	0	0	0	0	2	0	0	21	2	7	0	24	6	0	22	24	11	24	35	0	6	35	62	10	35	54	175	142
106	90	45	63	72	76	24	39	27	35	35	72	24	26	22	64	62	61	144	298	63	21	39	6	17	13	27	15	26	20	6	46	39	54	203	30	22	72	8	0	22	24	16	0	0	88	21	0	22	64	48	22	144	298	50	21	39	0	14	13	6	15	26	12	0	43	39	12	177	12	0	27	8	0	20	0	13	0	0	22	12	0	20	6	32	0	54	203	26	22	72	7	0	0	0	7	0	0	24	6	0	22	24	16	0	0	88	17	0	22	64	33	22	144	298	37	16	39	0	14	13	0	15	26	0	0	43	39	0	177	9	0	6	6	0	12	0	8	0	0	22	12	0	12	0	29	0	12	177	8	0	27	5	0	0	0	5	0	0	23	6	0	20	0	13	0	0	22	8	0	20	6	17	0	54	203	21	22	72	0	0	47	0	0	0	0	0	2	0	0	0	2	0	0	24	2	0	22	24	8	0	0	88	9	0	22	64	19	22	144	298
87	75	32	29	49	64	16	11	10	25	18	49	14	0	22	10	36	0	98	298	53	13	11	6	9	0	10	5	0	20	6	20	0	20	203	21	18	49	2	0	22	24	6	0	0	0	10	0	22	10	25	0	98	298	42	13	11	0	6	0	6	5	0	12	0	17	0	12	177	5	0	10	2	0	20	0	6	0	0	0	1	0	20	6	9	0	20	203	20	18	49	3	0	0	0	3	0	0	24	2	0	22	24	6	0	0	0	9	0	22	10	20	0	98	298	31	12	11	0	6	0	0	5	0	0	0	17	0	0	177	2	0	6	0	0	12	0	1	0	0	0	1	0	12	0	6	0	12	177	4	0	10	1	0	0	0	1	0	0	23	2	0	20	0	6	0	0	0	0	0	20	6	4	0	20	203	19	18	49	0	0	11	0	0	0	0	0	2	0	0	0	2	0	0	24	2	0	22	24	5	0	0	0	9	0	22	10	19	0	98	298
63	54	10	0	65	45	7	0	11	4	0	65	2	0	7	11	6	0	0	372	36	7	0	11	1	0	11	2	0	0	11	3	0	0	220	3	0	65	0	0	0	0	5	0	0	0	0	0	7	11	3	0	0	372	27	7	0	11	1	0	11	2	0	0	11	3	0	0	170	0	0	11	0	0	0	0	0	0	0	0	0	0	0	11	0	0	0	220	3	0	65	0	0	0	0	0	0	0	0	0	0	0	0	5	0	0	0	0	0	7	11	3	0	0	372	18	7	0	11	1	0	11	2	0	0	11	3	0	0	120	0	0	11	0	0	0	0	0	0	0	0	0	0	0	11	0	0	0	170	0	0	11	0	0	0	0	0	0	0	0	0	0	0	0	0	0	0	0	0	0	0	11	0	0	0	220	3	0	65	0	0	0	0	0	0	0	0	0	0	0	0	0	0	0	0	0	0	0	0	5	0	0	0	0	0	7	11	3	0	0	372
77	66	7	0	90	55	4	0	42	3	0	90	0	0	7	67	3	0	0	300	44	4	0	42	0	0	42	0	0	0	67	0	0	0	193	3	0	90	0	0	0	0	5	0	0	0	0	0	7	67	3	0	0	300	33	4	0	42	0	0	42	0	0	0	67	0	0	0	164	0	0	42	0	0	0	0	0	0	0	0	0	0	0	67	0	0	0	193	3	0	90	0	0	0	0	0	0	0	0	0	0	0	0	5	0	0	0	0	0	7	67	3	0	0	300	22	4	0	39	0	0	42	0	0	0	58	0	0	0	120	0	0	42	0	0	0	0	0	0	0	0	0	0	0	67	0	0	0	164	0	0	42	0	0	0	0	0	0	0	0	0	0	0	0	0	0	0	0	0	0	0	67	0	0	0	193	3	0	90	0	0	0	21	0	0	0	0	0	0	0	0	0	0	0	0	0	0	0	0	5	0	0	0	0	0	7	67	3	0	0	300
63	54	13	0	57	45	4	0	21	10	0	57	0	0	29	30	18	0	0	251	36	4	0	21	1	0	21	0	0	22	30	1	0	0	183	10	0	57	4	0	0	0	14	0	0	0	0	0	29	30	18	0	0	251	27	3	0	21	1	0	21	0	0	22	30	1	0	0	158	1	0	21	0	0	0	0	1	0	0	0	0	0	22	30	1	0	0	183	10	0	57	0	0	0	0	1	0	0	0	4	0	0	0	14	0	0	0	0	0	29	30	18	0	0	251	18	3	0	14	0	0	21	0	0	22	21	0	0	0	120	1	0	21	0	0	0	0	1	0	0	0	0	0	22	30	1	0	0	158	1	0	21	0	0	0	0	1	0	0	0	0	0	0	0	1	0	0	0	0	0	22	30	1	0	0	183	9	0	57	0	0	0	49	0	0	0	0	0	0	0	0	0	0	0	0	4	0	0	0	13	0	0	0	0	0	29	30	17	0	0	251
82	70	27	20	71	58	16	0	32	17	20	71	5	0	59	74	36	20	142	242	46	13	0	31	6	0	32	2	0	44	70	9	0	64	155	16	20	71	6	0	0	10	20	30	0	0	3	0	59	74	33	20	142	242	34	11	0	27	3	0	31	2	0	42	54	5	0	62	109	5	0	32	0	0	0	6	7	0	0	0	0	0	44	70	6	0	64	155	16	20	71	8	0	15	24	6	0	0	0	6	0	0	10	20	30	0	0	3	0	59	74	33	20	142	242	22	11	0	14	1	0	27	2	0	34	21	3	0	54	68	2	0	31	0	0	0	0	2	0	0	0	0	0	42	54	2	0	62	109	5	0	32	8	0	11	0	6	0	0	0	0	0	0	6	7	0	0	0	0	0	44	70	6	0	64	155	11	20	71	4	0	0	49	0	0	0	24	0	0	15	24	0	0	0	0	6	0	0	10	13	30	0	0	3	0	59	74	27	20	142	242
77	65	36	39	59	53	17	11	45	27	39	59	13	0	72	74	53	81	236	35	41	11	7	44	8	11	45	1	0	57	70	11	11	180	20	26	39	59	4	28	0	10	23	46	0	0	12	0	72	74	50	81	236	35	29	8	0	38	2	7	44	0	0	55	54	2	7	176	16	7	11	45	0	0	0	6	9	11	0	0	0	0	57	70	8	11	180	20	25	39	59	8	0	28	46	8	11	59	0	3	28	0	10	23	46	0	0	11	0	72	74	48	81	236	35	18	8	0	14	0	0	38	0	0	45	21	0	0	152	7	2	7	44	0	0	0	0	2	7	0	0	0	0	55	54	2	7	176	16	7	11	45	8	0	24	0	8	11	45	0	0	0	0	6	9	11	0	0	0	0	57	70	8	11	180	20	18	28	59	4	0	0	49	0	0	0	88	0	0	28	46	0	0	59	0	3	28	0	10	14	35	0	0	11	0	72	74	40	70	236	35
58	45	28	53	60	35	16	44	33	20	23	60	18	14	0	98	53	59	60	130	25	8	30	22	8	14	33	7	0	0	55	19	21	33	77	16	23	60	5	0	24	44	12	32	120	35	11	14	0	98	38	59	60	130	15	5	24	21	0	0	22	0	0	0	53	0	0	22	75	4	14	33	0	0	15	40	4	28	66	20	0	0	0	55	4	21	33	77	13	23	60	2	48	0	10	8	24	0	0	0	0	24	44	12	32	120	35	4	14	0	98	34	59	60	130	7	5	21	17	0	0	21	0	0	0	45	0	0	21	65	0	0	22	0	0	11	24	0	0	44	16	0	0	0	53	0	0	22	75	4	14	33	2	42	0	6	4	21	0	0	0	0	15	40	4	28	66	20	0	0	0	55	4	21	33	77	4	7	60	1	21	0	24	0	0	0	0	0	0	0	10	0	0	0	0	0	0	24	44	1	0	120	35	4	14	0	98	14	35	60	130
79	65	41	43	67	51	16	10	56	36	43	67	22	30	30	46	87	103	201	59	37	5	0	56	11	10	56	1	0	30	46	21	10	168	45	35	43	67	1	0	43	0	20	23	67	0	21	30	30	46	84	103	201	59	23	4	0	56	0	0	56	0	0	30	46	0	0	168	44	10	10	56	0	0	35	0	9	10	56	0	0	0	30	46	18	10	168	45	33	43	67	7	0	0	0	13	13	0	0	0	0	43	0	20	23	67	0	20	30	30	46	82	103	201	59	10	4	0	49	0	0	56	0	0	30	44	0	0	168	38	0	0	56	0	0	35	0	0	0	56	0	0	0	30	46	0	0	168	44	9	10	56	7	0	0	0	8	10	0	0	0	0	35	0	9	10	56	0	0	0	30	46	18	10	168	45	15	30	67	4	0	0	52	0	0	0	0	0	0	0	0	0	0	0	0	0	0	43	0	3	10	67	0	17	30	30	46	36	90	201	59
71	58	34	47	35	45	10	7	28	32	47	35	18	35	48	0	78	75	175	59	32	2	0	28	8	7	28	1	0	48	0	17	7	140	45	31	47	35	1	0	29	0	15	19	35	0	17	35	48	0	75	75	175	59	19	1	0	28	0	0	28	0	0	48	0	0	0	140	44	7	7	28	0	0	22	0	4	7	28	0	0	0	48	0	14	7	140	45	29	47	35	1	0	0	0	9	12	0	0	0	0	29	0	15	19	35	0	16	35	48	0	73	75	175	59	7	1	0	23	0	0	28	0	0	48	0	0	0	140	38	0	0	28	0	0	22	0	0	0	28	0	0	0	48	0	0	0	140	44	6	7	28	1	0	0	0	4	7	0	0	0	0	22	0	4	7	28	0	0	0	48	0	14	7	140	45	14	35	35	1	0	0	30	0	0	0	0	0	0	0	0	0	0	0	0	0	0	29	0	3	7	35	0	13	35	48	0	31	63	175	59
65	53	35	41	44	41	6	6	44	35	41	44	17	30	80	0	79	109	220	0	29	0	0	44	6	6	44	0	0	80	0	13	30	220	0	35	41	44	0	0	38	0	15	6	44	0	17	30	80	0	79	109	220	0	17	0	0	44	0	0	44	0	0	80	0	0	0	220	0	6	6	44	0	0	38	0	3	0	44	0	0	0	80	0	13	30	220	0	29	41	44	0	0	0	0	8	0	0	0	0	0	38	0	15	6	44	0	17	30	80	0	70	109	220	0	6	0	0	38	0	0	44	0	0	80	0	0	0	220	0	0	0	44	0	0	38	0	0	0	44	0	0	0	80	0	0	0	220	0	5	6	44	0	0	0	0	3	0	0	0	0	0	38	0	3	0	44	0	0	0	80	0	13	30	220	0	15	30	44	0	0	0	45	0	0	0	0	0	0	0	0	0	0	0	0	0	0	38	0	4	6	44	0	14	30	80	0	29	54	220	0
46	37	27	21	34	29	12	14	15	22	13	34	12	6	0	30	51	37	34	130	21	5	8	11	7	6	15	1	0	0	22	10	6	15	77	21	13	34	1	0	24	44	17	7	34	0	11	6	0	30	48	37	34	130	13	4	7	10	0	0	11	0	0	0	20	0	0	11	75	6	6	15	0	0	15	40	8	6	15	0	0	0	0	22	7	6	15	77	20	13	34	7	7	0	10	11	7	0	0	0	0	24	44	17	7	34	0	10	6	0	30	46	37	34	130	6	4	6	6	0	0	10	0	0	0	12	0	0	10	65	0	0	11	0	0	11	24	0	0	11	0	0	0	0	20	0	0	11	75	6	6	15	7	6	0	6	7	6	0	0	0	0	15	40	8	6	15	0	0	0	0	22	7	6	15	77	9	6	34	3	6	0	24	0	0	0	0	0	0	0	10	0	0	0	0	0	0	24	44	2	0	34	0	10	6	0	30	23	30	34	130
50	40	8	0	66	30	1	0	47	8	0	66	3	0	30	58	23	0	0	79	20	0	0	47	1	0	47	0	0	16	58	0	0	0	72	8	0	66	0	0	0	0	2	0	0	0	3	0	30	58	23	0	0	79	10	0	0	47	0	0	47	0	0	16	58	0	0	0	72	1	0	47	0	0	0	0	0	0	0	0	0	0	16	58	0	0	0	72	7	0	66	0	0	0	0	2	0	0	0	0	0	0	0	2	0	0	0	3	0	30	58	23	0	0	79	0	0	0	47	0	0	47	0	0	16	58	0	0	0	72	0	0	47	0	0	0	0	0	0	0	0	0	0	16	58	0	0	0	72	0	0	47	0	0	0	0	0	0	0	0	0	0	0	0	0	0	0	0	0	0	16	58	0	0	0	72	0	0	66	0	0	0	0	0	0	0	0	0	0	0	0	0	0	0	0	0	0	0	0	0	0	0	0	0	0	30	58	0	0	0	79
45	36	7	0	45	27	1	0	30	7	0	45	3	0	13	18	18	0	0	79	18	0	0	30	1	0	30	0	0	0	18	0	0	0	72	7	0	45	0	0	0	0	2	0	0	0	3	0	13	18	18	0	0	79	9	0	0	30	0	0	30	0	0	0	18	0	0	0	72	1	0	30	0	0	0	0	0	0	0	0	0	0	0	18	0	0	0	72	6	0	45	0	0	0	0	2	0	0	0	0	0	0	0	2	0	0	0	3	0	13	18	18	0	0	79	0	0	0	30	0	0	30	0	0	0	18	0	0	0	72	0	0	30	0	0	0	0	0	0	0	0	0	0	0	18	0	0	0	72	0	0	30	0	0	0	0	0	0	0	0	0	0	0	0	0	0	0	0	0	0	0	18	0	0	0	72	0	0	45	0	0	0	0	0	0	0	0	0	0	0	0	0	0	0	0	0	0	0	0	0	0	0	0	0	0	13	18	0	0	0	79
60	47	23	39	54	34	2	9	27	22	39	54	2	27	68	49	53	81	162	146	21	1	0	27	1	9	27	1	0	38	49	3	0	81	128	21	39	54	1	0	0	0	10	9	54	0	1	27	68	49	50	81	162	146	9	0	0	27	0	0	27	0	0	38	49	0	0	81	128	0	9	27	0	0	0	0	0	0	27	0	0	0	38	49	0	0	81	128	12	27	54	0	0	0	0	7	9	0	0	0	0	0	0	10	9	54	0	0	27	68	49	37	81	162	146	0	0	0	27	0	0	27	0	0	38	49	0	0	81	128	0	0	27	0	0	0	0	0	0	27	0	0	0	38	49	0	0	81	128	0	0	27	0	0	0	0	0	0	0	0	0	0	0	0	0	0	27	0	0	0	38	49	0	0	81	128	0	0	54	0	0	0	0	0	0	0	0	0	0	0	0	0	0	0	0	0	0	0	0	0	0	54	0	0	0	68	49	0	0	162	146
60	47	44	40	50	34	16	0	11	36	40	50	35	0	71	33	76	128	250	240	21	8	0	11	8	0	11	10	0	22	33	23	0	55	176	29	40	50	10	0	0	0	9	56	0	0	25	0	71	33	53	128	250	240	8	4	0	11	0	0	11	0	0	22	33	0	0	55	161	1	0	11	0	0	0	0	0	0	0	0	0	0	22	33	0	0	55	176	12	40	50	7	0	0	0	8	32	0	0	0	0	0	0	9	56	0	0	3	0	71	33	29	128	250	240	0	0	0	11	0	0	11	0	0	22	33	0	0	55	159	0	0	11	0	0	0	0	0	0	0	0	0	0	22	33	0	0	55	161	0	0	11	0	0	0	0	0	0	0	0	0	0	0	0	0	0	0	0	0	0	22	33	0	0	55	176	0	0	50	0	0	27	0	0	0	0	0	0	0	0	0	0	0	0	0	0	0	0	0	0	0	0	0	0	0	71	33	0	0	250	240
39	31	15	7	23	23	1	0	0	15	7	23	3	0	23	0	34	21	23	146	15	0	0	0	1	0	0	0	0	0	0	0	0	0	128	15	7	23	0	0	0	0	10	0	0	0	3	0	23	0	34	21	23	146	7	0	0	0	0	0	0	0	0	0	0	0	0	0	128	1	0	0	0	0	0	0	0	0	0	0	0	0	0	0	0	0	0	128	11	7	23	0	0	0	0	7	0	0	0	0	0	0	0	10	0	0	0	3	0	23	0	32	21	23	146	0	0	0	0	0	0	0	0	0	0	0	0	0	0	128	0	0	0	0	0	0	0	0	0	0	0	0	0	0	0	0	0	0	128	0	0	0	0	0	0	0	0	0	0	0	0	0	0	0	0	0	0	0	0	0	0	0	0	0	0	128	0	0	23	0	0	0	0	0	0	0	0	0	0	0	0	0	0	0	0	0	0	0	0	0	0	0	0	0	0	23	0	0	0	23	146
67	49	40	65	115	31	14	0	89	35	65	115	38	0	56	92	77	117	575	104	13	5	0	79	9	0	89	11	0	47	54	29	0	445	38	17	65	115	12	0	19	49	0	0	0	44	27	0	56	92	25	117	575	104	0	0	0	79	0	0	79	0	0	47	54	0	0	395	38	0	0	89	0	0	19	49	0	0	0	44	0	0	47	54	0	0	445	38	0	0	115	0	0	10	0	0	0	0	0	0	0	19	49	0	0	0	44	0	0	56	92	0	0	575	104	0	0	0	78	0	0	79	0	0	47	54	0	0	395	38	0	0	79	0	0	19	49	0	0	0	44	0	0	47	54	0	0	395	38	0	0	89	0	0	10	0	0	0	0	0	0	0	19	49	0	0	0	44	0	0	47	54	0	0	445	38	0	0	0	0	0	0	9	0	0	0	0	0	0	0	0	0	0	0	0	0	0	0	49	0	0	0	44	0	0	0	92	0	0	0	104
70	51	43	51	137	33	17	33	108	31	33	137	36	33	56	106	63	83	137	104	16	9	16	68	8	16	108	10	16	47	22	26	48	108	38	21	16	137	11	16	19	109	0	0	137	196	26	16	56	106	32	32	137	104	0	0	0	58	0	0	68	0	0	47	22	0	0	68	38	0	0	108	0	0	19	76	0	0	108	132	0	0	47	22	0	0	108	38	0	0	137	0	0	60	43	0	0	137	59	0	0	19	109	0	0	137	196	0	0	56	106	0	0	137	104	0	0	0	53	0	0	58	0	0	47	22	0	0	58	38	0	0	68	0	0	19	68	0	0	68	117	0	0	47	22	0	0	68	38	0	0	108	0	0	56	35	0	0	108	45	0	0	19	76	0	0	108	132	0	0	47	22	0	0	108	38	0	0	0	0	0	0	53	0	0	0	0	0	0	0	43	0	0	0	59	0	0	0	109	0	0	0	196	0	0	0	106	0	0	0	104
42	28	41	65	26	16	11	39	17	23	41	26	23	96	20	7	46	122	52	50	7	6	14	10	5	21	17	5	42	20	0	14	84	34	11	16	14	26	8	28	10	0	0	0	78	60	18	42	20	7	27	14	52	50	0	0	0	10	0	0	10	0	0	20	0	0	0	20	11	0	0	17	0	0	10	0	0	0	51	33	0	0	20	0	0	0	34	11	0	0	26	0	0	34	0	0	0	52	0	0	0	10	0	0	0	78	60	0	0	20	7	0	0	52	50	0	0	0	9	0	0	10	0	0	20	0	0	0	20	11	0	0	10	0	0	10	0	0	0	30	22	0	0	20	0	0	0	20	11	0	0	17	0	0	31	0	0	0	34	0	0	0	10	0	0	0	51	33	0	0	20	0	0	0	34	11	0	0	0	0	0	0	9	0	0	0	0	0	0	0	0	0	0	0	0	0	0	0	0	0	0	0	60	0	0	0	7	0	0	0	50
50	34	43	86	27	19	10	33	19	31	71	27	20	141	47	0	69	159	135	50	7	4	7	19	6	21	19	8	21	47	0	21	56	95	11	16	35	27	7	35	19	0	0	0	81	0	12	105	47	0	25	63	135	50	0	0	0	19	0	0	19	0	0	47	0	0	0	95	11	0	0	19	0	0	19	0	0	0	57	0	0	0	47	0	0	0	95	11	0	0	27	0	0	10	0	0	0	27	0	0	0	19	0	0	0	81	0	0	0	47	0	0	0	135	50	0	0	0	18	0	0	19	0	0	47	0	0	0	95	11	0	0	19	0	0	19	0	0	0	57	0	0	0	47	0	0	0	95	11	0	0	19	0	0	10	0	0	0	19	0	0	0	19	0	0	0	57	0	0	0	47	0	0	0	95	11	0	0	0	0	0	0	9	0	0	0	0	0	0	0	0	0	0	0	0	0	0	0	0	0	0	0	0	0	0	0	0	0	0	0	50
37	27	27	21	24	17	11	0	0	23	21	24	32	0	9	0	50	14	72	127	7	4	0	0	7	0	0	10	0	0	0	23	0	0	38	14	21	24	10	0	0	0	0	0	0	0	22	0	9	0	22	14	72	127	0	0	0	0	0	0	0	0	0	0	0	0	0	0	38	0	0	0	0	0	0	0	0	0	0	0	0	0	0	0	0	0	0	38	0	0	24	0	0	0	0	0	0	0	0	0	0	0	0	0	0	0	0	0	0	9	0	0	0	72	127	0	0	0	0	0	0	0	0	0	0	0	0	0	0	38	0	0	0	0	0	0	0	0	0	0	0	0	0	0	0	0	0	0	38	0	0	0	0	0	0	0	0	0	0	0	0	0	0	0	0	0	0	0	0	0	0	0	0	0	0	38	0	0	0	0	0	0	0	0	0	0	0	0	0	0	0	0	0	0	0	0	0	0	0	0	0	0	0	0	0	0	0	0	0	0	127
46	29	31	60	99	12	2	0	72	14	60	99	4	0	107	67	36	180	495	142	0	0	0	72	0	0	72	0	0	79	67	0	0	360	108	0	0	99	0	0	21	0	0	0	0	0	0	0	107	67	0	0	495	142	0	0	0	72	0	0	72	0	0	79	67	0	0	360	98	0	0	72	0	0	10	0	0	0	0	0	0	0	79	67	0	0	360	108	0	0	0	0	0	0	0	0	0	0	0	0	0	0	0	0	0	0	0	0	0	0	67	0	0	0	142	0	0	0	72	0	0	72	0	0	79	67	0	0	360	98	0	0	72	0	0	10	0	0	0	0	0	0	0	79	67	0	0	360	98	0	0	0	0	0	0	0	0	0	0	0	0	0	0	0	0	0	0	0	0	0	0	67	0	0	0	108	0	0	0	0	0	0	0	0	0	0	0	0	0	0	0	0	0	0	0	0	0	0	0	0	0	0	0	0	0	0	0	0	0	0	0
33	22	19	0	73	11	2	0	39	17	0	73	4	0	74	67	45	0	0	166	0	0	0	39	0	0	39	0	0	46	67	0	0	0	108	0	0	73	0	0	21	0	0	0	0	0	0	0	74	67	0	0	0	166	0	0	0	39	0	0	39	0	0	46	67	0	0	0	98	0	0	39	0	0	10	0	0	0	0	0	0	0	46	67	0	0	0	108	0	0	0	0	0	0	0	0	0	0	0	0	0	0	0	0	0	0	0	0	0	0	67	0	0	0	166	0	0	0	39	0	0	39	0	0	46	67	0	0	0	98	0	0	39	0	0	10	0	0	0	0	0	0	0	46	67	0	0	0	98	0	0	0	0	0	0	0	0	0	0	0	0	0	0	0	0	0	0	0	0	0	0	67	0	0	0	108	0	0	0	0	0	0	0	0	0	0	0	0	0	0	0	0	0	0	0	0	0	0	0	0	0	0	0	0	0	0	0	0	0	0	0
30	20	19	0	58	10	3	0	18	16	0	58	9	0	54	54	46	0	0	192	0	0	0	9	0	0	18	0	0	9	27	0	0	0	125	0	0	58	0	0	21	0	0	0	0	54	0	0	54	54	0	0	0	192	0	0	0	9	0	0	9	0	0	9	27	0	0	0	108	0	0	18	0	0	0	0	0	0	0	27	0	0	9	27	0	0	0	125	0	0	0	0	0	0	0	0	0	0	0	0	0	0	0	0	0	0	54	0	0	0	54	0	0	0	192	0	0	0	9	0	0	9	0	0	9	27	0	0	0	108	0	0	9	0	0	0	0	0	0	0	27	0	0	9	27	0	0	0	108	0	0	0	0	0	0	0	0	0	0	0	0	0	0	0	0	0	0	27	0	0	0	27	0	0	0	125	0	0	0	0	0	0	0	0	0	0	0	0	0	0	0	0	0	0	0	0	0	0	0	0	0	0	54	0	0	0	0	0	0	0	0
31	20	23	18	50	9	4	0	0	14	18	50	10	0	58	0	41	45	100	329	0	0	0	0	0	0	0	0	0	0	0	0	0	0	233	0	0	50	0	0	37	0	0	0	0	0	0	0	58	0	0	0	100	329	0	0	0	0	0	0	0	0	0	0	0	0	0	0	176	0	0	0	0	0	0	0	0	0	0	0	0	0	0	0	0	0	0	233	0	0	0	0	0	0	0	0	0	0	0	0	0	0	0	0	0	0	0	0	0	0	0	0	0	0	329	0	0	0	0	0	0	0	0	0	0	0	0	0	0	166	0	0	0	0	0	0	0	0	0	0	0	0	0	0	0	0	0	0	176	0	0	0	0	0	0	0	0	0	0	0	0	0	0	0	0	0	0	0	0	0	0	0	0	0	0	233	0	0	0	0	0	0	0	0	0	0	0	0	0	0	0	0	0	0	0	0	0	0	0	0	0	0	0	0	0	0	0	0	0	0	0
22	14	14	12	20	6	1	0	0	10	12	20	3	0	21	0	28	18	40	142	0	0	0	0	0	0	0	0	0	0	0	0	0	0	108	0	0	20	0	0	7	0	0	0	0	0	0	0	21	0	0	0	40	142	0	0	0	0	0	0	0	0	0	0	0	0	0	0	98	0	0	0	0	0	0	0	0	0	0	0	0	0	0	0	0	0	0	108	0	0	0	0	0	0	0	0	0	0	0	0	0	0	0	0	0	0	0	0	0	0	0	0	0	0	142	0	0	0	0	0	0	0	0	0	0	0	0	0	0	98	0	0	0	0	0	0	0	0	0	0	0	0	0	0	0	0	0	0	98	0	0	0	0	0	0	0	0	0	0	0	0	0	0	0	0	0	0	0	0	0	0	0	0	0	0	108	0	0	0	0	0	0	0	0	0	0	0	0	0	0	0	0	0	0	0	0	0	0	0	0	0	0	0	0	0	0	0	0	0	0	0
35	16	20	48	161	0	0	0	130	0	0	161	0	0	97	202	0	0	483	99	0	0	0	93	0	0	130	0	0	85	120	0	0	390	72	0	0	0	0	0	0	67	0	0	0	190	0	0	0	202	0	0	0	99	0	0	0	93	0	0	93	0	0	44	120	0	0	279	72	0	0	0	0	0	0	67	0	0	0	144	0	0	0	120	0	0	0	72	0	0	0	0	0	0	0	0	0	0	0	0	0	0	67	0	0	0	190	0	0	0	0	0	0	0	0	0	0	0	93	0	0	93	0	0	44	120	0	0	279	72	0	0	0	0	0	0	67	0	0	0	97	0	0	0	120	0	0	0	72	0	0	0	0	0	0	0	0	0	0	0	0	0	0	67	0	0	0	144	0	0	0	0	0	0	0	0	0	0	0	0	0	0	0	0	0	0	0	0	0	0	0	0	0	0	0	0	0	0	0	0	0	0	0	0	0	0	0	0	0	0	0
18	8	14	16	35	0	0	0	15	0	0	35	0	0	8	14	0	0	70	119	0	0	0	15	0	0	15	0	0	8	14	0	0	30	72	0	0	0	0	0	0	0	0	0	0	0	0	0	0	14	0	0	0	119	0	0	0	15	0	0	15	0	0	8	14	0	0	30	72	0	0	0	0	0	0	0	0	0	0	0	0	0	0	14	0	0	0	72	0	0	0	0	0	0	0	0	0	0	0	0	0	0	0	0	0	0	0	0	0	0	0	0	0	0	0	0	0	0	15	0	0	15	0	0	8	14	0	0	30	72	0	0	0	0	0	0	0	0	0	0	0	0	0	0	14	0	0	0	72	0	0	0	0	0	0	0	0	0	0	0	0	0	0	0	0	0	0	0	0	0	0	0	0	0	0	0	0	0	0	0	0	0	0	0	0	0	0	0	0	0	0	0	0	0	0	0	0	0	0	0	0	0	0	0	0	0	0	0	0	0	0
20	8	14	32	42	0	0	0	14	0	0	42	0	0	30	49	0	0	168	149	0	0	0	0	0	0	14	0	0	21	0	0	0	56	72	0	0	0	0	0	0	0	0	0	0	53	0	0	0	49	0	0	0	149	0	0	0	0	0	0	0	0	0	0	0	0	0	0	72	0	0	0	0	0	0	0	0	0	0	36	0	0	0	0	0	0	0	72	0	0	0	0	0	0	0	0	0	0	0	0	0	0	0	0	0	0	53	0	0	0	0	0	0	0	0	0	0	0	0	0	0	0	0	0	0	0	0	0	0	72	0	0	0	0	0	0	0	0	0	0	29	0	0	0	0	0	0	0	72	0	0	0	0	0	0	0	0	0	0	0	0	0	0	0	0	0	0	36	0	0	0	0	0	0	0	0	0	0	0	0	0	0	0	0	0	0	0	0	0	0	0	0	0	0	0	0	0	0	0	0	0	0	0	0	0	0	0	0	0	0	0
17	6	12	30	21	0	0	0	7	0	0	21	0	0	18	14	0	0	105	99	0	0	0	0	0	0	7	0	0	14	0	0	0	35	72	0	0	0	0	0	0	0	0	0	0	26	0	0	0	14	0	0	0	99	0	0	0	0	0	0	0	0	0	0	0	0	0	0	72	0	0	0	0	0	0	0	0	0	0	17	0	0	0	0	0	0	0	72	0	0	0	0	0	0	0	0	0	0	0	0	0	0	0	0	0	0	26	0	0	0	0	0	0	0	0	0	0	0	0	0	0	0	0	0	0	0	0	0	0	72	0	0	0	0	0	0	0	0	0	0	10	0	0	0	0	0	0	0	72	0	0	0	0	0	0	0	0	0	0	0	0	0	0	0	0	0	0	17	0	0	0	0	0	0	0	0	0	0	0	0	0	0	0	0	0	0	0	0	0	0	0	0	0	0	0	0	0	0	0	0	0	0	0	0	0	0	0	0	0	0	0
17	8	15	8	39	0	0	0	7	0	0	39	0	0	12	35	0	0	39	169	0	0	0	0	0	0	7	0	0	7	0	0	0	7	72	0	0	0	0	0	0	0	0	0	0	27	0	0	0	35	0	0	0	169	0	0	0	0	0	0	0	0	0	0	0	0	0	0	72	0	0	0	0	0	0	0	0	0	0	19	0	0	0	0	0	0	0	72	0	0	0	0	0	0	0	0	0	0	0	0	0	0	0	0	0	0	27	0	0	0	0	0	0	0	0	0	0	0	0	0	0	0	0	0	0	0	0	0	0	72	0	0	0	0	0	0	0	0	0	0	19	0	0	0	0	0	0	0	72	0	0	0	0	0	0	0	0	0	0	0	0	0	0	0	0	0	0	19	0	0	0	0	0	0	0	0	0	0	0	0	0	0	0	0	0	0	0	0	0	0	0	0	0	0	0	0	0	0	0	0	0	0	0	0	0	0	0	0	0	0	0
16	0	0	0	157	0	0	0	110	0	0	0	0	0	0	109	0	0	0	259	0	0	0	100	0	0	0	0	0	0	85	0	0	0	166	0	0	0	0	0	0	93	0	0	0	0	0	0	0	0	0	0	0	0	0	0	0	63	0	0	0	0	0	0	23	0	0	0	108	0	0	0	0	0	0	20	0	0	0	0	0	0	0	0	0	0	0	0	0	0	0	0	0	0	75	0	0	0	190	0	0	0	0	0	0	0	0	0	0	0	0	0	0	0	0	0	0	0	62	0	0	0	0	0	0	23	0	0	0	108	0	0	0	0	0	0	20	0	0	0	0	0	0	0	0	0	0	0	0	0	0	0	0	0	0	73	0	0	0	144	0	0	0	0	0	0	0	0	0	0	0	0	0	0	0	0	0	0	0	0	0	0	7	0	0	0	0	0	0	0	0	0	0	0	0	0	0	0	0	0	0	0	0	0	0	0	0	0	0	0	0
13	0	0	0	94	0	0	0	45	0	0	0	0	0	0	29	0	0	0	298	0	0	0	45	0	0	0	0	0	0	29	0	0	0	173	0	0	0	0	0	0	0	0	0	0	0	0	0	0	0	0	0	0	0	0	0	0	45	0	0	0	0	0	0	29	0	0	0	108	0	0	0	0	0	0	0	0	0	0	0	0	0	0	0	0	0	0	0	0	0	0	0	0	0	0	0	0	0	0	0	0	0	0	0	0	0	0	0	0	0	0	0	0	0	0	0	0	0	45	0	0	0	0	0	0	29	0	0	0	108	0	0	0	0	0	0	0	0	0	0	0	0	0	0	0	0	0	0	0	0	0	0	0	0	0	0	0	0	0	0	0	0	0	0	0	0	0	0	0	0	0	0	0	0	0	0	0	0	0	0	0	0	0	0	0	0	0	0	0	0	0	0	0	0	0	0	0	0	0	0	0	0	0	0	0	0	0	0	0	0	0
8	0	0	0	37	0	0	0	31	0	0	0	0	0	0	0	0	0	0	21	0	0	0	31	0	0	0	0	0	0	0	0	0	0	7	0	0	0	0	0	0	0	0	0	0	0	0	0	0	0	0	0	0	0	0	0	0	28	0	0	0	0	0	0	0	0	0	0	0	0	0	0	0	0	0	0	0	0	0	0	0	0	0	0	0	0	0	0	0	0	0	0	0	0	23	0	0	0	0	0	0	0	0	0	0	0	0	0	0	0	0	0	0	0	0	0	0	0	26	0	0	0	0	0	0	0	0	0	0	0	0	0	0	0	0	0	0	0	0	0	0	0	0	0	0	0	0	0	0	0	0	0	0	0	0	20	0	0	0	0	0	0	0	0	0	0	0	0	0	0	0	0	0	0	0	0	0	0	0	0	0	0	13	0	0	0	0	0	0	0	0	0	0	0	0	0	0	0	0	0	0	0	0	0	0	0	0	0	0	0	0
9	0	0	0	52	0	0	0	19	0	0	0	0	0	0	27	0	0	0	224	0	0	0	17	0	0	0	0	0	0	21	0	0	0	151	0	0	0	0	0	0	14	0	0	0	0	0	0	0	0	0	0	0	0	0	0	0	8	0	0	0	0	0	0	0	0	0	0	93	0	0	0	0	0	0	0	0	0	0	0	0	0	0	0	0	0	0	0	0	0	0	0	0	0	16	0	0	0	26	0	0	0	0	0	0	0	0	0	0	0	0	0	0	0	0	0	0	0	7	0	0	0	0	0	0	0	0	0	0	93	0	0	0	0	0	0	0	0	0	0	0	0	0	0	0	0	0	0	0	0	0	0	0	0	0	14	0	0	0	17	0	0	0	0	0	0	0	0	0	0	0	0	0	0	0	0	0	0	0	0	0	0	7	0	0	0	0	0	0	0	0	0	0	0	0	0	0	0	0	0	0	0	0	0	0	0	0	0	0	0	0
6	0	0	0	14	0	0	0	0	0	0	0	0	0	0	0	0	0	0	63	0	0	0	0	0	0	0	0	0	0	0	0	0	0	21	0	0	0	0	0	0	0	0	0	0	0	0	0	0	0	0	0	0	0	0	0	0	0	0	0	0	0	0	0	0	0	0	0	0	0	0	0	0	0	0	0	0	0	0	0	0	0	0	0	0	0	0	0	0	0	0	0	0	0	0	0	0	0	0	0	0	0	0	0	0	0	0	0	0	0	0	0	0	0	0	0	0	0	0	0	0	0	0	0	0	0	0	0	0	0	0	0	0	0	0	0	0	0	0	0	0	0	0	0	0	0	0	0	0	0	0	0	0	0	0	0	0	0	0	0	0	0	0	0	0	0	0	0	0	0	0	0	0	0	0	0	0	0	0	0	0	0	0	0	0	0	0	0	0	0	0	0	0	0	0	0	0	0	0	0	0	0	0	0	0	0	0	0	0	0	0
