158	153	27	7	0	148	11	4	0	27	7	0	10	0	0	0	75	23	0	0	143	11	4	0	11	4	0	10	0	0	0	33	20	0	0	27	7	0	5	0	0	0	11	0	0	0	10	0	0	0	75	23	0	0	138	10	4	0	11	4	0	10	0	0	0	33	20	0	0	11	4	0	0	0	0	0	0	0	0	0	10	0	0	0	33	20	0	0	27	7	0	5	0	0	0	15	4	0	0	5	0	0	0	11	0	0	0	10	0	0	0	75	23	0	0	133	9	4	0	10	4	0	9	0	0	0	31	20	0	0	11	4	0	0	0	0	0	0	0	0	0	10	0	0	0	33	20	0	0	11	4	0	0	0	0	0	3	4	0	0	0	0	0	0	0	0	0	0	10	0	0	0	33	20	0	0	27	7	0	0	0	0	0	7	4	0	0	5	0	0	0	15	4	0	0	5	0	0	0	11	0	0	0	10	0	0	0	75	23	0	0
225	218	45	14	0	211	24	6	0	45	14	0	20	0	0	0	123	42	0	0	204	24	6	0	24	6	0	20	0	0	0	67	30	0	0	45	14	0	9	0	0	0	16	0	0	0	20	0	0	0	123	42	0	0	197	22	6	0	24	6	0	20	0	0	0	67	30	0	0	24	6	0	2	0	0	0	1	0	0	0	20	0	0	0	67	30	0	0	45	14	0	7	0	0	0	18	10	0	0	9	0	0	0	16	0	0	0	20	0	0	0	123	42	0	0	190	21	6	0	22	6	0	19	0	0	0	65	30	0	0	24	6	0	2	0	0	0	1	0	0	0	20	0	0	0	67	30	0	0	24	6	0	2	0	0	0	4	6	0	0	2	0	0	0	1	0	0	0	20	0	0	0	67	30	0	0	45	14	0	6	0	0	0	16	6	0	0	7	0	0	0	18	10	0	0	9	0	0	0	16	0	0	0	20	0	0	0	123	42	0	0
376	363	69	63	0	350	34	42	0	69	63	0	26	63	0	0	182	167	0	0	337	32	42	0	34	42	0	20	63	0	0	96	119	0	0	69	63	0	14	0	0	0	27	8	0	0	26	63	0	0	182	167	0	0	324	29	42	0	32	42	0	18	63	0	0	91	119	0	0	34	42	0	4	0	0	0	7	0	0	0	20	63	0	0	96	119	0	0	69	63	0	15	0	0	0	25	18	0	0	14	0	0	0	27	8	0	0	26	63	0	0	182	167	0	0	311	24	42	0	29	42	0	17	63	0	0	89	119	0	0	32	42	0	4	0	0	0	7	0	0	0	18	63	0	0	91	119	0	0	34	42	0	2	0	0	0	6	7	0	0	4	0	0	0	7	0	0	0	20	63	0	0	96	119	0	0	69	63	0	13	0	0	0	32	50	0	0	15	0	0	0	25	18	0	0	14	0	0	0	27	8	0	0	26	63	0	0	182	167	0	0
324	314	62	29	0	304	32	9	0	62	29	0	29	0	0	0	152	105	0	0	294	30	9	0	32	9	0	23	0	0	0	77	45	0	0	62	29	0	16	0	0	0	20	8	0	0	29	0	0	0	152	105	0	0	284	26	9	0	30	9	0	21	0	0	0	72	45	0	0	32	9	0	2	0	0	0	1	0	0	0	23	0	0	0	77	45	0	0	62	29	0	7	0	0	0	16	21	0	0	16	0	0	0	20	8	0	0	29	0	0	0	152	105	0	0	274	25	9	0	26	9	0	20	0	0	0	70	45	0	0	30	9	0	2	0	0	0	1	0	0	0	21	0	0	0	72	45	0	0	32	9	0	2	0	0	0	4	9	0	0	2	0	0	0	1	0	0	0	23	0	0	0	77	45	0	0	62	29	0	6	0	0	0	16	9	0	0	7	0	0	0	16	21	0	0	16	0	0	0	20	8	0	0	29	0	0	0	152	105	0	0
375	361	70	78	0	347	28	60	0	70	78	0	28	57	0	0	174	224	0	0	333	25	59	0	28	60	0	17	54	0	0	71	184	0	0	70	78	0	15	9	0	0	35	16	0	0	28	57	0	0	174	224	0	0	319	21	57	0	25	59	0	15	54	0	0	61	184	0	0	28	60	0	1	9	0	0	3	9	0	0	17	54	0	0	71	184	0	0	70	78	0	13	14	0	0	24	16	0	0	15	9	0	0	35	16	0	0	28	57	0	0	174	224	0	0	305	16	51	0	21	57	0	14	48	0	0	59	174	0	0	25	59	0	1	9	0	0	3	9	0	0	15	54	0	0	61	184	0	0	28	60	0	0	14	0	0	5	7	0	0	1	9	0	0	3	9	0	0	17	54	0	0	71	184	0	0	70	78	0	0	42	0	0	14	35	0	0	13	14	0	0	24	16	0	0	15	9	0	0	35	16	0	0	28	57	0	0	174	224	0	0
353	342	53	19	18	331	35	10	0	53	19	18	29	0	0	0	129	39	18	0	320	32	10	0	35	10	0	22	0	0	0	84	30	0	0	53	19	18	11	0	0	0	10	9	0	0	29	0	0	0	129	39	18	0	309	29	10	0	32	10	0	20	0	0	0	79	30	0	0	35	10	0	2	0	0	0	2	0	0	0	22	0	0	0	84	30	0	0	53	19	18	2	0	0	0	5	0	0	0	11	0	0	0	10	9	0	0	29	0	0	0	129	39	18	0	298	29	10	0	29	10	0	20	0	0	0	79	30	0	0	32	10	0	2	0	0	0	2	0	0	0	20	0	0	0	79	30	0	0	35	10	0	2	0	0	0	5	0	0	0	2	0	0	0	2	0	0	0	22	0	0	0	84	30	0	0	53	19	18	9	0	0	0	24	0	0	0	2	0	0	0	5	0	0	0	11	0	0	0	10	9	0	0	29	0	0	0	129	39	18	0
472	456	75	90	15	440	44	70	0	75	90	15	38	46	0	0	169	193	30	0	424	40	67	0	44	70	0	26	44	0	0	101	134	0	0	75	90	15	10	27	0	0	17	16	0	0	38	46	0	0	169	193	30	0	408	38	59	0	40	67	0	24	44	0	0	96	132	0	0	44	70	0	3	11	0	0	7	0	0	0	26	44	0	0	101	134	0	0	75	90	15	10	0	0	0	10	0	15	0	10	27	0	0	17	16	0	0	38	46	0	0	169	193	30	0	392	34	59	0	38	59	0	24	44	0	0	96	132	0	0	40	67	0	3	11	0	0	7	0	0	0	24	44	0	0	96	132	0	0	44	70	0	2	0	0	0	6	0	0	0	3	11	0	0	7	0	0	0	26	44	0	0	101	134	0	0	75	90	15	13	0	0	0	28	56	0	0	10	0	0	0	10	0	15	0	10	27	0	0	17	16	0	0	38	46	0	0	169	193	30	0
456	441	65	80	11	426	36	50	0	65	80	11	27	75	0	0	118	158	33	0	411	34	33	0	36	50	0	21	27	0	0	71	87	0	0	65	80	11	8	21	0	0	11	14	22	0	27	75	0	0	118	158	33	0	396	32	26	0	34	33	0	21	13	0	0	71	52	0	0	36	50	0	2	0	0	0	1	0	0	0	21	27	0	0	71	87	0	0	65	80	11	2	0	0	0	3	0	11	0	8	21	0	0	11	14	22	0	27	75	0	0	118	158	33	0	381	32	26	0	32	26	0	21	13	0	0	71	52	0	0	34	33	0	2	0	0	0	1	0	0	0	21	13	0	0	71	52	0	0	36	50	0	2	0	0	0	3	0	0	0	2	0	0	0	1	0	0	0	21	27	0	0	71	87	0	0	65	80	11	6	0	0	0	15	0	0	0	2	0	0	0	3	0	11	0	8	21	0	0	11	14	22	0	27	75	0	0	118	158	33	0
356	345	51	34	7	334	31	10	0	51	34	7	27	0	0	0	97	54	28	0	323	27	6	0	31	10	0	15	0	0	0	59	0	0	0	51	34	7	7	24	0	0	8	12	0	0	27	0	0	0	97	54	28	0	312	25	0	0	27	6	0	13	0	0	0	54	0	0	0	31	10	0	2	0	0	0	1	0	0	0	15	0	0	0	59	0	0	0	51	34	7	2	0	0	0	2	0	7	0	7	24	0	0	8	12	0	0	27	0	0	0	97	54	28	0	301	25	0	0	25	0	0	13	0	0	0	54	0	0	0	27	6	0	2	0	0	0	1	0	0	0	13	0	0	0	54	0	0	0	31	10	0	2	0	0	0	2	0	0	0	2	0	0	0	1	0	0	0	15	0	0	0	59	0	0	0	51	34	7	6	0	0	0	10	0	0	0	2	0	0	0	2	0	7	0	7	24	0	0	8	12	0	0	27	0	0	0	97	54	28	0
375	363	46	45	4	351	21	20	0	46	45	4	19	0	0	0	74	80	20	0	339	17	20	0	21	20	0	7	0	0	0	32	10	0	0	46	45	4	10	0	0	0	7	10	0	0	19	0	0	0	74	80	20	0	327	14	20	0	17	20	0	5	0	0	0	27	10	0	0	21	20	0	1	0	0	0	0	0	0	0	7	0	0	0	32	10	0	0	46	45	4	0	0	0	0	1	0	0	0	10	0	0	0	7	10	0	0	19	0	0	0	74	80	20	0	315	14	20	0	14	20	0	5	0	0	0	27	10	0	0	17	20	0	1	0	0	0	0	0	0	0	5	0	0	0	27	10	0	0	21	20	0	0	0	0	0	1	0	0	0	1	0	0	0	0	0	0	0	7	0	0	0	32	10	0	0	46	45	4	0	0	0	0	5	0	0	0	0	0	0	0	1	0	0	0	10	0	0	0	7	10	0	0	19	0	0	0	74	80	20	0
417	403	43	54	35	389	23	44	0	43	54	35	14	9	14	0	51	51	35	55	375	19	35	0	23	44	0	7	0	0	0	24	33	0	0	43	54	35	1	0	21	0	0	0	35	0	14	9	14	0	51	51	35	55	361	19	35	0	19	35	0	7	0	0	0	24	33	0	0	23	44	0	1	0	0	0	0	0	0	0	7	0	0	0	24	33	0	0	43	54	35	0	0	0	0	0	0	0	0	1	0	21	0	0	0	35	0	14	9	14	0	51	51	35	55	347	19	35	0	19	35	0	7	0	0	0	24	33	0	0	19	35	0	1	0	0	0	0	0	0	0	7	0	0	0	24	33	0	0	23	44	0	0	0	0	0	0	0	0	0	1	0	0	0	0	0	0	0	7	0	0	0	24	33	0	0	43	54	35	0	0	0	0	4	0	0	0	0	0	0	0	0	0	0	0	1	0	21	0	0	0	35	0	14	9	14	0	51	51	35	55
441	427	40	53	26	413	23	8	0	40	53	26	10	40	14	0	44	48	130	37	399	19	0	0	23	8	0	7	0	0	0	28	0	0	0	40	53	26	1	0	21	0	0	0	26	0	10	40	14	0	44	48	130	37	385	19	0	0	19	0	0	7	0	0	0	28	0	0	0	23	8	0	1	0	0	0	0	0	0	0	7	0	0	0	28	0	0	0	40	53	26	0	0	0	0	0	0	0	0	1	0	21	0	0	0	26	0	10	40	14	0	44	48	130	37	371	19	0	0	19	0	0	7	0	0	0	28	0	0	0	19	0	0	1	0	0	0	0	0	0	0	7	0	0	0	28	0	0	0	23	8	0	0	0	0	0	0	0	0	0	1	0	0	0	0	0	0	0	7	0	0	0	28	0	0	0	40	53	26	0	0	0	0	4	0	0	0	0	0	0	0	0	0	0	0	1	0	21	0	0	0	26	0	10	40	14	0	44	48	130	37
286	277	26	14	18	268	11	0	0	26	14	18	9	0	14	0	27	7	36	22	259	7	0	0	11	0	0	1	0	0	0	8	0	0	0	26	14	18	0	0	13	0	0	0	0	0	9	0	14	0	27	7	36	22	250	7	0	0	7	0	0	1	0	0	0	8	0	0	0	11	0	0	0	0	0	0	0	0	0	0	1	0	0	0	8	0	0	0	26	14	18	0	0	0	0	0	0	0	0	0	0	13	0	0	0	0	0	9	0	14	0	27	7	36	22	241	7	0	0	7	0	0	1	0	0	0	8	0	0	0	7	0	0	0	0	0	0	0	0	0	0	1	0	0	0	8	0	0	0	11	0	0	0	0	0	0	0	0	0	0	0	0	0	0	0	0	0	0	1	0	0	0	8	0	0	0	26	14	18	0	0	0	0	0	0	0	0	0	0	0	0	0	0	0	0	0	0	13	0	0	0	0	0	9	0	14	0	27	7	36	22
223	216	21	6	11	209	8	0	0	21	6	11	6	0	0	0	19	0	11	11	202	5	0	0	8	0	0	0	0	0	0	4	0	0	0	21	6	11	0	0	6	0	0	0	0	0	6	0	0	0	19	0	11	11	195	5	0	0	5	0	0	0	0	0	0	4	0	0	0	8	0	0	0	0	0	0	0	0	0	0	0	0	0	0	4	0	0	0	21	6	11	0	0	0	0	0	0	0	0	0	0	6	0	0	0	0	0	6	0	0	0	19	0	11	11	188	5	0	0	5	0	0	0	0	0	0	4	0	0	0	5	0	0	0	0	0	0	0	0	0	0	0	0	0	0	4	0	0	0	8	0	0	0	0	0	0	0	0	0	0	0	0	0	0	0	0	0	0	0	0	0	0	4	0	0	0	21	6	11	0	0	0	0	0	0	0	0	0	0	0	0	0	0	0	0	0	0	6	0	0	0	0	0	6	0	0	0	19	0	11	11
315	305	25	25	5	295	10	0	0	25	25	5	6	0	0	0	19	30	25	4	285	8	0	0	10	0	0	0	0	0	0	8	0	0	0	25	25	5	0	0	0	0	0	0	0	0	6	0	0	0	19	30	25	4	275	8	0	0	8	0	0	0	0	0	0	8	0	0	0	10	0	0	0	0	0	0	0	0	0	0	0	0	0	0	8	0	0	0	25	25	5	0	0	0	0	0	0	0	0	0	0	0	0	0	0	0	0	6	0	0	0	19	30	25	4	265	8	0	0	8	0	0	0	0	0	0	8	0	0	0	8	0	0	0	0	0	0	0	0	0	0	0	0	0	0	8	0	0	0	10	0	0	0	0	0	0	0	0	0	0	0	0	0	0	0	0	0	0	0	0	0	0	8	0	0	0	25	25	5	0	0	0	0	0	0	0	0	0	0	0	0	0	0	0	0	0	0	0	0	0	0	0	0	6	0	0	0	19	30	25	4
295	285	20	27	23	275	10	9	7	20	27	23	4	0	18	21	20	42	69	31	265	10	9	0	10	9	7	4	0	7	0	12	36	21	0	20	27	23	0	0	0	0	3	0	0	11	4	0	18	21	20	42	69	31	255	10	9	0	10	9	0	4	0	0	0	12	36	0	0	10	9	7	0	0	0	0	0	0	0	0	4	0	7	0	12	36	21	0	20	27	23	0	0	0	0	1	0	0	0	0	0	0	0	3	0	0	11	4	0	18	21	20	42	69	31	245	10	9	0	10	9	0	4	0	0	0	12	36	0	0	10	9	0	0	0	0	0	0	0	0	0	4	0	0	0	12	36	0	0	10	9	7	0	0	0	0	0	0	0	0	0	0	0	0	0	0	0	0	4	0	7	0	12	36	21	0	20	27	23	0	0	0	0	0	0	0	0	0	0	0	0	1	0	0	0	0	0	0	0	3	0	0	11	4	0	18	21	20	42	69	31
320	309	22	33	32	298	14	19	7	22	33	32	4	0	27	21	21	7	64	66	287	14	19	0	14	19	7	4	0	7	0	19	0	14	0	22	33	32	0	0	0	0	0	0	0	11	4	0	27	21	21	7	64	66	276	14	19	0	14	19	0	4	0	0	0	19	0	0	0	14	19	7	0	0	0	0	0	0	0	0	4	0	7	0	19	0	14	0	22	33	32	0	0	0	0	1	0	0	0	0	0	0	0	0	0	0	11	4	0	27	21	21	7	64	66	265	14	19	0	14	19	0	4	0	0	0	19	0	0	0	14	19	0	0	0	0	0	0	0	0	0	4	0	0	0	19	0	0	0	14	19	7	0	0	0	0	0	0	0	0	0	0	0	0	0	0	0	0	4	0	7	0	19	0	14	0	22	33	32	0	0	0	0	0	0	0	0	0	0	0	0	1	0	0	0	0	0	0	0	0	0	0	11	4	0	27	21	21	7	64	66
186	180	2	0	26	174	0	0	0	2	0	26	0	0	8	0	0	0	0	60	168	0	0	0	0	0	0	0	0	0	0	0	0	0	0	2	0	26	0	0	0	0	0	0	0	0	0	0	8	0	0	0	0	60	162	0	0	0	0	0	0	0	0	0	0	0	0	0	0	0	0	0	0	0	0	0	0	0	0	0	0	0	0	0	0	0	0	0	2	0	26	0	0	0	0	0	0	0	0	0	0	0	0	0	0	0	0	0	0	8	0	0	0	0	60	156	0	0	0	0	0	0	0	0	0	0	0	0	0	0	0	0	0	0	0	0	0	0	0	0	0	0	0	0	0	0	0	0	0	0	0	0	0	0	0	0	0	0	0	0	0	0	0	0	0	0	0	0	0	0	0	0	0	0	0	0	2	0	26	0	0	0	0	0	0	0	0	0	0	0	0	0	0	0	0	0	0	0	0	0	0	0	0	0	0	8	0	0	0	0	60
247	239	13	7	20	231	7	0	0	13	7	20	2	0	8	0	10	0	20	49	223	7	0	0	7	0	0	2	0	0	0	8	0	0	0	13	7	20	0	0	0	0	0	0	0	0	2	0	8	0	10	0	20	49	215	7	0	0	7	0	0	2	0	0	0	8	0	0	0	7	0	0	0	0	0	0	0	0	0	0	2	0	0	0	8	0	0	0	13	7	20	0	0	0	0	0	0	0	0	0	0	0	0	0	0	0	0	2	0	8	0	10	0	20	49	207	7	0	0	7	0	0	2	0	0	0	8	0	0	0	7	0	0	0	0	0	0	0	0	0	0	2	0	0	0	8	0	0	0	7	0	0	0	0	0	0	0	0	0	0	0	0	0	0	0	0	0	0	2	0	0	0	8	0	0	0	13	7	20	0	0	0	0	0	0	0	0	0	0	0	0	0	0	0	0	0	0	0	0	0	0	0	0	2	0	8	0	10	0	20	49
186	180	10	0	13	174	3	0	0	10	0	13	0	0	8	0	6	0	0	31	168	3	0	0	3	0	0	0	0	0	0	4	0	0	0	10	0	13	0	0	0	0	0	0	0	0	0	0	8	0	6	0	0	31	162	3	0	0	3	0	0	0	0	0	0	4	0	0	0	3	0	0	0	0	0	0	0	0	0	0	0	0	0	0	4	0	0	0	10	0	13	0	0	0	0	0	0	0	0	0	0	0	0	0	0	0	0	0	0	8	0	6	0	0	31	156	3	0	0	3	0	0	0	0	0	0	4	0	0	0	3	0	0	0	0	0	0	0	0	0	0	0	0	0	0	4	0	0	0	3	0	0	0	0	0	0	0	0	0	0	0	0	0	0	0	0	0	0	0	0	0	0	4	0	0	0	10	0	13	0	0	0	0	0	0	0	0	0	0	0	0	0	0	0	0	0	0	0	0	0	0	0	0	0	0	8	0	6	0	0	31
380	366	22	45	75	352	17	43	47	22	45	75	6	22	0	69	34	44	0	75	338	17	43	21	17	43	47	6	22	0	14	27	44	0	14	22	45	75	1	0	0	61	3	0	0	61	6	22	0	69	34	44	0	75	324	17	43	0	17	43	21	6	22	0	0	27	44	0	0	17	43	47	1	0	0	0	0	0	0	0	6	22	0	14	27	44	0	14	22	45	75	0	0	0	0	1	0	0	33	1	0	0	61	3	0	0	61	6	22	0	69	34	44	0	75	310	17	43	0	17	43	0	6	22	0	0	27	44	0	0	17	43	21	1	0	0	0	0	0	0	0	6	22	0	0	27	44	0	0	17	43	47	0	0	0	0	0	0	0	0	1	0	0	0	0	0	0	0	6	22	0	14	27	44	0	14	22	45	75	0	0	0	0	4	0	0	0	0	0	0	0	1	0	0	33	1	0	0	61	3	0	0	61	6	22	0	69	34	44	0	75
246	237	27	21	13	228	13	14	0	27	21	13	6	7	0	0	40	34	13	55	219	13	14	0	13	14	0	6	7	0	0	24	28	0	14	27	21	13	2	0	0	0	3	0	0	0	6	7	0	0	40	34	13	55	210	12	14	0	13	14	0	6	7	0	0	24	28	0	0	13	14	0	1	0	0	0	0	0	0	0	6	7	0	0	24	28	0	14	27	21	13	0	0	0	0	3	6	0	0	2	0	0	0	3	0	0	0	6	7	0	0	40	34	13	55	201	12	14	0	12	14	0	6	7	0	0	20	28	0	0	13	14	0	1	0	0	0	0	0	0	0	6	7	0	0	24	28	0	0	13	14	0	0	0	0	0	1	0	0	0	1	0	0	0	0	0	0	0	6	7	0	0	24	28	0	14	27	21	13	0	0	0	0	1	0	0	0	0	0	0	0	3	6	0	0	2	0	0	0	3	0	0	0	6	7	0	0	40	34	13	55
150	145	21	0	6	140	11	0	0	21	0	6	7	0	0	0	35	0	0	23	135	11	0	0	11	0	0	7	0	0	0	24	0	0	7	21	0	6	1	0	0	0	0	0	0	0	7	0	0	0	35	0	0	23	130	11	0	0	11	0	0	7	0	0	0	24	0	0	0	11	0	0	1	0	0	0	0	0	0	0	7	0	0	0	24	0	0	7	21	0	6	0	0	0	0	4	0	0	0	1	0	0	0	0	0	0	0	7	0	0	0	35	0	0	23	125	11	0	0	11	0	0	7	0	0	0	24	0	0	0	11	0	0	1	0	0	0	0	0	0	0	7	0	0	0	24	0	0	0	11	0	0	0	0	0	0	1	0	0	0	1	0	0	0	0	0	0	0	7	0	0	0	24	0	0	7	21	0	6	0	0	0	0	1	0	0	0	0	0	0	0	4	0	0	0	1	0	0	0	0	0	0	0	7	0	0	0	35	0	0	23
206	199	30	12	0	192	20	0	0	30	12	0	15	0	0	0	59	12	0	0	185	20	0	0	20	0	0	15	0	0	0	52	0	0	0	30	12	0	8	0	0	0	5	0	0	0	15	0	0	0	59	12	0	0	178	19	0	0	20	0	0	15	0	0	0	52	0	0	0	20	0	0	7	0	0	0	5	0	0	0	15	0	0	0	52	0	0	0	30	12	0	8	0	0	0	11	3	0	0	8	0	0	0	5	0	0	0	15	0	0	0	59	12	0	0	171	19	0	0	19	0	0	15	0	0	0	48	0	0	0	20	0	0	7	0	0	0	5	0	0	0	15	0	0	0	52	0	0	0	20	0	0	8	0	0	0	9	0	0	0	7	0	0	0	5	0	0	0	15	0	0	0	52	0	0	0	30	12	0	0	0	0	0	8	0	0	0	8	0	0	0	11	3	0	0	8	0	0	0	5	0	0	0	15	0	0	0	59	12	0	0
311	299	45	52	0	287	22	33	0	45	52	0	14	34	0	0	86	121	0	0	275	22	32	0	22	33	0	14	32	0	0	57	96	0	0	45	52	0	12	8	0	0	16	0	0	0	14	34	0	0	86	121	0	0	263	20	32	0	22	32	0	14	32	0	0	57	96	0	0	22	33	0	8	8	0	0	8	0	0	0	14	32	0	0	57	96	0	0	45	52	0	12	0	0	0	15	12	0	0	12	8	0	0	16	0	0	0	14	34	0	0	86	121	0	0	251	19	32	0	20	32	0	13	32	0	0	49	96	0	0	22	32	0	8	8	0	0	8	0	0	0	14	32	0	0	57	96	0	0	22	33	0	9	0	0	0	10	8	0	0	8	8	0	0	8	0	0	0	14	32	0	0	57	96	0	0	45	52	0	3	0	0	0	10	9	0	0	12	0	0	0	15	12	0	0	12	8	0	0	16	0	0	0	14	34	0	0	86	121	0	0
275	265	39	24	12	255	30	17	0	39	24	12	19	0	0	0	80	32	12	13	245	30	16	0	30	17	0	19	0	0	0	76	32	0	0	39	24	12	9	7	0	0	10	0	0	0	19	0	0	0	80	32	12	13	235	30	9	0	30	16	0	19	0	0	0	76	28	0	0	30	17	0	9	0	0	0	10	0	0	0	19	0	0	0	76	32	0	0	39	24	12	9	0	0	0	11	0	12	0	9	7	0	0	10	0	0	0	19	0	0	0	80	32	12	13	225	30	9	0	30	9	0	19	0	0	0	76	0	0	0	30	16	0	9	0	0	0	10	0	0	0	19	0	0	0	76	28	0	0	30	17	0	9	0	0	0	11	0	0	0	9	0	0	0	10	0	0	0	19	0	0	0	76	32	0	0	39	24	12	2	0	0	0	11	0	0	0	9	0	0	0	11	0	12	0	9	7	0	0	10	0	0	0	19	0	0	0	80	32	12	13
220	211	34	21	6	202	21	20	0	34	21	6	16	7	0	0	68	47	0	0	193	21	20	0	21	20	0	16	7	0	0	58	46	0	0	34	21	6	13	0	0	0	12	0	0	0	16	7	0	0	68	47	0	0	184	19	20	0	21	20	0	16	7	0	0	58	46	0	0	21	20	0	9	0	0	0	8	0	0	0	16	7	0	0	58	46	0	0	34	21	6	12	0	0	0	12	6	0	0	13	0	0	0	12	0	0	0	16	7	0	0	68	47	0	0	175	18	20	0	19	20	0	15	7	0	0	50	46	0	0	21	20	0	9	0	0	0	8	0	0	0	16	7	0	0	58	46	0	0	21	20	0	9	0	0	0	10	6	0	0	9	0	0	0	8	0	0	0	16	7	0	0	58	46	0	0	34	21	6	3	0	0	0	12	6	0	0	12	0	0	0	12	6	0	0	13	0	0	0	12	0	0	0	16	7	0	0	68	47	0	0
174	168	26	0	6	162	20	0	0	26	0	6	14	0	0	0	53	0	0	0	156	20	0	0	20	0	0	14	0	0	0	53	0	0	0	26	0	6	8	0	0	0	5	0	0	0	14	0	0	0	53	0	0	0	150	19	0	0	20	0	0	14	0	0	0	53	0	0	0	20	0	0	7	0	0	0	5	0	0	0	14	0	0	0	53	0	0	0	26	0	6	8	0	0	0	9	0	0	0	8	0	0	0	5	0	0	0	14	0	0	0	53	0	0	0	144	19	0	0	19	0	0	14	0	0	0	49	0	0	0	20	0	0	7	0	0	0	5	0	0	0	14	0	0	0	53	0	0	0	20	0	0	8	0	0	0	9	0	0	0	7	0	0	0	5	0	0	0	14	0	0	0	53	0	0	0	26	0	6	0	0	0	0	8	0	0	0	8	0	0	0	9	0	0	0	8	0	0	0	5	0	0	0	14	0	0	0	53	0	0	0
414	396	73	128	6	378	45	101	0	73	128	6	46	81	0	0	173	308	18	0	360	40	95	0	45	101	0	32	81	0	0	120	287	0	0	73	128	6	28	72	0	0	32	54	0	0	46	81	0	0	173	308	18	0	342	32	87	0	40	95	0	28	81	0	0	105	272	0	0	45	101	0	10	54	0	0	12	45	0	0	32	81	0	0	120	287	0	0	73	128	6	15	84	0	0	28	87	0	0	28	72	0	0	32	54	0	0	46	81	0	0	173	308	18	0	324	26	87	0	32	87	0	17	81	0	0	74	249	0	0	40	95	0	8	54	0	0	12	45	0	0	28	81	0	0	105	272	0	0	45	101	0	3	84	0	0	21	87	0	0	10	54	0	0	12	45	0	0	32	81	0	0	120	287	0	0	73	128	6	8	0	0	0	21	78	0	0	15	84	0	0	28	87	0	0	28	72	0	0	32	54	0	0	46	81	0	0	173	308	18	0
227	218	34	24	3	209	25	14	0	34	24	3	18	0	0	0	79	35	6	0	200	25	14	0	25	14	0	18	0	0	0	68	35	0	0	34	24	3	10	0	0	0	15	0	0	0	18	0	0	0	79	35	6	0	191	24	14	0	25	14	0	18	0	0	0	68	35	0	0	25	14	0	9	0	0	0	8	0	0	0	18	0	0	0	68	35	0	0	34	24	3	9	0	0	0	16	0	0	0	10	0	0	0	15	0	0	0	18	0	0	0	79	35	6	0	182	24	14	0	24	14	0	18	0	0	0	64	35	0	0	25	14	0	9	0	0	0	8	0	0	0	18	0	0	0	68	35	0	0	25	14	0	9	0	0	0	11	0	0	0	9	0	0	0	8	0	0	0	18	0	0	0	68	35	0	0	34	24	3	2	0	0	0	13	0	0	0	9	0	0	0	16	0	0	0	10	0	0	0	15	0	0	0	18	0	0	0	79	35	6	0
290	277	58	56	18	264	37	52	0	58	56	18	35	34	0	0	119	148	0	21	251	33	50	0	37	52	0	25	32	0	0	82	142	0	0	58	56	18	12	14	7	0	17	21	0	0	35	34	0	0	119	148	0	21	238	31	49	0	33	50	0	25	32	0	0	72	140	0	0	37	52	0	10	14	0	0	10	21	0	0	25	32	0	0	82	142	0	0	58	56	18	12	10	0	0	25	20	0	0	12	14	7	0	17	21	0	0	35	34	0	0	119	148	0	21	225	28	47	0	31	49	0	19	31	0	0	63	136	0	0	33	50	0	10	14	0	0	10	21	0	0	25	32	0	0	72	140	0	0	37	52	0	9	9	0	0	19	18	0	0	10	14	0	0	10	21	0	0	25	32	0	0	82	142	0	0	58	56	18	4	19	0	0	24	30	0	0	12	10	0	0	25	20	0	0	12	14	7	0	17	21	0	0	35	34	0	0	119	148	0	21
125	120	25	4	11	115	21	4	0	25	4	11	15	0	0	0	64	16	0	9	110	21	4	0	21	4	0	15	0	0	0	54	16	0	0	25	4	11	9	0	0	0	13	0	0	0	15	0	0	0	64	16	0	9	105	21	4	0	21	4	0	15	0	0	0	54	16	0	0	21	4	0	9	0	0	0	8	0	0	0	15	0	0	0	54	16	0	0	25	4	11	10	0	0	0	14	0	0	0	9	0	0	0	13	0	0	0	15	0	0	0	64	16	0	9	100	21	4	0	21	4	0	15	0	0	0	54	16	0	0	21	4	0	9	0	0	0	8	0	0	0	15	0	0	0	54	16	0	0	21	4	0	10	0	0	0	11	0	0	0	9	0	0	0	8	0	0	0	15	0	0	0	54	16	0	0	25	4	11	3	0	0	0	13	0	0	0	10	0	0	0	14	0	0	0	9	0	0	0	13	0	0	0	15	0	0	0	64	16	0	9
192	183	42	26	6	174	29	24	0	42	26	6	26	13	0	0	89	50	0	6	165	29	23	0	29	24	0	26	12	0	0	72	47	0	0	42	26	6	13	6	0	0	20	0	0	0	26	13	0	0	89	50	0	6	156	27	22	0	29	23	0	26	12	0	0	72	47	0	0	29	24	0	11	6	0	0	13	0	0	0	26	12	0	0	72	47	0	0	42	26	6	12	5	0	0	17	10	0	0	13	6	0	0	20	0	0	0	26	13	0	0	89	50	0	6	147	24	21	0	27	22	0	20	11	0	0	63	43	0	0	29	23	0	11	6	0	0	13	0	0	0	26	12	0	0	72	47	0	0	29	24	0	9	5	0	0	13	10	0	0	11	6	0	0	13	0	0	0	26	12	0	0	72	47	0	0	42	26	6	4	5	0	0	14	15	0	0	12	5	0	0	17	10	0	0	13	6	0	0	20	0	0	0	26	13	0	0	89	50	0	6
196	186	37	41	0	176	24	34	0	37	41	0	20	23	0	0	66	48	0	0	166	23	33	0	24	34	0	16	22	0	0	47	46	0	0	37	41	0	7	4	0	0	9	4	0	0	20	23	0	0	66	48	0	0	156	21	33	0	23	33	0	16	22	0	0	46	45	0	0	24	34	0	5	4	0	0	7	4	0	0	16	22	0	0	47	46	0	0	37	41	0	5	0	0	0	11	12	0	0	7	4	0	0	9	4	0	0	20	23	0	0	66	48	0	0	146	18	32	0	21	33	0	10	22	0	0	37	45	0	0	23	33	0	5	4	0	0	7	4	0	0	16	22	0	0	46	45	0	0	24	34	0	2	0	0	0	8	10	0	0	5	4	0	0	7	4	0	0	16	22	0	0	47	46	0	0	37	41	0	5	6	0	0	13	18	0	0	5	0	0	0	11	12	0	0	7	4	0	0	9	4	0	0	20	23	0	0	66	48	0	0
209	201	26	19	0	193	22	7	0	26	19	0	10	0	0	0	39	13	0	0	185	22	7	0	22	7	0	10	0	0	0	36	7	0	0	26	19	0	4	0	0	0	4	0	0	0	10	0	0	0	39	13	0	0	177	22	7	0	22	7	0	10	0	0	0	36	7	0	0	22	7	0	4	0	0	0	4	0	0	0	10	0	0	0	36	7	0	0	26	19	0	2	0	0	0	8	0	0	0	4	0	0	0	4	0	0	0	10	0	0	0	39	13	0	0	169	22	7	0	22	7	0	10	0	0	0	36	7	0	0	22	7	0	4	0	0	0	4	0	0	0	10	0	0	0	36	7	0	0	22	7	0	2	0	0	0	6	0	0	0	4	0	0	0	4	0	0	0	10	0	0	0	36	7	0	0	26	19	0	4	0	0	0	12	0	0	0	2	0	0	0	8	0	0	0	4	0	0	0	4	0	0	0	10	0	0	0	39	13	0	0
174	166	13	17	6	158	10	17	0	13	17	6	4	0	0	0	15	5	0	0	150	10	17	0	10	17	0	4	0	0	0	12	5	0	0	13	17	6	1	0	0	0	1	0	0	0	4	0	0	0	15	5	0	0	142	10	17	0	10	17	0	4	0	0	0	12	5	0	0	10	17	0	1	0	0	0	1	0	0	0	4	0	0	0	12	5	0	0	13	17	6	0	0	0	0	4	0	0	0	1	0	0	0	1	0	0	0	4	0	0	0	15	5	0	0	134	10	17	0	10	17	0	4	0	0	0	12	5	0	0	10	17	0	1	0	0	0	1	0	0	0	4	0	0	0	12	5	0	0	10	17	0	0	0	0	0	2	0	0	0	1	0	0	0	1	0	0	0	4	0	0	0	12	5	0	0	13	17	6	1	0	0	0	6	0	0	0	0	0	0	0	4	0	0	0	1	0	0	0	1	0	0	0	4	0	0	0	15	5	0	0
125	120	9	4	3	115	6	4	0	9	4	3	0	0	0	0	6	4	0	0	110	6	4	0	6	4	0	0	0	0	0	3	4	0	0	9	4	3	0	0	0	0	0	0	0	0	0	0	0	0	6	4	0	0	105	6	4	0	6	4	0	0	0	0	0	3	4	0	0	6	4	0	0	0	0	0	0	0	0	0	0	0	0	0	3	4	0	0	9	4	3	0	0	0	0	2	0	0	0	0	0	0	0	0	0	0	0	0	0	0	0	6	4	0	0	100	6	4	0	6	4	0	0	0	0	0	3	4	0	0	6	4	0	0	0	0	0	0	0	0	0	0	0	0	0	3	4	0	0	6	4	0	0	0	0	0	0	0	0	0	0	0	0	0	0	0	0	0	0	0	0	0	3	4	0	0	9	4	3	0	0	0	0	3	0	0	0	0	0	0	0	2	0	0	0	0	0	0	0	0	0	0	0	0	0	0	0	6	4	0	0
178	171	12	11	3	164	7	6	0	12	11	3	0	0	0	0	9	11	3	0	157	7	6	0	7	6	0	0	0	0	0	4	6	0	0	12	11	3	0	0	0	0	0	0	0	0	0	0	0	0	9	11	3	0	150	7	6	0	7	6	0	0	0	0	0	4	6	0	0	7	6	0	0	0	0	0	0	0	0	0	0	0	0	0	4	6	0	0	12	11	3	0	0	0	0	2	0	0	0	0	0	0	0	0	0	0	0	0	0	0	0	9	11	3	0	143	7	6	0	7	6	0	0	0	0	0	4	6	0	0	7	6	0	0	0	0	0	0	0	0	0	0	0	0	0	4	6	0	0	7	6	0	0	0	0	0	0	0	0	0	0	0	0	0	0	0	0	0	0	0	0	0	4	6	0	0	12	11	3	0	0	0	0	3	0	0	0	0	0	0	0	2	0	0	0	0	0	0	0	0	0	0	0	0	0	0	0	9	11	3	0
161	155	11	5	3	149	7	0	0	11	5	3	0	0	0	0	9	5	3	0	143	7	0	0	7	0	0	0	0	0	0	5	0	0	0	11	5	3	0	0	0	0	0	0	0	0	0	0	0	0	9	5	3	0	137	7	0	0	7	0	0	0	0	0	0	5	0	0	0	7	0	0	0	0	0	0	0	0	0	0	0	0	0	0	5	0	0	0	11	5	3	0	0	0	0	0	0	0	0	0	0	0	0	0	0	0	0	0	0	0	0	9	5	3	0	131	7	0	0	7	0	0	0	0	0	0	5	0	0	0	7	0	0	0	0	0	0	0	0	0	0	0	0	0	0	5	0	0	0	7	0	0	0	0	0	0	0	0	0	0	0	0	0	0	0	0	0	0	0	0	0	0	5	0	0	0	11	5	3	0	0	0	0	0	0	0	0	0	0	0	0	0	0	0	0	0	0	0	0	0	0	0	0	0	0	0	0	9	5	3	0
123	118	13	8	0	113	7	4	0	13	8	0	4	0	0	0	12	10	0	0	108	7	4	0	7	4	0	4	0	0	0	9	4	0	0	13	8	0	0	0	0	0	2	0	0	0	4	0	0	0	12	10	0	0	103	7	4	0	7	4	0	4	0	0	0	9	4	0	0	7	4	0	0	0	0	0	2	0	0	0	4	0	0	0	9	4	0	0	13	8	0	0	0	0	0	2	0	0	0	0	0	0	0	2	0	0	0	4	0	0	0	12	10	0	0	98	7	4	0	7	4	0	4	0	0	0	9	4	0	0	7	4	0	0	0	0	0	2	0	0	0	4	0	0	0	9	4	0	0	7	4	0	0	0	0	0	0	0	0	0	0	0	0	0	2	0	0	0	4	0	0	0	9	4	0	0	13	8	0	0	0	0	0	3	0	0	0	0	0	0	0	2	0	0	0	0	0	0	0	2	0	0	0	4	0	0	0	12	10	0	0
302	289	44	56	8	276	21	36	8	44	56	8	30	0	0	0	68	83	32	0	263	16	36	7	21	36	8	8	0	0	0	25	63	32	0	44	56	8	0	0	0	7	3	18	0	0	30	0	0	0	68	83	32	0	250	16	36	0	16	36	7	8	0	0	0	16	63	28	0	21	36	8	0	0	0	0	3	18	0	0	8	0	0	0	25	63	32	0	44	56	8	0	0	0	0	4	0	0	12	0	0	0	7	3	18	0	0	30	0	0	0	68	83	32	0	237	16	36	0	16	36	0	8	0	0	0	16	63	0	0	16	36	7	0	0	0	0	3	18	0	0	8	0	0	0	16	63	28	0	21	36	8	0	0	0	0	4	0	0	0	0	0	0	0	3	18	0	0	8	0	0	0	25	63	32	0	44	56	8	1	0	0	0	6	0	0	0	0	0	0	0	4	0	0	12	0	0	0	7	3	18	0	0	30	0	0	0	68	83	32	0
181	174	22	6	12	167	12	0	0	22	6	12	4	0	0	0	25	0	12	6	160	12	0	0	12	0	0	4	0	0	0	17	0	0	0	22	6	12	0	0	0	0	4	0	0	0	4	0	0	0	25	0	12	6	153	12	0	0	12	0	0	4	0	0	0	17	0	0	0	12	0	0	0	0	0	0	4	0	0	0	4	0	0	0	17	0	0	0	22	6	12	0	0	0	0	0	0	0	0	0	0	0	0	4	0	0	0	4	0	0	0	25	0	12	6	146	12	0	0	12	0	0	4	0	0	0	17	0	0	0	12	0	0	0	0	0	0	4	0	0	0	4	0	0	0	17	0	0	0	12	0	0	0	0	0	0	0	0	0	0	0	0	0	0	4	0	0	0	4	0	0	0	17	0	0	0	22	6	12	0	0	0	0	0	0	0	0	0	0	0	0	0	0	0	0	0	0	0	0	4	0	0	0	4	0	0	0	25	0	12	6
269	257	42	49	2	245	20	35	0	42	49	2	26	28	0	0	62	60	4	0	233	15	35	0	20	35	0	4	28	0	0	25	56	0	0	42	49	2	0	0	0	0	3	14	0	0	26	28	0	0	62	60	4	0	221	15	35	0	15	35	0	4	28	0	0	16	56	0	0	20	35	0	0	0	0	0	3	14	0	0	4	28	0	0	25	56	0	0	42	49	2	0	0	0	0	6	0	0	0	0	0	0	0	3	14	0	0	26	28	0	0	62	60	4	0	209	15	35	0	15	35	0	4	28	0	0	16	56	0	0	15	35	0	0	0	0	0	3	14	0	0	4	28	0	0	16	56	0	0	20	35	0	0	0	0	0	4	0	0	0	0	0	0	0	3	14	0	0	4	28	0	0	25	56	0	0	42	49	2	1	0	0	0	9	0	0	0	0	0	0	0	6	0	0	0	0	0	0	0	3	14	0	0	26	28	0	0	62	60	4	0
222	213	35	24	0	204	19	8	0	35	24	0	22	0	0	0	51	16	0	0	195	16	8	0	19	8	0	7	0	0	0	27	0	0	0	35	24	0	0	0	0	0	5	0	0	0	22	0	0	0	51	16	0	0	186	16	8	0	16	8	0	7	0	0	0	20	0	0	0	19	8	0	0	0	0	0	5	0	0	0	7	0	0	0	27	0	0	0	35	24	0	0	0	0	0	0	0	0	0	0	0	0	0	5	0	0	0	22	0	0	0	51	16	0	0	177	16	8	0	16	8	0	7	0	0	0	20	0	0	0	16	8	0	0	0	0	0	5	0	0	0	7	0	0	0	20	0	0	0	19	8	0	0	0	0	0	0	0	0	0	0	0	0	0	5	0	0	0	7	0	0	0	27	0	0	0	35	24	0	0	0	0	0	0	0	0	0	0	0	0	0	0	0	0	0	0	0	0	0	5	0	0	0	22	0	0	0	51	16	0	0
346	331	51	86	0	316	20	53	0	51	86	0	13	78	0	0	90	144	0	0	301	19	44	0	20	53	0	10	33	0	0	31	76	0	0	51	86	0	2	0	0	0	6	11	0	0	13	78	0	0	90	144	0	0	286	19	44	0	19	44	0	10	33	0	0	30	55	0	0	20	53	0	2	0	0	0	6	11	0	0	10	33	0	0	31	76	0	0	51	86	0	0	0	0	0	5	0	0	0	2	0	0	0	6	11	0	0	13	78	0	0	90	144	0	0	271	19	44	0	19	44	0	10	33	0	0	30	55	0	0	19	44	0	2	0	0	0	6	11	0	0	10	33	0	0	30	55	0	0	20	53	0	0	0	0	0	2	0	0	0	2	0	0	0	6	11	0	0	10	33	0	0	31	76	0	0	51	86	0	4	0	0	0	20	0	0	0	0	0	0	0	5	0	0	0	2	0	0	0	6	11	0	0	13	78	0	0	90	144	0	0
315	302	39	39	34	289	20	12	22	39	39	34	11	0	31	0	83	72	102	8	276	19	12	22	20	12	22	9	0	22	0	34	0	66	8	39	39	34	2	0	11	0	6	0	0	0	11	0	31	0	83	72	102	8	263	19	12	22	19	12	22	9	0	22	0	32	0	66	7	20	12	22	2	0	11	0	6	0	0	0	9	0	22	0	34	0	66	8	39	39	34	0	0	0	0	0	0	0	0	2	0	11	0	6	0	0	0	11	0	31	0	83	72	102	8	250	19	12	22	19	12	22	9	0	22	0	32	0	66	0	19	12	22	2	0	11	0	6	0	0	0	9	0	22	0	32	0	66	7	20	12	22	0	0	0	0	0	0	0	0	2	0	11	0	6	0	0	0	9	0	22	0	34	0	66	8	39	39	34	7	0	0	0	19	0	0	0	0	0	0	0	0	0	0	0	2	0	11	0	6	0	0	0	11	0	31	0	83	72	102	8
311	298	27	22	57	285	20	22	40	27	22	57	9	0	9	0	42	0	0	10	272	20	22	40	20	22	40	9	0	0	0	24	0	0	8	27	22	57	0	0	0	0	5	0	0	0	9	0	9	0	42	0	0	10	259	20	22	40	20	22	40	9	0	0	0	24	0	0	7	20	22	40	0	0	0	0	5	0	0	0	9	0	0	0	24	0	0	8	27	22	57	0	0	0	0	0	0	0	0	0	0	0	0	5	0	0	0	9	0	9	0	42	0	0	10	246	20	22	40	20	22	40	9	0	0	0	24	0	0	0	20	22	40	0	0	0	0	5	0	0	0	9	0	0	0	24	0	0	7	20	22	40	0	0	0	0	0	0	0	0	0	0	0	0	5	0	0	0	9	0	0	0	24	0	0	8	27	22	57	0	0	0	0	0	0	0	0	0	0	0	0	0	0	0	0	0	0	0	0	5	0	0	0	9	0	9	0	42	0	0	10
224	215	27	8	22	206	13	0	10	27	8	22	3	0	9	0	53	24	22	8	197	13	0	10	13	0	10	3	0	0	0	17	0	10	8	27	8	22	0	0	0	0	4	0	0	0	3	0	9	0	53	24	22	8	188	13	0	10	13	0	10	3	0	0	0	17	0	10	7	13	0	10	0	0	0	0	4	0	0	0	3	0	0	0	17	0	10	8	27	8	22	0	0	0	0	0	0	0	0	0	0	0	0	4	0	0	0	3	0	9	0	53	24	22	8	179	13	0	10	13	0	10	3	0	0	0	17	0	10	0	13	0	10	0	0	0	0	4	0	0	0	3	0	0	0	17	0	10	7	13	0	10	0	0	0	0	0	0	0	0	0	0	0	0	4	0	0	0	3	0	0	0	17	0	10	8	27	8	22	3	0	0	0	7	0	0	0	0	0	0	0	0	0	0	0	0	0	0	0	4	0	0	0	3	0	9	0	53	24	22	8
200	192	24	0	23	184	17	0	0	24	0	23	7	0	9	0	38	0	0	22	176	17	0	0	17	0	0	7	0	0	0	20	0	0	8	24	0	23	0	0	0	0	5	0	0	0	7	0	9	0	38	0	0	22	168	17	0	0	17	0	0	7	0	0	0	20	0	0	7	17	0	0	0	0	0	0	5	0	0	0	7	0	0	0	20	0	0	8	24	0	23	0	0	0	0	0	0	0	0	0	0	0	0	5	0	0	0	7	0	9	0	38	0	0	22	160	17	0	0	17	0	0	7	0	0	0	20	0	0	0	17	0	0	0	0	0	0	5	0	0	0	7	0	0	0	20	0	0	7	17	0	0	0	0	0	0	0	0	0	0	0	0	0	0	5	0	0	0	7	0	0	0	20	0	0	8	24	0	23	0	0	0	0	0	0	0	0	0	0	0	0	0	0	0	0	0	0	0	0	5	0	0	0	7	0	9	0	38	0	0	22
195	187	36	15	3	179	14	0	0	36	15	3	9	0	9	0	92	45	15	0	171	14	0	0	14	0	0	9	0	0	0	39	0	0	0	36	15	3	4	0	0	0	5	0	0	0	9	0	9	0	92	45	15	0	163	14	0	0	14	0	0	9	0	0	0	39	0	0	0	14	0	0	4	0	0	0	5	0	0	0	9	0	0	0	39	0	0	0	36	15	3	0	0	0	0	1	0	0	0	4	0	0	0	5	0	0	0	9	0	9	0	92	45	15	0	155	14	0	0	14	0	0	9	0	0	0	39	0	0	0	14	0	0	4	0	0	0	5	0	0	0	9	0	0	0	39	0	0	0	14	0	0	0	0	0	0	0	0	0	0	4	0	0	0	5	0	0	0	9	0	0	0	39	0	0	0	36	15	3	12	0	0	0	28	0	0	0	0	0	0	0	1	0	0	0	4	0	0	0	5	0	0	0	9	0	9	0	92	45	15	0
214	205	36	14	18	196	17	0	10	36	14	18	9	0	21	15	97	21	36	3	187	17	0	7	17	0	10	9	0	21	0	51	0	20	0	36	14	18	4	0	0	0	13	0	0	0	9	0	21	15	97	21	36	3	178	17	0	7	17	0	7	9	0	21	0	51	0	14	0	17	0	10	4	0	0	0	8	0	0	0	9	0	21	0	51	0	20	0	36	14	18	8	0	0	0	10	0	0	0	4	0	0	0	13	0	0	0	9	0	21	15	97	21	36	3	169	13	0	7	17	0	7	9	0	21	0	51	0	14	0	17	0	7	4	0	0	0	8	0	0	0	9	0	21	0	51	0	14	0	17	0	10	0	0	0	0	2	0	0	0	4	0	0	0	8	0	0	0	9	0	21	0	51	0	20	0	36	14	18	12	0	0	0	30	28	0	0	8	0	0	0	10	0	0	0	4	0	0	0	13	0	0	0	9	0	21	15	97	21	36	3
328	314	48	43	49	300	21	13	28	48	43	49	13	0	33	11	128	125	147	59	286	20	13	28	21	13	28	8	0	32	11	66	65	84	32	48	43	49	10	0	0	0	21	13	0	0	13	0	33	11	128	125	147	59	272	20	13	28	20	13	28	8	0	32	11	61	65	84	32	21	13	28	10	0	0	0	9	13	0	0	8	0	32	11	66	65	84	32	48	43	49	20	0	0	0	16	0	0	0	10	0	0	0	21	13	0	0	13	0	33	11	128	125	147	59	258	13	10	28	20	13	28	8	0	32	11	61	65	84	32	20	13	28	10	0	0	0	9	13	0	0	8	0	32	11	61	65	84	32	21	13	28	3	0	0	0	4	0	0	0	10	0	0	0	9	13	0	0	8	0	32	11	66	65	84	32	48	43	49	9	30	0	0	33	70	0	0	20	0	0	0	16	0	0	0	10	0	0	0	21	13	0	0	13	0	33	11	128	125	147	59
397	379	66	109	39	361	26	67	21	66	109	39	14	82	33	26	171	309	156	37	343	24	65	18	26	67	21	6	78	32	11	75	202	84	22	66	109	39	8	26	0	0	30	27	0	0	14	82	33	26	171	309	156	37	325	24	65	18	24	65	18	6	78	32	11	69	195	72	22	26	67	21	8	26	0	0	12	26	0	0	6	78	32	11	75	202	84	22	66	109	39	24	0	0	0	35	0	0	0	8	26	0	0	30	27	0	0	14	82	33	26	171	309	156	37	307	16	61	18	24	65	18	6	78	32	11	69	195	72	22	24	65	18	8	26	0	0	12	26	0	0	6	78	32	11	69	195	72	22	26	67	21	3	0	0	0	6	0	0	0	8	26	0	0	12	26	0	0	6	78	32	11	75	202	84	22	66	109	39	13	36	0	0	48	72	0	0	24	0	0	0	35	0	0	0	8	26	0	0	30	27	0	0	14	82	33	26	171	309	156	37
191	183	29	7	20	175	14	0	3	29	7	20	9	0	0	15	75	7	20	37	167	14	0	0	14	0	3	9	0	0	0	39	0	3	22	29	7	20	4	0	0	0	7	0	0	0	9	0	0	15	75	7	20	37	159	14	0	0	14	0	0	9	0	0	0	39	0	0	22	14	0	3	4	0	0	0	5	0	0	0	9	0	0	0	39	0	3	22	29	7	20	0	0	0	0	3	0	0	0	4	0	0	0	7	0	0	0	9	0	0	15	75	7	20	37	151	14	0	0	14	0	0	9	0	0	0	39	0	0	22	14	0	0	4	0	0	0	5	0	0	0	9	0	0	0	39	0	0	22	14	0	3	0	0	0	0	0	0	0	0	4	0	0	0	5	0	0	0	9	0	0	0	39	0	3	22	29	7	20	12	0	0	0	28	0	0	0	0	0	0	0	3	0	0	0	4	0	0	0	7	0	0	0	9	0	0	15	75	7	20	37
288	275	63	57	3	262	24	32	0	63	57	3	16	0	0	0	178	224	15	3	249	23	30	0	24	32	0	11	0	0	0	81	149	0	0	63	57	3	13	20	0	0	38	10	0	0	16	0	0	0	178	224	15	3	236	22	30	0	23	30	0	11	0	0	0	76	140	0	0	24	32	0	8	20	0	0	14	10	0	0	11	0	0	0	81	149	0	0	63	57	3	29	0	0	0	39	5	0	0	13	20	0	0	38	10	0	0	16	0	0	0	178	224	15	3	223	13	25	0	22	30	0	10	0	0	0	74	140	0	0	23	30	0	8	20	0	0	14	10	0	0	11	0	0	0	76	140	0	0	24	32	0	3	0	0	0	4	0	0	0	8	20	0	0	14	10	0	0	11	0	0	0	81	149	0	0	63	57	3	16	25	0	0	37	45	0	0	29	0	0	0	39	5	0	0	13	20	0	0	38	10	0	0	16	0	0	0	178	224	15	3
379	362	67	81	41	345	37	30	33	67	81	41	41	15	0	21	162	216	205	3	328	31	25	33	37	30	33	20	15	0	21	106	45	165	0	67	81	41	27	50	0	0	34	60	0	0	41	15	0	21	162	216	205	3	311	24	10	33	31	25	33	11	10	0	21	90	35	165	0	37	30	33	9	0	0	0	17	0	0	0	20	15	0	21	106	45	165	0	67	81	41	27	50	7	0	30	60	41	0	27	50	0	0	34	60	0	0	41	15	0	21	162	216	205	3	294	12	0	33	24	10	33	8	0	0	21	76	10	165	0	31	25	33	9	0	0	0	17	0	0	0	11	10	0	21	90	35	165	0	37	30	33	6	0	7	0	13	0	33	0	9	0	0	0	17	0	0	0	20	15	0	21	106	45	165	0	67	81	41	7	0	26	0	17	0	41	0	27	50	7	0	30	60	41	0	27	50	0	0	34	60	0	0	41	15	0	21	162	216	205	3
252	241	43	10	48	230	27	0	7	43	10	48	17	0	0	21	128	20	48	129	219	25	0	7	27	0	7	13	0	0	21	84	0	7	62	43	10	48	19	0	0	0	30	20	0	0	17	0	0	21	128	20	48	129	208	22	0	7	25	0	7	9	0	0	21	79	0	7	53	27	0	7	10	0	0	0	13	0	0	0	13	0	0	21	84	0	7	62	43	10	48	29	0	0	0	26	20	0	0	19	0	0	0	30	20	0	0	17	0	0	21	128	20	48	129	197	10	0	7	22	0	7	8	0	0	21	74	0	7	53	25	0	7	10	0	0	0	13	0	0	0	9	0	0	21	79	0	7	53	27	0	7	3	0	0	0	7	0	0	0	10	0	0	0	13	0	0	0	13	0	0	21	84	0	7	62	43	10	48	2	0	24	0	6	0	0	0	29	0	0	0	26	20	0	0	19	0	0	0	30	20	0	0	17	0	0	21	128	20	48	129
373	356	68	74	62	339	39	52	26	68	74	62	42	0	0	45	183	200	124	109	322	33	52	25	39	52	26	27	0	0	43	119	156	52	59	68	74	62	30	0	0	11	40	72	0	0	42	0	0	45	183	200	124	109	305	25	44	25	33	52	25	17	0	0	43	97	156	50	53	39	52	26	13	0	0	11	13	39	0	0	27	0	0	43	119	156	52	59	68	74	62	25	88	7	0	27	70	0	0	30	0	0	11	40	72	0	0	42	0	0	45	183	200	124	109	288	13	0	25	25	44	25	11	0	0	43	77	132	50	53	33	52	25	11	0	0	11	13	39	0	0	17	0	0	43	97	156	50	53	39	52	26	5	0	7	0	10	26	0	0	13	0	0	11	13	39	0	0	27	0	0	43	119	156	52	59	68	74	62	3	0	45	0	11	13	248	0	25	88	7	0	27	70	0	0	30	0	0	11	40	72	0	0	42	0	0	45	183	200	124	109
334	318	75	92	24	302	36	69	0	75	92	24	36	26	0	0	204	291	72	91	286	30	63	0	36	69	0	21	26	0	0	116	236	0	49	75	92	24	23	60	0	0	48	51	0	0	36	26	0	0	204	291	72	91	270	23	51	0	30	63	0	11	20	0	0	94	209	0	46	36	69	0	6	60	0	0	18	30	0	0	21	26	0	0	116	236	0	49	75	92	24	24	93	0	0	43	48	0	0	23	60	0	0	48	51	0	0	36	26	0	0	204	291	72	91	254	12	30	0	23	51	0	8	20	0	0	79	176	0	46	30	63	0	4	60	0	0	18	30	0	0	11	20	0	0	94	209	0	46	36	69	0	2	30	0	0	10	20	0	0	6	60	0	0	18	30	0	0	21	26	0	0	116	236	0	49	75	92	24	12	0	24	0	25	25	72	0	24	93	0	0	43	48	0	0	23	60	0	0	48	51	0	0	36	26	0	0	204	291	72	91
245	234	61	34	14	223	33	10	0	61	34	14	38	0	0	0	149	122	56	42	212	27	10	0	33	10	0	17	0	0	0	94	50	0	21	61	34	14	28	0	0	0	31	40	0	0	38	0	0	0	149	122	56	42	201	21	6	0	27	10	0	9	0	0	0	76	50	0	18	33	10	0	10	0	0	0	13	10	0	0	17	0	0	0	94	50	0	21	61	34	14	27	24	0	0	25	30	0	0	28	0	0	0	31	40	0	0	38	0	0	0	149	122	56	42	190	11	0	0	21	6	0	8	0	0	0	67	30	0	18	27	10	0	10	0	0	0	13	10	0	0	9	0	0	0	76	50	0	18	33	10	0	5	0	0	0	9	0	0	0	10	0	0	0	13	10	0	0	17	0	0	0	94	50	0	21	61	34	14	3	0	14	0	12	0	14	0	27	24	0	0	25	30	0	0	28	0	0	0	31	40	0	0	38	0	0	0	149	122	56	42
333	317	64	81	44	301	35	55	0	64	81	44	40	80	0	0	144	160	88	189	285	28	33	0	35	55	0	19	36	0	0	98	108	0	66	64	81	44	28	36	10	0	23	26	88	0	40	80	0	0	144	160	88	189	269	12	15	0	28	33	0	9	0	0	0	76	57	0	65	35	55	0	8	0	0	0	15	22	0	0	19	36	0	0	98	108	0	66	64	81	44	14	0	81	0	23	41	88	0	28	36	10	0	23	26	88	0	40	80	0	0	144	160	88	189	253	9	13	0	12	15	0	7	0	0	0	36	30	0	65	28	33	0	6	0	0	0	15	18	0	0	9	0	0	0	76	57	0	65	35	55	0	6	0	0	0	18	37	0	0	8	0	0	0	15	22	0	0	19	36	0	0	98	108	0	66	64	81	44	8	26	0	0	24	35	0	0	14	0	81	0	23	41	88	0	28	36	10	0	23	26	88	0	40	80	0	0	144	160	88	189
292	278	60	61	34	264	36	41	0	60	61	34	44	36	0	0	146	102	68	141	250	28	29	0	36	41	0	21	16	0	0	102	93	0	59	60	61	34	26	32	10	0	26	22	34	0	44	36	0	0	146	102	68	141	236	13	11	0	28	29	0	9	0	0	0	78	63	0	58	36	41	0	8	0	0	0	15	20	0	0	21	16	0	0	102	93	0	59	60	61	34	15	22	81	0	22	22	68	0	26	32	10	0	26	22	34	0	44	36	0	0	146	102	68	141	222	9	10	0	13	11	0	7	0	0	0	39	33	0	58	28	29	0	6	0	0	0	15	16	0	0	9	0	0	0	78	63	0	58	36	41	0	4	20	0	0	17	20	0	0	8	0	0	0	15	20	0	0	21	16	0	0	102	93	0	59	60	61	34	9	10	0	0	18	44	0	0	15	22	81	0	22	22	68	0	26	32	10	0	26	22	34	0	44	36	0	0	146	102	68	141
217	207	42	21	23	197	27	0	0	42	21	23	36	0	0	0	93	7	69	79	187	20	0	0	27	0	0	15	0	0	0	68	0	0	33	42	21	23	24	0	10	0	12	0	0	0	36	0	0	0	93	7	69	79	177	9	0	0	20	0	0	5	0	0	0	50	0	0	33	27	0	0	6	0	0	0	12	0	0	0	15	0	0	0	68	0	0	33	42	21	23	6	0	37	0	11	0	0	0	24	0	10	0	12	0	0	0	36	0	0	0	93	7	69	79	167	9	0	0	9	0	0	5	0	0	0	27	0	0	33	20	0	0	6	0	0	0	12	0	0	0	5	0	0	0	50	0	0	33	27	0	0	6	0	0	0	11	0	0	0	6	0	0	0	12	0	0	0	15	0	0	0	68	0	0	33	42	21	23	7	0	0	0	15	0	0	0	6	0	37	0	11	0	0	0	24	0	10	0	12	0	0	0	36	0	0	0	93	7	69	79
296	282	54	65	16	268	26	23	0	54	65	16	28	82	0	0	115	128	80	55	254	21	6	0	26	23	0	17	12	0	0	62	41	0	33	54	65	16	13	30	10	0	20	0	32	0	28	82	0	0	115	128	80	55	240	14	0	0	21	6	0	9	0	0	0	49	6	0	33	26	23	0	0	0	0	0	14	0	0	0	17	12	0	0	62	41	0	33	54	65	16	9	0	16	0	19	0	16	0	13	30	10	0	20	0	32	0	28	82	0	0	115	128	80	55	226	12	0	0	14	0	0	9	0	0	0	35	0	0	33	21	6	0	0	0	0	0	14	0	0	0	9	0	0	0	49	6	0	33	26	23	0	3	0	0	0	14	0	0	0	0	0	0	0	14	0	0	0	17	12	0	0	62	41	0	33	54	65	16	10	0	0	0	22	22	0	0	9	0	16	0	19	0	16	0	13	30	10	0	20	0	32	0	28	82	0	0	115	128	80	55
315	299	69	97	10	283	32	63	0	69	97	10	45	71	0	0	143	229	50	41	267	22	53	0	32	63	0	23	41	0	0	79	155	0	33	69	97	10	22	25	10	0	24	48	10	0	45	71	0	0	143	229	50	41	251	12	47	0	22	53	0	8	36	0	0	48	130	0	33	32	63	0	2	0	0	0	15	44	0	0	23	41	0	0	79	155	0	33	69	97	10	13	11	10	0	22	48	10	0	22	25	10	0	24	48	10	0	45	71	0	0	143	229	50	41	235	8	43	0	12	47	0	6	33	0	0	31	117	0	33	22	53	0	0	0	0	0	15	34	0	0	8	36	0	0	48	130	0	33	32	63	0	2	10	0	0	17	44	0	0	2	0	0	0	15	44	0	0	23	41	0	0	79	155	0	33	69	97	10	6	43	0	0	23	43	0	0	13	11	10	0	22	48	10	0	22	25	10	0	24	48	10	0	45	71	0	0	143	229	50	41
189	180	33	0	35	171	17	0	0	33	0	35	16	0	43	0	77	0	0	127	162	11	0	0	17	0	0	7	0	0	0	35	0	0	0	33	0	35	0	0	45	0	13	0	0	0	16	0	43	0	77	0	0	127	153	11	0	0	11	0	0	7	0	0	0	26	0	0	0	17	0	0	0	0	0	0	13	0	0	0	7	0	0	0	35	0	0	0	33	0	35	3	0	0	0	11	0	0	0	0	0	45	0	13	0	0	0	16	0	43	0	77	0	0	127	144	11	0	0	11	0	0	7	0	0	0	26	0	0	0	11	0	0	0	0	0	0	7	0	0	0	7	0	0	0	26	0	0	0	17	0	0	3	0	0	0	11	0	0	0	0	0	0	0	13	0	0	0	7	0	0	0	35	0	0	0	33	0	35	7	0	0	0	19	0	0	0	3	0	0	0	11	0	0	0	0	0	45	0	13	0	0	0	16	0	43	0	77	0	0	127
227	216	44	28	20	205	23	0	0	44	28	20	22	0	35	0	100	70	80	70	194	19	0	0	23	0	0	15	0	0	0	51	0	0	0	44	28	20	2	0	29	0	20	0	0	0	22	0	35	0	100	70	80	70	183	19	0	0	19	0	0	15	0	0	0	45	0	0	0	23	0	0	2	0	0	0	14	0	0	0	15	0	0	0	51	0	0	0	44	28	20	11	0	0	0	23	0	0	0	2	0	29	0	20	0	0	0	22	0	35	0	100	70	80	70	172	16	0	0	19	0	0	15	0	0	0	45	0	0	0	19	0	0	2	0	0	0	10	0	0	0	15	0	0	0	45	0	0	0	23	0	0	1	0	0	0	15	0	0	0	2	0	0	0	14	0	0	0	15	0	0	0	51	0	0	0	44	28	20	17	0	0	0	20	21	0	0	11	0	0	0	23	0	0	0	2	0	29	0	20	0	0	0	22	0	35	0	100	70	80	70
168	160	28	0	26	152	14	0	0	28	0	26	12	0	25	0	67	0	0	83	144	10	0	0	14	0	0	7	0	0	0	30	0	0	0	28	0	26	0	0	27	0	11	0	0	0	12	0	25	0	67	0	0	83	136	10	0	0	10	0	0	7	0	0	0	24	0	0	0	14	0	0	0	0	0	0	11	0	0	0	7	0	0	0	30	0	0	0	28	0	26	3	0	0	0	8	0	0	0	0	0	27	0	11	0	0	0	12	0	25	0	67	0	0	83	128	10	0	0	10	0	0	7	0	0	0	24	0	0	0	10	0	0	0	0	0	0	7	0	0	0	7	0	0	0	24	0	0	0	14	0	0	3	0	0	0	8	0	0	0	0	0	0	0	11	0	0	0	7	0	0	0	30	0	0	0	28	0	26	5	0	0	0	16	0	0	0	3	0	0	0	8	0	0	0	0	0	27	0	11	0	0	0	12	0	25	0	67	0	0	83
167	159	25	7	18	151	12	0	0	25	7	18	10	0	17	0	58	7	18	49	143	10	0	0	12	0	0	7	0	0	0	24	0	0	0	25	7	18	0	0	11	0	9	0	0	0	10	0	17	0	58	7	18	49	135	10	0	0	10	0	0	7	0	0	0	21	0	0	0	12	0	0	0	0	0	0	9	0	0	0	7	0	0	0	24	0	0	0	25	7	18	1	0	0	0	6	0	0	0	0	0	11	0	9	0	0	0	10	0	17	0	58	7	18	49	127	10	0	0	10	0	0	7	0	0	0	21	0	0	0	10	0	0	0	0	0	0	7	0	0	0	7	0	0	0	21	0	0	0	12	0	0	1	0	0	0	6	0	0	0	0	0	0	0	9	0	0	0	7	0	0	0	24	0	0	0	25	7	18	4	0	0	0	12	0	0	0	1	0	0	0	6	0	0	0	0	0	11	0	9	0	0	0	10	0	17	0	58	7	18	49
300	284	56	89	11	268	22	55	0	56	89	11	30	44	17	0	120	211	55	26	252	15	55	0	22	55	0	13	44	0	0	52	121	0	0	56	89	11	5	0	11	0	20	55	0	0	30	44	17	0	120	211	55	26	236	13	55	0	15	55	0	11	44	0	0	34	121	0	0	22	55	0	2	0	0	0	11	55	0	0	13	44	0	0	52	121	0	0	56	89	11	11	0	0	0	25	22	0	0	5	0	11	0	20	55	0	0	30	44	17	0	120	211	55	26	220	10	55	0	13	55	0	11	44	0	0	32	121	0	0	15	55	0	2	0	0	0	9	55	0	0	11	44	0	0	34	121	0	0	22	55	0	1	0	0	0	14	22	0	0	2	0	0	0	11	55	0	0	13	44	0	0	52	121	0	0	56	89	11	15	0	0	0	21	18	0	0	11	0	0	0	25	22	0	0	5	0	11	0	20	55	0	0	30	44	17	0	120	211	55	26
235	223	56	35	23	211	26	0	17	56	35	23	35	0	43	0	130	105	115	11	199	21	0	17	26	0	17	21	0	43	0	68	0	85	0	56	35	23	13	0	17	0	31	21	0	0	35	0	43	0	130	105	115	11	187	18	0	15	21	0	17	17	0	43	0	54	0	85	0	26	0	17	6	0	17	0	11	0	0	0	21	0	43	0	68	0	85	0	56	35	23	16	0	0	14	22	21	0	0	13	0	17	0	31	21	0	0	35	0	43	0	130	105	115	11	175	13	0	15	18	0	15	14	0	37	0	43	0	75	0	21	0	17	4	0	17	0	11	0	0	0	17	0	43	0	54	0	85	0	26	0	17	1	0	0	14	13	0	0	0	6	0	17	0	11	0	0	0	21	0	43	0	68	0	85	0	56	35	23	14	0	0	0	12	14	0	0	16	0	0	14	22	21	0	0	13	0	17	0	31	21	0	0	35	0	43	0	130	105	115	11
218	207	40	18	50	196	20	0	30	40	18	50	22	0	48	48	96	27	100	31	185	18	0	10	20	0	30	18	0	39	0	53	0	60	0	40	18	50	8	0	0	50	21	18	0	60	22	0	48	48	96	27	100	31	174	16	0	0	18	0	10	14	0	10	0	44	0	20	0	20	0	30	4	0	0	0	8	0	0	0	18	0	39	0	53	0	60	0	40	18	50	12	0	0	0	23	18	0	41	8	0	0	50	21	18	0	60	22	0	48	48	96	27	100	31	163	12	0	0	16	0	0	12	0	0	0	37	0	0	0	18	0	10	2	0	0	0	8	0	0	0	14	0	10	0	44	0	20	0	20	0	30	0	0	0	0	12	0	0	33	4	0	0	0	8	0	0	0	18	0	39	0	53	0	60	0	40	18	50	13	0	0	0	12	9	0	0	12	0	0	0	23	18	0	41	8	0	0	50	21	18	0	60	22	0	48	48	96	27	100	31
304	288	64	71	55	272	31	39	28	64	71	55	28	26	63	89	147	181	165	31	256	29	39	0	31	39	28	24	26	45	0	82	117	84	0	64	71	55	23	0	0	0	49	20	0	104	28	26	63	89	147	181	165	31	240	23	33	0	29	39	0	20	26	0	0	73	117	0	0	31	39	28	6	0	0	0	19	0	0	0	24	26	45	0	82	117	84	0	64	71	55	20	60	0	0	36	71	0	0	23	0	0	0	49	20	0	104	28	26	63	89	147	181	165	31	224	16	10	0	23	33	0	15	20	0	0	54	96	0	0	29	39	0	4	0	0	0	19	0	0	0	20	26	0	0	73	117	0	0	31	39	28	1	0	0	0	17	39	0	0	6	0	0	0	19	0	0	0	24	26	45	0	82	117	84	0	64	71	55	16	30	20	0	16	46	110	0	20	60	0	0	36	71	0	0	23	0	0	0	49	20	0	104	28	26	63	89	147	181	165	31
173	164	28	15	20	155	13	8	0	28	15	20	12	0	0	0	70	7	20	49	146	13	8	0	13	8	0	12	0	0	0	33	0	0	0	28	15	20	2	0	0	0	19	0	0	0	12	0	0	0	70	7	20	49	137	13	8	0	13	8	0	12	0	0	0	33	0	0	0	13	8	0	2	0	0	0	8	0	0	0	12	0	0	0	33	0	0	0	28	15	20	10	0	0	0	19	0	0	0	2	0	0	0	19	0	0	0	12	0	0	0	70	7	20	49	128	10	8	0	13	8	0	12	0	0	0	33	0	0	0	13	8	0	2	0	0	0	8	0	0	0	12	0	0	0	33	0	0	0	13	8	0	0	0	0	0	8	0	0	0	2	0	0	0	8	0	0	0	12	0	0	0	33	0	0	0	28	15	20	11	0	0	0	10	0	0	0	10	0	0	0	19	0	0	0	2	0	0	0	19	0	0	0	12	0	0	0	70	7	20	49
270	255	59	82	13	240	25	52	0	59	82	13	33	64	0	0	131	205	52	31	225	20	50	0	25	52	0	17	60	0	0	67	133	0	0	59	82	13	21	20	0	0	34	45	0	0	33	64	0	0	131	205	52	31	210	14	46	0	20	50	0	13	60	0	0	50	130	0	0	25	52	0	4	20	0	0	12	30	0	0	17	60	0	0	67	133	0	0	59	82	13	16	24	0	0	25	49	0	0	21	20	0	0	34	45	0	0	33	64	0	0	131	205	52	31	195	9	32	0	14	46	0	8	52	0	0	31	114	0	0	20	50	0	2	20	0	0	12	30	0	0	13	60	0	0	50	130	0	0	25	52	0	1	0	0	0	14	30	0	0	4	20	0	0	12	30	0	0	17	60	0	0	67	133	0	0	59	82	13	6	48	0	0	15	22	13	0	16	24	0	0	25	49	0	0	21	20	0	0	34	45	0	0	33	64	0	0	131	205	52	31
322	305	44	16	125	288	26	0	79	44	16	125	34	0	10	78	109	48	125	161	271	19	0	70	26	0	79	19	0	9	62	79	0	79	75	44	16	125	13	0	20	64	17	32	0	0	34	0	10	78	109	48	125	161	254	11	0	37	19	0	70	13	0	9	19	51	0	70	27	26	0	79	6	0	20	0	6	0	0	0	19	0	9	62	79	0	79	75	44	16	125	6	0	47	93	16	0	0	94	13	0	20	64	17	32	0	0	34	0	10	78	109	48	125	161	237	5	0	7	11	0	37	6	0	9	7	23	0	37	15	19	0	70	4	0	20	0	6	0	0	0	13	0	9	19	51	0	70	27	26	0	79	1	0	20	0	16	0	0	0	6	0	20	0	6	0	0	0	19	0	9	62	79	0	79	75	44	16	125	3	0	35	14	12	0	0	127	6	0	47	93	16	0	0	94	13	0	20	64	17	32	0	0	34	0	10	78	109	48	125	161
338	320	47	56	94	302	21	0	79	47	56	94	33	0	88	17	105	84	376	36	284	15	0	79	21	0	79	15	0	86	17	63	0	316	17	47	56	94	19	0	0	0	19	42	0	0	33	0	88	17	105	84	376	36	266	9	0	77	15	0	79	11	0	86	17	43	0	316	17	21	0	79	6	0	0	0	6	0	0	0	15	0	86	17	63	0	316	17	47	56	94	8	0	24	22	18	0	0	0	19	0	0	0	19	42	0	0	33	0	88	17	105	84	376	36	248	5	0	64	9	0	77	6	0	86	15	23	0	308	15	15	0	79	4	0	0	0	6	0	0	0	11	0	86	17	43	0	316	17	21	0	79	3	0	18	0	18	0	0	0	6	0	0	0	6	0	0	0	15	0	86	17	63	0	316	17	47	56	94	3	0	12	14	15	0	0	62	8	0	24	22	18	0	0	0	19	0	0	0	19	42	0	0	33	0	88	17	105	84	376	36
335	317	52	77	86	299	24	12	78	52	77	86	34	60	36	9	136	205	430	23	281	12	0	78	24	12	78	13	0	35	9	76	60	390	17	52	77	86	11	0	66	0	16	48	86	0	34	60	36	9	136	205	430	23	263	8	0	69	12	0	78	7	0	35	9	35	0	390	17	24	12	78	4	0	66	0	5	0	78	0	13	0	35	9	76	60	390	17	52	77	86	6	0	10	67	22	0	0	0	11	0	66	0	16	48	86	0	34	60	36	9	136	205	430	23	245	6	0	31	8	0	69	4	0	35	7	21	0	345	15	12	0	78	2	0	66	0	5	0	78	0	7	0	35	9	35	0	390	17	24	12	78	1	0	10	0	13	0	0	0	4	0	66	0	5	0	78	0	13	0	35	9	76	60	390	17	52	77	86	9	0	0	105	22	0	0	100	6	0	10	67	22	0	0	0	11	0	66	0	16	48	86	0	34	60	36	9	136	205	430	23
302	285	58	88	47	268	27	55	23	58	88	47	44	42	36	8	141	199	141	91	251	19	50	23	27	55	23	17	40	35	8	79	161	69	45	58	88	47	22	57	0	0	27	62	0	0	44	42	36	8	141	199	141	91	234	10	36	23	19	50	23	13	36	35	8	52	145	69	17	27	55	23	4	26	0	0	5	39	0	0	17	40	35	8	79	161	69	45	58	88	47	8	43	44	0	24	26	47	0	22	57	0	0	27	62	0	0	44	42	36	8	141	199	141	91	217	5	23	23	10	36	23	5	23	35	8	22	92	69	15	19	50	23	2	23	0	0	5	39	0	0	13	36	35	8	52	145	69	17	27	55	23	2	13	18	0	19	26	23	0	4	26	0	0	5	39	0	0	17	40	35	8	79	161	69	45	58	88	47	0	30	22	0	18	13	47	0	8	43	44	0	24	26	47	0	22	57	0	0	27	62	0	0	44	42	36	8	141	199	141	91
383	362	73	116	99	341	36	78	63	73	116	99	31	156	27	42	189	352	198	141	320	31	44	54	36	78	63	20	88	27	31	109	274	126	75	73	116	99	23	88	20	59	44	28	198	0	31	156	27	42	189	352	198	141	299	19	14	27	31	44	54	18	28	27	0	90	130	108	27	36	78	63	4	28	20	0	18	0	126	0	20	88	27	31	109	274	126	75	73	116	99	13	28	76	43	42	56	198	88	23	88	20	59	44	28	198	0	31	156	27	42	189	352	198	141	278	9	0	9	19	14	27	8	0	27	0	53	28	54	15	31	44	54	4	0	20	0	18	0	108	0	18	28	27	0	90	130	108	27	36	78	63	3	0	48	0	23	50	126	0	4	28	20	0	18	0	126	0	20	88	27	31	109	274	126	75	73	116	99	12	0	68	0	32	36	99	86	13	28	76	43	42	56	198	88	23	88	20	59	44	28	198	0	31	156	27	42	189	352	198	141
342	323	25	0	175	304	10	0	133	25	0	175	17	0	58	67	64	0	0	227	285	5	0	132	10	0	133	4	0	44	64	22	0	0	180	25	0	175	2	0	10	9	3	0	0	0	17	0	58	67	64	0	0	227	266	4	0	132	5	0	132	3	0	44	64	11	0	0	180	10	0	133	2	0	0	9	3	0	0	0	4	0	44	64	22	0	0	180	25	0	175	1	0	10	0	10	0	0	0	2	0	10	9	3	0	0	0	17	0	58	67	64	0	0	227	247	3	0	132	4	0	132	2	0	44	64	7	0	0	169	5	0	132	1	0	0	9	3	0	0	0	3	0	44	64	11	0	0	180	10	0	133	1	0	0	0	10	0	0	0	2	0	0	9	3	0	0	0	4	0	44	64	22	0	0	180	25	0	175	1	0	10	0	11	0	0	0	1	0	10	0	10	0	0	0	2	0	10	9	3	0	0	0	17	0	58	67	64	0	0	227
324	306	31	0	150	288	16	0	93	31	0	150	23	0	58	63	84	0	0	326	270	7	0	92	16	0	93	6	0	18	61	40	0	0	243	31	0	150	4	0	62	8	3	0	0	0	23	0	58	63	84	0	0	326	252	5	0	92	7	0	92	3	0	18	61	17	0	0	234	16	0	93	2	0	18	8	3	0	0	0	6	0	18	61	40	0	0	243	31	0	150	3	0	24	0	17	0	0	0	4	0	62	8	3	0	0	0	23	0	58	63	84	0	0	326	234	4	0	92	5	0	92	2	0	18	61	11	0	0	196	7	0	92	1	0	18	8	3	0	0	0	3	0	18	61	17	0	0	234	16	0	93	3	0	0	0	17	0	0	0	2	0	18	8	3	0	0	0	6	0	18	61	40	0	0	243	31	0	150	1	0	10	0	17	0	0	0	3	0	24	0	17	0	0	0	4	0	62	8	3	0	0	0	23	0	58	63	84	0	0	326
281	265	54	61	85	249	30	22	16	54	61	85	31	66	47	27	141	158	255	451	233	22	0	16	30	22	16	19	0	7	27	76	55	48	322	54	61	85	16	0	69	0	20	0	170	0	31	66	47	27	141	158	255	451	217	16	0	16	22	0	16	16	0	7	27	57	0	48	304	30	22	16	4	0	25	0	11	0	32	0	19	0	7	27	76	55	48	322	54	61	85	11	0	24	0	37	56	0	0	16	0	69	0	20	0	170	0	31	66	47	27	141	158	255	451	201	11	0	16	16	0	16	7	0	7	27	35	0	48	233	22	0	16	3	0	25	0	11	0	32	0	16	0	7	27	57	0	48	304	30	22	16	4	0	0	0	19	44	0	0	4	0	25	0	11	0	32	0	19	0	7	27	76	55	48	322	54	61	85	9	0	10	0	34	56	0	0	11	0	24	0	37	56	0	0	16	0	69	0	20	0	170	0	31	66	47	27	141	158	255	451
287	270	52	85	51	253	27	40	36	52	85	51	28	55	30	27	117	169	204	86	236	20	30	36	27	40	36	17	15	18	27	63	55	144	78	52	85	51	4	0	35	0	11	0	51	0	28	55	30	27	117	169	204	86	219	18	30	36	20	30	36	17	15	18	27	50	45	144	78	27	40	36	2	0	29	0	8	0	36	0	17	15	18	27	63	55	144	78	52	85	51	6	0	0	0	34	28	0	0	4	0	35	0	11	0	51	0	28	55	30	27	117	169	204	86	202	15	29	36	18	30	36	11	15	18	27	41	45	144	69	20	30	36	2	0	29	0	8	0	36	0	17	15	18	27	50	45	144	78	27	40	36	3	0	0	0	16	20	0	0	2	0	29	0	8	0	36	0	17	15	18	27	63	55	144	78	52	85	51	15	14	0	0	40	42	0	0	6	0	0	0	34	28	0	0	4	0	35	0	11	0	51	0	28	55	30	27	117	169	204	86
247	233	36	43	67	219	15	10	40	36	43	67	21	30	58	13	88	93	201	180	205	12	0	40	15	10	40	11	0	44	13	34	10	120	157	36	43	67	4	0	0	0	9	0	67	0	21	30	58	13	88	93	201	180	191	10	0	40	12	0	40	11	0	44	13	28	0	120	157	15	10	40	2	0	0	0	6	0	40	0	11	0	44	13	34	10	120	157	36	43	67	3	0	0	0	23	26	0	0	4	0	0	0	9	0	67	0	21	30	58	13	88	93	201	180	177	7	0	40	10	0	40	5	0	44	13	19	0	120	146	12	0	40	2	0	0	0	6	0	40	0	11	0	44	13	28	0	120	157	15	10	40	0	0	0	0	8	20	0	0	2	0	0	0	6	0	40	0	11	0	44	13	34	10	120	157	36	43	67	7	0	0	0	24	39	0	0	3	0	0	0	23	26	0	0	4	0	0	0	9	0	67	0	21	30	58	13	88	93	201	180
248	233	32	27	82	218	20	14	44	32	27	82	17	0	56	46	60	13	82	203	203	20	14	44	20	14	44	17	0	11	46	41	0	44	92	32	27	82	4	0	0	0	8	0	0	0	17	0	56	46	60	13	82	203	188	18	14	44	20	14	44	17	0	11	46	41	0	44	92	20	14	44	2	0	0	0	6	0	0	0	17	0	11	46	41	0	44	92	32	27	82	4	0	0	0	21	26	0	0	4	0	0	0	8	0	0	0	17	0	56	46	60	13	82	203	173	14	14	44	18	14	44	11	0	11	46	32	0	44	92	20	14	44	2	0	0	0	6	0	0	0	17	0	11	46	41	0	44	92	20	14	44	0	0	0	0	2	0	0	0	2	0	0	0	6	0	0	0	17	0	11	46	41	0	44	92	32	27	82	10	0	9	0	28	39	0	0	4	0	0	0	21	26	0	0	4	0	0	0	8	0	0	0	17	0	56	46	60	13	82	203
196	184	45	29	61	172	25	11	25	45	29	61	26	0	42	61	113	27	122	203	160	25	11	24	25	11	25	26	0	0	59	70	0	50	92	45	29	61	14	0	0	13	19	0	0	0	26	0	42	61	113	27	122	203	148	22	11	24	25	11	24	26	0	0	59	70	0	48	92	25	11	25	10	0	0	13	14	0	0	0	26	0	0	59	70	0	50	92	45	29	61	12	0	0	0	34	27	0	0	14	0	0	13	19	0	0	0	26	0	42	61	113	27	122	203	136	17	11	24	22	11	24	18	0	0	59	56	0	48	92	25	11	24	10	0	0	13	14	0	0	0	26	0	0	59	70	0	48	92	25	11	25	5	0	0	0	4	0	0	0	10	0	0	13	14	0	0	0	26	0	0	59	70	0	50	92	45	29	61	20	0	0	0	36	45	0	0	12	0	0	0	34	27	0	0	14	0	0	13	19	0	0	0	26	0	42	61	113	27	122	203
290	272	76	88	104	254	37	32	64	76	88	104	50	16	87	116	187	297	520	203	236	33	32	33	37	32	64	35	16	41	26	96	128	320	92	76	88	104	43	0	16	53	39	43	0	185	50	16	87	116	187	297	520	203	218	24	32	33	33	32	33	31	16	10	26	87	128	165	92	37	32	64	11	0	14	53	18	32	0	141	35	16	41	26	96	128	320	92	76	88	104	24	0	0	0	41	99	0	0	43	0	16	53	39	43	0	185	50	16	87	116	187	297	520	203	200	16	27	33	24	32	33	17	16	10	26	55	128	165	92	33	32	33	10	0	0	53	18	32	0	132	31	16	10	26	87	128	165	92	37	32	64	5	0	0	0	9	0	0	0	11	0	14	53	18	32	0	141	35	16	41	26	96	128	320	92	75	88	104	15	55	0	0	42	88	0	0	24	0	0	0	41	99	0	0	43	0	16	53	39	43	0	185	50	16	87	116	186	297	520	203
189	177	60	45	40	165	29	20	38	60	45	40	36	10	45	28	152	144	160	0	153	26	20	20	29	20	38	26	10	41	0	78	80	152	0	60	45	40	22	0	16	40	32	20	0	99	36	10	45	28	152	144	160	0	141	21	20	20	26	20	20	26	10	10	0	72	80	80	0	29	20	38	10	0	14	40	16	20	0	63	26	10	41	0	78	80	152	0	60	45	40	19	0	0	0	32	30	0	0	22	0	16	40	32	20	0	99	36	10	45	28	152	144	160	0	129	14	16	20	21	20	20	16	10	10	0	51	80	80	0	26	20	20	10	0	0	40	16	20	0	54	26	10	10	0	72	80	80	0	29	20	38	5	0	0	0	7	0	0	0	10	0	14	40	16	20	0	63	26	10	41	0	78	80	152	0	59	45	40	15	24	0	0	29	42	0	0	19	0	0	0	32	30	0	0	22	0	16	40	32	20	0	99	36	10	45	28	151	144	160	0
179	167	56	51	10	155	26	32	0	56	51	10	30	32	10	0	131	126	30	51	143	24	32	0	26	32	0	22	32	0	0	68	88	0	36	56	51	10	14	0	0	0	24	16	0	0	30	32	10	0	131	126	30	51	131	21	32	0	24	32	0	22	32	0	0	64	88	0	36	26	32	0	10	0	0	0	14	16	0	0	22	32	0	0	68	88	0	36	56	51	10	15	0	0	0	30	15	0	0	14	0	0	0	24	16	0	0	30	32	10	0	131	126	30	51	119	15	26	0	21	32	0	14	32	0	0	50	88	0	36	24	32	0	10	0	0	0	14	16	0	0	22	32	0	0	64	88	0	36	26	32	0	5	0	0	0	4	0	0	0	10	0	0	0	14	16	0	0	22	32	0	0	68	88	0	36	55	51	10	14	30	0	0	32	30	0	0	15	0	0	0	30	15	0	0	14	0	0	0	24	16	0	0	30	32	10	0	130	126	30	51
344	321	81	129	121	298	49	104	65	81	129	121	57	159	0	117	201	321	121	297	275	42	100	28	49	104	65	40	153	0	11	129	289	65	171	81	129	121	45	66	0	54	51	108	0	203	57	159	0	117	201	321	121	297	252	29	65	25	42	100	28	30	147	0	11	106	280	28	121	49	104	65	12	34	0	45	19	68	0	92	40	153	0	11	129	289	65	171	81	129	121	22	48	30	27	26	54	242	0	45	66	0	54	51	108	0	203	57	159	0	117	201	321	121	297	229	15	16	25	29	65	25	18	48	0	11	65	128	25	121	42	100	28	9	32	0	45	19	68	0	92	30	147	0	11	106	280	28	121	49	104	65	5	0	29	27	10	34	130	0	12	34	0	45	19	68	0	92	40	153	0	11	129	289	65	171	81	129	121	3	16	62	0	12	19	363	0	22	48	30	27	26	54	242	0	45	66	0	54	51	108	0	203	57	159	0	117	201	321	121	297
290	271	84	98	100	252	49	48	78	84	98	100	73	32	64	65	206	262	400	144	233	37	40	59	49	48	78	43	32	62	28	134	128	312	102	84	98	100	47	96	33	94	55	108	0	85	73	32	64	65	206	262	400	144	214	23	12	25	37	40	59	31	24	57	0	99	100	236	53	49	48	78	13	0	33	27	23	32	0	16	43	32	62	28	134	128	312	102	84	98	100	23	48	28	81	31	72	200	146	47	96	33	94	55	108	0	85	73	32	64	65	206	262	400	144	195	13	0	9	23	12	25	17	0	22	0	61	12	100	53	37	40	59	10	0	30	27	23	32	0	16	31	24	57	0	99	100	236	53	49	48	78	7	0	28	27	14	32	156	86	13	0	33	27	23	32	0	16	43	32	62	28	134	128	312	102	84	98	100	10	0	17	0	14	18	100	68	23	48	28	81	31	72	200	146	47	96	33	94	55	108	0	85	73	32	64	65	206	262	400	144
249	233	68	51	93	217	40	15	67	68	51	93	64	0	67	58	166	144	279	154	201	32	15	65	40	15	67	37	0	65	54	111	60	201	102	68	51	93	46	0	0	28	40	90	0	0	64	0	67	58	166	144	279	154	185	21	12	42	32	15	65	31	0	63	20	89	60	195	53	40	15	67	11	0	0	0	22	30	0	0	37	0	65	54	111	60	201	102	68	51	93	21	36	0	93	25	24	0	99	46	0	0	28	40	90	0	0	64	0	67	58	166	144	279	154	169	10	0	30	21	12	42	17	0	43	20	55	48	126	53	32	15	65	10	0	0	0	22	30	0	0	31	0	63	20	89	60	195	53	40	15	67	5	0	0	60	12	0	0	63	11	0	0	0	22	30	0	0	37	0	65	54	111	60	201	102	68	51	93	4	0	27	20	9	0	93	55	21	36	0	93	25	24	0	99	46	0	0	28	40	90	0	0	64	0	67	58	166	144	279	154
245	227	85	120	31	209	46	94	0	85	120	31	56	123	0	0	211	313	62	215	191	39	84	0	46	94	0	39	112	0	0	122	263	0	127	84	120	31	45	105	0	0	53	60	0	0	56	123	0	0	210	313	62	215	173	27	67	0	39	84	0	29	99	0	0	99	233	0	77	45	94	0	10	81	0	0	21	40	0	0	39	112	0	0	121	263	0	127	80	120	31	17	84	0	0	40	38	31	0	45	105	0	0	53	60	0	0	53	123	0	0	199	313	62	215	155	16	48	0	27	67	0	15	76	0	0	65	172	0	77	38	84	0	7	78	0	0	21	40	0	0	29	99	0	0	98	233	0	77	41	94	0	1	50	0	0	16	20	0	0	10	81	0	0	21	40	0	0	36	112	0	0	110	263	0	127	78	120	31	4	26	27	0	19	11	62	0	17	84	0	0	40	38	31	0	45	105	0	0	53	60	0	0	52	123	0	0	197	313	62	215
233	217	86	94	11	201	46	56	0	86	94	11	67	109	0	0	201	241	55	104	185	38	30	0	46	56	0	47	60	0	0	127	136	0	64	86	94	11	36	110	0	0	56	60	11	0	67	109	0	0	201	241	55	104	169	28	5	0	38	30	0	40	20	0	0	101	65	0	33	46	56	0	15	5	0	0	25	22	0	0	47	60	0	0	127	136	0	64	86	94	11	31	25	0	0	39	45	44	0	36	110	0	0	56	60	11	0	67	109	0	0	201	241	55	104	153	16	0	0	28	5	0	28	0	0	0	72	5	0	33	38	30	0	13	0	0	0	25	20	0	0	40	20	0	0	101	65	0	33	46	56	0	7	0	0	0	20	22	0	0	15	5	0	0	25	22	0	0	47	60	0	0	127	136	0	64	86	94	11	19	0	11	0	16	48	11	0	31	25	0	0	39	45	44	0	36	110	0	0	56	60	11	0	67	109	0	0	201	241	55	104
250	233	52	44	122	216	34	16	79	52	44	122	53	0	38	84	119	16	244	235	199	19	14	77	34	16	79	29	0	31	80	92	16	158	145	52	44	122	18	28	52	32	15	32	0	0	53	0	38	84	119	16	244	235	182	10	0	75	19	14	77	14	0	31	76	43	14	154	124	34	16	79	10	0	0	28	15	32	0	0	29	0	31	80	92	16	158	145	52	44	122	8	0	45	28	12	32	122	0	18	28	52	32	15	32	0	0	53	0	38	84	119	16	244	235	165	8	0	51	10	0	75	10	0	31	37	25	0	150	67	19	14	77	7	0	0	0	15	28	0	0	14	0	31	76	43	14	154	124	34	16	79	7	0	0	0	12	32	79	0	10	0	0	28	15	32	0	0	29	0	31	80	92	16	158	145	52	44	122	5	0	8	91	11	16	0	99	8	0	45	28	12	32	122	0	18	28	52	32	15	32	0	0	53	0	38	84	119	16	244	235
217	202	63	49	77	187	39	34	23	63	49	77	58	46	16	12	146	98	77	356	172	24	11	23	39	34	23	36	22	11	12	104	89	23	210	63	49	77	21	11	84	0	30	28	154	0	58	46	16	12	146	98	77	356	157	12	0	23	24	11	23	17	0	11	12	53	11	23	152	39	34	23	12	0	0	0	19	24	46	0	36	22	11	12	104	89	23	210	63	49	77	8	0	93	0	20	28	77	0	21	11	84	0	30	28	154	0	58	46	16	12	146	98	77	356	142	9	0	22	12	0	23	10	0	11	11	27	0	23	92	24	11	23	7	0	0	0	19	22	46	0	17	0	11	12	53	11	23	152	39	34	23	7	0	0	0	14	24	23	0	12	0	0	0	19	24	46	0	36	22	11	12	104	89	23	210	63	49	77	7	0	24	11	14	14	0	0	8	0	93	0	20	28	77	0	21	11	84	0	30	28	154	0	58	46	16	12	146	98	77	356
161	150	41	28	29	139	21	0	23	41	28	29	33	0	16	12	80	49	116	11	128	11	0	23	21	0	23	11	0	11	12	47	0	92	0	41	28	29	8	0	20	0	8	0	0	0	33	0	16	12	80	49	116	11	117	7	0	23	11	0	23	4	0	11	12	19	0	92	0	21	0	23	0	0	0	0	8	0	0	0	11	0	11	12	47	0	92	0	41	28	29	2	0	5	0	8	0	0	0	8	0	20	0	8	0	0	0	33	0	16	12	80	49	116	11	106	7	0	22	7	0	23	4	0	11	11	15	0	92	0	11	0	23	0	0	0	0	8	0	0	0	4	0	11	12	19	0	92	0	21	0	23	2	0	0	0	8	0	0	0	0	0	0	0	8	0	0	0	11	0	11	12	47	0	92	0	41	28	29	4	0	0	11	13	0	0	0	2	0	5	0	8	0	0	0	8	0	20	0	8	0	0	0	33	0	16	12	80	49	116	11
245	228	55	82	65	211	24	30	34	55	82	65	24	120	52	23	112	182	260	204	194	14	0	34	24	30	34	13	0	44	23	54	80	136	145	55	82	65	8	0	58	0	25	0	195	0	24	120	52	23	112	182	260	204	177	8	0	31	14	0	34	4	0	44	20	26	0	136	124	24	30	34	0	0	13	0	12	0	102	0	13	0	44	23	54	80	136	145	55	82	65	2	0	29	30	18	0	0	0	8	0	58	0	25	0	195	0	24	120	52	23	112	182	260	204	160	8	0	17	8	0	31	4	0	41	6	17	0	124	67	14	0	34	0	0	13	0	12	0	102	0	4	0	44	20	26	0	136	124	24	30	34	2	0	0	0	10	0	0	0	0	0	13	0	12	0	102	0	13	0	44	23	54	80	136	145	55	82	65	6	0	0	24	17	0	0	47	2	0	29	30	18	0	0	0	8	0	58	0	25	0	195	0	24	120	52	23	112	182	260	204
205	189	56	97	17	173	24	64	0	56	97	17	34	82	5	0	115	199	68	111	157	11	54	0	24	64	0	14	54	0	0	60	142	0	78	56	97	17	8	24	44	0	17	22	17	0	34	82	5	0	115	199	68	111	141	5	46	0	11	54	0	2	48	0	0	18	126	0	59	24	64	0	2	0	0	0	9	20	0	0	14	54	0	0	60	142	0	78	56	97	17	1	22	17	0	13	22	17	0	8	24	44	0	17	22	17	0	34	82	5	0	115	199	68	111	125	4	42	0	5	46	0	0	44	0	0	9	113	0	25	11	54	0	0	0	0	0	9	12	0	0	2	48	0	0	18	126	0	59	24	64	0	0	20	0	0	10	20	0	0	2	0	0	0	9	20	0	0	14	54	0	0	60	142	0	78	56	97	17	2	42	0	0	17	11	0	0	1	22	17	0	13	22	17	0	8	24	44	0	17	22	17	0	34	82	5	0	115	199	68	111
193	179	43	33	68	165	18	0	37	43	33	68	21	0	98	61	98	66	204	111	151	16	0	30	18	0	37	16	0	41	33	40	0	111	57	43	33	68	3	0	16	23	16	0	0	11	21	0	98	61	98	66	204	111	137	16	0	30	16	0	30	16	0	20	33	38	0	90	57	18	0	37	3	0	5	23	8	0	0	0	16	0	41	33	40	0	111	57	43	33	68	11	0	0	0	18	0	0	0	3	0	16	23	16	0	0	11	21	0	98	61	98	66	204	111	123	13	0	27	16	0	30	16	0	20	30	38	0	90	54	16	0	30	3	0	0	20	4	0	0	0	16	0	20	33	38	0	90	57	18	0	37	2	0	0	0	10	0	0	0	3	0	5	23	8	0	0	0	16	0	41	33	40	0	111	57	43	33	68	15	0	0	30	14	33	0	0	11	0	0	0	18	0	0	0	3	0	16	23	16	0	0	11	21	0	98	61	98	66	204	111
140	130	16	0	84	120	7	0	30	16	0	84	7	0	58	66	36	0	0	310	110	4	0	29	7	0	30	4	0	0	64	13	0	0	159	16	0	84	0	0	31	10	6	0	0	0	7	0	58	66	36	0	0	310	100	4	0	29	4	0	29	4	0	0	64	10	0	0	157	7	0	30	0	0	0	10	6	0	0	0	4	0	0	64	13	0	0	159	16	0	84	2	0	0	0	6	0	0	0	0	0	31	10	6	0	0	0	7	0	58	66	36	0	0	310	90	4	0	29	4	0	29	4	0	0	64	10	0	0	152	4	0	29	0	0	0	10	0	0	0	0	4	0	0	64	10	0	0	157	7	0	30	2	0	0	0	6	0	0	0	0	0	0	10	6	0	0	0	4	0	0	64	13	0	0	159	16	0	84	4	0	0	0	6	0	0	0	2	0	0	0	6	0	0	0	0	0	31	10	6	0	0	0	7	0	58	66	36	0	0	310
112	104	26	0	37	96	10	0	0	26	0	37	5	0	36	0	60	0	0	233	88	8	0	0	10	0	0	4	0	0	0	19	0	0	136	26	0	37	0	0	20	0	4	0	0	0	5	0	36	0	60	0	0	233	80	8	0	0	8	0	0	4	0	0	0	17	0	0	134	10	0	0	0	0	0	0	4	0	0	0	4	0	0	0	19	0	0	136	26	0	37	2	0	0	0	4	0	0	0	0	0	20	0	4	0	0	0	5	0	36	0	60	0	0	233	72	8	0	0	8	0	0	4	0	0	0	17	0	0	129	8	0	0	0	0	0	0	0	0	0	0	4	0	0	0	17	0	0	134	10	0	0	2	0	0	0	4	0	0	0	0	0	0	0	4	0	0	0	4	0	0	0	19	0	0	136	26	0	37	4	0	0	0	11	0	0	0	2	0	0	0	4	0	0	0	0	0	20	0	4	0	0	0	5	0	36	0	60	0	0	233
160	147	41	54	23	134	14	30	0	41	54	23	17	0	36	0	89	110	92	111	121	13	30	0	14	30	0	16	0	0	0	34	50	0	57	41	54	23	3	0	6	0	19	0	0	0	17	0	36	0	89	110	92	111	108	13	30	0	13	30	0	16	0	0	0	33	50	0	57	14	30	0	3	0	0	0	6	0	0	0	16	0	0	0	34	50	0	57	41	54	23	11	0	0	0	19	0	0	0	3	0	6	0	19	0	0	0	17	0	36	0	89	110	92	111	95	10	30	0	13	30	0	16	0	0	0	33	50	0	54	13	30	0	3	0	0	0	4	0	0	0	16	0	0	0	33	50	0	57	14	30	0	2	0	0	0	8	0	0	0	3	0	0	0	6	0	0	0	16	0	0	0	34	50	0	57	41	54	23	15	0	0	0	11	18	0	0	11	0	0	0	19	0	0	0	3	0	6	0	19	0	0	0	17	0	36	0	89	110	92	111
115	106	35	23	0	97	11	8	0	35	23	0	12	0	0	0	79	61	0	0	88	11	8	0	11	8	0	12	0	0	0	26	16	0	0	35	23	0	3	0	0	0	25	0	0	0	12	0	0	0	79	61	0	0	79	11	8	0	11	8	0	12	0	0	0	26	16	0	0	11	8	0	3	0	0	0	4	0	0	0	12	0	0	0	26	16	0	0	35	23	0	9	0	0	0	20	0	0	0	3	0	0	0	25	0	0	0	12	0	0	0	79	61	0	0	70	8	8	0	11	8	0	12	0	0	0	26	16	0	0	11	8	0	3	0	0	0	4	0	0	0	12	0	0	0	26	16	0	0	11	8	0	0	0	0	0	6	0	0	0	3	0	0	0	4	0	0	0	12	0	0	0	26	16	0	0	35	23	0	11	0	0	0	11	9	0	0	9	0	0	0	20	0	0	0	3	0	0	0	25	0	0	0	12	0	0	0	79	61	0	0
168	155	33	12	76	142	17	0	49	33	12	76	20	0	11	72	79	12	76	91	129	15	0	33	17	0	49	18	0	10	26	44	0	49	37	33	12	76	7	0	0	39	26	24	0	65	20	0	11	72	79	12	76	91	116	13	0	27	15	0	33	14	0	5	20	35	0	33	30	17	0	49	5	0	0	13	5	0	0	34	18	0	10	26	44	0	49	37	33	12	76	10	0	0	13	22	24	0	11	7	0	0	39	26	24	0	65	20	0	11	72	79	12	76	91	103	9	0	27	13	0	27	12	0	0	20	30	0	27	30	15	0	33	3	0	0	13	5	0	0	34	14	0	5	20	35	0	33	30	17	0	49	0	0	0	13	8	0	0	0	5	0	0	13	5	0	0	34	18	0	10	26	44	0	49	37	33	12	76	11	0	0	0	8	12	0	0	10	0	0	13	22	24	0	11	7	0	0	39	26	24	0	65	20	0	11	72	79	12	76	91
204	188	49	48	71	172	23	0	62	49	48	71	35	0	68	0	105	120	284	23	156	16	0	61	23	0	62	19	0	68	0	55	0	248	0	49	48	71	9	0	23	16	26	60	0	0	35	0	68	0	105	120	284	23	140	13	0	41	16	0	61	14	0	65	0	38	0	244	0	23	0	62	5	0	23	0	6	0	0	0	19	0	68	0	55	0	248	0	49	48	71	10	0	0	45	23	36	0	121	9	0	23	16	26	60	0	0	35	0	68	0	105	120	284	23	124	9	0	40	13	0	41	12	0	15	0	30	0	164	0	16	0	61	3	0	22	0	6	0	0	0	14	0	65	0	38	0	244	0	23	0	62	0	0	0	44	10	0	0	65	5	0	23	0	6	0	0	0	19	0	68	0	55	0	248	0	49	48	71	11	0	0	9	8	12	0	0	10	0	0	45	23	36	0	121	9	0	23	16	26	60	0	0	35	0	68	0	105	120	284	23
203	187	60	55	83	171	27	0	74	60	55	83	57	0	110	61	128	165	415	0	155	17	0	41	27	0	74	25	0	108	5	72	0	370	0	60	55	83	16	0	27	105	33	88	0	142	57	0	110	61	128	165	415	0	139	11	0	0	17	0	41	17	0	81	0	42	0	205	0	27	0	74	6	0	27	0	6	0	0	57	25	0	108	5	72	0	370	0	60	55	83	12	0	30	0	31	33	0	263	16	0	27	105	33	88	0	142	57	0	110	61	128	165	415	0	123	6	0	0	11	0	0	12	0	0	0	27	0	0	0	17	0	41	3	0	24	0	6	0	0	57	17	0	81	0	42	0	205	0	27	0	74	0	0	30	0	10	0	0	143	6	0	27	0	6	0	0	57	25	0	108	5	72	0	370	0	60	55	83	11	0	10	0	15	11	0	0	12	0	30	0	31	33	0	263	16	0	27	105	33	88	0	142	57	0	110	61	128	165	415	0
188	173	44	38	83	158	22	14	53	44	38	83	27	0	49	85	97	64	166	91	143	19	14	17	22	14	53	23	0	43	5	59	28	106	37	44	38	83	9	0	0	73	32	36	0	159	27	0	49	85	97	64	166	91	128	16	14	0	19	14	17	18	0	17	0	46	28	34	30	22	14	53	5	0	0	0	6	0	0	57	23	0	43	5	59	28	106	37	44	38	83	12	0	0	0	29	36	0	111	9	0	0	73	32	36	0	159	27	0	49	85	97	64	166	91	113	10	12	0	16	14	0	16	0	0	0	38	28	0	30	19	14	17	3	0	0	0	6	0	0	57	18	0	17	0	46	28	34	30	22	14	53	0	0	0	0	10	0	0	78	5	0	0	0	6	0	0	57	23	0	43	5	59	28	106	37	44	38	83	11	24	20	0	11	12	0	0	12	0	0	0	29	36	0	111	9	0	0	73	32	36	0	159	27	0	49	85	97	64	166	91
198	180	61	116	31	162	23	80	10	60	116	31	32	141	11	10	138	293	93	91	144	16	77	5	22	80	10	13	132	10	5	64	215	30	37	60	116	31	28	33	0	25	30	74	0	0	32	141	11	10	138	293	93	91	126	7	68	0	15	77	5	2	132	5	0	36	209	15	30	22	80	10	2	33	0	0	2	44	0	0	13	132	10	5	64	215	30	37	60	116	31	1	72	0	0	17	90	0	11	28	33	0	25	30	74	0	0	32	141	11	10	138	293	93	91	108	6	35	0	6	68	0	0	105	0	0	11	182	0	30	15	77	5	0	33	0	0	2	44	0	0	2	132	5	0	36	209	15	30	22	80	10	0	0	0	0	4	66	0	0	2	33	0	0	2	44	0	0	13	132	10	5	64	215	30	37	60	116	31	2	72	0	0	9	8	93	0	1	72	0	0	17	90	0	11	28	33	0	25	30	74	0	0	32	141	11	10	138	293	93	91
189	173	43	39	99	157	20	0	64	43	39	99	46	0	71	51	87	52	297	185	141	12	0	64	20	0	64	19	0	68	51	56	0	192	146	43	39	99	9	0	0	0	6	0	0	0	46	0	71	51	87	52	297	185	125	6	0	63	12	0	64	14	0	68	49	30	0	192	107	20	0	64	5	0	0	0	6	0	0	0	19	0	68	51	56	0	192	146	43	39	99	1	0	24	16	10	0	0	0	9	0	0	0	6	0	0	0	46	0	71	51	87	52	297	185	109	2	0	40	6	0	63	3	0	67	15	13	0	189	41	12	0	64	3	0	0	0	6	0	0	0	14	0	68	49	30	0	192	107	20	0	64	0	0	0	0	10	0	0	0	5	0	0	0	6	0	0	0	19	0	68	51	56	0	192	146	42	39	99	0	0	24	50	10	0	0	121	1	0	24	16	10	0	0	0	9	0	0	0	6	0	0	0	46	0	71	51	86	52	297	185
208	190	48	80	102	172	20	24	76	48	80	102	35	96	72	44	109	148	408	154	154	11	0	76	20	24	76	13	0	69	44	52	48	304	136	48	80	102	9	0	33	0	4	0	204	0	35	96	72	44	109	148	408	154	136	7	0	70	11	0	76	5	0	69	40	23	0	304	102	20	24	76	4	0	30	0	2	0	152	0	13	0	69	44	52	48	304	136	47	80	102	1	0	11	68	14	0	0	0	9	0	33	0	4	0	204	0	35	96	72	44	106	148	408	154	118	6	0	22	7	0	70	3	0	66	0	13	0	280	41	11	0	76	2	0	30	0	2	0	152	0	5	0	69	40	23	0	304	102	19	24	76	0	0	10	0	6	0	0	0	4	0	30	0	2	0	152	0	13	0	69	44	49	48	304	136	44	80	102	0	0	0	94	16	0	0	245	1	0	11	68	14	0	0	0	9	0	33	0	4	0	204	0	34	96	72	44	103	148	408	154
249	227	64	109	159	205	32	85	92	64	109	159	61	138	30	154	151	290	159	344	183	22	49	84	32	85	92	30	98	27	144	86	267	92	248	64	109	159	15	66	33	73	14	19	318	0	61	138	30	154	151	290	159	344	161	13	16	41	22	49	84	24	32	27	84	57	114	84	157	32	85	92	6	32	30	5	5	17	184	0	30	98	27	144	86	267	92	248	64	109	159	15	16	57	105	26	38	318	216	15	66	33	73	14	19	318	0	61	138	30	154	151	290	159	344	139	4	0	0	13	16	41	11	0	24	0	31	32	41	68	22	49	84	6	0	30	0	5	16	168	0	24	32	27	84	57	114	84	157	32	85	92	0	0	30	0	10	34	184	102	6	32	30	5	5	17	184	0	30	98	27	144	86	267	92	248	63	109	159	10	0	58	0	7	51	159	263	15	16	57	105	26	38	318	216	15	66	33	73	14	19	318	0	61	138	30	154	150	290	159	344
137	125	41	37	43	113	21	18	0	41	37	43	48	26	0	0	98	73	86	268	101	13	8	0	21	18	0	20	8	0	0	60	62	0	199	41	37	43	13	16	0	0	10	11	43	0	48	26	0	0	98	73	86	268	89	6	0	0	13	8	0	14	0	0	0	33	24	0	124	21	18	0	5	0	0	0	5	10	0	0	20	8	0	0	60	62	0	199	41	37	43	1	0	24	0	16	22	43	0	13	16	0	0	10	11	43	0	48	26	0	0	98	73	86	268	77	1	0	0	6	0	0	3	0	0	0	14	0	0	41	13	8	0	3	0	0	0	5	8	0	0	14	0	0	0	33	24	0	124	21	18	0	0	0	0	0	8	20	0	0	5	0	0	0	5	10	0	0	20	8	0	0	60	62	0	199	41	37	43	0	0	36	0	7	0	0	0	1	0	24	0	16	22	43	0	13	16	0	0	10	11	43	0	48	26	0	0	98	73	86	268
145	132	53	55	11	119	25	15	0	53	55	11	33	75	0	0	122	135	55	83	106	20	0	0	25	15	0	21	0	0	0	66	45	0	74	53	55	11	11	0	0	0	10	0	33	0	33	75	0	0	122	135	55	83	93	17	0	0	20	0	0	16	0	0	0	49	0	0	41	25	15	0	7	0	0	0	6	0	0	0	21	0	0	0	66	45	0	74	51	55	11	16	0	0	0	24	0	0	0	11	0	0	0	10	0	33	0	33	75	0	0	116	135	55	83	80	13	0	0	17	0	0	14	0	0	0	41	0	0	0	20	0	0	5	0	0	0	6	0	0	0	16	0	0	0	49	0	0	41	23	15	0	0	0	0	0	8	0	0	0	7	0	0	0	6	0	0	0	21	0	0	0	60	45	0	74	44	55	11	10	0	0	0	17	30	0	0	16	0	0	0	24	0	0	0	11	0	0	0	6	0	33	0	29	75	0	0	103	135	55	83
121	110	21	0	76	99	6	0	20	21	0	76	7	0	79	14	56	0	0	414	88	3	0	19	6	0	20	2	0	0	13	12	0	0	232	21	0	76	2	0	40	6	2	0	0	0	7	0	79	14	56	0	0	414	77	2	0	19	3	0	19	0	0	0	13	4	0	0	224	6	0	20	0	0	0	6	2	0	0	0	2	0	0	13	12	0	0	232	21	0	76	0	0	16	0	4	0	0	0	2	0	40	6	2	0	0	0	7	0	79	14	56	0	0	414	66	2	0	19	2	0	19	0	0	0	13	2	0	0	174	3	0	19	0	0	0	6	0	0	0	0	0	0	0	13	4	0	0	224	6	0	20	0	0	0	0	4	0	0	0	0	0	0	6	2	0	0	0	2	0	0	13	12	0	0	232	19	0	76	0	0	0	0	14	0	0	0	0	0	16	0	4	0	0	0	2	0	40	6	2	0	0	0	7	0	79	14	54	0	0	414
154	140	16	0	125	126	3	0	80	16	0	125	1	0	47	95	40	0	0	255	112	2	0	78	3	0	80	0	0	0	89	5	0	0	140	16	0	125	0	0	8	34	1	0	0	0	1	0	47	95	40	0	0	255	98	2	0	78	2	0	78	0	0	0	89	2	0	0	140	3	0	80	0	0	0	34	1	0	0	0	0	0	0	89	5	0	0	140	16	0	125	0	0	0	0	2	0	0	0	0	0	8	34	1	0	0	0	1	0	47	95	40	0	0	255	84	2	0	77	2	0	78	0	0	0	86	2	0	0	133	2	0	78	0	0	0	32	0	0	0	0	0	0	0	89	2	0	0	140	3	0	80	0	0	0	0	2	0	0	0	0	0	0	34	1	0	0	0	0	0	0	89	5	0	0	140	14	0	125	0	0	0	16	11	0	0	0	0	0	0	0	2	0	0	0	0	0	8	34	1	0	0	0	1	0	47	95	38	0	0	255
165	149	49	59	81	133	24	15	45	49	59	81	29	0	78	64	121	136	324	212	117	23	15	44	24	15	45	26	0	33	62	61	15	180	140	48	59	81	12	0	13	10	11	0	0	0	29	0	78	64	120	136	324	212	101	23	15	44	23	15	44	26	0	30	62	59	15	176	140	23	15	45	12	0	11	10	7	0	0	0	26	0	33	62	60	15	180	140	44	59	81	21	0	0	0	28	0	0	0	12	0	13	10	11	0	0	0	28	0	78	64	108	136	324	212	86	19	15	42	23	15	44	26	0	30	58	59	15	176	133	22	15	44	12	0	10	8	7	0	0	0	26	0	30	62	58	15	176	140	20	15	45	4	0	0	0	10	0	0	0	12	0	11	10	7	0	0	0	25	0	33	62	51	15	180	140	36	44	81	17	0	0	16	17	44	0	0	21	0	0	0	28	0	0	0	10	0	13	10	4	0	0	0	22	0	78	64	91	121	324	212
100	90	42	27	17	80	23	9	0	42	27	17	26	0	39	0	106	51	51	113	70	23	9	0	23	9	0	26	0	0	0	59	9	0	76	41	27	17	12	0	0	0	9	0	0	0	26	0	39	0	105	51	51	113	60	23	9	0	23	9	0	26	0	0	0	59	9	0	76	22	9	0	12	0	0	0	7	0	0	0	26	0	0	0	58	9	0	76	37	27	17	21	0	0	0	20	0	0	0	12	0	0	0	9	0	0	0	25	0	39	0	93	51	51	113	51	19	9	0	23	9	0	26	0	0	0	59	9	0	70	22	9	0	12	0	0	0	7	0	0	0	26	0	0	0	58	9	0	76	19	9	0	4	0	0	0	10	0	0	0	12	0	0	0	7	0	0	0	25	0	0	0	49	9	0	76	29	18	17	17	0	0	0	16	24	0	0	21	0	0	0	20	0	0	0	10	0	0	0	2	0	0	0	19	0	39	0	76	42	51	113
68	59	42	29	5	50	18	20	0	42	29	5	31	15	15	0	95	75	10	11	41	14	20	0	18	20	0	15	15	0	0	42	60	0	0	34	29	5	9	0	0	0	3	20	0	0	31	15	15	0	78	75	10	11	33	14	20	0	14	20	0	15	15	0	0	32	60	0	0	13	20	0	9	0	0	0	3	20	0	0	15	15	0	0	31	60	0	0	23	21	5	6	0	0	0	10	0	0	0	9	0	0	0	3	20	0	0	14	15	15	0	55	51	10	11	28	13	20	0	14	20	0	15	15	0	0	32	60	0	0	13	20	0	9	0	0	0	3	20	0	0	15	15	0	0	31	60	0	0	11	15	0	4	0	0	0	8	0	0	0	9	0	0	0	3	20	0	0	14	15	0	0	25	45	0	0	18	6	5	7	0	0	0	16	3	0	0	6	0	0	0	10	0	0	0	7	0	0	0	0	0	0	0	11	0	15	0	47	6	10	11
117	103	52	45	60	89	28	42	30	51	45	60	26	32	14	86	125	101	0	103	75	28	40	11	27	42	30	26	30	13	11	69	96	0	45	44	45	60	19	20	0	22	19	0	0	113	26	32	14	86	111	101	0	103	62	26	40	10	27	40	11	26	30	11	10	69	90	0	44	23	42	30	13	20	0	20	7	0	0	76	26	30	13	11	61	96	0	45	38	32	60	24	0	0	10	32	20	0	0	19	20	0	22	19	0	0	113	22	32	14	86	94	62	0	103	50	21	40	10	25	40	10	26	30	10	10	63	90	0	44	23	40	11	13	20	0	20	7	0	0	76	26	30	11	10	61	90	0	44	18	30	30	5	0	0	10	10	20	0	0	13	20	0	20	7	0	0	76	22	30	13	11	47	60	0	45	25	20	60	20	0	0	0	9	10	0	0	22	0	0	10	32	20	0	0	11	20	0	22	5	0	0	113	17	20	14	86	66	50	0	103
93	80	60	62	14	67	30	44	13	58	62	14	33	27	14	13	157	138	42	0	55	29	41	11	29	44	13	30	27	13	11	84	105	39	0	44	50	14	26	24	0	22	16	5	0	0	30	27	14	13	119	126	42	0	46	23	40	10	28	41	11	28	24	11	10	79	97	33	0	23	35	13	12	24	0	20	3	0	0	0	27	27	13	11	67	96	39	0	42	23	14	25	8	0	10	30	36	0	0	26	24	0	22	16	5	0	0	29	0	14	13	113	54	42	0	37	18	37	10	22	40	10	26	24	10	10	59	96	30	0	22	32	11	12	24	0	20	3	0	0	0	25	24	11	10	62	88	33	0	21	8	13	7	8	0	10	12	16	0	0	12	24	0	20	3	0	0	0	26	0	13	11	61	24	39	0	35	23	14	24	15	0	0	10	5	0	0	25	8	0	10	30	36	0	0	18	24	0	22	9	5	0	0	26	0	14	13	100	54	42	0
136	122	65	40	78	108	41	0	54	63	40	78	46	0	58	118	169	100	312	81	94	38	0	11	39	0	54	37	0	53	11	110	0	216	45	58	40	78	39	0	17	22	16	20	0	315	43	0	58	118	157	100	312	81	80	30	0	10	36	0	11	31	0	11	10	98	0	44	44	34	0	54	15	0	16	20	3	0	0	168	34	0	53	11	98	0	216	45	53	40	78	26	0	0	10	32	80	0	0	39	0	17	22	16	20	0	315	39	0	58	118	143	100	312	81	66	25	0	10	28	0	10	29	0	10	10	72	0	40	44	31	0	11	15	0	0	20	3	0	0	160	28	0	11	10	86	0	44	44	29	0	54	8	0	0	10	14	0	0	0	15	0	16	20	3	0	0	168	30	0	53	11	84	0	216	45	48	40	78	27	0	0	0	11	10	0	0	26	0	0	10	32	80	0	0	37	0	17	22	13	20	0	315	36	0	58	118	135	100	312	81
157	138	84	129	44	119	42	81	21	79	129	44	40	110	34	41	203	348	220	98	100	39	78	0	37	81	21	31	104	32	0	106	211	105	45	71	129	44	42	39	17	0	25	16	0	170	35	110	34	41	180	348	220	98	81	29	63	0	34	78	0	25	104	0	0	94	208	0	44	29	81	21	12	39	16	0	3	0	0	92	26	104	32	0	83	211	105	45	65	129	44	18	120	0	0	40	96	0	0	42	39	17	0	25	16	0	170	31	110	34	41	163	348	220	98	63	25	29	0	24	63	0	23	74	0	0	62	158	0	44	26	78	0	12	39	0	0	3	0	0	84	20	104	0	0	71	208	0	44	24	81	21	8	0	0	0	12	26	0	0	12	39	16	0	3	0	0	92	22	104	32	0	69	211	105	45	55	111	44	27	80	0	0	18	37	132	0	16	120	0	0	40	96	0	0	34	39	17	0	15	16	0	170	28	110	34	41	144	330	220	98
122	105	76	110	20	88	40	84	0	71	110	20	42	128	0	0	179	263	40	103	72	37	77	0	36	84	0	30	114	0	0	98	212	0	45	55	94	20	28	74	0	0	22	39	0	0	31	128	0	0	137	247	40	103	57	29	71	0	33	77	0	30	109	0	0	90	196	0	44	23	69	0	8	65	0	0	4	30	0	0	19	114	0	0	62	197	0	45	45	79	20	28	53	0	0	34	74	0	0	28	74	0	0	22	39	0	0	16	113	0	0	113	202	40	103	44	22	57	0	25	71	0	20	102	0	0	64	182	0	44	23	64	0	8	63	0	0	4	27	0	0	19	109	0	0	62	183	0	44	18	56	0	4	36	0	0	8	54	0	0	8	65	0	0	4	30	0	0	16	101	0	0	48	158	0	45	30	53	20	20	51	0	0	11	37	20	0	20	53	0	0	34	74	0	0	10	48	0	0	7	0	0	0	12	87	0	0	83	137	40	103
124	110	63	24	89	96	38	0	54	61	24	89	52	0	76	76	160	72	178	156	82	33	0	52	36	0	54	34	0	74	71	105	0	108	88	56	24	89	37	0	11	29	14	24	0	0	49	0	76	76	148	72	178	156	68	21	0	30	31	0	52	28	0	73	33	88	0	104	22	31	0	54	13	0	11	11	3	0	0	0	31	0	74	71	93	0	108	88	52	24	89	9	0	31	57	12	0	0	159	37	0	11	29	14	24	0	0	45	0	76	76	137	72	178	156	54	14	0	20	19	0	30	17	0	46	30	48	0	60	20	26	0	52	13	0	11	10	3	0	0	0	25	0	73	33	76	0	104	22	27	0	54	8	0	0	30	12	0	0	92	13	0	11	11	3	0	0	0	27	0	74	71	82	0	108	88	49	24	89	8	0	42	20	7	0	0	31	9	0	31	57	12	0	0	159	35	0	11	29	11	24	0	0	43	0	76	76	131	72	178	156
94	83	48	30	20	72	25	0	12	46	30	20	36	0	24	0	115	66	100	44	61	20	0	12	23	0	12	19	0	24	0	71	0	60	21	43	30	20	27	0	0	0	8	18	0	0	33	0	24	0	105	66	100	44	50	9	0	11	18	0	12	13	0	24	0	55	0	60	0	20	0	12	3	0	0	0	0	0	0	0	16	0	24	0	61	0	60	21	43	30	20	4	0	24	11	4	0	0	0	27	0	0	0	8	18	0	0	33	0	24	0	105	66	100	44	39	6	0	10	7	0	11	5	0	22	0	19	0	55	0	15	0	12	3	0	0	0	0	0	0	0	10	0	24	0	45	0	60	0	20	0	12	3	0	0	10	4	0	0	0	3	0	0	0	0	0	0	0	16	0	24	0	61	0	60	21	42	30	20	7	0	16	10	4	0	0	0	4	0	24	11	4	0	0	0	27	0	0	0	8	18	0	0	33	0	24	0	104	66	100	44
133	117	62	71	64	101	28	36	38	60	71	64	37	56	52	44	152	215	192	136	85	23	20	35	26	36	38	20	20	50	40	75	115	114	88	56	71	64	24	60	11	32	10	30	64	0	34	56	52	44	141	215	192	136	69	14	0	8	21	20	35	16	0	49	0	62	50	105	22	22	36	38	6	0	11	0	0	0	38	0	17	20	50	40	64	115	114	88	53	71	64	5	0	24	24	12	0	128	202	24	60	11	32	10	30	64	0	31	56	52	44	133	215	192	136	53	10	0	0	12	0	8	8	0	24	0	31	0	24	20	17	20	35	6	0	11	0	0	0	35	0	13	0	49	0	51	50	105	22	19	36	38	4	0	0	0	6	0	76	92	6	0	11	0	0	0	38	0	14	20	50	40	56	115	114	88	52	71	64	7	0	21	0	10	0	0	31	5	0	24	24	12	0	128	202	24	60	11	32	10	30	64	0	31	56	52	44	132	215	192	136
127	110	65	103	29	94	25	67	11	60	87	29	33	72	33	0	151	262	116	122	78	20	44	11	20	51	11	17	28	33	0	61	167	44	75	56	87	29	11	112	11	0	10	21	29	0	28	72	33	0	136	262	116	122	62	13	16	8	15	28	11	15	0	33	0	48	84	44	11	16	51	11	3	0	11	0	0	0	11	0	12	28	33	0	46	167	44	75	56	87	29	9	0	24	24	16	0	116	0	11	112	11	0	10	21	29	0	28	72	33	0	136	262	116	122	46	9	16	0	8	0	8	7	0	24	0	24	0	32	10	11	28	11	3	0	11	0	0	0	11	0	10	0	33	0	33	84	44	11	16	51	11	3	0	0	0	4	0	44	0	3	0	11	0	0	0	11	0	12	28	33	0	46	167	44	75	55	87	29	21	0	16	0	15	12	0	31	9	0	24	24	16	0	116	0	11	112	11	0	10	21	29	0	28	72	33	0	135	262	116	122
104	88	71	88	30	73	33	75	0	58	73	30	38	54	0	0	151	250	30	156	61	31	73	0	30	63	0	31	54	0	0	87	228	0	88	53	37	30	41	16	0	0	18	0	0	0	36	18	0	0	138	130	30	156	49	19	53	0	28	61	0	25	52	0	0	77	219	0	22	25	27	0	13	0	0	0	3	0	0	0	29	18	0	0	74	108	0	88	49	37	30	10	41	31	0	22	22	60	0	41	16	0	0	18	0	0	0	32	18	0	0	127	130	30	156	37	12	38	0	16	41	0	16	33	0	0	40	134	0	20	23	25	0	13	0	0	0	3	0	0	0	23	16	0	0	64	99	0	22	21	27	0	5	27	0	0	10	18	0	0	13	0	0	0	3	0	0	0	25	18	0	0	63	108	0	88	43	37	30	11	65	42	0	14	9	30	0	10	41	31	0	22	22	60	0	33	16	0	0	11	0	0	0	30	18	0	0	115	130	30	156
126	110	31	28	116	94	17	0	66	29	28	116	21	0	31	95	74	28	232	232	78	6	0	64	15	0	66	5	0	11	91	45	0	132	115	26	28	116	0	0	64	34	0	0	0	0	18	0	31	95	64	28	232	232	62	5	0	63	4	0	64	3	0	11	89	13	0	128	110	12	0	66	0	0	0	32	0	0	0	0	2	0	11	91	35	0	132	115	26	28	116	3	0	8	16	2	0	0	0	0	0	64	34	0	0	0	0	18	0	31	95	64	28	232	232	46	5	0	41	3	0	63	3	0	11	46	10	0	126	57	1	0	64	0	0	0	0	0	0	0	0	0	0	11	89	3	0	128	110	12	0	66	3	0	0	0	2	0	0	0	0	0	0	32	0	0	0	0	2	0	11	91	35	0	132	115	26	28	116	7	0	0	59	2	0	0	159	3	0	8	16	2	0	0	0	0	0	64	34	0	0	0	0	18	0	31	95	64	28	232	232
71	62	19	8	37	53	8	0	22	18	8	37	14	0	7	24	39	0	37	49	44	1	0	22	7	0	22	0	0	0	24	18	0	22	23	18	8	37	0	0	28	0	0	0	0	0	14	0	7	24	39	0	37	49	35	1	0	22	0	0	22	0	0	0	24	0	0	22	23	7	0	22	0	0	0	0	0	0	0	0	0	0	0	24	18	0	22	23	18	8	37	0	0	0	0	0	0	0	0	0	0	28	0	0	0	0	0	14	0	7	24	39	0	37	49	26	1	0	21	0	0	22	0	0	0	22	0	0	22	19	0	0	22	0	0	0	0	0	0	0	0	0	0	0	24	0	0	22	23	7	0	22	0	0	0	0	0	0	0	0	0	0	0	0	0	0	0	0	0	0	0	24	18	0	22	23	18	8	37	0	0	0	11	1	0	0	0	0	0	0	0	0	0	0	0	0	0	28	0	0	0	0	0	14	0	7	24	39	0	37	49
78	68	15	16	38	58	3	0	29	15	16	38	10	0	14	33	25	16	76	20	48	0	0	29	3	0	29	0	0	11	33	6	0	58	12	15	16	38	0	0	0	0	0	0	0	0	10	0	14	33	25	16	76	20	38	0	0	29	0	0	29	0	0	11	33	0	0	58	12	3	0	29	0	0	0	0	0	0	0	0	0	0	11	33	6	0	58	12	15	16	38	0	0	0	0	0	0	0	0	0	0	0	0	0	0	0	0	10	0	14	33	25	16	76	20	28	0	0	26	0	0	29	0	0	11	24	0	0	58	11	0	0	29	0	0	0	0	0	0	0	0	0	0	11	33	0	0	58	12	3	0	29	0	0	0	0	0	0	0	0	0	0	0	0	0	0	0	0	0	0	11	33	6	0	58	12	15	16	38	0	0	0	24	0	0	0	0	0	0	0	0	0	0	0	0	0	0	0	0	0	0	0	0	10	0	14	33	25	16	76	20
112	97	33	62	49	82	8	18	11	32	62	49	8	72	31	33	70	155	196	202	67	1	0	11	7	18	11	0	0	11	33	18	45	44	115	32	62	49	0	0	48	0	0	0	98	0	8	72	31	33	70	155	196	202	52	1	0	11	0	0	11	0	0	11	33	0	0	44	110	7	18	11	0	0	0	0	0	0	22	0	0	0	11	33	18	45	44	115	32	62	49	0	0	0	0	6	0	0	0	0	0	48	0	0	0	98	0	8	72	31	33	70	155	196	202	37	1	0	8	0	0	11	0	0	11	24	0	0	44	57	0	0	11	0	0	0	0	0	0	22	0	0	0	11	33	0	0	44	110	7	18	11	0	0	0	0	0	0	0	0	0	0	0	0	0	0	22	0	0	0	11	33	18	45	44	115	32	62	49	0	0	0	24	7	0	0	0	0	0	0	0	6	0	0	0	0	0	48	0	0	0	98	0	8	72	31	33	70	155	196	202
76	66	23	23	23	56	9	7	0	22	23	23	14	14	17	0	50	23	46	113	46	1	0	0	8	7	0	0	0	0	0	22	7	0	61	22	23	23	0	0	48	0	0	0	23	0	14	14	17	0	50	23	46	113	36	1	0	0	0	0	0	0	0	0	0	0	0	0	58	8	7	0	0	0	0	0	0	0	0	0	0	0	0	0	22	7	0	61	22	23	23	0	0	0	0	0	0	0	0	0	0	48	0	0	0	23	0	14	14	17	0	50	23	46	113	26	1	0	0	0	0	0	0	0	0	0	0	0	0	27	0	0	0	0	0	0	0	0	0	0	0	0	0	0	0	0	0	0	58	8	7	0	0	0	0	0	0	0	0	0	0	0	0	0	0	0	0	0	0	0	0	0	22	7	0	61	22	23	23	0	0	0	0	2	0	0	0	0	0	0	0	0	0	0	0	0	0	48	0	0	0	23	0	14	14	17	0	50	23	46	113
75	64	19	18	55	53	2	0	14	17	18	55	0	0	25	42	37	27	110	226	42	2	0	11	0	0	14	0	0	0	33	0	0	28	106	17	18	55	0	0	0	33	0	0	0	0	0	0	25	42	37	27	110	226	31	2	0	11	0	0	11	0	0	0	33	0	0	22	104	0	0	14	0	0	0	33	0	0	0	0	0	0	0	33	0	0	28	106	17	18	55	0	0	0	0	0	0	0	0	0	0	0	33	0	0	0	0	0	0	25	42	37	27	110	226	20	2	0	11	0	0	11	0	0	0	33	0	0	22	103	0	0	11	0	0	0	33	0	0	0	0	0	0	0	33	0	0	22	104	0	0	14	0	0	0	0	0	0	0	0	0	0	0	33	0	0	0	0	0	0	0	33	0	0	28	106	17	18	55	4	0	0	0	4	0	0	0	0	0	0	0	0	0	0	0	0	0	0	33	0	0	0	0	0	0	25	42	37	27	110	226
72	61	37	30	33	50	6	0	17	32	30	33	2	0	88	58	74	90	165	49	39	6	0	0	1	0	17	2	0	48	0	5	0	85	11	31	30	33	0	0	0	0	0	0	0	93	0	0	88	58	69	90	165	49	28	6	0	0	1	0	0	2	0	0	0	5	0	0	11	0	0	17	0	0	0	0	0	0	0	49	0	0	48	0	0	0	85	11	31	30	33	5	0	0	0	14	0	0	0	0	0	0	0	0	0	0	93	0	0	88	58	69	90	165	49	17	5	0	0	1	0	0	2	0	0	0	5	0	0	11	0	0	0	0	0	0	0	0	0	0	46	0	0	0	0	0	0	0	11	0	0	17	0	0	0	0	0	0	0	0	0	0	0	0	0	0	0	49	0	0	48	0	0	0	85	11	31	30	33	14	0	0	0	14	6	0	0	5	0	0	0	14	0	0	0	0	0	0	0	0	0	0	93	0	0	88	58	69	90	165	49
49	42	8	0	46	35	0	0	0	8	0	46	0	0	25	0	15	0	0	263	28	0	0	0	0	0	0	0	0	0	0	0	0	0	128	8	0	46	0	0	0	0	0	0	0	0	0	0	25	0	15	0	0	263	21	0	0	0	0	0	0	0	0	0	0	0	0	0	126	0	0	0	0	0	0	0	0	0	0	0	0	0	0	0	0	0	0	128	8	0	46	0	0	0	0	0	0	0	0	0	0	0	0	0	0	0	0	0	0	25	0	15	0	0	263	14	0	0	0	0	0	0	0	0	0	0	0	0	0	125	0	0	0	0	0	0	0	0	0	0	0	0	0	0	0	0	0	0	126	0	0	0	0	0	0	0	0	0	0	0	0	0	0	0	0	0	0	0	0	0	0	0	0	0	0	128	8	0	46	0	0	0	0	0	0	0	0	0	0	0	0	0	0	0	0	0	0	0	0	0	0	0	0	0	0	25	0	15	0	0	263
53	45	20	15	9	37	2	0	0	18	15	9	0	0	18	0	39	30	27	49	29	2	0	0	0	0	0	0	0	0	0	0	0	0	11	18	15	9	0	0	0	0	0	0	0	0	0	0	18	0	39	30	27	49	21	2	0	0	0	0	0	0	0	0	0	0	0	0	11	0	0	0	0	0	0	0	0	0	0	0	0	0	0	0	0	0	0	11	18	15	9	0	0	0	0	2	0	0	0	0	0	0	0	0	0	0	0	0	0	18	0	39	30	27	49	13	2	0	0	0	0	0	0	0	0	0	0	0	0	11	0	0	0	0	0	0	0	0	0	0	0	0	0	0	0	0	0	0	11	0	0	0	0	0	0	0	0	0	0	0	0	0	0	0	0	0	0	0	0	0	0	0	0	0	0	11	18	15	9	4	0	0	0	6	0	0	0	0	0	0	0	2	0	0	0	0	0	0	0	0	0	0	0	0	0	18	0	39	30	27	49
39	33	18	9	0	27	2	0	0	16	9	0	0	0	0	0	34	18	0	0	21	2	0	0	0	0	0	0	0	0	0	0	0	0	0	16	9	0	0	0	0	0	0	0	0	0	0	0	0	0	34	18	0	0	15	2	0	0	0	0	0	0	0	0	0	0	0	0	0	0	0	0	0	0	0	0	0	0	0	0	0	0	0	0	0	0	0	0	16	9	0	0	0	0	0	2	0	0	0	0	0	0	0	0	0	0	0	0	0	0	0	34	18	0	0	9	2	0	0	0	0	0	0	0	0	0	0	0	0	0	0	0	0	0	0	0	0	0	0	0	0	0	0	0	0	0	0	0	0	0	0	0	0	0	0	0	0	0	0	0	0	0	0	0	0	0	0	0	0	0	0	0	0	0	0	0	16	9	0	4	0	0	0	6	0	0	0	0	0	0	0	2	0	0	0	0	0	0	0	0	0	0	0	0	0	0	0	34	18	0	0
86	71	51	44	76	56	25	0	64	41	44	76	24	0	62	60	99	99	304	33	41	22	0	47	15	0	64	16	0	62	17	42	0	256	17	30	44	76	23	0	31	66	14	0	0	49	11	0	62	60	66	99	304	33	26	15	0	15	12	0	47	14	0	61	0	36	0	188	0	4	0	64	2	0	31	0	3	0	0	11	3	0	62	17	9	0	256	17	29	44	76	20	0	9	54	18	66	0	123	23	0	31	66	14	0	0	49	10	0	62	60	63	99	304	33	11	6	0	0	5	0	15	5	0	37	0	16	0	60	0	1	0	47	0	0	31	0	0	0	0	11	1	0	61	0	3	0	188	0	3	0	64	0	0	9	0	0	0	0	49	2	0	31	0	3	0	0	11	2	0	62	17	6	0	256	17	17	44	76	15	0	36	0	13	44	0	64	11	0	9	54	18	66	0	123	3	0	31	66	0	0	0	49	8	0	62	60	39	99	304	33
83	69	25	13	84	55	8	0	53	19	13	84	4	0	26	74	43	13	84	97	41	7	0	30	2	0	53	2	0	26	17	6	0	53	31	18	13	84	0	0	13	58	0	0	0	72	2	0	26	74	38	13	84	97	27	7	0	8	1	0	30	2	0	26	0	5	0	30	11	1	0	53	0	0	13	0	0	0	0	11	0	0	26	17	1	0	53	31	18	13	84	6	0	0	40	16	0	0	93	0	0	13	58	0	0	0	72	2	0	26	74	38	13	84	97	13	5	0	0	1	0	8	2	0	16	0	5	0	8	11	0	0	30	0	0	13	0	0	0	0	11	0	0	26	0	0	0	30	11	1	0	53	0	0	0	0	0	0	0	49	0	0	13	0	0	0	0	11	0	0	26	17	1	0	53	31	16	13	84	14	0	0	0	13	13	0	44	5	0	0	40	16	0	0	93	0	0	13	58	0	0	0	72	2	0	26	74	36	13	84	97
77	61	49	81	40	47	18	39	33	36	53	40	13	26	35	11	80	169	200	33	34	17	39	28	10	13	33	11	26	35	7	28	65	165	17	27	40	40	18	0	13	36	16	0	0	0	2	0	35	11	53	104	200	33	21	11	34	8	9	13	28	11	26	34	0	27	65	140	0	1	0	33	0	0	13	0	0	0	0	0	0	0	35	7	1	0	165	17	27	40	40	12	40	0	40	12	48	0	59	18	0	13	36	16	0	0	0	2	0	35	11	53	104	200	33	8	4	16	0	3	8	8	3	16	16	0	10	40	40	0	0	0	28	0	0	13	0	0	0	0	0	0	0	34	0	0	0	140	0	1	0	33	0	0	0	0	0	0	0	11	0	0	13	0	0	0	0	0	0	0	35	7	1	0	165	17	13	40	40	5	80	27	0	10	32	40	44	3	40	0	40	12	48	0	59	0	0	13	36	0	0	0	0	2	0	35	11	27	104	200	33
66	53	22	40	35	42	6	22	11	17	18	35	2	0	0	11	40	27	70	97	31	6	22	7	1	0	11	2	0	0	7	5	0	22	31	16	18	35	0	0	0	28	3	0	0	0	0	0	0	11	35	27	70	97	20	6	22	0	1	0	7	2	0	0	0	5	0	14	11	0	0	11	0	0	0	0	0	0	0	0	0	0	0	7	0	0	22	31	16	18	35	8	0	0	0	14	0	0	29	0	0	0	28	3	0	0	0	0	0	0	11	35	27	70	97	9	3	18	0	1	0	0	2	0	0	0	5	0	0	11	0	0	7	0	0	0	0	0	0	0	0	0	0	0	0	0	0	14	11	0	0	11	0	0	0	0	0	0	0	11	0	0	0	0	0	0	0	0	0	0	0	7	0	0	22	31	13	18	35	10	36	0	0	11	18	0	0	5	0	0	0	14	0	0	29	0	0	0	28	0	0	0	0	0	0	0	11	29	27	70	97
57	47	27	21	14	37	9	0	0	21	21	14	2	0	0	0	49	42	42	42	27	9	0	0	3	0	0	2	0	0	0	11	0	0	17	18	21	14	6	0	0	0	7	0	0	0	0	0	0	0	38	42	42	42	17	7	0	0	3	0	0	2	0	0	0	11	0	0	0	0	0	0	0	0	0	0	0	0	0	0	0	0	0	0	0	0	0	17	18	21	14	8	0	0	0	12	14	0	0	6	0	0	0	7	0	0	0	0	0	0	0	38	42	42	42	7	4	0	0	1	0	0	2	0	0	0	5	0	0	0	0	0	0	0	0	0	0	0	0	0	0	0	0	0	0	0	0	0	0	0	0	0	0	0	0	0	0	0	0	0	0	0	0	0	0	0	0	0	0	0	0	0	0	0	0	17	12	21	14	14	0	0	0	11	14	0	0	5	0	0	0	12	14	0	0	0	0	0	0	0	0	0	0	0	0	0	0	26	42	42	42
64	50	40	35	71	37	20	13	32	33	22	71	26	0	46	48	74	55	142	165	24	15	13	32	13	0	32	11	0	41	48	37	0	64	108	22	22	71	20	0	20	0	16	33	0	0	16	0	46	48	43	55	142	165	11	7	11	32	8	0	32	10	0	41	48	23	0	64	82	2	0	32	0	0	19	0	0	0	0	0	1	0	41	48	6	0	64	108	15	22	71	7	22	18	0	0	0	0	0	20	0	20	0	16	33	0	0	3	0	46	48	27	55	142	165	0	0	0	25	0	0	32	0	0	41	31	0	0	64	23	0	0	32	0	0	19	0	0	0	0	0	0	0	41	48	0	0	64	82	0	0	32	0	0	9	0	0	0	0	0	0	0	19	0	0	0	0	0	0	0	41	48	0	0	64	108	0	0	71	0	0	34	54	0	0	71	0	0	0	18	0	0	0	0	0	0	0	20	0	0	0	0	0	0	0	46	48	0	0	142	165
76	59	52	66	81	42	26	30	49	39	66	81	33	0	46	66	91	162	243	130	27	17	24	49	19	30	49	17	0	41	66	52	90	147	97	25	36	81	14	72	44	0	15	48	0	0	20	0	46	66	53	72	243	130	12	7	0	48	10	24	49	13	0	41	64	28	72	147	75	5	0	49	0	0	43	0	0	0	0	0	4	0	41	66	14	0	147	97	14	36	81	9	0	59	8	0	0	162	0	14	72	44	0	15	48	0	0	3	0	46	66	26	72	243	130	0	0	0	30	0	0	48	0	0	41	31	0	0	144	23	0	0	49	0	0	43	0	0	0	0	0	0	0	41	64	0	0	147	75	0	0	49	0	0	44	0	0	0	98	0	0	0	43	0	0	0	0	0	0	0	41	66	0	0	147	97	0	0	81	0	0	27	69	0	0	0	30	0	0	59	8	0	0	162	0	0	0	44	0	0	0	0	0	0	0	46	66	0	0	243	130
57	41	42	89	29	27	13	60	9	27	61	29	18	80	20	9	62	152	87	116	17	8	48	9	9	40	9	3	80	18	9	25	110	27	97	19	21	29	8	84	10	0	15	28	0	0	16	0	20	9	40	42	87	116	7	4	14	9	4	28	9	2	56	18	9	12	77	27	75	1	0	9	0	0	9	0	0	0	0	0	1	0	18	9	3	0	27	97	12	21	29	3	42	18	0	0	0	116	0	8	84	10	0	15	28	0	0	2	0	20	9	24	42	87	116	0	0	0	7	0	0	9	0	0	18	7	0	0	27	23	0	0	9	0	0	9	0	0	0	0	0	0	0	18	9	0	0	27	75	0	0	9	0	0	9	0	0	0	36	0	0	0	9	0	0	0	0	0	0	0	18	9	0	0	27	97	0	0	29	0	0	16	14	0	0	58	0	0	0	18	0	0	0	116	0	0	0	10	0	0	0	0	0	0	0	20	9	0	0	87	116
50	39	27	19	48	29	14	10	0	20	9	48	10	0	0	0	49	9	48	249	19	14	10	0	7	0	0	10	0	0	0	22	0	0	161	13	9	48	18	0	0	0	16	0	0	0	0	0	0	0	27	9	48	249	9	7	9	0	7	0	0	10	0	0	0	22	0	0	112	0	0	0	0	0	0	0	0	0	0	0	0	0	0	0	0	0	0	161	12	9	48	8	9	8	0	0	0	0	0	18	0	0	0	16	0	0	0	0	0	0	0	24	9	48	249	0	0	0	0	0	0	0	0	0	0	0	0	0	0	31	0	0	0	0	0	0	0	0	0	0	0	0	0	0	0	0	0	0	112	0	0	0	0	0	0	0	0	0	0	0	0	0	0	0	0	0	0	0	0	0	0	0	0	0	0	161	0	0	48	0	0	34	0	0	0	48	0	0	0	8	0	0	0	0	0	0	0	0	0	0	0	0	0	0	0	0	0	0	0	48	249
41	32	34	20	8	23	18	0	0	28	20	8	24	0	0	0	65	35	32	40	14	13	0	0	12	0	0	10	0	0	0	34	0	0	33	16	20	8	18	0	0	0	11	25	0	0	14	0	0	0	31	35	32	40	5	6	0	0	7	0	0	10	0	0	0	22	0	0	28	0	0	0	0	0	0	0	0	0	0	0	0	0	0	0	0	0	0	33	9	20	8	9	0	8	0	0	0	0	0	18	0	0	0	11	25	0	0	0	0	0	0	18	35	32	40	0	0	0	0	0	0	0	0	0	0	0	0	0	0	8	0	0	0	0	0	0	0	0	0	0	0	0	0	0	0	0	0	0	28	0	0	0	0	0	0	0	0	0	0	0	0	0	0	0	0	0	0	0	0	0	0	0	0	0	0	33	0	0	8	0	0	16	0	0	0	0	0	0	0	8	0	0	0	0	0	0	0	0	0	0	0	0	0	0	0	0	0	0	0	32	40
59	44	31	14	116	29	16	0	65	27	14	116	26	0	30	82	62	42	116	237	14	4	0	61	12	0	65	8	0	25	73	30	0	65	90	12	14	116	0	0	65	48	0	0	0	0	18	0	30	82	26	42	116	237	0	0	0	61	0	0	61	0	0	24	73	0	0	61	90	0	0	65	0	0	10	48	0	0	0	0	0	0	25	73	0	0	65	90	0	0	116	0	0	34	0	0	0	0	0	0	0	65	48	0	0	0	0	0	0	30	82	0	0	116	237	0	0	0	61	0	0	61	0	0	24	73	0	0	61	89	0	0	61	0	0	9	48	0	0	0	0	0	0	24	73	0	0	61	90	0	0	65	0	0	0	0	0	0	0	0	0	0	10	48	0	0	0	0	0	0	25	73	0	0	65	90	0	0	0	0	0	0	0	0	0	0	0	0	0	0	0	0	0	0	0	0	0	0	48	0	0	0	0	0	0	0	82	0	0	0	237
58	41	37	82	53	24	13	30	15	26	82	53	15	120	18	30	59	182	212	189	10	3	0	14	10	30	15	8	0	15	27	24	80	60	90	9	40	53	0	0	65	9	0	0	159	0	7	120	18	30	19	70	212	189	0	0	0	14	0	0	14	0	0	14	27	0	0	56	90	0	0	15	0	0	10	9	0	0	45	0	0	0	15	27	0	0	60	90	0	0	53	0	0	25	0	0	0	0	0	0	0	65	9	0	0	159	0	0	0	18	30	0	0	212	189	0	0	0	14	0	0	14	0	0	14	27	0	0	56	89	0	0	14	0	0	9	9	0	0	42	0	0	0	14	27	0	0	56	90	0	0	15	0	0	0	0	0	0	0	0	0	0	10	9	0	0	45	0	0	0	15	27	0	0	60	90	0	0	0	0	0	0	0	0	0	0	0	0	0	0	0	0	0	0	0	0	0	0	9	0	0	0	0	0	0	0	30	0	0	0	189
34	24	22	29	5	14	5	5	5	20	29	5	14	20	5	0	44	53	20	0	5	0	0	5	5	5	5	0	0	5	0	12	10	20	0	8	20	5	0	0	0	0	0	0	5	0	14	20	5	0	16	35	20	0	0	0	0	5	0	0	5	0	0	5	0	0	0	20	0	0	0	5	0	0	0	0	0	0	5	0	0	0	5	0	0	0	20	0	0	0	5	0	0	0	0	0	0	0	0	0	0	0	0	0	0	5	0	0	0	5	0	0	0	20	0	0	0	0	5	0	0	5	0	0	5	0	0	0	20	0	0	0	5	0	0	0	0	0	0	5	0	0	0	5	0	0	0	20	0	0	0	5	0	0	0	0	0	0	0	0	0	0	0	0	0	0	5	0	0	0	5	0	0	0	20	0	0	0	0	0	0	0	0	0	0	0	0	0	0	0	0	0	0	0	0	0	0	0	0	0	0	0	0	0	0	0	0	0	0	0	0
33	24	28	15	24	15	13	7	0	24	15	24	25	7	0	0	52	37	24	118	7	2	0	0	11	7	0	8	0	0	0	29	14	0	58	10	7	24	0	0	52	0	0	0	24	0	17	7	0	0	17	21	24	118	0	0	0	0	0	0	0	0	0	0	0	0	0	0	58	0	0	0	0	0	0	0	0	0	0	0	0	0	0	0	0	0	0	58	0	0	24	0	0	14	0	0	0	0	0	0	0	52	0	0	0	24	0	0	0	0	0	0	0	24	118	0	0	0	0	0	0	0	0	0	0	0	0	0	0	57	0	0	0	0	0	0	0	0	0	0	0	0	0	0	0	0	0	0	58	0	0	0	0	0	0	0	0	0	0	0	0	0	0	0	0	0	0	0	0	0	0	0	0	0	0	58	0	0	0	0	0	0	0	0	0	0	0	0	0	0	0	0	0	0	0	0	0	0	0	0	0	0	0	0	0	0	0	0	0	0	118
21	15	16	9	5	9	5	4	0	14	9	5	17	4	0	0	29	10	5	8	4	0	0	0	5	4	0	0	0	0	0	12	8	0	0	9	4	5	0	0	0	0	0	0	5	0	17	4	0	0	17	0	5	8	0	0	0	0	0	0	0	0	0	0	0	0	0	0	0	0	0	0	0	0	0	0	0	0	0	0	0	0	0	0	0	0	0	0	0	0	5	0	0	0	0	0	0	0	0	0	0	0	0	0	0	5	0	0	0	0	0	0	0	5	8	0	0	0	0	0	0	0	0	0	0	0	0	0	0	0	0	0	0	0	0	0	0	0	0	0	0	0	0	0	0	0	0	0	0	0	0	0	0	0	0	0	0	0	0	0	0	0	0	0	0	0	0	0	0	0	0	0	0	0	0	0	0	0	0	0	0	0	0	0	0	0	0	0	0	0	0	0	0	0	0	0	0	0	0	0	0	0	0	0	0	0	0	0	0	0	8
42	27	22	36	81	12	0	0	39	16	36	81	0	0	66	53	39	72	243	198	0	0	0	33	0	0	39	0	0	22	45	0	0	117	85	0	0	81	0	0	0	58	0	0	0	0	0	0	66	53	0	0	243	198	0	0	0	32	0	0	33	0	0	18	43	0	0	99	80	0	0	39	0	0	0	55	0	0	0	0	0	0	22	45	0	0	117	85	0	0	0	0	0	0	9	0	0	0	0	0	0	0	58	0	0	0	0	0	0	0	53	0	0	0	198	0	0	0	32	0	0	32	0	0	17	43	0	0	96	80	0	0	33	0	0	0	55	0	0	0	0	0	0	18	43	0	0	99	80	0	0	0	0	0	0	9	0	0	0	0	0	0	0	55	0	0	0	0	0	0	0	45	0	0	0	85	0	0	0	0	0	0	0	0	0	0	0	0	0	0	9	0	0	0	0	0	0	0	58	0	0	0	0	0	0	0	0	0	0	0	0
21	14	17	0	24	7	0	0	9	17	0	24	0	0	44	0	42	0	0	58	0	0	0	8	0	0	9	0	0	9	0	0	0	0	20	0	0	24	0	0	0	8	0	0	0	0	0	0	44	0	0	0	0	58	0	0	0	8	0	0	8	0	0	8	0	0	0	0	19	0	0	9	0	0	0	8	0	0	0	0	0	0	9	0	0	0	0	20	0	0	0	0	0	0	0	0	0	0	0	0	0	0	8	0	0	0	0	0	0	0	0	0	0	0	58	0	0	0	8	0	0	8	0	0	8	0	0	0	0	19	0	0	8	0	0	0	8	0	0	0	0	0	0	8	0	0	0	0	19	0	0	0	0	0	0	0	0	0	0	0	0	0	0	8	0	0	0	0	0	0	0	0	0	0	0	20	0	0	0	0	0	0	0	0	0	0	0	0	0	0	0	0	0	0	0	0	0	0	8	0	0	0	0	0	0	0	0	0	0	0	0
25	15	23	25	9	5	0	0	9	8	25	9	0	0	9	0	17	75	45	0	0	0	0	8	0	0	9	0	0	9	0	0	0	45	0	0	0	9	0	0	0	8	0	0	0	0	0	0	9	0	0	0	45	0	0	0	0	8	0	0	8	0	0	8	0	0	0	40	0	0	0	9	0	0	0	8	0	0	0	0	0	0	9	0	0	0	45	0	0	0	0	0	0	0	0	0	0	0	0	0	0	0	8	0	0	0	0	0	0	0	0	0	0	0	0	0	0	0	8	0	0	8	0	0	8	0	0	0	40	0	0	0	8	0	0	0	8	0	0	0	0	0	0	8	0	0	0	40	0	0	0	0	0	0	0	0	0	0	0	0	0	0	0	8	0	0	0	0	0	0	0	0	0	0	0	0	0	0	0	0	0	0	0	0	0	0	0	0	0	0	0	0	0	0	0	0	0	0	8	0	0	0	0	0	0	0	0	0	0	0	0
21	14	17	0	19	7	0	0	0	17	0	19	0	0	39	0	43	0	0	63	0	0	0	0	0	0	0	0	0	0	0	0	0	0	20	0	0	19	0	0	0	0	0	0	0	0	0	0	39	0	0	0	0	63	0	0	0	0	0	0	0	0	0	0	0	0	0	0	19	0	0	0	0	0	0	0	0	0	0	0	0	0	0	0	0	0	0	20	0	0	0	0	0	0	0	0	0	0	0	0	0	0	0	0	0	0	0	0	0	0	0	0	0	0	63	0	0	0	0	0	0	0	0	0	0	0	0	0	0	19	0	0	0	0	0	0	0	0	0	0	0	0	0	0	0	0	0	0	19	0	0	0	0	0	0	0	0	0	0	0	0	0	0	0	0	0	0	0	0	0	0	0	0	0	0	20	0	0	0	0	0	0	0	0	0	0	0	0	0	0	0	0	0	0	0	0	0	0	0	0	0	0	0	0	0	0	0	0	0	0	0
26	16	22	24	15	6	0	0	0	12	24	15	0	0	35	0	31	60	60	58	0	0	0	0	0	0	0	0	0	0	0	0	0	0	20	0	0	15	0	0	0	0	0	0	0	0	0	0	35	0	0	0	60	58	0	0	0	0	0	0	0	0	0	0	0	0	0	0	19	0	0	0	0	0	0	0	0	0	0	0	0	0	0	0	0	0	0	20	0	0	0	0	0	0	0	0	0	0	0	0	0	0	0	0	0	0	0	0	0	0	0	0	0	0	58	0	0	0	0	0	0	0	0	0	0	0	0	0	0	19	0	0	0	0	0	0	0	0	0	0	0	0	0	0	0	0	0	0	19	0	0	0	0	0	0	0	0	0	0	0	0	0	0	0	0	0	0	0	0	0	0	0	0	0	0	20	0	0	0	0	0	0	0	0	0	0	0	0	0	0	0	0	0	0	0	0	0	0	0	0	0	0	0	0	0	0	0	0	0	0	0
27	13	17	13	102	0	0	0	71	0	0	102	0	0	32	82	0	0	102	105	0	0	0	53	0	0	71	0	0	32	40	0	0	71	48	0	0	0	0	0	0	83	0	0	0	53	0	0	0	82	0	0	0	105	0	0	0	29	0	0	53	0	0	26	34	0	0	53	41	0	0	0	0	0	0	20	0	0	0	15	0	0	0	40	0	0	0	48	0	0	0	0	0	0	49	0	0	0	110	0	0	0	83	0	0	0	53	0	0	0	0	0	0	0	0	0	0	0	26	0	0	29	0	0	11	33	0	0	29	40	0	0	0	0	0	0	18	0	0	0	14	0	0	0	34	0	0	0	41	0	0	0	0	0	0	44	0	0	0	58	0	0	0	20	0	0	0	15	0	0	0	0	0	0	0	0	0	0	0	0	0	0	27	0	0	0	0	0	0	0	49	0	0	0	110	0	0	0	0	0	0	0	0	0	0	0	0	0	0	0	0
18	7	12	28	23	0	0	0	12	0	0	23	0	0	12	0	0	0	92	24	0	0	0	12	0	0	12	0	0	12	0	0	0	48	9	0	0	0	0	0	0	0	0	0	0	0	0	0	0	0	0	0	0	24	0	0	0	11	0	0	12	0	0	12	0	0	0	48	8	0	0	0	0	0	0	0	0	0	0	0	0	0	0	0	0	0	0	9	0	0	0	0	0	0	11	0	0	0	0	0	0	0	0	0	0	0	0	0	0	0	0	0	0	0	0	0	0	0	9	0	0	11	0	0	11	0	0	0	44	8	0	0	0	0	0	0	0	0	0	0	0	0	0	0	0	0	0	0	8	0	0	0	0	0	0	9	0	0	0	0	0	0	0	0	0	0	0	0	0	0	0	0	0	0	0	0	0	0	0	0	0	0	18	0	0	0	0	0	0	0	11	0	0	0	0	0	0	0	0	0	0	0	0	0	0	0	0	0	0	0	0
25	10	15	50	69	0	0	0	60	0	0	69	0	0	58	40	0	0	345	9	0	0	0	44	0	0	60	0	0	58	0	0	0	300	9	0	0	0	0	0	0	57	0	0	0	53	0	0	0	40	0	0	0	9	0	0	0	19	0	0	44	0	0	52	0	0	0	220	8	0	0	0	0	0	0	0	0	0	0	15	0	0	0	0	0	0	0	9	0	0	0	0	0	0	51	0	0	0	110	0	0	0	57	0	0	0	53	0	0	0	0	0	0	0	0	0	0	0	9	0	0	19	0	0	27	0	0	0	95	8	0	0	0	0	0	0	0	0	0	0	14	0	0	0	0	0	0	0	8	0	0	0	0	0	0	9	0	0	0	58	0	0	0	0	0	0	0	15	0	0	0	0	0	0	0	0	0	0	0	0	0	0	18	0	0	0	40	0	0	0	51	0	0	0	110	0	0	0	0	0	0	0	0	0	0	0	0	0	0	0	0
26	12	15	24	69	0	0	0	36	0	0	69	0	0	20	71	0	0	138	105	0	0	0	7	0	0	36	0	0	20	0	0	0	72	48	0	0	0	0	0	0	21	0	0	0	87	0	0	0	71	0	0	0	105	0	0	0	0	0	0	7	0	0	14	0	0	0	14	41	0	0	0	0	0	0	0	0	0	0	20	0	0	0	0	0	0	0	48	0	0	0	0	0	0	0	0	0	0	29	0	0	0	21	0	0	0	87	0	0	0	0	0	0	0	0	0	0	0	0	0	0	0	0	0	0	0	0	0	0	40	0	0	0	0	0	0	0	0	0	0	19	0	0	0	0	0	0	0	41	0	0	0	0	0	0	0	0	0	0	9	0	0	0	0	0	0	0	20	0	0	0	0	0	0	0	0	0	0	0	0	0	0	0	0	0	0	0	0	0	0	0	0	0	0	29	0	0	0	0	0	0	0	0	0	0	0	0	0	0	0	0
19	8	14	24	33	0	0	0	10	0	0	33	0	0	20	0	0	0	99	105	0	0	0	7	0	0	10	0	0	20	0	0	0	30	48	0	0	0	0	0	0	21	0	0	0	0	0	0	0	0	0	0	0	105	0	0	0	0	0	0	7	0	0	14	0	0	0	21	41	0	0	0	0	0	0	0	0	0	0	0	0	0	0	0	0	0	0	48	0	0	0	0	0	0	0	0	0	0	29	0	0	0	21	0	0	0	0	0	0	0	0	0	0	0	0	0	0	0	0	0	0	0	0	0	0	0	0	0	0	40	0	0	0	0	0	0	0	0	0	0	0	0	0	0	0	0	0	0	41	0	0	0	0	0	0	0	0	0	0	9	0	0	0	0	0	0	0	0	0	0	0	0	0	0	0	0	0	0	0	0	0	0	0	0	0	0	0	0	0	0	0	0	0	0	29	0	0	0	0	0	0	0	0	0	0	0	0	0	0	0	0
11	0	0	0	81	0	0	0	52	0	0	0	0	0	0	49	0	0	0	125	0	0	0	52	0	0	0	0	0	0	49	0	0	0	82	0	0	0	0	0	0	0	0	0	0	0	0	0	0	0	0	0	0	0	0	0	0	52	0	0	0	0	0	0	49	0	0	0	63	0	0	0	0	0	0	0	0	0	0	0	0	0	0	0	0	0	0	0	0	0	0	0	0	0	0	0	0	0	0	0	0	0	0	0	0	0	0	0	0	0	0	0	0	0	0	0	0	0	44	0	0	0	0	0	0	41	0	0	0	30	0	0	0	0	0	0	0	0	0	0	0	0	0	0	0	0	0	0	0	0	0	0	0	0	0	0	0	0	0	0	0	0	0	0	0	0	0	0	0	0	0	0	0	0	0	0	0	0	0	0	0	0	69	0	0	0	0	0	0	0	0	0	0	0	0	0	0	0	0	0	0	0	0	0	0	0	0	0	0	0	0
11	0	0	0	79	0	0	0	57	0	0	0	0	0	0	53	0	0	0	92	0	0	0	57	0	0	0	0	0	0	53	0	0	0	72	0	0	0	0	0	0	0	0	0	0	0	0	0	0	0	0	0	0	0	0	0	0	51	0	0	0	0	0	0	41	0	0	0	56	0	0	0	0	0	0	0	0	0	0	0	0	0	0	0	0	0	0	0	0	0	0	0	0	0	52	0	0	0	0	0	0	0	0	0	0	0	0	0	0	0	0	0	0	0	0	0	0	0	17	0	0	0	0	0	0	8	0	0	0	30	0	0	0	0	0	0	0	0	0	0	0	0	0	0	0	0	0	0	0	0	0	0	0	0	0	0	0	0	0	0	0	0	0	0	0	0	0	0	0	0	0	0	0	0	0	0	0	0	0	0	0	0	58	0	0	0	148	0	0	0	0	0	0	0	0	0	0	0	0	0	0	0	0	0	0	0	0	0	0	0	0
10	0	0	0	64	0	0	0	10	0	0	0	0	0	0	40	0	0	0	296	0	0	0	10	0	0	0	0	0	0	40	0	0	0	189	0	0	0	0	0	0	0	0	0	0	0	0	0	0	0	0	0	0	0	0	0	0	7	0	0	0	0	0	0	28	0	0	0	123	0	0	0	0	0	0	0	0	0	0	0	0	0	0	0	0	0	0	0	0	0	0	0	0	0	21	0	0	0	0	0	0	0	0	0	0	0	0	0	0	0	0	0	0	0	0	0	0	0	0	0	0	0	0	0	0	0	0	0	0	59	0	0	0	0	0	0	0	0	0	0	0	0	0	0	0	0	0	0	0	0	0	0	0	0	0	0	0	0	0	0	0	0	0	0	0	0	0	0	0	0	0	0	0	0	0	0	0	0	0	0	0	0	0	0	0	0	29	0	0	0	0	0	0	0	0	0	0	0	0	0	0	0	0	0	0	0	0	0	0	0	0
8	0	0	0	37	0	0	0	0	0	0	0	0	0	0	0	0	0	0	194	0	0	0	0	0	0	0	0	0	0	0	0	0	0	118	0	0	0	0	0	0	0	0	0	0	0	0	0	0	0	0	0	0	0	0	0	0	0	0	0	0	0	0	0	0	0	0	0	70	0	0	0	0	0	0	0	0	0	0	0	0	0	0	0	0	0	0	0	0	0	0	0	0	0	0	0	0	0	0	0	0	0	0	0	0	0	0	0	0	0	0	0	0	0	0	0	0	0	0	0	0	0	0	0	0	0	0	0	0	30	0	0	0	0	0	0	0	0	0	0	0	0	0	0	0	0	0	0	0	0	0	0	0	0	0	0	0	0	0	0	0	0	0	0	0	0	0	0	0	0	0	0	0	0	0	0	0	0	0	0	0	0	0	0	0	0	0	0	0	0	0	0	0	0	0	0	0	0	0	0	0	0	0	0	0	0	0	0	0	0	0
5	0	0	0	10	0	0	0	0	0	0	0	0	0	0	0	0	0	0	69	0	0	0	0	0	0	0	0	0	0	0	0	0	0	60	0	0	0	0	0	0	0	0	0	0	0	0	0	0	0	0	0	0	0	0	0	0	0	0	0	0	0	0	0	0	0	0	0	44	0	0	0	0	0	0	0	0	0	0	0	0	0	0	0	0	0	0	0	0	0	0	0	0	0	0	0	0	0	0	0	0	0	0	0	0	0	0	0	0	0	0	0	0	0	0	0	0	0	0	0	0	0	0	0	0	0	0	0	0	19	0	0	0	0	0	0	0	0	0	0	0	0	0	0	0	0	0	0	0	0	0	0	0	0	0	0	0	0	0	0	0	0	0	0	0	0	0	0	0	0	0	0	0	0	0	0	0	0	0	0	0	0	0	0	0	0	0	0	0	0	0	0	0	0	0	0	0	0	0	0	0	0	0	0	0	0	0	0	0	0	0
