54	51	15	0	0	48	6	0	0	15	0	0	3	0	0	0	44	0	0	0	45	6	0	0	6	0	0	3	0	0	0	21	0	0	0	15	0	0	5	0	0	0	18	0	0	0	3	0	0	0	44	0	0	0	42	5	0	0	6	0	0	3	0	0	0	21	0	0	0	6	0	0	0	0	0	0	4	0	0	0	3	0	0	0	21	0	0	0	15	0	0	19	0	0	0	16	0	0	0	5	0	0	0	18	0	0	0	3	0	0	0	44	0	0	0	39	0	0	0	5	0	0	0	0	0	0	18	0	0	0	6	0	0	0	0	0	0	4	0	0	0	3	0	0	0	21	0	0	0	6	0	0	0	0	0	0	6	0	0	0	0	0	0	0	4	0	0	0	3	0	0	0	21	0	0	0	15	0	0	0	0	0	0	2	0	0	0	19	0	0	0	16	0	0	0	5	0	0	0	18	0	0	0	3	0	0	0	44	0	0	0
120	113	37	14	0	106	17	6	0	37	14	0	26	0	0	0	91	46	0	0	99	12	6	0	17	6	0	14	0	0	0	51	30	0	0	37	14	0	14	0	0	0	27	18	0	0	26	0	0	0	91	46	0	0	92	7	4	0	12	6	0	4	0	0	0	37	30	0	0	17	6	0	1	0	0	0	6	6	0	0	14	0	0	0	51	30	0	0	37	14	0	24	8	0	0	21	18	0	0	14	0	0	0	27	18	0	0	26	0	0	0	91	46	0	0	85	2	0	0	7	4	0	1	0	0	0	23	20	0	0	12	6	0	0	0	0	0	6	6	0	0	4	0	0	0	37	30	0	0	17	6	0	3	0	0	0	10	6	0	0	1	0	0	0	6	6	0	0	14	0	0	0	51	30	0	0	37	14	0	6	0	0	0	5	0	0	0	24	8	0	0	21	18	0	0	14	0	0	0	27	18	0	0	26	0	0	0	91	46	0	0
120	113	38	14	0	106	19	6	0	38	14	0	28	0	0	0	98	42	0	0	99	13	6	0	19	6	0	14	0	0	0	57	30	0	0	38	14	0	14	0	0	0	26	22	0	0	28	0	0	0	98	42	0	0	92	8	4	0	13	6	0	4	0	0	0	40	30	0	0	19	6	0	1	0	0	0	6	6	0	0	14	0	0	0	57	30	0	0	38	14	0	24	8	0	0	21	18	0	0	14	0	0	0	26	22	0	0	28	0	0	0	98	42	0	0	85	3	0	0	8	4	0	1	0	0	0	26	20	0	0	13	6	0	0	0	0	0	6	6	0	0	4	0	0	0	40	30	0	0	19	6	0	3	0	0	0	10	6	0	0	1	0	0	0	6	6	0	0	14	0	0	0	57	30	0	0	38	14	0	7	0	0	0	6	0	0	0	24	8	0	0	21	18	0	0	14	0	0	0	26	22	0	0	28	0	0	0	98	42	0	0
214	201	65	59	0	188	30	36	0	65	59	0	53	27	0	0	151	171	0	0	175	20	31	0	30	36	0	22	27	0	0	93	99	0	0	65	59	0	21	20	0	0	27	48	0	0	53	27	0	0	151	171	0	0	162	12	12	0	20	31	0	7	12	0	0	63	84	0	0	30	36	0	2	0	0	0	5	18	0	0	22	27	0	0	93	99	0	0	65	59	0	16	60	0	0	28	56	0	0	21	20	0	0	27	48	0	0	53	27	0	0	151	171	0	0	149	7	0	0	12	12	0	4	0	0	0	39	32	0	0	20	31	0	0	0	0	0	5	18	0	0	7	12	0	0	63	84	0	0	30	36	0	3	0	0	0	14	36	0	0	2	0	0	0	5	18	0	0	22	27	0	0	93	99	0	0	65	59	0	11	0	0	0	10	19	0	0	16	60	0	0	28	56	0	0	21	20	0	0	27	48	0	0	53	27	0	0	151	171	0	0
152	143	46	27	0	134	21	11	0	46	27	0	36	12	0	0	105	73	0	0	125	14	7	0	21	11	0	16	0	0	0	63	40	0	0	46	27	0	18	7	0	0	24	26	0	0	36	12	0	0	105	73	0	0	116	8	3	0	14	7	0	4	0	0	0	41	35	0	0	21	11	0	0	3	0	0	6	8	0	0	16	0	0	0	63	40	0	0	46	27	0	22	12	0	0	20	20	0	0	18	7	0	0	24	26	0	0	36	12	0	0	105	73	0	0	107	3	0	0	8	3	0	1	0	0	0	26	15	0	0	14	7	0	0	0	0	0	6	7	0	0	4	0	0	0	41	35	0	0	21	11	0	3	0	0	0	10	8	0	0	0	3	0	0	6	8	0	0	16	0	0	0	63	40	0	0	46	27	0	7	0	0	0	7	0	0	0	22	12	0	0	20	20	0	0	18	7	0	0	24	26	0	0	36	12	0	0	105	73	0	0
260	243	69	102	15	226	31	81	0	69	102	15	47	120	3	0	156	254	15	0	209	24	54	0	31	81	0	23	87	0	0	96	219	0	0	69	102	15	22	24	4	0	23	24	45	0	47	120	3	0	156	254	15	0	192	13	27	0	24	54	0	14	15	0	0	72	139	0	0	31	81	0	5	0	0	0	8	18	0	0	23	87	0	0	96	219	0	0	69	102	15	10	36	23	0	28	48	45	0	22	24	4	0	23	24	45	0	47	120	3	0	156	254	15	0	175	10	21	0	13	27	0	11	12	0	0	33	66	0	0	24	54	0	4	0	0	0	8	16	0	0	14	15	0	0	72	139	0	0	31	81	0	1	27	0	0	17	36	0	0	5	0	0	0	8	18	0	0	23	87	0	0	96	219	0	0	69	102	15	13	63	0	0	12	30	0	0	10	36	23	0	28	48	45	0	22	24	4	0	23	24	45	0	47	120	3	0	156	254	15	0
167	157	37	21	11	147	23	0	0	37	21	11	37	0	3	0	85	0	33	0	137	15	0	0	23	0	0	17	0	0	0	67	0	0	0	37	21	11	9	0	4	0	6	0	0	0	37	0	3	0	85	0	33	0	127	6	0	0	15	0	0	3	0	0	0	44	0	0	0	23	0	0	0	0	0	0	6	0	0	0	17	0	0	0	67	0	0	0	37	21	11	3	0	19	0	10	0	0	0	9	0	4	0	6	0	0	0	37	0	3	0	85	0	33	0	117	6	0	0	6	0	0	3	0	0	0	17	0	0	0	15	0	0	0	0	0	0	6	0	0	0	3	0	0	0	44	0	0	0	23	0	0	3	0	0	0	10	0	0	0	0	0	0	0	6	0	0	0	17	0	0	0	67	0	0	0	37	21	11	8	0	0	0	8	0	0	0	3	0	19	0	10	0	0	0	9	0	4	0	6	0	0	0	37	0	3	0	85	0	33	0
177	166	44	33	11	155	23	17	0	44	33	11	36	14	3	0	97	57	22	0	144	16	10	0	23	17	0	18	0	0	0	66	51	0	0	44	33	11	9	0	4	0	11	0	11	0	36	14	3	0	97	57	22	0	133	7	10	0	16	10	0	4	0	0	0	46	30	0	0	23	17	0	0	0	0	0	6	0	0	0	18	0	0	0	66	51	0	0	44	33	11	6	0	19	0	14	0	0	0	9	0	4	0	11	0	11	0	36	14	3	0	97	57	22	0	122	6	9	0	7	10	0	4	0	0	0	19	30	0	0	16	10	0	0	0	0	0	6	0	0	0	4	0	0	0	46	30	0	0	23	17	0	3	0	0	0	10	0	0	0	0	0	0	0	6	0	0	0	18	0	0	0	66	51	0	0	44	33	11	10	9	0	0	9	9	0	0	6	0	19	0	14	0	0	0	9	0	4	0	11	0	11	0	36	14	3	0	97	57	22	0
226	212	51	65	7	198	24	23	0	51	65	7	28	82	3	0	113	122	35	0	184	18	6	0	24	23	0	18	12	0	0	67	41	0	0	51	65	7	4	30	4	0	10	0	14	0	28	82	3	0	113	122	35	0	170	11	0	0	18	6	0	6	0	0	0	49	6	0	0	24	23	0	0	0	0	0	5	0	0	0	18	12	0	0	67	41	0	0	51	65	7	6	0	15	0	16	0	7	0	4	30	4	0	10	0	14	0	28	82	3	0	113	122	35	0	156	10	0	0	11	0	0	6	0	0	0	28	0	0	0	18	6	0	0	0	0	0	5	0	0	0	6	0	0	0	49	6	0	0	24	23	0	3	0	0	0	9	0	0	0	0	0	0	0	5	0	0	0	18	12	0	0	67	41	0	0	51	65	7	11	0	0	0	14	11	0	0	6	0	15	0	16	0	7	0	4	30	4	0	10	0	14	0	28	82	3	0	113	122	35	0
211	197	54	70	4	183	22	38	0	54	70	4	33	47	0	0	110	180	20	0	169	15	33	0	22	38	0	18	22	0	0	56	114	0	0	54	70	4	8	0	4	0	10	0	4	0	33	47	0	0	110	180	20	0	155	8	33	0	15	33	0	4	22	0	0	36	99	0	0	22	38	0	0	0	0	0	4	0	0	0	18	22	0	0	56	114	0	0	54	70	4	6	0	12	0	12	0	0	0	8	0	4	0	10	0	4	0	33	47	0	0	110	180	20	0	141	7	32	0	8	33	0	4	22	0	0	19	99	0	0	15	33	0	0	0	0	0	4	0	0	0	4	22	0	0	36	99	0	0	22	38	0	3	0	0	0	8	0	0	0	0	0	0	0	4	0	0	0	18	22	0	0	56	114	0	0	54	70	4	10	10	0	0	13	10	0	0	6	0	12	0	12	0	0	0	8	0	4	0	10	0	4	0	33	47	0	0	110	180	20	0
144	135	22	0	40	126	11	0	3	22	0	40	14	0	48	12	61	0	0	48	117	6	0	0	11	0	3	3	0	0	0	31	0	0	0	22	0	40	0	0	37	0	3	0	0	0	14	0	48	12	61	0	0	48	108	6	0	0	6	0	0	3	0	0	0	17	0	0	0	11	0	3	0	0	3	0	3	0	0	0	3	0	0	0	31	0	0	0	22	0	40	3	0	0	0	5	0	0	0	0	0	37	0	3	0	0	0	14	0	48	12	61	0	0	48	99	6	0	0	6	0	0	3	0	0	0	17	0	0	0	6	0	0	0	0	0	0	0	0	0	0	3	0	0	0	17	0	0	0	11	0	3	3	0	0	0	5	0	0	0	0	0	3	0	3	0	0	0	3	0	0	0	31	0	0	0	22	0	40	8	0	0	0	8	0	0	0	3	0	0	0	5	0	0	0	0	0	37	0	3	0	0	0	14	0	48	12	61	0	0	48
112	105	13	0	25	98	5	0	0	13	0	25	4	0	24	0	34	0	0	33	91	4	0	0	5	0	0	2	0	0	0	13	0	0	0	13	0	25	0	0	6	0	0	0	0	0	4	0	24	0	34	0	0	33	84	4	0	0	4	0	0	2	0	0	0	12	0	0	0	5	0	0	0	0	0	0	0	0	0	0	2	0	0	0	13	0	0	0	13	0	25	0	0	0	0	0	0	0	0	0	0	6	0	0	0	0	0	4	0	24	0	34	0	0	33	77	4	0	0	4	0	0	2	0	0	0	12	0	0	0	4	0	0	0	0	0	0	0	0	0	0	2	0	0	0	12	0	0	0	5	0	0	0	0	0	0	0	0	0	0	0	0	0	0	0	0	0	0	2	0	0	0	13	0	0	0	13	0	25	2	0	0	0	5	0	0	0	0	0	0	0	0	0	0	0	0	0	6	0	0	0	0	0	4	0	24	0	34	0	0	33
112	105	19	0	18	98	7	0	0	19	0	18	6	0	17	0	49	0	0	22	91	6	0	0	7	0	0	4	0	0	0	16	0	0	0	19	0	18	0	0	6	0	1	0	0	0	6	0	17	0	49	0	0	22	84	6	0	0	6	0	0	4	0	0	0	15	0	0	0	7	0	0	0	0	0	0	0	0	0	0	4	0	0	0	16	0	0	0	19	0	18	0	0	0	0	0	0	0	0	0	0	6	0	1	0	0	0	6	0	17	0	49	0	0	22	77	6	0	0	6	0	0	4	0	0	0	15	0	0	0	6	0	0	0	0	0	0	0	0	0	0	4	0	0	0	15	0	0	0	7	0	0	0	0	0	0	0	0	0	0	0	0	0	0	0	0	0	0	4	0	0	0	16	0	0	0	19	0	18	1	0	0	0	6	0	0	0	0	0	0	0	0	0	0	0	0	0	6	0	1	0	0	0	6	0	17	0	49	0	0	22
156	146	35	24	11	136	17	0	0	35	24	11	15	0	17	0	81	60	44	11	126	16	0	0	17	0	0	13	0	0	0	38	0	0	0	35	24	11	4	0	6	0	7	0	0	0	15	0	17	0	81	60	44	11	116	16	0	0	16	0	0	13	0	0	0	37	0	0	0	17	0	0	4	0	0	0	3	0	0	0	13	0	0	0	38	0	0	0	35	24	11	8	0	0	0	14	0	0	0	4	0	6	0	7	0	0	0	15	0	17	0	81	60	44	11	106	14	0	0	16	0	0	13	0	0	0	37	0	0	0	16	0	0	4	0	0	0	3	0	0	0	13	0	0	0	37	0	0	0	17	0	0	1	0	0	0	3	0	0	0	4	0	0	0	3	0	0	0	13	0	0	0	38	0	0	0	35	24	11	12	0	0	0	9	12	0	0	8	0	0	0	14	0	0	0	4	0	6	0	7	0	0	0	15	0	17	0	81	60	44	11
168	156	43	49	11	144	15	27	0	43	49	11	18	18	17	0	92	114	55	11	132	13	27	0	15	27	0	11	18	0	0	32	54	0	0	43	49	11	4	0	6	0	8	4	0	0	18	18	17	0	92	114	55	11	120	13	27	0	13	27	0	11	18	0	0	31	54	0	0	15	27	0	4	0	0	0	3	0	0	0	11	18	0	0	32	54	0	0	43	49	11	8	0	0	0	19	0	0	0	4	0	6	0	8	4	0	0	18	18	17	0	92	114	55	11	108	11	27	0	13	27	0	11	18	0	0	31	54	0	0	13	27	0	4	0	0	0	3	0	0	0	11	18	0	0	31	54	0	0	15	27	0	1	0	0	0	3	0	0	0	4	0	0	0	3	0	0	0	11	18	0	0	32	54	0	0	43	49	11	12	0	0	0	11	8	0	0	8	0	0	0	19	0	0	0	4	0	6	0	8	4	0	0	18	18	17	0	92	114	55	11
228	212	57	62	58	196	27	28	35	57	62	58	29	14	65	77	134	138	174	22	180	25	28	4	27	28	35	22	14	57	0	71	70	105	0	57	62	58	16	0	0	20	24	11	0	37	29	14	65	77	134	138	174	22	164	21	25	0	25	28	4	19	14	12	0	66	70	12	0	27	28	35	7	0	0	0	6	0	0	0	22	14	57	0	71	70	105	0	57	62	58	14	33	0	0	33	44	0	0	16	0	0	20	24	11	0	37	29	14	65	77	134	138	174	22	148	15	11	0	21	25	0	15	11	0	0	50	61	0	0	25	28	4	6	0	0	0	6	0	0	0	19	14	12	0	66	70	12	0	27	28	35	2	0	0	0	13	0	0	0	7	0	0	0	6	0	0	0	22	14	57	0	71	70	105	0	57	62	58	14	33	28	0	9	22	58	0	14	33	0	0	33	44	0	0	16	0	0	20	24	11	0	37	29	14	65	77	134	138	174	22
148	138	41	16	30	128	21	0	14	41	16	30	25	0	38	38	99	24	60	22	118	19	0	0	21	0	14	18	0	30	0	52	0	28	0	41	16	30	11	0	0	0	13	8	0	22	25	0	38	38	99	24	60	22	108	16	0	0	19	0	0	15	0	0	0	47	0	0	0	21	0	14	5	0	0	0	3	0	0	0	18	0	30	0	52	0	28	0	41	16	30	13	0	0	0	27	24	0	0	11	0	0	0	13	8	0	22	25	0	38	38	99	24	60	22	98	12	0	0	16	0	0	12	0	0	0	35	0	0	0	19	0	0	4	0	0	0	3	0	0	0	15	0	0	0	47	0	0	0	21	0	14	1	0	0	0	10	0	0	0	5	0	0	0	3	0	0	0	18	0	30	0	52	0	28	0	41	16	30	14	0	9	0	9	8	0	0	13	0	0	0	27	24	0	0	11	0	0	0	13	8	0	22	25	0	38	38	99	24	60	22
218	201	63	107	19	184	25	71	8	63	107	19	32	98	27	8	142	244	76	22	167	20	67	0	25	71	8	13	90	24	0	66	160	32	0	63	107	19	24	46	0	0	25	43	0	15	32	98	27	8	142	244	76	22	150	13	62	0	20	67	0	10	88	0	0	53	155	0	0	25	71	8	3	44	0	0	3	33	0	0	13	90	24	0	66	160	32	0	63	107	19	12	39	0	0	32	61	0	0	24	46	0	0	25	43	0	15	32	98	27	8	142	244	76	22	133	9	47	0	13	62	0	6	80	0	0	29	138	0	0	20	67	0	2	44	0	0	3	33	0	0	10	88	0	0	53	155	0	0	25	71	8	1	11	0	0	10	33	0	0	3	44	0	0	3	33	0	0	13	90	24	0	66	160	32	0	63	107	19	9	56	9	0	12	14	19	0	12	39	0	0	32	61	0	0	24	46	0	0	25	43	0	15	32	98	27	8	142	244	76	22
122	113	30	20	10	104	12	14	0	30	20	10	16	0	0	0	68	27	10	22	95	11	14	0	12	14	0	11	0	0	0	25	21	0	0	30	20	10	4	0	0	0	10	0	0	0	16	0	0	0	68	27	10	22	86	11	14	0	11	14	0	11	0	0	0	25	21	0	0	12	14	0	4	0	0	0	3	0	0	0	11	0	0	0	25	21	0	0	30	20	10	8	0	0	0	20	0	0	0	4	0	0	0	10	0	0	0	16	0	0	0	68	27	10	22	77	9	14	0	11	14	0	11	0	0	0	25	21	0	0	11	14	0	4	0	0	0	3	0	0	0	11	0	0	0	25	21	0	0	12	14	0	1	0	0	0	3	0	0	0	4	0	0	0	3	0	0	0	11	0	0	0	25	21	0	0	30	20	10	11	0	0	0	10	0	0	0	8	0	0	0	20	0	0	0	4	0	0	0	10	0	0	0	16	0	0	0	68	27	10	22
158	147	49	35	4	136	24	5	0	49	35	4	28	25	0	0	115	75	20	11	125	22	0	0	24	5	0	21	0	0	0	67	0	0	0	49	35	4	21	0	0	0	22	10	4	0	28	25	0	0	115	75	20	11	114	17	0	0	22	0	0	17	0	0	0	57	0	0	0	24	5	0	7	0	0	0	6	0	0	0	21	0	0	0	67	0	0	0	49	35	4	14	0	0	0	24	25	0	0	21	0	0	0	22	10	4	0	28	25	0	0	115	75	20	11	103	13	0	0	17	0	0	13	0	0	0	38	0	0	0	22	0	0	6	0	0	0	6	0	0	0	17	0	0	0	57	0	0	0	24	5	0	2	0	0	0	13	0	0	0	7	0	0	0	6	0	0	0	21	0	0	0	67	0	0	0	49	35	4	14	0	0	0	7	10	0	0	14	0	0	0	24	25	0	0	21	0	0	0	22	10	4	0	28	25	0	0	115	75	20	11
228	211	47	81	47	194	18	25	38	47	81	47	25	65	5	36	118	223	235	4	177	13	10	36	18	25	38	11	10	0	33	51	95	190	0	47	81	47	12	50	0	15	16	40	47	0	25	65	5	36	118	223	235	4	160	8	0	15	13	10	36	8	0	0	4	39	30	180	0	18	25	38	3	0	0	3	3	0	38	0	11	10	0	33	51	95	190	0	47	81	47	8	0	12	48	24	0	47	15	12	50	0	15	16	40	47	0	25	65	5	36	118	223	235	4	143	5	0	0	8	0	15	3	0	0	0	20	0	75	0	13	10	36	2	0	0	0	3	0	36	0	8	0	0	4	39	30	180	0	18	25	38	3	0	9	0	16	0	38	0	3	0	0	3	3	0	38	0	11	10	0	33	51	95	190	0	47	81	47	7	0	12	0	17	0	0	0	8	0	12	48	24	0	47	15	12	50	0	15	16	40	47	0	25	65	5	36	118	223	235	4
181	168	44	12	72	155	26	0	29	44	12	72	33	0	5	58	109	36	72	121	142	22	0	23	26	0	29	20	0	0	45	76	0	29	57	44	12	72	21	0	0	38	17	24	0	0	33	0	5	58	109	36	72	121	129	14	0	4	22	0	23	16	0	0	4	61	0	23	4	26	0	29	7	0	0	0	6	0	0	0	20	0	0	45	76	0	29	57	44	12	72	9	0	30	20	17	0	0	22	21	0	0	38	17	24	0	0	33	0	5	58	109	36	72	121	116	8	0	0	14	0	4	8	0	0	0	32	0	4	0	22	0	23	6	0	0	0	6	0	0	0	16	0	0	4	61	0	23	4	26	0	29	4	0	9	0	17	0	0	0	7	0	0	0	6	0	0	0	20	0	0	45	76	0	29	57	44	12	72	6	0	37	0	5	0	0	0	9	0	30	20	17	0	0	22	21	0	0	38	17	24	0	0	33	0	5	58	109	36	72	121
221	204	67	87	53	187	31	59	18	67	87	53	35	95	5	36	168	278	106	111	170	28	42	17	31	59	18	24	66	0	33	87	220	36	57	67	87	53	49	72	0	8	36	20	53	0	35	95	5	36	168	278	106	111	153	16	10	4	28	42	17	23	30	0	4	77	144	34	4	31	59	18	9	10	0	0	11	0	18	0	24	66	0	33	87	220	36	57	66	87	53	23	20	30	20	24	91	159	15	49	72	0	8	36	20	53	0	35	95	5	36	166	278	106	111	136	9	0	0	16	10	4	10	0	0	0	41	20	8	0	28	42	17	9	0	0	0	11	0	17	0	23	30	0	4	77	144	34	4	30	59	18	10	0	9	0	16	84	54	0	9	10	0	0	11	0	18	0	24	66	0	33	85	220	36	57	65	87	53	12	0	37	0	13	26	53	0	23	20	30	20	24	91	159	15	49	72	0	8	36	20	53	0	34	95	5	36	163	278	106	111
175	161	53	67	23	147	24	43	0	53	67	23	41	33	5	0	134	161	69	81	133	17	38	0	24	43	0	16	31	0	0	72	125	0	43	53	67	23	28	42	0	0	21	47	0	0	41	33	5	0	134	161	69	81	119	8	27	0	17	38	0	12	27	0	0	49	109	0	4	24	43	0	5	20	0	0	3	30	0	0	16	31	0	0	72	125	0	43	53	67	23	5	31	18	0	20	30	23	0	28	42	0	0	21	47	0	0	41	33	5	0	134	161	69	81	105	4	17	0	8	27	0	6	17	0	0	19	68	0	0	17	38	0	4	17	0	0	3	30	0	0	12	27	0	0	49	109	0	4	24	43	0	3	10	0	0	14	30	0	0	5	20	0	0	3	30	0	0	16	31	0	0	72	125	0	43	53	67	23	3	21	25	0	9	0	23	0	5	31	18	0	20	30	23	0	28	42	0	0	21	47	0	0	41	33	5	0	134	161	69	81
136	126	41	24	12	116	21	0	0	41	24	12	35	0	5	0	108	48	48	23	106	16	0	0	21	0	0	18	0	0	0	64	0	0	8	41	24	12	21	0	0	0	16	18	0	0	35	0	5	0	108	48	48	23	96	10	0	0	16	0	0	14	0	0	0	48	0	0	0	21	0	0	7	0	0	0	6	0	0	0	18	0	0	0	64	0	0	8	41	24	12	9	0	7	0	18	0	0	0	21	0	0	0	16	18	0	0	35	0	5	0	108	48	48	23	86	6	0	0	10	0	0	8	0	0	0	25	0	0	0	16	0	0	6	0	0	0	6	0	0	0	14	0	0	0	48	0	0	0	21	0	0	4	0	0	0	18	0	0	0	7	0	0	0	6	0	0	0	18	0	0	0	64	0	0	8	41	24	12	6	0	14	0	8	0	0	0	9	0	7	0	18	0	0	0	21	0	0	0	16	18	0	0	35	0	5	0	108	48	48	23
117	108	28	0	43	99	16	0	5	28	0	43	23	0	20	25	81	0	0	135	90	7	0	0	16	0	5	7	0	0	0	44	0	0	56	28	0	43	3	0	47	0	3	0	0	4	23	0	20	25	81	0	0	135	81	5	0	0	7	0	0	3	0	0	0	18	0	0	53	16	0	5	2	0	0	0	3	0	0	0	7	0	0	0	44	0	0	56	28	0	43	3	0	17	0	16	0	0	0	3	0	47	0	3	0	0	4	23	0	20	25	81	0	0	135	72	4	0	0	5	0	0	2	0	0	0	12	0	0	19	7	0	0	1	0	0	0	3	0	0	0	3	0	0	0	18	0	0	53	16	0	5	3	0	0	0	16	0	0	0	2	0	0	0	3	0	0	0	7	0	0	0	44	0	0	56	28	0	43	4	0	7	0	11	0	0	0	3	0	17	0	16	0	0	0	3	0	47	0	3	0	0	4	23	0	20	25	81	0	0	135
183	168	50	65	45	153	23	32	0	50	65	45	23	54	20	0	130	202	135	207	138	16	14	0	23	32	0	13	0	0	0	55	115	0	85	50	65	45	17	0	47	0	23	0	90	0	23	54	20	0	130	202	135	207	123	10	12	0	16	14	0	9	0	0	0	34	70	0	76	23	32	0	3	0	0	0	8	0	0	0	13	0	0	0	55	115	0	85	50	65	45	4	24	17	0	33	48	0	0	17	0	47	0	23	0	90	0	23	54	20	0	130	202	135	207	108	6	9	0	10	12	0	5	0	0	0	15	60	0	23	16	14	0	2	0	0	0	8	0	0	0	9	0	0	0	34	70	0	76	23	32	0	1	18	0	0	17	36	0	0	3	0	0	0	8	0	0	0	13	0	0	0	55	115	0	85	50	65	45	2	27	7	0	23	36	0	0	4	24	17	0	33	48	0	0	17	0	47	0	23	0	90	0	23	54	20	0	130	202	135	207
103	95	27	7	23	87	12	0	0	27	7	23	17	0	10	0	72	35	23	82	79	6	0	0	12	0	0	4	0	0	0	30	0	0	38	27	7	23	2	0	17	0	3	0	0	0	17	0	10	0	72	35	23	82	71	5	0	0	6	0	0	3	0	0	0	16	0	0	36	12	0	0	2	0	0	0	3	0	0	0	4	0	0	0	30	0	0	38	27	7	23	3	0	7	0	17	0	0	0	2	0	17	0	3	0	0	0	17	0	10	0	72	35	23	82	63	4	0	0	5	0	0	2	0	0	0	12	0	0	15	6	0	0	1	0	0	0	3	0	0	0	3	0	0	0	16	0	0	36	12	0	0	3	0	0	0	9	0	0	0	2	0	0	0	3	0	0	0	4	0	0	0	30	0	0	38	27	7	23	4	0	7	0	15	0	0	0	3	0	7	0	17	0	0	0	2	0	17	0	3	0	0	0	17	0	10	0	72	35	23	82
137	126	36	34	16	115	17	6	0	36	34	16	18	24	10	0	84	76	64	59	104	13	0	0	17	6	0	9	0	0	0	37	6	0	38	36	34	16	2	0	10	0	9	0	16	0	18	24	10	0	84	76	64	59	93	12	0	0	13	0	0	9	0	0	0	28	0	0	36	17	6	0	1	0	0	0	8	0	0	0	9	0	0	0	37	6	0	38	36	34	16	5	0	0	0	21	10	0	0	2	0	10	0	9	0	16	0	18	24	10	0	84	76	64	59	82	9	0	0	12	0	0	6	0	0	0	23	0	0	15	13	0	0	1	0	0	0	8	0	0	0	9	0	0	0	28	0	0	36	17	6	0	2	0	0	0	10	6	0	0	1	0	0	0	8	0	0	0	9	0	0	0	37	6	0	38	36	34	16	8	0	0	0	24	30	0	0	5	0	0	0	21	10	0	0	2	0	10	0	9	0	16	0	18	24	10	0	84	76	64	59
113	103	28	34	10	93	12	21	0	28	34	10	17	18	10	0	65	46	20	47	83	8	16	0	12	21	0	6	8	0	0	27	29	0	38	28	34	10	2	0	10	0	6	0	10	0	17	18	10	0	65	46	20	47	73	7	16	0	8	16	0	6	8	0	0	18	24	0	36	12	21	0	1	0	0	0	5	0	0	0	6	8	0	0	27	29	0	38	28	34	10	5	0	0	0	12	7	0	0	2	0	10	0	6	0	10	0	17	18	10	0	65	46	20	47	63	4	15	0	7	16	0	3	8	0	0	13	24	0	15	8	16	0	1	0	0	0	5	0	0	0	6	8	0	0	18	24	0	36	12	21	0	2	0	0	0	10	5	0	0	1	0	0	0	5	0	0	0	6	8	0	0	27	29	0	38	28	34	10	4	7	0	0	14	21	0	0	5	0	0	0	12	7	0	0	2	0	10	0	6	0	10	0	17	18	10	0	65	46	20	47
151	138	58	40	49	125	27	0	20	58	40	49	24	0	75	70	149	120	245	84	112	26	0	0	27	0	20	21	0	40	0	72	0	100	0	58	40	49	39	0	12	0	32	0	0	100	24	0	75	70	149	120	245	84	99	18	0	0	26	0	0	21	0	0	0	70	0	0	0	27	0	20	6	0	10	0	16	0	0	56	21	0	40	0	72	0	100	0	57	40	49	23	0	0	0	29	64	0	0	39	0	12	0	32	0	0	100	24	0	75	70	147	120	245	84	86	11	0	0	18	0	0	10	0	0	0	46	0	0	0	26	0	0	6	0	0	0	16	0	0	53	21	0	0	0	70	0	0	0	26	0	20	6	0	0	0	11	0	0	0	6	0	10	0	16	0	0	56	21	0	40	0	70	0	100	0	56	40	49	12	0	9	0	25	48	0	0	23	0	0	0	29	64	0	0	39	0	12	0	32	0	0	100	23	0	75	70	144	120	245	84
89	81	26	13	20	73	12	7	0	26	13	20	9	0	29	0	55	6	20	71	65	12	7	0	12	7	0	9	0	0	0	28	0	0	0	26	13	20	2	0	0	0	9	0	0	0	9	0	29	0	55	6	20	71	57	11	7	0	12	7	0	9	0	0	0	28	0	0	0	12	7	0	1	0	0	0	8	0	0	0	9	0	0	0	28	0	0	0	26	13	20	5	0	0	0	17	6	0	0	2	0	0	0	9	0	0	0	9	0	29	0	55	6	20	71	49	7	7	0	11	7	0	6	0	0	0	23	0	0	0	12	7	0	1	0	0	0	8	0	0	0	9	0	0	0	28	0	0	0	12	7	0	0	0	0	0	5	0	0	0	1	0	0	0	8	0	0	0	9	0	0	0	28	0	0	0	26	13	20	5	0	9	0	22	18	0	0	5	0	0	0	17	6	0	0	2	0	0	0	9	0	0	0	9	0	29	0	55	6	20	71
112	102	36	23	20	92	16	9	0	36	23	20	12	0	29	0	83	21	40	71	82	16	9	0	16	9	0	12	0	0	0	40	0	0	0	36	23	20	4	0	0	0	13	0	0	0	12	0	29	0	83	21	40	71	72	15	9	0	16	9	0	12	0	0	0	40	0	0	0	16	9	0	3	0	0	0	11	0	0	0	12	0	0	0	40	0	0	0	36	23	20	7	0	0	0	25	7	0	0	4	0	0	0	13	0	0	0	12	0	29	0	83	21	40	71	62	10	9	0	15	9	0	9	0	0	0	35	0	0	0	16	9	0	3	0	0	0	11	0	0	0	12	0	0	0	40	0	0	0	16	9	0	0	0	0	0	5	0	0	0	3	0	0	0	11	0	0	0	12	0	0	0	40	0	0	0	36	23	20	7	0	9	0	27	28	0	0	7	0	0	0	25	7	0	0	4	0	0	0	13	0	0	0	12	0	29	0	83	21	40	71
112	101	40	41	6	90	14	24	0	40	41	6	21	16	6	0	91	89	18	16	79	11	24	0	14	24	0	9	16	0	0	35	56	0	0	40	41	6	4	0	0	0	14	24	0	0	21	16	6	0	91	89	18	16	68	10	24	0	11	24	0	9	16	0	0	25	56	0	0	14	24	0	3	0	0	0	8	24	0	0	9	16	0	0	35	56	0	0	40	41	6	5	0	0	0	20	5	0	0	4	0	0	0	14	24	0	0	21	16	6	0	91	89	18	16	57	6	21	0	10	24	0	6	16	0	0	20	56	0	0	11	24	0	3	0	0	0	8	24	0	0	9	16	0	0	25	56	0	0	14	24	0	0	0	0	0	5	0	0	0	3	0	0	0	8	24	0	0	9	16	0	0	35	56	0	0	40	41	6	3	15	0	0	21	20	0	0	5	0	0	0	20	5	0	0	4	0	0	0	14	24	0	0	21	16	6	0	91	89	18	16
92	84	38	16	0	76	17	0	0	38	16	0	11	0	0	0	87	40	0	0	68	17	0	0	17	0	0	11	0	0	0	40	0	0	0	38	16	0	16	0	0	0	22	0	0	0	11	0	0	0	87	40	0	0	60	13	0	0	17	0	0	11	0	0	0	40	0	0	0	17	0	0	3	0	0	0	11	0	0	0	11	0	0	0	40	0	0	0	38	16	0	5	0	0	0	16	16	0	0	16	0	0	0	22	0	0	0	11	0	0	0	87	40	0	0	52	9	0	0	13	0	0	8	0	0	0	27	0	0	0	17	0	0	3	0	0	0	11	0	0	0	11	0	0	0	40	0	0	0	17	0	0	0	0	0	0	5	0	0	0	3	0	0	0	11	0	0	0	11	0	0	0	40	0	0	0	38	16	0	6	0	0	0	18	16	0	0	5	0	0	0	16	16	0	0	16	0	0	0	22	0	0	0	11	0	0	0	87	40	0	0
173	157	53	39	96	141	29	0	77	53	39	96	34	0	64	27	128	91	288	55	125	25	0	70	29	0	77	21	0	63	20	79	0	231	20	53	39	96	39	0	0	70	28	52	0	0	34	0	64	27	128	91	288	55	109	17	0	44	25	0	70	21	0	61	0	69	0	210	0	29	0	77	6	0	0	0	16	0	0	0	21	0	63	20	79	0	231	20	52	39	96	22	0	0	69	11	0	0	100	39	0	0	70	28	52	0	0	34	0	64	27	126	91	288	55	93	10	0	28	17	0	44	10	0	45	0	45	0	132	0	25	0	70	6	0	0	0	16	0	0	0	21	0	61	0	69	0	210	0	28	0	77	7	0	0	27	11	0	0	56	6	0	0	0	16	0	0	0	21	0	63	20	77	0	231	20	51	39	96	10	0	5	46	5	0	0	58	22	0	0	69	11	0	0	100	39	0	0	70	28	52	0	0	33	0	64	27	123	91	288	55
174	157	66	82	58	140	32	42	42	66	82	58	44	0	45	39	154	222	232	49	123	24	30	28	32	42	42	22	0	44	10	83	112	168	20	66	82	58	30	120	32	41	44	50	0	45	44	0	45	39	154	222	232	49	106	16	0	7	24	30	28	19	0	39	0	65	80	112	0	32	42	42	6	0	32	0	13	0	0	0	22	0	44	10	83	112	168	20	63	82	58	22	0	33	28	28	0	174	76	30	120	32	41	44	50	0	45	44	0	45	39	148	222	232	49	89	10	0	0	16	0	7	8	0	14	0	42	0	28	0	24	30	28	6	0	29	0	13	0	0	0	19	0	39	0	65	80	112	0	29	42	42	7	0	30	0	11	0	126	18	6	0	32	0	13	0	0	0	22	0	44	10	77	112	168	20	62	82	58	12	0	0	0	8	0	0	19	22	0	33	28	28	0	174	76	30	120	32	41	44	50	0	45	43	0	45	39	145	222	232	49
174	154	88	158	21	134	37	118	12	88	158	21	64	123	13	12	208	446	105	49	114	27	95	10	37	118	12	33	122	12	10	111	331	60	20	86	158	21	28	167	0	20	36	105	0	0	64	123	13	12	205	446	105	49	95	17	55	0	27	95	10	23	80	10	0	80	266	50	0	37	118	12	7	39	0	0	8	55	0	0	33	122	12	10	111	331	60	20	78	139	21	16	134	0	0	28	86	84	53	28	167	0	20	36	105	0	0	64	123	13	12	188	408	105	49	77	9	37	0	17	55	0	12	26	0	0	47	153	0	0	27	95	10	5	37	0	0	8	55	0	0	23	80	10	0	80	266	50	0	32	100	12	1	66	0	0	5	66	48	18	7	39	0	0	8	55	0	0	33	122	12	10	100	295	60	20	66	121	21	12	74	0	0	5	48	42	0	16	134	0	0	28	86	84	53	28	167	0	20	36	105	0	0	53	105	13	12	151	354	105	49
177	159	65	84	59	141	37	66	20	65	84	59	46	81	0	61	165	189	59	95	123	31	64	0	37	66	20	31	78	0	0	102	169	20	20	65	84	59	44	25	0	0	35	82	0	71	46	81	0	61	165	189	59	95	105	18	49	0	31	64	0	21	75	0	0	81	164	0	0	37	66	20	7	13	0	0	11	65	0	0	31	78	0	0	102	169	20	20	63	84	59	20	36	12	0	12	70	59	0	44	25	0	0	35	82	0	71	46	81	0	61	161	189	59	95	87	12	12	0	18	49	0	8	36	0	0	42	96	0	0	31	64	0	5	12	0	0	11	65	0	0	21	75	0	0	81	164	0	0	35	66	20	7	0	9	0	6	65	20	0	7	13	0	0	11	65	0	0	31	78	0	0	98	169	20	20	57	84	59	9	12	12	0	5	14	177	0	20	36	12	0	12	70	59	0	44	25	0	0	35	82	0	71	40	81	0	61	143	189	59	95
131	117	54	61	24	103	26	42	0	54	61	24	31	32	0	0	129	157	48	75	89	22	40	0	26	42	0	18	30	0	0	69	125	0	20	54	61	24	37	20	0	0	28	38	0	0	31	32	0	0	129	157	48	75	75	14	38	0	22	40	0	18	30	0	0	57	120	0	0	26	42	0	4	20	0	0	13	30	0	0	18	30	0	0	69	125	0	20	53	61	24	20	16	0	0	11	0	0	0	37	20	0	0	28	38	0	0	31	32	0	0	127	157	48	75	61	8	28	0	14	38	0	7	28	0	0	33	112	0	0	22	40	0	4	20	0	0	13	30	0	0	18	30	0	0	57	120	0	0	25	42	0	7	0	0	0	11	0	0	0	4	20	0	0	13	30	0	0	18	30	0	0	67	125	0	20	47	61	24	8	16	5	0	5	0	24	0	20	16	0	0	11	0	0	0	37	20	0	0	28	38	0	0	30	32	0	0	113	157	48	75
158	142	40	28	117	126	24	0	73	40	28	117	32	0	33	90	88	0	234	199	110	11	0	72	24	0	73	13	0	31	87	64	0	146	131	40	28	117	5	0	66	12	8	0	0	0	32	0	33	90	88	0	234	199	94	8	0	70	11	0	72	5	0	31	81	32	0	144	108	24	0	73	5	0	11	10	8	0	0	0	13	0	31	87	64	0	146	131	38	28	117	7	0	20	20	6	0	0	0	5	0	66	12	8	0	0	0	32	0	33	90	84	0	234	199	78	7	0	50	8	0	70	4	0	31	41	23	0	140	51	11	0	72	5	0	11	0	8	0	0	0	5	0	31	81	32	0	144	108	22	0	73	7	0	0	0	6	0	0	0	5	0	11	10	8	0	0	0	13	0	31	87	60	0	146	131	37	28	117	7	0	8	97	4	0	0	53	7	0	20	20	6	0	0	0	5	0	66	12	8	0	0	0	31	0	33	90	81	0	234	199
106	95	39	28	27	84	20	0	20	39	28	27	31	0	9	11	85	49	108	21	73	11	0	20	20	0	20	14	0	9	11	55	0	80	12	37	28	27	3	0	24	0	6	0	0	0	31	0	9	11	80	49	108	21	62	9	0	20	11	0	20	6	0	9	11	32	0	80	10	18	0	20	3	0	0	0	5	0	0	0	14	0	9	11	50	0	80	12	33	28	27	7	0	12	0	8	0	0	0	3	0	24	0	6	0	0	0	27	0	9	11	69	49	108	21	51	9	0	20	9	0	20	6	0	9	11	27	0	80	0	9	0	20	3	0	0	0	5	0	0	0	6	0	9	11	27	0	80	10	14	0	20	7	0	0	0	6	0	0	0	3	0	0	0	5	0	0	0	10	0	9	11	39	0	80	12	32	28	27	7	0	0	0	10	0	0	0	7	0	12	0	8	0	0	0	3	0	24	0	6	0	0	0	26	0	9	11	66	49	108	21
150	134	52	75	52	118	23	27	21	52	75	52	22	108	35	21	114	167	208	175	102	12	0	21	23	27	21	14	0	32	21	59	72	84	131	50	75	52	3	0	77	0	20	0	156	0	22	108	35	21	109	167	208	175	86	10	0	18	12	0	21	6	0	32	18	34	0	84	108	21	27	21	3	0	21	0	5	0	63	0	14	0	32	21	54	72	84	131	45	75	52	7	0	12	21	25	0	0	0	3	0	77	0	20	0	156	0	18	108	35	21	96	167	208	175	70	10	0	7	10	0	18	6	0	29	7	29	0	72	51	10	0	21	3	0	21	0	5	0	63	0	6	0	32	18	29	0	84	108	16	27	21	7	0	0	0	6	0	0	0	3	0	21	0	5	0	63	0	10	0	32	21	41	72	84	131	44	75	52	9	0	0	28	13	0	0	23	7	0	12	21	25	0	0	0	3	0	77	0	20	0	156	0	17	108	35	21	93	167	208	175
112	100	47	30	49	88	27	20	0	47	30	49	35	9	0	0	106	64	49	258	76	15	11	0	27	20	0	19	0	0	0	72	62	0	151	47	30	49	6	0	66	0	16	0	49	0	35	9	0	0	106	64	49	258	64	9	10	0	15	11	0	8	0	0	0	38	44	0	108	27	20	0	6	0	0	0	13	0	0	0	19	0	0	0	72	62	0	151	44	30	49	6	10	56	0	17	0	0	0	6	0	66	0	16	0	49	0	35	9	0	0	100	64	49	258	52	7	9	0	9	10	0	4	0	0	0	21	40	0	51	15	11	0	5	0	0	0	13	0	0	0	8	0	0	0	38	44	0	108	24	20	0	6	9	0	0	11	0	0	0	6	0	0	0	13	0	0	0	19	0	0	0	66	62	0	151	39	30	49	8	9	20	0	6	0	0	0	6	10	56	0	17	0	0	0	6	0	66	0	16	0	49	0	34	9	0	0	87	64	49	258
107	95	44	45	16	83	22	17	0	44	45	16	27	24	0	0	97	84	64	79	71	11	11	0	22	17	0	14	0	0	0	61	34	0	54	40	45	16	3	0	54	0	9	0	16	0	27	24	0	0	89	84	64	79	60	9	11	0	11	11	0	6	0	0	0	32	22	0	38	20	17	0	3	0	0	0	5	0	0	0	14	0	0	0	56	34	0	54	36	34	16	7	0	12	0	14	0	0	0	3	0	54	0	9	0	16	0	23	24	0	0	78	62	64	79	49	9	11	0	9	11	0	6	0	0	0	27	22	0	7	9	11	0	3	0	0	0	5	0	0	0	6	0	0	0	27	22	0	38	16	6	0	7	0	0	0	6	0	0	0	3	0	0	0	5	0	0	0	10	0	0	0	45	12	0	54	35	34	16	9	0	0	0	11	0	0	0	7	0	12	0	14	0	0	0	3	0	54	0	9	0	16	0	22	24	0	0	75	62	64	79
90	80	11	0	77	70	2	0	28	11	0	77	0	0	56	42	25	0	0	261	60	2	0	27	2	0	28	0	0	12	40	6	0	0	114	11	0	77	0	0	0	11	0	0	0	0	0	0	56	42	25	0	0	261	50	2	0	27	2	0	27	0	0	11	40	6	0	0	113	2	0	28	0	0	0	11	0	0	0	0	0	0	12	40	6	0	0	114	10	0	77	1	0	0	0	1	0	0	0	0	0	0	11	0	0	0	0	0	0	56	42	23	0	0	261	40	1	0	27	2	0	27	0	0	11	40	6	0	0	108	2	0	27	0	0	0	11	0	0	0	0	0	0	11	40	6	0	0	113	1	0	28	0	0	0	0	0	0	0	0	0	0	0	11	0	0	0	0	0	0	12	40	4	0	0	114	10	0	77	0	0	9	0	3	0	0	0	1	0	0	0	1	0	0	0	0	0	0	11	0	0	0	0	0	0	56	42	23	0	0	261
114	101	34	30	55	88	13	0	30	34	30	55	13	0	59	35	87	60	165	95	75	13	0	28	13	0	30	13	0	23	32	40	0	90	41	32	30	55	5	0	0	21	10	0	0	0	13	0	59	35	82	60	165	95	62	12	0	28	13	0	28	13	0	21	32	40	0	84	41	11	0	30	2	0	0	21	0	0	0	0	13	0	23	32	35	0	90	41	25	30	55	9	0	0	0	19	10	0	0	5	0	0	21	10	0	0	0	9	0	59	35	64	60	165	95	49	9	0	25	12	0	28	10	0	21	29	35	0	84	38	11	0	28	2	0	0	18	0	0	0	0	13	0	21	32	35	0	84	41	4	0	30	0	0	0	0	0	0	0	0	2	0	0	21	0	0	0	0	9	0	23	32	17	0	90	41	22	30	55	8	0	0	21	9	30	0	0	9	0	0	0	19	10	0	0	5	0	0	21	10	0	0	0	3	0	59	35	52	60	165	95
72	64	22	0	36	56	6	0	0	22	0	36	4	0	33	0	57	0	0	212	48	6	0	0	6	0	0	4	0	0	0	16	0	0	114	20	0	36	0	0	0	0	2	0	0	0	4	0	33	0	52	0	0	212	40	6	0	0	6	0	0	4	0	0	0	16	0	0	113	4	0	0	0	0	0	0	0	0	0	0	4	0	0	0	11	0	0	114	16	0	36	0	0	0	0	3	0	0	0	0	0	0	0	2	0	0	0	0	0	33	0	41	0	0	212	32	6	0	0	6	0	0	4	0	0	0	16	0	0	108	4	0	0	0	0	0	0	0	0	0	0	4	0	0	0	11	0	0	113	0	0	0	0	0	0	0	0	0	0	0	0	0	0	0	0	0	0	0	0	0	0	0	0	0	0	114	16	0	36	0	0	0	0	9	0	0	0	0	0	0	0	3	0	0	0	0	0	0	0	2	0	0	0	0	0	33	0	41	0	0	212
96	82	44	68	22	68	10	40	0	39	68	22	13	40	33	0	97	190	88	95	56	9	40	0	10	40	0	9	40	0	0	29	120	0	41	32	44	22	5	0	0	0	15	6	0	0	13	40	33	0	80	130	88	95	46	8	40	0	9	40	0	9	40	0	0	28	120	0	41	10	20	0	2	0	0	0	0	0	0	0	9	40	0	0	29	70	0	41	27	24	22	9	0	0	0	25	6	0	0	5	0	0	0	15	6	0	0	13	0	33	0	69	60	88	95	36	5	40	0	8	40	0	6	40	0	0	23	120	0	38	9	20	0	2	0	0	0	0	0	0	0	9	40	0	0	28	70	0	41	5	0	0	0	0	0	0	0	0	0	0	2	0	0	0	0	0	0	0	9	0	0	0	18	0	0	41	24	24	22	8	0	0	0	10	18	0	0	9	0	0	0	25	6	0	0	5	0	0	0	15	6	0	0	7	0	33	0	57	60	88	95
70	61	36	23	0	52	12	8	0	36	23	0	17	0	0	0	91	61	0	0	43	11	8	0	12	8	0	13	0	0	0	37	16	0	0	32	23	0	5	0	0	0	24	3	0	0	17	0	0	0	83	61	0	0	35	10	8	0	11	8	0	13	0	0	0	36	16	0	0	10	8	0	2	0	0	0	0	0	0	0	13	0	0	0	32	16	0	0	27	15	0	9	0	0	0	31	3	0	0	5	0	0	0	24	3	0	0	13	0	0	0	69	45	0	0	27	7	8	0	10	8	0	10	0	0	0	31	16	0	0	9	8	0	2	0	0	0	0	0	0	0	13	0	0	0	31	16	0	0	5	0	0	0	0	0	0	0	0	0	0	2	0	0	0	0	0	0	0	9	0	0	0	18	0	0	0	24	15	0	8	0	0	0	11	9	0	0	9	0	0	0	31	3	0	0	5	0	0	0	24	3	0	0	7	0	0	0	57	45	0	0
103	90	41	12	86	77	24	0	60	41	12	86	36	0	22	76	114	12	86	77	64	21	0	39	24	0	60	30	0	22	35	74	0	60	30	39	12	86	15	0	0	105	26	24	0	52	36	0	22	76	109	12	86	77	51	14	0	21	21	0	39	20	0	12	32	64	0	39	28	22	0	60	5	0	0	32	0	0	0	21	30	0	22	35	69	0	60	30	31	12	86	12	0	11	21	29	60	0	79	15	0	0	105	26	24	0	52	32	0	22	76	89	12	86	77	38	9	0	21	14	0	21	11	0	0	32	40	0	21	28	19	0	39	3	0	0	32	0	0	0	21	20	0	12	32	59	0	39	28	14	0	60	0	0	11	21	0	0	0	54	5	0	0	32	0	0	0	21	26	0	22	35	49	0	60	30	22	12	86	10	0	11	0	5	12	0	0	12	0	11	21	29	60	0	79	15	0	0	105	26	24	0	52	20	0	22	76	59	12	86	77
115	100	59	50	68	85	29	0	61	59	50	68	65	0	61	36	146	150	340	0	70	18	0	42	29	0	61	27	0	61	0	89	0	305	0	59	50	68	17	0	13	82	24	90	0	52	65	0	61	36	146	150	340	0	55	10	0	12	18	0	42	16	0	48	0	56	0	210	0	29	0	61	5	0	13	0	0	0	0	21	27	0	61	0	89	0	305	0	53	50	68	12	0	11	24	33	60	0	138	17	0	13	82	24	90	0	52	65	0	61	36	133	150	340	0	40	5	0	9	10	0	12	7	0	0	0	28	0	60	0	18	0	42	3	0	12	0	0	0	0	21	16	0	48	0	56	0	210	0	23	0	61	0	0	11	18	0	0	0	74	5	0	13	0	0	0	0	21	27	0	61	0	76	0	305	0	43	50	68	10	0	11	27	6	10	0	0	12	0	11	24	33	60	0	138	17	0	13	82	24	90	0	52	53	0	61	36	99	150	340	0
113	98	47	38	77	83	27	14	49	47	38	77	39	0	22	69	129	64	154	77	68	23	14	16	27	14	49	31	0	22	0	87	28	98	30	43	38	77	17	0	0	70	25	36	0	117	39	0	22	69	121	64	154	77	54	14	14	0	23	14	16	20	0	12	0	72	28	32	28	25	14	49	5	0	0	0	0	0	0	21	31	0	22	0	82	28	98	30	35	24	77	12	0	21	0	28	72	0	79	17	0	0	70	25	36	0	117	35	0	22	69	101	36	154	77	40	9	12	0	14	14	0	11	0	0	0	40	28	0	28	21	14	16	3	0	0	0	0	0	0	21	20	0	12	0	67	28	32	28	17	0	49	0	0	20	0	0	0	0	54	5	0	0	0	0	0	0	21	27	0	22	0	62	0	98	30	25	24	77	8	24	11	0	5	12	0	0	12	0	21	0	28	72	0	79	17	0	0	70	25	36	0	117	23	0	22	69	67	36	154	77
108	91	62	101	30	74	20	68	11	62	101	30	30	105	22	0	156	322	90	77	57	16	63	6	20	68	11	22	99	22	0	61	247	33	30	55	101	30	12	46	0	30	25	24	0	0	30	105	22	0	142	322	90	77	42	9	46	0	16	63	6	11	90	12	0	46	227	18	28	18	68	11	3	22	0	0	0	0	0	0	22	99	22	0	56	247	33	30	37	71	30	3	72	11	0	28	48	30	21	12	46	0	30	25	24	0	0	26	105	22	0	96	247	90	77	30	7	16	0	9	46	0	5	48	0	0	23	151	0	28	14	63	6	1	16	0	0	0	0	0	0	11	90	12	0	41	227	18	28	12	44	11	0	0	11	0	0	0	11	12	3	22	0	0	0	0	0	0	18	99	22	0	41	187	33	30	25	35	30	4	48	11	0	5	8	90	0	3	72	11	0	28	48	30	21	12	46	0	30	25	24	0	0	20	33	22	0	59	103	90	77
82	71	47	34	9	60	25	6	0	47	34	9	45	24	0	0	123	70	36	22	49	19	0	0	25	6	0	29	0	0	0	83	6	0	0	45	34	9	14	0	0	0	17	36	9	0	45	24	0	0	118	70	36	22	38	12	0	0	19	0	0	18	0	0	0	59	0	0	0	23	6	0	4	0	0	0	0	0	0	0	29	0	0	0	78	6	0	0	38	34	9	10	0	0	0	23	36	0	0	14	0	0	0	17	36	9	0	41	24	0	0	100	70	36	22	27	8	0	0	12	0	0	10	0	0	0	35	0	0	0	17	0	0	2	0	0	0	0	0	0	0	18	0	0	0	54	0	0	0	16	6	0	0	0	0	0	0	0	0	0	4	0	0	0	0	0	0	0	25	0	0	0	60	6	0	0	29	34	9	8	0	0	0	4	6	0	0	10	0	0	0	23	36	0	0	14	0	0	0	17	36	9	0	30	24	0	0	69	70	36	22
81	69	41	27	46	57	22	0	21	41	27	46	56	0	28	13	106	36	138	107	45	12	0	21	22	0	21	25	0	21	13	75	0	63	72	41	27	46	11	0	8	0	0	0	0	0	56	0	28	13	106	36	138	107	33	3	0	20	12	0	21	11	0	21	12	38	0	63	48	22	0	21	4	0	0	0	0	0	0	0	25	0	21	13	75	0	63	72	38	27	46	1	0	24	12	0	0	0	0	11	0	8	0	0	0	0	0	56	0	28	13	99	36	138	107	21	0	0	7	3	0	20	0	0	20	0	7	0	60	12	12	0	21	0	0	0	0	0	0	0	0	11	0	21	12	38	0	63	48	19	0	21	0	0	0	0	0	0	0	0	4	0	0	0	0	0	0	0	25	0	21	13	68	0	63	72	29	27	46	0	0	16	7	0	0	0	59	1	0	24	12	0	0	0	0	11	0	8	0	0	0	0	0	45	0	28	13	68	36	138	107
109	92	51	82	63	75	18	30	42	51	82	63	39	120	46	57	123	210	252	77	58	9	0	42	18	30	42	18	0	39	57	57	100	168	61	51	82	63	10	0	35	0	0	0	189	0	39	120	46	57	123	210	252	77	41	2	0	34	9	0	42	6	0	39	36	26	0	168	42	18	30	42	3	0	31	0	0	0	126	0	18	0	39	57	57	100	168	61	49	82	63	1	0	15	58	0	0	0	0	10	0	35	0	0	0	189	0	39	120	46	57	119	210	252	77	24	0	0	5	2	0	34	0	0	36	0	4	0	136	12	9	0	42	0	0	31	0	0	0	126	0	6	0	39	36	26	0	168	42	16	30	42	0	0	11	0	0	0	0	0	3	0	31	0	0	0	126	0	18	0	39	57	53	100	168	61	32	82	63	0	0	15	15	0	0	0	104	1	0	15	58	0	0	0	0	10	0	35	0	0	0	189	0	33	120	46	57	71	210	252	77
116	96	61	124	77	76	18	96	24	61	124	77	41	212	20	57	149	367	77	270	56	9	67	24	18	96	24	12	170	13	57	60	307	24	181	59	124	77	5	79	23	0	0	0	154	0	41	212	20	57	146	367	77	270	37	4	11	18	9	67	24	7	55	13	36	28	189	24	103	18	96	24	3	22	11	0	0	0	48	0	12	170	13	57	60	307	24	181	40	105	77	0	11	39	42	0	0	385	0	5	79	23	0	0	0	154	0	41	212	20	57	102	329	77	270	23	0	0	0	4	11	18	0	0	12	0	9	22	18	33	9	67	24	0	0	11	0	0	0	48	0	7	55	13	36	28	189	24	103	14	82	24	0	0	11	0	0	0	120	0	3	22	11	0	0	0	48	0	12	170	13	57	51	279	24	181	26	35	77	0	0	43	0	0	0	77	80	0	11	39	42	0	0	385	0	5	79	23	0	0	0	154	0	34	142	20	57	58	119	77	270
77	65	45	37	36	53	21	18	0	45	37	36	53	26	6	0	119	102	72	184	41	12	8	0	21	18	0	24	8	0	0	68	80	0	121	45	37	36	9	16	8	0	0	0	36	0	53	26	6	0	119	102	72	184	29	4	0	0	12	8	0	11	0	0	0	36	32	0	64	21	18	0	4	0	0	0	0	0	0	0	24	8	0	0	68	80	0	121	37	37	36	1	0	24	0	0	0	36	0	9	16	8	0	0	0	36	0	53	26	6	0	100	102	72	184	18	0	0	0	4	0	0	0	0	0	0	9	0	0	12	12	8	0	0	0	0	0	0	0	0	0	11	0	0	0	36	32	0	64	17	18	0	0	0	0	0	0	0	0	0	4	0	0	0	0	0	0	0	24	8	0	0	59	80	0	121	24	26	36	0	0	28	0	0	0	0	0	1	0	24	0	0	0	36	0	9	16	8	0	0	0	36	0	42	26	6	0	58	58	72	184
80	67	42	55	10	54	13	15	0	42	55	10	32	75	0	0	103	135	50	68	41	7	0	0	13	15	0	16	0	0	0	45	40	0	61	42	55	10	9	0	0	0	0	0	30	0	32	75	0	0	103	135	50	68	28	1	0	0	7	0	0	5	0	0	0	21	0	0	42	13	15	0	2	0	0	0	0	0	0	0	16	0	0	0	45	40	0	61	41	55	10	1	0	0	0	0	0	0	0	9	0	0	0	0	0	30	0	32	75	0	0	101	135	50	68	15	0	0	0	1	0	0	0	0	0	0	2	0	0	12	7	0	0	0	0	0	0	0	0	0	0	5	0	0	0	21	0	0	42	12	15	0	0	0	0	0	0	0	0	0	2	0	0	0	0	0	0	0	16	0	0	0	43	40	0	61	27	55	10	0	0	0	0	0	0	0	0	1	0	0	0	0	0	0	0	9	0	0	0	0	0	30	0	27	75	0	0	63	135	50	68
72	60	15	0	83	48	1	0	46	15	0	83	1	0	53	58	43	0	0	155	36	0	0	45	1	0	46	0	0	0	55	4	0	0	63	15	0	83	0	0	8	13	0	0	0	0	1	0	53	58	43	0	0	155	24	0	0	45	0	0	45	0	0	0	55	0	0	0	63	1	0	46	0	0	0	13	0	0	0	0	0	0	0	55	4	0	0	63	15	0	83	0	0	0	0	0	0	0	0	0	0	8	13	0	0	0	0	1	0	53	58	43	0	0	155	12	0	0	44	0	0	45	0	0	0	52	0	0	0	54	0	0	45	0	0	0	12	0	0	0	0	0	0	0	55	0	0	0	63	1	0	46	0	0	0	0	0	0	0	0	0	0	0	13	0	0	0	0	0	0	0	55	4	0	0	63	14	0	83	0	0	0	12	0	0	0	0	0	0	0	0	0	0	0	0	0	0	8	13	0	0	0	0	1	0	53	58	39	0	0	155
69	57	24	27	44	45	0	0	18	24	27	44	0	0	67	18	60	72	132	119	33	0	0	18	0	0	18	0	0	20	18	0	0	54	63	24	27	44	0	0	0	0	0	0	0	0	0	0	67	18	60	72	132	119	21	0	0	18	0	0	18	0	0	20	18	0	0	54	63	0	0	18	0	0	0	0	0	0	0	0	0	0	20	18	0	0	54	63	24	27	44	0	0	0	0	0	0	0	0	0	0	0	0	0	0	0	0	0	0	67	18	60	72	132	119	9	0	0	16	0	0	18	0	0	20	16	0	0	54	54	0	0	18	0	0	0	0	0	0	0	0	0	0	20	18	0	0	54	63	0	0	18	0	0	0	0	0	0	0	0	0	0	0	0	0	0	0	0	0	0	20	18	0	0	54	63	16	27	44	0	0	0	16	0	0	0	0	0	0	0	0	0	0	0	0	0	0	0	0	0	0	0	0	0	0	67	18	41	72	132	119
59	49	24	9	53	39	7	0	6	24	9	53	16	0	75	24	70	18	53	232	29	1	0	0	7	0	6	5	0	0	0	21	0	6	87	24	9	53	2	0	63	0	0	0	0	9	16	0	75	24	70	18	53	232	19	0	0	0	1	0	0	0	0	0	0	2	0	0	87	7	0	6	0	0	0	0	0	0	0	0	5	0	0	0	21	0	6	87	23	9	53	0	0	11	0	0	0	0	0	2	0	63	0	0	0	0	9	16	0	75	24	68	18	53	232	9	0	0	0	0	0	0	0	0	0	0	0	0	0	72	1	0	0	0	0	0	0	0	0	0	0	0	0	0	0	2	0	0	87	6	0	6	0	0	0	0	0	0	0	0	0	0	0	0	0	0	0	0	5	0	0	0	19	0	6	87	15	9	53	0	0	0	0	0	0	0	0	0	0	11	0	0	0	0	0	2	0	63	0	0	0	0	9	11	0	75	24	46	18	53	232
51	42	20	18	15	33	0	0	0	20	18	15	0	0	45	0	48	36	45	73	24	0	0	0	0	0	0	0	0	0	0	0	0	0	42	20	18	15	0	0	0	0	0	0	0	0	0	0	45	0	48	36	45	73	15	0	0	0	0	0	0	0	0	0	0	0	0	0	42	0	0	0	0	0	0	0	0	0	0	0	0	0	0	0	0	0	0	42	20	18	15	0	0	0	0	0	0	0	0	0	0	0	0	0	0	0	0	0	0	45	0	48	36	45	73	6	0	0	0	0	0	0	0	0	0	0	0	0	0	34	0	0	0	0	0	0	0	0	0	0	0	0	0	0	0	0	0	0	42	0	0	0	0	0	0	0	0	0	0	0	0	0	0	0	0	0	0	0	0	0	0	0	0	0	0	42	14	18	15	0	0	0	0	0	0	0	0	0	0	0	0	0	0	0	0	0	0	0	0	0	0	0	0	0	0	45	0	38	36	45	73
38	31	19	12	5	24	0	0	0	19	12	5	0	0	15	0	42	30	20	10	17	0	0	0	0	0	0	0	0	0	0	0	0	0	0	19	12	5	0	0	0	0	0	0	0	0	0	0	15	0	42	30	20	10	10	0	0	0	0	0	0	0	0	0	0	0	0	0	0	0	0	0	0	0	0	0	0	0	0	0	0	0	0	0	0	0	0	0	19	12	5	0	0	0	0	0	0	0	0	0	0	0	0	0	0	0	0	0	0	15	0	42	30	20	10	3	0	0	0	0	0	0	0	0	0	0	0	0	0	0	0	0	0	0	0	0	0	0	0	0	0	0	0	0	0	0	0	0	0	0	0	0	0	0	0	0	0	0	0	0	0	0	0	0	0	0	0	0	0	0	0	0	0	0	0	0	9	12	5	0	0	0	0	0	0	0	0	0	0	0	0	0	0	0	0	0	0	0	0	0	0	0	0	0	0	15	0	22	30	20	10
54	43	15	10	54	32	0	0	26	15	10	54	0	0	0	76	35	10	54	64	21	0	0	10	0	0	26	0	0	0	10	0	0	26	18	15	10	54	0	0	0	10	0	0	0	73	0	0	0	76	35	10	54	64	10	0	0	10	0	0	10	0	0	0	10	0	0	10	18	0	0	26	0	0	0	10	0	0	0	42	0	0	0	10	0	0	26	18	14	10	54	0	0	0	0	0	0	0	0	0	0	0	10	0	0	0	73	0	0	0	76	34	10	54	64	0	0	0	10	0	0	10	0	0	0	10	0	0	10	18	0	0	10	0	0	0	10	0	0	0	42	0	0	0	10	0	0	10	18	0	0	26	0	0	0	0	0	0	0	0	0	0	0	10	0	0	0	42	0	0	0	10	0	0	26	18	0	0	54	0	0	0	0	0	0	0	0	0	0	0	0	0	0	0	0	0	0	0	10	0	0	0	73	0	0	0	76	0	0	54	64
66	52	29	40	69	38	2	0	60	29	40	69	6	0	77	62	67	100	276	5	24	0	0	36	2	0	60	0	0	72	10	4	0	240	0	29	40	69	0	0	29	40	0	0	0	140	6	0	77	62	67	100	276	5	10	0	0	31	0	0	36	0	0	15	10	0	0	144	0	2	0	60	0	0	28	32	0	0	0	66	0	0	72	10	4	0	240	0	17	40	69	0	0	0	54	0	0	0	0	0	0	29	40	0	0	0	140	6	0	77	62	43	100	276	5	0	0	0	30	0	0	31	0	0	11	10	0	0	124	0	0	0	36	0	0	15	32	0	0	0	66	0	0	15	10	0	0	144	0	0	0	60	0	0	0	53	0	0	0	0	0	0	28	32	0	0	0	66	0	0	72	10	0	0	240	0	0	0	69	0	0	0	9	0	0	0	0	0	0	0	54	0	0	0	0	0	0	29	40	0	0	0	140	0	0	77	62	0	0	276	5
70	55	37	50	66	40	3	0	45	37	50	66	11	0	103	92	93	150	330	44	25	0	0	8	3	0	45	0	0	96	0	7	0	225	18	37	50	66	0	0	34	24	0	0	0	186	11	0	103	92	93	150	330	44	10	0	0	0	0	0	8	0	0	24	0	0	0	40	18	3	0	45	0	0	33	0	0	0	0	66	0	0	96	0	7	0	225	18	19	50	66	0	0	0	0	0	0	0	30	0	0	34	24	0	0	0	186	11	0	103	92	51	150	330	44	0	0	0	0	0	0	0	0	0	0	0	0	0	0	18	0	0	8	0	0	16	0	0	0	0	66	0	0	24	0	0	0	40	18	0	0	45	0	0	0	0	0	0	0	11	0	0	33	0	0	0	0	66	0	0	96	0	0	0	225	18	0	0	66	0	0	0	0	0	0	0	0	0	0	0	0	0	0	0	30	0	0	34	24	0	0	0	186	0	0	103	92	0	0	330	44
53	42	16	18	37	31	0	0	5	16	18	37	0	0	0	25	36	27	74	117	20	0	0	0	0	0	5	0	0	0	0	0	0	10	24	16	18	37	0	0	0	0	0	0	0	10	0	0	0	25	36	27	74	117	9	0	0	0	0	0	0	0	0	0	0	0	0	0	18	0	0	5	0	0	0	0	0	0	0	0	0	0	0	0	0	0	10	24	13	18	37	0	0	0	0	0	0	0	0	0	0	0	0	0	0	0	10	0	0	0	25	32	27	74	117	0	0	0	0	0	0	0	0	0	0	0	0	0	0	18	0	0	0	0	0	0	0	0	0	0	0	0	0	0	0	0	0	0	18	0	0	5	0	0	0	0	0	0	0	0	0	0	0	0	0	0	0	0	0	0	0	0	0	0	10	24	0	0	37	0	0	0	0	0	0	0	0	0	0	0	0	0	0	0	0	0	0	0	0	0	0	0	10	0	0	0	25	0	0	74	117
42	33	18	18	9	24	0	0	0	18	18	9	0	0	0	0	39	36	27	20	15	0	0	0	0	0	0	0	0	0	0	0	0	0	0	18	18	9	0	0	0	0	0	0	0	0	0	0	0	0	39	36	27	20	6	0	0	0	0	0	0	0	0	0	0	0	0	0	0	0	0	0	0	0	0	0	0	0	0	0	0	0	0	0	0	0	0	0	12	18	9	0	0	0	0	0	0	0	0	0	0	0	0	0	0	0	0	0	0	0	0	29	36	27	20	0	0	0	0	0	0	0	0	0	0	0	0	0	0	0	0	0	0	0	0	0	0	0	0	0	0	0	0	0	0	0	0	0	0	0	0	0	0	0	0	0	0	0	0	0	0	0	0	0	0	0	0	0	0	0	0	0	0	0	0	0	0	0	9	0	0	0	0	0	0	0	0	0	0	0	0	0	0	0	0	0	0	0	0	0	0	0	0	0	0	0	0	0	0	27	20
49	36	22	30	70	23	0	0	40	22	30	70	0	0	56	52	48	60	210	144	10	0	0	39	0	0	40	0	0	51	50	0	0	120	105	16	30	70	0	0	0	11	0	0	0	0	0	0	56	52	38	60	210	144	0	0	0	23	0	0	39	0	0	50	23	0	0	117	44	0	0	40	0	0	0	0	0	0	0	0	0	0	51	50	0	0	120	105	0	0	70	0	0	0	54	0	0	0	77	0	0	0	11	0	0	0	0	0	0	56	52	0	0	210	144	0	0	0	11	0	0	23	0	0	31	11	0	0	69	31	0	0	39	0	0	0	0	0	0	0	0	0	0	50	23	0	0	117	44	0	0	40	0	0	0	22	0	0	0	24	0	0	0	0	0	0	0	0	0	0	51	50	0	0	120	105	0	0	0	0	0	0	44	0	0	0	30	0	0	0	54	0	0	0	77	0	0	0	11	0	0	0	0	0	0	0	52	0	0	0	144
48	35	24	36	57	22	0	0	33	24	36	57	0	0	38	45	52	90	228	135	9	0	0	30	0	0	33	0	0	34	41	0	0	132	105	14	36	57	0	0	0	27	0	0	0	0	0	0	38	45	32	90	228	135	0	0	0	8	0	0	30	0	0	33	8	0	0	120	44	0	0	33	0	0	0	0	0	0	0	0	0	0	34	41	0	0	132	105	0	0	57	0	0	0	24	0	0	0	113	0	0	0	27	0	0	0	0	0	0	38	45	0	0	228	135	0	0	0	0	0	0	8	0	0	16	0	0	0	32	31	0	0	30	0	0	0	0	0	0	0	0	0	0	33	8	0	0	120	44	0	0	33	0	0	0	0	0	0	0	24	0	0	0	0	0	0	0	0	0	0	34	41	0	0	132	105	0	0	0	0	0	0	0	0	0	0	30	0	0	0	24	0	0	0	113	0	0	0	27	0	0	0	0	0	0	0	45	0	0	0	135
43	31	28	35	36	19	0	0	23	28	35	36	0	0	38	35	61	105	180	66	7	0	0	22	0	0	23	0	0	34	33	0	0	115	45	13	35	36	0	0	0	11	0	0	0	0	0	0	38	35	27	105	180	66	0	0	0	8	0	0	22	0	0	33	8	0	0	110	8	0	0	23	0	0	0	0	0	0	0	0	0	0	34	33	0	0	115	45	0	0	36	0	0	0	24	0	0	0	77	0	0	0	11	0	0	0	0	0	0	38	35	0	0	180	66	0	0	0	0	0	0	8	0	0	16	0	0	0	40	0	0	0	22	0	0	0	0	0	0	0	0	0	0	33	8	0	0	110	8	0	0	23	0	0	0	0	0	0	0	24	0	0	0	0	0	0	0	0	0	0	34	33	0	0	115	45	0	0	0	0	0	0	0	0	0	0	30	0	0	0	24	0	0	0	77	0	0	0	11	0	0	0	0	0	0	0	35	0	0	0	66
43	32	16	10	59	21	0	0	12	16	10	59	0	0	14	24	37	10	59	235	10	0	0	11	0	0	12	0	0	12	22	0	0	12	136	15	10	59	0	0	0	11	0	0	0	0	0	0	14	24	36	10	59	235	0	0	0	0	0	0	11	0	0	11	0	0	0	11	54	0	0	12	0	0	0	0	0	0	0	0	0	0	12	22	0	0	12	136	0	0	59	0	0	0	0	0	0	0	77	0	0	0	11	0	0	0	0	0	0	14	24	0	0	59	235	0	0	0	0	0	0	0	0	0	0	0	0	0	0	41	0	0	11	0	0	0	0	0	0	0	0	0	0	11	0	0	0	11	54	0	0	12	0	0	0	0	0	0	0	24	0	0	0	0	0	0	0	0	0	0	12	22	0	0	12	136	0	0	0	0	0	0	0	0	0	0	0	0	0	0	0	0	0	0	77	0	0	0	11	0	0	0	0	0	0	0	24	0	0	0	235
42	31	17	18	49	20	0	0	12	17	18	49	0	0	14	24	38	27	98	181	9	0	0	11	0	0	12	0	0	12	22	0	0	24	110	14	18	49	0	0	0	11	0	0	0	0	0	0	14	24	34	27	98	181	0	0	0	0	0	0	11	0	0	11	0	0	0	22	44	0	0	12	0	0	0	0	0	0	0	0	0	0	12	22	0	0	24	110	0	0	49	0	0	0	0	0	0	0	77	0	0	0	11	0	0	0	0	0	0	14	24	0	0	98	181	0	0	0	0	0	0	0	0	0	0	0	0	0	0	31	0	0	11	0	0	0	0	0	0	0	0	0	0	11	0	0	0	22	44	0	0	12	0	0	0	0	0	0	0	24	0	0	0	0	0	0	0	0	0	0	12	22	0	0	24	110	0	0	0	0	0	0	0	0	0	0	0	0	0	0	0	0	0	0	77	0	0	0	11	0	0	0	0	0	0	0	24	0	0	0	181
49	32	18	30	131	15	0	0	87	15	30	131	0	0	20	124	36	45	262	212	0	0	0	83	0	0	87	0	0	20	110	0	0	174	108	0	0	131	0	0	0	52	0	0	0	0	0	0	20	124	0	0	262	212	0	0	0	82	0	0	83	0	0	20	105	0	0	166	102	0	0	87	0	0	0	50	0	0	0	0	0	0	20	110	0	0	174	108	0	0	0	0	0	0	11	0	0	0	0	0	0	0	52	0	0	0	0	0	0	0	124	0	0	0	212	0	0	0	64	0	0	82	0	0	20	39	0	0	164	39	0	0	83	0	0	0	23	0	0	0	0	0	0	20	105	0	0	166	102	0	0	0	0	0	0	0	0	0	0	0	0	0	0	50	0	0	0	0	0	0	0	110	0	0	0	108	0	0	0	0	0	0	78	0	0	0	77	0	0	0	11	0	0	0	0	0	0	0	52	0	0	0	0	0	0	0	0	0	0	0	0
28	17	26	30	17	6	0	0	10	12	30	17	0	0	20	0	25	84	85	36	0	0	0	10	0	0	10	0	0	20	0	0	0	50	23	0	0	17	0	0	0	0	0	0	0	0	0	0	20	0	0	0	85	36	0	0	0	10	0	0	10	0	0	20	0	0	0	50	22	0	0	10	0	0	0	0	0	0	0	0	0	0	20	0	0	0	50	23	0	0	0	0	0	0	0	0	0	0	0	0	0	0	0	0	0	0	0	0	0	0	0	0	0	0	36	0	0	0	10	0	0	10	0	0	20	0	0	0	50	8	0	0	10	0	0	0	0	0	0	0	0	0	0	20	0	0	0	50	22	0	0	0	0	0	0	0	0	0	0	0	0	0	0	0	0	0	0	0	0	0	0	0	0	0	0	23	0	0	0	0	0	0	0	0	0	0	0	0	0	0	0	0	0	0	0	0	0	0	0	0	0	0	0	0	0	0	0	0	0	0	0
30	19	18	24	41	8	0	0	12	12	24	41	0	0	0	36	28	48	123	163	0	0	0	11	0	0	12	0	0	0	33	0	0	36	96	0	0	41	0	0	0	11	0	0	0	0	0	0	0	36	0	0	123	163	0	0	0	11	0	0	11	0	0	0	33	0	0	33	91	0	0	12	0	0	0	11	0	0	0	0	0	0	0	33	0	0	36	96	0	0	0	0	0	0	0	0	0	0	0	0	0	0	11	0	0	0	0	0	0	0	36	0	0	0	163	0	0	0	8	0	0	11	0	0	0	24	0	0	33	39	0	0	11	0	0	0	8	0	0	0	0	0	0	0	33	0	0	33	91	0	0	0	0	0	0	0	0	0	0	0	0	0	0	11	0	0	0	0	0	0	0	33	0	0	0	96	0	0	0	0	0	0	24	0	0	0	0	0	0	0	0	0	0	0	0	0	0	0	11	0	0	0	0	0	0	0	0	0	0	0	0
29	19	15	9	45	9	0	0	0	14	9	45	0	0	0	0	33	9	45	271	0	0	0	0	0	0	0	0	0	0	0	0	0	0	120	0	0	45	0	0	0	0	0	0	0	0	0	0	0	0	0	0	45	271	0	0	0	0	0	0	0	0	0	0	0	0	0	0	113	0	0	0	0	0	0	0	0	0	0	0	0	0	0	0	0	0	0	120	0	0	0	0	0	0	0	0	0	0	0	0	0	0	0	0	0	0	0	0	0	0	0	0	0	0	271	0	0	0	0	0	0	0	0	0	0	0	0	0	0	39	0	0	0	0	0	0	0	0	0	0	0	0	0	0	0	0	0	0	113	0	0	0	0	0	0	0	0	0	0	0	0	0	0	0	0	0	0	0	0	0	0	0	0	0	0	120	0	0	0	0	0	0	0	0	0	0	0	0	0	0	0	0	0	0	0	0	0	0	0	0	0	0	0	0	0	0	0	0	0	0	0
26	16	21	24	16	6	0	0	0	11	24	16	0	0	0	0	24	60	64	93	0	0	0	0	0	0	0	0	0	0	0	0	0	0	56	0	0	16	0	0	0	0	0	0	0	0	0	0	0	0	0	0	64	93	0	0	0	0	0	0	0	0	0	0	0	0	0	0	52	0	0	0	0	0	0	0	0	0	0	0	0	0	0	0	0	0	0	56	0	0	0	0	0	0	0	0	0	0	0	0	0	0	0	0	0	0	0	0	0	0	0	0	0	0	93	0	0	0	0	0	0	0	0	0	0	0	0	0	0	16	0	0	0	0	0	0	0	0	0	0	0	0	0	0	0	0	0	0	52	0	0	0	0	0	0	0	0	0	0	0	0	0	0	0	0	0	0	0	0	0	0	0	0	0	0	56	0	0	0	0	0	0	0	0	0	0	0	0	0	0	0	0	0	0	0	0	0	0	0	0	0	0	0	0	0	0	0	0	0	0	0
21	10	13	10	56	0	0	0	10	0	0	56	0	0	0	20	0	0	56	250	0	0	0	10	0	0	10	0	0	0	20	0	0	10	109	0	0	0	0	0	0	0	0	0	0	0	0	0	0	20	0	0	0	250	0	0	0	10	0	0	10	0	0	0	20	0	0	10	104	0	0	0	0	0	0	0	0	0	0	0	0	0	0	20	0	0	0	109	0	0	0	0	0	0	0	0	0	0	0	0	0	0	0	0	0	0	0	0	0	0	0	0	0	0	0	0	0	0	10	0	0	10	0	0	0	20	0	0	10	103	0	0	0	0	0	0	0	0	0	0	0	0	0	0	20	0	0	0	104	0	0	0	0	0	0	0	0	0	0	0	0	0	0	0	0	0	0	0	0	0	0	0	0	0	0	0	0	0	0	0	0	0	0	0	0	0	0	0	0	0	0	0	0	0	0	0	0	0	0	0	0	0	0	0	0	0	0	0	0	0	0
18	7	10	28	24	0	0	0	10	0	0	24	0	0	0	20	0	0	96	33	0	0	0	10	0	0	10	0	0	0	20	0	0	40	10	0	0	0	0	0	0	0	0	0	0	0	0	0	0	20	0	0	0	33	0	0	0	10	0	0	10	0	0	0	20	0	0	40	10	0	0	0	0	0	0	0	0	0	0	0	0	0	0	20	0	0	0	10	0	0	0	0	0	0	0	0	0	0	0	0	0	0	0	0	0	0	0	0	0	0	0	0	0	0	0	0	0	0	10	0	0	10	0	0	0	20	0	0	40	10	0	0	0	0	0	0	0	0	0	0	0	0	0	0	20	0	0	0	10	0	0	0	0	0	0	0	0	0	0	0	0	0	0	0	0	0	0	0	0	0	0	0	0	0	0	0	0	0	0	0	0	0	0	0	0	0	0	0	0	0	0	0	0	0	0	0	0	0	0	0	0	0	0	0	0	0	0	0	0	0	0
18	8	12	16	35	0	0	0	0	0	0	35	0	0	0	0	0	0	70	205	0	0	0	0	0	0	0	0	0	0	0	0	0	0	109	0	0	0	0	0	0	0	0	0	0	0	0	0	0	0	0	0	0	205	0	0	0	0	0	0	0	0	0	0	0	0	0	0	104	0	0	0	0	0	0	0	0	0	0	0	0	0	0	0	0	0	0	109	0	0	0	0	0	0	0	0	0	0	0	0	0	0	0	0	0	0	0	0	0	0	0	0	0	0	0	0	0	0	0	0	0	0	0	0	0	0	0	0	0	103	0	0	0	0	0	0	0	0	0	0	0	0	0	0	0	0	0	0	104	0	0	0	0	0	0	0	0	0	0	0	0	0	0	0	0	0	0	0	0	0	0	0	0	0	0	0	0	0	0	0	0	0	0	0	0	0	0	0	0	0	0	0	0	0	0	0	0	0	0	0	0	0	0	0	0	0	0	0	0	0	0
17	7	11	21	20	0	0	0	0	0	0	20	0	0	0	0	0	0	60	74	0	0	0	0	0	0	0	0	0	0	0	0	0	0	22	0	0	0	0	0	0	0	0	0	0	0	0	0	0	0	0	0	0	74	0	0	0	0	0	0	0	0	0	0	0	0	0	0	21	0	0	0	0	0	0	0	0	0	0	0	0	0	0	0	0	0	0	22	0	0	0	0	0	0	0	0	0	0	0	0	0	0	0	0	0	0	0	0	0	0	0	0	0	0	0	0	0	0	0	0	0	0	0	0	0	0	0	0	0	21	0	0	0	0	0	0	0	0	0	0	0	0	0	0	0	0	0	0	21	0	0	0	0	0	0	0	0	0	0	0	0	0	0	0	0	0	0	0	0	0	0	0	0	0	0	0	0	0	0	0	0	0	0	0	0	0	0	0	0	0	0	0	0	0	0	0	0	0	0	0	0	0	0	0	0	0	0	0	0	0	0
14	5	10	20	6	0	0	0	0	0	0	6	0	0	0	0	0	0	24	17	0	0	0	0	0	0	0	0	0	0	0	0	0	0	10	0	0	0	0	0	0	0	0	0	0	0	0	0	0	0	0	0	0	17	0	0	0	0	0	0	0	0	0	0	0	0	0	0	10	0	0	0	0	0	0	0	0	0	0	0	0	0	0	0	0	0	0	10	0	0	0	0	0	0	0	0	0	0	0	0	0	0	0	0	0	0	0	0	0	0	0	0	0	0	0	0	0	0	0	0	0	0	0	0	0	0	0	0	0	10	0	0	0	0	0	0	0	0	0	0	0	0	0	0	0	0	0	0	10	0	0	0	0	0	0	0	0	0	0	0	0	0	0	0	0	0	0	0	0	0	0	0	0	0	0	0	0	0	0	0	0	0	0	0	0	0	0	0	0	0	0	0	0	0	0	0	0	0	0	0	0	0	0	0	0	0	0	0	0	0	0
8	0	0	0	37	0	0	0	0	0	0	0	0	0	0	0	0	0	0	141	0	0	0	0	0	0	0	0	0	0	0	0	0	0	20	0	0	0	0	0	0	0	0	0	0	0	0	0	0	0	0	0	0	0	0	0	0	0	0	0	0	0	0	0	0	0	0	0	20	0	0	0	0	0	0	0	0	0	0	0	0	0	0	0	0	0	0	0	0	0	0	0	0	0	0	0	0	0	0	0	0	0	0	0	0	0	0	0	0	0	0	0	0	0	0	0	0	0	0	0	0	0	0	0	0	0	0	0	0	20	0	0	0	0	0	0	0	0	0	0	0	0	0	0	0	0	0	0	0	0	0	0	0	0	0	0	0	0	0	0	0	0	0	0	0	0	0	0	0	0	0	0	0	0	0	0	0	0	0	0	0	0	0	0	0	0	0	0	0	0	0	0	0	0	0	0	0	0	0	0	0	0	0	0	0	0	0	0	0	0	0
7	0	0	0	27	0	0	0	0	0	0	0	0	0	0	0	0	0	0	85	0	0	0	0	0	0	0	0	0	0	0	0	0	0	10	0	0	0	0	0	0	0	0	0	0	0	0	0	0	0	0	0	0	0	0	0	0	0	0	0	0	0	0	0	0	0	0	0	10	0	0	0	0	0	0	0	0	0	0	0	0	0	0	0	0	0	0	0	0	0	0	0	0	0	0	0	0	0	0	0	0	0	0	0	0	0	0	0	0	0	0	0	0	0	0	0	0	0	0	0	0	0	0	0	0	0	0	0	0	10	0	0	0	0	0	0	0	0	0	0	0	0	0	0	0	0	0	0	0	0	0	0	0	0	0	0	0	0	0	0	0	0	0	0	0	0	0	0	0	0	0	0	0	0	0	0	0	0	0	0	0	0	0	0	0	0	0	0	0	0	0	0	0	0	0	0	0	0	0	0	0	0	0	0	0	0	0	0	0	0	0
6	0	0	0	19	0	0	0	0	0	0	0	0	0	0	0	0	0	0	50	0	0	0	0	0	0	0	0	0	0	0	0	0	0	10	0	0	0	0	0	0	0	0	0	0	0	0	0	0	0	0	0	0	0	0	0	0	0	0	0	0	0	0	0	0	0	0	0	10	0	0	0	0	0	0	0	0	0	0	0	0	0	0	0	0	0	0	0	0	0	0	0	0	0	0	0	0	0	0	0	0	0	0	0	0	0	0	0	0	0	0	0	0	0	0	0	0	0	0	0	0	0	0	0	0	0	0	0	0	10	0	0	0	0	0	0	0	0	0	0	0	0	0	0	0	0	0	0	0	0	0	0	0	0	0	0	0	0	0	0	0	0	0	0	0	0	0	0	0	0	0	0	0	0	0	0	0	0	0	0	0	0	0	0	0	0	0	0	0	0	0	0	0	0	0	0	0	0	0	0	0	0	0	0	0	0	0	0	0	0	0
5	0	0	0	12	0	0	0	0	0	0	0	0	0	0	0	0	0	0	30	0	0	0	0	0	0	0	0	0	0	0	0	0	0	10	0	0	0	0	0	0	0	0	0	0	0	0	0	0	0	0	0	0	0	0	0	0	0	0	0	0	0	0	0	0	0	0	0	10	0	0	0	0	0	0	0	0	0	0	0	0	0	0	0	0	0	0	0	0	0	0	0	0	0	0	0	0	0	0	0	0	0	0	0	0	0	0	0	0	0	0	0	0	0	0	0	0	0	0	0	0	0	0	0	0	0	0	0	0	10	0	0	0	0	0	0	0	0	0	0	0	0	0	0	0	0	0	0	0	0	0	0	0	0	0	0	0	0	0	0	0	0	0	0	0	0	0	0	0	0	0	0	0	0	0	0	0	0	0	0	0	0	0	0	0	0	0	0	0	0	0	0	0	0	0	0	0	0	0	0	0	0	0	0	0	0	0	0	0	0	0
