90	87	14	0	0	84	12	0	0	14	0	0	8	0	0	0	23	0	0	0	81	6	0	0	12	0	0	4	0	0	0	17	0	0	0	14	0	0	0	0	0	0	1	0	0	0	8	0	0	0	23	0	0	0	78	6	0	0	6	0	0	4	0	0	0	8	0	0	0	12	0	0	0	0	0	0	0	0	0	0	4	0	0	0	17	0	0	0	14	0	0	2	0	0	0	3	0	0	0	0	0	0	0	1	0	0	0	8	0	0	0	23	0	0	0	75	6	0	0	6	0	0	4	0	0	0	8	0	0	0	6	0	0	0	0	0	0	0	0	0	0	4	0	0	0	8	0	0	0	12	0	0	2	0	0	0	3	0	0	0	0	0	0	0	0	0	0	0	4	0	0	0	17	0	0	0	14	0	0	10	0	0	0	6	0	0	0	2	0	0	0	3	0	0	0	0	0	0	0	1	0	0	0	8	0	0	0	23	0	0	0
267	257	22	35	0	247	11	31	0	22	35	0	9	20	0	0	54	42	0	0	237	7	25	0	11	31	0	5	20	0	0	26	39	0	0	22	35	0	3	0	0	0	4	0	0	0	9	20	0	0	54	42	0	0	227	6	23	0	7	25	0	5	20	0	0	20	30	0	0	11	31	0	1	0	0	0	1	0	0	0	5	20	0	0	26	39	0	0	22	35	0	3	6	0	0	2	3	0	0	3	0	0	0	4	0	0	0	9	20	0	0	54	42	0	0	217	4	15	0	6	23	0	4	12	0	0	17	24	0	0	7	25	0	1	0	0	0	1	0	0	0	5	20	0	0	20	30	0	0	11	31	0	0	6	0	0	2	3	0	0	1	0	0	0	1	0	0	0	5	20	0	0	26	39	0	0	22	35	0	4	24	0	0	5	6	0	0	3	6	0	0	2	3	0	0	3	0	0	0	4	0	0	0	9	20	0	0	54	42	0	0
200	193	33	14	0	186	21	14	0	33	14	0	23	0	0	0	81	24	0	0	179	15	6	0	21	14	0	9	0	0	0	49	24	0	0	33	14	0	3	0	0	0	6	0	0	0	23	0	0	0	81	24	0	0	172	14	6	0	15	6	0	9	0	0	0	40	12	0	0	21	14	0	1	0	0	0	2	0	0	0	9	0	0	0	49	24	0	0	33	14	0	5	0	0	0	3	4	0	0	3	0	0	0	6	0	0	0	23	0	0	0	81	24	0	0	165	12	4	0	14	6	0	8	0	0	0	37	12	0	0	15	6	0	1	0	0	0	2	0	0	0	9	0	0	0	40	12	0	0	21	14	0	2	0	0	0	3	4	0	0	1	0	0	0	2	0	0	0	9	0	0	0	49	24	0	0	33	14	0	10	8	0	0	7	8	0	0	5	0	0	0	3	4	0	0	3	0	0	0	6	0	0	0	23	0	0	0	81	24	0	0
234	226	41	20	0	218	27	8	0	41	20	0	23	16	0	0	103	42	0	0	210	20	0	0	27	8	0	9	0	0	0	66	12	0	0	41	20	0	5	0	0	0	8	4	0	0	23	16	0	0	103	42	0	0	202	19	0	0	20	0	0	9	0	0	0	56	0	0	0	27	8	0	3	0	0	0	3	0	0	0	9	0	0	0	66	12	0	0	41	20	0	5	0	0	0	4	6	0	0	5	0	0	0	8	4	0	0	23	16	0	0	103	42	0	0	194	17	0	0	19	0	0	8	0	0	0	53	0	0	0	20	0	0	3	0	0	0	3	0	0	0	9	0	0	0	56	0	0	0	27	8	0	2	0	0	0	3	4	0	0	3	0	0	0	3	0	0	0	9	0	0	0	66	12	0	0	41	20	0	14	0	0	0	11	12	0	0	5	0	0	0	4	6	0	0	5	0	0	0	8	4	0	0	23	16	0	0	103	42	0	0
353	340	61	60	0	327	31	40	0	61	60	0	23	20	0	0	167	183	0	0	314	25	36	0	31	40	0	11	0	0	0	89	150	0	0	61	60	0	5	0	0	0	15	11	0	0	23	20	0	0	167	183	0	0	301	24	36	0	25	36	0	11	0	0	0	78	144	0	0	31	40	0	3	0	0	0	9	9	0	0	11	0	0	0	89	150	0	0	61	60	0	3	0	0	0	5	7	0	0	5	0	0	0	15	11	0	0	23	20	0	0	167	183	0	0	288	22	36	0	24	36	0	10	0	0	0	75	144	0	0	25	36	0	3	0	0	0	9	9	0	0	11	0	0	0	78	144	0	0	31	40	0	0	0	0	0	4	2	0	0	3	0	0	0	9	9	0	0	11	0	0	0	89	150	0	0	61	60	0	6	0	0	0	13	14	0	0	3	0	0	0	5	7	0	0	5	0	0	0	15	11	0	0	23	20	0	0	167	183	0	0
253	244	41	20	6	235	21	8	0	41	20	6	15	0	12	0	113	60	12	0	226	19	8	0	21	8	0	6	0	0	0	67	24	0	0	41	20	6	3	0	0	0	9	6	0	0	15	0	12	0	113	60	12	0	217	19	8	0	19	8	0	6	0	0	0	65	24	0	0	21	8	0	3	0	0	0	5	0	0	0	6	0	0	0	67	24	0	0	41	20	6	1	0	0	0	3	0	0	0	3	0	0	0	9	6	0	0	15	0	12	0	113	60	12	0	208	18	8	0	19	8	0	6	0	0	0	65	24	0	0	19	8	0	3	0	0	0	5	0	0	0	6	0	0	0	65	24	0	0	21	8	0	0	0	0	0	0	0	0	0	3	0	0	0	5	0	0	0	6	0	0	0	67	24	0	0	41	20	6	4	0	0	0	10	6	0	0	1	0	0	0	3	0	0	0	3	0	0	0	9	6	0	0	15	0	12	0	113	60	12	0
380	366	67	69	6	352	34	41	0	67	69	6	35	24	12	0	179	211	24	0	338	32	33	0	34	41	0	26	0	0	0	112	135	0	0	67	69	6	9	22	0	0	13	17	6	0	35	24	12	0	179	211	24	0	324	31	33	0	32	33	0	26	0	0	0	107	121	0	0	34	41	0	7	22	0	0	7	11	0	0	26	0	0	0	112	135	0	0	67	69	6	8	0	0	0	3	6	0	0	9	22	0	0	13	17	6	0	35	24	12	0	179	211	24	0	310	28	31	0	31	33	0	25	0	0	0	104	121	0	0	32	33	0	7	22	0	0	7	11	0	0	26	0	0	0	107	121	0	0	34	41	0	1	0	0	0	1	0	0	0	7	22	0	0	7	11	0	0	26	0	0	0	112	135	0	0	67	69	6	14	20	0	0	9	18	0	0	8	0	0	0	3	6	0	0	9	22	0	0	13	17	6	0	35	24	12	0	179	211	24	0
168	162	30	5	2	156	16	5	0	30	5	2	6	0	4	0	86	15	0	0	150	15	5	0	16	5	0	2	0	0	0	52	15	0	0	30	5	2	2	0	0	0	7	0	0	0	6	0	4	0	86	15	0	0	144	15	5	0	15	5	0	2	0	0	0	51	15	0	0	16	5	0	2	0	0	0	4	0	0	0	2	0	0	0	52	15	0	0	30	5	2	0	0	0	0	2	0	0	0	2	0	0	0	7	0	0	0	6	0	4	0	86	15	0	0	138	15	5	0	15	5	0	2	0	0	0	51	15	0	0	15	5	0	2	0	0	0	4	0	0	0	2	0	0	0	51	15	0	0	16	5	0	0	0	0	0	0	0	0	0	2	0	0	0	4	0	0	0	2	0	0	0	52	15	0	0	30	5	2	2	0	0	0	8	0	0	0	0	0	0	0	2	0	0	0	2	0	0	0	7	0	0	0	6	0	4	0	86	15	0	0
241	232	42	25	2	223	20	18	0	42	25	2	16	12	4	0	108	67	2	0	214	17	18	0	20	18	0	3	12	0	0	61	42	0	0	42	25	2	2	0	0	0	6	11	0	0	16	12	4	0	108	67	2	0	205	17	18	0	17	18	0	3	12	0	0	55	42	0	0	20	18	0	2	0	0	0	3	6	0	0	3	12	0	0	61	42	0	0	42	25	2	0	0	0	0	2	0	0	0	2	0	0	0	6	11	0	0	16	12	4	0	108	67	2	0	196	17	18	0	17	18	0	3	12	0	0	55	42	0	0	17	18	0	2	0	0	0	3	6	0	0	3	12	0	0	55	42	0	0	20	18	0	0	0	0	0	0	0	0	0	2	0	0	0	3	6	0	0	3	12	0	0	61	42	0	0	42	25	2	2	0	0	0	8	0	0	0	0	0	0	0	2	0	0	0	2	0	0	0	6	11	0	0	16	12	4	0	108	67	2	0
270	260	58	31	2	250	32	21	0	58	31	2	33	0	4	0	167	109	4	0	240	30	21	0	32	21	0	25	0	0	0	107	84	0	0	58	31	2	9	0	0	0	13	7	0	0	33	0	4	0	167	109	4	0	230	30	21	0	30	21	0	25	0	0	0	102	84	0	0	32	21	0	9	0	0	0	8	7	0	0	25	0	0	0	107	84	0	0	58	31	2	6	0	0	0	3	0	0	0	9	0	0	0	13	7	0	0	33	0	4	0	167	109	4	0	220	28	21	0	30	21	0	25	0	0	0	102	84	0	0	30	21	0	9	0	0	0	8	7	0	0	25	0	0	0	102	84	0	0	32	21	0	1	0	0	0	1	0	0	0	9	0	0	0	8	7	0	0	25	0	0	0	107	84	0	0	58	31	2	16	0	0	0	9	10	0	0	6	0	0	0	3	0	0	0	9	0	0	0	13	7	0	0	33	0	4	0	167	109	4	0
427	411	76	64	37	395	43	49	13	76	64	37	49	50	6	18	210	235	37	14	379	39	48	0	43	49	13	33	48	0	0	127	173	13	0	76	64	37	24	12	0	0	16	24	0	0	49	50	6	18	210	235	37	14	363	35	47	0	39	48	0	31	48	0	0	114	168	0	0	43	49	13	16	12	0	0	8	12	0	0	33	48	0	0	127	173	13	0	76	64	37	24	11	3	0	6	0	0	0	24	12	0	0	16	24	0	0	49	50	6	18	210	235	37	14	347	24	34	0	35	47	0	20	46	0	0	102	167	0	0	39	48	0	13	12	0	0	8	12	0	0	31	48	0	0	114	168	0	0	43	49	13	4	0	3	0	2	0	0	0	16	12	0	0	8	12	0	0	33	48	0	0	127	173	13	0	76	64	37	19	22	16	0	9	15	37	0	24	11	3	0	6	0	0	0	24	12	0	0	16	24	0	0	49	50	6	18	210	235	37	14
355	342	70	41	26	329	46	22	13	70	41	26	60	11	6	18	190	99	52	6	316	43	20	0	46	22	13	48	11	0	0	136	44	26	0	70	41	26	30	18	0	0	13	9	0	0	60	11	6	18	190	99	52	6	303	40	9	0	43	20	0	46	9	0	0	127	38	0	0	46	22	13	24	0	0	0	9	0	0	0	48	11	0	0	136	44	26	0	70	41	26	22	18	3	0	4	0	26	0	30	18	0	0	13	9	0	0	60	11	6	18	190	99	52	6	290	30	0	0	40	9	0	36	0	0	0	118	9	0	0	43	20	0	21	0	0	0	9	0	0	0	46	9	0	0	127	38	0	0	46	22	13	8	0	3	0	4	0	13	0	24	0	0	0	9	0	0	0	48	11	0	0	136	44	26	0	70	41	26	24	0	16	0	9	0	26	0	22	18	3	0	4	0	26	0	30	18	0	0	13	9	0	0	60	11	6	18	190	99	52	6
357	344	74	47	17	331	51	7	0	74	47	17	60	35	6	0	209	89	85	14	318	49	0	0	51	7	0	53	0	0	0	154	7	0	0	74	47	17	32	0	0	0	15	7	17	0	60	35	6	0	209	89	85	14	305	46	0	0	49	0	0	51	0	0	0	146	0	0	0	51	7	0	24	0	0	0	11	0	0	0	53	0	0	0	154	7	0	0	74	47	17	24	0	0	0	5	0	0	0	32	0	0	0	15	7	17	0	60	35	6	0	209	89	85	14	292	40	0	0	46	0	0	44	0	0	0	137	0	0	0	49	0	0	21	0	0	0	11	0	0	0	51	0	0	0	146	0	0	0	51	7	0	8	0	0	0	5	0	0	0	24	0	0	0	11	0	0	0	53	0	0	0	154	7	0	0	74	47	17	24	0	0	0	9	0	0	0	24	0	0	0	5	0	0	0	32	0	0	0	15	7	17	0	60	35	6	0	209	89	85	14
456	438	106	126	11	420	57	87	0	106	126	11	62	171	6	0	285	423	44	8	402	53	81	0	57	87	0	46	153	0	0	163	317	0	0	106	126	11	28	63	0	0	30	17	0	0	62	171	6	0	285	423	44	8	384	50	76	0	53	81	0	44	150	0	0	150	294	0	0	57	87	0	20	60	0	0	19	10	0	0	46	153	0	0	163	317	0	0	106	126	11	26	34	0	0	17	0	0	0	28	63	0	0	30	17	0	0	62	171	6	0	285	423	44	8	366	44	58	0	50	76	0	37	138	0	0	141	286	0	0	53	81	0	17	60	0	0	19	10	0	0	44	150	0	0	150	294	0	0	57	87	0	9	10	0	0	10	0	0	0	20	60	0	0	19	10	0	0	46	153	0	0	163	317	0	0	106	126	11	20	72	0	0	23	14	11	0	26	34	0	0	17	0	0	0	28	63	0	0	30	17	0	0	62	171	6	0	285	423	44	8
404	388	90	107	0	372	45	80	0	90	107	0	59	117	0	0	232	298	0	0	356	41	62	0	45	80	0	46	84	0	0	126	222	0	0	90	107	0	18	91	0	0	20	24	0	0	59	117	0	0	232	298	0	0	340	39	42	0	41	62	0	44	53	0	0	113	156	0	0	45	80	0	14	50	0	0	12	16	0	0	46	84	0	0	126	222	0	0	90	107	0	18	59	0	0	13	10	0	0	18	91	0	0	20	24	0	0	59	117	0	0	232	298	0	0	324	35	25	0	39	42	0	43	19	0	0	109	103	0	0	41	62	0	14	29	0	0	12	14	0	0	44	53	0	0	113	156	0	0	45	80	0	6	18	0	0	9	8	0	0	14	50	0	0	12	16	0	0	46	84	0	0	126	222	0	0	90	107	0	22	33	0	0	21	14	0	0	18	59	0	0	13	10	0	0	18	91	0	0	20	24	0	0	59	117	0	0	232	298	0	0
324	311	72	48	27	298	46	36	6	72	48	27	60	36	11	24	198	133	27	28	285	41	36	0	46	36	6	44	36	0	0	139	117	6	0	72	48	27	28	0	8	0	7	18	0	6	60	36	11	24	198	133	27	28	272	36	36	0	41	36	0	36	36	0	0	125	117	0	0	46	36	6	20	0	0	0	7	18	0	0	44	36	0	0	139	117	6	0	72	48	27	8	0	18	0	4	9	0	0	28	0	8	0	7	18	0	6	60	36	11	24	198	133	27	28	259	30	36	0	36	36	0	30	36	0	0	118	117	0	0	41	36	0	18	0	0	0	7	18	0	0	36	36	0	0	125	117	0	0	46	36	6	7	0	0	0	4	9	0	0	20	0	0	0	7	18	0	0	44	36	0	0	139	117	6	0	72	48	27	5	0	42	0	8	0	0	0	8	0	18	0	4	9	0	0	28	0	8	0	7	18	0	6	60	36	11	24	198	133	27	28
411	395	78	78	37	379	48	37	0	78	78	37	53	50	11	0	202	233	148	91	363	45	28	0	48	37	0	51	14	0	0	141	111	0	26	78	78	37	22	0	17	0	9	0	37	0	53	50	11	0	202	233	148	91	347	39	28	0	45	28	0	44	14	0	0	132	84	0	0	48	37	0	19	0	0	0	9	0	0	0	51	14	0	0	141	111	0	26	78	78	37	8	0	38	0	5	0	0	0	22	0	17	0	9	0	37	0	53	50	11	0	202	233	148	91	331	33	28	0	39	28	0	36	14	0	0	124	84	0	0	45	28	0	17	0	0	0	9	0	0	0	44	14	0	0	132	84	0	0	48	37	0	7	0	0	0	5	0	0	0	19	0	0	0	9	0	0	0	51	14	0	0	141	111	0	26	78	78	37	5	0	44	0	9	0	0	0	8	0	38	0	5	0	0	0	22	0	17	0	9	0	37	0	53	50	11	0	202	233	148	91
430	412	94	120	26	394	55	92	0	94	120	26	68	140	11	0	230	313	52	54	376	48	85	0	55	92	0	51	126	0	0	146	238	0	13	94	120	26	26	81	17	0	13	33	0	0	68	140	11	0	230	313	52	54	358	40	81	0	48	85	0	40	121	0	0	126	226	0	0	55	92	0	16	72	0	0	9	30	0	0	51	126	0	0	146	238	0	13	94	120	26	20	43	27	0	12	33	0	0	26	81	17	0	13	33	0	0	68	140	11	0	230	313	52	54	340	30	78	0	40	81	0	24	120	0	0	114	221	0	0	48	85	0	9	70	0	0	9	30	0	0	40	121	0	0	126	226	0	0	55	92	0	9	40	0	0	8	30	0	0	16	72	0	0	9	30	0	0	51	126	0	0	146	238	0	13	94	120	26	4	26	22	0	8	65	0	0	20	43	27	0	12	33	0	0	26	81	17	0	13	33	0	0	68	140	11	0	230	313	52	54
228	219	47	20	13	210	31	14	0	47	20	13	39	0	7	0	137	34	13	28	201	30	14	0	31	14	0	35	0	0	0	98	28	0	0	47	20	13	13	0	0	0	6	0	0	0	39	0	7	0	137	34	13	28	192	29	14	0	30	14	0	35	0	0	0	95	28	0	0	31	14	0	13	0	0	0	6	0	0	0	35	0	0	0	98	28	0	0	47	20	13	5	0	6	0	4	0	0	0	13	0	0	0	6	0	0	0	39	0	7	0	137	34	13	28	183	26	14	0	29	14	0	32	0	0	0	94	28	0	0	30	14	0	13	0	0	0	6	0	0	0	35	0	0	0	95	28	0	0	31	14	0	5	0	0	0	4	0	0	0	13	0	0	0	6	0	0	0	35	0	0	0	98	28	0	0	47	20	13	3	0	18	0	7	0	0	0	5	0	6	0	4	0	0	0	13	0	0	0	6	0	0	0	39	0	7	0	137	34	13	28
252	242	50	32	7	232	27	16	0	50	32	7	25	8	7	0	126	90	21	17	222	26	16	0	27	16	0	21	8	0	0	76	48	0	0	50	32	7	7	0	0	0	5	0	0	0	25	8	7	0	126	90	21	17	212	26	16	0	26	16	0	21	8	0	0	73	48	0	0	27	16	0	7	0	0	0	5	0	0	0	21	8	0	0	76	48	0	0	50	32	7	4	0	0	0	4	0	0	0	7	0	0	0	5	0	0	0	25	8	7	0	126	90	21	17	202	26	16	0	26	16	0	21	8	0	0	73	48	0	0	26	16	0	7	0	0	0	5	0	0	0	21	8	0	0	73	48	0	0	27	16	0	4	0	0	0	4	0	0	0	7	0	0	0	5	0	0	0	21	8	0	0	76	48	0	0	50	32	7	3	0	0	0	6	0	0	0	4	0	0	0	4	0	0	0	7	0	0	0	5	0	0	0	25	8	7	0	126	90	21	17
389	373	61	81	29	357	30	39	4	61	81	29	27	26	23	12	126	181	145	70	341	27	39	0	30	39	4	21	26	8	0	84	91	20	0	61	81	29	12	0	21	0	5	0	0	0	27	26	23	12	126	181	145	70	325	26	39	0	27	39	0	18	26	0	0	79	91	0	0	30	39	4	10	0	12	0	5	0	0	0	21	26	8	0	84	91	20	0	61	81	29	6	0	7	0	4	0	0	0	12	0	21	0	5	0	0	0	27	26	23	12	126	181	145	70	309	24	39	0	26	39	0	17	26	0	0	75	91	0	0	27	39	0	7	0	0	0	3	0	0	0	18	26	0	0	79	91	0	0	30	39	4	4	0	4	0	4	0	0	0	10	0	12	0	5	0	0	0	21	26	8	0	84	91	20	0	61	81	29	2	0	15	0	7	0	0	0	6	0	7	0	4	0	0	0	12	0	21	0	5	0	0	0	27	26	23	12	126	181	145	70
324	311	50	33	48	298	28	22	7	50	33	48	21	11	9	35	125	78	48	110	285	28	22	0	28	22	7	21	11	0	0	79	66	7	6	50	33	48	7	0	0	0	5	0	0	17	21	11	9	35	125	78	48	110	272	28	22	0	28	22	0	21	11	0	0	79	66	0	0	28	22	7	7	0	0	0	5	0	0	0	21	11	0	0	79	66	7	6	50	33	48	4	0	0	0	4	0	0	0	7	0	0	0	5	0	0	17	21	11	9	35	125	78	48	110	259	27	22	0	28	22	0	21	11	0	0	79	66	0	0	28	22	0	7	0	0	0	5	0	0	0	21	11	0	0	79	66	0	0	28	22	7	4	0	0	0	4	0	0	0	7	0	0	0	5	0	0	0	21	11	0	0	79	66	7	6	50	33	48	1	0	8	0	6	0	0	0	4	0	0	0	4	0	0	0	7	0	0	0	5	0	0	17	21	11	9	35	125	78	48	110
263	252	37	36	14	241	13	24	0	37	36	14	5	0	9	0	79	74	28	44	230	13	24	0	13	24	0	5	0	0	0	36	56	0	0	37	36	14	0	0	0	0	0	0	0	0	5	0	9	0	79	74	28	44	219	13	24	0	13	24	0	5	0	0	0	36	56	0	0	13	24	0	0	0	0	0	0	0	0	0	5	0	0	0	36	56	0	0	37	36	14	0	0	0	0	0	0	0	0	0	0	0	0	0	0	0	0	5	0	9	0	79	74	28	44	208	13	24	0	13	24	0	5	0	0	0	36	56	0	0	13	24	0	0	0	0	0	0	0	0	0	5	0	0	0	36	56	0	0	13	24	0	0	0	0	0	0	0	0	0	0	0	0	0	0	0	0	0	5	0	0	0	36	56	0	0	37	36	14	0	0	0	0	0	0	0	0	0	0	0	0	0	0	0	0	0	0	0	0	0	0	0	0	5	0	9	0	79	74	28	44
230	221	37	20	9	212	16	0	0	37	20	9	6	0	9	0	70	45	36	37	203	16	0	0	16	0	0	6	0	0	0	44	0	0	0	37	20	9	0	0	0	0	0	0	0	0	6	0	9	0	70	45	36	37	194	16	0	0	16	0	0	6	0	0	0	44	0	0	0	16	0	0	0	0	0	0	0	0	0	0	6	0	0	0	44	0	0	0	37	20	9	0	0	0	0	0	0	0	0	0	0	0	0	0	0	0	0	6	0	9	0	70	45	36	37	185	16	0	0	16	0	0	6	0	0	0	44	0	0	0	16	0	0	0	0	0	0	0	0	0	0	6	0	0	0	44	0	0	0	16	0	0	0	0	0	0	0	0	0	0	0	0	0	0	0	0	0	0	6	0	0	0	44	0	0	0	37	20	9	0	0	0	0	0	0	0	0	0	0	0	0	0	0	0	0	0	0	0	0	0	0	0	0	6	0	9	0	70	45	36	37
198	190	30	19	0	182	10	7	0	30	19	0	3	0	0	0	57	38	0	0	174	10	7	0	10	7	0	3	0	0	0	28	14	0	0	30	19	0	0	0	0	0	0	0	0	0	3	0	0	0	57	38	0	0	166	10	7	0	10	7	0	3	0	0	0	28	14	0	0	10	7	0	0	0	0	0	0	0	0	0	3	0	0	0	28	14	0	0	30	19	0	0	0	0	0	0	0	0	0	0	0	0	0	0	0	0	0	3	0	0	0	57	38	0	0	158	10	7	0	10	7	0	3	0	0	0	28	14	0	0	10	7	0	0	0	0	0	0	0	0	0	3	0	0	0	28	14	0	0	10	7	0	0	0	0	0	0	0	0	0	0	0	0	0	0	0	0	0	3	0	0	0	28	14	0	0	30	19	0	0	0	0	0	0	0	0	0	0	0	0	0	0	0	0	0	0	0	0	0	0	0	0	0	3	0	0	0	57	38	0	0
347	333	32	33	54	319	15	0	32	32	33	54	9	0	55	43	59	11	162	38	305	14	0	18	15	0	32	6	0	52	4	45	0	96	4	32	33	54	3	0	8	30	2	0	0	37	9	0	55	43	59	11	162	38	291	13	0	3	14	0	18	5	0	41	0	41	0	54	0	15	0	32	0	0	7	0	0	0	0	0	6	0	52	4	45	0	96	4	32	33	54	0	0	8	6	1	0	0	26	3	0	8	30	2	0	0	37	9	0	55	43	59	11	162	38	277	13	0	3	13	0	3	5	0	12	0	36	0	9	0	14	0	18	0	0	4	0	0	0	0	0	5	0	41	0	41	0	54	0	15	0	32	0	0	7	6	0	0	0	13	0	0	7	0	0	0	0	0	6	0	52	4	45	0	96	4	32	33	54	1	0	0	0	1	0	0	0	0	0	8	6	1	0	0	26	3	0	8	30	2	0	0	37	9	0	55	43	59	11	162	38
302	289	29	53	21	276	9	30	7	29	53	21	6	20	24	7	47	91	63	38	263	8	30	4	9	30	7	3	20	21	4	29	80	21	4	29	53	21	3	0	8	12	3	0	0	0	6	20	24	7	47	91	63	38	250	7	30	0	8	30	4	2	20	12	0	25	80	12	0	9	30	7	0	0	7	0	0	0	0	0	3	20	21	4	29	80	21	4	29	53	21	0	0	8	0	4	0	0	0	3	0	8	12	3	0	0	0	6	20	24	7	47	91	63	38	237	7	30	0	7	30	0	2	20	0	0	20	80	0	0	8	30	4	0	0	4	0	0	0	0	0	2	20	12	0	25	80	12	0	9	30	7	0	0	7	0	0	0	0	0	0	0	7	0	0	0	0	0	3	20	21	4	29	80	21	4	29	53	21	1	0	0	0	1	0	0	0	0	0	8	0	4	0	0	0	3	0	8	12	3	0	0	0	6	20	24	7	47	91	63	38
268	257	28	19	33	246	14	10	0	28	19	33	5	0	0	0	48	40	33	100	235	14	10	0	14	10	0	5	0	0	0	38	40	0	11	28	19	33	0	0	0	0	0	0	0	0	5	0	0	0	48	40	33	100	224	14	10	0	14	10	0	5	0	0	0	38	40	0	0	14	10	0	0	0	0	0	0	0	0	0	5	0	0	0	38	40	0	11	28	19	33	0	0	0	0	0	0	0	0	0	0	0	0	0	0	0	0	5	0	0	0	48	40	33	100	213	14	10	0	14	10	0	5	0	0	0	38	40	0	0	14	10	0	0	0	0	0	0	0	0	0	5	0	0	0	38	40	0	0	14	10	0	0	0	0	0	0	0	0	0	0	0	0	0	0	0	0	0	5	0	0	0	38	40	0	11	28	19	33	0	0	0	0	0	0	0	0	0	0	0	0	0	0	0	0	0	0	0	0	0	0	0	0	5	0	0	0	48	40	33	100
267	256	25	26	23	245	12	10	0	25	26	23	4	0	0	0	42	40	46	52	234	12	10	0	12	10	0	4	0	0	0	32	40	0	4	25	26	23	0	0	0	0	0	0	0	0	4	0	0	0	42	40	46	52	223	12	10	0	12	10	0	4	0	0	0	32	40	0	0	12	10	0	0	0	0	0	0	0	0	0	4	0	0	0	32	40	0	4	25	26	23	0	0	0	0	0	0	0	0	0	0	0	0	0	0	0	0	4	0	0	0	42	40	46	52	212	12	10	0	12	10	0	4	0	0	0	32	40	0	0	12	10	0	0	0	0	0	0	0	0	0	4	0	0	0	32	40	0	0	12	10	0	0	0	0	0	0	0	0	0	0	0	0	0	0	0	0	0	4	0	0	0	32	40	0	4	25	26	23	0	0	0	0	0	0	0	0	0	0	0	0	0	0	0	0	0	0	0	0	0	0	0	0	4	0	0	0	42	40	46	52
192	184	21	17	8	176	8	7	0	21	17	8	4	0	0	0	33	28	16	29	168	8	7	0	8	7	0	4	0	0	0	23	28	0	4	21	17	8	0	0	0	0	0	0	0	0	4	0	0	0	33	28	16	29	160	8	7	0	8	7	0	4	0	0	0	23	28	0	0	8	7	0	0	0	0	0	0	0	0	0	4	0	0	0	23	28	0	4	21	17	8	0	0	0	0	0	0	0	0	0	0	0	0	0	0	0	0	4	0	0	0	33	28	16	29	152	8	7	0	8	7	0	4	0	0	0	23	28	0	0	8	7	0	0	0	0	0	0	0	0	0	4	0	0	0	23	28	0	0	8	7	0	0	0	0	0	0	0	0	0	0	0	0	0	0	0	0	0	4	0	0	0	23	28	0	4	21	17	8	0	0	0	0	0	0	0	0	0	0	0	0	0	0	0	0	0	0	0	0	0	0	0	0	4	0	0	0	33	28	16	29
192	184	7	0	46	176	6	0	5	7	0	46	2	0	0	5	24	0	0	139	168	6	0	5	6	0	5	2	0	0	5	20	0	0	39	7	0	46	0	0	0	0	0	0	0	0	2	0	0	5	24	0	0	139	160	6	0	5	6	0	5	2	0	0	5	20	0	0	22	6	0	5	0	0	0	0	0	0	0	0	2	0	0	5	20	0	0	39	7	0	46	0	0	0	0	0	0	0	0	0	0	0	0	0	0	0	0	2	0	0	5	24	0	0	139	152	6	0	3	6	0	5	2	0	0	3	20	0	0	3	6	0	5	0	0	0	0	0	0	0	0	2	0	0	5	20	0	0	22	6	0	5	0	0	0	0	0	0	0	0	0	0	0	0	0	0	0	0	2	0	0	5	20	0	0	39	7	0	46	0	0	0	6	0	0	0	0	0	0	0	0	0	0	0	0	0	0	0	0	0	0	0	0	2	0	0	5	24	0	0	139
192	184	8	0	37	176	5	0	5	8	0	37	2	0	0	5	27	0	0	106	168	5	0	5	5	0	5	2	0	0	5	16	0	0	39	8	0	37	0	0	0	0	0	0	0	0	2	0	0	5	27	0	0	106	160	5	0	5	5	0	5	2	0	0	5	16	0	0	22	5	0	5	0	0	0	0	0	0	0	0	2	0	0	5	16	0	0	39	8	0	37	0	0	0	0	0	0	0	0	0	0	0	0	0	0	0	0	2	0	0	5	27	0	0	106	152	5	0	3	5	0	5	2	0	0	3	16	0	0	3	5	0	5	0	0	0	0	0	0	0	0	2	0	0	5	16	0	0	22	5	0	5	0	0	0	0	0	0	0	0	0	0	0	0	0	0	0	0	2	0	0	5	16	0	0	39	8	0	37	0	0	0	6	0	0	0	0	0	0	0	0	0	0	0	0	0	0	0	0	0	0	0	0	2	0	0	5	27	0	0	106
287	275	32	11	68	263	18	0	46	32	11	68	26	0	64	32	103	44	68	75	251	11	0	45	18	0	46	10	0	62	30	52	0	46	39	32	11	68	5	0	52	7	7	0	0	0	26	0	64	32	103	44	68	75	239	9	0	35	11	0	45	5	0	61	22	22	0	45	22	18	0	46	0	0	50	4	5	0	0	0	10	0	62	30	52	0	46	39	32	11	68	1	0	10	65	5	0	0	0	5	0	52	7	7	0	0	0	26	0	64	32	103	44	68	75	227	9	0	3	9	0	35	5	0	44	3	17	0	35	3	11	0	45	0	0	49	0	5	0	0	0	5	0	61	22	22	0	45	22	18	0	46	1	0	10	0	5	0	0	0	0	0	50	4	5	0	0	0	10	0	62	30	52	0	46	39	32	11	68	6	0	0	6	10	0	0	74	1	0	10	65	5	0	0	0	5	0	52	7	7	0	0	0	26	0	64	32	103	44	68	75
190	182	25	12	22	174	14	0	19	25	12	22	10	0	10	21	66	42	44	0	166	11	0	18	14	0	19	5	0	8	19	28	0	38	0	25	12	22	2	0	10	7	9	0	0	0	10	0	10	21	66	42	44	0	158	10	0	15	11	0	18	3	0	7	13	14	0	36	0	14	0	19	0	0	8	4	9	0	0	0	5	0	8	19	28	0	38	0	25	12	22	1	0	0	12	10	0	0	0	2	0	10	7	9	0	0	0	10	0	10	21	66	42	44	0	150	10	0	7	10	0	15	3	0	4	3	13	0	30	0	11	0	18	0	0	7	0	9	0	0	0	3	0	7	13	14	0	36	0	14	0	19	1	0	0	0	10	0	0	0	0	0	8	4	9	0	0	0	5	0	8	19	28	0	38	0	25	12	22	6	0	0	14	9	0	0	0	1	0	0	12	10	0	0	0	2	0	10	7	9	0	0	0	10	0	10	21	66	42	44	0
252	240	53	58	10	228	27	43	8	53	58	10	24	46	10	16	126	116	20	0	216	23	35	7	27	43	8	16	30	8	14	49	72	16	0	53	58	10	11	6	10	7	22	25	20	0	24	46	10	16	126	116	20	0	204	19	31	4	23	35	7	12	24	7	8	33	43	14	0	27	43	8	6	0	8	4	14	21	16	0	16	30	8	14	49	72	16	0	53	58	10	18	7	0	12	25	32	10	0	11	6	10	7	22	25	20	0	24	46	10	16	126	116	20	0	192	13	26	0	19	31	4	2	21	4	0	27	38	8	0	23	35	7	1	0	7	0	13	19	14	0	12	24	7	8	33	43	14	0	27	43	8	8	5	0	0	17	26	8	0	6	0	8	4	14	21	16	0	16	30	8	14	49	72	16	0	53	58	10	11	31	0	0	15	40	0	0	18	7	0	12	25	32	10	0	11	6	10	7	22	25	20	0	24	46	10	16	126	116	20	0
335	320	70	54	66	305	36	14	41	70	54	66	40	0	65	52	188	162	264	100	290	31	14	39	36	14	41	25	0	52	46	81	42	164	73	70	54	66	6	0	14	16	26	28	0	0	40	0	65	52	188	162	264	100	275	30	14	38	31	14	39	23	0	50	43	64	42	156	70	36	14	41	3	0	10	14	18	28	0	0	25	0	52	46	81	42	164	73	70	54	66	8	0	0	7	22	14	0	0	6	0	14	16	26	28	0	0	40	0	65	52	188	162	264	100	260	29	14	30	30	14	38	23	0	49	29	63	42	152	54	31	14	39	3	0	10	8	16	28	0	0	23	0	50	43	64	42	156	70	36	14	41	3	0	0	4	15	14	0	0	3	0	10	14	18	28	0	0	25	0	52	46	81	42	164	73	70	54	66	15	0	0	47	25	10	0	0	8	0	0	7	22	14	0	0	6	0	14	16	26	28	0	0	40	0	65	52	188	162	264	100
352	335	78	99	27	318	32	60	26	78	99	27	38	48	33	10	181	302	135	0	301	27	60	26	32	60	26	21	48	30	10	71	204	130	0	78	99	27	6	0	11	0	24	37	0	0	38	48	33	10	181	302	135	0	284	26	60	26	27	60	26	19	48	30	10	54	204	130	0	32	60	26	3	0	10	0	14	36	0	0	21	48	30	10	71	204	130	0	78	99	27	7	0	0	0	19	12	0	0	6	0	11	0	24	37	0	0	38	48	33	10	181	302	135	0	267	25	60	22	26	60	26	19	48	30	6	53	204	130	0	27	60	26	3	0	10	0	13	36	0	0	19	48	30	10	54	204	130	0	32	60	26	2	0	0	0	12	12	0	0	3	0	10	0	14	36	0	0	21	48	30	10	71	204	130	0	78	99	27	9	0	0	24	17	7	0	0	7	0	0	0	19	12	0	0	6	0	11	0	24	37	0	0	38	48	33	10	181	302	135	0
316	302	57	49	57	288	29	9	55	57	49	57	26	36	52	22	145	115	228	0	274	27	0	55	29	9	55	23	0	48	22	77	36	220	0	57	49	57	3	0	22	0	15	0	57	0	26	36	52	22	145	115	228	0	260	27	0	55	27	0	55	23	0	48	22	69	0	220	0	29	9	55	3	0	21	0	12	0	55	0	23	0	48	22	77	36	220	0	57	49	57	2	0	0	0	9	0	0	0	3	0	22	0	15	0	57	0	26	36	52	22	145	115	228	0	246	27	0	49	27	0	55	23	0	48	17	69	0	220	0	27	0	55	3	0	21	0	12	0	55	0	23	0	48	22	69	0	220	0	29	9	55	2	0	0	0	6	0	0	0	3	0	21	0	12	0	55	0	23	0	48	22	77	36	220	0	57	49	57	9	0	0	45	12	0	0	0	2	0	0	0	9	0	0	0	3	0	22	0	15	0	57	0	26	36	52	22	145	115	228	0
266	254	37	35	46	242	22	11	46	37	35	46	25	0	6	0	87	46	138	0	230	20	11	46	22	11	46	21	0	6	0	60	22	138	0	37	35	46	2	0	11	0	7	0	0	0	25	0	6	0	87	46	138	0	218	20	11	46	20	11	46	21	0	6	0	52	22	138	0	22	11	46	2	0	11	0	7	0	0	0	21	0	6	0	60	22	138	0	37	35	46	0	0	0	0	2	0	0	0	2	0	11	0	7	0	0	0	25	0	6	0	87	46	138	0	206	20	11	45	20	11	46	21	0	6	0	52	22	138	0	20	11	46	2	0	11	0	7	0	0	0	21	0	6	0	52	22	138	0	22	11	46	0	0	0	0	2	0	0	0	2	0	11	0	7	0	0	0	21	0	6	0	60	22	138	0	37	35	46	1	0	0	10	3	0	0	0	0	0	0	0	2	0	0	0	2	0	11	0	7	0	0	0	25	0	6	0	87	46	138	0
226	215	67	40	9	204	41	28	0	67	40	9	43	0	6	0	167	72	27	32	193	36	28	0	41	28	0	34	0	0	0	85	28	0	27	67	40	9	6	0	3	0	27	28	0	0	43	0	6	0	167	72	27	32	182	31	28	0	36	28	0	29	0	0	0	66	28	0	25	41	28	0	2	0	0	0	18	28	0	0	34	0	0	0	85	28	0	27	67	40	9	16	0	0	0	22	35	0	0	6	0	3	0	27	28	0	0	43	0	6	0	167	72	27	32	171	30	28	0	31	28	0	29	0	0	0	60	28	0	19	36	28	0	2	0	0	0	16	28	0	0	29	0	0	0	66	28	0	25	41	28	0	11	0	0	0	15	35	0	0	2	0	0	0	18	28	0	0	34	0	0	0	85	28	0	27	67	40	9	26	0	0	0	23	4	0	0	16	0	0	0	22	35	0	0	6	0	3	0	27	28	0	0	43	0	6	0	167	72	27	32
195	185	29	27	32	175	17	24	6	29	27	32	18	18	9	12	60	48	0	130	165	17	24	6	17	24	6	18	18	0	12	46	48	0	127	29	27	32	2	0	0	0	7	0	0	0	18	18	9	12	60	48	0	130	155	17	24	6	17	24	6	18	18	0	12	46	48	0	127	17	24	6	2	0	0	0	7	0	0	0	18	18	0	12	46	48	0	127	29	27	32	0	0	0	0	2	0	0	0	2	0	0	0	7	0	0	0	18	18	9	12	60	48	0	130	145	17	24	6	17	24	6	18	18	0	12	46	48	0	127	17	24	6	2	0	0	0	7	0	0	0	18	18	0	12	46	48	0	127	17	24	6	0	0	0	0	2	0	0	0	2	0	0	0	7	0	0	0	18	18	0	12	46	48	0	127	29	27	32	1	0	0	0	2	0	0	0	0	0	0	0	2	0	0	0	2	0	0	0	7	0	0	0	18	18	9	12	60	48	0	130
343	327	89	65	79	311	62	15	50	89	65	79	79	0	49	78	191	165	395	102	295	56	15	42	62	15	50	59	0	44	64	142	15	250	67	89	65	79	35	0	20	52	36	40	0	10	79	0	49	78	191	165	395	102	279	51	10	40	56	15	42	52	0	40	62	127	15	210	65	62	15	50	22	0	20	46	29	0	0	8	59	0	44	64	142	15	250	67	89	65	79	25	50	10	16	32	40	0	0	35	0	20	52	36	40	0	10	79	0	49	78	191	165	395	102	263	42	0	37	51	10	40	41	0	40	61	117	10	200	64	56	15	42	15	0	20	43	29	0	0	7	52	0	40	62	127	15	210	65	62	15	50	14	0	10	14	24	0	0	0	22	0	20	46	29	0	0	8	59	0	44	64	142	15	250	67	89	65	79	21	0	29	23	19	60	79	0	25	50	10	16	32	40	0	0	35	0	20	52	36	40	0	10	79	0	49	78	191	165	395	102
337	320	70	87	52	303	42	61	11	70	87	52	34	75	23	33	161	199	104	205	286	41	60	10	42	61	11	31	72	11	30	106	124	22	168	70	87	52	9	12	0	10	26	13	0	0	34	75	23	33	161	199	104	205	269	41	60	10	41	60	10	31	72	10	30	106	120	20	166	42	61	11	9	12	0	10	19	12	0	0	31	72	11	30	106	124	22	168	70	87	52	11	0	0	0	21	0	0	0	9	12	0	10	26	13	0	0	34	75	23	33	161	199	104	205	252	39	60	10	41	60	10	31	72	10	30	106	120	20	165	41	60	10	9	12	0	10	19	12	0	0	31	72	10	30	106	120	20	166	42	61	11	4	0	0	0	13	0	0	0	9	12	0	10	19	12	0	0	31	72	11	30	106	124	22	168	70	87	52	15	0	0	0	13	10	0	0	11	0	0	0	21	0	0	0	9	12	0	10	26	13	0	0	34	75	23	33	161	199	104	205
346	329	87	93	49	312	56	55	14	87	93	49	73	26	28	39	199	223	196	159	295	50	54	10	56	55	14	52	26	14	30	129	107	56	122	87	93	49	25	15	0	10	31	68	0	10	73	26	28	39	199	223	196	159	278	44	52	10	50	54	10	46	26	10	30	112	106	40	120	56	55	14	14	13	0	10	24	39	0	8	52	26	14	30	129	107	56	122	87	93	49	21	26	0	0	27	69	0	0	25	15	0	10	31	68	0	10	73	26	28	39	199	223	196	159	261	36	44	10	44	52	10	36	26	10	30	102	104	40	119	50	54	10	9	13	0	10	23	39	0	7	46	26	10	30	112	106	40	120	56	55	14	8	26	0	0	21	42	0	0	14	13	0	10	24	39	0	8	52	26	14	30	129	107	56	122	87	93	49	10	72	5	0	13	54	0	0	21	26	0	0	27	69	0	0	25	15	0	10	31	68	0	10	73	26	28	39	199	223	196	159
271	257	58	64	34	243	32	49	0	58	64	34	41	68	9	0	136	164	34	196	229	29	48	0	32	49	0	31	64	0	0	83	136	0	168	58	64	34	12	8	0	0	20	25	0	0	41	68	9	0	136	164	34	196	215	28	48	0	29	48	0	29	64	0	0	74	136	0	166	32	49	0	9	8	0	0	14	24	0	0	31	64	0	0	83	136	0	168	58	64	34	6	0	0	0	12	8	0	0	12	8	0	0	20	25	0	0	41	68	9	0	136	164	34	196	201	27	47	0	28	48	0	29	64	0	0	73	136	0	165	29	48	0	9	8	0	0	13	24	0	0	29	64	0	0	74	136	0	166	32	49	0	4	0	0	0	9	8	0	0	9	8	0	0	14	24	0	0	31	64	0	0	83	136	0	168	58	64	34	12	7	0	0	7	7	0	0	6	0	0	0	12	8	0	0	12	8	0	0	20	25	0	0	41	68	9	0	136	164	34	196
346	329	82	64	92	312	58	16	55	82	64	92	76	0	40	88	182	124	368	180	295	53	16	41	58	16	55	60	0	38	43	146	64	220	75	82	64	92	35	0	11	55	21	0	0	57	76	0	40	88	182	124	368	180	278	47	16	40	53	16	41	54	0	38	40	133	64	164	62	58	16	55	23	0	10	52	21	0	0	55	60	0	38	43	146	64	220	75	82	64	92	21	0	21	10	17	0	0	0	35	0	11	55	21	0	0	57	76	0	40	88	182	124	368	180	261	39	16	40	47	16	40	44	0	38	40	123	64	160	60	53	16	41	18	0	10	52	21	0	0	55	54	0	38	40	133	64	164	62	58	16	55	14	0	10	10	17	0	0	0	23	0	10	52	21	0	0	55	60	0	38	43	146	64	220	75	82	64	92	10	0	18	0	2	0	0	0	21	0	21	10	17	0	0	0	35	0	11	55	21	0	0	57	76	0	40	88	182	124	368	180
353	334	100	132	37	315	69	111	15	100	132	37	88	126	22	20	210	186	37	128	296	61	96	13	69	111	15	66	106	20	16	165	171	15	64	100	132	37	32	61	11	6	28	48	37	0	88	126	22	20	210	186	37	128	277	50	69	10	61	96	13	57	80	20	10	137	139	13	52	69	111	15	17	40	10	0	24	40	15	0	66	106	20	16	165	171	15	64	100	132	37	18	117	28	0	22	77	74	10	32	61	11	6	28	48	37	0	88	126	22	20	210	186	37	128	258	44	27	10	50	69	10	54	0	20	10	120	95	10	50	61	96	13	17	0	10	0	23	36	13	0	57	80	20	10	137	139	13	52	69	111	15	16	67	15	0	19	67	30	8	17	40	10	0	24	40	15	0	66	106	20	16	165	171	15	64	100	132	37	21	20	39	0	4	0	185	0	18	117	28	0	22	77	74	10	32	61	11	6	28	48	37	0	88	126	22	20	210	186	37	128
349	331	92	114	39	313	54	61	19	92	114	39	60	122	40	10	208	291	195	128	295	51	40	19	54	61	19	54	32	38	10	136	181	95	64	92	114	39	29	40	11	0	21	0	78	0	60	122	40	10	208	291	195	128	277	46	32	19	51	40	19	50	16	38	10	128	136	95	52	54	61	19	22	0	10	0	21	0	38	0	54	32	38	10	136	181	95	64	92	114	39	21	0	21	0	18	0	39	0	29	40	11	0	21	0	78	0	60	122	40	10	208	291	195	128	259	38	32	19	46	32	19	40	16	38	10	119	128	95	50	51	40	19	17	0	10	0	21	0	38	0	50	16	38	10	128	136	95	52	54	61	19	14	0	10	0	18	0	19	0	22	0	10	0	21	0	38	0	54	32	38	10	136	181	95	64	92	114	39	10	0	18	0	2	0	0	0	21	0	21	0	18	0	39	0	29	40	11	0	21	0	78	0	60	122	40	10	208	291	195	128
330	312	101	119	36	294	63	89	0	101	119	36	84	164	0	0	229	313	72	214	276	55	82	0	63	89	0	57	146	0	0	154	273	0	75	101	119	36	32	74	0	0	31	44	0	0	84	164	0	0	229	313	72	214	258	48	78	0	55	82	0	50	140	0	0	134	255	0	62	63	89	0	18	70	0	0	22	41	0	0	57	146	0	0	154	273	0	75	101	119	36	17	36	10	0	23	26	0	0	32	74	0	0	31	44	0	0	84	164	0	0	229	313	72	214	240	40	66	0	48	78	0	40	136	0	0	121	244	0	60	55	82	0	13	70	0	0	21	40	0	0	50	140	0	0	134	255	0	62	63	89	0	12	20	0	0	18	23	0	0	18	70	0	0	22	41	0	0	57	146	0	0	154	273	0	75	101	119	36	13	32	25	0	4	0	36	0	17	36	10	0	23	26	0	0	32	74	0	0	31	44	0	0	84	164	0	0	229	313	72	214
307	289	102	133	10	271	60	103	0	102	133	10	89	147	0	0	224	345	30	79	253	51	89	0	60	103	0	57	119	0	0	160	299	0	50	101	133	10	40	83	0	0	17	60	10	0	89	147	0	0	220	345	30	79	235	43	80	0	51	89	0	44	110	0	0	133	257	0	42	59	103	0	23	60	0	0	15	60	0	0	57	119	0	0	156	299	0	50	100	133	10	23	40	10	0	15	40	10	0	40	83	0	0	17	60	10	0	88	147	0	0	215	345	30	79	217	35	76	0	43	80	0	30	110	0	0	114	230	0	40	50	89	0	12	60	0	0	15	60	0	0	44	110	0	0	129	257	0	42	58	103	0	12	40	0	0	12	40	0	0	23	60	0	0	15	60	0	0	56	119	0	0	151	299	0	50	100	133	10	12	36	0	0	0	20	0	0	23	40	10	0	15	40	10	0	40	83	0	0	17	60	10	0	88	147	0	0	215	345	30	79
321	304	49	75	85	287	19	30	60	49	75	85	8	15	63	51	115	233	340	131	270	17	30	59	19	30	60	5	15	44	48	45	120	240	74	49	75	85	0	0	22	10	1	0	0	0	8	15	63	51	115	233	340	131	253	17	30	59	17	30	59	5	15	43	48	43	120	236	60	19	30	60	0	0	11	10	1	0	0	0	5	15	44	48	45	120	240	74	49	75	85	0	0	0	0	1	0	0	0	0	0	22	10	1	0	0	0	8	15	63	51	115	233	340	131	236	17	30	59	17	30	59	5	15	43	48	43	120	236	59	17	30	59	0	0	10	10	1	0	0	0	5	15	43	48	43	120	236	60	19	30	60	0	0	0	0	1	0	0	0	0	0	11	10	1	0	0	0	5	15	44	48	45	120	240	74	49	75	85	0	0	0	0	0	0	0	0	0	0	0	0	1	0	0	0	0	0	22	10	1	0	0	0	8	15	63	51	115	233	340	131
226	214	48	20	65	202	34	20	27	48	20	65	40	0	35	51	140	50	0	177	190	31	20	26	34	20	27	36	0	11	48	103	50	0	74	48	20	65	16	0	27	10	15	0	0	0	40	0	35	51	140	50	0	177	178	30	20	26	31	20	26	36	0	10	48	98	50	0	60	34	20	27	16	0	11	10	15	0	0	0	36	0	11	48	103	50	0	74	48	20	65	6	0	8	0	10	0	0	0	16	0	27	10	15	0	0	0	40	0	35	51	140	50	0	177	166	28	20	26	30	20	26	34	0	10	48	95	50	0	59	31	20	26	16	0	10	10	15	0	0	0	36	0	10	48	98	50	0	60	34	20	27	6	0	0	0	10	0	0	0	16	0	11	10	15	0	0	0	36	0	11	48	103	50	0	74	48	20	65	4	0	16	0	2	0	0	0	6	0	8	0	10	0	0	0	16	0	27	10	15	0	0	0	40	0	35	51	140	50	0	177
220	207	65	53	41	194	42	45	0	65	53	41	60	62	29	0	160	156	0	214	181	35	42	0	42	45	0	40	56	0	0	109	135	0	89	65	53	41	24	21	29	0	16	21	0	0	60	62	29	0	160	156	0	214	168	27	42	0	35	42	0	27	56	0	0	93	126	0	73	42	45	0	13	21	0	0	16	21	0	0	40	56	0	0	109	135	0	89	65	53	41	12	0	48	0	14	14	0	0	24	21	29	0	16	21	0	0	60	62	29	0	160	156	0	214	155	25	42	0	27	42	0	25	56	0	0	80	126	0	69	35	42	0	13	21	0	0	16	21	0	0	27	56	0	0	93	126	0	73	42	45	0	12	0	0	0	14	14	0	0	13	21	0	0	16	21	0	0	40	56	0	0	109	135	0	89	65	53	41	6	0	16	0	2	0	0	0	12	0	48	0	14	14	0	0	24	21	29	0	16	21	0	0	60	62	29	0	160	156	0	214
184	174	52	24	25	164	29	16	0	52	24	25	27	8	21	0	141	88	25	141	154	27	16	0	29	16	0	24	8	0	0	82	64	0	74	52	24	25	9	0	13	0	10	0	0	0	27	8	21	0	141	88	25	141	144	27	16	0	27	16	0	24	8	0	0	78	64	0	60	29	16	0	9	0	0	0	10	0	0	0	24	8	0	0	82	64	0	74	52	24	25	4	0	0	0	7	0	0	0	9	0	13	0	10	0	0	0	27	8	21	0	141	88	25	141	134	27	16	0	27	16	0	24	8	0	0	78	64	0	59	27	16	0	9	0	0	0	10	0	0	0	24	8	0	0	78	64	0	60	29	16	0	4	0	0	0	7	0	0	0	9	0	0	0	10	0	0	0	24	8	0	0	82	64	0	74	52	24	25	4	0	0	0	2	0	0	0	4	0	0	0	7	0	0	0	9	0	13	0	10	0	0	0	27	8	21	0	141	88	25	141
190	179	42	41	8	168	15	24	0	42	41	8	7	16	16	0	94	92	40	39	157	14	24	0	15	24	0	5	16	0	0	38	48	0	19	42	41	8	0	0	8	0	0	0	0	0	7	16	16	0	94	92	40	39	146	14	24	0	14	24	0	5	16	0	0	37	48	0	19	15	24	0	0	0	0	0	0	0	0	0	5	16	0	0	38	48	0	19	41	41	8	0	0	0	0	0	0	0	0	0	0	8	0	0	0	0	0	7	16	16	0	93	92	40	39	135	14	24	0	14	24	0	5	16	0	0	37	48	0	19	14	24	0	0	0	0	0	0	0	0	0	5	16	0	0	37	48	0	19	14	24	0	0	0	0	0	0	0	0	0	0	0	0	0	0	0	0	0	5	16	0	0	37	48	0	19	40	41	8	0	0	0	0	0	0	0	0	0	0	0	0	0	0	0	0	0	0	8	0	0	0	0	0	6	16	16	0	91	92	40	39
302	286	36	28	107	270	17	0	83	36	28	107	8	0	42	101	66	56	214	93	254	17	0	72	17	0	83	8	0	35	55	41	0	166	60	36	28	107	0	0	0	33	1	0	0	39	8	0	42	101	66	56	214	93	238	17	0	71	17	0	72	8	0	24	53	41	0	144	59	17	0	83	0	0	0	30	0	0	0	19	8	0	35	55	41	0	166	60	36	28	107	0	0	0	10	3	0	0	0	0	0	0	33	1	0	0	39	8	0	42	101	66	56	214	93	222	17	0	71	17	0	71	8	0	23	53	41	0	142	59	17	0	72	0	0	0	30	0	0	0	19	8	0	24	53	41	0	144	59	17	0	83	0	0	0	10	0	0	0	0	0	0	0	30	0	0	0	19	8	0	35	55	41	0	166	60	36	28	107	0	0	0	0	0	0	0	0	0	0	0	10	3	0	0	0	0	0	0	33	1	0	0	39	8	0	42	101	66	56	214	93
162	153	25	15	22	144	10	8	8	25	15	22	4	0	0	0	48	15	22	93	135	10	8	8	10	8	8	4	0	0	0	23	8	8	60	25	15	22	0	0	0	0	0	0	0	0	4	0	0	0	48	15	22	93	126	10	8	8	10	8	8	4	0	0	0	23	8	8	59	10	8	8	0	0	0	0	0	0	0	0	4	0	0	0	23	8	8	60	25	15	22	0	0	0	0	0	0	0	0	0	0	0	0	0	0	0	0	4	0	0	0	48	15	22	93	117	10	8	8	10	8	8	4	0	0	0	23	8	8	59	10	8	8	0	0	0	0	0	0	0	0	4	0	0	0	23	8	8	59	10	8	8	0	0	0	0	0	0	0	0	0	0	0	0	0	0	0	0	4	0	0	0	23	8	8	60	25	15	22	0	0	0	0	0	0	0	0	0	0	0	0	0	0	0	0	0	0	0	0	0	0	0	0	4	0	0	0	48	15	22	93
281	266	34	44	61	251	13	0	58	34	44	61	6	0	33	0	48	88	244	8	236	13	0	58	13	0	58	6	0	33	0	25	0	232	0	34	44	61	0	0	0	0	2	0	0	0	6	0	33	0	48	88	244	8	221	13	0	58	13	0	58	6	0	33	0	25	0	232	0	13	0	58	0	0	0	0	0	0	0	0	6	0	33	0	25	0	232	0	34	44	61	0	0	0	0	6	0	0	0	0	0	0	0	2	0	0	0	6	0	33	0	48	88	244	8	206	13	0	58	13	0	58	6	0	33	0	25	0	232	0	13	0	58	0	0	0	0	0	0	0	0	6	0	33	0	25	0	232	0	13	0	58	0	0	0	0	0	0	0	0	0	0	0	0	0	0	0	0	6	0	33	0	25	0	232	0	34	44	61	0	0	0	0	0	0	0	0	0	0	0	0	6	0	0	0	0	0	0	0	2	0	0	0	6	0	33	0	48	88	244	8
267	252	56	57	51	237	32	26	21	56	57	51	29	13	39	63	113	103	153	118	222	27	26	0	32	26	21	19	13	29	0	76	52	63	60	56	57	51	6	0	45	0	11	0	0	86	29	13	39	63	113	103	153	118	207	27	26	0	27	26	0	19	13	0	0	72	52	0	59	32	26	21	6	0	40	0	10	0	0	34	19	13	29	0	76	52	63	60	56	57	51	10	0	0	0	13	0	0	0	6	0	45	0	11	0	0	86	29	13	39	63	113	103	153	118	192	27	26	0	27	26	0	19	13	0	0	72	52	0	59	27	26	0	6	0	0	0	6	0	0	32	19	13	0	0	72	52	0	59	32	26	21	10	0	0	0	10	0	0	0	6	0	40	0	10	0	0	34	19	13	29	0	76	52	63	60	56	57	51	6	0	0	0	2	0	0	0	10	0	0	0	13	0	0	0	6	0	45	0	11	0	0	86	29	13	39	63	113	103	153	118
219	206	35	54	14	193	12	30	0	35	54	14	7	0	0	0	46	98	56	93	180	12	30	0	12	30	0	7	0	0	0	28	50	0	60	35	54	14	0	0	0	0	2	0	0	0	7	0	0	0	46	98	56	93	167	12	30	0	12	30	0	7	0	0	0	28	50	0	59	12	30	0	0	0	0	0	0	0	0	0	7	0	0	0	28	50	0	60	35	54	14	0	0	0	0	6	0	0	0	0	0	0	0	2	0	0	0	7	0	0	0	46	98	56	93	154	12	30	0	12	30	0	7	0	0	0	28	50	0	59	12	30	0	0	0	0	0	0	0	0	0	7	0	0	0	28	50	0	59	12	30	0	0	0	0	0	0	0	0	0	0	0	0	0	0	0	0	0	7	0	0	0	28	50	0	60	35	54	14	0	0	0	0	0	0	0	0	0	0	0	0	6	0	0	0	0	0	0	0	2	0	0	0	7	0	0	0	46	98	56	93
305	288	29	16	146	271	15	0	91	29	16	146	5	0	50	87	37	0	146	255	254	15	0	83	15	0	91	5	0	45	74	33	0	91	170	29	16	146	0	0	0	76	6	0	0	0	5	0	50	87	37	0	146	255	237	15	0	59	15	0	83	5	0	40	47	33	0	83	138	15	0	91	0	0	0	22	0	0	0	0	5	0	45	74	33	0	91	170	29	16	146	6	0	0	83	13	0	0	76	0	0	0	76	6	0	0	0	5	0	50	87	37	0	146	255	220	14	0	47	15	0	59	5	0	0	46	33	0	59	137	15	0	83	0	0	0	20	0	0	0	0	5	0	40	47	33	0	83	138	15	0	91	1	0	0	30	1	0	0	34	0	0	0	22	0	0	0	0	5	0	45	74	33	0	91	170	29	16	146	0	0	10	24	0	0	0	79	6	0	0	83	13	0	0	76	0	0	0	76	6	0	0	0	5	0	50	87	37	0	146	255
177	167	24	21	28	157	17	0	10	24	21	28	11	0	0	10	32	0	84	75	147	16	0	10	17	0	10	11	0	0	10	32	0	30	58	24	21	28	0	0	0	0	4	7	0	0	11	0	0	10	32	0	84	75	137	13	0	10	16	0	10	9	0	0	10	27	0	30	58	17	0	10	0	0	0	0	3	0	0	0	11	0	0	10	32	0	30	58	24	21	28	6	0	0	0	8	21	0	0	0	0	0	0	4	7	0	0	11	0	0	10	32	0	84	75	127	13	0	10	13	0	10	9	0	0	10	23	0	30	58	16	0	10	0	0	0	0	3	0	0	0	9	0	0	10	27	0	30	58	17	0	10	6	0	0	0	4	0	0	0	0	0	0	0	3	0	0	0	11	0	0	10	32	0	30	58	24	21	28	7	0	0	0	2	0	0	0	6	0	0	0	8	21	0	0	0	0	0	0	4	7	0	0	11	0	0	10	32	0	84	75
124	117	17	10	8	110	6	0	8	17	10	8	3	0	24	0	15	0	16	0	103	6	0	8	6	0	8	3	0	24	0	12	0	16	0	17	10	8	0	0	0	0	4	0	0	0	3	0	24	0	15	0	16	0	96	5	0	7	6	0	8	3	0	24	0	12	0	16	0	6	0	8	0	0	0	0	0	0	0	0	3	0	24	0	12	0	16	0	17	10	8	0	0	0	7	9	5	0	0	0	0	0	0	4	0	0	0	3	0	24	0	15	0	16	0	89	5	0	5	5	0	7	3	0	21	0	11	0	14	0	6	0	8	0	0	0	0	0	0	0	0	3	0	24	0	12	0	16	0	6	0	8	0	0	0	5	1	0	0	0	0	0	0	0	0	0	0	0	3	0	24	0	12	0	16	0	17	10	8	0	0	0	10	0	0	0	0	0	0	0	7	9	5	0	0	0	0	0	0	4	0	0	0	3	0	24	0	15	0	16	0
276	259	46	85	60	242	25	52	17	46	85	60	20	39	50	17	68	123	180	233	225	24	52	13	25	52	17	20	39	45	13	54	117	51	162	46	85	60	6	0	0	23	15	10	0	0	20	39	50	17	68	123	180	233	208	21	52	0	24	52	13	18	39	40	0	49	117	39	130	25	52	17	6	0	0	0	9	0	0	0	20	39	45	13	54	117	51	162	46	85	60	16	0	0	0	18	30	0	47	6	0	0	23	15	10	0	0	20	39	50	17	68	123	180	233	191	16	52	0	21	52	0	18	39	0	0	45	117	0	129	24	52	13	6	0	0	0	9	0	0	0	18	39	40	0	49	117	39	130	25	52	17	11	0	0	0	9	0	0	15	6	0	0	0	9	0	0	0	20	39	45	13	54	117	51	162	46	85	60	7	0	46	0	4	0	0	0	16	0	0	0	18	30	0	47	6	0	0	23	15	10	0	0	20	39	50	17	68	123	180	233
143	135	19	7	27	127	10	0	0	19	7	27	4	0	0	0	20	0	27	126	119	10	0	0	10	0	0	4	0	0	0	20	0	0	79	19	7	27	0	0	0	0	2	0	0	0	4	0	0	0	20	0	27	126	111	10	0	0	10	0	0	4	0	0	0	20	0	0	58	10	0	0	0	0	0	0	0	0	0	0	4	0	0	0	20	0	0	79	19	7	27	0	0	0	0	7	0	0	0	0	0	0	0	2	0	0	0	4	0	0	0	20	0	27	126	103	10	0	0	10	0	0	4	0	0	0	20	0	0	58	10	0	0	0	0	0	0	0	0	0	0	4	0	0	0	20	0	0	58	10	0	0	0	0	0	0	0	0	0	0	0	0	0	0	0	0	0	0	4	0	0	0	20	0	0	79	19	7	27	0	0	0	0	0	0	0	0	0	0	0	0	7	0	0	0	0	0	0	0	2	0	0	0	4	0	0	0	20	0	27	126
181	170	26	10	66	159	23	10	18	26	10	66	21	0	0	28	48	20	0	269	148	21	10	17	23	10	18	20	0	0	26	44	20	0	126	26	10	66	1	0	0	9	6	0	0	0	21	0	0	28	48	20	0	269	137	16	10	16	21	10	17	17	0	0	24	34	20	0	114	23	10	18	0	0	0	8	5	0	0	0	20	0	0	26	44	20	0	126	26	10	66	9	0	12	8	6	0	0	0	1	0	0	9	6	0	0	0	21	0	0	28	48	20	0	269	126	16	10	7	16	10	16	17	0	0	7	28	20	0	76	21	10	17	0	0	0	0	5	0	0	0	17	0	0	24	34	20	0	114	23	10	18	9	0	10	0	6	0	0	0	0	0	0	8	5	0	0	0	20	0	0	26	44	20	0	126	26	10	66	13	0	0	7	2	0	0	37	9	0	12	8	6	0	0	0	1	0	0	9	6	0	0	0	21	0	0	28	48	20	0	269
201	189	34	11	63	177	28	11	38	34	11	63	29	0	13	28	80	11	0	96	165	24	11	37	28	11	38	22	0	13	26	58	11	0	35	34	11	63	6	0	0	9	9	0	0	0	29	0	13	28	80	11	0	96	153	17	0	36	24	11	37	17	0	13	24	40	11	0	31	28	11	38	0	0	0	8	6	0	0	0	22	0	13	26	58	11	0	35	34	11	63	9	0	25	8	7	11	63	0	6	0	0	9	9	0	0	0	29	0	13	28	80	11	0	96	141	17	0	23	17	0	36	17	0	13	7	30	0	0	17	24	11	37	0	0	0	0	5	0	0	0	17	0	13	24	40	11	0	31	28	11	38	9	0	23	0	7	11	38	0	0	0	0	8	6	0	0	0	22	0	13	26	58	11	0	35	34	11	63	13	0	0	43	2	0	0	37	9	0	25	8	7	11	63	0	6	0	0	9	9	0	0	0	29	0	13	28	80	11	0	96
279	262	68	77	85	245	35	36	82	68	77	85	45	94	113	28	160	260	255	0	228	27	11	81	35	36	82	27	22	113	26	71	102	246	0	68	77	85	8	33	38	9	20	25	170	0	45	94	113	28	160	260	255	0	211	18	0	78	27	11	81	18	0	113	24	52	11	243	0	35	36	82	1	0	38	8	7	11	164	0	27	22	113	26	71	102	246	0	68	77	85	9	0	45	24	14	16	85	0	8	33	38	9	20	25	170	0	45	94	113	28	160	260	255	0	194	18	0	56	18	0	78	18	0	109	7	37	0	234	0	27	11	81	1	0	38	0	6	0	162	0	18	0	113	24	52	11	243	0	35	36	82	9	0	43	0	9	14	82	0	1	0	38	8	7	11	164	0	27	22	113	26	71	102	246	0	68	77	85	20	0	0	50	4	0	0	73	9	0	45	24	14	16	85	0	8	33	38	9	20	25	170	0	45	94	113	28	160	260	255	0
232	216	54	87	36	200	35	79	17	54	87	36	43	82	0	20	129	144	0	88	184	29	71	16	35	79	17	30	82	0	18	92	141	0	27	53	87	36	18	0	0	9	15	27	36	0	43	82	0	20	125	144	0	88	168	22	49	15	29	71	16	21	66	0	16	68	101	0	23	34	79	17	9	0	0	8	6	24	17	0	30	82	0	18	88	141	0	27	52	87	36	11	54	12	8	8	27	72	0	18	0	0	9	15	27	36	0	42	82	0	20	120	144	0	88	152	20	42	7	22	49	15	17	54	0	0	54	63	0	10	28	71	16	3	0	0	0	5	24	16	0	21	66	0	16	64	101	0	23	33	79	17	7	48	10	0	4	24	34	0	9	0	0	8	6	24	17	0	29	82	0	18	83	141	0	27	52	87	36	17	60	0	0	2	18	0	37	11	54	12	8	8	27	72	0	18	0	0	9	15	27	36	0	42	82	0	20	120	144	0	88
209	194	48	83	19	179	26	67	17	46	83	19	30	85	0	20	109	156	19	0	164	20	60	16	24	67	17	16	78	0	18	59	118	17	0	45	83	19	5	6	0	9	14	28	19	0	28	85	0	20	105	156	19	0	149	14	52	15	18	60	16	12	72	0	16	37	87	16	0	23	67	17	1	0	0	8	5	18	17	0	14	78	0	18	55	118	17	0	45	83	19	7	16	12	8	11	8	19	0	5	6	0	9	14	28	19	0	28	85	0	20	105	156	19	0	134	14	46	7	12	52	15	12	64	0	0	28	76	15	0	17	60	16	1	0	0	0	4	18	16	0	10	72	0	16	33	87	16	0	23	67	17	7	14	10	0	7	7	17	0	1	0	0	8	5	18	17	0	14	78	0	18	55	118	17	0	45	83	19	12	46	0	0	4	0	0	37	7	16	12	8	11	8	19	0	5	6	0	9	14	28	19	0	28	85	0	20	105	156	19	0
202	189	47	44	65	176	22	8	43	47	44	65	24	32	70	56	106	84	260	104	163	16	0	43	22	8	43	12	0	38	56	47	8	172	99	47	44	65	2	0	54	0	12	8	65	0	24	32	70	56	106	84	260	104	150	15	0	43	16	0	43	12	0	38	56	39	0	172	97	22	8	43	1	0	33	0	3	0	43	0	12	0	38	56	47	8	172	99	47	44	65	2	0	0	0	9	12	0	0	2	0	54	0	12	8	65	0	24	32	70	56	106	84	260	104	137	15	0	41	15	0	43	12	0	38	54	36	0	172	93	16	0	43	1	0	33	0	3	0	43	0	12	0	38	56	39	0	172	97	22	8	43	2	0	0	0	4	8	0	0	1	0	33	0	3	0	43	0	12	0	38	56	47	8	172	99	47	44	65	13	0	0	16	2	0	0	0	2	0	0	0	9	12	0	0	2	0	54	0	12	8	65	0	24	32	70	56	106	84	260	104
187	175	41	35	44	163	17	0	30	41	35	44	19	0	64	30	95	63	220	85	151	12	0	30	17	0	30	4	0	38	30	43	0	150	82	41	35	44	1	0	33	0	10	7	0	0	19	0	64	30	95	63	220	85	139	12	0	30	12	0	30	4	0	38	30	36	0	150	81	17	0	30	1	0	20	0	1	0	0	0	4	0	38	30	43	0	150	82	41	35	44	0	0	0	0	8	0	0	0	1	0	33	0	10	7	0	0	19	0	64	30	95	63	220	85	127	12	0	28	12	0	30	4	0	38	28	36	0	150	78	12	0	30	1	0	20	0	1	0	0	0	4	0	38	30	36	0	150	81	17	0	30	0	0	0	0	3	0	0	0	1	0	20	0	1	0	0	0	4	0	38	30	43	0	150	82	41	35	44	7	0	0	16	2	0	0	0	0	0	0	0	8	0	0	0	1	0	33	0	10	7	0	0	19	0	64	30	95	63	220	85
189	177	31	27	51	165	9	0	38	31	27	51	9	0	73	20	57	9	153	85	153	6	0	38	9	0	38	0	0	50	20	24	0	114	82	31	27	51	0	0	23	0	4	0	0	0	9	0	73	20	57	9	153	85	141	6	0	38	6	0	38	0	0	50	20	18	0	114	81	9	0	38	0	0	12	0	0	0	0	0	0	0	50	20	24	0	114	82	31	27	51	0	0	0	0	2	0	0	0	0	0	23	0	4	0	0	0	9	0	73	20	57	9	153	85	129	6	0	38	6	0	38	0	0	50	20	18	0	114	78	6	0	38	0	0	12	0	0	0	0	0	0	0	50	20	18	0	114	81	9	0	38	0	0	0	0	2	0	0	0	0	0	12	0	0	0	0	0	0	0	50	20	24	0	114	82	31	27	51	0	0	0	0	0	0	0	0	0	0	0	0	2	0	0	0	0	0	23	0	4	0	0	0	9	0	73	20	57	9	153	85
142	133	16	14	39	124	3	0	37	16	14	39	0	0	15	20	20	0	78	0	115	3	0	37	3	0	37	0	0	14	20	9	0	74	0	16	14	39	0	0	0	0	1	0	0	0	0	0	15	20	20	0	78	0	106	3	0	37	3	0	37	0	0	14	20	9	0	74	0	3	0	37	0	0	0	0	0	0	0	0	0	0	14	20	9	0	74	0	16	14	39	0	0	0	0	0	0	0	0	0	0	0	0	1	0	0	0	0	0	15	20	20	0	78	0	97	3	0	37	3	0	37	0	0	14	20	9	0	74	0	3	0	37	0	0	0	0	0	0	0	0	0	0	14	20	9	0	74	0	3	0	37	0	0	0	0	0	0	0	0	0	0	0	0	0	0	0	0	0	0	14	20	9	0	74	0	16	14	39	0	0	0	0	0	0	0	0	0	0	0	0	0	0	0	0	0	0	0	0	1	0	0	0	0	0	15	20	20	0	78	0
93	87	13	9	6	81	6	0	6	13	9	6	0	0	6	0	22	3	18	0	75	6	0	6	6	0	6	0	0	6	0	18	0	18	0	13	9	6	0	0	0	0	0	0	0	0	0	0	6	0	22	3	18	0	69	6	0	6	6	0	6	0	0	6	0	18	0	18	0	6	0	6	0	0	0	0	0	0	0	0	0	0	6	0	18	0	18	0	13	9	6	0	0	0	0	0	0	0	0	0	0	0	0	0	0	0	0	0	0	6	0	22	3	18	0	63	6	0	6	6	0	6	0	0	6	0	18	0	18	0	6	0	6	0	0	0	0	0	0	0	0	0	0	6	0	18	0	18	0	6	0	6	0	0	0	0	0	0	0	0	0	0	0	0	0	0	0	0	0	0	6	0	18	0	18	0	13	9	6	0	0	0	0	0	0	0	0	0	0	0	0	0	0	0	0	0	0	0	0	0	0	0	0	0	0	6	0	22	3	18	0
180	168	17	0	82	156	9	0	38	17	0	82	3	0	47	88	45	0	0	205	144	8	0	36	9	0	38	0	0	34	82	24	0	0	154	17	0	82	0	0	0	18	0	0	0	0	3	0	47	88	45	0	0	205	132	8	0	36	8	0	36	0	0	32	82	24	0	0	154	9	0	38	0	0	0	18	0	0	0	0	0	0	34	82	24	0	0	154	17	0	82	0	0	0	0	3	0	0	0	0	0	0	18	0	0	0	0	3	0	47	88	45	0	0	205	120	8	0	36	8	0	36	0	0	32	82	24	0	0	154	8	0	36	0	0	0	18	0	0	0	0	0	0	32	82	24	0	0	154	9	0	38	0	0	0	0	0	0	0	0	0	0	0	18	0	0	0	0	0	0	34	82	24	0	0	154	17	0	82	2	0	0	0	0	0	0	0	0	0	0	0	3	0	0	0	0	0	0	18	0	0	0	0	3	0	47	88	45	0	0	205
147	136	20	24	39	125	6	24	12	20	24	39	3	0	13	12	49	72	0	140	114	5	24	12	6	24	12	0	0	12	12	15	72	0	111	20	24	39	0	0	0	0	0	0	0	0	3	0	13	12	49	72	0	140	103	5	24	12	5	24	12	0	0	12	12	15	72	0	111	6	24	12	0	0	0	0	0	0	0	0	0	0	12	12	15	72	0	111	20	24	39	0	0	0	0	1	0	0	0	0	0	0	0	0	0	0	0	3	0	13	12	49	72	0	140	92	5	24	12	5	24	12	0	0	12	12	15	72	0	111	5	24	12	0	0	0	0	0	0	0	0	0	0	12	12	15	72	0	111	6	24	12	0	0	0	0	0	0	0	0	0	0	0	0	0	0	0	0	0	0	12	12	15	72	0	111	20	24	39	2	0	0	0	0	0	0	0	0	0	0	0	1	0	0	0	0	0	0	0	0	0	0	0	3	0	13	12	49	72	0	140
208	193	50	65	55	178	25	35	34	50	65	55	26	27	61	67	121	150	165	109	163	25	26	22	25	35	34	26	0	45	32	71	78	102	73	50	65	55	7	0	0	10	8	0	55	85	26	27	61	67	121	150	165	109	148	24	26	22	25	26	22	26	0	32	32	71	78	66	73	25	35	34	6	0	0	10	2	0	34	82	26	0	45	32	71	78	102	73	50	65	55	0	0	0	0	8	9	0	0	7	0	0	10	8	0	55	85	26	27	61	67	121	150	165	109	133	24	24	22	24	26	22	26	0	32	32	68	78	66	73	25	26	22	6	0	0	10	2	0	22	81	26	0	32	32	71	78	66	73	25	35	34	0	0	0	0	1	0	0	0	6	0	0	10	2	0	34	82	26	0	45	32	71	78	102	73	50	65	55	20	24	0	0	5	0	0	0	0	0	0	0	8	9	0	0	7	0	0	10	8	0	55	85	26	27	61	67	121	150	165	109
226	209	83	97	57	192	45	53	36	83	97	57	73	54	71	61	190	294	285	109	175	37	52	10	45	53	36	47	52	55	20	117	160	180	73	81	97	57	23	13	0	10	7	61	0	140	73	54	71	61	182	294	285	109	158	33	52	10	37	52	10	38	52	20	20	94	156	50	73	43	53	36	13	13	0	10	4	13	0	116	47	52	55	20	109	160	180	73	80	97	57	16	0	0	0	8	32	0	0	23	13	0	10	7	61	0	140	72	54	71	61	177	294	285	109	141	26	47	10	33	52	10	34	52	20	20	81	156	50	73	35	52	10	7	13	0	10	4	13	0	113	38	52	20	20	86	156	50	73	42	53	36	4	0	0	0	0	0	0	0	13	13	0	10	4	13	0	116	46	52	55	20	104	160	180	73	80	97	57	31	40	38	0	5	16	0	0	16	0	0	0	8	32	0	0	23	13	0	10	7	61	0	140	72	54	71	61	177	294	285	109
161	149	40	35	27	137	19	27	0	40	35	27	25	0	8	0	97	105	27	166	125	18	27	0	19	27	0	22	0	0	0	52	81	0	117	40	35	27	6	0	0	0	7	0	0	0	25	0	8	0	97	105	27	166	113	18	27	0	18	27	0	22	0	0	0	52	81	0	117	19	27	0	6	0	0	0	1	0	0	0	22	0	0	0	52	81	0	117	40	35	27	0	0	0	0	6	0	0	0	6	0	0	0	7	0	0	0	25	0	8	0	97	105	27	166	101	18	27	0	18	27	0	22	0	0	0	52	81	0	117	18	27	0	6	0	0	0	1	0	0	0	22	0	0	0	52	81	0	117	19	27	0	0	0	0	0	0	0	0	0	6	0	0	0	1	0	0	0	22	0	0	0	52	81	0	117	40	35	27	22	0	0	0	2	0	0	0	0	0	0	0	6	0	0	0	6	0	0	0	7	0	0	0	25	0	8	0	97	105	27	166
213	197	70	59	82	181	48	15	59	70	59	82	74	0	43	78	184	74	328	112	165	40	15	56	48	15	59	49	0	34	69	146	30	236	70	68	59	82	29	0	17	34	8	0	0	0	74	0	43	78	176	74	328	112	149	35	15	55	40	15	56	39	0	34	66	121	30	224	32	46	15	59	17	0	17	32	7	0	0	0	49	0	34	69	138	30	236	70	66	59	82	9	0	10	10	6	0	0	0	29	0	17	34	8	0	0	0	72	0	43	78	166	74	328	112	133	32	15	54	35	15	55	35	0	34	66	105	30	220	32	38	15	56	11	0	17	32	7	0	0	0	39	0	34	66	113	30	224	32	44	15	59	5	0	10	10	4	0	0	0	17	0	17	32	7	0	0	0	47	0	34	69	128	30	236	70	65	59	82	30	0	8	9	7	0	0	0	9	0	10	10	6	0	0	0	29	0	17	34	8	0	0	0	72	0	43	78	163	74	328	112
248	230	77	33	139	212	53	17	111	77	33	139	84	0	43	114	180	83	139	112	194	45	16	96	53	17	111	59	0	34	69	146	51	111	70	75	33	139	27	16	17	76	7	0	0	65	84	0	43	114	172	83	139	112	176	35	0	52	45	16	96	49	0	34	30	121	48	96	32	51	17	111	16	0	17	33	6	0	0	43	59	0	34	69	138	51	111	70	73	33	139	9	0	70	96	1	0	139	203	27	16	17	76	7	0	0	65	82	0	43	114	162	83	139	112	158	26	0	49	35	0	52	31	0	34	30	93	0	52	32	43	16	96	10	0	17	33	6	0	0	43	49	0	34	30	113	48	96	32	49	17	111	5	0	65	86	1	0	111	154	16	0	17	33	6	0	0	43	57	0	34	69	128	51	111	70	73	33	139	30	0	58	29	3	0	0	0	9	0	70	96	1	0	139	203	27	16	17	76	7	0	0	65	82	0	43	114	162	83	139	112
222	202	104	163	27	182	50	131	18	98	163	27	70	178	20	8	247	517	54	57	163	44	98	18	48	131	18	49	112	20	8	147	446	36	36	87	144	27	16	110	10	0	7	28	81	0	68	178	20	8	211	441	54	57	145	38	76	10	42	98	18	45	60	20	0	128	335	36	10	42	113	18	8	66	10	0	3	24	54	0	47	112	20	8	125	374	36	36	82	126	27	1	80	37	0	4	0	54	36	16	110	10	0	7	28	81	0	63	160	20	8	187	351	54	57	127	35	56	9	36	76	10	39	30	20	0	112	266	20	10	36	80	18	8	18	10	0	3	18	54	0	43	60	20	0	106	263	36	10	37	95	18	1	42	34	0	2	0	36	17	8	66	10	0	3	24	54	0	42	94	20	8	101	284	36	36	82	126	27	22	68	26	9	10	0	54	0	1	80	37	0	4	0	54	36	16	110	10	0	7	28	81	0	63	160	20	8	187	351	54	57
210	194	86	86	25	178	52	33	17	86	86	25	61	141	34	0	220	204	125	57	162	47	7	17	52	33	17	51	21	34	0	157	92	85	36	84	86	25	26	35	17	0	10	0	75	0	61	141	34	0	212	204	125	57	146	43	0	17	47	7	17	44	0	34	0	140	21	85	10	50	33	17	19	0	17	0	9	0	51	0	51	21	34	0	149	92	85	36	78	86	25	16	0	10	0	7	0	25	0	26	35	17	0	10	0	75	0	59	141	34	0	189	204	125	57	130	40	0	16	43	0	17	40	0	34	0	127	0	85	10	45	7	17	13	0	17	0	9	0	51	0	44	0	34	0	132	21	85	10	44	33	17	12	0	10	0	7	0	17	0	19	0	17	0	9	0	51	0	49	21	34	0	126	92	85	36	76	86	25	32	0	8	9	10	0	0	0	16	0	10	0	7	0	25	0	26	35	17	0	10	0	75	0	56	141	34	0	183	204	125	57
213	194	79	134	25	175	39	95	0	79	134	25	51	195	9	0	203	325	75	139	156	33	90	0	39	95	0	30	180	0	0	122	260	0	70	76	134	25	21	50	0	0	7	0	0	0	51	195	9	0	191	325	75	139	137	29	90	0	33	90	0	21	180	0	0	103	250	0	32	36	95	0	11	50	0	0	6	0	0	0	30	180	0	0	110	260	0	70	74	134	25	9	0	0	0	5	0	0	0	21	50	0	0	7	0	0	0	49	195	9	0	181	325	75	139	118	26	75	0	29	90	0	17	180	0	0	90	250	0	32	30	90	0	5	50	0	0	6	0	0	0	21	180	0	0	91	250	0	32	34	95	0	5	0	0	0	3	0	0	0	11	50	0	0	6	0	0	0	28	180	0	0	100	260	0	70	74	134	25	15	105	8	0	13	0	0	0	9	0	0	0	5	0	0	0	21	50	0	0	7	0	0	0	49	195	9	0	181	325	75	139
209	192	59	71	80	175	31	16	66	59	71	80	26	0	84	61	161	186	400	25	158	28	16	66	31	16	66	20	0	56	61	93	32	330	17	57	71	80	7	0	21	0	6	16	0	0	26	0	84	61	154	186	400	25	141	27	16	66	28	16	66	19	0	56	61	84	32	330	17	29	16	66	5	0	10	0	5	16	0	0	20	0	56	61	86	32	330	17	48	71	80	8	0	0	0	6	16	0	0	7	0	21	0	6	16	0	0	23	0	84	61	124	186	400	25	124	27	16	66	27	16	66	19	0	56	61	82	32	330	17	26	16	66	5	0	10	0	5	16	0	0	19	0	56	61	77	32	330	17	20	16	66	8	0	0	0	6	16	0	0	5	0	10	0	5	16	0	0	17	0	56	61	56	32	330	17	44	71	80	11	0	0	0	10	0	0	0	8	0	0	0	6	16	0	0	7	0	21	0	6	16	0	0	18	0	84	61	113	186	400	25
136	125	44	10	59	114	28	10	27	44	10	59	36	0	45	61	121	20	0	132	103	25	10	27	28	10	27	30	0	17	61	81	20	0	76	43	10	59	10	0	21	0	5	10	0	0	36	0	45	61	117	20	0	132	92	24	10	27	25	10	27	29	0	17	61	72	20	0	73	27	10	27	8	0	10	0	4	10	0	0	30	0	17	61	77	20	0	76	41	10	59	1	0	0	0	4	10	0	0	10	0	21	0	5	10	0	0	35	0	45	61	110	20	0	132	81	19	10	27	24	10	27	29	0	17	61	70	20	0	72	24	10	27	8	0	10	0	4	10	0	0	29	0	17	61	68	20	0	73	25	10	27	1	0	0	0	4	10	0	0	8	0	10	0	4	10	0	0	29	0	17	61	70	20	0	76	39	10	59	7	0	35	0	6	0	0	0	1	0	0	0	4	10	0	0	10	0	21	0	5	10	0	0	34	0	45	61	104	20	0	132
143	130	65	40	44	117	39	36	9	65	40	44	49	36	42	27	175	111	0	159	104	35	36	0	39	36	9	38	36	0	0	114	99	0	94	61	40	44	18	0	21	0	10	11	0	55	49	36	42	27	162	111	0	159	91	32	36	0	35	36	0	33	36	0	0	101	99	0	91	35	36	9	10	0	0	0	6	9	0	34	38	36	0	0	101	99	0	94	55	40	44	14	0	14	0	8	11	0	0	18	0	21	0	10	11	0	55	41	36	42	27	142	111	0	159	78	22	36	0	32	36	0	33	36	0	0	95	99	0	82	31	36	0	10	0	0	0	6	9	0	22	33	36	0	0	88	99	0	91	29	36	9	5	0	0	0	4	9	0	0	10	0	0	0	6	9	0	34	30	36	0	0	81	99	0	94	53	40	44	19	0	59	0	5	27	0	0	14	0	14	0	8	11	0	0	18	0	21	0	10	11	0	55	40	36	42	27	136	111	0	159
182	164	92	114	48	146	49	89	0	88	114	48	55	86	42	0	243	387	96	298	129	44	87	0	49	89	0	44	82	0	0	141	324	0	205	75	97	48	18	22	37	0	10	15	0	0	55	86	42	0	205	319	96	298	113	41	86	0	44	87	0	39	82	0	0	125	320	0	187	41	73	0	10	22	0	0	7	13	0	0	44	82	0	0	117	260	0	205	65	81	48	20	15	14	0	10	15	0	0	18	22	37	0	10	15	0	0	44	70	42	0	172	239	96	298	97	33	79	0	41	86	0	39	81	0	0	119	315	0	134	36	71	0	10	22	0	0	7	11	0	0	39	82	0	0	101	256	0	187	31	57	0	11	13	0	0	6	13	0	0	10	22	0	0	7	13	0	0	33	66	0	0	84	180	0	205	62	81	48	21	77	35	0	15	39	0	0	20	15	14	0	10	15	0	0	18	22	37	0	10	15	0	0	40	70	42	0	163	239	96	298
112	102	44	29	18	92	26	17	0	44	29	18	23	0	21	0	114	61	36	107	82	24	16	0	26	17	0	18	0	0	0	72	43	0	76	43	29	18	6	8	7	0	6	8	0	0	23	0	21	0	110	61	36	107	72	23	16	0	24	16	0	17	0	0	0	66	40	0	73	25	17	0	4	8	0	0	5	8	0	0	18	0	0	0	68	43	0	76	34	29	18	8	0	0	0	6	8	0	0	6	8	7	0	6	8	0	0	22	0	21	0	88	61	36	107	63	23	16	0	23	16	0	17	0	0	0	64	40	0	72	23	16	0	4	8	0	0	5	8	0	0	17	0	0	0	62	40	0	73	19	17	0	8	0	0	0	6	8	0	0	4	8	0	0	5	8	0	0	17	0	0	0	52	43	0	76	31	20	18	11	0	0	0	10	0	0	0	8	0	0	0	6	8	0	0	6	8	7	0	6	8	0	0	17	0	21	0	80	34	36	107
213	195	51	45	136	177	23	0	111	51	45	136	16	0	106	136	124	120	408	80	159	21	0	90	23	0	111	12	0	95	73	72	0	333	66	47	45	136	4	0	18	61	7	0	0	52	16	0	106	136	110	120	408	80	141	21	0	90	21	0	90	12	0	70	73	68	0	270	66	19	0	111	4	0	14	61	4	0	0	35	12	0	95	73	58	0	333	66	38	45	136	11	0	0	0	3	0	0	0	4	0	18	61	7	0	0	52	11	0	106	136	77	120	408	80	123	20	0	90	21	0	90	12	0	70	73	68	0	270	66	17	0	90	2	0	0	61	2	0	0	35	12	0	70	73	54	0	270	66	10	0	111	9	0	0	0	3	0	0	0	4	0	14	61	4	0	0	35	7	0	95	73	25	0	333	66	36	45	136	7	0	9	0	4	0	0	0	11	0	0	0	3	0	0	0	4	0	18	61	7	0	0	52	7	0	106	136	72	120	408	80
113	102	34	33	25	91	14	18	8	34	33	25	7	9	8	0	79	56	50	98	80	14	18	8	14	18	8	7	9	8	0	43	27	16	66	32	33	25	3	0	0	0	4	0	0	0	7	9	8	0	75	56	50	98	70	14	18	8	14	18	8	7	9	8	0	43	27	16	66	13	18	8	3	0	0	0	3	0	0	0	7	9	8	0	40	27	16	66	24	23	25	7	0	0	0	4	0	0	0	3	0	0	0	4	0	0	0	5	9	8	0	50	46	50	98	61	14	18	8	14	18	8	7	9	8	0	43	27	16	66	13	18	8	3	0	0	0	3	0	0	0	7	9	8	0	40	27	16	66	7	9	8	7	0	0	0	4	0	0	0	3	0	0	0	3	0	0	0	5	9	8	0	18	18	16	66	22	14	25	4	0	0	0	4	0	0	0	7	0	0	0	4	0	0	0	3	0	0	0	4	0	0	0	2	0	8	0	44	28	50	98
143	130	57	44	41	117	29	12	14	57	44	41	23	0	30	49	145	140	164	128	104	27	12	0	29	12	14	19	0	21	0	92	60	56	66	47	44	41	6	0	18	0	8	0	0	52	23	0	30	49	113	140	164	128	92	27	12	0	27	12	0	19	0	0	0	88	60	0	66	24	12	14	6	0	14	0	5	0	0	35	19	0	21	0	74	60	56	66	38	32	41	12	0	0	0	4	0	0	0	6	0	18	0	8	0	0	52	17	0	30	49	80	80	164	128	80	24	12	0	27	12	0	19	0	0	0	88	60	0	66	22	12	0	4	0	0	0	3	0	0	35	19	0	0	0	70	60	0	66	15	0	14	10	0	0	0	4	0	0	0	6	0	14	0	5	0	0	35	13	0	21	0	41	0	56	66	36	32	41	10	0	27	0	7	0	0	0	12	0	0	0	4	0	0	0	6	0	18	0	8	0	0	52	13	0	30	49	75	80	164	128
124	111	54	56	20	98	20	30	7	51	56	20	14	20	18	14	120	186	80	80	86	18	30	0	20	30	7	10	20	14	0	60	120	28	66	39	44	20	4	0	18	0	7	0	0	27	14	20	18	14	85	150	80	80	76	18	30	0	18	30	0	10	20	0	0	56	120	0	66	17	20	7	4	0	14	0	4	0	0	18	10	20	14	0	49	90	28	66	32	24	20	11	0	0	0	3	0	0	0	4	0	18	0	7	0	0	27	11	0	18	14	61	60	80	80	66	17	30	0	18	30	0	10	20	0	0	56	120	0	66	15	20	0	2	0	0	0	2	0	0	18	10	20	0	0	45	90	0	66	10	0	7	9	0	0	0	3	0	0	0	4	0	14	0	4	0	0	18	7	0	14	0	25	0	28	66	30	24	20	7	0	9	0	4	0	0	0	11	0	0	0	3	0	0	0	4	0	18	0	7	0	0	27	7	0	18	14	56	60	80	80
139	123	59	88	38	107	25	75	7	59	88	38	20	54	12	35	147	225	38	146	91	24	73	0	25	75	7	18	54	7	0	73	204	7	66	46	88	38	8	20	0	0	6	10	0	25	20	54	12	35	116	225	38	146	78	22	66	0	24	73	0	17	48	0	0	70	198	0	66	20	75	7	3	18	0	0	3	9	0	17	18	54	7	0	60	204	7	66	33	49	38	13	69	0	0	5	20	0	0	8	20	0	0	6	10	0	25	10	54	12	35	78	121	38	146	66	16	62	0	22	66	0	16	45	0	0	66	179	0	66	19	73	0	3	18	0	0	3	9	0	17	17	48	0	0	57	198	0	66	10	39	7	1	63	0	0	3	18	0	0	3	18	0	0	3	9	0	17	8	54	7	0	28	108	7	66	30	37	38	9	35	18	0	4	37	0	0	13	69	0	0	5	20	0	0	8	20	0	0	6	10	0	25	8	18	12	35	70	85	38	146
206	187	33	48	149	168	14	0	105	33	48	149	9	0	82	92	68	32	447	222	149	13	0	95	14	0	105	7	0	76	69	51	0	315	140	29	48	149	2	0	0	93	6	16	0	0	9	0	82	92	54	32	447	222	130	12	0	57	13	0	95	7	0	72	23	47	0	285	98	10	0	105	0	0	0	20	0	0	0	0	7	0	76	69	37	0	315	140	23	48	149	2	0	12	83	0	0	0	191	2	0	0	93	6	16	0	0	4	0	82	92	29	32	447	222	111	11	0	55	12	0	57	6	0	50	23	43	0	171	98	9	0	95	0	0	0	20	0	0	0	0	7	0	72	23	33	0	285	98	4	0	105	0	0	9	80	0	0	0	146	0	0	0	20	0	0	0	0	2	0	76	69	12	0	315	140	22	48	149	1	0	12	15	0	0	0	0	2	0	12	83	0	0	0	191	2	0	0	93	6	16	0	0	3	0	82	92	27	32	447	222
164	149	27	14	100	134	16	0	52	27	14	100	10	0	0	42	57	0	100	260	119	16	0	52	16	0	52	10	0	0	42	51	0	52	147	24	14	100	2	0	0	0	4	0	0	0	10	0	0	42	47	0	100	260	104	16	0	52	16	0	52	10	0	0	42	51	0	52	98	13	0	52	2	0	0	0	1	0	0	0	10	0	0	42	41	0	52	147	16	14	100	7	0	0	0	2	0	0	0	2	0	0	0	4	0	0	0	6	0	0	42	19	0	100	260	89	15	0	52	16	0	52	10	0	0	42	51	0	52	98	13	0	52	2	0	0	0	1	0	0	0	10	0	0	42	41	0	52	98	5	0	52	7	0	0	0	2	0	0	0	2	0	0	0	1	0	0	0	6	0	0	42	13	0	52	147	14	14	100	3	0	8	0	4	0	0	0	7	0	0	0	2	0	0	0	2	0	0	0	4	0	0	0	2	0	0	42	14	0	100	260
108	98	19	16	35	88	7	0	21	19	16	35	4	0	22	0	35	0	70	61	78	7	0	21	7	0	21	4	0	22	0	29	0	42	21	16	16	35	0	0	0	0	3	0	0	0	4	0	22	0	25	0	70	61	68	7	0	19	7	0	21	4	0	22	0	29	0	42	0	4	0	21	0	0	0	0	0	0	0	0	4	0	22	0	19	0	42	21	12	16	35	0	0	0	18	0	0	0	0	0	0	0	0	3	0	0	0	0	0	22	0	6	0	70	61	58	7	0	18	7	0	19	4	0	18	0	29	0	38	0	4	0	21	0	0	0	0	0	0	0	0	4	0	22	0	19	0	42	0	0	0	21	0	0	0	16	0	0	0	0	0	0	0	0	0	0	0	0	0	0	22	0	0	0	42	21	12	16	35	0	0	0	8	0	0	0	0	0	0	0	18	0	0	0	0	0	0	0	0	3	0	0	0	0	0	22	0	6	0	70	61
119	108	19	18	54	97	3	0	53	19	18	54	2	0	58	13	22	0	108	0	86	3	0	53	3	0	53	2	0	58	13	12	0	106	0	17	18	54	0	0	0	0	5	0	0	0	2	0	58	13	15	0	108	0	75	3	0	50	3	0	53	2	0	58	13	12	0	106	0	1	0	53	0	0	0	0	0	0	0	0	2	0	58	13	5	0	106	0	16	18	54	0	0	0	26	0	0	0	0	0	0	0	0	5	0	0	0	0	0	58	13	10	0	108	0	64	3	0	48	3	0	50	2	0	50	13	12	0	100	0	1	0	53	0	0	0	0	0	0	0	0	2	0	58	13	5	0	106	0	0	0	53	0	0	0	23	0	0	0	0	0	0	0	0	0	0	0	0	0	0	58	13	0	0	106	0	16	18	54	0	0	0	15	0	0	0	0	0	0	0	26	0	0	0	0	0	0	0	0	5	0	0	0	0	0	58	13	10	0	108	0
135	120	39	70	41	105	13	36	9	30	70	41	10	24	24	27	74	183	164	197	92	11	36	7	11	36	9	6	24	18	21	44	144	36	132	22	44	41	2	0	0	14	3	16	0	0	8	24	24	27	49	92	164	197	80	10	36	0	9	36	7	6	24	14	0	36	144	28	90	8	12	9	0	0	0	0	0	0	0	0	4	24	18	21	33	60	36	132	18	32	41	2	0	12	0	0	0	0	27	2	0	0	14	3	16	0	0	5	0	24	27	30	32	164	197	68	9	36	0	8	36	0	5	24	0	0	32	144	0	90	6	12	7	0	0	0	0	0	0	0	0	4	24	14	0	25	60	28	90	4	0	9	0	0	9	0	0	0	0	18	0	0	0	0	0	0	0	0	1	0	18	21	14	0	36	132	18	32	41	1	0	12	0	0	0	0	0	2	0	12	0	0	0	0	27	2	0	0	14	3	16	0	0	5	0	24	27	30	32	164	197
90	81	6	0	80	72	4	0	20	6	0	80	4	0	0	51	21	0	0	379	63	3	0	20	4	0	20	2	0	0	51	16	0	0	240	4	0	80	0	0	0	0	0	0	0	0	4	0	0	51	14	0	0	379	54	3	0	20	3	0	20	2	0	0	51	12	0	0	228	2	0	20	0	0	0	0	0	0	0	0	2	0	0	51	9	0	0	240	3	0	80	0	0	0	0	0	0	0	0	0	0	0	0	0	0	0	0	2	0	0	51	9	0	0	379	45	3	0	17	3	0	20	2	0	0	43	12	0	0	178	1	0	20	0	0	0	0	0	0	0	0	2	0	0	51	5	0	0	228	1	0	20	0	0	0	0	0	0	0	0	0	0	0	0	0	0	0	0	0	0	0	51	4	0	0	240	3	0	80	0	0	0	26	0	0	0	0	0	0	0	0	0	0	0	0	0	0	0	0	0	0	0	0	2	0	0	51	9	0	0	379
90	81	12	0	66	72	8	0	20	10	0	66	8	0	0	51	34	0	0	279	63	6	0	20	6	0	20	4	0	0	51	24	0	0	188	7	0	66	0	0	0	0	0	0	0	0	6	0	0	51	23	0	0	279	54	6	0	20	4	0	20	4	0	0	51	16	0	0	176	3	0	20	0	0	0	0	0	0	0	0	2	0	0	51	13	0	0	188	6	0	66	0	0	0	0	0	0	0	0	0	0	0	0	0	0	0	0	4	0	0	51	18	0	0	279	45	6	0	17	4	0	20	4	0	0	43	16	0	0	126	1	0	20	0	0	0	0	0	0	0	0	2	0	0	51	5	0	0	176	2	0	20	0	0	0	0	0	0	0	0	0	0	0	0	0	0	0	0	0	0	0	51	8	0	0	188	6	0	66	0	0	0	26	0	0	0	0	0	0	0	0	0	0	0	0	0	0	0	0	0	0	0	0	4	0	0	51	18	0	0	279
116	104	30	29	62	92	14	9	34	28	29	62	13	18	26	42	93	89	124	190	80	10	0	31	12	9	34	6	0	26	36	47	36	68	114	23	29	62	0	0	27	27	0	0	62	0	11	18	26	42	74	89	124	190	68	9	0	29	8	0	31	5	0	26	32	31	0	62	102	7	9	34	0	0	25	21	0	0	34	0	4	0	26	36	28	36	68	114	21	29	62	0	0	14	14	0	0	0	0	0	0	27	27	0	0	62	0	8	18	26	42	64	89	124	190	56	9	0	16	7	0	29	5	0	26	16	29	0	58	57	3	0	31	0	0	22	0	0	0	31	0	3	0	26	32	12	0	62	102	5	9	34	0	0	12	0	0	0	0	0	0	0	25	21	0	0	34	0	1	0	26	36	18	36	68	114	21	29	62	1	0	0	48	3	0	0	27	0	0	14	14	0	0	0	0	0	0	27	27	0	0	62	0	8	18	26	42	64	89	124	190
90	78	28	49	33	68	10	33	21	24	29	33	9	30	0	42	79	98	66	41	59	7	27	18	10	15	21	4	18	0	36	39	60	42	9	20	20	33	0	0	14	27	0	0	33	0	9	12	0	42	64	62	66	41	50	6	27	16	7	9	18	3	18	0	32	27	36	36	7	6	6	21	0	0	12	21	0	0	21	0	4	0	0	36	24	24	42	9	18	20	33	0	0	14	14	0	0	0	0	0	0	14	27	0	0	33	0	6	12	0	42	54	62	66	41	41	6	27	8	6	9	16	3	18	0	16	25	36	32	0	3	0	18	0	0	9	0	0	0	18	0	3	0	0	32	12	0	36	7	4	6	21	0	0	12	0	0	0	0	0	0	0	12	21	0	0	21	0	1	0	0	36	14	24	42	9	18	20	33	1	0	0	8	3	0	0	27	0	0	14	14	0	0	0	0	0	0	14	27	0	0	33	0	6	12	0	42	54	62	66	41
55	49	23	11	0	43	6	2	0	21	11	0	6	6	0	0	62	38	0	0	37	4	0	0	4	2	0	2	0	0	0	16	8	0	0	19	11	0	0	0	0	0	0	0	0	0	4	6	0	0	54	38	0	0	31	4	0	0	2	0	0	2	0	0	0	8	0	0	0	2	2	0	0	0	0	0	0	0	0	0	0	0	0	0	8	8	0	0	19	11	0	0	0	0	0	0	0	0	0	0	0	0	0	0	0	0	0	4	6	0	0	54	38	0	0	25	4	0	0	2	0	0	2	0	0	0	8	0	0	0	0	0	0	0	0	0	0	0	0	0	0	0	0	0	0	0	0	0	0	2	2	0	0	0	0	0	0	0	0	0	0	0	0	0	0	0	0	0	0	0	0	0	8	8	0	0	19	11	0	0	0	0	0	3	0	0	0	0	0	0	0	0	0	0	0	0	0	0	0	0	0	0	0	4	6	0	0	54	38	0	0
122	108	27	40	56	94	2	0	53	27	40	56	3	0	46	13	68	100	224	0	80	1	0	53	2	0	53	0	0	43	13	6	0	212	0	26	40	56	0	0	10	0	0	0	0	0	3	0	46	13	64	100	224	0	66	1	0	53	1	0	53	0	0	43	13	4	0	212	0	1	0	53	0	0	10	0	0	0	0	0	0	0	43	13	2	0	212	0	26	40	56	0	0	0	0	0	0	0	0	0	0	10	0	0	0	0	0	3	0	46	13	64	100	224	0	52	1	0	49	1	0	53	0	0	43	13	4	0	212	0	0	0	53	0	0	10	0	0	0	0	0	0	0	43	13	0	0	212	0	1	0	53	0	0	0	0	0	0	0	0	0	0	10	0	0	0	0	0	0	0	43	13	2	0	212	0	26	40	56	0	0	0	33	6	0	0	0	0	0	0	0	0	0	0	0	0	0	10	0	0	0	0	0	3	0	46	13	64	100	224	0
87	77	21	21	27	67	1	0	27	21	21	27	3	0	30	0	50	42	81	0	57	0	0	27	1	0	27	0	0	30	0	2	0	81	0	21	21	27	0	0	10	0	0	0	0	0	3	0	30	0	50	42	81	0	47	0	0	27	0	0	27	0	0	30	0	0	0	81	0	1	0	27	0	0	10	0	0	0	0	0	0	0	30	0	2	0	81	0	21	21	27	0	0	0	0	0	0	0	0	0	0	10	0	0	0	0	0	3	0	30	0	50	42	81	0	37	0	0	24	0	0	27	0	0	30	0	0	0	81	0	0	0	27	0	0	10	0	0	0	0	0	0	0	30	0	0	0	81	0	1	0	27	0	0	0	0	0	0	0	0	0	0	10	0	0	0	0	0	0	0	30	0	2	0	81	0	21	21	27	0	0	0	21	3	0	0	0	0	0	0	0	0	0	0	0	0	0	10	0	0	0	0	0	3	0	30	0	50	42	81	0
79	70	17	14	40	61	1	0	40	17	14	40	3	0	30	0	40	21	80	0	52	0	0	40	1	0	40	0	0	30	0	2	0	80	0	17	14	40	0	0	10	0	0	0	0	0	3	0	30	0	40	21	80	0	43	0	0	40	0	0	40	0	0	30	0	0	0	80	0	1	0	40	0	0	10	0	0	0	0	0	0	0	30	0	2	0	80	0	17	14	40	0	0	0	0	0	0	0	0	0	0	10	0	0	0	0	0	3	0	30	0	40	21	80	0	34	0	0	36	0	0	40	0	0	30	0	0	0	80	0	0	0	40	0	0	10	0	0	0	0	0	0	0	30	0	0	0	80	0	1	0	40	0	0	0	0	0	0	0	0	0	0	10	0	0	0	0	0	0	0	30	0	2	0	80	0	17	14	40	0	0	0	33	0	0	0	0	0	0	0	0	0	0	0	0	0	0	10	0	0	0	0	0	3	0	30	0	40	21	80	0
88	78	29	16	41	68	5	0	23	27	16	41	5	0	61	13	76	56	82	95	58	4	0	23	3	0	23	2	0	43	13	10	0	46	55	25	16	41	0	0	10	0	0	0	0	0	3	0	61	13	68	56	82	95	48	4	0	23	2	0	23	2	0	43	13	8	0	46	49	1	0	23	0	0	10	0	0	0	0	0	0	0	43	13	2	0	46	55	25	16	41	0	0	0	0	0	0	0	0	0	0	10	0	0	0	0	0	3	0	61	13	68	56	82	95	38	4	0	20	2	0	23	2	0	43	13	8	0	46	45	0	0	23	0	0	10	0	0	0	0	0	0	0	43	13	0	0	46	49	1	0	23	0	0	0	0	0	0	0	0	0	0	10	0	0	0	0	0	0	0	43	13	2	0	46	55	25	16	41	0	0	0	21	6	0	0	0	0	0	0	0	0	0	0	0	0	0	10	0	0	0	0	0	3	0	61	13	68	56	82	95
96	85	31	24	27	74	5	0	10	29	24	27	5	0	47	0	76	72	81	95	63	4	0	10	3	0	10	2	0	30	0	10	0	30	55	27	24	27	0	0	10	0	0	0	0	0	3	0	47	0	68	72	81	95	52	4	0	10	2	0	10	2	0	30	0	8	0	30	49	1	0	10	0	0	10	0	0	0	0	0	0	0	30	0	2	0	30	55	27	24	27	0	0	0	0	0	0	0	0	0	0	10	0	0	0	0	0	3	0	47	0	68	72	81	95	41	4	0	7	2	0	10	2	0	30	0	8	0	30	45	0	0	10	0	0	10	0	0	0	0	0	0	0	30	0	0	0	30	49	1	0	10	0	0	0	0	0	0	0	0	0	0	10	0	0	0	0	0	0	0	30	0	2	0	30	55	27	24	27	0	0	0	21	6	0	0	0	0	0	0	0	0	0	0	0	0	0	10	0	0	0	0	0	3	0	47	0	68	72	81	95
134	116	49	69	108	98	21	17	68	43	69	108	16	0	53	114	119	198	432	124	81	20	17	48	19	17	68	14	0	48	76	62	68	272	86	31	52	108	0	0	11	41	5	0	0	95	14	0	53	114	82	130	432	124	64	20	17	46	18	17	48	14	0	46	76	60	68	192	86	7	0	68	0	0	11	37	1	0	0	55	12	0	48	76	25	0	272	86	25	52	108	10	0	0	24	8	0	0	0	0	0	11	41	5	0	0	95	2	0	53	114	59	130	432	124	47	17	17	41	18	17	46	14	0	44	76	60	68	184	86	6	0	48	0	0	11	31	0	0	0	49	12	0	46	76	23	0	192	86	1	0	68	1	0	0	18	1	0	0	0	0	0	11	37	1	0	0	55	0	0	48	76	2	0	272	86	25	52	108	24	0	0	45	12	39	0	0	10	0	0	24	8	0	0	0	0	0	11	41	5	0	0	95	2	0	53	114	59	130	432	124
78	68	14	16	47	58	2	0	10	14	16	47	0	0	15	50	34	24	94	150	48	2	0	10	2	0	10	0	0	10	50	8	0	20	130	12	16	47	0	0	0	0	2	0	0	0	0	0	15	50	26	24	94	150	38	2	0	10	2	0	10	0	0	10	50	8	0	20	130	0	0	10	0	0	0	0	0	0	0	0	0	0	10	50	0	0	20	130	12	16	47	0	0	0	0	3	0	0	0	0	0	0	0	2	0	0	0	0	0	15	50	26	24	94	150	28	2	0	10	2	0	10	0	0	10	50	8	0	20	130	0	0	10	0	0	0	0	0	0	0	0	0	0	10	50	0	0	20	130	0	0	10	0	0	0	0	0	0	0	0	0	0	0	0	0	0	0	0	0	0	10	50	0	0	20	130	12	16	47	1	0	0	0	7	0	0	0	0	0	0	0	3	0	0	0	0	0	0	0	2	0	0	0	0	0	15	50	26	24	94	150
93	81	31	27	48	69	12	0	10	31	27	48	10	0	15	50	82	54	144	151	57	12	0	10	12	0	10	10	0	10	50	37	0	30	113	23	27	48	0	0	0	0	3	0	0	0	10	0	15	50	58	54	144	151	45	12	0	10	12	0	10	10	0	10	50	37	0	30	113	4	0	10	0	0	0	0	0	0	0	0	10	0	10	50	13	0	30	113	19	27	48	9	0	0	0	5	0	0	0	0	0	0	0	3	0	0	0	0	0	15	50	45	54	144	151	33	9	0	10	12	0	10	10	0	10	50	37	0	30	113	4	0	10	0	0	0	0	0	0	0	0	10	0	10	50	13	0	30	113	0	0	10	0	0	0	0	0	0	0	0	0	0	0	0	0	0	0	0	0	0	10	50	0	0	30	113	19	27	48	12	0	0	0	8	27	0	0	9	0	0	0	5	0	0	0	0	0	0	0	3	0	0	0	0	0	15	50	45	54	144	151
70	57	52	59	11	44	12	40	11	41	59	11	9	32	22	0	110	184	55	0	35	11	40	11	12	40	11	7	32	22	0	37	128	55	0	29	23	11	0	0	11	0	6	0	0	0	9	32	22	0	74	85	55	0	27	11	40	11	11	40	11	7	32	22	0	35	128	55	0	5	8	11	0	0	11	0	1	0	0	0	7	32	22	0	15	40	55	0	25	15	11	10	0	0	0	10	0	0	0	0	0	11	0	6	0	0	0	2	0	22	0	61	45	55	0	19	8	35	9	11	40	11	7	32	22	0	35	128	55	0	4	8	11	0	0	11	0	0	0	0	0	7	32	22	0	13	40	55	0	1	0	11	1	0	0	0	1	0	0	0	0	0	11	0	1	0	0	0	0	0	22	0	2	0	55	0	25	15	11	18	15	0	18	13	9	0	0	10	0	0	0	10	0	0	0	0	0	11	0	6	0	0	0	2	0	22	0	61	45	55	0
47	41	7	5	24	35	1	0	0	7	5	24	0	0	0	0	15	5	24	123	29	1	0	0	1	0	0	0	0	0	0	4	0	0	120	6	5	24	0	0	0	0	1	0	0	0	0	0	0	0	11	5	24	123	23	1	0	0	1	0	0	0	0	0	0	4	0	0	120	0	0	0	0	0	0	0	0	0	0	0	0	0	0	0	0	0	0	120	6	5	24	0	0	0	0	1	0	0	0	0	0	0	0	1	0	0	0	0	0	0	0	11	5	24	123	17	1	0	0	1	0	0	0	0	0	0	4	0	0	120	0	0	0	0	0	0	0	0	0	0	0	0	0	0	0	0	0	0	120	0	0	0	0	0	0	0	0	0	0	0	0	0	0	0	0	0	0	0	0	0	0	0	0	0	0	120	6	5	24	1	0	0	0	3	0	0	0	0	0	0	0	1	0	0	0	0	0	0	0	1	0	0	0	0	0	0	0	11	5	24	123
103	88	43	26	105	73	22	0	66	43	26	105	16	0	31	83	117	65	210	214	58	21	0	61	22	0	66	14	0	29	68	68	0	132	99	30	26	105	5	0	0	50	8	13	0	0	16	0	31	83	79	65	210	214	43	19	0	59	21	0	61	13	0	29	66	65	0	122	79	9	0	66	0	0	0	50	0	0	0	0	14	0	29	68	30	0	132	99	22	26	105	13	0	0	28	9	26	0	0	5	0	0	50	8	13	0	0	3	0	31	83	52	65	210	214	28	12	0	57	19	0	59	12	0	29	64	61	0	118	77	8	0	61	0	0	0	50	0	0	0	0	13	0	29	66	27	0	122	79	1	0	66	0	0	0	24	0	0	0	0	0	0	0	50	0	0	0	0	1	0	29	68	3	0	132	99	21	26	105	16	0	33	24	3	13	0	0	13	0	0	28	9	26	0	0	5	0	0	50	8	13	0	0	2	0	31	83	49	65	210	214
101	83	56	101	56	65	19	65	29	51	101	56	12	78	49	22	128	254	168	167	49	18	65	29	19	65	29	10	78	47	22	57	169	87	89	33	69	56	7	0	0	0	9	10	0	0	12	78	49	22	81	174	168	167	36	15	56	29	18	65	29	9	78	47	22	54	169	87	69	9	39	29	0	0	0	0	0	0	0	0	10	78	47	22	28	104	87	89	26	30	56	10	90	9	0	11	20	0	0	7	0	0	0	9	10	0	0	6	0	49	22	59	70	168	167	23	9	20	28	15	56	29	5	60	47	22	47	145	87	67	8	39	29	0	0	0	0	0	0	0	0	9	78	47	22	25	104	87	69	2	0	29	0	0	9	0	0	0	0	0	0	0	0	0	0	0	0	0	4	0	47	22	6	0	87	89	24	30	56	10	60	43	8	4	10	168	0	10	90	9	0	11	20	0	0	7	0	0	0	9	10	0	0	2	0	49	22	53	70	168	167
71	60	35	19	38	49	15	10	0	31	19	38	13	0	0	0	83	58	38	238	39	14	10	0	15	10	0	11	0	0	0	43	40	0	99	22	9	38	2	0	0	0	5	9	0	0	13	0	0	0	58	18	38	238	29	13	10	0	14	10	0	10	0	0	0	40	40	0	79	6	0	0	0	0	0	0	0	0	0	0	11	0	0	0	18	0	0	99	17	9	38	9	0	0	0	8	9	0	0	2	0	0	0	5	9	0	0	3	0	0	0	43	18	38	238	19	9	9	0	13	10	0	10	0	0	0	38	40	0	77	5	0	0	0	0	0	0	0	0	0	0	10	0	0	0	15	0	0	79	1	0	0	0	0	0	0	0	0	0	0	0	0	0	0	0	0	0	0	1	0	0	0	3	0	0	99	16	9	38	14	9	3	0	4	0	0	0	9	0	0	0	8	9	0	0	2	0	0	0	5	9	0	0	2	0	0	0	40	18	38	238
70	58	42	44	16	46	16	20	0	37	44	16	14	0	0	0	83	110	64	119	36	15	20	0	16	20	0	12	0	0	0	45	50	0	79	28	24	16	5	0	0	0	6	6	0	0	14	0	0	0	58	60	64	119	26	13	20	0	15	20	0	11	0	0	0	42	50	0	59	7	0	0	0	0	0	0	0	0	0	0	12	0	0	0	20	0	0	79	22	24	16	12	0	0	0	7	12	0	0	5	0	0	0	6	6	0	0	3	0	0	0	41	60	64	119	16	8	12	0	13	20	0	10	0	0	0	38	50	0	57	6	0	0	0	0	0	0	0	0	0	0	11	0	0	0	17	0	0	59	1	0	0	0	0	0	0	0	0	0	0	0	0	0	0	0	0	0	0	1	0	0	0	3	0	0	79	21	24	16	7	48	3	0	3	6	0	0	12	0	0	0	7	12	0	0	5	0	0	0	6	6	0	0	2	0	0	0	38	60	64	119
65	55	41	25	3	45	17	0	0	41	25	3	14	0	0	0	84	70	15	11	35	16	0	0	17	0	0	12	0	0	0	46	0	0	11	31	25	3	5	0	0	0	7	5	0	0	14	0	0	0	58	70	15	11	25	14	0	0	16	0	0	11	0	0	0	43	0	0	11	7	0	0	0	0	0	0	0	0	0	0	12	0	0	0	20	0	0	11	25	25	3	12	0	0	0	7	10	0	0	5	0	0	0	7	5	0	0	3	0	0	0	41	70	15	11	15	9	0	0	14	0	0	10	0	0	0	39	0	0	11	6	0	0	0	0	0	0	0	0	0	0	11	0	0	0	17	0	0	11	1	0	0	0	0	0	0	0	0	0	0	0	0	0	0	0	0	0	0	1	0	0	0	3	0	0	11	24	25	3	15	0	3	0	3	5	0	0	12	0	0	0	7	10	0	0	5	0	0	0	7	5	0	0	2	0	0	0	38	70	15	11
107	88	39	65	113	69	18	32	65	39	65	113	14	47	0	53	82	147	226	218	50	15	15	63	18	32	65	11	15	0	49	50	79	130	95	30	65	113	3	30	18	22	2	15	113	0	14	47	0	53	60	147	226	218	32	7	0	63	15	15	63	8	0	0	49	42	30	126	90	11	32	65	0	0	17	22	0	0	65	0	11	15	0	49	31	79	130	95	18	47	113	3	0	75	0	0	0	113	0	3	30	18	22	2	15	113	0	6	47	0	53	29	111	226	218	15	0	0	63	7	0	63	0	0	0	49	19	0	126	88	8	15	63	0	0	17	22	0	0	63	0	8	0	0	49	23	30	126	90	2	15	65	0	0	40	0	0	0	65	0	0	0	17	22	0	0	65	0	3	15	0	49	6	45	130	95	12	30	113	0	0	56	0	0	0	0	0	3	0	75	0	0	0	113	0	3	30	18	22	2	15	113	0	0	30	0	53	10	60	226	218
56	46	19	24	16	36	5	0	9	19	24	16	7	0	0	18	33	24	64	3	26	3	0	9	5	0	9	2	0	0	18	10	0	36	0	18	24	16	5	0	0	0	2	6	0	0	7	0	0	18	32	24	64	3	16	1	0	9	3	0	9	1	0	0	18	5	0	36	0	4	0	9	0	0	0	0	0	0	0	0	2	0	0	18	9	0	36	0	15	24	16	3	0	0	0	0	0	0	0	5	0	0	0	2	6	0	0	6	0	0	18	26	24	64	3	6	0	0	9	1	0	9	0	0	0	18	1	0	36	0	2	0	9	0	0	0	0	0	0	0	0	1	0	0	18	4	0	36	0	1	0	9	0	0	0	0	0	0	0	0	0	0	0	0	0	0	0	0	1	0	0	18	3	0	36	0	10	24	16	0	0	0	0	0	0	0	0	3	0	0	0	0	0	0	0	5	0	0	0	2	6	0	0	2	0	0	18	10	24	64	3
74	60	32	52	44	46	14	24	9	31	52	44	15	12	0	9	62	73	132	180	33	11	21	9	14	24	9	10	12	0	9	36	36	27	95	25	39	44	2	27	10	0	2	9	0	0	15	12	0	9	49	60	132	180	21	4	9	9	11	21	9	6	9	0	9	28	30	27	90	10	12	9	0	0	9	0	0	0	0	0	10	12	0	9	26	24	27	95	17	27	44	0	27	60	0	0	0	44	0	2	27	10	0	2	9	0	0	9	0	0	9	29	36	132	180	9	0	0	9	4	9	9	0	0	0	9	10	9	27	88	7	9	9	0	0	9	0	0	0	0	0	6	9	0	9	18	18	27	90	2	0	9	0	0	27	0	0	0	9	0	0	0	9	0	0	0	0	0	4	0	0	9	6	0	27	95	11	27	44	0	0	32	0	0	0	44	0	0	27	60	0	0	0	44	0	2	27	10	0	2	9	0	0	2	0	0	9	10	36	132	180
52	43	24	14	21	34	11	0	0	24	14	21	10	0	0	0	43	7	42	75	25	10	0	0	11	0	0	8	0	0	0	26	0	0	29	19	14	21	5	0	0	0	3	0	0	0	10	0	0	0	32	7	42	75	16	5	0	0	10	0	0	7	0	0	0	23	0	0	29	6	0	0	0	0	0	0	0	0	0	0	8	0	0	0	15	0	0	29	14	14	21	3	0	30	0	0	0	0	0	5	0	0	0	3	0	0	0	3	0	0	0	20	7	42	75	7	0	0	0	5	0	0	0	0	0	0	11	0	0	29	5	0	0	0	0	0	0	0	0	0	0	7	0	0	0	12	0	0	29	1	0	0	0	0	0	0	0	0	0	0	0	0	0	0	0	0	0	0	1	0	0	0	3	0	0	29	12	14	21	0	0	32	0	0	0	0	0	3	0	30	0	0	0	0	0	5	0	0	0	3	0	0	0	2	0	0	0	13	7	42	75
51	42	18	18	11	33	6	0	0	18	18	11	4	0	0	0	30	6	33	19	24	5	0	0	6	0	0	2	0	0	0	13	0	0	0	15	18	11	5	0	0	0	3	0	0	0	4	0	0	0	24	6	33	19	15	3	0	0	5	0	0	1	0	0	0	10	0	0	0	3	0	0	0	0	0	0	0	0	0	0	2	0	0	0	7	0	0	0	13	18	11	3	0	0	0	0	0	0	0	5	0	0	0	3	0	0	0	3	0	0	0	20	6	33	19	6	0	0	0	3	0	0	0	0	0	0	6	0	0	0	2	0	0	0	0	0	0	0	0	0	0	1	0	0	0	4	0	0	0	1	0	0	0	0	0	0	0	0	0	0	0	0	0	0	0	0	0	0	1	0	0	0	3	0	0	0	11	18	11	0	0	12	0	0	0	0	0	3	0	0	0	0	0	0	0	5	0	0	0	3	0	0	0	2	0	0	0	13	6	33	19
44	35	12	8	43	26	4	0	0	12	8	43	5	0	15	0	29	32	43	205	17	1	0	0	4	0	0	1	0	0	0	7	0	0	83	11	8	43	0	0	24	0	0	0	0	0	5	0	15	0	28	32	43	205	8	0	0	0	1	0	0	0	0	0	0	1	0	0	81	3	0	0	0	0	0	0	0	0	0	0	1	0	0	0	6	0	0	83	4	8	43	0	0	9	0	0	0	0	0	0	0	24	0	0	0	0	0	4	0	15	0	12	32	43	205	0	0	0	0	0	0	0	0	0	0	0	0	0	0	81	0	0	0	0	0	0	0	0	0	0	0	0	0	0	0	0	0	0	81	0	0	0	0	0	0	0	0	0	0	0	0	0	0	0	0	0	0	0	0	0	0	0	0	0	0	83	0	0	43	0	0	0	0	0	0	0	0	0	0	9	0	0	0	0	0	0	0	24	0	0	0	0	0	0	0	15	0	0	0	43	205
50	39	21	31	30	28	3	7	0	21	31	30	2	21	15	0	51	83	90	173	17	1	0	0	3	7	0	1	0	0	0	5	14	0	83	18	31	30	0	0	24	0	0	0	30	0	2	21	15	0	47	83	90	173	7	0	0	0	1	0	0	0	0	0	0	1	0	0	81	2	7	0	0	0	0	0	0	0	0	0	1	0	0	0	4	14	0	83	7	21	30	0	0	9	0	0	0	0	0	0	0	24	0	0	0	30	0	1	21	15	0	23	63	90	173	0	0	0	0	0	0	0	0	0	0	0	0	0	0	81	0	0	0	0	0	0	0	0	0	0	0	0	0	0	0	0	0	0	81	0	0	0	0	0	0	0	0	0	0	0	0	0	0	0	0	0	0	0	0	0	0	0	0	0	0	83	0	0	30	0	0	0	0	0	0	0	0	0	0	9	0	0	0	0	0	0	0	24	0	0	0	30	0	0	0	15	0	0	0	90	173
35	28	7	0	28	21	3	0	0	7	0	28	4	0	0	0	18	0	0	92	14	1	0	0	3	0	0	1	0	0	0	5	0	0	18	6	0	28	0	0	9	0	0	0	0	0	4	0	0	0	17	0	0	92	7	0	0	0	1	0	0	0	0	0	0	1	0	0	18	2	0	0	0	0	0	0	0	0	0	0	1	0	0	0	4	0	0	18	4	0	28	0	0	9	0	0	0	0	0	0	0	9	0	0	0	0	0	3	0	0	0	13	0	0	92	0	0	0	0	0	0	0	0	0	0	0	0	0	0	18	0	0	0	0	0	0	0	0	0	0	0	0	0	0	0	0	0	0	18	0	0	0	0	0	0	0	0	0	0	0	0	0	0	0	0	0	0	0	0	0	0	0	0	0	0	18	0	0	28	0	0	0	0	0	0	0	0	0	0	9	0	0	0	0	0	0	0	9	0	0	0	0	0	0	0	0	0	0	0	0	92
30	24	10	0	12	18	1	0	0	10	0	12	3	0	0	0	31	0	0	27	12	0	0	0	1	0	0	0	0	0	0	2	0	0	9	10	0	12	0	0	0	0	0	0	0	0	3	0	0	0	31	0	0	27	6	0	0	0	0	0	0	0	0	0	0	0	0	0	9	1	0	0	0	0	0	0	0	0	0	0	0	0	0	0	2	0	0	9	9	0	12	0	0	0	0	0	0	0	0	0	0	0	0	0	0	0	0	3	0	0	0	29	0	0	27	0	0	0	0	0	0	0	0	0	0	0	0	0	0	9	0	0	0	0	0	0	0	0	0	0	0	0	0	0	0	0	0	0	9	0	0	0	0	0	0	0	0	0	0	0	0	0	0	0	0	0	0	0	0	0	0	0	0	0	0	9	0	0	12	0	0	0	0	0	0	0	0	0	0	0	0	0	0	0	0	0	0	0	0	0	0	0	0	0	0	0	0	0	0	0	27
30	23	20	10	0	16	1	0	0	20	10	0	3	0	0	0	49	32	0	0	9	0	0	0	1	0	0	0	0	0	0	2	0	0	0	20	10	0	0	0	0	0	0	0	0	0	3	0	0	0	49	32	0	0	2	0	0	0	0	0	0	0	0	0	0	0	0	0	0	1	0	0	0	0	0	0	0	0	0	0	0	0	0	0	2	0	0	0	3	10	0	0	0	0	0	0	0	0	0	0	0	0	0	0	0	0	0	3	0	0	0	9	32	0	0	0	0	0	0	0	0	0	0	0	0	0	0	0	0	0	0	0	0	0	0	0	0	0	0	0	0	0	0	0	0	0	0	0	0	0	0	0	0	0	0	0	0	0	0	0	0	0	0	0	0	0	0	0	0	0	0	0	0	0	0	0	0	0	0	0	0	0	0	0	0	0	0	0	0	0	0	0	0	0	0	0	0	0	0	0	0	0	0	0	0	0	0	0	0	0	0
45	33	24	27	47	21	0	0	36	24	27	47	0	0	60	30	54	54	141	30	9	0	0	18	0	0	36	0	0	51	0	0	0	108	0	18	27	47	0	0	0	28	0	0	0	113	0	0	60	30	44	54	141	30	0	0	0	17	0	0	18	0	0	30	0	0	0	54	0	0	0	36	0	0	0	26	0	0	0	65	0	0	51	0	0	0	108	0	0	0	47	0	0	0	9	0	0	0	0	0	0	0	28	0	0	0	113	0	0	60	30	0	0	141	30	0	0	0	17	0	0	17	0	0	27	0	0	0	51	0	0	0	18	0	0	0	26	0	0	0	63	0	0	30	0	0	0	54	0	0	0	36	0	0	0	9	0	0	0	0	0	0	0	26	0	0	0	65	0	0	51	0	0	0	108	0	0	0	0	0	0	0	0	0	0	0	0	0	0	0	9	0	0	0	0	0	0	0	28	0	0	0	113	0	0	0	30	0	0	0	30
30	22	18	12	11	14	0	0	9	18	12	11	0	0	9	0	40	18	22	0	6	0	0	9	0	0	9	0	0	9	0	0	0	18	0	15	12	11	0	0	0	0	0	0	0	0	0	0	9	0	36	18	22	0	0	0	0	9	0	0	9	0	0	9	0	0	0	18	0	0	0	9	0	0	0	0	0	0	0	0	0	0	9	0	0	0	18	0	0	0	11	0	0	0	0	0	0	0	0	0	0	0	0	0	0	0	0	0	0	9	0	0	0	22	0	0	0	0	9	0	0	9	0	0	9	0	0	0	18	0	0	0	9	0	0	0	0	0	0	0	0	0	0	9	0	0	0	18	0	0	0	9	0	0	0	0	0	0	0	0	0	0	0	0	0	0	0	0	0	0	9	0	0	0	18	0	0	0	0	0	0	0	0	0	0	0	0	0	0	0	0	0	0	0	0	0	0	0	0	0	0	0	0	0	0	0	0	0	0	0	0
40	29	23	28	17	18	0	0	0	23	28	17	0	0	7	0	50	70	68	73	7	0	0	0	0	0	0	0	0	0	0	0	0	0	0	13	28	17	0	0	0	0	0	0	0	0	0	0	7	0	30	70	68	73	0	0	0	0	0	0	0	0	0	0	0	0	0	0	0	0	0	0	0	0	0	0	0	0	0	0	0	0	0	0	0	0	0	0	0	0	17	0	0	0	0	0	0	0	0	0	0	0	0	0	0	0	0	0	0	7	0	0	0	68	73	0	0	0	0	0	0	0	0	0	0	0	0	0	0	0	0	0	0	0	0	0	0	0	0	0	0	0	0	0	0	0	0	0	0	0	0	0	0	0	0	0	0	0	0	0	0	0	0	0	0	0	0	0	0	0	0	0	0	0	0	0	0	0	0	0	0	0	0	0	0	0	0	0	0	0	0	0	0	0	0	0	0	0	0	0	0	0	0	0	0	0	0	0	0	0	73
30	22	19	12	9	14	0	0	0	19	12	9	0	0	7	0	43	24	18	30	6	0	0	0	0	0	0	0	0	0	0	0	0	0	0	15	12	9	0	0	0	0	0	0	0	0	0	0	7	0	36	24	18	30	0	0	0	0	0	0	0	0	0	0	0	0	0	0	0	0	0	0	0	0	0	0	0	0	0	0	0	0	0	0	0	0	0	0	0	0	9	0	0	0	0	0	0	0	0	0	0	0	0	0	0	0	0	0	0	7	0	0	0	18	30	0	0	0	0	0	0	0	0	0	0	0	0	0	0	0	0	0	0	0	0	0	0	0	0	0	0	0	0	0	0	0	0	0	0	0	0	0	0	0	0	0	0	0	0	0	0	0	0	0	0	0	0	0	0	0	0	0	0	0	0	0	0	0	0	0	0	0	0	0	0	0	0	0	0	0	0	0	0	0	0	0	0	0	0	0	0	0	0	0	0	0	0	0	0	0	30
35	25	26	25	2	15	0	0	0	26	25	2	0	0	0	0	57	75	10	0	5	0	0	0	0	0	0	0	0	0	0	0	0	0	0	11	25	2	0	0	0	0	0	0	0	0	0	0	0	0	23	75	10	0	0	0	0	0	0	0	0	0	0	0	0	0	0	0	0	0	0	0	0	0	0	0	0	0	0	0	0	0	0	0	0	0	0	0	0	0	2	0	0	0	0	0	0	0	0	0	0	0	0	0	0	0	0	0	0	0	0	0	0	10	0	0	0	0	0	0	0	0	0	0	0	0	0	0	0	0	0	0	0	0	0	0	0	0	0	0	0	0	0	0	0	0	0	0	0	0	0	0	0	0	0	0	0	0	0	0	0	0	0	0	0	0	0	0	0	0	0	0	0	0	0	0	0	0	0	0	0	0	0	0	0	0	0	0	0	0	0	0	0	0	0	0	0	0	0	0	0	0	0	0	0	0	0	0	0	0	0
49	31	35	65	107	13	0	0	101	21	65	107	0	0	126	12	54	182	535	2	0	0	0	101	0	0	101	0	0	126	12	0	0	505	0	0	0	107	0	0	0	0	0	0	0	0	0	0	126	12	0	0	535	2	0	0	0	95	0	0	101	0	0	126	10	0	0	505	0	0	0	101	0	0	0	0	0	0	0	0	0	0	126	12	0	0	505	0	0	0	0	0	0	0	65	0	0	0	0	0	0	0	0	0	0	0	0	0	0	0	12	0	0	0	2	0	0	0	76	0	0	95	0	0	119	9	0	0	475	0	0	0	101	0	0	0	0	0	0	0	0	0	0	126	10	0	0	505	0	0	0	0	0	0	0	31	0	0	0	0	0	0	0	0	0	0	0	0	0	0	0	12	0	0	0	0	0	0	0	0	0	0	67	0	0	0	56	0	0	0	65	0	0	0	0	0	0	0	0	0	0	0	0	0	0	0	0	0	0	0	0
38	25	17	12	69	12	0	0	34	16	12	69	0	0	26	21	38	12	69	86	0	0	0	34	0	0	34	0	0	26	21	0	0	34	45	0	0	69	0	0	0	0	0	0	0	0	0	0	26	21	0	0	69	86	0	0	0	29	0	0	34	0	0	26	19	0	0	34	27	0	0	34	0	0	0	0	0	0	0	0	0	0	26	21	0	0	34	45	0	0	0	0	0	0	50	0	0	0	0	0	0	0	0	0	0	0	0	0	0	0	21	0	0	0	86	0	0	0	18	0	0	29	0	0	20	18	0	0	29	26	0	0	34	0	0	0	0	0	0	0	0	0	0	26	19	0	0	34	27	0	0	0	0	0	0	18	0	0	0	0	0	0	0	0	0	0	0	0	0	0	0	21	0	0	0	45	0	0	0	0	0	0	9	0	0	0	56	0	0	0	50	0	0	0	0	0	0	0	0	0	0	0	0	0	0	0	0	0	0	0	0
43	28	19	26	93	13	0	0	61	16	26	93	0	0	38	50	37	39	186	77	0	0	0	49	0	0	61	0	0	38	27	0	0	122	45	0	0	93	0	0	0	57	0	0	0	30	0	0	38	50	0	0	186	77	0	0	0	20	0	0	49	0	0	35	10	0	0	98	27	0	0	61	0	0	0	0	0	0	0	0	0	0	38	27	0	0	122	45	0	0	0	0	0	0	50	0	0	0	157	0	0	0	57	0	0	0	30	0	0	0	50	0	0	0	77	0	0	0	9	0	0	20	0	0	20	9	0	0	40	26	0	0	49	0	0	0	0	0	0	0	0	0	0	35	10	0	0	98	27	0	0	0	0	0	0	18	0	0	0	74	0	0	0	0	0	0	0	0	0	0	0	27	0	0	0	45	0	0	0	0	0	0	9	0	0	0	56	0	0	0	50	0	0	0	157	0	0	0	57	0	0	0	30	0	0	0	0	0	0	0	0
29	18	22	28	22	7	0	0	10	12	28	22	0	0	10	0	27	70	88	19	0	0	0	10	0	0	10	0	0	10	0	0	0	40	0	0	0	22	0	0	0	0	0	0	0	0	0	0	10	0	0	0	88	19	0	0	0	10	0	0	10	0	0	10	0	0	0	40	0	0	0	10	0	0	0	0	0	0	0	0	0	0	10	0	0	0	40	0	0	0	0	0	0	0	0	0	0	0	0	0	0	0	0	0	0	0	0	0	0	0	0	0	0	0	19	0	0	0	10	0	0	10	0	0	10	0	0	0	40	0	0	0	10	0	0	0	0	0	0	0	0	0	0	10	0	0	0	40	0	0	0	0	0	0	0	0	0	0	0	0	0	0	0	0	0	0	0	0	0	0	0	0	0	0	0	0	0	0	0	0	0	0	0	0	0	0	0	0	0	0	0	0	0	0	0	0	0	0	0	0	0	0	0	0	0	0	0	0	0	0	0
30	19	18	24	27	8	0	0	0	12	24	27	0	0	0	0	28	48	81	75	0	0	0	0	0	0	0	0	0	0	0	0	0	0	36	0	0	27	0	0	0	0	0	0	0	0	0	0	0	0	0	0	81	75	0	0	0	0	0	0	0	0	0	0	0	0	0	0	18	0	0	0	0	0	0	0	0	0	0	0	0	0	0	0	0	0	0	36	0	0	0	0	0	0	0	0	0	0	0	0	0	0	0	0	0	0	0	0	0	0	0	0	0	0	75	0	0	0	0	0	0	0	0	0	0	0	0	0	0	17	0	0	0	0	0	0	0	0	0	0	0	0	0	0	0	0	0	0	18	0	0	0	0	0	0	0	0	0	0	0	0	0	0	0	0	0	0	0	0	0	0	0	0	0	0	36	0	0	0	0	0	0	0	0	0	0	0	0	0	0	0	0	0	0	0	0	0	0	0	0	0	0	0	0	0	0	0	0	0	0	0
32	14	12	56	130	0	0	0	103	0	0	130	0	0	18	93	0	0	520	129	0	0	0	103	0	0	103	0	0	18	93	0	0	412	111	0	0	0	0	0	0	0	0	0	0	0	0	0	0	93	0	0	0	129	0	0	0	103	0	0	103	0	0	18	93	0	0	412	111	0	0	0	0	0	0	0	0	0	0	0	0	0	0	93	0	0	0	111	0	0	0	0	0	0	0	0	0	0	0	0	0	0	0	0	0	0	0	0	0	0	0	0	0	0	0	0	0	0	98	0	0	103	0	0	18	83	0	0	412	105	0	0	0	0	0	0	0	0	0	0	0	0	0	0	93	0	0	0	111	0	0	0	0	0	0	0	0	0	0	0	0	0	0	0	0	0	0	0	0	0	0	0	0	0	0	0	0	0	0	0	0	0	54	0	0	0	0	0	0	0	0	0	0	0	0	0	0	0	0	0	0	0	0	0	0	0	0	0	0	0	0
21	9	11	27	53	0	0	0	22	0	0	53	0	0	0	32	0	0	159	156	0	0	0	22	0	0	22	0	0	0	32	0	0	66	111	0	0	0	0	0	0	0	0	0	0	0	0	0	0	32	0	0	0	156	0	0	0	22	0	0	22	0	0	0	32	0	0	66	111	0	0	0	0	0	0	0	0	0	0	0	0	0	0	32	0	0	0	111	0	0	0	0	0	0	0	0	0	0	0	0	0	0	0	0	0	0	0	0	0	0	0	0	0	0	0	0	0	0	22	0	0	22	0	0	0	32	0	0	66	105	0	0	0	0	0	0	0	0	0	0	0	0	0	0	32	0	0	0	111	0	0	0	0	0	0	0	0	0	0	0	0	0	0	0	0	0	0	0	0	0	0	0	0	0	0	0	0	0	0	0	0	0	0	0	0	0	0	0	0	0	0	0	0	0	0	0	0	0	0	0	0	0	0	0	0	0	0	0	0	0	0
27	13	13	13	101	0	0	0	43	0	0	101	0	0	0	59	0	0	101	318	0	0	0	43	0	0	43	0	0	0	59	0	0	43	206	0	0	0	0	0	0	0	0	0	0	0	0	0	0	59	0	0	0	318	0	0	0	40	0	0	43	0	0	0	56	0	0	43	194	0	0	0	0	0	0	0	0	0	0	0	0	0	0	59	0	0	0	206	0	0	0	0	0	0	27	0	0	0	0	0	0	0	0	0	0	0	0	0	0	0	0	0	0	0	0	0	0	0	24	0	0	40	0	0	0	38	0	0	40	154	0	0	0	0	0	0	0	0	0	0	0	0	0	0	56	0	0	0	194	0	0	0	0	0	0	0	0	0	0	0	0	0	0	0	0	0	0	0	0	0	0	0	0	0	0	0	0	0	0	0	0	0	54	0	0	0	44	0	0	0	27	0	0	0	0	0	0	0	0	0	0	0	0	0	0	0	0	0	0	0	0
20	9	12	18	50	0	0	0	8	0	0	50	0	0	0	8	0	0	100	249	0	0	0	8	0	0	8	0	0	0	8	0	0	16	172	0	0	0	0	0	0	0	0	0	0	0	0	0	0	8	0	0	0	249	0	0	0	8	0	0	8	0	0	0	8	0	0	16	160	0	0	0	0	0	0	0	0	0	0	0	0	0	0	8	0	0	0	172	0	0	0	0	0	0	0	0	0	0	0	0	0	0	0	0	0	0	0	0	0	0	0	0	0	0	0	0	0	0	8	0	0	8	0	0	0	8	0	0	16	125	0	0	0	0	0	0	0	0	0	0	0	0	0	0	8	0	0	0	160	0	0	0	0	0	0	0	0	0	0	0	0	0	0	0	0	0	0	0	0	0	0	0	0	0	0	0	0	0	0	0	0	0	0	0	0	0	0	0	0	0	0	0	0	0	0	0	0	0	0	0	0	0	0	0	0	0	0	0	0	0	0
18	7	10	28	32	0	0	0	18	0	0	32	0	0	0	8	0	0	128	107	0	0	0	18	0	0	18	0	0	0	8	0	0	72	101	0	0	0	0	0	0	0	0	0	0	0	0	0	0	8	0	0	0	107	0	0	0	18	0	0	18	0	0	0	8	0	0	72	101	0	0	0	0	0	0	0	0	0	0	0	0	0	0	8	0	0	0	101	0	0	0	0	0	0	0	0	0	0	0	0	0	0	0	0	0	0	0	0	0	0	0	0	0	0	0	0	0	0	14	0	0	18	0	0	0	8	0	0	72	95	0	0	0	0	0	0	0	0	0	0	0	0	0	0	8	0	0	0	101	0	0	0	0	0	0	0	0	0	0	0	0	0	0	0	0	0	0	0	0	0	0	0	0	0	0	0	0	0	0	0	0	0	24	0	0	0	0	0	0	0	0	0	0	0	0	0	0	0	0	0	0	0	0	0	0	0	0	0	0	0	0
8	0	0	0	49	0	0	0	9	0	0	0	0	0	0	9	0	0	0	265	0	0	0	9	0	0	0	0	0	0	9	0	0	0	151	0	0	0	0	0	0	0	0	0	0	0	0	0	0	0	0	0	0	0	0	0	0	9	0	0	0	0	0	0	9	0	0	0	151	0	0	0	0	0	0	0	0	0	0	0	0	0	0	0	0	0	0	0	0	0	0	0	0	0	0	0	0	0	0	0	0	0	0	0	0	0	0	0	0	0	0	0	0	0	0	0	0	0	9	0	0	0	0	0	0	9	0	0	0	151	0	0	0	0	0	0	0	0	0	0	0	0	0	0	0	0	0	0	0	0	0	0	0	0	0	0	0	0	0	0	0	0	0	0	0	0	0	0	0	0	0	0	0	0	0	0	0	0	0	0	0	0	0	0	0	0	0	0	0	0	0	0	0	0	0	0	0	0	0	0	0	0	0	0	0	0	0	0	0	0	0
7	0	0	0	40	0	0	0	9	0	0	0	0	0	0	9	0	0	0	215	0	0	0	9	0	0	0	0	0	0	9	0	0	0	143	0	0	0	0	0	0	0	0	0	0	0	0	0	0	0	0	0	0	0	0	0	0	9	0	0	0	0	0	0	9	0	0	0	143	0	0	0	0	0	0	0	0	0	0	0	0	0	0	0	0	0	0	0	0	0	0	0	0	0	0	0	0	0	0	0	0	0	0	0	0	0	0	0	0	0	0	0	0	0	0	0	0	0	9	0	0	0	0	0	0	9	0	0	0	143	0	0	0	0	0	0	0	0	0	0	0	0	0	0	0	0	0	0	0	0	0	0	0	0	0	0	0	0	0	0	0	0	0	0	0	0	0	0	0	0	0	0	0	0	0	0	0	0	0	0	0	0	0	0	0	0	0	0	0	0	0	0	0	0	0	0	0	0	0	0	0	0	0	0	0	0	0	0	0	0	0
8	0	0	0	52	0	0	0	0	0	0	0	0	0	0	0	0	0	0	366	0	0	0	0	0	0	0	0	0	0	0	0	0	0	194	0	0	0	0	0	0	0	0	0	0	0	0	0	0	0	0	0	0	0	0	0	0	0	0	0	0	0	0	0	0	0	0	0	194	0	0	0	0	0	0	0	0	0	0	0	0	0	0	0	0	0	0	0	0	0	0	0	0	0	0	0	0	0	0	0	0	0	0	0	0	0	0	0	0	0	0	0	0	0	0	0	0	0	0	0	0	0	0	0	0	0	0	0	0	191	0	0	0	0	0	0	0	0	0	0	0	0	0	0	0	0	0	0	0	0	0	0	0	0	0	0	0	0	0	0	0	0	0	0	0	0	0	0	0	0	0	0	0	0	0	0	0	0	0	0	0	0	0	0	0	0	0	0	0	0	0	0	0	0	0	0	0	0	0	0	0	0	0	0	0	0	0	0	0	0	0
5	0	0	0	21	0	0	0	0	0	0	0	0	0	0	0	0	0	0	162	0	0	0	0	0	0	0	0	0	0	0	0	0	0	121	0	0	0	0	0	0	0	0	0	0	0	0	0	0	0	0	0	0	0	0	0	0	0	0	0	0	0	0	0	0	0	0	0	121	0	0	0	0	0	0	0	0	0	0	0	0	0	0	0	0	0	0	0	0	0	0	0	0	0	0	0	0	0	0	0	0	0	0	0	0	0	0	0	0	0	0	0	0	0	0	0	0	0	0	0	0	0	0	0	0	0	0	0	0	121	0	0	0	0	0	0	0	0	0	0	0	0	0	0	0	0	0	0	0	0	0	0	0	0	0	0	0	0	0	0	0	0	0	0	0	0	0	0	0	0	0	0	0	0	0	0	0	0	0	0	0	0	0	0	0	0	0	0	0	0	0	0	0	0	0	0	0	0	0	0	0	0	0	0	0	0	0	0	0	0	0
