136	127	36	27	0	118	12	20	0	36	27	0	14	15	0	0	91	61	0	0	109	12	20	0	12	20	0	14	15	0	0	31	45	0	0	36	27	0	6	0	0	0	7	0	0	0	14	15	0	0	91	61	0	0	100	12	20	0	12	20	0	14	15	0	0	31	45	0	0	12	20	0	6	0	0	0	3	0	0	0	14	15	0	0	31	45	0	0	36	27	0	5	0	0	0	22	0	0	0	6	0	0	0	7	0	0	0	14	15	0	0	91	61	0	0	91	11	20	0	12	20	0	14	15	0	0	31	45	0	0	12	20	0	6	0	0	0	3	0	0	0	14	15	0	0	31	45	0	0	12	20	0	1	0	0	0	3	0	0	0	6	0	0	0	3	0	0	0	14	15	0	0	31	45	0	0	36	27	0	16	0	0	0	16	0	0	0	5	0	0	0	22	0	0	0	6	0	0	0	7	0	0	0	14	15	0	0	91	61	0	0
106	100	34	8	0	94	18	0	0	34	8	0	19	0	0	0	85	12	0	0	88	18	0	0	18	0	0	19	0	0	0	49	0	0	0	34	8	0	8	0	0	0	7	0	0	0	19	0	0	0	85	12	0	0	82	17	0	0	18	0	0	19	0	0	0	49	0	0	0	18	0	0	6	0	0	0	3	0	0	0	19	0	0	0	49	0	0	0	34	8	0	9	0	0	0	14	4	0	0	8	0	0	0	7	0	0	0	19	0	0	0	85	12	0	0	76	14	0	0	17	0	0	17	0	0	0	44	0	0	0	18	0	0	6	0	0	0	3	0	0	0	19	0	0	0	49	0	0	0	18	0	0	1	0	0	0	5	0	0	0	6	0	0	0	3	0	0	0	19	0	0	0	49	0	0	0	34	8	0	16	0	0	0	11	8	0	0	9	0	0	0	14	4	0	0	8	0	0	0	7	0	0	0	19	0	0	0	85	12	0	0
123	116	41	12	0	109	23	0	0	41	12	0	22	0	0	0	106	24	0	0	102	23	0	0	23	0	0	22	0	0	0	67	0	0	0	41	12	0	13	0	0	0	10	0	0	0	22	0	0	0	106	24	0	0	95	21	0	0	23	0	0	22	0	0	0	67	0	0	0	23	0	0	8	0	0	0	4	0	0	0	22	0	0	0	67	0	0	0	41	12	0	15	0	0	0	15	8	0	0	13	0	0	0	10	0	0	0	22	0	0	0	106	24	0	0	88	17	0	0	21	0	0	19	0	0	0	57	0	0	0	23	0	0	8	0	0	0	4	0	0	0	22	0	0	0	67	0	0	0	23	0	0	4	0	0	0	6	0	0	0	8	0	0	0	4	0	0	0	22	0	0	0	67	0	0	0	41	12	0	17	0	0	0	10	12	0	0	15	0	0	0	15	8	0	0	13	0	0	0	10	0	0	0	22	0	0	0	106	24	0	0
241	225	67	101	0	209	23	71	0	67	101	0	24	130	0	0	157	274	0	0	193	20	65	0	23	71	0	12	114	0	0	71	206	0	0	67	101	0	13	52	0	0	19	27	0	0	24	130	0	0	157	274	0	0	177	15	60	0	20	65	0	10	112	0	0	58	188	0	0	23	71	0	2	48	0	0	2	24	0	0	12	114	0	0	71	206	0	0	67	101	0	12	24	0	0	34	35	0	0	13	52	0	0	19	27	0	0	24	130	0	0	157	274	0	0	161	11	40	0	15	60	0	5	96	0	0	40	164	0	0	20	65	0	2	48	0	0	2	24	0	0	10	112	0	0	58	188	0	0	23	71	0	4	8	0	0	10	24	0	0	2	48	0	0	2	24	0	0	12	114	0	0	71	206	0	0	67	101	0	3	64	0	0	14	21	0	0	12	24	0	0	34	35	0	0	13	52	0	0	19	27	0	0	24	130	0	0	157	274	0	0
190	178	57	47	0	166	24	27	0	57	47	0	23	0	0	0	144	132	0	0	154	24	27	0	24	27	0	23	0	0	0	73	72	0	0	57	47	0	18	0	0	0	26	0	0	0	23	0	0	0	144	132	0	0	142	21	27	0	24	27	0	23	0	0	0	73	72	0	0	24	27	0	8	0	0	0	5	0	0	0	23	0	0	0	73	72	0	0	57	47	0	15	0	0	0	34	12	0	0	18	0	0	0	26	0	0	0	23	0	0	0	144	132	0	0	130	17	27	0	21	27	0	20	0	0	0	58	72	0	0	24	27	0	8	0	0	0	5	0	0	0	23	0	0	0	73	72	0	0	24	27	0	4	0	0	0	6	0	0	0	8	0	0	0	5	0	0	0	23	0	0	0	73	72	0	0	57	47	0	20	0	0	0	13	12	0	0	15	0	0	0	34	12	0	0	18	0	0	0	26	0	0	0	23	0	0	0	144	132	0	0
169	159	43	9	20	149	28	0	0	43	9	20	26	0	0	0	116	9	20	0	139	26	0	0	28	0	0	24	0	0	0	82	0	0	0	43	9	20	19	0	0	0	22	18	0	0	26	0	0	0	116	9	20	0	129	21	0	0	26	0	0	22	0	0	0	75	0	0	0	28	0	0	8	0	0	0	5	0	0	0	24	0	0	0	82	0	0	0	43	9	20	11	0	4	0	12	9	0	0	19	0	0	0	22	18	0	0	26	0	0	0	116	9	20	0	119	14	0	0	21	0	0	15	0	0	0	54	0	0	0	26	0	0	8	0	0	0	5	0	0	0	22	0	0	0	75	0	0	0	28	0	0	4	0	0	0	8	0	0	0	8	0	0	0	5	0	0	0	24	0	0	0	82	0	0	0	43	9	20	2	0	16	0	3	0	0	0	11	0	4	0	12	9	0	0	19	0	0	0	22	18	0	0	26	0	0	0	116	9	20	0
208	195	49	48	16	182	24	30	0	49	48	16	23	20	0	0	120	118	32	0	169	22	28	0	24	30	0	21	20	0	0	71	90	0	0	49	48	16	19	16	0	0	26	16	0	0	23	20	0	0	120	118	32	0	156	16	16	0	22	28	0	19	16	0	0	64	80	0	0	24	30	0	8	0	0	0	6	0	0	0	21	20	0	0	71	90	0	0	49	48	16	8	32	4	0	18	30	16	0	19	16	0	0	26	16	0	0	23	20	0	0	120	118	32	0	143	10	0	0	16	16	0	12	0	0	0	43	32	0	0	22	28	0	8	0	0	0	6	0	0	0	19	16	0	0	64	80	0	0	24	30	0	4	0	0	0	10	20	0	0	8	0	0	0	6	0	0	0	21	20	0	0	71	90	0	0	49	48	16	2	0	16	0	3	11	32	0	8	32	4	0	18	30	16	0	19	16	0	0	26	16	0	0	23	20	0	0	120	118	32	0
226	211	59	80	12	196	23	56	0	59	80	12	25	34	0	0	146	248	36	0	181	20	51	0	23	56	0	19	34	0	0	73	198	0	0	59	80	12	16	43	0	0	30	25	0	0	25	34	0	0	146	248	36	0	166	15	38	0	20	51	0	17	29	0	0	62	176	0	0	23	56	0	6	20	0	0	5	10	0	0	19	34	0	0	73	198	0	0	59	80	12	5	52	4	0	32	21	12	0	16	43	0	0	30	25	0	0	25	34	0	0	146	248	36	0	151	9	30	0	15	38	0	11	20	0	0	41	120	0	0	20	51	0	6	20	0	0	5	10	0	0	17	29	0	0	62	176	0	0	23	56	0	1	30	0	0	8	12	0	0	6	20	0	0	5	10	0	0	19	34	0	0	73	198	0	0	59	80	12	4	10	16	0	10	0	12	0	5	52	4	0	32	21	12	0	16	43	0	0	30	25	0	0	25	34	0	0	146	248	36	0
166	156	49	24	8	146	28	0	0	49	24	8	39	0	0	0	118	60	32	0	136	22	0	0	28	0	0	21	0	0	0	84	0	0	0	49	24	8	19	0	0	0	18	36	0	0	39	0	0	0	118	60	32	0	126	17	0	0	22	0	0	19	0	0	0	66	0	0	0	28	0	0	8	0	0	0	5	0	0	0	21	0	0	0	84	0	0	0	49	24	8	11	0	4	0	12	6	0	0	19	0	0	0	18	36	0	0	39	0	0	0	118	60	32	0	116	10	0	0	17	0	0	12	0	0	0	45	0	0	0	22	0	0	8	0	0	0	5	0	0	0	19	0	0	0	66	0	0	0	28	0	0	4	0	0	0	8	0	0	0	8	0	0	0	5	0	0	0	21	0	0	0	84	0	0	0	49	24	8	2	0	16	0	4	0	0	0	11	0	4	0	12	6	0	0	19	0	0	0	18	36	0	0	39	0	0	0	118	60	32	0
179	168	53	35	4	157	24	10	0	53	35	4	33	0	0	0	119	120	20	0	146	17	5	0	24	10	0	11	0	0	0	69	50	0	0	53	35	4	8	25	0	0	18	35	0	0	33	0	0	0	119	120	20	0	135	14	0	0	17	5	0	9	0	0	0	49	25	0	0	24	10	0	2	0	0	0	3	0	0	0	11	0	0	0	69	50	0	0	53	35	4	10	0	0	0	17	5	4	0	8	25	0	0	18	35	0	0	33	0	0	0	119	120	20	0	124	11	0	0	14	0	0	6	0	0	0	38	0	0	0	17	5	0	2	0	0	0	3	0	0	0	9	0	0	0	49	25	0	0	24	10	0	3	0	0	0	9	0	0	0	2	0	0	0	3	0	0	0	11	0	0	0	69	50	0	0	53	35	4	4	0	0	0	4	0	0	0	10	0	0	0	17	5	4	0	8	25	0	0	18	35	0	0	33	0	0	0	119	120	20	0
209	195	47	54	35	181	23	41	0	47	54	35	33	38	0	0	106	117	35	60	167	14	22	0	23	41	0	11	18	0	0	70	99	0	0	47	54	35	4	9	20	0	7	13	70	0	33	38	0	0	106	117	35	60	153	9	13	0	14	22	0	8	0	0	0	37	35	0	0	23	41	0	2	0	0	0	4	13	0	0	11	18	0	0	70	99	0	0	47	54	35	4	0	23	0	19	24	35	0	4	9	20	0	7	13	70	0	33	38	0	0	106	117	35	60	139	8	12	0	9	13	0	6	0	0	0	24	26	0	0	14	22	0	2	0	0	0	4	13	0	0	8	0	0	0	37	35	0	0	23	41	0	3	0	0	0	12	20	0	0	2	0	0	0	4	13	0	0	11	18	0	0	70	99	0	0	47	54	35	5	12	0	0	8	12	0	0	4	0	23	0	19	24	35	0	4	9	20	0	7	13	70	0	33	38	0	0	106	117	35	60
158	148	35	16	26	138	22	0	0	35	16	26	33	0	0	0	83	8	52	40	128	12	0	0	22	0	0	11	0	0	0	66	0	0	0	35	16	26	3	0	20	0	3	0	0	0	33	0	0	0	83	8	52	40	118	8	0	0	12	0	0	6	0	0	0	31	0	0	0	22	0	0	2	0	0	0	3	0	0	0	11	0	0	0	66	0	0	0	35	16	26	3	0	23	0	9	0	0	0	3	0	20	0	3	0	0	0	33	0	0	0	83	8	52	40	108	8	0	0	8	0	0	6	0	0	0	22	0	0	0	12	0	0	2	0	0	0	3	0	0	0	6	0	0	0	31	0	0	0	22	0	0	3	0	0	0	9	0	0	0	2	0	0	0	3	0	0	0	11	0	0	0	66	0	0	0	35	16	26	4	0	0	0	3	0	0	0	3	0	23	0	9	0	0	0	3	0	20	0	3	0	0	0	33	0	0	0	83	8	52	40
157	147	32	21	18	137	19	0	0	32	21	18	31	0	0	0	75	14	54	24	127	10	0	0	19	0	0	9	0	0	0	57	0	0	0	32	21	18	3	0	12	0	3	0	0	0	31	0	0	0	75	14	54	24	117	8	0	0	10	0	0	6	0	0	0	27	0	0	0	19	0	0	2	0	0	0	3	0	0	0	9	0	0	0	57	0	0	0	32	21	18	3	0	7	0	7	0	0	0	3	0	12	0	3	0	0	0	31	0	0	0	75	14	54	24	107	8	0	0	8	0	0	6	0	0	0	22	0	0	0	10	0	0	2	0	0	0	3	0	0	0	6	0	0	0	27	0	0	0	19	0	0	3	0	0	0	7	0	0	0	2	0	0	0	3	0	0	0	9	0	0	0	57	0	0	0	32	21	18	4	0	0	0	2	0	0	0	3	0	7	0	7	0	0	0	3	0	12	0	3	0	0	0	31	0	0	0	75	14	54	24
212	198	43	64	11	184	16	24	0	43	64	11	18	96	0	0	91	146	44	12	170	12	0	0	16	24	0	12	0	0	0	43	66	0	0	43	64	11	2	0	5	0	9	0	44	0	18	96	0	0	91	146	44	12	156	11	0	0	12	0	0	10	0	0	0	29	0	0	0	16	24	0	1	0	0	0	6	0	0	0	12	0	0	0	43	66	0	0	43	64	11	3	0	0	0	21	0	0	0	2	0	5	0	9	0	44	0	18	96	0	0	91	146	44	12	142	10	0	0	11	0	0	10	0	0	0	28	0	0	0	12	0	0	1	0	0	0	6	0	0	0	10	0	0	0	29	0	0	0	16	24	0	0	0	0	0	9	0	0	0	1	0	0	0	6	0	0	0	12	0	0	0	43	66	0	0	43	64	11	14	0	0	0	6	10	0	0	3	0	0	0	21	0	0	0	2	0	5	0	9	0	44	0	18	96	0	0	91	146	44	12
192	178	46	73	5	164	17	45	0	46	73	5	23	60	0	0	101	166	20	4	150	9	40	0	17	45	0	3	40	0	0	51	120	0	0	46	73	5	18	0	5	0	10	12	5	0	23	60	0	0	101	166	20	4	136	4	40	0	9	40	0	1	40	0	0	23	110	0	0	17	45	0	0	0	0	0	2	10	0	0	3	40	0	0	51	120	0	0	45	73	5	3	0	0	0	8	40	0	0	18	0	5	0	10	12	5	0	23	60	0	0	100	166	20	4	122	4	38	0	4	40	0	1	40	0	0	7	110	0	0	9	40	0	0	0	0	0	2	10	0	0	1	40	0	0	23	110	0	0	16	45	0	3	0	0	0	5	40	0	0	0	0	0	0	2	10	0	0	3	40	0	0	50	120	0	0	44	73	5	6	18	0	0	17	0	0	0	3	0	0	0	8	40	0	0	18	0	5	0	10	12	5	0	22	60	0	0	98	166	20	4
119	111	17	7	35	103	7	0	0	17	7	35	6	0	47	0	41	14	35	95	95	6	0	0	7	0	0	4	0	0	0	16	0	0	0	17	7	35	0	0	9	0	3	0	0	0	6	0	47	0	41	14	35	95	87	6	0	0	6	0	0	4	0	0	0	15	0	0	0	7	0	0	0	0	0	0	3	0	0	0	4	0	0	0	16	0	0	0	17	7	35	0	0	0	0	9	0	0	0	0	0	9	0	3	0	0	0	6	0	47	0	41	14	35	95	79	6	0	0	6	0	0	4	0	0	0	15	0	0	0	6	0	0	0	0	0	0	3	0	0	0	4	0	0	0	15	0	0	0	7	0	0	0	0	0	0	6	0	0	0	0	0	0	0	3	0	0	0	4	0	0	0	16	0	0	0	17	7	35	5	0	0	0	3	0	0	0	0	0	0	0	9	0	0	0	0	0	9	0	3	0	0	0	6	0	47	0	41	14	35	95
105	98	15	0	26	91	4	0	0	15	0	26	4	0	29	0	38	0	0	60	84	4	0	0	4	0	0	4	0	0	0	11	0	0	0	15	0	26	0	0	0	0	1	0	0	0	4	0	29	0	38	0	0	60	77	4	0	0	4	0	0	4	0	0	0	11	0	0	0	4	0	0	0	0	0	0	1	0	0	0	4	0	0	0	11	0	0	0	15	0	26	0	0	0	0	4	0	0	0	0	0	0	0	1	0	0	0	4	0	29	0	38	0	0	60	70	4	0	0	4	0	0	4	0	0	0	11	0	0	0	4	0	0	0	0	0	0	1	0	0	0	4	0	0	0	11	0	0	0	4	0	0	0	0	0	0	4	0	0	0	0	0	0	0	1	0	0	0	4	0	0	0	11	0	0	0	15	0	26	2	0	0	0	2	0	0	0	0	0	0	0	4	0	0	0	0	0	0	0	1	0	0	0	4	0	29	0	38	0	0	60
119	111	22	7	18	103	5	0	0	22	7	18	4	0	29	0	56	14	18	34	95	5	0	0	5	0	0	4	0	0	0	13	0	0	0	22	7	18	0	0	0	0	2	0	0	0	4	0	29	0	56	14	18	34	87	5	0	0	5	0	0	4	0	0	0	13	0	0	0	5	0	0	0	0	0	0	2	0	0	0	4	0	0	0	13	0	0	0	22	7	18	0	0	0	0	7	0	0	0	0	0	0	0	2	0	0	0	4	0	29	0	56	14	18	34	79	5	0	0	5	0	0	4	0	0	0	13	0	0	0	5	0	0	0	0	0	0	2	0	0	0	4	0	0	0	13	0	0	0	5	0	0	0	0	0	0	4	0	0	0	0	0	0	0	2	0	0	0	4	0	0	0	13	0	0	0	22	7	18	4	0	0	0	4	0	0	0	0	0	0	0	7	0	0	0	0	0	0	0	2	0	0	0	4	0	29	0	56	14	18	34
131	122	31	20	11	113	10	0	0	31	20	11	10	0	29	0	76	50	44	16	104	10	0	0	10	0	0	10	0	0	0	26	0	0	0	31	20	11	1	0	0	0	6	0	0	0	10	0	29	0	76	50	44	16	95	10	0	0	10	0	0	10	0	0	0	26	0	0	0	10	0	0	1	0	0	0	5	0	0	0	10	0	0	0	26	0	0	0	31	20	11	3	0	0	0	18	0	0	0	1	0	0	0	6	0	0	0	10	0	29	0	76	50	44	16	86	9	0	0	10	0	0	10	0	0	0	26	0	0	0	10	0	0	1	0	0	0	5	0	0	0	10	0	0	0	26	0	0	0	10	0	0	0	0	0	0	7	0	0	0	1	0	0	0	5	0	0	0	10	0	0	0	26	0	0	0	31	20	11	13	0	0	0	6	5	0	0	3	0	0	0	18	0	0	0	1	0	0	0	6	0	0	0	10	0	29	0	76	50	44	16
100	93	26	10	0	86	6	0	0	26	10	0	6	0	0	0	61	30	0	0	79	6	0	0	6	0	0	6	0	0	0	15	0	0	0	26	10	0	1	0	0	0	8	0	0	0	6	0	0	0	61	30	0	0	72	6	0	0	6	0	0	6	0	0	0	15	0	0	0	6	0	0	1	0	0	0	4	0	0	0	6	0	0	0	15	0	0	0	26	10	0	3	0	0	0	18	0	0	0	1	0	0	0	8	0	0	0	6	0	0	0	61	30	0	0	65	5	0	0	6	0	0	6	0	0	0	15	0	0	0	6	0	0	1	0	0	0	4	0	0	0	6	0	0	0	15	0	0	0	6	0	0	0	0	0	0	3	0	0	0	1	0	0	0	4	0	0	0	6	0	0	0	15	0	0	0	26	10	0	11	0	0	0	6	2	0	0	3	0	0	0	18	0	0	0	1	0	0	0	8	0	0	0	6	0	0	0	61	30	0	0
219	203	54	55	60	187	22	0	53	54	55	60	34	0	72	33	115	154	300	0	171	17	0	28	22	0	53	14	0	71	0	62	0	265	0	54	55	60	15	0	16	62	11	33	0	46	34	0	72	33	115	154	300	0	155	10	0	4	17	0	28	10	0	55	0	47	0	140	0	22	0	53	1	0	16	0	6	0	0	0	14	0	71	0	62	0	265	0	54	55	60	6	0	28	16	32	44	0	32	15	0	16	62	11	33	0	46	34	0	72	33	115	154	300	0	139	7	0	0	10	0	4	6	0	16	0	25	0	20	0	17	0	28	1	0	16	0	6	0	0	0	10	0	55	0	47	0	140	0	22	0	53	1	0	28	0	14	0	0	0	1	0	16	0	6	0	0	0	14	0	71	0	62	0	265	0	54	55	60	14	0	10	0	10	11	0	0	6	0	28	16	32	44	0	32	15	0	16	62	11	33	0	46	34	0	72	33	115	154	300	0
189	175	34	35	50	161	15	13	20	34	35	50	14	0	10	53	75	59	100	64	147	14	13	0	15	13	20	12	0	9	0	41	26	40	0	34	35	50	5	0	0	0	10	13	0	51	14	0	10	53	75	59	100	64	133	11	13	0	14	13	0	12	0	0	0	36	26	0	0	15	13	20	1	0	0	0	6	13	0	0	12	0	9	0	41	26	40	0	34	35	50	4	0	0	0	29	33	0	0	5	0	0	0	10	13	0	51	14	0	10	53	75	59	100	64	119	7	11	0	11	13	0	10	0	0	0	28	26	0	0	14	13	0	1	0	0	0	6	13	0	0	12	0	0	0	36	26	0	0	15	13	20	0	0	0	0	15	0	0	0	1	0	0	0	6	13	0	0	12	0	9	0	41	26	40	0	34	35	50	10	22	18	0	9	11	0	0	4	0	0	0	29	33	0	0	5	0	0	0	10	13	0	51	14	0	10	53	75	59	100	64
111	103	24	7	17	95	9	0	6	24	7	17	8	0	0	24	55	7	17	11	87	9	0	0	9	0	6	8	0	0	0	22	0	6	0	24	7	17	3	0	0	0	9	0	0	11	8	0	0	24	55	7	17	11	79	7	0	0	9	0	0	8	0	0	0	22	0	0	0	9	0	6	1	0	0	0	5	0	0	0	8	0	0	0	22	0	6	0	24	7	17	4	0	0	0	20	14	0	0	3	0	0	0	9	0	0	11	8	0	0	24	55	7	17	11	71	5	0	0	7	0	0	6	0	0	0	17	0	0	0	9	0	0	1	0	0	0	5	0	0	0	8	0	0	0	22	0	0	0	9	0	6	0	0	0	0	7	0	0	0	1	0	0	0	5	0	0	0	8	0	0	0	22	0	6	0	24	7	17	11	0	0	0	4	7	0	0	4	0	0	0	20	14	0	0	3	0	0	0	9	0	0	11	8	0	0	24	55	7	17	11
182	167	42	78	17	152	11	51	6	42	78	17	12	63	0	24	89	188	51	11	137	8	50	0	11	51	6	2	60	0	0	32	132	18	0	42	78	17	13	10	0	0	11	33	0	11	12	63	0	24	89	188	51	11	122	2	47	0	8	50	0	2	60	0	0	22	130	0	0	11	51	6	0	10	0	0	2	30	0	0	2	60	0	0	32	132	18	0	42	78	17	1	21	0	0	21	51	0	0	13	10	0	0	11	33	0	11	12	63	0	24	89	188	51	11	107	1	31	0	2	47	0	0	51	0	0	4	121	0	0	8	50	0	0	10	0	0	2	30	0	0	2	60	0	0	22	130	0	0	11	51	6	0	0	0	0	9	30	0	0	0	10	0	0	2	30	0	0	2	60	0	0	32	132	18	0	42	78	17	2	63	0	0	17	7	17	0	1	21	0	0	21	51	0	0	13	10	0	0	11	33	0	11	12	63	0	24	89	188	51	11
136	126	32	24	7	116	11	0	0	32	24	7	12	0	0	0	60	60	28	11	106	10	0	0	11	0	0	8	0	0	0	29	0	0	0	32	24	7	5	0	0	0	8	6	0	0	12	0	0	0	60	60	28	11	96	7	0	0	10	0	0	8	0	0	0	25	0	0	0	11	0	0	1	0	0	0	5	0	0	0	8	0	0	0	29	0	0	0	32	24	7	4	0	0	0	22	18	0	0	5	0	0	0	8	6	0	0	12	0	0	0	60	60	28	11	86	5	0	0	7	0	0	6	0	0	0	17	0	0	0	10	0	0	1	0	0	0	5	0	0	0	8	0	0	0	25	0	0	0	11	0	0	0	0	0	0	10	0	0	0	1	0	0	0	5	0	0	0	8	0	0	0	29	0	0	0	32	24	7	11	0	0	0	4	6	0	0	4	0	0	0	22	18	0	0	5	0	0	0	8	6	0	0	12	0	0	0	60	60	28	11
197	181	41	53	74	165	19	39	28	41	53	74	24	26	18	38	95	95	74	151	149	14	37	27	19	39	28	8	26	16	36	64	91	28	85	41	53	74	18	24	9	9	13	15	0	0	24	26	18	38	95	95	74	151	133	7	12	16	14	37	27	6	24	16	16	42	86	27	28	19	39	28	1	0	8	0	5	13	0	0	8	26	16	36	64	91	28	85	41	53	74	1	12	7	16	12	52	148	35	18	24	9	9	13	15	0	0	24	26	18	38	95	95	74	151	117	2	0	4	7	12	16	3	0	16	4	18	24	16	4	14	37	27	1	0	8	0	5	13	0	0	6	24	16	16	42	86	27	28	19	39	28	1	0	0	0	12	52	56	0	1	0	8	0	5	13	0	0	8	26	16	36	64	91	28	85	41	53	74	2	0	44	16	16	0	74	16	1	12	7	16	12	52	148	35	18	24	9	9	13	15	0	0	24	26	18	38	95	95	74	151
153	141	30	27	44	129	15	0	18	30	27	44	24	0	18	18	64	18	132	84	117	11	0	18	15	0	18	10	0	16	18	47	0	54	59	30	27	44	9	0	9	0	4	0	0	0	24	0	18	18	64	18	132	84	105	6	0	16	11	0	18	8	0	16	16	30	0	54	28	15	0	18	1	0	8	0	4	0	0	0	10	0	16	18	47	0	54	59	30	27	44	2	0	7	16	13	0	0	0	9	0	9	0	4	0	0	0	24	0	18	18	64	18	132	84	93	2	0	4	6	0	16	3	0	16	4	16	0	48	4	11	0	18	1	0	8	0	4	0	0	0	8	0	16	16	30	0	54	28	15	0	18	1	0	0	0	13	0	0	0	1	0	8	0	4	0	0	0	10	0	16	18	47	0	54	59	30	27	44	2	0	21	16	3	0	0	16	2	0	7	16	13	0	0	0	9	0	9	0	4	0	0	0	24	0	18	18	64	18	132	84
163	150	34	44	37	137	13	8	18	34	44	37	16	32	18	18	73	88	148	67	124	8	0	18	13	8	18	6	0	16	18	39	32	72	53	34	44	37	8	0	31	0	3	0	37	0	16	32	18	18	73	88	148	67	111	3	0	15	8	0	18	2	0	16	15	19	0	72	28	13	8	18	0	0	28	0	1	0	18	0	6	0	16	18	39	32	72	53	34	44	37	2	0	11	21	21	0	0	0	8	0	31	0	3	0	37	0	16	32	18	18	73	88	148	67	98	2	0	4	3	0	15	0	0	16	4	6	0	60	4	8	0	18	0	0	28	0	1	0	18	0	2	0	16	15	19	0	72	28	13	8	18	1	0	10	0	11	0	0	0	0	0	28	0	1	0	18	0	6	0	16	18	39	32	72	53	34	44	37	2	0	0	16	7	0	0	12	2	0	11	21	21	0	0	0	8	0	31	0	3	0	37	0	16	32	18	18	73	88	148	67
165	151	49	69	20	137	16	35	8	49	69	20	16	68	18	8	114	208	80	60	123	14	19	8	16	35	8	10	12	16	8	44	136	32	53	49	69	20	16	24	9	0	15	0	40	0	16	68	18	8	114	208	80	60	109	8	12	8	14	19	8	10	0	16	8	36	70	32	28	16	35	8	3	0	8	0	2	0	16	0	10	12	16	8	44	136	32	53	49	69	20	16	12	0	0	34	36	20	0	16	24	9	0	15	0	40	0	16	68	18	8	114	208	80	60	95	4	10	4	8	12	8	8	0	16	4	18	48	32	4	14	19	8	3	0	8	0	2	0	16	0	10	0	16	8	36	70	32	28	16	35	8	0	10	0	0	9	30	8	0	3	0	8	0	2	0	16	0	10	12	16	8	44	136	32	53	49	69	20	10	20	0	16	16	30	0	0	16	12	0	0	34	36	20	0	16	24	9	0	15	0	40	0	16	68	18	8	114	208	80	60
138	127	32	26	35	116	17	10	0	32	26	35	22	0	0	0	73	30	70	134	105	14	8	0	17	10	0	10	0	0	0	52	30	0	79	32	26	35	16	16	0	0	10	0	0	0	22	0	0	0	73	30	70	134	94	7	0	0	14	8	0	8	0	0	0	39	24	0	28	17	10	0	1	0	0	0	5	0	0	0	10	0	0	0	52	30	0	79	32	26	35	2	0	7	0	11	30	35	0	16	16	0	0	10	0	0	0	22	0	0	0	73	30	70	134	83	2	0	0	7	0	0	3	0	0	0	18	0	0	4	14	8	0	1	0	0	0	5	0	0	0	8	0	0	0	39	24	0	28	17	10	0	1	0	0	0	11	30	0	0	1	0	0	0	5	0	0	0	10	0	0	0	52	30	0	79	32	26	35	2	0	32	0	8	0	0	0	2	0	7	0	11	30	35	0	16	16	0	0	10	0	0	0	22	0	0	0	73	30	70	134
108	99	14	0	49	90	4	0	14	14	0	49	2	0	38	36	46	0	0	136	81	2	0	13	4	0	14	0	0	14	32	10	0	0	44	14	0	49	0	0	14	8	0	0	0	0	2	0	38	36	46	0	0	136	72	2	0	13	2	0	13	0	0	13	32	4	0	0	44	4	0	14	0	0	0	8	0	0	0	0	0	0	14	32	10	0	0	44	14	0	49	1	0	0	0	6	0	0	0	0	0	14	8	0	0	0	0	2	0	38	36	46	0	0	136	63	2	0	13	2	0	13	0	0	13	32	4	0	0	39	2	0	13	0	0	0	8	0	0	0	0	0	0	13	32	4	0	0	44	4	0	14	1	0	0	0	6	0	0	0	0	0	0	8	0	0	0	0	0	0	14	32	10	0	0	44	14	0	49	2	0	0	0	6	0	0	0	1	0	0	0	6	0	0	0	0	0	14	8	0	0	0	0	2	0	38	36	46	0	0	136
130	119	21	18	41	108	5	0	14	21	18	41	2	0	38	36	57	45	82	101	97	4	0	13	5	0	14	0	0	14	32	7	0	28	44	21	18	41	0	0	6	8	2	0	0	0	2	0	38	36	57	45	82	101	86	4	0	13	4	0	13	0	0	13	32	4	0	26	44	5	0	14	0	0	0	8	0	0	0	0	0	0	14	32	7	0	28	44	21	18	41	1	0	0	0	15	0	0	0	0	0	6	8	2	0	0	0	2	0	38	36	57	45	82	101	75	4	0	13	4	0	13	0	0	13	32	4	0	26	39	4	0	13	0	0	0	8	0	0	0	0	0	0	13	32	4	0	26	44	5	0	14	1	0	0	0	3	0	0	0	0	0	0	8	0	0	0	0	0	0	14	32	7	0	28	44	21	18	41	2	0	0	0	11	0	0	0	1	0	0	0	15	0	0	0	0	0	6	8	2	0	0	0	2	0	38	36	57	45	82	101
110	100	29	27	19	90	10	9	5	29	27	19	10	0	25	0	79	60	57	57	80	9	9	5	10	9	5	8	0	5	0	23	0	15	26	29	27	19	3	0	6	0	5	0	0	0	10	0	25	0	79	60	57	57	70	9	9	5	9	9	5	8	0	5	0	20	0	15	26	10	9	5	3	0	0	0	1	0	0	0	8	0	5	0	23	0	15	26	29	27	19	16	0	0	0	29	0	0	0	3	0	6	0	5	0	0	0	10	0	25	0	79	60	57	57	60	6	9	5	9	9	5	8	0	5	0	20	0	15	23	9	9	5	3	0	0	0	1	0	0	0	8	0	5	0	20	0	15	26	10	9	5	1	0	0	0	4	0	0	0	3	0	0	0	1	0	0	0	8	0	5	0	23	0	15	26	29	27	19	12	0	0	0	14	18	0	0	16	0	0	0	29	0	0	0	3	0	6	0	5	0	0	0	10	0	25	0	79	60	57	57
84	77	11	0	43	70	6	0	0	11	0	43	4	0	20	0	35	0	0	210	63	2	0	0	6	0	0	2	0	0	0	17	0	0	72	11	0	43	0	0	38	0	1	0	0	0	4	0	20	0	35	0	0	210	56	1	0	0	2	0	0	0	0	0	0	6	0	0	71	6	0	0	0	0	0	0	1	0	0	0	2	0	0	0	17	0	0	72	11	0	43	1	0	12	0	10	0	0	0	0	0	38	0	1	0	0	0	4	0	20	0	35	0	0	210	49	1	0	0	1	0	0	0	0	0	0	4	0	0	55	2	0	0	0	0	0	0	1	0	0	0	0	0	0	0	6	0	0	71	6	0	0	1	0	0	0	10	0	0	0	0	0	0	0	1	0	0	0	2	0	0	0	17	0	0	72	11	0	43	2	0	0	0	3	0	0	0	1	0	12	0	10	0	0	0	0	0	38	0	1	0	0	0	4	0	20	0	35	0	0	210
62	56	25	11	0	50	12	5	0	25	11	0	11	0	0	0	60	16	0	0	44	12	5	0	12	5	0	11	0	0	0	26	0	0	0	25	11	0	3	0	0	0	4	0	0	0	11	0	0	0	60	16	0	0	38	12	5	0	12	5	0	11	0	0	0	26	0	0	0	12	5	0	3	0	0	0	2	0	0	0	11	0	0	0	26	0	0	0	25	11	0	15	0	0	0	19	0	0	0	3	0	0	0	4	0	0	0	11	0	0	0	60	16	0	0	32	9	5	0	12	5	0	11	0	0	0	26	0	0	0	12	5	0	3	0	0	0	2	0	0	0	11	0	0	0	26	0	0	0	12	5	0	0	0	0	0	1	0	0	0	3	0	0	0	2	0	0	0	11	0	0	0	26	0	0	0	25	11	0	12	0	0	0	11	6	0	0	15	0	0	0	19	0	0	0	3	0	0	0	4	0	0	0	11	0	0	0	60	16	0	0
172	156	55	48	81	140	32	0	53	55	48	81	35	0	22	97	155	120	324	60	124	30	0	34	32	0	53	27	0	18	33	97	0	212	19	55	48	81	37	0	0	47	20	24	0	57	35	0	22	97	155	120	324	60	108	20	0	32	30	0	34	19	0	11	31	90	0	136	18	32	0	53	8	0	0	42	4	0	0	26	27	0	18	33	97	0	212	19	54	48	81	22	0	0	18	33	120	0	0	37	0	0	47	20	24	0	57	35	0	22	97	154	120	324	60	92	15	0	32	20	0	32	17	0	10	31	54	0	128	18	30	0	34	8	0	0	42	4	0	0	26	19	0	11	31	90	0	136	18	31	0	53	5	0	0	18	5	0	0	0	8	0	0	42	4	0	0	26	27	0	18	33	96	0	212	19	52	48	81	18	0	10	0	29	12	0	0	22	0	0	18	33	120	0	0	37	0	0	47	20	24	0	57	33	0	22	97	149	120	324	60
103	93	36	17	26	83	21	9	9	36	17	26	19	0	0	0	95	8	26	60	73	21	9	9	21	9	9	19	0	0	0	59	0	9	19	36	17	26	10	0	0	0	9	0	0	0	19	0	0	0	95	8	26	60	63	19	9	9	21	9	9	19	0	0	0	59	0	9	18	21	9	9	8	0	0	0	4	0	0	0	19	0	0	0	59	0	9	19	35	17	26	21	0	0	0	34	16	0	0	10	0	0	0	9	0	0	0	19	0	0	0	94	8	26	60	53	15	9	9	19	9	9	17	0	0	0	50	0	9	18	21	9	9	8	0	0	0	4	0	0	0	19	0	0	0	59	0	9	18	20	9	9	5	0	0	0	2	0	0	0	8	0	0	0	4	0	0	0	19	0	0	0	58	0	9	19	33	17	26	18	0	0	0	13	8	0	0	21	0	0	0	34	16	0	0	10	0	0	0	9	0	0	0	17	0	0	0	89	8	26	60
107	96	51	37	21	85	23	18	21	51	37	21	22	9	12	0	138	122	63	0	74	22	18	20	23	18	21	18	9	12	0	68	81	63	0	51	37	21	21	0	0	11	16	9	0	0	22	9	12	0	138	122	63	0	63	16	18	19	22	18	20	18	9	11	0	65	81	60	0	23	18	21	8	0	0	10	3	9	0	0	18	9	12	0	68	81	63	0	50	37	21	21	0	0	10	33	36	0	0	21	0	0	11	16	9	0	0	22	9	12	0	137	122	63	0	52	12	15	19	16	18	19	16	9	10	0	41	81	57	0	22	18	20	8	0	0	10	3	9	0	0	18	9	11	0	65	81	60	0	22	18	21	5	0	0	10	4	0	0	0	8	0	0	10	3	9	0	0	18	9	12	0	67	81	63	0	42	37	21	15	18	0	0	22	6	0	0	21	0	0	10	33	36	0	0	21	0	0	11	16	9	0	0	20	9	12	0	114	122	63	0
165	147	81	118	18	129	39	75	6	81	118	18	36	102	10	24	216	315	90	19	111	36	72	0	39	75	6	24	96	6	0	116	192	30	5	81	118	18	54	36	0	0	32	29	0	20	36	102	10	24	216	315	90	19	93	22	57	0	36	72	0	16	96	0	0	106	192	0	5	39	75	6	5	36	0	0	3	12	0	8	24	96	6	0	116	192	30	5	74	118	18	31	105	0	0	34	103	0	0	54	36	0	0	32	29	0	20	36	102	10	24	198	315	90	19	75	15	26	0	22	57	0	10	66	0	0	57	142	0	5	36	72	0	5	36	0	0	3	12	0	8	16	96	0	0	106	192	0	5	32	75	6	8	0	0	0	5	12	0	0	5	36	0	0	3	12	0	8	24	96	6	0	98	192	30	5	69	118	18	11	70	10	0	32	67	54	0	31	105	0	0	34	103	0	0	54	36	0	0	32	29	0	20	29	102	10	24	185	315	90	19
96	85	45	41	2	74	19	28	0	45	41	2	20	21	0	0	122	91	4	0	63	18	28	0	19	28	0	16	21	0	0	57	70	0	0	45	41	2	12	0	0	0	11	7	0	0	20	21	0	0	122	91	4	0	52	15	28	0	18	28	0	16	21	0	0	54	70	0	0	19	28	0	8	0	0	0	3	7	0	0	16	21	0	0	57	70	0	0	44	41	2	21	0	0	0	34	15	0	0	12	0	0	0	11	7	0	0	20	21	0	0	121	91	4	0	41	11	26	0	15	28	0	14	21	0	0	40	70	0	0	18	28	0	8	0	0	0	3	7	0	0	16	21	0	0	54	70	0	0	18	28	0	5	0	0	0	3	0	0	0	8	0	0	0	3	7	0	0	16	21	0	0	56	70	0	0	35	41	2	16	10	0	0	17	5	0	0	21	0	0	0	34	15	0	0	12	0	0	0	11	7	0	0	18	21	0	0	95	91	4	0
135	121	68	35	67	107	41	13	35	68	35	67	50	0	33	24	194	131	134	122	93	36	11	34	41	13	35	32	0	33	24	125	65	70	80	68	35	67	55	22	0	12	26	33	0	0	50	0	33	24	194	131	134	122	79	20	0	21	36	11	34	24	0	32	22	108	55	68	54	41	13	35	8	0	0	0	4	0	0	0	32	0	33	24	125	65	70	80	62	35	67	29	0	21	11	8	13	67	74	55	22	0	12	26	33	0	0	50	0	33	24	181	131	134	122	65	11	0	19	20	0	21	12	0	20	20	54	0	42	51	36	11	34	8	0	0	0	4	0	0	0	24	0	32	22	108	55	68	54	35	13	35	8	0	0	10	6	13	35	28	8	0	0	0	4	0	0	0	32	0	33	24	112	65	70	80	58	35	67	6	0	25	19	32	52	0	0	29	0	21	11	8	13	67	74	55	22	0	12	26	33	0	0	43	0	33	24	171	131	134	122
133	117	75	92	17	101	37	61	10	75	92	17	51	14	20	0	205	231	85	18	85	30	46	10	37	61	10	27	14	20	0	118	152	50	6	74	92	17	42	90	0	0	25	30	0	0	51	14	20	0	204	231	85	18	70	16	25	10	30	46	10	19	14	20	0	95	102	50	0	37	61	10	8	0	0	0	2	0	0	0	27	14	20	0	118	152	50	6	63	77	17	27	33	21	0	12	11	51	0	42	90	0	0	25	30	0	0	51	14	20	0	175	216	85	18	56	8	22	9	16	25	10	7	11	20	0	46	36	50	0	30	46	10	8	0	0	0	2	0	0	0	19	14	20	0	95	102	50	0	28	47	10	5	33	0	0	7	11	30	0	8	0	0	0	2	0	0	0	27	14	20	0	92	138	50	6	60	63	17	9	33	14	9	38	55	0	0	27	33	21	0	12	11	51	0	42	90	0	0	25	30	0	0	45	0	20	0	167	188	85	18
158	141	78	75	70	124	43	42	43	78	75	70	56	0	43	20	225	239	210	120	107	35	33	36	43	42	43	29	0	43	12	136	140	129	80	78	75	70	48	99	10	52	29	55	0	0	56	0	43	20	225	239	210	120	90	20	0	7	35	33	36	21	0	42	0	111	110	108	54	43	42	43	8	0	10	0	3	0	0	0	29	0	43	12	136	140	129	80	68	75	70	30	0	33	21	12	14	210	129	48	99	10	52	29	55	0	0	56	0	43	20	198	239	210	120	73	11	0	0	20	0	7	9	0	21	0	58	0	21	51	35	33	36	8	0	10	0	3	0	0	0	21	0	42	0	111	110	108	54	33	42	43	8	0	10	0	7	14	129	36	8	0	10	0	3	0	0	0	29	0	43	12	109	140	129	80	64	75	70	12	0	20	0	38	70	0	17	30	0	33	21	12	14	210	129	48	99	10	52	29	55	0	0	49	0	43	20	188	239	210	120
135	118	75	98	38	101	35	82	0	75	98	38	39	86	0	0	203	307	38	148	84	31	75	0	35	82	0	25	80	0	0	104	269	0	89	74	98	38	50	75	0	0	29	21	0	0	39	86	0	0	202	307	38	148	68	16	51	0	31	75	0	17	72	0	0	89	244	0	63	35	82	0	3	52	0	0	3	10	0	0	25	80	0	0	104	269	0	89	64	82	38	23	61	21	0	10	10	76	0	50	75	0	0	29	21	0	0	39	86	0	0	182	291	38	148	54	8	39	0	16	51	0	7	49	0	0	39	148	0	60	31	75	0	3	48	0	0	3	10	0	0	17	72	0	0	89	244	0	63	30	68	0	3	50	0	0	6	10	0	0	3	52	0	0	3	10	0	0	25	80	0	0	92	255	0	89	56	54	38	3	29	25	0	32	40	38	0	23	61	21	0	10	10	76	0	50	75	0	0	29	21	0	0	34	58	0	0	159	221	38	148
140	124	82	92	19	108	41	52	0	82	92	19	42	128	0	0	226	280	76	99	92	36	24	0	41	52	0	26	48	0	0	126	162	0	59	79	92	19	41	96	0	0	24	30	38	0	42	128	0	0	219	280	76	99	76	23	0	0	36	24	0	26	0	0	0	110	72	0	34	38	52	0	8	0	0	0	2	0	0	0	26	48	0	0	119	162	0	59	67	92	19	34	0	21	0	14	12	76	0	41	96	0	0	24	30	38	0	36	128	0	0	185	280	76	99	60	13	0	0	23	0	0	14	0	0	0	63	0	0	32	33	24	0	8	0	0	0	2	0	0	0	26	0	0	0	103	72	0	34	26	52	0	8	0	0	0	7	10	0	0	8	0	0	0	2	0	0	0	20	48	0	0	85	162	0	59	63	92	19	18	0	14	0	47	84	0	0	34	0	21	0	14	12	76	0	41	96	0	0	24	30	38	0	29	128	0	0	175	280	76	99
149	132	53	44	107	115	32	14	59	53	44	107	34	28	23	56	146	108	214	211	98	15	0	59	32	14	59	12	0	10	56	98	70	118	88	53	44	107	10	0	104	0	5	0	107	0	34	28	23	56	146	108	214	211	81	13	0	58	15	0	59	10	0	10	54	41	0	118	80	32	14	59	5	0	0	0	1	0	59	0	12	0	10	56	98	70	118	88	44	44	107	28	0	9	12	8	16	0	0	10	0	104	0	5	0	107	0	34	28	23	56	124	108	214	211	64	8	0	40	13	0	58	5	0	10	27	34	0	116	38	15	0	59	3	0	0	0	1	0	59	0	10	0	10	54	41	0	118	80	23	14	59	8	0	0	0	6	14	0	0	5	0	0	0	1	0	59	0	12	0	10	56	76	70	118	88	40	44	107	11	0	9	55	35	64	0	74	28	0	9	12	8	16	0	0	10	0	104	0	5	0	107	0	27	28	23	56	114	108	214	211
79	70	32	14	24	61	17	0	10	32	14	24	25	0	12	20	81	14	48	36	52	5	0	10	17	0	10	1	0	0	20	50	0	20	10	32	14	24	0	0	42	0	0	0	0	0	25	0	12	20	81	14	48	36	43	5	0	10	5	0	10	1	0	0	20	12	0	20	10	17	0	10	0	0	0	0	0	0	0	0	1	0	0	20	50	0	20	10	28	14	24	3	0	0	0	4	0	0	0	0	0	42	0	0	0	0	0	25	0	12	20	71	14	48	36	34	5	0	10	5	0	10	1	0	0	20	12	0	20	10	5	0	10	0	0	0	0	0	0	0	0	1	0	0	20	12	0	20	10	13	0	10	3	0	0	0	4	0	0	0	0	0	0	0	0	0	0	0	1	0	0	20	40	0	20	10	27	14	24	9	0	0	0	25	0	0	0	3	0	0	0	4	0	0	0	0	0	42	0	0	0	0	0	24	0	12	20	69	14	48	36
127	112	54	62	45	97	26	18	10	53	62	45	26	72	23	10	144	164	180	173	82	12	0	10	25	18	10	10	0	10	10	81	45	40	88	50	62	45	2	0	86	0	4	0	90	0	23	72	23	10	136	164	180	173	67	12	0	10	11	0	10	10	0	10	10	33	0	40	80	22	18	10	2	0	0	0	0	0	20	0	7	0	10	10	73	45	40	88	43	62	45	4	0	0	0	11	0	0	0	0	0	86	0	4	0	90	0	17	72	23	10	113	164	180	173	52	11	0	7	11	0	10	10	0	10	7	33	0	40	38	8	0	10	2	0	0	0	0	0	20	0	7	0	10	10	25	0	40	80	15	18	10	3	0	0	0	6	0	0	0	0	0	0	0	0	0	20	0	1	0	10	10	50	45	40	88	42	62	45	17	0	0	21	49	13	0	0	4	0	0	0	11	0	0	0	0	0	86	0	4	0	90	0	16	72	23	10	111	164	180	173
70	62	27	12	17	54	13	0	10	27	12	17	17	0	11	10	64	12	34	17	46	5	0	10	13	0	10	1	0	10	10	38	0	20	10	27	12	17	0	0	18	0	0	0	0	0	17	0	11	10	64	12	34	17	38	5	0	10	5	0	10	1	0	10	10	12	0	20	10	13	0	10	0	0	0	0	0	0	0	0	1	0	10	10	38	0	20	10	23	12	17	3	0	0	0	3	0	0	0	0	0	18	0	0	0	0	0	17	0	11	10	54	12	34	17	30	5	0	7	5	0	10	1	0	10	7	12	0	20	10	5	0	10	0	0	0	0	0	0	0	0	1	0	10	10	12	0	20	10	9	0	10	3	0	0	0	3	0	0	0	0	0	0	0	0	0	0	0	1	0	10	10	28	0	20	10	22	12	17	9	0	0	21	18	0	0	0	3	0	0	0	3	0	0	0	0	0	18	0	0	0	0	0	16	0	11	10	52	12	34	17
110	95	60	77	23	80	27	50	0	59	77	23	32	42	12	0	155	210	69	106	65	14	36	0	26	50	0	14	0	0	0	80	150	0	53	47	77	23	7	0	75	0	4	0	46	0	29	42	12	0	126	210	69	106	53	13	36	0	13	36	0	14	0	0	0	38	108	0	46	23	50	0	2	0	0	0	0	0	0	0	11	0	0	0	72	150	0	53	39	41	23	24	0	0	0	8	10	0	0	5	0	75	0	4	0	46	0	23	42	12	0	101	102	69	106	41	8	30	0	12	36	0	10	0	0	0	35	108	0	17	10	36	0	2	0	0	0	0	0	0	0	11	0	0	0	30	108	0	46	15	14	0	3	0	0	0	4	7	0	0	0	0	0	0	0	0	0	0	5	0	0	0	47	42	0	53	37	41	23	11	60	0	0	34	50	0	0	24	0	0	0	8	10	0	0	5	0	75	0	4	0	46	0	18	42	12	0	96	102	69	106
102	89	43	22	67	76	18	0	17	40	22	67	17	0	86	57	116	33	134	216	63	18	0	10	15	0	17	17	0	24	30	48	0	34	89	33	22	67	2	0	0	10	0	0	0	19	12	0	86	57	97	33	134	216	50	18	0	10	15	0	10	17	0	0	30	48	0	20	89	8	0	17	2	0	0	10	0	0	0	0	12	0	24	30	29	0	34	89	25	22	67	5	0	0	0	7	0	0	0	0	0	0	10	0	0	0	19	0	0	86	57	68	33	134	216	37	15	0	10	15	0	10	17	0	0	30	48	0	20	88	8	0	10	2	0	0	10	0	0	0	0	12	0	0	30	29	0	20	89	0	0	17	0	0	0	0	0	0	0	0	0	0	0	10	0	0	0	0	0	0	24	30	0	0	34	89	25	22	67	20	0	0	0	36	33	0	0	5	0	0	0	7	0	0	0	0	0	0	10	0	0	0	19	0	0	86	57	68	33	134	216
75	65	51	25	19	55	20	0	6	48	25	19	21	0	58	24	132	75	95	45	45	20	0	0	17	0	6	21	0	24	0	53	0	30	10	41	25	19	7	0	0	0	9	0	0	19	16	0	58	24	113	75	95	45	35	19	0	0	17	0	0	21	0	0	0	53	0	0	10	10	0	6	2	0	0	0	0	0	0	0	16	0	24	0	34	0	30	10	32	25	19	25	0	0	0	9	5	0	0	5	0	0	0	9	0	0	19	4	0	58	24	82	75	95	45	25	12	0	0	16	0	0	17	0	0	0	50	0	0	10	10	0	0	2	0	0	0	0	0	0	0	16	0	0	0	34	0	0	10	1	0	6	0	0	0	0	0	0	0	0	0	0	0	0	0	0	0	0	4	0	24	0	3	0	30	10	31	25	19	14	0	0	0	26	35	0	0	25	0	0	0	9	5	0	0	5	0	0	0	9	0	0	19	0	0	58	24	79	75	95	45
56	49	20	0	43	42	9	0	0	19	0	43	9	0	46	0	55	0	0	216	35	9	0	0	8	0	0	9	0	0	0	25	0	0	89	16	0	43	2	0	0	0	0	0	0	0	6	0	46	0	47	0	0	216	28	9	0	0	8	0	0	9	0	0	0	25	0	0	89	5	0	0	2	0	0	0	0	0	0	0	6	0	0	0	17	0	0	89	11	0	43	0	0	0	0	3	0	0	0	0	0	0	0	0	0	0	0	0	0	46	0	30	0	0	216	21	9	0	0	8	0	0	9	0	0	0	25	0	0	88	5	0	0	2	0	0	0	0	0	0	0	6	0	0	0	17	0	0	89	0	0	0	0	0	0	0	0	0	0	0	0	0	0	0	0	0	0	0	0	0	0	0	0	0	0	89	11	0	43	14	0	0	0	20	0	0	0	0	0	0	0	3	0	0	0	0	0	0	0	0	0	0	0	0	0	46	0	30	0	0	216
89	73	59	95	16	58	17	62	0	49	80	16	12	96	32	0	131	242	64	68	46	17	60	0	15	50	0	12	90	0	0	46	160	0	10	37	44	16	5	20	0	0	5	0	0	0	10	60	32	0	100	146	64	68	36	16	60	0	15	50	0	12	90	0	0	46	160	0	10	11	20	0	0	20	0	0	0	0	0	0	10	60	0	0	35	80	0	10	27	24	16	25	0	0	0	7	6	0	0	5	0	0	0	5	0	0	0	4	0	32	0	68	66	64	68	26	9	52	0	14	50	0	8	90	0	0	43	160	0	10	11	20	0	0	20	0	0	0	0	0	0	10	60	0	0	35	80	0	10	1	0	0	0	0	0	0	0	0	0	0	0	0	0	0	0	0	0	0	4	0	0	0	3	0	0	10	26	24	16	12	48	0	0	23	42	0	0	25	0	0	0	7	6	0	0	5	0	0	0	5	0	0	0	0	0	32	0	65	66	64	68
56	46	37	35	0	38	12	21	0	32	19	0	15	14	0	0	87	58	0	0	31	12	21	0	11	7	0	15	14	0	0	35	28	0	0	26	12	0	2	0	0	0	5	0	0	0	12	0	0	0	72	30	0	0	24	12	21	0	11	7	0	15	14	0	0	35	28	0	0	5	0	0	2	0	0	0	0	0	0	0	12	0	0	0	20	0	0	0	21	12	0	5	0	0	0	7	0	0	0	0	0	0	0	5	0	0	0	0	0	0	0	52	30	0	0	17	9	21	0	11	7	0	15	14	0	0	35	28	0	0	5	0	0	2	0	0	0	0	0	0	0	12	0	0	0	20	0	0	0	0	0	0	0	0	0	0	0	0	0	0	0	0	0	0	0	0	0	0	0	0	0	0	0	0	0	0	21	12	0	14	0	0	0	21	9	0	0	5	0	0	0	7	0	0	0	0	0	0	0	5	0	0	0	0	0	0	0	52	30	0	0
115	98	54	52	93	81	28	0	79	52	52	93	43	0	34	56	121	156	372	19	64	22	0	57	26	0	79	21	0	34	12	67	0	316	6	47	52	93	14	0	22	96	7	52	0	45	41	0	34	56	109	156	372	19	47	16	0	19	20	0	57	16	0	33	0	51	0	228	0	21	0	79	1	0	22	0	0	0	0	10	19	0	34	12	55	0	316	6	36	52	93	27	0	31	47	5	26	0	144	14	0	22	96	7	52	0	45	34	0	34	56	80	156	372	19	30	6	0	10	14	0	19	8	0	14	0	37	0	76	0	15	0	57	0	0	21	0	0	0	0	10	14	0	33	0	39	0	228	0	10	0	79	0	0	31	10	0	0	0	53	1	0	22	0	0	0	0	10	12	0	34	12	26	0	316	6	28	52	93	6	0	21	20	4	13	0	18	27	0	31	47	5	26	0	144	14	0	22	96	7	52	0	45	24	0	34	56	59	156	372	19
107	91	49	29	97	75	27	15	63	46	29	97	25	0	24	77	120	89	97	102	59	26	15	35	24	15	63	23	0	24	12	63	75	63	23	33	29	97	8	0	12	87	10	0	0	68	20	0	24	77	86	89	97	102	44	23	14	7	23	15	35	23	0	24	0	63	75	35	10	16	15	63	2	0	12	0	0	0	0	10	18	0	24	12	43	75	63	23	20	14	97	25	14	11	35	6	14	0	106	6	0	12	87	10	0	0	68	7	0	24	77	48	14	97	102	29	10	0	0	20	14	7	17	0	14	0	56	70	7	10	15	15	35	2	0	12	0	0	0	0	10	18	0	24	0	43	75	35	10	3	0	63	0	0	11	0	0	0	0	53	0	0	12	0	0	0	0	10	5	0	24	12	5	0	63	23	18	14	97	6	0	53	0	4	14	97	18	25	14	11	35	6	14	0	106	6	0	12	87	10	0	0	68	2	0	24	77	43	14	97	102
144	120	71	169	109	96	29	95	91	70	169	109	46	76	34	69	156	487	545	35	72	23	90	55	28	95	91	24	76	34	12	74	266	455	6	52	169	109	11	70	22	118	7	56	0	130	43	76	34	69	116	487	545	35	52	18	56	7	22	90	55	19	56	33	0	58	251	275	0	21	95	91	3	0	22	0	0	0	0	59	21	76	34	12	58	266	455	6	37	89	109	7	280	31	35	5	28	109	211	9	70	22	118	7	56	0	130	30	76	34	69	76	267	545	35	33	7	0	0	17	56	7	15	0	14	0	47	154	35	0	15	90	55	2	0	21	0	0	0	0	59	16	56	33	0	42	251	275	0	9	19	91	0	0	31	0	0	0	91	88	1	0	22	0	0	0	0	59	8	76	34	12	23	57	455	6	30	70	109	6	0	63	0	4	14	436	18	7	280	31	35	5	28	109	211	9	70	22	118	7	56	0	130	24	0	34	69	58	210	545	35
87	71	47	79	37	55	17	55	10	37	79	37	16	66	0	20	95	195	74	102	42	17	55	6	14	55	10	16	66	0	12	42	154	20	23	25	40	37	8	0	0	24	9	0	0	0	11	66	0	20	65	104	74	102	31	15	51	0	14	55	6	16	66	0	0	42	154	12	10	9	22	10	2	0	0	0	0	0	0	0	11	66	0	12	29	77	20	23	17	18	37	22	36	0	0	6	9	0	19	6	0	0	24	9	0	0	0	4	0	0	20	39	27	74	102	20	7	27	0	12	51	0	11	54	0	0	37	140	0	10	9	22	6	2	0	0	0	0	0	0	0	11	66	0	0	29	77	12	10	1	0	10	0	0	0	0	0	0	0	0	0	0	0	0	0	0	0	0	4	0	0	12	3	0	20	23	16	18	37	0	54	12	0	4	9	74	0	22	36	0	0	6	9	0	19	6	0	0	24	9	0	0	0	0	0	0	20	36	27	74	102
67	57	42	21	14	47	23	0	0	39	21	14	26	0	0	0	98	49	42	35	37	22	0	0	20	0	0	22	0	0	0	59	0	0	6	31	21	14	8	0	0	0	8	7	0	0	21	0	0	0	78	49	42	35	27	20	0	0	19	0	0	22	0	0	0	56	0	0	0	12	0	0	2	0	0	0	0	0	0	0	17	0	0	0	39	0	0	6	21	21	14	26	0	0	0	6	7	0	0	6	0	0	0	8	7	0	0	8	0	0	0	45	49	42	35	17	10	0	0	17	0	0	17	0	0	0	51	0	0	0	11	0	0	2	0	0	0	0	0	0	0	17	0	0	0	36	0	0	0	2	0	0	0	0	0	0	0	0	0	0	0	0	0	0	0	0	0	0	4	0	0	0	6	0	0	6	19	21	14	6	0	12	0	4	7	0	0	26	0	0	0	6	7	0	0	6	0	0	0	8	7	0	0	4	0	0	0	39	49	42	35
90	74	41	59	77	58	14	11	38	41	59	77	27	44	57	56	89	122	308	216	42	8	0	38	14	11	38	10	0	52	56	33	33	152	170	40	59	77	7	0	38	0	0	0	77	0	27	44	57	56	88	122	308	216	26	1	0	37	8	0	38	1	0	52	54	17	0	152	112	13	11	38	0	0	20	0	0	0	38	0	10	0	52	56	32	33	152	170	30	59	77	1	0	68	9	0	0	0	0	7	0	38	0	0	0	77	0	26	44	57	56	67	122	308	216	11	0	0	18	1	0	37	0	0	51	21	1	0	148	26	7	0	38	0	0	20	0	0	0	38	0	1	0	52	54	16	0	152	112	6	11	38	0	0	10	0	0	0	0	0	0	0	20	0	0	0	38	0	9	0	52	56	16	33	152	170	17	44	77	0	0	0	63	0	0	0	38	1	0	68	9	0	0	0	0	7	0	38	0	0	0	77	0	17	44	57	56	29	77	308	216
64	53	32	18	58	42	17	0	12	32	18	58	33	0	15	36	66	9	116	253	31	12	0	12	17	0	12	14	0	12	36	44	0	24	180	28	18	58	6	0	14	0	0	0	0	0	33	0	15	36	58	9	116	253	20	4	0	12	12	0	12	7	0	12	36	30	0	24	118	13	0	12	0	0	0	0	0	0	0	0	14	0	12	36	36	0	24	180	20	18	58	1	0	74	0	0	0	0	0	6	0	14	0	0	0	0	0	26	0	15	36	36	9	116	253	9	0	0	7	4	0	12	0	0	12	21	8	0	24	26	8	0	12	0	0	0	0	0	0	0	0	7	0	12	36	22	0	24	118	5	0	12	0	0	0	0	0	0	0	0	0	0	0	0	0	0	0	0	7	0	12	36	14	0	24	180	14	18	58	0	0	27	35	0	0	0	0	1	0	74	0	0	0	0	0	6	0	14	0	0	0	0	0	19	0	15	36	19	9	116	253
64	52	33	30	57	40	16	20	0	32	30	57	32	10	0	0	69	31	57	350	29	11	19	0	16	20	0	13	10	0	0	46	30	0	243	27	19	57	5	9	14	0	0	0	0	0	32	10	0	0	59	20	57	350	19	3	9	0	11	19	0	6	9	0	0	32	28	0	153	13	10	0	0	0	0	0	0	0	0	0	13	10	0	0	39	20	0	243	19	9	57	0	9	88	0	0	0	57	0	5	9	14	0	0	0	0	0	26	0	0	0	34	0	57	350	9	0	0	0	3	9	0	0	0	0	0	7	9	0	33	8	9	0	0	0	0	0	0	0	0	0	6	9	0	0	25	18	0	153	5	0	0	0	0	0	0	0	0	0	0	0	0	0	0	0	0	0	0	7	0	0	0	14	0	0	243	14	9	57	0	0	27	0	0	0	57	0	0	9	88	0	0	0	57	0	5	9	14	0	0	0	0	0	19	0	0	0	20	0	57	350
76	61	38	77	27	46	8	29	0	38	77	27	9	123	0	0	76	176	135	202	31	6	6	0	8	29	0	5	18	0	0	20	70	0	170	35	77	27	1	30	14	0	0	0	81	0	9	123	0	0	72	176	135	202	17	1	0	0	6	6	0	1	0	0	0	14	12	0	112	7	29	0	0	0	0	0	0	0	0	0	5	18	0	0	19	70	0	170	22	63	27	1	0	56	0	0	0	27	0	1	30	14	0	0	0	81	0	8	123	0	0	45	148	135	202	6	0	0	0	1	0	0	0	0	0	0	1	0	0	26	5	6	0	0	0	0	0	0	0	0	0	1	0	0	0	13	12	0	112	2	18	0	0	0	0	0	0	0	0	0	0	0	0	0	0	0	0	0	4	18	0	0	6	48	0	170	10	30	27	0	0	0	0	0	0	0	0	1	0	56	0	0	0	27	0	1	30	14	0	0	0	81	0	4	90	0	0	10	60	135	202
45	37	26	15	14	29	12	0	0	26	15	14	27	0	0	0	55	10	42	109	21	7	0	0	12	0	0	8	0	0	0	30	0	0	91	25	15	14	6	0	14	0	0	0	0	0	27	0	0	0	54	10	42	109	13	1	0	0	7	0	0	1	0	0	0	16	0	0	55	11	0	0	0	0	0	0	0	0	0	0	8	0	0	0	29	0	0	91	19	15	14	1	0	56	0	0	0	0	0	6	0	14	0	0	0	0	0	26	0	0	0	39	10	42	109	5	0	0	0	1	0	0	0	0	0	0	1	0	0	7	6	0	0	0	0	0	0	0	0	0	0	1	0	0	0	15	0	0	55	5	0	0	0	0	0	0	0	0	0	0	0	0	0	0	0	0	0	0	7	0	0	0	14	0	0	91	12	15	14	0	0	0	0	0	0	0	0	1	0	56	0	0	0	0	0	6	0	14	0	0	0	0	0	19	0	0	0	18	10	42	109
60	48	9	0	88	36	3	0	45	9	0	88	4	0	29	37	23	0	0	233	24	1	0	42	3	0	45	1	0	0	31	5	0	0	50	8	0	88	0	0	15	36	0	0	0	0	4	0	29	37	22	0	0	233	12	0	0	42	1	0	42	0	0	0	31	1	0	0	50	2	0	45	0	0	0	36	0	0	0	0	1	0	0	31	4	0	0	50	6	0	88	0	0	9	0	0	0	0	0	0	0	15	36	0	0	0	0	3	0	29	37	18	0	0	233	0	0	0	42	0	0	42	0	0	0	31	0	0	0	49	0	0	42	0	0	0	36	0	0	0	0	0	0	0	31	0	0	0	50	0	0	45	0	0	0	0	0	0	0	0	0	0	0	36	0	0	0	0	0	0	0	31	0	0	0	50	0	0	88	0	0	0	0	0	0	0	0	0	0	9	0	0	0	0	0	0	0	15	36	0	0	0	0	0	0	29	37	0	0	0	233
49	39	17	9	39	29	1	0	7	17	9	39	3	0	29	7	44	27	39	176	19	0	0	7	1	0	7	0	0	0	7	2	0	7	50	17	9	39	0	0	6	0	0	0	0	0	3	0	29	7	44	27	39	176	9	0	0	7	0	0	7	0	0	0	7	0	0	7	50	1	0	7	0	0	0	0	0	0	0	0	0	0	0	7	2	0	7	50	13	9	39	0	0	0	0	0	0	0	0	0	0	6	0	0	0	0	0	3	0	29	7	37	27	39	176	0	0	0	7	0	0	7	0	0	0	7	0	0	7	49	0	0	7	0	0	0	0	0	0	0	0	0	0	0	7	0	0	7	50	0	0	7	0	0	0	0	0	0	0	0	0	0	0	0	0	0	0	0	0	0	0	7	0	0	7	50	0	0	39	0	0	0	0	0	0	0	0	0	0	0	0	0	0	0	0	0	0	6	0	0	0	0	0	0	0	29	7	0	0	39	176
60	47	28	40	48	34	2	0	28	28	40	48	5	0	55	28	63	120	240	104	21	0	0	26	2	0	28	0	0	24	26	3	0	140	38	28	40	48	0	0	19	20	0	0	0	0	5	0	55	28	63	120	240	104	8	0	0	26	0	0	26	0	0	20	26	0	0	130	38	2	0	28	0	0	12	20	0	0	0	0	0	0	24	26	3	0	140	38	11	40	48	0	0	0	0	0	0	0	0	0	0	19	20	0	0	0	0	5	0	55	28	30	120	240	104	0	0	0	25	0	0	26	0	0	20	25	0	0	130	37	0	0	26	0	0	10	18	0	0	0	0	0	0	20	26	0	0	130	38	0	0	28	0	0	0	0	0	0	0	0	0	0	12	20	0	0	0	0	0	0	24	26	0	0	140	38	0	0	48	0	0	0	9	0	0	0	0	0	0	0	0	0	0	0	0	0	0	19	20	0	0	0	0	0	0	55	28	0	0	240	104
39	31	18	7	22	23	1	0	0	18	7	22	3	0	29	0	46	28	22	118	15	0	0	0	1	0	0	0	0	0	0	2	0	0	38	18	7	22	0	0	6	0	0	0	0	0	3	0	29	0	46	28	22	118	7	0	0	0	0	0	0	0	0	0	0	0	0	0	38	1	0	0	0	0	0	0	0	0	0	0	0	0	0	0	2	0	0	38	13	7	22	0	0	0	0	0	0	0	0	0	0	6	0	0	0	0	0	3	0	29	0	36	28	22	118	0	0	0	0	0	0	0	0	0	0	0	0	0	0	37	0	0	0	0	0	0	0	0	0	0	0	0	0	0	0	0	0	0	38	0	0	0	0	0	0	0	0	0	0	0	0	0	0	0	0	0	0	0	0	0	0	0	0	0	0	38	0	0	22	0	0	0	0	0	0	0	0	0	0	0	0	0	0	0	0	0	0	6	0	0	0	0	0	0	0	29	0	0	0	22	118
32	25	18	12	6	18	1	0	0	18	12	6	3	0	18	0	44	28	18	27	11	0	0	0	1	0	0	0	0	0	0	2	0	0	0	18	12	6	0	0	6	0	0	0	0	0	3	0	18	0	44	28	18	27	4	0	0	0	0	0	0	0	0	0	0	0	0	0	0	1	0	0	0	0	0	0	0	0	0	0	0	0	0	0	2	0	0	0	10	12	6	0	0	0	0	0	0	0	0	0	0	6	0	0	0	0	0	3	0	18	0	30	28	18	27	0	0	0	0	0	0	0	0	0	0	0	0	0	0	0	0	0	0	0	0	0	0	0	0	0	0	0	0	0	0	0	0	0	0	0	0	0	0	0	0	0	0	0	0	0	0	0	0	0	0	0	0	0	0	0	0	0	0	0	0	0	0	0	6	0	0	0	0	0	0	0	0	0	0	0	0	0	0	0	0	0	0	6	0	0	0	0	0	0	0	18	0	0	0	18	27
38	28	18	16	40	18	0	0	27	18	16	40	0	0	28	13	33	24	80	54	8	0	0	26	0	0	27	0	0	27	12	0	0	54	28	15	16	40	0	0	0	12	0	0	0	0	0	0	28	13	29	24	80	54	0	0	0	21	0	0	26	0	0	26	10	0	0	52	26	0	0	27	0	0	0	10	0	0	0	0	0	0	27	12	0	0	54	28	0	0	40	0	0	0	53	0	0	0	0	0	0	0	12	0	0	0	0	0	0	28	13	0	0	80	54	0	0	0	21	0	0	21	0	0	21	10	0	0	42	26	0	0	26	0	0	0	10	0	0	0	0	0	0	26	10	0	0	52	26	0	0	27	0	0	0	53	0	0	0	0	0	0	0	10	0	0	0	0	0	0	27	12	0	0	54	28	0	0	0	0	0	0	0	0	0	0	0	0	0	0	53	0	0	0	0	0	0	0	12	0	0	0	0	0	0	0	13	0	0	0	54
49	36	23	30	76	23	0	0	49	23	30	76	0	0	101	87	46	50	228	87	10	0	0	26	0	0	49	0	0	95	12	0	0	147	35	18	30	76	0	0	0	82	0	0	0	104	0	0	101	87	39	50	228	87	0	0	0	10	0	0	26	0	0	68	10	0	0	78	33	0	0	49	0	0	0	10	0	0	0	38	0	0	95	12	0	0	147	35	0	0	76	0	0	0	20	0	0	0	109	0	0	0	82	0	0	0	104	0	0	101	87	0	0	228	87	0	0	0	10	0	0	10	0	0	10	10	0	0	30	33	0	0	26	0	0	0	10	0	0	0	38	0	0	68	10	0	0	78	33	0	0	49	0	0	0	20	0	0	0	91	0	0	0	10	0	0	0	38	0	0	95	12	0	0	147	35	0	0	0	0	0	0	0	0	0	0	0	0	0	0	20	0	0	0	109	0	0	0	82	0	0	0	104	0	0	0	87	0	0	0	87
31	23	16	7	23	15	0	0	6	16	7	23	0	0	11	30	32	7	23	54	7	0	0	0	0	0	6	0	0	6	0	0	0	6	28	15	7	23	0	0	0	0	0	0	0	27	0	0	11	30	31	7	23	54	0	0	0	0	0	0	0	0	0	0	0	0	0	0	26	0	0	6	0	0	0	0	0	0	0	0	0	0	6	0	0	0	6	28	0	0	23	0	0	0	0	0	0	0	0	0	0	0	0	0	0	0	27	0	0	11	30	0	0	23	54	0	0	0	0	0	0	0	0	0	0	0	0	0	0	26	0	0	0	0	0	0	0	0	0	0	0	0	0	0	0	0	0	0	26	0	0	6	0	0	0	0	0	0	0	0	0	0	0	0	0	0	0	0	0	0	6	0	0	0	6	28	0	0	0	0	0	0	0	0	0	0	0	0	0	0	0	0	0	0	0	0	0	0	0	0	0	0	27	0	0	0	30	0	0	0	54
44	32	20	32	30	20	0	0	6	20	32	30	0	0	11	30	37	64	120	76	8	0	0	0	0	0	6	0	0	6	0	0	0	24	28	12	32	30	0	0	0	0	0	0	0	27	0	0	11	30	24	64	120	76	0	0	0	0	0	0	0	0	0	0	0	0	0	0	26	0	0	6	0	0	0	0	0	0	0	0	0	0	6	0	0	0	24	28	0	0	30	0	0	0	0	0	0	0	0	0	0	0	0	0	0	0	27	0	0	11	30	0	0	120	76	0	0	0	0	0	0	0	0	0	0	0	0	0	0	26	0	0	0	0	0	0	0	0	0	0	0	0	0	0	0	0	0	0	26	0	0	6	0	0	0	0	0	0	0	0	0	0	0	0	0	0	0	0	0	0	6	0	0	0	24	28	0	0	0	0	0	0	0	0	0	0	0	0	0	0	0	0	0	0	0	0	0	0	0	0	0	0	27	0	0	0	30	0	0	0	76
35	25	23	25	8	15	0	0	0	23	25	8	0	0	0	0	44	65	40	48	5	0	0	0	0	0	0	0	0	0	0	0	0	0	28	10	25	8	0	0	0	0	0	0	0	0	0	0	0	0	17	65	40	48	0	0	0	0	0	0	0	0	0	0	0	0	0	0	26	0	0	0	0	0	0	0	0	0	0	0	0	0	0	0	0	0	0	28	0	0	8	0	0	0	0	0	0	0	0	0	0	0	0	0	0	0	0	0	0	0	0	0	0	40	48	0	0	0	0	0	0	0	0	0	0	0	0	0	0	26	0	0	0	0	0	0	0	0	0	0	0	0	0	0	0	0	0	0	26	0	0	0	0	0	0	0	0	0	0	0	0	0	0	0	0	0	0	0	0	0	0	0	0	0	0	28	0	0	0	0	0	0	0	0	0	0	0	0	0	0	0	0	0	0	0	0	0	0	0	0	0	0	0	0	0	0	0	0	0	0	48
41	27	13	13	101	13	0	0	59	12	13	101	0	0	0	61	26	13	101	177	0	0	0	58	0	0	59	0	0	0	59	0	0	59	88	0	0	101	0	0	0	13	0	0	0	0	0	0	0	61	0	0	101	177	0	0	0	52	0	0	58	0	0	0	52	0	0	58	52	0	0	59	0	0	0	12	0	0	0	0	0	0	0	59	0	0	59	88	0	0	0	0	0	0	82	0	0	0	0	0	0	0	13	0	0	0	0	0	0	0	61	0	0	0	177	0	0	0	31	0	0	52	0	0	0	31	0	0	52	31	0	0	58	0	0	0	10	0	0	0	0	0	0	0	52	0	0	58	52	0	0	0	0	0	0	10	0	0	0	0	0	0	0	12	0	0	0	0	0	0	0	59	0	0	0	88	0	0	0	0	0	0	73	0	0	0	109	0	0	0	82	0	0	0	0	0	0	0	13	0	0	0	0	0	0	0	0	0	0	0	0
33	21	20	27	55	9	1	0	41	13	27	55	3	0	30	19	29	54	165	38	0	0	0	41	0	0	41	0	0	30	19	0	0	123	6	0	0	55	0	0	10	0	0	0	0	0	0	0	30	19	0	0	165	38	0	0	0	36	0	0	41	0	0	30	14	0	0	123	0	0	0	41	0	0	10	0	0	0	0	0	0	0	30	19	0	0	123	6	0	0	0	0	0	0	70	0	0	0	0	0	0	0	0	0	0	0	0	0	0	0	19	0	0	0	38	0	0	0	16	0	0	36	0	0	30	0	0	0	108	0	0	0	41	0	0	10	0	0	0	0	0	0	0	30	14	0	0	123	0	0	0	0	0	0	0	0	0	0	0	0	0	0	0	0	0	0	0	0	0	0	0	19	0	0	0	6	0	0	0	0	0	0	44	0	0	0	109	0	0	0	70	0	0	0	0	0	0	0	0	0	0	0	0	0	0	0	0	0	0	0	0
40	25	29	50	73	10	1	0	67	14	50	73	3	0	63	19	28	140	365	8	0	0	0	67	0	0	67	0	0	63	19	0	0	335	0	0	0	73	0	0	10	0	0	0	0	0	0	0	63	19	0	0	365	8	0	0	0	59	0	0	67	0	0	63	14	0	0	335	0	0	0	67	0	0	10	0	0	0	0	0	0	0	63	19	0	0	335	0	0	0	0	0	0	0	102	0	0	0	0	0	0	0	0	0	0	0	0	0	0	0	19	0	0	0	8	0	0	0	16	0	0	59	0	0	57	0	0	0	295	0	0	0	67	0	0	10	0	0	0	0	0	0	0	63	14	0	0	335	0	0	0	0	0	0	0	0	0	0	0	0	0	0	0	0	0	0	0	0	0	0	0	19	0	0	0	0	0	0	0	0	0	0	44	0	0	0	243	0	0	0	102	0	0	0	0	0	0	0	0	0	0	0	0	0	0	0	0	0	0	0	0
40	26	18	24	86	12	0	0	51	15	24	86	0	0	43	52	32	36	172	154	0	0	0	45	0	0	51	0	0	43	37	0	0	102	82	0	0	86	0	0	0	39	0	0	0	0	0	0	43	52	0	0	172	154	0	0	0	23	0	0	45	0	0	42	14	0	0	90	52	0	0	51	0	0	0	0	0	0	0	0	0	0	43	37	0	0	102	82	0	0	0	0	0	0	88	0	0	0	84	0	0	0	39	0	0	0	0	0	0	0	52	0	0	0	154	0	0	0	0	0	0	23	0	0	27	0	0	0	46	31	0	0	45	0	0	0	0	0	0	0	0	0	0	42	14	0	0	90	52	0	0	0	0	0	0	0	0	0	0	0	0	0	0	0	0	0	0	0	0	0	0	37	0	0	0	82	0	0	0	0	0	0	0	0	0	0	146	0	0	0	88	0	0	0	84	0	0	0	39	0	0	0	0	0	0	0	0	0	0	0	0
25	16	14	14	23	7	0	0	0	11	14	23	0	0	0	0	24	21	46	114	0	0	0	0	0	0	0	0	0	0	0	0	0	0	55	0	0	23	0	0	0	0	0	0	0	0	0	0	0	0	0	0	46	114	0	0	0	0	0	0	0	0	0	0	0	0	0	0	26	0	0	0	0	0	0	0	0	0	0	0	0	0	0	0	0	0	0	55	0	0	0	0	0	0	0	0	0	0	0	0	0	0	0	0	0	0	0	0	0	0	0	0	0	0	114	0	0	0	0	0	0	0	0	0	0	0	0	0	0	10	0	0	0	0	0	0	0	0	0	0	0	0	0	0	0	0	0	0	26	0	0	0	0	0	0	0	0	0	0	0	0	0	0	0	0	0	0	0	0	0	0	0	0	0	0	55	0	0	0	0	0	0	0	0	0	0	0	0	0	0	0	0	0	0	0	0	0	0	0	0	0	0	0	0	0	0	0	0	0	0	0
25	12	14	12	87	0	0	0	31	0	0	87	0	0	12	52	0	0	87	338	0	0	0	31	0	0	31	0	0	10	52	0	0	31	218	0	0	0	0	0	0	0	0	0	0	0	0	0	0	52	0	0	0	338	0	0	0	30	0	0	31	0	0	10	51	0	0	31	211	0	0	0	0	0	0	0	0	0	0	0	0	0	0	52	0	0	0	218	0	0	0	0	0	0	9	0	0	0	0	0	0	0	0	0	0	0	0	0	0	0	0	0	0	0	0	0	0	0	19	0	0	30	0	0	10	38	0	0	30	170	0	0	0	0	0	0	0	0	0	0	0	0	0	0	51	0	0	0	211	0	0	0	0	0	0	0	0	0	0	0	0	0	0	0	0	0	0	0	0	0	0	0	0	0	0	0	0	0	0	0	0	0	18	0	0	0	57	0	0	0	9	0	0	0	0	0	0	0	0	0	0	0	0	0	0	0	0	0	0	0	0
17	7	12	21	31	0	0	0	10	0	0	31	0	0	12	20	0	0	93	128	0	0	0	10	0	0	10	0	0	10	20	0	0	30	108	0	0	0	0	0	0	0	0	0	0	0	0	0	0	20	0	0	0	128	0	0	0	10	0	0	10	0	0	10	20	0	0	30	108	0	0	0	0	0	0	0	0	0	0	0	0	0	0	20	0	0	0	108	0	0	0	0	0	0	0	0	0	0	0	0	0	0	0	0	0	0	0	0	0	0	0	0	0	0	0	0	0	0	10	0	0	10	0	0	10	20	0	0	30	95	0	0	0	0	0	0	0	0	0	0	0	0	0	0	20	0	0	0	108	0	0	0	0	0	0	0	0	0	0	0	0	0	0	0	0	0	0	0	0	0	0	0	0	0	0	0	0	0	0	0	0	0	0	0	0	0	0	0	0	0	0	0	0	0	0	0	0	0	0	0	0	0	0	0	0	0	0	0	0	0	0
20	8	13	32	42	0	0	0	28	0	0	42	0	0	26	42	0	0	168	73	0	0	0	28	0	0	28	0	0	24	42	0	0	112	67	0	0	0	0	0	0	0	0	0	0	0	0	0	0	42	0	0	0	73	0	0	0	28	0	0	28	0	0	24	42	0	0	112	67	0	0	0	0	0	0	0	0	0	0	0	0	0	0	42	0	0	0	67	0	0	0	0	0	0	0	0	0	0	0	0	0	0	0	0	0	0	0	0	0	0	0	0	0	0	0	0	0	0	26	0	0	28	0	0	24	38	0	0	112	59	0	0	0	0	0	0	0	0	0	0	0	0	0	0	42	0	0	0	67	0	0	0	0	0	0	0	0	0	0	0	0	0	0	0	0	0	0	0	0	0	0	0	0	0	0	0	0	0	0	0	0	0	18	0	0	0	0	0	0	0	0	0	0	0	0	0	0	0	0	0	0	0	0	0	0	0	0	0	0	0	0
20	9	12	18	51	0	0	0	11	0	0	51	0	0	0	22	0	0	102	237	0	0	0	11	0	0	11	0	0	0	22	0	0	22	159	0	0	0	0	0	0	0	0	0	0	0	0	0	0	22	0	0	0	237	0	0	0	11	0	0	11	0	0	0	22	0	0	22	153	0	0	0	0	0	0	0	0	0	0	0	0	0	0	22	0	0	0	159	0	0	0	0	0	0	0	0	0	0	0	0	0	0	0	0	0	0	0	0	0	0	0	0	0	0	0	0	0	0	9	0	0	11	0	0	0	18	0	0	22	118	0	0	0	0	0	0	0	0	0	0	0	0	0	0	22	0	0	0	153	0	0	0	0	0	0	0	0	0	0	0	0	0	0	0	0	0	0	0	0	0	0	0	0	0	0	0	0	0	0	0	0	0	18	0	0	0	0	0	0	0	0	0	0	0	0	0	0	0	0	0	0	0	0	0	0	0	0	0	0	0	0
14	5	10	20	10	0	0	0	0	0	0	10	0	0	0	0	0	0	40	73	0	0	0	0	0	0	0	0	0	0	0	0	0	0	67	0	0	0	0	0	0	0	0	0	0	0	0	0	0	0	0	0	0	73	0	0	0	0	0	0	0	0	0	0	0	0	0	0	67	0	0	0	0	0	0	0	0	0	0	0	0	0	0	0	0	0	0	67	0	0	0	0	0	0	0	0	0	0	0	0	0	0	0	0	0	0	0	0	0	0	0	0	0	0	0	0	0	0	0	0	0	0	0	0	0	0	0	0	0	59	0	0	0	0	0	0	0	0	0	0	0	0	0	0	0	0	0	0	67	0	0	0	0	0	0	0	0	0	0	0	0	0	0	0	0	0	0	0	0	0	0	0	0	0	0	0	0	0	0	0	0	0	0	0	0	0	0	0	0	0	0	0	0	0	0	0	0	0	0	0	0	0	0	0	0	0	0	0	0	0	0
9	0	0	0	52	0	0	0	19	0	0	0	0	0	0	43	0	0	0	134	0	0	0	17	0	0	0	0	0	0	37	0	0	0	49	0	0	0	0	0	0	20	0	0	0	0	0	0	0	0	0	0	0	0	0	0	0	17	0	0	0	0	0	0	37	0	0	0	49	0	0	0	0	0	0	20	0	0	0	0	0	0	0	0	0	0	0	0	0	0	0	0	0	0	0	0	0	0	0	0	0	0	0	0	0	0	0	0	0	0	0	0	0	0	0	0	0	0	17	0	0	0	0	0	0	37	0	0	0	49	0	0	0	0	0	0	20	0	0	0	0	0	0	0	0	0	0	0	0	0	0	0	0	0	0	0	0	0	0	0	0	0	0	0	0	0	0	0	0	0	0	0	0	0	0	0	0	0	0	0	0	0	0	0	0	0	0	0	0	0	0	0	0	0	0	0	0	0	0	0	0	0	0	0	0	0	0	0	0	0	0
7	0	0	0	28	0	0	0	7	0	0	0	0	0	0	7	0	0	0	83	0	0	0	7	0	0	0	0	0	0	7	0	0	0	38	0	0	0	0	0	0	0	0	0	0	0	0	0	0	0	0	0	0	0	0	0	0	7	0	0	0	0	0	0	7	0	0	0	38	0	0	0	0	0	0	0	0	0	0	0	0	0	0	0	0	0	0	0	0	0	0	0	0	0	0	0	0	0	0	0	0	0	0	0	0	0	0	0	0	0	0	0	0	0	0	0	0	0	7	0	0	0	0	0	0	7	0	0	0	38	0	0	0	0	0	0	0	0	0	0	0	0	0	0	0	0	0	0	0	0	0	0	0	0	0	0	0	0	0	0	0	0	0	0	0	0	0	0	0	0	0	0	0	0	0	0	0	0	0	0	0	0	0	0	0	0	0	0	0	0	0	0	0	0	0	0	0	0	0	0	0	0	0	0	0	0	0	0	0	0	0
8	0	0	0	41	0	0	0	0	0	0	0	0	0	0	0	0	0	0	221	0	0	0	0	0	0	0	0	0	0	0	0	0	0	80	0	0	0	0	0	0	0	0	0	0	0	0	0	0	0	0	0	0	0	0	0	0	0	0	0	0	0	0	0	0	0	0	0	80	0	0	0	0	0	0	0	0	0	0	0	0	0	0	0	0	0	0	0	0	0	0	0	0	0	0	0	0	0	0	0	0	0	0	0	0	0	0	0	0	0	0	0	0	0	0	0	0	0	0	0	0	0	0	0	0	0	0	0	0	79	0	0	0	0	0	0	0	0	0	0	0	0	0	0	0	0	0	0	0	0	0	0	0	0	0	0	0	0	0	0	0	0	0	0	0	0	0	0	0	0	0	0	0	0	0	0	0	0	0	0	0	0	0	0	0	0	0	0	0	0	0	0	0	0	0	0	0	0	0	0	0	0	0	0	0	0	0	0	0	0	0
5	0	0	0	13	0	0	0	0	0	0	0	0	0	0	0	0	0	0	52	0	0	0	0	0	0	0	0	0	0	0	0	0	0	28	0	0	0	0	0	0	0	0	0	0	0	0	0	0	0	0	0	0	0	0	0	0	0	0	0	0	0	0	0	0	0	0	0	28	0	0	0	0	0	0	0	0	0	0	0	0	0	0	0	0	0	0	0	0	0	0	0	0	0	0	0	0	0	0	0	0	0	0	0	0	0	0	0	0	0	0	0	0	0	0	0	0	0	0	0	0	0	0	0	0	0	0	0	0	28	0	0	0	0	0	0	0	0	0	0	0	0	0	0	0	0	0	0	0	0	0	0	0	0	0	0	0	0	0	0	0	0	0	0	0	0	0	0	0	0	0	0	0	0	0	0	0	0	0	0	0	0	0	0	0	0	0	0	0	0	0	0	0	0	0	0	0	0	0	0	0	0	0	0	0	0	0	0	0	0	0
