94	90	19	3	0	86	11	3	0	19	3	0	14	0	0	0	47	0	0	0	82	11	3	0	11	3	0	14	0	0	0	30	0	0	0	19	3	0	3	0	0	0	5	0	0	0	14	0	0	0	47	0	0	0	78	11	3	0	11	3	0	14	0	0	0	30	0	0	0	11	3	0	3	0	0	0	5	0	0	0	14	0	0	0	30	0	0	0	19	3	0	0	0	0	0	0	0	0	0	3	0	0	0	5	0	0	0	14	0	0	0	47	0	0	0	74	11	3	0	11	3	0	14	0	0	0	30	0	0	0	11	3	0	3	0	0	0	5	0	0	0	14	0	0	0	30	0	0	0	11	3	0	0	0	0	0	0	0	0	0	3	0	0	0	5	0	0	0	14	0	0	0	30	0	0	0	19	3	0	18	0	0	0	14	0	0	0	0	0	0	0	0	0	0	0	3	0	0	0	5	0	0	0	14	0	0	0	47	0	0	0
143	137	30	9	0	131	17	5	0	30	9	0	15	0	0	0	84	4	0	0	125	17	5	0	17	5	0	15	0	0	0	51	0	0	0	30	9	0	6	0	0	0	9	0	0	0	15	0	0	0	84	4	0	0	119	17	5	0	17	5	0	15	0	0	0	51	0	0	0	17	5	0	6	0	0	0	6	0	0	0	15	0	0	0	51	0	0	0	30	9	0	0	0	0	0	3	0	0	0	6	0	0	0	9	0	0	0	15	0	0	0	84	4	0	0	113	17	5	0	17	5	0	15	0	0	0	51	0	0	0	17	5	0	6	0	0	0	6	0	0	0	15	0	0	0	51	0	0	0	17	5	0	0	0	0	0	0	0	0	0	6	0	0	0	6	0	0	0	15	0	0	0	51	0	0	0	30	9	0	24	0	0	0	22	0	0	0	0	0	0	0	3	0	0	0	6	0	0	0	9	0	0	0	15	0	0	0	84	4	0	0
231	221	53	35	0	211	28	21	0	53	35	0	25	14	0	0	135	87	0	0	201	27	21	0	28	21	0	20	14	0	0	81	63	0	0	53	35	0	15	0	0	0	29	7	0	0	25	14	0	0	135	87	0	0	191	27	21	0	27	21	0	20	14	0	0	76	63	0	0	28	21	0	15	0	0	0	11	7	0	0	20	14	0	0	81	63	0	0	53	35	0	20	0	0	0	16	0	0	0	15	0	0	0	29	7	0	0	25	14	0	0	135	87	0	0	181	20	15	0	27	21	0	20	14	0	0	76	63	0	0	27	21	0	15	0	0	0	11	7	0	0	20	14	0	0	76	63	0	0	28	21	0	3	0	0	0	4	0	0	0	15	0	0	0	11	7	0	0	20	14	0	0	81	63	0	0	53	35	0	20	24	0	0	17	28	0	0	20	0	0	0	16	0	0	0	15	0	0	0	29	7	0	0	25	14	0	0	135	87	0	0
331	316	69	87	0	301	29	59	0	69	87	0	24	105	0	0	177	256	0	0	286	25	56	0	29	59	0	10	96	0	0	81	183	0	0	69	87	0	12	24	0	0	35	41	0	0	24	105	0	0	177	256	0	0	271	25	56	0	25	56	0	10	96	0	0	70	168	0	0	29	59	0	12	24	0	0	8	32	0	0	10	96	0	0	81	183	0	0	69	87	0	22	0	0	0	42	0	0	0	12	24	0	0	35	41	0	0	24	105	0	0	177	256	0	0	256	18	44	0	25	56	0	10	96	0	0	70	168	0	0	25	56	0	12	24	0	0	8	32	0	0	10	96	0	0	70	168	0	0	29	59	0	5	0	0	0	13	0	0	0	12	24	0	0	8	32	0	0	10	96	0	0	81	183	0	0	69	87	0	17	48	0	0	29	28	0	0	22	0	0	0	42	0	0	0	12	24	0	0	35	41	0	0	24	105	0	0	177	256	0	0
269	257	71	50	0	245	32	35	0	71	50	0	28	0	0	0	180	184	0	0	233	31	32	0	32	35	0	23	0	0	0	84	139	0	0	71	50	0	18	24	0	0	43	8	0	0	28	0	0	0	180	184	0	0	221	30	32	0	31	32	0	23	0	0	0	79	128	0	0	32	35	0	13	24	0	0	14	8	0	0	23	0	0	0	84	139	0	0	71	50	0	25	0	0	0	50	3	0	0	18	24	0	0	43	8	0	0	28	0	0	0	180	184	0	0	209	22	27	0	30	32	0	22	0	0	0	76	128	0	0	31	32	0	13	24	0	0	14	8	0	0	23	0	0	0	79	128	0	0	32	35	0	3	0	0	0	4	0	0	0	13	24	0	0	14	8	0	0	23	0	0	0	84	139	0	0	71	50	0	25	15	0	0	33	24	0	0	25	0	0	0	50	3	0	0	18	24	0	0	43	8	0	0	28	0	0	0	180	184	0	0
252	241	56	27	15	230	35	18	0	56	27	15	34	9	0	0	156	66	15	0	219	32	18	0	35	18	0	28	9	0	0	97	45	0	0	56	27	15	24	0	0	0	36	24	0	0	34	9	0	0	156	66	15	0	208	29	18	0	32	18	0	22	9	0	0	88	45	0	0	35	18	0	15	0	0	0	14	0	0	0	28	9	0	0	97	45	0	0	56	27	15	25	0	0	0	39	16	0	0	24	0	0	0	36	24	0	0	34	9	0	0	156	66	15	0	197	15	17	0	29	18	0	21	9	0	0	82	45	0	0	32	18	0	15	0	0	0	14	0	0	0	22	9	0	0	88	45	0	0	35	18	0	3	0	0	0	6	0	0	0	15	0	0	0	14	0	0	0	28	9	0	0	97	45	0	0	56	27	15	2	8	23	0	12	0	0	0	25	0	0	0	39	16	0	0	24	0	0	0	36	24	0	0	34	9	0	0	156	66	15	0
313	299	69	63	11	285	40	45	0	69	63	11	50	36	0	0	185	136	22	0	271	33	45	0	40	45	0	33	36	0	0	122	108	0	0	69	63	11	34	0	0	0	44	55	0	0	50	36	0	0	185	136	22	0	257	26	37	0	33	45	0	21	36	0	0	96	108	0	0	40	45	0	17	0	0	0	13	27	0	0	33	36	0	0	122	108	0	0	69	63	11	21	56	0	0	29	46	0	0	34	0	0	0	44	55	0	0	50	36	0	0	185	136	22	0	243	15	7	0	26	37	0	18	28	0	0	80	84	0	0	33	45	0	15	0	0	0	13	27	0	0	21	36	0	0	96	108	0	0	40	45	0	5	0	0	0	9	18	0	0	17	0	0	0	13	27	0	0	33	36	0	0	122	108	0	0	69	63	11	2	14	23	0	7	9	44	0	21	56	0	0	29	46	0	0	34	0	0	0	44	55	0	0	50	36	0	0	185	136	22	0
368	351	86	106	11	334	45	82	0	86	106	11	52	39	0	0	214	320	33	0	317	38	73	0	45	82	0	35	39	0	0	123	262	0	0	86	106	11	29	90	0	0	51	58	0	0	52	39	0	0	214	320	33	0	300	30	61	0	38	73	0	23	30	0	0	97	229	0	0	45	82	0	9	90	0	0	18	30	0	0	35	39	0	0	123	262	0	0	86	106	11	17	93	0	0	52	55	0	0	29	90	0	0	51	58	0	0	52	39	0	0	214	320	33	0	283	18	40	0	30	61	0	20	30	0	0	79	196	0	0	38	73	0	7	90	0	0	18	30	0	0	23	30	0	0	97	229	0	0	45	82	0	2	30	0	0	11	20	0	0	9	90	0	0	18	30	0	0	35	39	0	0	123	262	0	0	86	106	11	8	0	23	0	24	10	33	0	17	93	0	0	52	55	0	0	29	90	0	0	51	58	0	0	52	39	0	0	214	320	33	0
236	226	63	24	7	216	40	0	0	63	24	7	49	0	0	0	154	72	28	0	206	34	0	0	40	0	0	31	0	0	0	109	0	0	0	63	24	7	36	0	0	0	35	36	0	0	49	0	0	0	154	72	28	0	196	27	0	0	34	0	0	21	0	0	0	92	0	0	0	40	0	0	15	0	0	0	17	0	0	0	31	0	0	0	109	0	0	0	63	24	7	27	0	0	0	28	36	0	0	36	0	0	0	35	36	0	0	49	0	0	0	154	72	28	0	186	15	0	0	27	0	0	20	0	0	0	80	0	0	0	34	0	0	15	0	0	0	17	0	0	0	21	0	0	0	92	0	0	0	40	0	0	5	0	0	0	10	0	0	0	15	0	0	0	17	0	0	0	31	0	0	0	109	0	0	0	63	24	7	4	0	15	0	10	0	0	0	27	0	0	0	28	36	0	0	36	0	0	0	35	36	0	0	49	0	0	0	154	72	28	0
276	264	70	46	3	252	39	20	0	70	46	3	46	10	0	0	166	126	15	0	240	32	15	0	39	20	0	23	10	0	0	107	40	0	0	70	46	3	33	25	0	0	37	35	0	0	46	10	0	0	166	126	15	0	228	25	5	0	32	15	0	12	5	0	0	87	25	0	0	39	20	0	12	0	0	0	16	0	0	0	23	10	0	0	107	40	0	0	70	46	3	26	25	0	0	35	35	3	0	33	25	0	0	37	35	0	0	46	10	0	0	166	126	15	0	216	16	0	0	25	5	0	12	0	0	0	76	5	0	0	32	15	0	12	0	0	0	16	0	0	0	12	5	0	0	87	25	0	0	39	20	0	6	0	0	0	15	0	0	0	12	0	0	0	16	0	0	0	23	10	0	0	107	40	0	0	70	46	3	11	0	3	0	12	10	3	0	26	25	0	0	35	35	3	0	33	25	0	0	37	35	0	0	46	10	0	0	166	126	15	0
354	338	73	79	33	322	42	49	0	73	79	33	51	120	0	0	172	177	66	47	306	35	18	0	42	49	0	30	54	0	0	116	114	0	0	73	79	33	34	36	5	0	26	28	99	0	51	120	0	0	172	177	66	47	290	20	0	0	35	18	0	20	0	0	0	93	27	0	0	42	49	0	13	0	0	0	16	22	0	0	30	54	0	0	116	114	0	0	73	79	33	15	0	54	0	27	28	66	0	34	36	5	0	26	28	99	0	51	120	0	0	172	177	66	47	274	15	0	0	20	0	0	14	0	0	0	57	0	0	0	35	18	0	11	0	0	0	16	18	0	0	20	0	0	0	93	27	0	0	42	49	0	6	0	0	0	19	22	0	0	13	0	0	0	16	22	0	0	30	54	0	0	116	114	0	0	73	79	33	16	0	15	0	14	36	0	0	15	0	54	0	27	28	66	0	34	36	5	0	26	28	99	0	51	120	0	0	172	177	66	47
306	292	62	61	25	278	38	41	0	62	61	25	53	36	0	0	148	102	50	32	264	29	29	0	38	41	0	28	16	0	0	103	93	0	0	62	61	25	32	32	5	0	23	22	25	0	53	36	0	0	148	102	50	32	250	14	11	0	29	29	0	14	0	0	0	74	63	0	0	38	41	0	11	0	0	0	13	20	0	0	28	16	0	0	103	93	0	0	62	61	25	9	22	54	0	19	22	50	0	32	32	5	0	23	22	25	0	53	36	0	0	148	102	50	32	236	11	10	0	14	11	0	8	0	0	0	38	33	0	0	29	29	0	9	0	0	0	13	16	0	0	14	0	0	0	74	63	0	0	38	41	0	4	20	0	0	16	20	0	0	11	0	0	0	13	20	0	0	28	16	0	0	103	93	0	0	62	61	25	7	10	7	0	11	21	0	0	9	22	54	0	19	22	50	0	32	32	5	0	23	22	25	0	53	36	0	0	148	102	50	32
247	236	49	31	18	225	32	10	0	49	31	18	51	0	0	0	116	27	54	21	214	22	7	0	32	10	0	24	0	0	0	88	20	0	0	49	31	18	33	21	5	0	12	20	0	0	51	0	0	0	116	27	54	21	203	10	0	0	22	7	0	8	0	0	0	56	14	0	0	32	10	0	11	0	0	0	10	20	0	0	24	0	0	0	88	20	0	0	49	31	18	8	0	26	0	11	20	18	0	33	21	5	0	12	20	0	0	51	0	0	0	116	27	54	21	192	9	0	0	10	0	0	6	0	0	0	31	0	0	0	22	7	0	9	0	0	0	10	14	0	0	8	0	0	0	56	14	0	0	32	10	0	6	0	0	0	11	20	0	0	11	0	0	0	10	20	0	0	24	0	0	0	88	20	0	0	49	31	18	5	0	0	0	10	10	0	0	8	0	26	0	11	20	18	0	33	21	5	0	12	20	0	0	51	0	0	0	116	27	54	21
310	296	51	65	11	282	23	23	0	51	65	11	29	82	0	0	110	128	55	10	268	17	6	0	23	23	0	16	12	0	0	57	41	0	0	51	65	11	16	30	5	0	15	0	22	0	29	82	0	0	110	128	55	10	254	10	0	0	17	6	0	6	0	0	0	39	6	0	0	23	23	0	0	0	0	0	9	0	0	0	16	12	0	0	57	41	0	0	51	65	11	6	0	5	0	16	0	11	0	16	30	5	0	15	0	22	0	29	82	0	0	110	128	55	10	240	9	0	0	10	0	0	6	0	0	0	28	0	0	0	17	6	0	0	0	0	0	9	0	0	0	6	0	0	0	39	6	0	0	23	23	0	3	0	0	0	11	0	0	0	0	0	0	0	9	0	0	0	16	12	0	0	57	41	0	0	51	65	11	8	0	0	0	15	11	0	0	6	0	5	0	16	0	11	0	16	30	5	0	15	0	22	0	29	82	0	0	110	128	55	10
331	315	67	97	5	299	29	63	0	67	97	5	44	71	0	0	141	242	25	3	283	19	53	0	29	63	0	21	41	0	0	73	167	0	0	67	97	5	22	25	5	0	14	35	5	0	44	71	0	0	141	242	25	3	267	10	47	0	19	53	0	6	36	0	0	42	142	0	0	29	63	0	2	0	0	0	6	32	0	0	21	41	0	0	73	167	0	0	67	97	5	7	11	5	0	15	22	5	0	22	25	5	0	14	35	5	0	44	71	0	0	141	242	25	3	251	8	43	0	10	47	0	4	33	0	0	25	129	0	0	19	53	0	0	0	0	0	6	22	0	0	6	36	0	0	42	142	0	0	29	63	0	2	10	0	0	12	20	0	0	2	0	0	0	6	32	0	0	21	41	0	0	73	167	0	0	67	97	5	5	43	0	0	15	21	0	0	7	11	5	0	15	22	5	0	22	25	5	0	14	35	5	0	44	71	0	0	141	242	25	3
176	168	24	0	35	160	12	0	0	24	0	35	14	0	52	0	56	0	0	92	152	5	0	0	12	0	0	3	0	0	0	25	0	0	0	24	0	35	0	0	52	0	9	0	0	0	14	0	52	0	56	0	0	92	144	5	0	0	5	0	0	3	0	0	0	14	0	0	0	12	0	0	0	0	0	0	9	0	0	0	3	0	0	0	25	0	0	0	24	0	35	3	0	0	0	8	0	0	0	0	0	52	0	9	0	0	0	14	0	52	0	56	0	0	92	136	5	0	0	5	0	0	3	0	0	0	14	0	0	0	5	0	0	0	0	0	0	1	0	0	0	3	0	0	0	14	0	0	0	12	0	0	3	0	0	0	8	0	0	0	0	0	0	0	9	0	0	0	3	0	0	0	25	0	0	0	24	0	35	5	0	0	0	11	0	0	0	3	0	0	0	8	0	0	0	0	0	52	0	9	0	0	0	14	0	52	0	56	0	0	92
238	227	41	28	20	216	19	0	0	41	28	20	21	0	44	0	98	70	80	49	205	15	0	0	19	0	0	12	0	0	0	45	0	0	0	41	28	20	2	0	29	0	14	0	0	0	21	0	44	0	98	70	80	49	194	15	0	0	15	0	0	12	0	0	0	39	0	0	0	19	0	0	2	0	0	0	8	0	0	0	12	0	0	0	45	0	0	0	41	28	20	8	0	0	0	18	0	0	0	2	0	29	0	14	0	0	0	21	0	44	0	98	70	80	49	183	13	0	0	15	0	0	12	0	0	0	39	0	0	0	15	0	0	2	0	0	0	4	0	0	0	12	0	0	0	39	0	0	0	19	0	0	1	0	0	0	10	0	0	0	2	0	0	0	8	0	0	0	12	0	0	0	45	0	0	0	41	28	20	15	0	0	0	11	14	0	0	8	0	0	0	18	0	0	0	2	0	29	0	14	0	0	0	21	0	44	0	98	70	80	49
176	168	27	0	26	160	13	0	0	27	0	26	10	0	25	0	66	0	0	59	152	8	0	0	13	0	0	5	0	0	0	29	0	0	0	27	0	26	0	0	34	0	7	0	0	0	10	0	25	0	66	0	0	59	144	8	0	0	8	0	0	5	0	0	0	21	0	0	0	13	0	0	0	0	0	0	7	0	0	0	5	0	0	0	29	0	0	0	27	0	26	3	0	0	0	6	0	0	0	0	0	34	0	7	0	0	0	10	0	25	0	66	0	0	59	136	8	0	0	8	0	0	5	0	0	0	21	0	0	0	8	0	0	0	0	0	0	1	0	0	0	5	0	0	0	21	0	0	0	13	0	0	3	0	0	0	6	0	0	0	0	0	0	0	7	0	0	0	5	0	0	0	29	0	0	0	27	0	26	5	0	0	0	10	0	0	0	3	0	0	0	6	0	0	0	0	0	34	0	7	0	0	0	10	0	25	0	66	0	0	59
175	167	24	7	18	159	11	0	0	24	7	18	8	0	17	0	57	7	18	34	151	8	0	0	11	0	0	5	0	0	0	23	0	0	0	24	7	18	0	0	18	0	5	0	0	0	8	0	17	0	57	7	18	34	143	8	0	0	8	0	0	5	0	0	0	18	0	0	0	11	0	0	0	0	0	0	5	0	0	0	5	0	0	0	23	0	0	0	24	7	18	1	0	0	0	4	0	0	0	0	0	18	0	5	0	0	0	8	0	17	0	57	7	18	34	135	8	0	0	8	0	0	5	0	0	0	18	0	0	0	8	0	0	0	0	0	0	1	0	0	0	5	0	0	0	18	0	0	0	11	0	0	1	0	0	0	4	0	0	0	0	0	0	0	5	0	0	0	5	0	0	0	23	0	0	0	24	7	18	4	0	0	0	8	0	0	0	1	0	0	0	4	0	0	0	0	0	18	0	5	0	0	0	8	0	17	0	57	7	18	34
262	249	44	57	11	236	14	30	0	44	57	11	13	20	17	0	99	145	55	16	223	12	30	0	14	30	0	10	20	0	0	35	70	0	0	44	57	11	2	0	11	0	15	0	0	0	13	20	17	0	99	145	55	16	210	12	30	0	12	30	0	10	20	0	0	32	70	0	0	14	30	0	2	0	0	0	6	0	0	0	10	20	0	0	35	70	0	0	44	57	11	8	0	0	0	19	0	0	0	2	0	11	0	15	0	0	0	13	20	17	0	99	145	55	16	197	10	30	0	12	30	0	10	20	0	0	32	70	0	0	12	30	0	2	0	0	0	4	0	0	0	10	20	0	0	32	70	0	0	14	30	0	1	0	0	0	8	0	0	0	2	0	0	0	6	0	0	0	10	20	0	0	35	70	0	0	44	57	11	15	0	0	0	9	10	0	0	8	0	0	0	19	0	0	0	2	0	11	0	15	0	0	0	13	20	17	0	99	145	55	16
324	308	55	62	64	292	23	28	38	55	62	64	21	14	73	89	129	167	192	31	276	21	28	5	23	28	38	17	14	55	0	66	98	114	0	55	62	64	23	0	0	25	28	22	0	74	21	14	73	89	129	167	192	31	260	15	25	0	21	28	5	13	14	5	0	57	98	15	0	23	28	38	4	0	0	0	4	0	0	0	17	14	55	0	66	98	114	0	55	62	64	9	33	0	0	23	75	0	3	23	0	0	25	28	22	0	74	21	14	73	89	129	167	192	31	244	11	11	0	15	25	0	11	11	0	0	38	86	0	0	21	28	5	2	0	0	0	4	0	0	0	13	14	5	0	57	98	15	0	23	28	38	0	0	0	0	9	42	0	0	4	0	0	0	4	0	0	0	17	14	55	0	66	98	114	0	55	62	64	11	33	20	0	8	11	64	0	9	33	0	0	23	75	0	3	23	0	0	25	28	22	0	74	21	14	73	89	129	167	192	31
208	198	35	16	34	188	16	0	15	35	16	34	19	0	33	48	89	24	68	31	178	14	0	0	16	0	15	15	0	24	0	47	0	30	0	35	16	34	8	0	0	0	16	16	0	44	19	0	33	48	89	24	68	31	168	12	0	0	14	0	0	11	0	0	0	38	0	0	0	16	0	15	4	0	0	0	3	0	0	0	15	0	24	0	47	0	30	0	35	16	34	9	0	0	0	20	16	0	0	8	0	0	0	16	16	0	44	19	0	33	48	89	24	68	31	158	9	0	0	12	0	0	9	0	0	0	31	0	0	0	14	0	0	2	0	0	0	3	0	0	0	11	0	0	0	38	0	0	0	16	0	15	0	0	0	0	9	0	0	0	4	0	0	0	3	0	0	0	15	0	24	0	47	0	30	0	35	16	34	11	0	0	0	4	8	0	0	9	0	0	0	20	16	0	0	8	0	0	0	16	16	0	44	19	0	33	48	89	24	68	31
306	290	55	91	23	274	18	57	9	55	91	23	25	70	22	18	124	240	92	31	258	13	55	0	18	57	9	9	66	18	0	53	157	36	0	55	91	23	21	22	0	0	23	50	0	33	25	70	22	18	124	240	92	31	242	7	51	0	13	55	0	5	66	0	0	36	154	0	0	18	57	9	2	22	0	0	0	33	0	0	9	66	18	0	53	157	36	0	55	91	23	5	28	0	0	19	54	0	0	21	22	0	0	23	50	0	33	25	70	22	18	124	240	92	31	226	5	36	0	7	51	0	3	58	0	0	17	138	0	0	13	55	0	0	22	0	0	0	33	0	0	5	66	0	0	36	154	0	0	18	57	9	0	0	0	0	9	33	0	0	2	22	0	0	0	33	0	0	9	66	18	0	53	157	36	0	55	91	23	3	56	0	0	12	7	23	0	5	28	0	0	19	54	0	0	21	22	0	0	23	50	0	33	25	70	22	18	124	240	92	31
182	173	25	15	19	164	10	8	0	25	15	19	9	0	0	0	65	7	19	49	155	10	8	0	10	8	0	9	0	0	0	28	0	0	0	25	15	19	2	0	0	0	14	0	0	0	9	0	0	0	65	7	19	49	146	10	8	0	10	8	0	9	0	0	0	28	0	0	0	10	8	0	2	0	0	0	3	0	0	0	9	0	0	0	28	0	0	0	25	15	19	7	0	0	0	17	0	0	0	2	0	0	0	14	0	0	0	9	0	0	0	65	7	19	49	137	8	8	0	10	8	0	9	0	0	0	28	0	0	0	10	8	0	2	0	0	0	3	0	0	0	9	0	0	0	28	0	0	0	10	8	0	0	0	0	0	6	0	0	0	2	0	0	0	3	0	0	0	9	0	0	0	28	0	0	0	25	15	19	11	0	0	0	4	0	0	0	7	0	0	0	17	0	0	0	2	0	0	0	14	0	0	0	9	0	0	0	65	7	19	49
205	195	43	25	5	185	18	0	0	43	25	5	24	0	0	0	100	75	25	11	175	15	0	0	18	0	0	15	0	0	0	56	0	0	0	43	25	5	11	0	0	0	22	15	0	0	24	0	0	0	100	75	25	11	165	12	0	0	15	0	0	11	0	0	0	42	0	0	0	18	0	0	4	0	0	0	3	0	0	0	15	0	0	0	56	0	0	0	43	25	5	9	0	0	0	20	15	0	0	11	0	0	0	22	15	0	0	24	0	0	0	100	75	25	11	155	9	0	0	12	0	0	9	0	0	0	31	0	0	0	15	0	0	2	0	0	0	3	0	0	0	11	0	0	0	42	0	0	0	18	0	0	0	0	0	0	12	0	0	0	4	0	0	0	3	0	0	0	15	0	0	0	56	0	0	0	43	25	5	11	0	0	0	3	5	0	0	9	0	0	0	20	15	0	0	11	0	0	0	22	15	0	0	24	0	0	0	100	75	25	11
256	243	39	36	36	230	17	0	24	39	36	36	33	0	40	0	98	54	144	28	217	10	0	24	17	0	24	12	0	40	0	58	0	96	9	39	36	36	11	0	8	0	16	27	0	0	33	0	40	0	98	54	144	28	204	6	0	22	10	0	24	8	0	40	0	33	0	96	0	17	0	24	4	0	8	0	3	0	0	0	12	0	40	0	58	0	96	9	39	36	36	4	0	7	14	18	0	0	0	11	0	8	0	16	27	0	0	33	0	40	0	98	54	144	28	191	3	0	8	6	0	22	4	0	38	0	18	0	88	0	10	0	24	2	0	8	0	3	0	0	0	8	0	40	0	33	0	96	0	17	0	24	2	0	0	0	18	0	0	0	4	0	8	0	3	0	0	0	12	0	40	0	58	0	96	9	39	36	36	3	0	14	28	6	0	0	11	4	0	7	14	18	0	0	0	11	0	8	0	16	27	0	0	33	0	40	0	98	54	144	28
313	297	51	65	47	281	22	10	42	51	65	47	29	50	40	0	129	165	235	5	265	9	0	42	22	10	42	10	0	40	0	69	50	210	0	51	65	47	9	0	62	0	13	40	47	0	29	50	40	0	129	165	235	5	249	5	0	37	9	0	42	3	0	40	0	26	0	210	0	22	10	42	2	0	62	0	0	0	42	0	10	0	40	0	69	50	210	0	51	65	47	4	0	10	35	30	0	0	0	9	0	62	0	13	40	47	0	29	50	40	0	129	165	235	5	233	4	0	11	5	0	37	1	0	38	0	12	0	185	0	9	0	42	0	0	62	0	0	0	42	0	3	0	40	0	26	0	210	0	22	10	42	2	0	10	0	19	0	0	0	2	0	62	0	0	0	42	0	10	0	40	0	69	50	210	0	51	65	47	4	0	0	43	15	0	0	22	4	0	10	35	30	0	0	0	9	0	62	0	13	40	47	0	29	50	40	0	129	165	235	5
339	322	45	16	114	305	24	0	69	45	16	114	34	0	33	75	116	48	114	145	288	15	0	60	24	0	69	16	0	33	57	81	0	69	62	45	16	114	11	0	38	64	17	32	0	0	34	0	33	75	116	48	114	145	271	8	0	27	15	0	60	9	0	33	5	46	0	60	5	24	0	69	4	0	38	0	3	0	0	0	16	0	33	57	81	0	69	62	45	16	114	4	0	39	60	18	0	0	69	11	0	38	64	17	32	0	0	34	0	33	75	116	48	114	145	254	4	0	4	8	0	27	4	0	31	0	21	0	27	0	15	0	60	2	0	38	0	3	0	0	0	9	0	33	5	46	0	60	5	24	0	69	2	0	20	0	18	0	0	0	4	0	38	0	3	0	0	0	16	0	33	57	81	0	69	62	45	16	114	3	0	25	16	3	0	0	25	4	0	39	60	18	0	0	69	11	0	38	64	17	32	0	0	34	0	33	75	116	48	114	145
404	383	65	116	96	362	29	78	60	65	116	96	25	156	9	53	162	372	192	126	341	23	44	48	29	78	60	14	88	9	40	85	292	120	62	65	116	96	18	88	30	80	28	28	192	0	25	156	9	53	162	372	192	126	320	14	14	14	23	44	48	11	28	9	0	64	146	96	5	29	78	60	3	28	30	0	7	0	120	0	14	88	9	40	85	292	120	62	65	116	96	2	28	50	35	33	54	192	81	18	88	30	80	28	28	192	0	25	156	9	53	162	372	192	126	299	8	0	0	14	14	14	5	0	7	0	35	42	28	0	23	44	48	3	0	30	0	7	0	96	0	11	28	9	0	64	146	96	5	29	78	60	2	0	30	0	15	48	120	0	3	28	30	0	7	0	120	0	14	88	9	40	85	292	120	62	65	116	96	7	0	58	0	16	0	96	22	2	28	50	35	33	54	192	81	18	88	30	80	28	28	192	0	25	156	9	53	162	372	192	126
214	203	38	31	23	192	19	10	0	38	31	23	28	0	0	0	104	61	69	92	181	14	7	0	19	10	0	13	0	0	0	63	40	0	47	38	31	23	20	21	0	0	19	14	0	0	28	0	0	0	104	61	69	92	170	7	0	0	14	7	0	9	0	0	0	44	28	0	5	19	10	0	4	0	0	0	3	0	0	0	13	0	0	0	63	40	0	47	38	31	23	4	0	18	0	15	30	23	0	20	21	0	0	19	14	0	0	28	0	0	0	104	61	69	92	159	3	0	0	7	0	0	4	0	0	0	21	0	0	0	14	7	0	2	0	0	0	3	0	0	0	9	0	0	0	44	28	0	5	19	10	0	2	0	0	0	15	30	0	0	4	0	0	0	3	0	0	0	13	0	0	0	63	40	0	47	38	31	23	3	0	25	0	5	0	0	0	4	0	18	0	15	30	23	0	20	21	0	0	19	14	0	0	28	0	0	0	104	61	69	92
247	234	20	0	76	221	8	0	41	20	0	76	13	0	30	74	58	0	0	106	208	3	0	41	8	0	41	1	0	17	74	19	0	0	66	20	0	76	0	0	7	0	0	0	0	0	13	0	30	74	58	0	0	106	195	3	0	41	3	0	41	1	0	17	74	8	0	0	66	8	0	41	0	0	0	0	0	0	0	0	1	0	17	74	19	0	0	66	20	0	76	2	0	0	0	16	0	0	0	0	0	7	0	0	0	0	0	13	0	30	74	58	0	0	106	182	3	0	38	3	0	41	1	0	17	66	8	0	0	59	3	0	41	0	0	0	0	0	0	0	0	1	0	17	74	8	0	0	66	8	0	41	2	0	0	0	16	0	0	0	0	0	0	0	0	0	0	0	1	0	17	74	19	0	0	66	20	0	76	4	0	0	22	9	0	0	0	2	0	0	0	16	0	0	0	0	0	7	0	0	0	0	0	13	0	30	74	58	0	0	106
292	276	49	71	67	260	21	35	8	49	71	67	25	60	49	24	129	220	201	316	244	16	15	8	21	35	8	15	0	8	24	47	125	24	195	49	71	67	20	0	35	0	23	0	134	0	25	60	49	24	129	220	201	316	228	9	13	8	16	15	8	13	0	8	24	34	75	24	174	21	35	8	3	0	0	0	6	0	16	0	15	0	8	24	47	125	24	195	49	71	67	3	26	14	0	39	78	0	0	20	0	35	0	23	0	134	0	25	60	49	24	129	220	201	316	212	6	10	8	9	13	8	4	0	8	24	12	65	24	100	16	15	8	3	0	0	0	6	0	16	0	13	0	8	24	34	75	24	174	21	35	8	0	20	0	0	16	60	0	0	3	0	0	0	6	0	16	0	15	0	8	24	47	125	24	195	49	71	67	2	30	0	0	25	39	0	0	3	26	14	0	39	78	0	0	20	0	35	0	23	0	134	0	25	60	49	24	129	220	201	316
204	193	33	31	30	182	16	7	8	33	31	30	22	21	21	24	80	66	90	83	171	13	0	8	16	7	8	13	0	8	24	34	7	24	66	33	31	30	6	0	0	0	8	0	30	0	22	21	21	24	80	66	90	83	160	10	0	8	13	0	8	13	0	8	24	28	0	24	66	16	7	8	3	0	0	0	6	0	8	0	13	0	8	24	34	7	24	66	33	31	30	5	0	0	0	31	30	0	0	6	0	0	0	8	0	30	0	22	21	21	24	80	66	90	83	149	7	0	8	10	0	8	4	0	8	24	17	0	24	59	13	0	8	3	0	0	0	6	0	8	0	13	0	8	24	28	0	24	66	16	7	8	2	0	0	0	13	21	0	0	3	0	0	0	6	0	8	0	13	0	8	24	34	7	24	66	33	31	30	5	0	0	0	22	30	0	0	5	0	0	0	31	30	0	0	6	0	0	0	8	0	30	0	22	21	21	24	80	66	90	83
152	144	23	0	40	136	11	0	0	23	0	40	19	0	38	0	67	0	0	202	128	4	0	0	11	0	0	3	0	0	0	29	0	0	126	23	0	40	2	0	35	0	0	0	0	0	19	0	38	0	67	0	0	202	120	3	0	0	4	0	0	1	0	0	0	11	0	0	114	11	0	0	0	0	0	0	0	0	0	0	3	0	0	0	29	0	0	126	23	0	40	2	0	14	0	19	0	0	0	2	0	35	0	0	0	0	0	19	0	38	0	67	0	0	202	112	3	0	0	3	0	0	1	0	0	0	8	0	0	73	4	0	0	0	0	0	0	0	0	0	0	1	0	0	0	11	0	0	114	11	0	0	2	0	0	0	19	0	0	0	0	0	0	0	0	0	0	0	3	0	0	0	29	0	0	126	23	0	40	4	0	0	0	9	0	0	0	2	0	14	0	19	0	0	0	2	0	35	0	0	0	0	0	19	0	38	0	67	0	0	202
191	180	34	42	10	169	15	23	0	34	42	10	21	24	10	0	78	75	30	47	158	12	18	0	15	23	0	12	9	0	0	34	32	0	42	34	42	10	9	0	0	0	9	0	10	0	21	24	10	0	78	75	30	47	147	8	18	0	12	18	0	12	9	0	0	28	27	0	42	15	23	0	3	0	0	0	7	0	0	0	12	9	0	0	34	32	0	42	34	42	10	5	0	0	0	32	33	0	0	9	0	0	0	9	0	10	0	21	24	10	0	78	75	30	47	136	5	17	0	8	18	0	3	9	0	0	14	27	0	37	12	18	0	3	0	0	0	7	0	0	0	12	9	0	0	28	27	0	42	15	23	0	2	0	0	0	14	24	0	0	3	0	0	0	7	0	0	0	12	9	0	0	34	32	0	42	34	42	10	4	8	0	0	22	24	0	0	5	0	0	0	32	33	0	0	9	0	0	0	9	0	10	0	21	24	10	0	78	75	30	47
312	294	72	77	99	276	40	17	66	72	77	99	42	0	77	120	177	197	495	107	258	38	17	35	40	17	66	35	0	41	33	99	17	330	16	72	77	99	51	0	16	62	40	12	0	143	42	0	77	120	177	197	495	107	240	27	17	35	38	17	35	31	0	10	33	93	17	175	16	40	17	66	14	0	14	62	24	0	0	102	35	0	41	33	99	17	330	16	72	77	99	20	0	0	0	42	132	0	0	51	0	16	62	40	12	0	143	42	0	77	120	177	197	495	107	222	20	17	35	27	17	35	16	0	10	33	58	17	175	16	38	17	35	13	0	0	62	24	0	0	90	31	0	10	33	93	17	175	16	40	17	66	6	0	0	0	10	0	0	0	14	0	14	62	24	0	0	102	35	0	41	33	99	17	330	16	72	77	99	20	0	10	0	34	72	0	0	20	0	0	0	42	132	0	0	51	0	16	62	40	12	0	143	42	0	77	120	177	197	495	107
208	196	48	29	44	184	27	11	22	48	29	44	26	0	45	0	116	27	88	107	172	27	11	18	27	11	22	26	0	13	0	69	0	44	16	48	29	44	18	0	0	38	24	0	0	0	26	0	45	0	116	27	88	107	160	23	11	18	27	11	18	26	0	10	0	69	0	36	16	27	11	22	13	0	0	38	21	0	0	0	26	0	13	0	69	0	44	16	48	29	44	14	0	0	0	45	36	0	0	18	0	0	38	24	0	0	0	26	0	45	0	116	27	88	107	148	17	11	18	23	11	18	15	0	10	0	53	0	36	16	27	11	18	13	0	0	38	21	0	0	0	26	0	10	0	69	0	36	16	27	11	22	5	0	0	0	8	0	0	0	13	0	0	38	21	0	0	0	26	0	13	0	69	0	44	16	48	29	44	16	0	10	0	31	45	0	0	14	0	0	0	45	36	0	0	18	0	0	38	24	0	0	0	26	0	45	0	116	27	88	107
200	188	60	45	38	176	32	21	36	60	45	38	40	0	45	28	144	111	152	0	164	28	20	18	32	21	36	26	0	41	0	78	51	144	0	60	45	38	29	10	16	38	30	30	0	96	40	0	45	28	144	111	152	0	152	21	20	18	28	20	18	26	0	10	0	67	50	72	0	32	21	36	12	10	14	38	18	30	0	60	26	0	41	0	78	51	144	0	60	45	38	12	0	0	0	31	42	0	0	29	10	16	38	30	30	0	96	40	0	45	28	144	111	152	0	140	16	16	18	21	20	18	15	0	10	0	43	50	72	0	28	20	18	12	10	0	38	18	30	0	48	26	0	10	0	67	50	72	0	32	21	36	5	0	0	0	7	0	0	0	12	10	14	38	18	30	0	60	26	0	41	0	78	51	144	0	60	45	38	11	24	0	0	23	30	0	0	12	0	0	0	31	42	0	0	29	10	16	38	30	30	0	96	40	0	45	28	144	111	152	0
119	112	27	11	22	105	17	6	0	27	11	22	21	0	32	0	60	5	22	107	98	17	6	0	17	6	0	21	0	0	0	43	0	0	16	27	11	22	9	0	0	0	13	0	0	0	21	0	32	0	60	5	22	107	91	14	6	0	17	6	0	21	0	0	0	43	0	0	16	17	6	0	6	0	0	0	12	0	0	0	21	0	0	0	43	0	0	16	27	11	22	5	0	0	0	26	15	0	0	9	0	0	0	13	0	0	0	21	0	32	0	60	5	22	107	84	10	6	0	14	6	0	12	0	0	0	32	0	0	16	17	6	0	6	0	0	0	12	0	0	0	21	0	0	0	43	0	0	16	17	6	0	0	0	0	0	6	0	0	0	6	0	0	0	12	0	0	0	21	0	0	0	43	0	0	16	27	11	22	11	0	10	0	21	15	0	0	5	0	0	0	26	15	0	0	9	0	0	0	13	0	0	0	21	0	32	0	60	5	22	107
197	184	65	65	0	171	31	45	0	65	65	0	48	62	0	0	145	150	0	0	158	25	42	0	31	45	0	21	56	0	0	76	115	0	0	65	65	0	23	21	0	0	24	42	0	0	48	62	0	0	145	150	0	0	145	19	42	0	25	42	0	18	56	0	0	58	112	0	0	31	45	0	10	21	0	0	17	42	0	0	21	56	0	0	76	115	0	0	65	65	0	13	0	0	0	36	30	0	0	23	21	0	0	24	42	0	0	48	62	0	0	145	150	0	0	132	14	33	0	19	42	0	7	56	0	0	36	112	0	0	25	42	0	10	21	0	0	17	42	0	0	18	56	0	0	58	112	0	0	31	45	0	6	0	0	0	9	14	0	0	10	21	0	0	17	42	0	0	21	56	0	0	76	115	0	0	65	65	0	9	36	0	0	33	20	0	0	13	0	0	0	36	30	0	0	23	21	0	0	24	42	0	0	48	62	0	0	145	150	0	0
256	240	66	62	81	224	39	28	54	66	62	81	51	14	54	71	158	132	243	137	208	34	28	52	39	28	54	33	14	52	67	98	42	162	102	66	62	81	51	0	0	28	39	44	0	0	51	14	54	71	158	132	243	137	192	23	28	32	34	28	52	29	14	50	30	85	42	156	53	39	28	54	14	0	0	0	24	0	0	0	33	14	52	67	98	42	162	102	66	62	81	18	0	0	63	11	0	0	96	51	0	0	28	39	44	0	0	51	14	54	71	158	132	243	137	176	13	28	30	23	28	32	14	14	33	30	50	42	96	53	34	28	52	13	0	0	0	24	0	0	0	29	14	50	30	85	42	156	53	39	28	54	6	0	0	60	9	0	0	60	14	0	0	0	24	0	0	0	33	14	52	67	98	42	162	102	66	62	81	7	0	18	20	14	0	0	0	18	0	0	63	11	0	0	96	51	0	0	28	39	44	0	0	51	14	54	71	158	132	243	137
293	275	77	89	84	257	42	45	61	77	89	84	58	0	54	62	181	252	336	137	239	34	33	46	42	45	61	32	0	52	28	103	120	244	102	77	89	84	36	132	22	49	50	55	0	67	58	0	54	62	181	252	336	137	221	25	0	18	34	33	46	28	0	50	0	85	88	184	53	42	45	61	11	0	22	0	19	0	0	8	32	0	52	28	103	120	244	102	77	89	84	22	0	13	61	21	0	252	119	36	132	22	49	50	55	0	67	58	0	54	62	181	252	336	137	203	16	0	0	25	0	18	13	0	25	0	53	0	72	53	34	33	46	10	0	22	0	19	0	0	8	28	0	50	0	85	88	184	53	42	45	61	6	0	10	0	11	0	183	60	11	0	22	0	19	0	0	8	32	0	52	28	103	120	244	102	77	89	84	11	0	6	0	15	30	0	87	22	0	13	61	21	0	252	119	36	132	22	49	50	55	0	67	58	0	54	62	181	252	336	137
313	293	81	118	67	273	47	94	22	81	118	67	52	165	0	66	193	283	67	203	253	39	88	0	47	94	22	31	156	0	0	116	247	22	124	81	118	67	50	75	0	0	57	108	0	107	52	165	0	66	193	283	67	203	233	27	49	0	39	88	0	21	147	0	0	91	236	0	71	47	94	22	11	39	0	0	21	78	0	16	31	156	0	0	116	247	22	124	81	118	67	19	36	13	0	25	48	201	0	50	75	0	0	57	108	0	107	52	165	0	66	193	283	67	203	213	17	12	0	27	49	0	15	36	0	0	54	96	0	71	39	88	0	10	36	0	0	21	78	0	16	21	147	0	0	91	236	0	71	47	94	22	6	0	10	0	13	39	66	0	11	39	0	0	21	78	0	16	31	156	0	0	116	247	22	124	81	118	67	8	12	26	0	18	26	201	0	19	36	13	0	25	48	201	0	50	75	0	0	57	108	0	107	52	165	0	66	193	283	67	203
251	234	79	103	31	217	42	82	0	79	103	31	56	59	0	0	189	273	62	181	200	34	74	0	42	82	0	35	59	0	0	106	230	0	124	79	103	31	45	82	0	0	50	74	0	0	56	59	0	0	189	273	62	181	183	22	57	0	34	74	0	25	49	0	0	81	204	0	71	42	82	0	8	60	0	0	19	60	0	0	35	59	0	0	106	230	0	124	79	103	31	13	84	0	0	27	22	31	0	45	82	0	0	50	74	0	0	56	59	0	0	189	273	62	181	166	13	40	0	22	57	0	12	30	0	0	46	142	0	71	34	74	0	7	60	0	0	19	60	0	0	25	49	0	0	81	204	0	71	42	82	0	1	50	0	0	9	20	0	0	8	60	0	0	19	60	0	0	35	59	0	0	106	230	0	124	79	103	31	9	10	18	0	20	13	62	0	13	84	0	0	27	22	31	0	45	82	0	0	50	74	0	0	56	59	0	0	189	273	62	181
259	242	86	110	12	225	43	72	0	86	110	12	56	109	0	0	195	278	60	99	208	35	46	0	43	72	0	36	60	0	0	110	168	0	66	86	110	12	28	110	0	0	51	70	12	0	56	109	0	0	195	278	60	99	191	26	20	0	35	46	0	30	20	0	0	86	97	0	35	43	72	0	9	5	0	0	17	33	0	0	36	60	0	0	110	168	0	66	86	110	12	22	40	0	0	27	30	48	0	28	110	0	0	51	70	12	0	56	109	0	0	195	278	60	99	174	17	11	0	26	20	0	19	0	0	0	57	35	0	35	35	46	0	9	0	0	0	17	30	0	0	30	20	0	0	86	97	0	35	43	72	0	5	11	0	0	13	22	0	0	9	5	0	0	17	33	0	0	36	60	0	0	110	168	0	66	86	110	12	16	44	0	0	23	44	12	0	22	40	0	0	27	30	48	0	28	110	0	0	51	70	12	0	56	109	0	0	195	278	60	99
199	186	56	33	60	173	36	22	12	56	33	60	48	10	5	12	125	46	60	275	160	21	12	12	36	22	12	28	0	0	12	90	44	12	137	56	33	60	10	0	97	0	22	0	60	0	48	10	5	12	125	46	60	275	147	15	12	12	21	12	12	13	0	0	12	45	24	12	98	36	22	12	9	0	0	0	16	0	12	0	28	0	0	12	90	44	12	137	56	33	60	10	0	57	0	14	0	0	0	10	0	97	0	22	0	60	0	48	10	5	12	125	46	60	275	134	12	11	11	15	12	12	10	0	0	11	31	24	12	50	21	12	12	6	0	0	0	16	0	12	0	13	0	0	12	45	24	12	98	36	22	12	6	0	0	0	11	0	0	0	9	0	0	0	16	0	12	0	28	0	0	12	90	44	12	137	56	33	60	9	11	12	11	14	22	0	0	10	0	57	0	14	0	0	0	10	0	97	0	22	0	60	0	48	10	5	12	125	46	60	275
253	237	48	39	105	221	28	0	65	48	39	105	35	0	39	73	102	39	315	208	205	15	0	63	28	0	65	14	0	32	69	69	0	195	115	48	39	105	7	0	61	32	9	0	0	0	35	0	39	73	102	39	315	208	189	12	0	61	15	0	63	8	0	32	65	33	0	189	98	28	0	65	6	0	0	28	9	0	0	0	14	0	32	69	69	0	195	115	48	39	105	6	0	21	28	6	0	0	0	7	0	61	32	9	0	0	0	35	0	39	73	102	39	315	208	173	12	0	39	12	0	61	8	0	32	29	27	0	183	50	15	0	63	6	0	0	0	9	0	0	0	8	0	32	65	33	0	189	98	28	0	65	6	0	0	0	6	0	0	0	6	0	0	28	9	0	0	0	14	0	32	69	69	0	195	115	48	39	105	8	0	0	72	17	0	0	96	6	0	21	28	6	0	0	0	7	0	61	32	9	0	0	0	35	0	39	73	102	39	315	208
172	161	42	28	28	150	21	0	22	42	28	28	33	0	15	12	88	49	112	12	139	12	0	22	21	0	22	12	0	10	12	52	0	88	0	42	28	28	1	0	20	0	5	0	0	0	33	0	15	12	88	49	112	12	128	11	0	22	12	0	22	8	0	10	12	29	0	88	0	21	0	22	0	0	0	0	5	0	0	0	12	0	10	12	52	0	88	0	42	28	28	1	0	5	0	6	0	0	0	1	0	20	0	5	0	0	0	33	0	15	12	88	49	112	12	117	11	0	21	11	0	22	8	0	10	11	28	0	88	0	12	0	22	0	0	0	0	5	0	0	0	8	0	10	12	29	0	88	0	21	0	22	1	0	0	0	6	0	0	0	0	0	0	0	5	0	0	0	12	0	10	12	52	0	88	0	42	28	28	11	0	0	11	18	0	0	0	1	0	5	0	6	0	0	0	1	0	20	0	5	0	0	0	33	0	15	12	88	49	112	12
230	215	56	68	39	200	26	24	11	56	68	39	24	96	29	11	119	152	156	177	185	17	0	11	26	24	11	15	0	22	11	61	64	44	115	56	68	39	1	0	53	0	23	0	117	0	24	96	29	11	119	152	156	177	170	16	0	11	17	0	11	11	0	22	11	38	0	44	98	26	24	11	0	0	0	0	6	0	33	0	15	0	22	11	61	64	44	115	56	68	39	5	0	5	0	18	0	0	0	1	0	53	0	23	0	117	0	24	96	29	11	119	152	156	177	155	14	0	7	16	0	11	11	0	22	7	37	0	44	50	17	0	11	0	0	0	0	6	0	33	0	11	0	22	11	38	0	44	98	26	24	11	1	0	0	0	8	0	0	0	0	0	0	0	6	0	33	0	15	0	22	11	61	64	44	115	56	68	39	13	0	0	28	20	24	0	0	5	0	5	0	18	0	0	0	1	0	53	0	23	0	117	0	24	96	29	11	119	152	156	177
208	193	56	82	16	178	24	50	0	56	82	16	27	68	5	0	118	178	64	96	163	13	44	0	24	50	0	10	44	0	0	60	122	0	61	56	82	16	11	0	53	0	18	0	16	0	27	68	5	0	118	178	64	96	148	10	44	0	13	44	0	6	44	0	0	31	110	0	46	24	50	0	0	0	0	0	7	0	0	0	10	44	0	0	60	122	0	61	56	82	16	5	0	5	0	11	22	0	0	11	0	53	0	18	0	16	0	27	68	5	0	118	178	64	96	133	8	42	0	10	44	0	6	44	0	0	24	110	0	18	13	44	0	0	0	0	0	7	0	0	0	6	44	0	0	31	110	0	46	24	50	0	1	0	0	0	8	22	0	0	0	0	0	0	7	0	0	0	10	44	0	0	60	122	0	61	56	82	16	11	20	0	0	21	20	0	0	5	0	5	0	11	22	0	0	11	0	53	0	18	0	16	0	27	68	5	0	118	178	64	96
165	154	22	0	78	143	10	0	30	22	0	78	8	0	40	44	54	0	0	248	132	10	0	29	10	0	30	8	0	0	42	26	0	0	110	22	0	78	0	0	0	11	2	0	0	0	8	0	40	44	54	0	0	248	121	10	0	29	10	0	29	8	0	0	42	26	0	0	108	10	0	30	0	0	0	11	2	0	0	0	8	0	0	42	26	0	0	110	22	0	78	0	0	0	0	4	0	0	0	0	0	0	11	2	0	0	0	8	0	40	44	54	0	0	248	110	10	0	29	10	0	29	8	0	0	42	26	0	0	106	10	0	29	0	0	0	11	2	0	0	0	8	0	0	42	26	0	0	108	10	0	30	0	0	0	0	4	0	0	0	0	0	0	11	2	0	0	0	8	0	0	42	26	0	0	110	22	0	78	7	0	0	0	14	0	0	0	0	0	0	0	4	0	0	0	0	0	0	11	2	0	0	0	8	0	40	44	54	0	0	248
192	179	44	30	58	166	21	0	17	44	30	58	20	0	70	49	104	60	174	188	153	20	0	11	21	0	17	16	0	20	22	48	0	51	98	44	30	58	0	0	10	11	20	0	0	12	20	0	70	49	104	60	174	188	140	20	0	11	20	0	11	16	0	0	22	47	0	33	96	21	0	17	0	0	5	11	9	0	0	0	16	0	20	22	48	0	51	98	44	30	58	11	0	0	0	19	0	0	0	0	0	10	11	20	0	0	12	20	0	70	49	104	60	174	188	127	16	0	11	20	0	11	16	0	0	22	47	0	33	94	20	0	11	0	0	0	11	6	0	0	0	16	0	0	22	47	0	33	96	21	0	17	1	0	0	0	10	0	0	0	0	0	5	11	9	0	0	0	16	0	20	22	48	0	51	98	44	30	58	21	0	0	0	18	40	0	0	11	0	0	0	19	0	0	0	0	0	10	11	20	0	0	12	20	0	70	49	104	60	174	188
120	112	27	0	34	104	11	0	0	27	0	34	8	0	30	0	68	0	0	188	96	11	0	0	11	0	0	8	0	0	0	27	0	0	98	27	0	34	0	0	0	0	2	0	0	0	8	0	30	0	68	0	0	188	88	11	0	0	11	0	0	8	0	0	0	27	0	0	96	11	0	0	0	0	0	0	2	0	0	0	8	0	0	0	27	0	0	98	27	0	34	0	0	0	0	4	0	0	0	0	0	0	0	2	0	0	0	8	0	30	0	68	0	0	188	80	11	0	0	11	0	0	8	0	0	0	27	0	0	94	11	0	0	0	0	0	0	2	0	0	0	8	0	0	0	27	0	0	96	11	0	0	0	0	0	0	4	0	0	0	0	0	0	0	2	0	0	0	8	0	0	0	27	0	0	98	27	0	34	6	0	0	0	16	0	0	0	0	0	0	0	4	0	0	0	0	0	0	0	2	0	0	0	8	0	30	0	68	0	0	188
207	191	54	87	21	175	18	55	0	54	87	21	20	44	30	0	119	233	84	83	159	16	55	0	18	55	0	12	44	0	0	42	154	0	33	54	87	21	10	0	0	0	28	24	0	0	20	44	30	0	119	233	84	83	143	14	55	0	16	55	0	12	44	0	0	37	154	0	33	18	55	0	0	0	0	0	5	22	0	0	12	44	0	0	42	154	0	33	54	87	21	10	0	0	0	21	22	0	0	10	0	0	0	28	24	0	0	20	44	30	0	119	233	84	83	127	10	51	0	14	55	0	12	44	0	0	31	154	0	33	16	55	0	0	0	0	0	5	22	0	0	12	44	0	0	37	154	0	33	18	55	0	0	0	0	0	8	22	0	0	0	0	0	0	5	22	0	0	12	44	0	0	42	154	0	33	54	87	21	13	28	0	0	18	28	0	0	10	0	0	0	21	22	0	0	10	0	0	0	28	24	0	0	20	44	30	0	119	233	84	83
133	123	38	31	0	113	13	16	0	38	31	0	12	0	0	0	85	69	0	0	103	13	16	0	13	16	0	12	0	0	0	32	24	0	0	38	31	0	0	0	0	0	34	0	0	0	12	0	0	0	85	69	0	0	93	13	16	0	13	16	0	12	0	0	0	32	24	0	0	13	16	0	0	0	0	0	6	0	0	0	12	0	0	0	32	24	0	0	38	31	0	10	0	0	0	24	0	0	0	0	0	0	0	34	0	0	0	12	0	0	0	85	69	0	0	83	9	16	0	13	16	0	12	0	0	0	32	24	0	0	13	16	0	0	0	0	0	6	0	0	0	12	0	0	0	32	24	0	0	13	16	0	0	0	0	0	6	0	0	0	0	0	0	0	6	0	0	0	12	0	0	0	32	24	0	0	38	31	0	15	0	0	0	12	12	0	0	10	0	0	0	24	0	0	0	0	0	0	0	34	0	0	0	12	0	0	0	85	69	0	0
219	203	64	55	79	187	33	0	71	64	55	79	57	0	70	42	141	165	395	0	171	22	0	51	33	0	71	22	0	69	5	89	0	355	0	64	55	79	19	0	13	97	43	110	0	39	57	0	70	42	141	165	395	0	155	14	0	13	22	0	51	12	0	57	0	55	0	255	0	33	0	71	1	0	13	0	10	0	0	11	22	0	69	5	89	0	355	0	64	55	79	16	0	30	26	32	55	0	194	19	0	13	97	43	110	0	39	57	0	70	42	141	165	395	0	139	7	0	10	14	0	13	8	0	0	0	33	0	65	0	22	0	51	0	0	12	0	10	0	0	11	12	0	57	0	55	0	255	0	33	0	71	1	0	30	20	12	0	0	83	1	0	13	0	10	0	0	11	22	0	69	5	89	0	355	0	64	55	79	14	0	21	30	16	11	0	0	16	0	30	26	32	55	0	194	19	0	13	97	43	110	0	39	57	0	70	42	141	165	395	0
237	219	56	73	92	201	30	45	62	56	73	92	35	30	50	76	135	131	184	79	183	24	45	28	30	45	62	24	30	49	5	81	90	124	17	56	73	92	11	0	13	81	49	67	0	115	35	30	50	76	135	131	184	79	165	19	41	0	24	45	28	15	30	41	0	60	90	56	11	30	45	62	1	0	13	0	9	15	0	23	24	30	49	5	81	90	124	17	56	73	92	9	52	0	0	30	69	0	163	11	0	13	81	49	67	0	115	35	30	50	76	135	131	184	79	147	11	13	0	19	41	0	14	26	0	0	47	80	0	11	24	45	28	0	0	12	0	9	15	0	23	15	30	41	0	60	90	56	11	30	45	62	0	0	0	0	10	30	0	83	1	0	13	0	9	15	0	23	24	30	49	5	81	90	124	17	56	73	92	9	26	49	0	10	13	184	0	9	52	0	0	30	69	0	163	11	0	13	81	49	67	0	115	35	30	50	76	135	131	184	79
150	139	52	28	23	128	28	0	13	52	28	23	40	0	39	0	116	70	92	21	117	20	0	12	28	0	13	20	0	39	0	74	0	52	0	52	28	23	8	0	13	12	38	49	0	0	40	0	39	0	116	70	92	21	106	16	0	0	20	0	12	13	0	36	0	50	0	48	0	28	0	13	1	0	13	0	11	0	0	0	20	0	39	0	74	0	52	0	52	28	23	12	0	0	0	29	28	0	67	8	0	13	12	38	49	0	0	40	0	39	0	116	70	92	21	95	10	0	0	16	0	0	12	0	0	0	39	0	0	0	20	0	12	0	0	12	0	11	0	0	0	13	0	36	0	50	0	48	0	28	0	13	0	0	0	0	12	0	0	22	1	0	13	0	11	0	0	0	20	0	39	0	74	0	52	0	52	28	23	11	0	7	0	10	7	0	0	12	0	0	0	29	28	0	67	8	0	13	12	38	49	0	0	40	0	39	0	116	70	92	21
153	142	37	10	58	131	21	0	33	37	10	58	21	0	11	42	89	10	58	79	120	18	0	16	21	0	33	18	0	10	5	54	0	33	17	37	10	58	2	0	0	69	35	30	0	39	21	0	11	42	89	10	58	79	109	16	0	0	18	0	16	12	0	5	0	42	0	16	11	21	0	33	0	0	0	0	7	0	0	11	18	0	10	5	54	0	33	17	37	10	58	11	0	0	0	26	20	0	96	2	0	0	69	35	30	0	39	21	0	11	42	89	10	58	79	98	10	0	0	16	0	0	12	0	0	0	37	0	0	11	18	0	16	0	0	0	0	7	0	0	11	12	0	5	0	42	0	16	11	21	0	33	0	0	0	0	8	0	0	61	0	0	0	0	7	0	0	11	18	0	10	5	54	0	33	17	37	10	58	11	0	18	0	9	0	0	0	11	0	0	0	26	20	0	96	2	0	0	69	35	30	0	39	21	0	11	42	89	10	58	79
198	182	56	85	31	166	25	55	10	56	85	31	32	66	11	10	129	194	93	79	150	18	55	5	25	55	10	16	66	10	5	71	132	30	17	56	85	31	14	0	0	25	42	69	0	0	32	66	11	10	129	194	93	79	134	12	49	0	18	55	5	7	66	5	0	45	132	15	11	25	55	10	1	0	0	0	8	33	0	0	16	66	10	5	71	132	30	17	56	85	31	7	48	0	0	26	54	0	12	14	0	0	25	42	69	0	0	32	66	11	10	129	194	93	79	118	7	24	0	12	49	0	6	48	0	0	29	117	0	11	18	55	5	0	0	0	0	8	33	0	0	7	66	5	0	45	132	15	11	25	55	10	0	0	0	0	10	22	0	0	1	0	0	0	8	33	0	0	16	66	10	5	71	132	30	17	56	85	31	2	72	18	0	11	8	62	0	7	48	0	0	26	54	0	12	14	0	0	25	42	69	0	0	32	66	11	10	129	194	93	79
176	162	47	43	58	148	25	13	29	47	43	58	56	0	39	39	110	69	174	133	134	13	10	29	25	13	29	19	0	36	39	76	39	87	94	47	43	58	16	30	7	0	13	13	0	0	56	0	39	39	110	69	174	133	120	5	0	28	13	10	29	7	0	36	36	36	30	87	68	25	13	29	1	0	7	0	8	13	0	0	19	0	36	39	76	39	87	94	47	43	58	3	0	16	12	8	26	58	0	16	30	7	0	13	13	0	0	56	0	39	39	110	69	174	133	106	1	0	12	5	0	28	0	0	35	0	15	0	84	13	13	10	29	0	0	7	0	8	10	0	0	7	0	36	36	36	30	87	68	25	13	29	1	0	0	0	8	26	29	0	1	0	7	0	8	13	0	0	19	0	36	39	76	39	87	94	47	43	58	3	0	24	20	17	0	0	67	3	0	16	12	8	26	58	0	16	30	7	0	13	13	0	0	56	0	39	39	110	69	174	133
211	194	53	82	62	177	25	30	40	53	82	62	37	120	30	49	119	172	248	102	160	13	0	40	25	30	40	15	0	27	49	71	80	160	84	53	82	62	13	0	50	0	10	0	186	0	37	120	30	49	119	172	248	102	143	7	0	37	13	0	40	2	0	27	44	35	0	160	63	25	30	40	1	0	47	0	6	0	120	0	15	0	27	49	71	80	160	84	53	82	62	7	0	11	28	21	0	0	0	13	0	50	0	10	0	186	0	37	120	30	49	119	172	248	102	126	5	0	10	7	0	37	1	0	26	0	19	0	148	13	13	0	40	0	0	47	0	6	0	120	0	2	0	27	44	35	0	160	63	25	30	40	1	0	10	0	8	0	0	0	1	0	47	0	6	0	120	0	15	0	27	49	71	80	160	84	53	82	62	6	0	0	36	23	14	0	98	7	0	11	28	21	0	0	0	13	0	50	0	10	0	186	0	37	120	30	49	119	172	248	102
188	172	68	92	18	156	30	44	7	68	92	18	49	123	14	0	164	266	90	79	140	21	21	7	30	44	7	27	18	14	0	82	153	35	71	68	92	18	18	30	7	0	20	14	54	0	49	123	14	0	164	266	90	79	124	15	14	7	21	21	7	18	0	14	0	52	78	35	51	30	44	7	5	0	7	0	6	11	21	0	27	18	14	0	82	153	35	71	68	92	18	26	14	0	0	27	28	18	0	18	30	7	0	20	14	54	0	49	123	14	0	164	266	90	79	108	9	11	4	15	14	7	17	0	14	0	36	56	35	13	21	21	7	4	0	7	0	6	6	21	0	18	0	14	0	52	78	35	51	30	44	7	0	11	0	0	8	22	7	0	5	0	7	0	6	11	21	0	27	18	14	0	82	153	35	71	68	92	18	15	33	0	12	26	55	0	0	26	14	0	0	27	28	18	0	18	30	7	0	20	14	54	0	49	123	14	0	164	266	90	79
221	203	70	83	91	185	38	62	34	70	83	91	65	114	16	93	171	236	91	283	167	27	24	33	38	62	34	33	72	13	89	109	209	34	189	70	83	91	21	24	33	10	24	16	273	0	65	114	16	93	171	236	91	283	149	16	0	25	27	24	33	24	0	13	64	74	60	33	112	38	62	34	5	0	30	5	10	13	102	0	33	72	13	89	109	209	34	189	70	83	91	27	0	68	53	32	32	182	0	21	24	33	10	24	16	273	0	65	114	16	93	171	236	91	283	131	6	0	0	16	0	25	15	0	12	0	46	0	25	13	27	24	33	4	0	30	0	10	12	99	0	24	0	13	64	74	60	33	112	38	62	34	1	0	21	0	12	26	68	0	5	0	30	5	10	13	102	0	33	72	13	89	109	209	34	189	70	83	91	21	0	37	0	15	65	0	110	27	0	68	53	32	32	182	0	21	24	33	10	24	16	273	0	65	114	16	93	171	236	91	283
158	145	52	49	39	132	28	29	0	52	49	39	60	37	0	0	128	121	78	225	119	16	18	0	28	29	0	19	18	0	0	82	106	0	156	52	49	39	16	26	0	0	15	35	39	0	60	37	0	0	128	121	78	225	106	6	8	0	16	18	0	8	8	0	0	42	64	0	96	28	29	0	0	8	0	0	7	32	0	0	19	18	0	0	82	106	0	156	52	49	39	5	16	42	0	17	22	39	0	16	26	0	0	15	35	39	0	60	37	0	0	128	121	78	225	93	1	0	0	6	8	0	0	0	0	0	16	32	0	13	16	18	0	0	0	0	0	7	28	0	0	8	8	0	0	42	64	0	96	28	29	0	1	0	0	0	10	20	0	0	0	8	0	0	7	32	0	0	19	18	0	0	82	106	0	156	52	49	39	3	0	37	0	14	10	39	0	5	16	42	0	17	22	39	0	16	26	0	0	15	35	39	0	60	37	0	0	128	121	78	225
144	132	21	0	90	120	7	0	49	21	0	90	6	0	66	78	59	0	0	177	108	4	0	46	7	0	49	2	0	7	69	20	0	0	76	21	0	90	1	0	24	39	5	0	0	0	6	0	66	78	59	0	0	177	96	3	0	46	4	0	46	1	0	7	69	11	0	0	76	7	0	49	0	0	0	39	5	0	0	0	2	0	7	69	20	0	0	76	21	0	90	1	0	8	0	6	0	0	0	1	0	24	39	5	0	0	0	6	0	66	78	59	0	0	177	84	3	0	45	3	0	46	1	0	7	66	7	0	0	72	4	0	46	0	0	0	36	2	0	0	0	1	0	7	69	11	0	0	76	7	0	49	1	0	0	0	6	0	0	0	0	0	0	39	5	0	0	0	2	0	7	69	20	0	0	76	21	0	90	3	0	0	12	15	0	0	0	1	0	8	0	6	0	0	0	1	0	24	39	5	0	0	0	6	0	66	78	59	0	0	177
129	118	41	24	36	107	20	0	7	41	24	36	24	0	58	21	99	64	108	138	96	18	0	7	20	0	7	21	0	7	21	45	0	21	76	41	24	36	4	0	16	0	6	0	0	0	24	0	58	21	99	64	108	138	85	18	0	7	18	0	7	21	0	7	21	39	0	21	76	20	0	7	4	0	0	0	3	0	0	0	21	0	7	21	45	0	21	76	41	24	36	21	0	0	0	19	0	0	0	4	0	16	0	6	0	0	0	24	0	58	21	99	64	108	138	74	14	0	7	18	0	7	21	0	7	21	39	0	21	72	18	0	7	4	0	0	0	1	0	0	0	21	0	7	21	39	0	21	76	20	0	7	1	0	0	0	6	0	0	0	4	0	0	0	3	0	0	0	21	0	7	21	45	0	21	76	41	24	36	22	0	0	0	20	32	0	0	21	0	0	0	19	0	0	0	4	0	16	0	6	0	0	0	24	0	58	21	99	64	108	138
96	88	25	0	46	80	9	0	0	25	0	46	12	0	92	0	75	0	0	268	72	4	0	0	9	0	0	2	0	0	0	25	0	0	110	25	0	46	1	0	48	0	6	0	0	0	12	0	92	0	75	0	0	268	64	3	0	0	4	0	0	1	0	0	0	11	0	0	109	9	0	0	0	0	0	0	6	0	0	0	2	0	0	0	25	0	0	110	25	0	46	1	0	8	0	8	0	0	0	1	0	48	0	6	0	0	0	12	0	92	0	75	0	0	268	56	3	0	0	3	0	0	1	0	0	0	7	0	0	97	4	0	0	0	0	0	0	2	0	0	0	1	0	0	0	11	0	0	109	9	0	0	1	0	0	0	8	0	0	0	0	0	0	0	6	0	0	0	2	0	0	0	25	0	0	110	25	0	46	3	0	0	0	20	0	0	0	1	0	8	0	8	0	0	0	1	0	48	0	6	0	0	0	12	0	92	0	75	0	0	268
116	105	40	37	16	94	17	18	0	40	37	16	23	9	48	0	94	75	48	80	83	16	18	0	17	18	0	20	9	0	0	39	27	0	47	40	37	16	4	0	6	0	5	0	0	0	23	9	48	0	94	75	48	80	72	16	18	0	16	18	0	20	9	0	0	36	27	0	47	17	18	0	4	0	0	0	2	0	0	0	20	9	0	0	39	27	0	47	40	37	16	21	0	0	0	17	0	0	0	4	0	6	0	5	0	0	0	23	9	48	0	94	75	48	80	61	12	18	0	16	18	0	20	9	0	0	36	27	0	44	16	18	0	4	0	0	0	1	0	0	0	20	9	0	0	36	27	0	47	17	18	0	1	0	0	0	4	0	0	0	4	0	0	0	2	0	0	0	20	9	0	0	39	27	0	47	40	37	16	22	0	0	0	20	24	0	0	21	0	0	0	17	0	0	0	4	0	6	0	5	0	0	0	23	9	48	0	94	75	48	80
80	72	37	22	6	64	17	12	0	37	22	6	23	6	18	0	86	42	18	18	56	16	12	0	17	12	0	20	6	0	0	39	18	0	7	37	22	6	4	0	6	0	5	0	0	0	23	6	18	0	86	42	18	18	48	16	12	0	16	12	0	20	6	0	0	36	18	0	7	17	12	0	4	0	0	0	2	0	0	0	20	6	0	0	39	18	0	7	37	22	6	21	0	0	0	17	0	0	0	4	0	6	0	5	0	0	0	23	6	18	0	86	42	18	18	40	12	12	0	16	12	0	20	6	0	0	36	18	0	7	16	12	0	4	0	0	0	1	0	0	0	20	6	0	0	36	18	0	7	17	12	0	1	0	0	0	4	0	0	0	4	0	0	0	2	0	0	0	20	6	0	0	39	18	0	7	37	22	6	22	0	0	0	19	12	0	0	21	0	0	0	17	0	0	0	4	0	6	0	5	0	0	0	23	6	18	0	86	42	18	18
169	153	41	29	109	137	23	15	81	41	29	109	23	0	38	90	105	14	109	58	121	23	15	59	23	15	81	23	0	33	14	63	0	81	7	41	29	109	7	0	0	53	10	0	0	80	23	0	38	90	105	14	109	58	105	21	15	58	23	15	59	23	0	25	14	63	0	59	7	23	15	81	5	0	0	51	2	0	0	47	23	0	33	14	63	0	81	7	41	29	109	28	0	0	10	28	28	0	0	7	0	0	53	10	0	0	80	23	0	38	90	105	14	109	58	89	14	15	58	21	15	58	21	0	24	14	54	0	58	7	23	15	59	5	0	0	51	2	0	0	47	23	0	25	14	63	0	59	7	23	15	81	2	0	0	10	4	0	0	0	5	0	0	51	2	0	0	47	23	0	33	14	63	0	81	7	40	29	109	22	0	11	0	8	14	0	0	28	0	0	10	28	28	0	0	7	0	0	53	10	0	0	80	23	0	38	90	102	14	109	58
113	102	46	31	40	91	21	10	35	46	31	40	26	0	39	52	116	82	120	0	80	20	10	11	21	10	35	23	0	37	0	59	40	105	0	46	31	40	13	0	0	22	16	7	0	153	26	0	39	52	116	82	120	0	69	16	10	10	20	10	11	21	0	11	0	54	40	33	0	21	10	35	5	0	0	20	2	0	0	74	23	0	37	0	59	40	105	0	46	31	40	27	0	0	10	26	28	0	0	13	0	0	22	16	7	0	153	26	0	39	52	116	82	120	0	58	10	7	10	16	10	10	19	0	10	0	40	40	30	0	20	10	11	5	0	0	20	2	0	0	73	21	0	11	0	54	40	33	0	21	10	35	2	0	0	10	4	0	0	0	5	0	0	20	2	0	0	74	23	0	37	0	59	40	105	0	45	31	40	19	21	0	0	9	7	0	0	27	0	0	10	26	28	0	0	13	0	0	22	16	7	0	153	26	0	39	52	113	82	120	0
146	132	58	49	61	118	28	13	49	58	49	61	41	0	60	98	158	142	244	0	104	24	13	11	28	13	49	29	0	51	0	84	52	196	0	58	49	61	25	0	10	22	27	27	0	210	41	0	60	98	158	142	244	0	90	17	9	10	24	13	11	21	0	11	0	68	52	44	0	28	13	49	5	0	8	20	5	0	0	81	29	0	51	0	84	52	196	0	58	49	61	24	36	0	10	30	63	0	0	25	0	10	22	27	27	0	210	41	0	60	98	158	142	244	0	76	11	0	10	17	9	10	19	0	10	0	44	36	40	0	24	13	11	5	0	0	20	3	0	0	80	21	0	11	0	68	52	44	0	28	13	49	2	0	0	10	6	0	0	0	5	0	8	20	5	0	0	81	29	0	51	0	84	52	196	0	57	49	61	22	0	11	0	11	9	61	0	24	36	0	10	30	63	0	0	25	0	10	22	27	27	0	210	41	0	60	98	155	142	244	0
200	178	82	176	41	156	32	116	18	82	176	41	36	222	37	42	201	479	205	58	134	28	112	0	32	116	18	20	210	30	0	92	308	90	7	82	176	41	42	56	0	0	34	41	0	109	36	222	37	42	201	479	205	58	112	17	92	0	28	112	0	10	210	0	0	75	308	0	7	32	116	18	2	56	0	0	3	14	0	41	20	210	30	0	92	308	90	7	79	176	41	17	180	0	0	29	109	0	0	42	56	0	0	34	41	0	109	36	222	37	42	195	479	205	58	90	11	41	0	17	92	0	6	150	0	0	38	243	0	7	28	112	0	1	56	0	0	3	14	0	40	10	210	0	0	75	308	0	7	29	116	18	2	0	0	0	6	28	0	0	2	56	0	0	3	14	0	41	20	210	30	0	86	308	90	7	76	176	41	7	135	11	0	10	51	164	0	17	180	0	0	29	109	0	0	42	56	0	0	34	41	0	109	34	222	37	42	185	479	205	58
119	106	42	54	17	93	19	36	0	42	54	17	19	36	0	0	99	86	34	58	80	19	36	0	19	36	0	19	36	0	0	52	63	0	7	42	54	17	7	0	0	0	11	0	0	0	19	36	0	0	99	86	34	58	67	17	36	0	19	36	0	19	36	0	0	52	63	0	7	19	36	0	5	0	0	0	2	0	0	0	19	36	0	0	52	63	0	7	42	54	17	27	0	0	0	26	14	0	0	7	0	0	0	11	0	0	0	19	36	0	0	99	86	34	58	54	11	32	0	17	36	0	17	36	0	0	43	63	0	7	19	36	0	5	0	0	0	2	0	0	0	19	36	0	0	52	63	0	7	19	36	0	2	0	0	0	4	0	0	0	5	0	0	0	2	0	0	0	19	36	0	0	52	63	0	7	40	54	17	18	28	0	0	8	7	0	0	27	0	0	0	26	14	0	0	7	0	0	0	11	0	0	0	19	36	0	0	95	86	34	58
178	160	54	32	144	142	30	0	105	54	32	144	48	0	70	92	143	80	288	159	124	25	0	104	30	0	105	29	0	70	89	91	0	210	102	54	32	144	35	0	0	12	21	32	0	0	48	0	70	92	143	80	288	159	106	11	0	84	25	0	104	21	0	70	47	74	0	208	22	30	0	105	5	0	0	0	4	0	0	0	29	0	70	89	91	0	210	102	54	32	144	3	0	45	87	8	0	0	91	35	0	0	12	21	32	0	0	48	0	70	92	143	80	288	159	88	4	0	56	11	0	84	7	0	59	44	27	0	168	20	25	0	104	5	0	0	0	4	0	0	0	21	0	70	47	74	0	208	22	30	0	105	2	0	0	31	8	0	0	34	5	0	0	0	4	0	0	0	29	0	70	89	91	0	210	102	53	32	144	0	0	48	75	10	0	0	123	3	0	45	87	8	0	0	91	35	0	0	12	21	32	0	0	48	0	70	92	140	80	288	159
129	115	65	59	31	101	31	24	22	65	59	31	62	0	66	0	167	156	155	41	87	22	14	22	31	24	22	29	0	66	0	96	72	110	18	65	59	31	36	70	0	0	22	47	0	0	62	0	66	0	167	156	155	41	73	9	0	22	22	14	22	19	0	66	0	66	42	110	0	31	24	22	6	0	0	0	4	12	0	0	29	0	66	0	96	72	110	18	62	59	31	9	0	36	0	11	24	62	0	36	70	0	0	22	47	0	0	62	0	66	0	161	156	155	41	59	3	0	17	9	0	22	3	0	66	0	22	0	110	0	22	14	22	5	0	0	0	3	7	0	0	19	0	66	0	66	42	110	0	28	24	22	2	0	0	0	9	24	44	0	6	0	0	0	4	12	0	0	29	0	66	0	90	72	110	18	59	59	31	3	0	27	38	12	24	0	0	9	0	36	0	11	24	62	0	36	70	0	0	22	47	0	0	60	0	66	0	151	156	155	41
179	160	64	89	105	141	29	45	73	64	89	105	48	71	59	82	173	269	315	142	122	22	26	62	29	45	73	23	26	58	62	90	145	219	102	64	89	105	29	78	0	88	26	65	105	0	48	71	59	82	173	269	315	142	103	9	0	21	22	26	62	17	0	56	0	70	65	186	22	29	45	73	5	0	0	0	5	0	73	0	23	26	58	62	90	145	219	102	62	89	105	4	0	59	50	16	0	210	206	29	78	0	88	26	65	105	0	48	71	59	82	169	269	315	142	84	3	0	0	9	0	21	3	0	37	0	24	0	63	20	22	26	62	5	0	0	0	4	0	62	0	17	0	56	0	70	65	186	22	27	45	73	2	0	11	0	11	0	146	70	5	0	0	0	5	0	73	0	23	26	58	62	86	145	219	102	61	89	105	3	0	34	0	18	17	0	123	4	0	59	50	16	0	210	206	29	78	0	88	26	65	105	0	48	71	59	82	166	269	315	142
123	109	60	54	46	95	29	43	0	60	54	46	47	20	0	0	159	186	46	268	81	25	40	0	29	43	0	31	20	0	0	84	169	0	183	60	54	46	43	30	0	0	26	10	0	0	47	20	0	0	159	186	46	268	67	11	19	0	25	40	0	21	18	0	0	67	157	0	81	29	43	0	5	10	0	0	3	10	0	0	31	20	0	0	84	169	0	183	56	54	46	5	29	45	0	8	20	92	0	43	30	0	0	26	10	0	0	47	20	0	0	151	186	46	268	54	4	10	0	11	19	0	7	0	0	0	22	66	0	78	25	40	0	4	10	0	0	3	9	0	0	21	18	0	0	67	157	0	81	28	43	0	0	20	0	0	6	20	0	0	5	10	0	0	3	10	0	0	31	20	0	0	82	169	0	183	54	41	46	0	0	48	0	8	10	46	0	5	29	45	0	8	20	92	0	43	30	0	0	26	10	0	0	45	20	0	0	144	147	46	268
133	118	68	80	18	103	30	42	0	68	80	18	48	108	0	0	181	250	72	102	88	23	18	0	30	42	0	23	36	0	0	92	142	0	67	67	80	18	34	72	0	0	24	42	36	0	48	108	0	0	178	250	72	102	73	10	0	0	23	18	0	19	0	0	0	69	60	0	11	29	42	0	6	0	0	0	4	10	0	0	23	36	0	0	89	142	0	67	64	80	18	9	0	45	0	16	24	54	0	34	72	0	0	24	42	36	0	48	108	0	0	172	250	72	102	58	4	0	0	10	0	0	3	0	0	0	25	0	0	10	22	18	0	5	0	0	0	3	6	0	0	19	0	0	0	66	60	0	11	26	42	0	2	0	0	0	9	20	0	0	6	0	0	0	4	10	0	0	23	36	0	0	83	142	0	67	61	80	18	3	0	27	0	20	24	0	0	9	0	45	0	16	24	54	0	34	72	0	0	24	42	36	0	46	108	0	0	162	250	72	102
134	119	32	14	114	104	18	0	56	32	14	114	27	0	25	85	86	0	114	344	89	4	0	56	18	0	56	2	0	0	85	55	0	56	200	31	14	114	1	0	76	0	4	0	0	0	27	0	25	85	83	0	114	344	74	3	0	56	4	0	56	0	0	0	85	12	0	56	188	17	0	56	1	0	0	0	4	0	0	0	2	0	0	85	52	0	56	200	30	14	114	2	0	9	0	9	0	0	0	1	0	76	0	4	0	0	0	27	0	25	85	81	0	114	344	59	3	0	51	3	0	56	0	0	0	75	8	0	56	127	3	0	56	1	0	0	0	0	0	0	0	0	0	0	85	9	0	56	188	16	0	56	2	0	0	0	9	0	0	0	1	0	0	0	4	0	0	0	2	0	0	85	50	0	56	200	29	14	114	3	0	0	50	11	0	0	0	2	0	9	0	9	0	0	0	1	0	76	0	4	0	0	0	27	0	25	85	78	0	114	344
88	78	27	16	38	68	13	0	22	27	16	38	23	0	12	33	64	16	76	49	58	3	0	22	13	0	22	0	0	0	33	37	0	44	22	25	16	38	0	0	32	0	3	0	0	0	23	0	12	33	58	16	76	49	48	3	0	22	3	0	22	0	0	0	33	8	0	44	22	11	0	22	0	0	0	0	3	0	0	0	0	0	0	33	31	0	44	22	24	16	38	0	0	0	0	8	0	0	0	0	0	32	0	3	0	0	0	23	0	12	33	56	16	76	49	38	3	0	22	3	0	22	0	0	0	33	8	0	44	22	1	0	22	0	0	0	0	0	0	0	0	0	0	0	33	2	0	44	22	10	0	22	0	0	0	0	7	0	0	0	0	0	0	0	3	0	0	0	0	0	0	33	29	0	44	22	24	16	38	3	0	0	0	12	0	0	0	0	0	0	0	8	0	0	0	0	0	32	0	3	0	0	0	23	0	12	33	56	16	76	49
145	128	44	74	79	111	18	22	33	44	74	79	21	88	25	44	108	185	316	298	94	8	0	32	18	22	33	4	0	0	43	50	55	132	200	40	74	79	0	0	58	10	8	0	158	0	21	88	25	44	98	185	316	298	77	8	0	30	8	0	32	4	0	0	41	21	0	128	188	14	22	33	0	0	0	8	3	0	66	0	4	0	0	43	40	55	132	200	36	74	79	1	0	0	16	14	0	0	0	0	0	58	10	8	0	158	0	17	88	25	44	87	185	316	298	60	7	0	19	8	0	30	4	0	0	27	21	0	120	127	4	0	32	0	0	0	0	0	0	64	0	4	0	0	41	11	0	128	188	10	22	33	0	0	0	0	7	0	0	0	0	0	0	8	3	0	66	0	0	0	0	43	29	55	132	200	36	74	79	9	0	0	24	21	15	0	39	1	0	0	16	14	0	0	0	0	0	58	10	8	0	158	0	17	88	25	44	87	185	316	298
88	78	22	16	40	68	10	0	30	22	16	40	17	0	0	33	47	16	80	31	58	3	0	30	10	0	30	0	0	0	33	27	0	60	22	20	16	40	0	0	14	0	2	0	0	0	17	0	0	33	41	16	80	31	48	3	0	30	3	0	30	0	0	0	33	8	0	60	22	8	0	30	0	0	0	0	2	0	0	0	0	0	0	33	21	0	60	22	19	16	40	0	0	0	0	6	0	0	0	0	0	14	0	2	0	0	0	17	0	0	33	39	16	80	31	38	3	0	27	3	0	30	0	0	0	27	8	0	60	22	1	0	30	0	0	0	0	0	0	0	0	0	0	0	33	2	0	60	22	7	0	30	0	0	0	0	5	0	0	0	0	0	0	0	2	0	0	0	0	0	0	33	19	0	60	22	19	16	40	3	0	0	24	10	0	0	0	0	0	0	0	6	0	0	0	0	0	14	0	2	0	0	0	17	0	0	33	39	16	80	31
111	97	51	64	26	83	24	34	0	51	64	26	33	63	25	0	126	141	78	154	69	14	13	0	24	34	0	12	0	0	0	69	82	0	95	44	64	26	14	0	58	0	7	10	78	0	33	63	25	0	112	141	78	154	56	11	13	0	14	13	0	10	0	0	0	38	26	0	84	19	34	0	2	0	0	0	2	7	0	0	12	0	0	0	58	82	0	95	38	51	26	10	0	0	0	9	30	0	0	14	0	58	0	7	10	78	0	27	63	25	0	96	115	78	154	43	7	10	0	11	13	0	6	0	0	0	27	26	0	43	9	13	0	1	0	0	0	0	0	0	0	10	0	0	0	27	26	0	84	13	21	0	0	0	0	0	4	21	0	0	2	0	0	0	2	7	0	0	6	0	0	0	42	56	0	95	35	51	26	8	30	0	0	13	40	0	0	10	0	0	0	9	30	0	0	13	0	58	0	7	10	78	0	23	63	25	0	85	115	78	154
83	72	50	30	37	61	20	0	19	49	30	37	23	0	84	63	124	90	185	79	50	19	0	0	19	0	19	18	0	44	0	51	0	95	33	42	30	37	15	0	0	0	10	6	0	123	20	0	84	63	109	90	185	79	39	16	0	0	18	0	0	16	0	0	0	46	0	0	32	12	0	19	3	0	0	0	0	0	0	73	15	0	44	0	36	0	95	33	34	30	37	13	0	0	0	10	18	0	0	14	0	0	0	10	6	0	123	11	0	84	63	89	90	185	79	28	11	0	0	15	0	0	12	0	0	0	35	0	0	30	11	0	0	2	0	0	0	0	0	0	62	13	0	0	0	31	0	0	32	4	0	19	0	0	0	0	0	0	0	0	2	0	0	0	0	0	0	73	6	0	44	0	16	0	95	33	31	30	37	11	0	0	0	15	30	0	0	13	0	0	0	10	18	0	0	13	0	0	0	10	6	0	123	7	0	84	63	78	90	185	79
88	76	41	29	44	64	16	11	6	37	29	44	14	0	73	24	91	60	88	183	53	16	11	0	15	11	6	14	0	18	0	37	33	12	85	30	18	44	4	0	0	0	5	0	0	18	11	0	73	24	76	27	88	183	42	15	11	0	15	11	0	14	0	0	0	37	33	0	84	8	0	6	2	0	0	0	0	0	0	0	11	0	18	0	22	0	12	85	23	18	44	5	0	0	0	12	9	0	0	3	0	0	0	5	0	0	18	2	0	73	24	58	27	88	183	31	12	11	0	14	11	0	12	0	0	0	33	33	0	82	8	0	0	2	0	0	0	0	0	0	0	11	0	0	0	22	0	0	84	1	0	6	0	0	0	0	0	0	0	0	1	0	0	0	0	0	0	0	2	0	18	0	4	0	12	85	22	18	44	14	0	0	0	20	27	0	0	5	0	0	0	12	9	0	0	2	0	0	0	5	0	0	18	0	0	73	24	54	27	88	183
66	57	27	8	48	48	11	8	0	23	8	48	10	0	43	0	53	24	0	297	40	11	8	0	10	8	0	10	0	0	0	25	24	0	141	17	0	48	1	0	0	0	1	0	0	0	7	0	43	0	39	0	0	297	32	11	8	0	10	8	0	10	0	0	0	25	24	0	140	4	0	0	1	0	0	0	0	0	0	0	7	0	0	0	11	0	0	141	13	0	48	0	0	0	0	6	0	0	0	0	0	0	0	1	0	0	0	0	0	43	0	28	0	0	297	24	11	8	0	10	8	0	10	0	0	0	25	24	0	138	4	0	0	1	0	0	0	0	0	0	0	7	0	0	0	11	0	0	140	0	0	0	0	0	0	0	0	0	0	0	0	0	0	0	0	0	0	0	0	0	0	0	0	0	0	141	13	0	48	12	0	0	0	16	0	0	0	0	0	0	0	6	0	0	0	0	0	0	0	1	0	0	0	0	0	43	0	28	0	0	297
79	66	46	58	18	53	14	36	0	41	58	18	10	36	43	0	94	143	54	105	42	14	36	0	13	36	0	10	36	0	0	31	99	0	33	28	36	18	4	0	0	0	5	0	0	0	7	36	43	0	65	99	54	105	33	13	36	0	13	36	0	10	36	0	0	31	99	0	32	7	18	0	2	0	0	0	0	0	0	0	7	36	0	0	17	63	0	33	22	18	18	8	0	0	0	11	6	0	0	3	0	0	0	5	0	0	0	2	0	43	0	52	36	54	105	24	9	30	0	12	36	0	8	36	0	0	27	99	0	30	7	18	0	2	0	0	0	0	0	0	0	7	36	0	0	17	63	0	32	1	0	0	0	0	0	0	0	0	0	0	1	0	0	0	0	0	0	0	2	0	0	0	4	0	0	33	21	18	18	8	36	0	0	17	24	0	0	8	0	0	0	11	6	0	0	2	0	0	0	5	0	0	0	0	0	43	0	48	36	54	105
63	51	37	54	0	40	12	36	0	30	43	0	8	45	0	0	69	94	0	0	32	12	35	0	12	28	0	8	42	0	0	31	63	0	0	23	19	0	3	7	0	0	4	0	0	0	8	21	0	0	55	38	0	0	25	11	35	0	12	28	0	8	42	0	0	31	63	0	0	7	7	0	1	7	0	0	0	0	0	0	8	21	0	0	20	14	0	0	17	12	0	8	0	0	0	8	4	0	0	3	0	0	0	4	0	0	0	2	0	0	0	39	24	0	0	18	7	32	0	11	28	0	6	42	0	0	27	63	0	0	7	7	0	1	7	0	0	0	0	0	0	8	21	0	0	20	14	0	0	1	0	0	0	0	0	0	0	0	0	0	1	0	0	0	0	0	0	0	2	0	0	0	4	0	0	0	16	12	0	8	12	0	0	12	16	0	0	8	0	0	0	8	4	0	0	2	0	0	0	4	0	0	0	0	0	0	0	35	24	0	0
108	92	43	48	102	76	16	0	89	43	48	102	28	0	52	80	98	144	408	37	60	11	0	70	16	0	89	9	0	52	25	43	0	356	19	42	48	102	16	0	14	72	6	36	0	79	28	0	52	80	97	144	408	37	44	6	0	32	11	0	70	6	0	51	0	29	0	280	0	15	0	89	2	0	14	0	0	0	0	33	9	0	52	25	42	0	356	19	36	48	102	13	0	10	95	4	12	0	169	16	0	14	72	6	36	0	79	26	0	52	80	83	144	408	37	28	1	0	11	6	0	32	2	0	27	0	12	0	128	0	10	0	70	1	0	14	0	0	0	0	32	6	0	51	0	28	0	280	0	9	0	89	0	0	10	11	0	0	0	73	2	0	14	0	0	0	0	33	7	0	52	25	28	0	356	19	29	48	102	2	0	0	33	0	0	0	102	13	0	10	95	4	12	0	169	15	0	14	72	6	36	0	79	21	0	52	80	60	144	408	37
107	91	43	29	105	75	23	15	70	42	29	105	28	0	42	101	107	44	105	99	59	20	15	40	22	15	70	19	0	42	25	58	30	70	25	33	29	105	16	0	14	98	8	14	0	105	25	0	42	101	89	44	105	99	44	16	14	9	19	15	40	16	0	42	0	49	30	40	0	15	15	70	3	0	14	0	0	0	0	33	16	0	42	25	43	30	70	25	24	14	105	12	14	0	45	4	14	0	154	15	0	14	98	8	14	0	105	16	0	42	101	66	14	105	99	29	8	0	0	15	14	9	12	0	27	0	35	28	9	0	12	15	40	2	0	14	0	0	0	0	32	13	0	42	0	34	30	40	0	6	0	70	0	0	0	0	0	0	0	95	2	0	14	0	0	0	0	33	7	0	42	25	20	0	70	25	20	14	105	2	0	26	0	0	0	105	41	12	14	0	45	4	14	0	154	14	0	14	98	8	14	0	105	11	0	42	101	51	14	105	99
77	65	45	35	30	53	21	11	14	44	35	30	28	0	42	0	104	78	90	55	41	18	11	14	20	11	14	19	0	42	0	53	22	42	19	36	35	30	16	0	14	0	8	8	0	0	25	0	42	0	89	78	90	55	30	14	8	9	17	11	14	16	0	42	0	44	22	42	0	14	11	14	3	0	14	0	0	0	0	0	16	0	42	0	41	22	42	19	28	24	30	10	24	0	45	4	8	0	0	15	0	14	0	8	8	0	0	16	0	42	0	68	56	90	55	19	7	0	0	13	8	9	12	0	27	0	30	16	27	0	11	11	14	2	0	14	0	0	0	0	0	13	0	42	0	32	22	42	0	6	0	14	0	0	0	0	0	0	0	0	2	0	14	0	0	0	0	0	7	0	42	0	20	0	42	19	24	24	30	2	0	16	0	0	0	30	41	10	24	0	45	4	8	0	0	14	0	14	0	8	8	0	0	11	0	42	0	53	56	90	55
116	97	56	115	64	78	13	56	53	56	115	64	19	112	52	41	119	373	320	37	59	9	35	36	13	56	53	5	50	52	12	31	187	265	19	53	115	64	5	115	14	68	6	30	64	26	19	112	52	41	115	373	320	37	41	6	10	9	9	35	36	4	20	51	0	22	100	180	0	12	56	53	1	10	14	0	0	0	53	0	5	50	52	12	30	187	265	19	40	97	64	8	50	10	45	4	10	128	95	5	115	14	68	6	30	64	26	17	112	52	41	85	337	320	37	25	1	0	0	6	10	9	2	0	27	0	12	20	45	0	8	35	36	1	0	14	0	0	0	36	0	4	20	51	0	21	100	180	0	6	40	53	0	0	10	0	0	0	106	22	1	10	14	0	0	0	53	0	3	50	52	12	16	155	265	19	30	65	64	2	0	10	0	0	0	64	41	8	50	10	45	4	10	128	95	4	115	14	68	6	30	64	26	14	80	52	41	54	225	320	37
87	72	45	67	35	57	19	45	7	43	67	35	21	46	0	21	105	145	70	99	43	17	42	0	18	45	7	15	44	0	0	50	111	14	25	32	53	35	13	29	0	0	8	9	0	26	18	46	0	21	82	131	70	99	31	14	29	0	16	42	0	12	40	0	0	41	102	0	0	12	33	7	2	11	0	0	0	0	0	0	12	44	0	0	36	99	14	25	20	29	35	9	36	0	0	4	9	35	0	12	29	0	0	8	9	0	26	11	22	0	21	52	71	70	99	20	7	9	0	13	29	0	10	18	0	0	31	56	0	0	10	31	0	1	9	0	0	0	0	0	0	9	40	0	0	27	91	0	0	4	11	7	0	0	0	0	0	0	7	0	1	11	0	0	0	0	0	0	5	22	0	0	16	44	14	25	17	18	35	0	18	26	0	0	0	70	0	9	36	0	0	4	9	35	0	12	18	0	0	8	9	0	26	8	0	0	21	41	27	70	99
63	52	25	24	43	41	7	0	29	25	24	43	16	0	43	56	44	16	129	64	30	2	0	29	7	0	29	3	0	29	56	21	0	87	53	25	24	43	2	0	20	0	0	0	0	0	16	0	43	56	44	16	129	64	19	0	0	29	2	0	29	0	0	29	56	5	0	87	36	7	0	29	0	0	0	0	0	0	0	0	3	0	29	56	21	0	87	53	23	24	43	0	0	10	0	0	0	0	0	2	0	20	0	0	0	0	0	16	0	43	56	39	16	129	64	8	0	0	24	0	0	29	0	0	29	36	0	0	87	9	2	0	29	0	0	0	0	0	0	0	0	0	0	29	56	5	0	87	36	5	0	29	0	0	0	0	0	0	0	0	0	0	0	0	0	0	0	0	3	0	29	56	16	0	87	53	16	24	43	0	0	0	45	0	0	0	0	0	0	10	0	0	0	0	0	2	0	20	0	0	0	0	0	13	0	43	56	21	16	129	64
70	58	30	20	66	46	12	0	23	30	20	66	20	0	46	56	57	10	132	231	34	6	0	23	12	0	23	7	0	32	56	33	0	46	163	29	20	66	3	0	29	0	0	0	0	0	20	0	46	56	56	10	132	231	22	1	0	23	6	0	23	2	0	32	56	13	0	46	120	11	0	23	1	0	0	0	0	0	0	0	7	0	32	56	32	0	46	163	24	20	66	0	0	36	0	0	0	0	0	3	0	29	0	0	0	0	0	18	0	46	56	44	10	132	231	10	0	0	16	1	0	23	0	0	32	36	1	0	46	50	5	0	23	0	0	0	0	0	0	0	0	2	0	32	56	12	0	46	120	6	0	23	0	0	0	0	0	0	0	0	1	0	0	0	0	0	0	0	5	0	32	56	20	0	46	163	17	20	66	0	0	9	59	0	0	0	0	0	0	36	0	0	0	0	0	2	0	29	0	0	0	0	0	13	0	46	56	23	10	132	231
86	71	31	44	79	56	9	0	43	31	44	79	16	0	46	76	60	77	316	196	41	3	0	43	9	0	43	3	0	32	76	26	0	172	156	31	44	79	2	0	32	0	0	0	0	0	16	0	46	76	60	77	316	196	26	0	0	42	3	0	43	0	0	32	74	7	0	172	120	9	0	43	0	0	10	0	0	0	0	0	3	0	32	76	26	0	172	156	28	44	79	0	0	18	9	0	0	0	0	2	0	32	0	0	0	0	0	16	0	46	76	53	77	316	196	11	0	0	23	0	0	42	0	0	32	36	0	0	168	50	3	0	43	0	0	10	0	0	0	0	0	0	0	32	74	7	0	172	120	6	0	43	0	0	0	0	0	0	0	0	0	0	10	0	0	0	0	0	3	0	32	76	19	0	172	156	15	44	79	0	0	0	80	0	0	0	46	0	0	18	9	0	0	0	0	2	0	32	0	0	0	0	0	13	0	46	76	17	77	316	196
66	54	33	30	53	42	11	19	0	33	30	53	18	19	10	0	67	73	53	336	30	6	9	0	11	19	0	6	9	0	0	28	66	0	233	29	30	53	2	9	29	0	0	0	53	0	18	19	10	0	60	73	53	336	19	1	0	0	6	9	0	2	0	0	0	12	27	0	160	10	19	0	1	0	0	0	0	0	0	0	6	9	0	0	27	66	0	233	20	19	53	0	0	50	0	0	0	53	0	2	9	29	0	0	0	53	0	16	19	10	0	39	40	53	336	9	0	0	0	1	0	0	0	0	0	0	1	0	0	59	5	9	0	0	0	0	0	0	0	0	0	2	0	0	0	11	27	0	160	5	9	0	0	0	0	0	0	0	0	0	1	0	0	0	0	0	0	0	4	9	0	0	16	36	0	233	15	9	53	0	0	9	0	0	0	0	0	0	0	50	0	0	0	53	0	1	9	29	0	0	0	53	0	12	9	10	0	23	0	53	336
69	56	29	52	22	43	5	12	0	29	52	22	6	60	10	0	60	103	110	166	30	2	0	0	5	12	0	3	0	0	0	16	30	0	142	29	52	22	2	0	20	0	0	0	44	0	6	60	10	0	60	103	110	166	17	0	0	0	2	0	0	0	0	0	0	5	0	0	106	5	12	0	0	0	0	0	0	0	0	0	3	0	0	0	16	30	0	142	22	52	22	0	0	10	0	0	0	0	0	2	0	20	0	0	0	44	0	6	60	10	0	44	103	110	166	6	0	0	0	0	0	0	0	0	0	0	0	0	0	41	2	0	0	0	0	0	0	0	0	0	0	0	0	0	0	5	0	0	106	3	12	0	0	0	0	0	0	0	0	0	0	0	0	0	0	0	0	0	3	0	0	0	11	30	0	142	11	30	22	0	0	0	0	0	0	0	0	0	0	10	0	0	0	0	0	2	0	20	0	0	0	44	0	3	60	10	0	15	48	110	166
60	48	6	0	108	36	1	0	57	6	0	108	1	0	21	87	14	0	0	263	24	0	0	53	1	0	57	0	0	0	75	3	0	0	95	6	0	108	0	0	9	56	0	0	0	0	1	0	21	87	14	0	0	263	12	0	0	53	0	0	53	0	0	0	75	0	0	0	95	1	0	57	0	0	0	56	0	0	0	0	0	0	0	75	3	0	0	95	5	0	108	0	0	0	0	0	0	0	0	0	0	9	56	0	0	0	0	1	0	21	87	11	0	0	263	0	0	0	53	0	0	53	0	0	0	75	0	0	0	94	0	0	53	0	0	0	56	0	0	0	0	0	0	0	75	0	0	0	95	0	0	57	0	0	0	0	0	0	0	0	0	0	0	56	0	0	0	0	0	0	0	75	0	0	0	95	0	0	108	0	0	0	0	0	0	0	0	0	0	0	0	0	0	0	0	0	0	9	56	0	0	0	0	0	0	21	87	0	0	0	263
49	39	10	9	46	29	0	0	9	10	9	46	0	0	12	18	23	9	46	210	19	0	0	9	0	0	9	0	0	0	18	0	0	9	95	10	9	46	0	0	0	0	0	0	0	0	0	0	12	18	23	9	46	210	9	0	0	9	0	0	9	0	0	0	18	0	0	9	95	0	0	9	0	0	0	0	0	0	0	0	0	0	0	18	0	0	9	95	9	9	46	0	0	0	0	0	0	0	0	0	0	0	0	0	0	0	0	0	0	12	18	22	9	46	210	0	0	0	9	0	0	9	0	0	0	18	0	0	9	94	0	0	9	0	0	0	0	0	0	0	0	0	0	0	18	0	0	9	95	0	0	9	0	0	0	0	0	0	0	0	0	0	0	0	0	0	0	0	0	0	0	18	0	0	9	95	0	0	46	0	0	0	0	0	0	0	0	0	0	0	0	0	0	0	0	0	0	0	0	0	0	0	0	0	0	12	18	0	0	46	210
40	31	21	20	32	22	1	0	10	21	20	32	2	0	42	50	50	60	160	101	13	0	0	0	1	0	10	0	0	20	0	2	0	50	43	21	20	32	0	0	15	0	0	0	0	64	2	0	42	50	50	60	160	101	4	0	0	0	0	0	0	0	0	0	0	0	0	0	43	1	0	10	0	0	10	0	0	0	0	53	0	0	20	0	2	0	50	43	5	20	32	0	0	0	0	0	0	0	0	0	0	15	0	0	0	0	64	2	0	42	50	13	60	160	101	0	0	0	0	0	0	0	0	0	0	0	0	0	0	42	0	0	0	0	0	0	0	0	0	0	36	0	0	0	0	0	0	0	43	0	0	10	0	0	0	0	0	0	0	0	0	0	10	0	0	0	0	53	0	0	20	0	0	0	50	43	0	0	32	0	0	0	0	0	0	0	0	0	0	0	0	0	0	0	0	0	0	15	0	0	0	0	64	0	0	42	50	0	0	160	101
34	27	5	6	25	20	0	0	0	5	6	25	0	0	12	0	8	6	25	144	13	0	0	0	0	0	0	0	0	0	0	0	0	0	72	5	6	25	0	0	0	0	0	0	0	0	0	0	12	0	8	6	25	144	6	0	0	0	0	0	0	0	0	0	0	0	0	0	72	0	0	0	0	0	0	0	0	0	0	0	0	0	0	0	0	0	0	72	4	6	25	0	0	0	0	0	0	0	0	0	0	0	0	0	0	0	0	0	0	12	0	7	6	25	144	0	0	0	0	0	0	0	0	0	0	0	0	0	0	71	0	0	0	0	0	0	0	0	0	0	0	0	0	0	0	0	0	0	72	0	0	0	0	0	0	0	0	0	0	0	0	0	0	0	0	0	0	0	0	0	0	0	0	0	0	72	0	0	25	0	0	0	0	0	0	0	0	0	0	0	0	0	0	0	0	0	0	0	0	0	0	0	0	0	0	12	0	0	0	25	144
19	15	5	3	6	11	0	0	0	5	3	6	0	0	12	0	8	3	6	22	7	0	0	0	0	0	0	0	0	0	0	0	0	0	0	5	3	6	0	0	0	0	0	0	0	0	0	0	12	0	8	3	6	22	3	0	0	0	0	0	0	0	0	0	0	0	0	0	0	0	0	0	0	0	0	0	0	0	0	0	0	0	0	0	0	0	0	0	4	3	6	0	0	0	0	0	0	0	0	0	0	0	0	0	0	0	0	0	0	12	0	7	3	6	22	0	0	0	0	0	0	0	0	0	0	0	0	0	0	0	0	0	0	0	0	0	0	0	0	0	0	0	0	0	0	0	0	0	0	0	0	0	0	0	0	0	0	0	0	0	0	0	0	0	0	0	0	0	0	0	0	0	0	0	0	0	0	0	6	0	0	0	0	0	0	0	0	0	0	0	0	0	0	0	0	0	0	0	0	0	0	0	0	0	0	12	0	0	0	6	22
37	27	19	21	33	17	0	0	28	19	21	33	0	0	16	15	41	42	99	32	7	0	0	22	0	0	28	0	0	15	10	0	0	84	10	13	21	33	0	0	0	62	0	0	0	0	0	0	16	15	31	42	99	32	0	0	0	10	0	0	22	0	0	10	0	0	0	66	0	0	0	28	0	0	0	10	0	0	0	0	0	0	15	10	0	0	84	10	0	0	33	0	0	0	20	0	0	0	64	0	0	0	62	0	0	0	0	0	0	16	15	0	0	99	32	0	0	0	10	0	0	10	0	0	0	0	0	0	30	0	0	0	22	0	0	0	10	0	0	0	0	0	0	10	0	0	0	66	0	0	0	28	0	0	0	20	0	0	0	53	0	0	0	10	0	0	0	0	0	0	15	10	0	0	84	10	0	0	0	0	0	0	0	0	0	0	0	0	0	0	20	0	0	0	64	0	0	0	62	0	0	0	0	0	0	0	15	0	0	0	32
48	35	26	36	52	22	1	0	41	26	36	52	2	0	48	54	55	90	208	32	9	0	0	19	1	0	41	0	0	46	10	1	0	164	10	15	36	52	0	0	11	68	0	0	0	75	2	0	48	54	35	90	208	32	0	0	0	0	0	0	19	0	0	28	0	0	0	76	0	0	0	41	0	0	11	0	0	0	0	0	0	0	46	10	0	0	164	10	0	0	52	0	0	0	0	0	0	0	99	0	0	11	68	0	0	0	75	0	0	48	54	0	0	208	32	0	0	0	0	0	0	0	0	0	0	0	0	0	0	0	0	0	19	0	0	9	0	0	0	0	0	0	0	28	0	0	0	76	0	0	0	41	0	0	0	0	0	0	0	60	0	0	11	0	0	0	0	0	0	0	46	10	0	0	164	10	0	0	0	0	0	0	0	0	0	0	0	0	0	0	0	0	0	0	99	0	0	0	68	0	0	0	75	0	0	0	54	0	0	0	32
39	29	15	9	33	19	0	0	6	15	9	33	0	0	0	30	35	9	33	109	9	0	0	0	0	0	6	0	0	0	0	0	0	6	19	14	9	33	0	0	0	0	0	0	0	22	0	0	0	30	34	9	33	109	0	0	0	0	0	0	0	0	0	0	0	0	0	0	9	0	0	6	0	0	0	0	0	0	0	0	0	0	0	0	0	0	6	19	0	0	33	0	0	0	0	0	0	0	0	0	0	0	0	0	0	0	22	0	0	0	30	0	0	33	109	0	0	0	0	0	0	0	0	0	0	0	0	0	0	9	0	0	0	0	0	0	0	0	0	0	0	0	0	0	0	0	0	0	9	0	0	6	0	0	0	0	0	0	0	0	0	0	0	0	0	0	0	0	0	0	0	0	0	0	6	19	0	0	0	0	0	0	0	0	0	0	0	0	0	0	0	0	0	0	0	0	0	0	0	0	0	0	22	0	0	0	30	0	0	0	109
26	19	16	10	4	12	0	0	0	16	10	4	0	0	0	0	36	15	8	32	5	0	0	0	0	0	0	0	0	0	0	0	0	0	10	13	10	4	0	0	0	0	0	0	0	0	0	0	0	0	32	15	8	32	0	0	0	0	0	0	0	0	0	0	0	0	0	0	0	0	0	0	0	0	0	0	0	0	0	0	0	0	0	0	0	0	0	10	0	0	4	0	0	0	0	0	0	0	0	0	0	0	0	0	0	0	0	0	0	0	0	0	0	8	32	0	0	0	0	0	0	0	0	0	0	0	0	0	0	0	0	0	0	0	0	0	0	0	0	0	0	0	0	0	0	0	0	0	0	0	0	0	0	0	0	0	0	0	0	0	0	0	0	0	0	0	0	0	0	0	0	0	0	0	0	10	0	0	0	0	0	0	0	0	0	0	0	0	0	0	0	0	0	0	0	0	0	0	0	0	0	0	0	0	0	0	0	0	0	0	32
35	25	25	25	4	15	0	0	0	25	25	4	0	0	0	0	51	75	20	32	5	0	0	0	0	0	0	0	0	0	0	0	0	0	10	10	25	4	0	0	0	0	0	0	0	0	0	0	0	0	20	75	20	32	0	0	0	0	0	0	0	0	0	0	0	0	0	0	0	0	0	0	0	0	0	0	0	0	0	0	0	0	0	0	0	0	0	10	0	0	4	0	0	0	0	0	0	0	0	0	0	0	0	0	0	0	0	0	0	0	0	0	0	20	32	0	0	0	0	0	0	0	0	0	0	0	0	0	0	0	0	0	0	0	0	0	0	0	0	0	0	0	0	0	0	0	0	0	0	0	0	0	0	0	0	0	0	0	0	0	0	0	0	0	0	0	0	0	0	0	0	0	0	0	0	10	0	0	0	0	0	0	0	0	0	0	0	0	0	0	0	0	0	0	0	0	0	0	0	0	0	0	0	0	0	0	0	0	0	0	32
49	32	23	30	111	15	1	0	82	19	30	111	3	0	51	43	40	45	222	93	0	0	0	81	0	0	82	0	0	50	41	0	0	164	69	0	0	111	0	0	7	15	0	0	0	0	0	0	51	43	0	0	222	93	0	0	0	70	0	0	81	0	0	50	29	0	0	162	41	0	0	82	0	0	7	10	0	0	0	0	0	0	50	41	0	0	164	69	0	0	0	0	0	0	106	0	0	0	0	0	0	0	15	0	0	0	0	0	0	0	43	0	0	0	93	0	0	0	20	0	0	70	0	0	48	0	0	0	140	10	0	0	81	0	0	7	0	0	0	0	0	0	0	50	29	0	0	162	41	0	0	0	0	0	0	0	0	0	0	0	0	0	0	10	0	0	0	0	0	0	0	41	0	0	0	69	0	0	0	0	0	0	60	0	0	0	234	0	0	0	106	0	0	0	0	0	0	0	15	0	0	0	0	0	0	0	0	0	0	0	0
28	17	24	30	14	6	0	0	9	12	30	14	0	0	18	0	23	72	70	4	0	0	0	9	0	0	9	0	0	18	0	0	0	45	0	0	0	14	0	0	0	0	0	0	0	0	0	0	18	0	0	0	70	4	0	0	0	9	0	0	9	0	0	18	0	0	0	45	0	0	0	9	0	0	0	0	0	0	0	0	0	0	18	0	0	0	45	0	0	0	0	0	0	0	0	0	0	0	0	0	0	0	0	0	0	0	0	0	0	0	0	0	0	0	4	0	0	0	6	0	0	9	0	0	18	0	0	0	45	0	0	0	9	0	0	0	0	0	0	0	0	0	0	18	0	0	0	45	0	0	0	0	0	0	0	0	0	0	0	0	0	0	0	0	0	0	0	0	0	0	0	0	0	0	0	0	0	0	0	0	0	0	18	0	0	0	0	0	0	0	0	0	0	0	0	0	0	0	0	0	0	0	0	0	0	0	0	0	0	0	0
33	21	19	27	44	9	0	0	21	13	27	44	0	0	12	21	26	54	132	89	0	0	0	20	0	0	21	0	0	11	20	0	0	63	69	0	0	44	0	0	0	9	0	0	0	0	0	0	12	21	0	0	132	89	0	0	0	9	0	0	20	0	0	11	9	0	0	60	41	0	0	21	0	0	0	0	0	0	0	0	0	0	11	20	0	0	63	69	0	0	0	0	0	0	18	0	0	0	53	0	0	0	9	0	0	0	0	0	0	0	21	0	0	0	89	0	0	0	0	0	0	9	0	0	9	0	0	0	27	10	0	0	20	0	0	0	0	0	0	0	0	0	0	11	9	0	0	60	41	0	0	0	0	0	0	0	0	0	0	0	0	0	0	0	0	0	0	0	0	0	0	20	0	0	0	69	0	0	0	0	0	0	0	0	0	0	35	0	0	0	18	0	0	0	53	0	0	0	9	0	0	0	0	0	0	0	0	0	0	0	0
29	19	15	9	35	9	0	0	0	14	9	35	0	0	0	0	30	9	35	126	0	0	0	0	0	0	0	0	0	0	0	0	0	0	75	0	0	35	0	0	0	0	0	0	0	0	0	0	0	0	0	0	35	126	0	0	0	0	0	0	0	0	0	0	0	0	0	0	41	0	0	0	0	0	0	0	0	0	0	0	0	0	0	0	0	0	0	75	0	0	0	0	0	0	0	0	0	0	0	0	0	0	0	0	0	0	0	0	0	0	0	0	0	0	126	0	0	0	0	0	0	0	0	0	0	0	0	0	0	10	0	0	0	0	0	0	0	0	0	0	0	0	0	0	0	0	0	0	41	0	0	0	0	0	0	0	0	0	0	0	0	0	0	0	0	0	0	0	0	0	0	0	0	0	0	75	0	0	0	0	0	0	0	0	0	0	0	0	0	0	0	0	0	0	0	0	0	0	0	0	0	0	0	0	0	0	0	0	0	0	0
26	16	20	24	14	6	0	0	0	11	24	14	0	0	0	0	22	54	56	56	0	0	0	0	0	0	0	0	0	0	0	0	0	0	41	0	0	14	0	0	0	0	0	0	0	0	0	0	0	0	0	0	56	56	0	0	0	0	0	0	0	0	0	0	0	0	0	0	19	0	0	0	0	0	0	0	0	0	0	0	0	0	0	0	0	0	0	41	0	0	0	0	0	0	0	0	0	0	0	0	0	0	0	0	0	0	0	0	0	0	0	0	0	0	56	0	0	0	0	0	0	0	0	0	0	0	0	0	0	0	0	0	0	0	0	0	0	0	0	0	0	0	0	0	0	0	0	0	19	0	0	0	0	0	0	0	0	0	0	0	0	0	0	0	0	0	0	0	0	0	0	0	0	0	0	41	0	0	0	0	0	0	0	0	0	0	0	0	0	0	0	0	0	0	0	0	0	0	0	0	0	0	0	0	0	0	0	0	0	0	0
23	10	10	30	50	0	0	0	35	0	0	50	0	0	8	25	0	0	150	28	0	0	0	35	0	0	35	0	0	7	25	0	0	105	9	0	0	0	0	0	0	0	0	0	0	0	0	0	0	25	0	0	0	28	0	0	0	35	0	0	35	0	0	7	25	0	0	105	9	0	0	0	0	0	0	0	0	0	0	0	0	0	0	25	0	0	0	9	0	0	0	0	0	0	0	0	0	0	0	0	0	0	0	0	0	0	0	0	0	0	0	0	0	0	0	0	0	0	35	0	0	35	0	0	7	25	0	0	105	9	0	0	0	0	0	0	0	0	0	0	0	0	0	0	25	0	0	0	9	0	0	0	0	0	0	0	0	0	0	0	0	0	0	0	0	0	0	0	0	0	0	0	0	0	0	0	0	0	0	0	0	0	0	0	0	0	0	0	0	0	0	0	0	0	0	0	0	0	0	0	0	0	0	0	0	0	0	0	0	0	0
25	12	12	12	78	0	0	0	28	0	0	78	0	0	8	49	0	0	78	218	0	0	0	27	0	0	28	0	0	7	47	0	0	28	112	0	0	0	0	0	0	11	0	0	0	0	0	0	0	49	0	0	0	218	0	0	0	27	0	0	27	0	0	7	47	0	0	27	110	0	0	0	0	0	0	11	0	0	0	0	0	0	0	47	0	0	0	112	0	0	0	0	0	0	0	0	0	0	0	0	0	0	11	0	0	0	0	0	0	0	0	0	0	0	0	0	0	0	25	0	0	27	0	0	7	43	0	0	27	88	0	0	0	0	0	0	9	0	0	0	0	0	0	0	47	0	0	0	110	0	0	0	0	0	0	0	0	0	0	0	0	0	0	11	0	0	0	0	0	0	0	0	0	0	0	0	0	0	0	0	0	0	18	0	0	0	0	0	0	0	0	0	0	0	0	0	0	0	0	0	0	0	0	0	0	0	0	0	0	0	0
15	6	10	18	14	0	0	0	7	0	0	14	0	0	8	7	0	0	42	14	0	0	0	7	0	0	7	0	0	7	7	0	0	21	9	0	0	0	0	0	0	0	0	0	0	0	0	0	0	7	0	0	0	14	0	0	0	7	0	0	7	0	0	7	7	0	0	21	9	0	0	0	0	0	0	0	0	0	0	0	0	0	0	7	0	0	0	9	0	0	0	0	0	0	0	0	0	0	0	0	0	0	0	0	0	0	0	0	0	0	0	0	0	0	0	0	0	0	7	0	0	7	0	0	7	7	0	0	21	9	0	0	0	0	0	0	0	0	0	0	0	0	0	0	7	0	0	0	9	0	0	0	0	0	0	0	0	0	0	0	0	0	0	0	0	0	0	0	0	0	0	0	0	0	0	0	0	0	0	0	0	0	0	0	0	0	0	0	0	0	0	0	0	0	0	0	0	0	0	0	0	0	0	0	0	0	0	0	0	0	0
18	8	10	16	36	0	0	0	0	0	0	36	0	0	0	0	0	0	72	183	0	0	0	0	0	0	0	0	0	0	0	0	0	0	112	0	0	0	0	0	0	0	0	0	0	0	0	0	0	0	0	0	0	183	0	0	0	0	0	0	0	0	0	0	0	0	0	0	110	0	0	0	0	0	0	0	0	0	0	0	0	0	0	0	0	0	0	112	0	0	0	0	0	0	0	0	0	0	0	0	0	0	0	0	0	0	0	0	0	0	0	0	0	0	0	0	0	0	0	0	0	0	0	0	0	0	0	0	0	88	0	0	0	0	0	0	0	0	0	0	0	0	0	0	0	0	0	0	110	0	0	0	0	0	0	0	0	0	0	0	0	0	0	0	0	0	0	0	0	0	0	0	0	0	0	0	0	0	0	0	0	0	0	0	0	0	0	0	0	0	0	0	0	0	0	0	0	0	0	0	0	0	0	0	0	0	0	0	0	0	0
17	7	9	21	21	0	0	0	0	0	0	21	0	0	0	0	0	0	63	72	0	0	0	0	0	0	0	0	0	0	0	0	0	0	30	0	0	0	0	0	0	0	0	0	0	0	0	0	0	0	0	0	0	72	0	0	0	0	0	0	0	0	0	0	0	0	0	0	29	0	0	0	0	0	0	0	0	0	0	0	0	0	0	0	0	0	0	30	0	0	0	0	0	0	0	0	0	0	0	0	0	0	0	0	0	0	0	0	0	0	0	0	0	0	0	0	0	0	0	0	0	0	0	0	0	0	0	0	0	18	0	0	0	0	0	0	0	0	0	0	0	0	0	0	0	0	0	0	29	0	0	0	0	0	0	0	0	0	0	0	0	0	0	0	0	0	0	0	0	0	0	0	0	0	0	0	0	0	0	0	0	0	0	0	0	0	0	0	0	0	0	0	0	0	0	0	0	0	0	0	0	0	0	0	0	0	0	0	0	0	0
6	0	0	0	34	0	0	0	8	0	0	0	0	0	0	24	0	0	0	85	0	0	0	7	0	0	0	0	0	0	21	0	0	0	42	0	0	0	0	0	0	7	0	0	0	0	0	0	0	0	0	0	0	0	0	0	0	7	0	0	0	0	0	0	21	0	0	0	42	0	0	0	0	0	0	7	0	0	0	0	0	0	0	0	0	0	0	0	0	0	0	0	0	0	0	0	0	0	0	0	0	0	0	0	0	0	0	0	0	0	0	0	0	0	0	0	0	0	7	0	0	0	0	0	0	21	0	0	0	42	0	0	0	0	0	0	7	0	0	0	0	0	0	0	0	0	0	0	0	0	0	0	0	0	0	0	0	0	0	0	0	0	0	0	0	0	0	0	0	0	0	0	0	0	0	0	0	0	0	0	0	0	0	0	0	0	0	0	0	0	0	0	0	0	0	0	0	0	0	0	0	0	0	0	0	0	0	0	0	0	0
7	0	0	0	43	0	0	0	0	0	0	0	0	0	0	0	0	0	0	199	0	0	0	0	0	0	0	0	0	0	0	0	0	0	70	0	0	0	0	0	0	0	0	0	0	0	0	0	0	0	0	0	0	0	0	0	0	0	0	0	0	0	0	0	0	0	0	0	69	0	0	0	0	0	0	0	0	0	0	0	0	0	0	0	0	0	0	0	0	0	0	0	0	0	0	0	0	0	0	0	0	0	0	0	0	0	0	0	0	0	0	0	0	0	0	0	0	0	0	0	0	0	0	0	0	0	0	0	0	69	0	0	0	0	0	0	0	0	0	0	0	0	0	0	0	0	0	0	0	0	0	0	0	0	0	0	0	0	0	0	0	0	0	0	0	0	0	0	0	0	0	0	0	0	0	0	0	0	0	0	0	0	0	0	0	0	0	0	0	0	0	0	0	0	0	0	0	0	0	0	0	0	0	0	0	0	0	0	0	0	0
6	0	0	0	31	0	0	0	0	0	0	0	0	0	0	0	0	0	0	121	0	0	0	0	0	0	0	0	0	0	0	0	0	0	42	0	0	0	0	0	0	0	0	0	0	0	0	0	0	0	0	0	0	0	0	0	0	0	0	0	0	0	0	0	0	0	0	0	42	0	0	0	0	0	0	0	0	0	0	0	0	0	0	0	0	0	0	0	0	0	0	0	0	0	0	0	0	0	0	0	0	0	0	0	0	0	0	0	0	0	0	0	0	0	0	0	0	0	0	0	0	0	0	0	0	0	0	0	0	42	0	0	0	0	0	0	0	0	0	0	0	0	0	0	0	0	0	0	0	0	0	0	0	0	0	0	0	0	0	0	0	0	0	0	0	0	0	0	0	0	0	0	0	0	0	0	0	0	0	0	0	0	0	0	0	0	0	0	0	0	0	0	0	0	0	0	0	0	0	0	0	0	0	0	0	0	0	0	0	0	0
