139	134	14	4	0	129	1	0	0	14	4	0	0	0	0	0	32	4	0	0	124	1	0	0	1	0	0	0	0	0	0	2	0	0	0	14	4	0	0	0	0	0	3	0	0	0	0	0	0	0	32	4	0	0	119	1	0	0	1	0	0	0	0	0	0	2	0	0	0	1	0	0	0	0	0	0	0	0	0	0	0	0	0	0	2	0	0	0	14	4	0	0	0	0	0	0	0	0	0	0	0	0	0	3	0	0	0	0	0	0	0	32	4	0	0	114	1	0	0	1	0	0	0	0	0	0	2	0	0	0	1	0	0	0	0	0	0	0	0	0	0	0	0	0	0	2	0	0	0	1	0	0	0	0	0	0	0	0	0	0	0	0	0	0	0	0	0	0	0	0	0	0	2	0	0	0	14	4	0	0	0	0	0	0	0	0	0	0	0	0	0	0	0	0	0	0	0	0	0	3	0	0	0	0	0	0	0	32	4	0	0
139	134	14	4	0	129	1	0	0	14	4	0	0	0	0	0	32	4	0	0	124	1	0	0	1	0	0	0	0	0	0	2	0	0	0	14	4	0	0	0	0	0	3	0	0	0	0	0	0	0	32	4	0	0	119	1	0	0	1	0	0	0	0	0	0	2	0	0	0	1	0	0	0	0	0	0	0	0	0	0	0	0	0	0	2	0	0	0	14	4	0	0	0	0	0	0	0	0	0	0	0	0	0	3	0	0	0	0	0	0	0	32	4	0	0	114	1	0	0	1	0	0	0	0	0	0	2	0	0	0	1	0	0	0	0	0	0	0	0	0	0	0	0	0	0	2	0	0	0	1	0	0	0	0	0	0	0	0	0	0	0	0	0	0	0	0	0	0	0	0	0	0	2	0	0	0	14	4	0	0	0	0	0	0	0	0	0	0	0	0	0	0	0	0	0	0	0	0	0	3	0	0	0	0	0	0	0	32	4	0	0
166	160	17	8	0	154	3	0	0	17	8	0	1	0	0	0	36	12	0	0	148	3	0	0	3	0	0	1	0	0	0	5	0	0	0	17	8	0	0	0	0	0	3	0	0	0	1	0	0	0	36	12	0	0	142	3	0	0	3	0	0	1	0	0	0	5	0	0	0	3	0	0	0	0	0	0	0	0	0	0	1	0	0	0	5	0	0	0	17	8	0	0	0	0	0	0	0	0	0	0	0	0	0	3	0	0	0	1	0	0	0	36	12	0	0	136	3	0	0	3	0	0	1	0	0	0	5	0	0	0	3	0	0	0	0	0	0	0	0	0	0	1	0	0	0	5	0	0	0	3	0	0	0	0	0	0	0	0	0	0	0	0	0	0	0	0	0	0	1	0	0	0	5	0	0	0	17	8	0	0	0	0	0	0	0	0	0	0	0	0	0	0	0	0	0	0	0	0	0	3	0	0	0	1	0	0	0	36	12	0	0
220	212	26	16	0	204	7	0	0	26	16	0	7	0	0	0	51	40	0	0	196	6	0	0	7	0	0	3	0	0	0	11	0	0	0	26	16	0	1	0	0	0	2	4	0	0	7	0	0	0	51	40	0	0	188	6	0	0	6	0	0	3	0	0	0	10	0	0	0	7	0	0	1	0	0	0	0	0	0	0	3	0	0	0	11	0	0	0	26	16	0	0	0	0	0	1	0	0	0	1	0	0	0	2	4	0	0	7	0	0	0	51	40	0	0	180	6	0	0	6	0	0	3	0	0	0	10	0	0	0	6	0	0	1	0	0	0	0	0	0	0	3	0	0	0	10	0	0	0	7	0	0	0	0	0	0	1	0	0	0	1	0	0	0	0	0	0	0	3	0	0	0	11	0	0	0	26	16	0	0	0	0	0	2	0	0	0	0	0	0	0	1	0	0	0	1	0	0	0	2	4	0	0	7	0	0	0	51	40	0	0
247	238	34	20	0	229	11	0	0	34	20	0	12	0	0	0	68	60	0	0	220	9	0	0	11	0	0	3	0	0	0	18	0	0	0	34	20	0	1	0	0	0	4	8	0	0	12	0	0	0	68	60	0	0	211	9	0	0	9	0	0	3	0	0	0	15	0	0	0	11	0	0	1	0	0	0	3	0	0	0	3	0	0	0	18	0	0	0	34	20	0	0	0	0	0	4	0	0	0	1	0	0	0	4	8	0	0	12	0	0	0	68	60	0	0	202	9	0	0	9	0	0	3	0	0	0	15	0	0	0	9	0	0	1	0	0	0	1	0	0	0	3	0	0	0	15	0	0	0	11	0	0	0	0	0	0	4	0	0	0	1	0	0	0	3	0	0	0	3	0	0	0	18	0	0	0	34	20	0	3	0	0	0	6	0	0	0	0	0	0	0	4	0	0	0	1	0	0	0	4	8	0	0	12	0	0	0	68	60	0	0
290	279	33	19	20	268	16	10	0	33	19	20	17	0	0	0	66	29	20	0	257	14	10	0	16	10	0	8	0	0	0	28	20	0	0	33	19	20	5	0	0	0	6	0	0	0	17	0	0	0	66	29	20	0	246	14	10	0	14	10	0	8	0	0	0	25	20	0	0	16	10	0	5	0	0	0	6	0	0	0	8	0	0	0	28	20	0	0	33	19	20	0	0	0	0	7	0	0	0	5	0	0	0	6	0	0	0	17	0	0	0	66	29	20	0	235	14	10	0	14	10	0	8	0	0	0	25	20	0	0	14	10	0	5	0	0	0	4	0	0	0	8	0	0	0	25	20	0	0	16	10	0	0	0	0	0	6	0	0	0	5	0	0	0	6	0	0	0	8	0	0	0	28	20	0	0	33	19	20	7	0	0	0	6	0	0	0	0	0	0	0	7	0	0	0	5	0	0	0	6	0	0	0	17	0	0	0	66	29	20	0
282	271	38	33	12	260	19	18	0	38	33	12	20	9	0	0	77	49	24	0	249	17	18	0	19	18	0	11	9	0	0	36	27	0	0	38	33	12	6	0	0	0	9	0	0	0	20	9	0	0	77	49	24	0	238	17	18	0	17	18	0	11	9	0	0	33	27	0	0	19	18	0	6	0	0	0	7	0	0	0	11	9	0	0	36	27	0	0	38	33	12	0	0	0	0	10	0	0	0	6	0	0	0	9	0	0	0	20	9	0	0	77	49	24	0	227	17	18	0	17	18	0	11	9	0	0	33	27	0	0	17	18	0	6	0	0	0	5	0	0	0	11	9	0	0	33	27	0	0	19	18	0	0	0	0	0	6	0	0	0	6	0	0	0	7	0	0	0	11	9	0	0	36	27	0	0	38	33	12	9	0	0	0	6	0	0	0	0	0	0	0	10	0	0	0	6	0	0	0	9	0	0	0	20	9	0	0	77	49	24	0
300	288	41	48	8	276	18	28	0	41	48	8	19	19	0	0	82	86	24	0	264	16	27	0	18	28	0	10	18	0	0	34	47	0	0	41	48	8	5	9	0	0	18	0	0	0	19	19	0	0	82	86	24	0	252	16	27	0	16	27	0	10	18	0	0	31	45	0	0	18	28	0	5	9	0	0	7	0	0	0	10	18	0	0	34	47	0	0	41	48	8	0	0	0	0	20	0	0	0	5	9	0	0	18	0	0	0	19	19	0	0	82	86	24	0	240	16	27	0	16	27	0	10	18	0	0	31	45	0	0	16	27	0	5	9	0	0	5	0	0	0	10	18	0	0	31	45	0	0	18	28	0	0	0	0	0	6	0	0	0	5	9	0	0	7	0	0	0	10	18	0	0	34	47	0	0	41	48	8	9	0	0	0	6	0	0	0	0	0	0	0	20	0	0	0	5	9	0	0	18	0	0	0	19	19	0	0	82	86	24	0
291	280	48	34	8	269	26	6	0	48	34	8	23	24	0	0	103	70	32	0	258	25	0	0	26	6	0	18	0	0	0	54	6	0	0	48	34	8	7	0	0	0	22	0	8	0	23	24	0	0	103	70	32	0	247	24	0	0	25	0	0	18	0	0	0	52	0	0	0	26	6	0	6	0	0	0	8	0	0	0	18	0	0	0	54	6	0	0	48	34	8	8	0	0	0	26	10	0	0	7	0	0	0	22	0	8	0	23	24	0	0	103	70	32	0	236	22	0	0	24	0	0	18	0	0	0	48	0	0	0	25	0	0	6	0	0	0	6	0	0	0	18	0	0	0	52	0	0	0	26	6	0	0	0	0	0	10	6	0	0	6	0	0	0	8	0	0	0	18	0	0	0	54	6	0	0	48	34	8	21	0	0	0	8	12	0	0	8	0	0	0	26	10	0	0	7	0	0	0	22	0	8	0	23	24	0	0	103	70	32	0
353	339	67	68	4	325	35	38	0	67	68	4	38	25	0	0	153	150	20	0	311	31	33	0	35	38	0	28	0	0	0	84	65	0	0	67	68	4	16	0	0	0	28	31	4	0	38	25	0	0	153	150	20	0	297	28	33	0	31	33	0	24	0	0	0	72	55	0	0	35	38	0	11	0	0	0	7	21	0	0	28	0	0	0	84	65	0	0	67	68	4	24	0	0	0	37	31	0	0	16	0	0	0	28	31	4	0	38	25	0	0	153	150	20	0	283	24	30	0	28	33	0	24	0	0	0	64	55	0	0	31	33	0	11	0	0	0	7	11	0	0	24	0	0	0	72	55	0	0	35	38	0	6	0	0	0	13	21	0	0	11	0	0	0	7	21	0	0	28	0	0	0	84	65	0	0	67	68	4	23	30	0	0	8	20	0	0	24	0	0	0	37	31	0	0	16	0	0	0	28	31	4	0	38	25	0	0	153	150	20	0
382	366	60	78	33	350	31	64	0	60	78	33	31	54	11	0	132	143	33	52	334	28	60	0	31	64	0	21	50	0	0	70	128	0	0	60	78	33	13	40	0	0	32	30	0	0	31	54	11	0	132	143	33	52	318	25	60	0	28	60	0	19	50	0	0	63	120	0	0	31	64	0	7	40	0	0	6	30	0	0	21	50	0	0	70	128	0	0	60	78	33	24	0	0	0	46	29	0	0	13	40	0	0	32	30	0	0	31	54	11	0	132	143	33	52	302	21	56	0	25	60	0	19	50	0	0	57	120	0	0	28	60	0	7	40	0	0	6	30	0	0	19	50	0	0	63	120	0	0	31	64	0	6	0	0	0	15	20	0	0	7	40	0	0	6	30	0	0	21	50	0	0	70	128	0	0	60	78	33	22	36	0	0	10	0	0	0	24	0	0	0	46	29	0	0	13	40	0	0	32	30	0	0	31	54	11	0	132	143	33	52
338	324	60	61	24	310	33	41	0	60	61	24	30	42	11	0	146	125	48	32	296	30	40	0	33	41	0	24	40	0	0	81	92	0	0	60	61	24	15	10	0	0	32	26	0	0	30	42	11	0	146	125	48	32	282	27	40	0	30	40	0	20	40	0	0	70	90	0	0	33	41	0	10	10	0	0	6	10	0	0	24	40	0	0	81	92	0	0	60	61	24	24	0	0	0	42	24	0	0	15	10	0	0	32	26	0	0	30	42	11	0	146	125	48	32	268	23	38	0	27	40	0	20	40	0	0	59	90	0	0	30	40	0	10	10	0	0	6	10	0	0	20	40	0	0	70	90	0	0	33	41	0	6	0	0	0	12	0	0	0	10	10	0	0	6	10	0	0	24	40	0	0	81	92	0	0	60	61	24	24	16	0	0	14	0	0	0	24	0	0	0	42	24	0	0	15	10	0	0	32	26	0	0	30	42	11	0	146	125	48	32
257	247	58	21	17	237	38	0	0	58	21	17	46	0	11	0	152	42	51	20	227	33	0	0	38	0	0	33	0	0	0	101	0	0	0	58	21	17	22	0	0	0	28	35	0	0	46	0	11	0	152	42	51	20	217	28	0	0	33	0	0	23	0	0	0	82	0	0	0	38	0	0	11	0	0	0	7	0	0	0	33	0	0	0	101	0	0	0	58	21	17	24	0	0	0	36	35	0	0	22	0	0	0	28	35	0	0	46	0	11	0	152	42	51	20	207	24	0	0	28	0	0	23	0	0	0	64	0	0	0	33	0	0	11	0	0	0	7	0	0	0	23	0	0	0	82	0	0	0	38	0	0	6	0	0	0	14	0	0	0	11	0	0	0	7	0	0	0	33	0	0	0	101	0	0	0	58	21	17	26	0	0	0	10	0	0	0	24	0	0	0	36	35	0	0	22	0	0	0	28	35	0	0	46	0	11	0	152	42	51	20
363	348	75	80	11	333	40	50	0	75	80	11	50	60	11	0	197	190	44	12	318	33	50	0	40	50	0	31	60	0	0	117	120	0	0	75	80	11	38	0	0	0	36	48	0	0	50	60	11	0	197	190	44	12	303	23	42	0	33	50	0	19	60	0	0	91	120	0	0	40	50	0	10	0	0	0	8	10	0	0	31	60	0	0	117	120	0	0	75	80	11	26	48	0	0	43	74	0	0	38	0	0	0	36	48	0	0	50	60	11	0	197	190	44	12	288	19	18	0	23	42	0	15	36	0	0	58	92	0	0	33	50	0	10	0	0	0	8	10	0	0	19	60	0	0	91	120	0	0	40	50	0	8	0	0	0	19	30	0	0	10	0	0	0	8	10	0	0	31	60	0	0	117	120	0	0	75	80	11	15	72	0	0	10	20	22	0	26	48	0	0	43	74	0	0	38	0	0	0	36	48	0	0	50	60	11	0	197	190	44	12
397	380	90	112	5	363	43	81	0	90	112	5	52	71	5	0	238	333	25	4	346	36	76	0	43	81	0	33	66	0	0	123	242	0	0	90	112	5	37	56	0	0	51	42	0	0	52	71	5	0	238	333	25	4	329	26	60	0	36	76	0	21	60	0	0	97	226	0	0	43	81	0	5	50	0	0	8	10	0	0	33	66	0	0	123	242	0	0	90	112	5	18	110	0	0	56	60	0	0	37	56	0	0	51	42	0	0	52	71	5	0	238	333	25	4	312	22	45	0	26	60	0	17	50	0	0	61	175	0	0	36	76	0	5	50	0	0	8	10	0	0	21	60	0	0	97	226	0	0	43	81	0	2	60	0	0	19	20	0	0	5	50	0	0	8	10	0	0	33	66	0	0	123	242	0	0	90	112	5	23	25	0	0	19	20	10	0	18	110	0	0	56	60	0	0	37	56	0	0	51	42	0	0	52	71	5	0	238	333	25	4
296	284	63	21	45	272	41	11	6	63	21	45	58	0	0	24	183	84	45	90	260	34	10	0	41	11	6	37	0	0	0	124	44	6	0	63	21	45	41	10	0	0	18	10	0	8	58	0	0	24	183	84	45	90	248	21	0	0	34	10	0	25	0	0	0	97	40	0	0	41	11	6	10	0	0	0	7	0	0	0	37	0	0	0	124	44	6	0	63	21	45	16	0	22	0	20	22	45	0	41	10	0	0	18	10	0	8	58	0	0	24	183	84	45	90	236	10	0	0	21	0	0	13	0	0	0	51	0	0	0	34	10	0	10	0	0	0	7	0	0	0	25	0	0	0	97	40	0	0	41	11	6	8	0	0	0	18	22	6	0	10	0	0	0	7	0	0	0	37	0	0	0	124	44	6	0	63	21	45	1	0	67	0	12	22	0	0	16	0	22	0	20	22	45	0	41	10	0	0	18	10	0	8	58	0	0	24	183	84	45	90
363	348	80	66	36	333	44	40	5	80	66	36	57	80	0	25	230	253	72	57	318	38	18	0	44	40	5	37	36	0	0	134	158	10	0	80	66	36	36	36	0	0	21	18	72	4	57	80	0	25	230	253	72	57	303	26	0	0	38	18	0	29	0	0	0	112	63	0	0	44	40	5	8	0	0	0	8	0	10	0	37	36	0	0	134	158	10	0	80	66	36	18	0	22	0	33	26	72	0	36	36	0	0	21	18	72	4	57	80	0	25	230	253	72	57	288	16	0	0	26	0	0	17	0	0	0	69	0	0	0	38	18	0	8	0	0	0	8	0	0	0	29	0	0	0	112	63	0	0	44	40	5	10	0	0	0	25	22	10	0	8	0	0	0	8	0	10	0	37	36	0	0	134	158	10	0	80	66	36	20	0	61	0	29	26	0	0	18	0	22	0	33	26	72	0	36	36	0	0	21	18	72	4	57	80	0	25	230	253	72	57
360	345	73	77	18	330	36	41	0	73	77	18	46	123	0	0	216	247	54	33	315	31	14	0	36	41	0	31	42	0	0	119	140	0	0	73	77	18	33	42	0	0	19	14	54	0	46	123	0	0	216	247	54	33	300	19	0	0	31	14	0	25	0	0	0	98	49	0	0	36	41	0	7	0	0	0	6	0	0	0	31	42	0	0	119	140	0	0	73	77	18	18	0	22	0	32	26	36	0	33	42	0	0	19	14	54	0	46	123	0	0	216	247	54	33	285	13	0	0	19	0	0	13	0	0	0	55	0	0	0	31	14	0	7	0	0	0	6	0	0	0	25	0	0	0	98	49	0	0	36	41	0	10	0	0	0	24	20	0	0	7	0	0	0	6	0	0	0	31	42	0	0	119	140	0	0	73	77	18	20	0	23	0	32	26	0	0	18	0	22	0	32	26	36	0	33	42	0	0	19	14	54	0	46	123	0	0	216	247	54	33
332	318	77	69	11	304	39	39	0	77	69	11	56	44	0	0	229	252	44	16	290	32	25	0	39	39	0	36	12	0	0	125	165	0	0	77	69	11	31	48	0	0	27	12	11	0	56	44	0	0	229	252	44	16	276	20	11	0	32	25	0	26	0	0	0	99	107	0	0	39	39	0	7	0	0	0	6	0	0	0	36	12	0	0	125	165	0	0	77	69	11	16	22	22	0	36	22	22	0	31	48	0	0	27	12	11	0	56	44	0	0	229	252	44	16	262	14	10	0	20	11	0	14	0	0	0	56	55	0	0	32	25	0	7	0	0	0	6	0	0	0	26	0	0	0	99	107	0	0	39	39	0	8	20	0	0	24	20	0	0	7	0	0	0	6	0	0	0	36	12	0	0	125	165	0	0	77	69	11	19	10	23	0	24	22	0	0	16	22	22	0	36	22	22	0	31	48	0	0	27	12	11	0	56	44	0	0	229	252	44	16
267	256	60	35	5	245	33	10	0	60	35	5	55	0	0	0	182	105	25	5	234	25	5	0	33	10	0	31	0	0	0	114	40	0	0	60	35	5	34	25	0	0	14	10	0	0	55	0	0	0	182	105	25	5	223	14	0	0	25	5	0	19	0	0	0	83	20	0	0	33	10	0	7	0	0	0	4	0	0	0	31	0	0	0	114	40	0	0	60	35	5	18	0	10	0	20	20	5	0	34	25	0	0	14	10	0	0	55	0	0	0	182	105	25	5	212	11	0	0	14	0	0	13	0	0	0	44	0	0	0	25	5	0	7	0	0	0	4	0	0	0	19	0	0	0	83	20	0	0	33	10	0	10	0	0	0	18	20	0	0	7	0	0	0	4	0	0	0	31	0	0	0	114	40	0	0	60	35	5	10	0	5	0	14	20	0	0	18	0	10	0	20	20	5	0	34	25	0	0	14	10	0	0	55	0	0	0	182	105	25	5
330	316	53	49	37	302	23	9	0	53	49	37	30	36	45	0	156	147	148	115	288	14	0	0	23	9	0	15	0	0	0	78	27	0	11	53	49	37	2	0	59	0	10	0	37	0	30	36	45	0	156	147	148	115	274	14	0	0	14	0	0	15	0	0	0	45	0	0	0	23	9	0	2	0	0	0	7	0	0	0	15	0	0	0	78	27	0	11	53	49	37	4	0	0	0	25	0	0	0	2	0	59	0	10	0	37	0	30	36	45	0	156	147	148	115	260	14	0	0	14	0	0	15	0	0	0	45	0	0	0	14	0	0	2	0	0	0	7	0	0	0	15	0	0	0	45	0	0	0	23	9	0	4	0	0	0	19	0	0	0	2	0	0	0	7	0	0	0	15	0	0	0	78	27	0	11	53	49	37	26	0	0	0	34	0	0	0	4	0	0	0	25	0	0	0	2	0	59	0	10	0	37	0	30	36	45	0	156	147	148	115
392	374	83	118	27	356	36	82	0	83	118	27	42	138	45	0	239	359	81	70	338	26	72	0	36	82	0	22	108	0	0	115	262	0	5	83	118	27	17	24	49	0	24	28	27	0	42	138	45	0	239	359	81	70	320	21	70	0	26	72	0	19	108	0	0	79	228	0	0	36	82	0	6	24	0	0	8	24	0	0	22	108	0	0	115	262	0	5	83	118	27	22	22	0	0	35	64	0	0	17	24	49	0	24	28	27	0	42	138	45	0	239	359	81	70	302	17	61	0	21	70	0	15	102	0	0	64	219	0	0	26	72	0	6	24	0	0	8	24	0	0	19	108	0	0	79	228	0	0	36	82	0	6	16	0	0	20	52	0	0	6	24	0	0	8	24	0	0	22	108	0	0	115	262	0	5	83	118	27	22	81	0	0	30	46	0	0	22	22	0	0	35	64	0	0	17	24	49	0	24	28	27	0	42	138	45	0	239	359	81	70
191	183	31	7	18	175	14	0	0	31	7	18	24	0	27	0	94	7	18	34	167	7	0	0	14	0	0	9	0	0	0	49	0	0	0	31	7	18	2	0	31	0	2	0	0	0	24	0	27	0	94	7	18	34	159	7	0	0	7	0	0	9	0	0	0	24	0	0	0	14	0	0	2	0	0	0	2	0	0	0	9	0	0	0	49	0	0	0	31	7	18	4	0	0	0	11	0	0	0	2	0	31	0	2	0	0	0	24	0	27	0	94	7	18	34	151	7	0	0	7	0	0	9	0	0	0	24	0	0	0	7	0	0	2	0	0	0	2	0	0	0	9	0	0	0	24	0	0	0	14	0	0	4	0	0	0	11	0	0	0	2	0	0	0	2	0	0	0	9	0	0	0	49	0	0	0	31	7	18	10	0	0	0	13	0	0	0	4	0	0	0	11	0	0	0	2	0	31	0	2	0	0	0	24	0	27	0	94	7	18	34
190	182	32	12	11	174	17	0	0	32	12	11	24	0	6	0	93	18	22	16	166	12	0	0	17	0	0	15	0	0	0	57	0	0	0	32	12	11	2	0	17	0	6	0	0	0	24	0	6	0	93	18	22	16	158	12	0	0	12	0	0	15	0	0	0	39	0	0	0	17	0	0	2	0	0	0	6	0	0	0	15	0	0	0	57	0	0	0	32	12	11	4	0	0	0	10	0	0	0	2	0	17	0	6	0	0	0	24	0	6	0	93	18	22	16	150	12	0	0	12	0	0	15	0	0	0	39	0	0	0	12	0	0	2	0	0	0	6	0	0	0	15	0	0	0	39	0	0	0	17	0	0	4	0	0	0	10	0	0	0	2	0	0	0	6	0	0	0	15	0	0	0	57	0	0	0	32	12	11	16	0	0	0	15	0	0	0	4	0	0	0	10	0	0	0	2	0	17	0	6	0	0	0	24	0	6	0	93	18	22	16
189	181	31	15	5	173	15	0	0	31	15	5	22	0	0	0	80	30	15	5	165	12	0	0	15	0	0	15	0	0	0	46	0	0	0	31	15	5	2	0	5	0	6	0	0	0	22	0	0	0	80	30	15	5	157	12	0	0	12	0	0	15	0	0	0	35	0	0	0	15	0	0	2	0	0	0	6	0	0	0	15	0	0	0	46	0	0	0	31	15	5	2	0	0	0	8	0	0	0	2	0	5	0	6	0	0	0	22	0	0	0	80	30	15	5	149	12	0	0	12	0	0	15	0	0	0	35	0	0	0	12	0	0	2	0	0	0	6	0	0	0	15	0	0	0	35	0	0	0	15	0	0	2	0	0	0	8	0	0	0	2	0	0	0	6	0	0	0	15	0	0	0	46	0	0	0	31	15	5	15	0	0	0	17	0	0	0	2	0	0	0	8	0	0	0	2	0	5	0	6	0	0	0	22	0	0	0	80	30	15	5
249	238	44	28	30	227	18	0	16	44	28	30	16	0	51	39	115	70	120	37	216	18	0	0	18	0	16	16	0	32	0	53	0	64	0	44	28	30	8	0	0	0	18	0	0	54	16	0	51	39	115	70	120	37	205	16	0	0	18	0	0	16	0	0	0	53	0	0	0	18	0	16	0	0	0	0	11	0	0	5	16	0	32	0	53	0	64	0	44	28	30	13	0	0	0	26	14	0	0	8	0	0	0	18	0	0	54	16	0	51	39	115	70	120	37	194	10	0	0	16	0	0	12	0	0	0	46	0	0	0	18	0	0	0	0	0	0	11	0	0	0	16	0	0	0	53	0	0	0	18	0	16	0	0	0	0	14	0	0	0	0	0	0	0	11	0	0	5	16	0	32	0	53	0	64	0	44	28	30	18	0	0	0	22	42	0	0	13	0	0	0	26	14	0	0	8	0	0	0	18	0	0	54	16	0	51	39	115	70	120	37
353	337	67	73	48	321	28	28	22	67	73	48	29	0	79	63	178	219	240	64	305	27	28	0	28	28	22	28	0	44	0	84	84	110	0	67	73	48	13	0	0	0	23	14	0	65	29	0	79	63	178	219	240	64	289	22	28	0	27	28	0	25	0	0	0	80	84	0	0	28	28	22	2	0	0	0	13	14	0	5	28	0	44	0	84	84	110	0	67	73	48	22	0	0	0	35	60	0	0	13	0	0	0	23	14	0	65	29	0	79	63	178	219	240	64	273	12	18	0	22	28	0	21	0	0	0	65	84	0	0	27	28	0	2	0	0	0	13	14	0	0	25	0	0	0	80	84	0	0	28	28	22	0	0	0	0	17	42	0	0	2	0	0	0	13	14	0	5	28	0	44	0	84	84	110	0	67	73	48	11	90	26	0	29	63	0	0	22	0	0	0	35	60	0	0	13	0	0	0	23	14	0	65	29	0	79	63	178	219	240	64
252	241	38	10	45	230	19	0	7	38	10	45	21	0	37	21	107	10	45	98	219	19	0	0	19	0	7	21	0	14	0	58	0	7	0	38	10	45	2	0	0	0	11	0	0	18	21	0	37	21	107	10	45	98	208	19	0	0	19	0	0	21	0	0	0	58	0	0	0	19	0	7	2	0	0	0	11	0	0	0	21	0	14	0	58	0	7	0	38	10	45	5	0	0	0	20	0	0	0	2	0	0	0	11	0	0	18	21	0	37	21	107	10	45	98	197	14	0	0	19	0	0	21	0	0	0	58	0	0	0	19	0	0	2	0	0	0	11	0	0	0	21	0	0	0	58	0	0	0	19	0	7	0	0	0	0	11	0	0	0	2	0	0	0	11	0	0	0	21	0	14	0	58	0	7	0	38	10	45	21	0	16	0	27	30	0	0	5	0	0	0	20	0	0	0	2	0	0	0	11	0	0	18	21	0	37	21	107	10	45	98
316	301	55	72	28	286	22	50	0	55	72	28	36	60	17	0	138	180	56	80	271	18	50	0	22	50	0	18	60	0	0	64	150	0	0	55	72	28	7	0	0	0	10	40	0	0	36	60	17	0	138	180	56	80	256	17	50	0	18	50	0	15	60	0	0	52	150	0	0	22	50	0	2	0	0	0	9	40	0	0	18	60	0	0	64	150	0	0	55	72	28	7	0	0	0	22	10	0	0	7	0	0	0	10	40	0	0	36	60	17	0	138	180	56	80	241	11	44	0	17	50	0	15	60	0	0	50	150	0	0	18	50	0	2	0	0	0	9	40	0	0	15	60	0	0	52	150	0	0	22	50	0	0	0	0	0	14	10	0	0	2	0	0	0	9	40	0	0	18	60	0	0	64	150	0	0	55	72	28	16	48	16	0	29	32	0	0	7	0	0	0	22	10	0	0	7	0	0	0	10	40	0	0	36	60	17	0	138	180	56	80
198	189	32	23	5	180	13	8	0	32	23	5	12	0	0	0	80	38	15	5	171	13	8	0	13	8	0	12	0	0	0	39	8	0	0	32	23	5	0	0	0	0	14	0	0	0	12	0	0	0	80	38	15	5	162	13	8	0	13	8	0	12	0	0	0	39	8	0	0	13	8	0	0	0	0	0	10	0	0	0	12	0	0	0	39	8	0	0	32	23	5	5	0	0	0	19	0	0	0	0	0	0	0	14	0	0	0	12	0	0	0	80	38	15	5	153	9	8	0	13	8	0	12	0	0	0	39	8	0	0	13	8	0	0	0	0	0	10	0	0	0	12	0	0	0	39	8	0	0	13	8	0	0	0	0	0	11	0	0	0	0	0	0	0	10	0	0	0	12	0	0	0	39	8	0	0	32	23	5	18	0	0	0	20	20	0	0	5	0	0	0	19	0	0	0	0	0	0	0	14	0	0	0	12	0	0	0	80	38	15	5
349	333	47	39	91	317	24	0	60	47	39	91	26	0	40	98	108	91	273	83	301	20	0	42	24	0	60	15	0	40	45	65	0	180	38	47	39	91	16	0	10	63	19	39	0	37	26	0	40	98	108	91	273	83	285	12	0	11	20	0	42	10	0	40	0	54	0	126	0	24	0	60	0	0	10	0	10	0	0	0	15	0	40	45	65	0	180	38	47	39	91	18	0	41	49	30	26	0	65	16	0	10	63	19	39	0	37	26	0	40	98	108	91	273	83	269	3	0	0	12	0	11	6	0	23	0	32	0	33	0	20	0	42	0	0	10	0	10	0	0	0	10	0	40	0	54	0	126	0	24	0	60	0	0	40	0	23	0	0	5	0	0	10	0	10	0	0	0	15	0	40	45	65	0	180	38	47	39	91	2	0	18	0	4	0	0	16	18	0	41	49	30	26	0	65	16	0	10	63	19	39	0	37	26	0	40	98	108	91	273	83
466	444	68	132	105	422	31	72	80	68	132	105	36	72	40	86	168	372	420	78	400	26	64	57	31	72	80	24	72	40	45	88	234	320	38	68	132	105	13	112	10	98	32	62	0	27	36	72	40	86	168	372	420	78	378	15	28	11	26	64	57	16	56	40	0	73	206	228	0	31	72	80	2	0	10	0	11	18	0	0	24	72	40	45	88	234	320	38	68	132	105	10	112	63	49	41	88	210	115	13	112	10	98	32	62	0	27	36	72	40	86	168	372	420	78	356	5	0	0	15	28	11	10	0	23	0	41	84	44	0	26	64	57	2	0	10	0	11	18	0	0	16	56	40	0	73	206	228	0	31	72	80	0	0	56	0	23	54	160	11	2	0	10	0	11	18	0	0	24	72	40	45	88	234	320	38	68	132	105	2	0	51	0	9	0	210	16	10	112	63	49	41	88	210	115	13	112	10	98	32	62	0	27	36	72	40	86	168	372	420	78
307	292	55	65	39	277	23	50	0	55	65	39	32	60	0	0	134	197	39	156	262	19	50	0	23	50	0	16	60	0	0	60	170	0	45	55	65	39	17	0	0	0	19	40	0	0	32	60	0	0	134	197	39	156	247	12	47	0	19	50	0	10	60	0	0	48	170	0	0	23	50	0	0	0	0	0	9	40	0	0	16	60	0	0	60	170	0	45	55	65	39	15	27	0	0	23	49	0	0	17	0	0	0	19	40	0	0	32	60	0	0	134	197	39	156	232	3	18	0	12	47	0	6	54	0	0	30	159	0	0	19	50	0	0	0	0	0	9	40	0	0	10	60	0	0	48	170	0	0	23	50	0	0	0	0	0	16	40	0	0	0	0	0	0	9	40	0	0	16	60	0	0	60	170	0	45	55	65	39	0	18	42	0	8	0	117	0	15	27	0	0	23	49	0	0	17	0	0	0	19	40	0	0	32	60	0	0	134	197	39	156
236	225	41	26	29	214	24	10	0	41	26	29	22	0	0	0	103	34	58	111	203	22	10	0	24	10	0	19	0	0	0	68	10	0	38	41	26	29	12	0	0	0	21	18	0	0	22	0	0	0	103	34	58	111	192	16	8	0	22	10	0	16	0	0	0	62	10	0	0	24	10	0	0	0	0	0	12	10	0	0	19	0	0	0	68	10	0	38	41	26	29	16	16	0	0	24	38	0	0	12	0	0	0	21	18	0	0	22	0	0	0	103	34	58	111	181	5	0	0	16	8	0	12	0	0	0	46	8	0	0	22	10	0	0	0	0	0	12	10	0	0	16	0	0	0	62	10	0	0	24	10	0	0	0	0	0	17	30	0	0	0	0	0	0	12	10	0	0	19	0	0	0	68	10	0	38	41	26	29	2	0	42	0	2	0	29	0	16	16	0	0	24	38	0	0	12	0	0	0	21	18	0	0	22	0	0	0	103	34	58	111
233	222	43	35	9	211	21	10	0	43	35	9	26	0	0	0	99	65	45	48	200	17	10	0	21	10	0	15	0	0	0	58	10	0	22	43	35	9	16	0	0	0	16	25	0	0	26	0	0	0	99	65	45	48	189	10	5	0	17	10	0	10	0	0	0	47	10	0	0	21	10	0	0	0	0	0	9	10	0	0	15	0	0	0	58	10	0	22	43	35	9	13	25	0	0	26	40	0	0	16	0	0	0	16	25	0	0	26	0	0	0	99	65	45	48	178	2	0	0	10	5	0	6	0	0	0	30	5	0	0	17	10	0	0	0	0	0	9	10	0	0	10	0	0	0	47	10	0	0	21	10	0	0	0	0	0	20	30	0	0	0	0	0	0	9	10	0	0	15	0	0	0	58	10	0	22	43	35	9	2	0	18	0	6	0	9	0	13	25	0	0	26	40	0	0	16	0	0	0	16	25	0	0	26	0	0	0	99	65	45	48
271	258	24	22	66	245	9	0	59	24	22	66	14	0	28	20	40	33	132	9	232	4	0	59	9	0	59	2	0	28	20	15	0	118	0	24	22	66	5	0	19	0	3	0	0	0	14	0	28	20	40	33	132	9	219	1	0	59	4	0	59	0	0	28	20	4	0	118	0	9	0	59	0	0	19	0	3	0	0	0	2	0	28	20	15	0	118	0	24	22	66	0	0	5	0	11	0	0	0	5	0	19	0	3	0	0	0	14	0	28	20	40	33	132	9	206	1	0	53	1	0	59	0	0	28	12	1	0	118	0	4	0	59	0	0	19	0	3	0	0	0	0	0	28	20	4	0	118	0	9	0	59	0	0	0	0	10	0	0	0	0	0	19	0	3	0	0	0	2	0	28	20	15	0	118	0	24	22	66	0	0	0	43	8	0	0	0	0	0	5	0	11	0	0	0	5	0	19	0	3	0	0	0	14	0	28	20	40	33	132	9
290	276	33	25	82	262	20	13	31	33	25	82	27	0	10	20	77	25	82	273	248	13	12	31	20	13	31	15	0	10	20	54	13	31	140	33	25	82	7	12	38	0	8	13	0	0	27	0	10	20	77	25	82	273	234	2	0	31	13	12	31	6	0	10	20	34	12	31	99	20	13	31	0	0	10	0	8	13	0	0	15	0	10	20	54	13	31	140	33	25	82	0	0	68	0	17	39	82	0	7	12	38	0	8	13	0	0	27	0	10	20	77	25	82	273	220	0	0	25	2	0	31	0	0	10	12	6	0	31	22	13	12	31	0	0	10	0	8	12	0	0	6	0	10	20	34	12	31	99	20	13	31	0	0	0	0	17	39	31	0	0	0	10	0	8	13	0	0	15	0	10	20	54	13	31	140	33	25	82	0	0	18	43	6	0	0	0	0	0	68	0	17	39	82	0	7	12	38	0	8	13	0	0	27	0	10	20	77	25	82	273
332	316	34	41	95	300	16	13	51	34	41	95	20	26	42	40	71	69	190	234	284	7	0	51	16	13	51	6	0	40	40	35	26	102	140	34	41	95	5	0	84	0	9	0	95	0	20	26	42	40	71	69	190	234	268	1	0	51	7	0	51	0	0	40	40	11	0	102	99	16	13	51	0	0	50	0	5	0	51	0	6	0	40	40	35	26	102	140	34	41	95	0	0	41	0	22	0	0	0	5	0	84	0	9	0	95	0	20	26	42	40	71	69	190	234	252	1	0	38	1	0	51	0	0	40	22	1	0	102	22	7	0	51	0	0	50	0	5	0	51	0	0	0	40	40	11	0	102	99	16	13	51	0	0	0	0	16	0	0	0	0	0	50	0	5	0	51	0	6	0	40	40	35	26	102	140	34	41	95	0	0	0	84	8	0	0	0	0	0	41	0	22	0	0	0	5	0	84	0	9	0	95	0	20	26	42	40	71	69	190	234
304	289	45	70	42	274	23	28	10	45	70	42	23	88	10	0	102	138	168	205	259	18	8	10	23	28	10	19	16	10	0	57	52	40	140	45	70	42	11	32	38	0	13	14	84	0	23	88	10	0	102	138	168	205	244	10	0	10	18	8	10	12	0	10	0	42	8	40	99	23	28	10	4	0	10	0	4	12	20	0	19	16	10	0	57	52	40	140	45	70	42	16	0	33	0	26	54	42	0	11	32	38	0	13	14	84	0	23	88	10	0	102	138	168	205	229	6	0	9	10	0	10	8	0	10	0	22	0	40	22	18	8	10	4	0	10	0	4	8	20	0	12	0	10	0	42	8	40	99	23	28	10	4	0	0	0	13	44	10	0	4	0	10	0	4	12	20	0	19	16	10	0	57	52	40	140	45	70	42	7	0	0	9	20	48	0	0	16	0	33	0	26	54	42	0	11	32	38	0	13	14	84	0	23	88	10	0	102	138	168	205
166	158	23	12	19	150	11	0	0	23	12	19	16	0	0	0	46	18	38	114	142	6	0	0	11	0	0	6	0	0	0	24	0	0	80	23	12	19	5	0	28	0	4	0	0	0	16	0	0	0	46	18	38	114	134	1	0	0	6	0	0	0	0	0	0	10	0	0	57	11	0	0	0	0	0	0	4	0	0	0	6	0	0	0	24	0	0	80	23	12	19	0	0	33	0	14	0	0	0	5	0	28	0	4	0	0	0	16	0	0	0	46	18	38	114	126	1	0	0	1	0	0	0	0	0	0	1	0	0	11	6	0	0	0	0	0	0	4	0	0	0	0	0	0	0	10	0	0	57	11	0	0	0	0	0	0	13	0	0	0	0	0	0	0	4	0	0	0	6	0	0	0	24	0	0	80	23	12	19	0	0	0	0	8	0	0	0	0	0	33	0	14	0	0	0	5	0	28	0	4	0	0	0	16	0	0	0	46	18	38	114
259	246	20	12	95	233	5	0	38	20	12	95	2	0	64	68	40	24	95	304	220	3	0	38	5	0	38	0	0	29	68	5	0	38	151	20	12	95	0	0	20	0	6	0	0	0	2	0	64	68	40	24	95	304	207	3	0	38	3	0	38	0	0	29	68	3	0	38	151	5	0	38	0	0	0	0	2	0	0	0	0	0	29	68	5	0	38	151	20	12	95	0	0	0	0	15	0	0	0	0	0	20	0	6	0	0	0	2	0	64	68	40	24	95	304	194	3	0	38	3	0	38	0	0	29	68	3	0	38	151	3	0	38	0	0	0	0	0	0	0	0	0	0	29	68	3	0	38	151	5	0	38	0	0	0	0	6	0	0	0	0	0	0	0	2	0	0	0	0	0	29	68	5	0	38	151	20	12	95	0	0	0	0	18	0	0	0	0	0	0	0	15	0	0	0	0	0	20	0	6	0	0	0	2	0	64	68	40	24	95	304
230	218	53	39	32	206	27	11	22	53	39	32	35	0	66	22	136	81	128	42	194	26	11	20	27	11	22	33	0	46	20	71	11	88	10	53	39	32	15	0	8	20	24	0	0	0	35	0	66	22	136	81	128	42	182	25	11	20	26	11	20	33	0	40	20	70	11	80	10	27	11	22	12	0	0	20	9	0	0	0	33	0	46	20	71	11	88	10	53	39	32	28	0	0	0	33	7	0	0	15	0	8	20	24	0	0	0	35	0	66	22	136	81	128	42	170	19	11	20	25	11	20	29	0	40	20	66	11	80	10	26	11	20	12	0	0	20	8	0	0	0	33	0	40	20	70	11	80	10	27	11	22	8	0	0	0	11	0	0	0	12	0	0	20	9	0	0	0	33	0	46	20	71	11	88	10	53	39	32	22	0	0	0	24	42	0	0	28	0	0	0	33	7	0	0	15	0	8	20	24	0	0	0	35	0	66	22	136	81	128	42
192	182	26	23	38	172	11	9	0	26	23	38	14	0	29	0	60	44	76	222	162	10	9	0	11	9	0	12	0	0	0	26	9	0	120	26	23	38	7	0	8	0	11	0	0	0	14	0	29	0	60	44	76	222	152	9	9	0	10	9	0	12	0	0	0	25	9	0	120	11	9	0	4	0	0	0	2	0	0	0	12	0	0	0	26	9	0	120	26	23	38	16	0	0	0	20	7	0	0	7	0	8	0	11	0	0	0	14	0	29	0	60	44	76	222	142	5	9	0	9	9	0	8	0	0	0	21	9	0	120	10	9	0	4	0	0	0	1	0	0	0	12	0	0	0	25	9	0	120	11	9	0	4	0	0	0	7	0	0	0	4	0	0	0	2	0	0	0	12	0	0	0	26	9	0	120	26	23	38	7	0	0	0	18	28	0	0	16	0	0	0	20	7	0	0	7	0	8	0	11	0	0	0	14	0	29	0	60	44	76	222
133	126	36	11	8	119	18	6	0	36	11	8	26	0	16	0	91	21	8	42	112	17	6	0	18	6	0	24	0	0	0	46	6	0	10	36	11	8	9	0	8	0	12	0	0	0	26	0	16	0	91	21	8	42	105	16	6	0	17	6	0	24	0	0	0	45	6	0	10	18	6	0	6	0	0	0	7	0	0	0	24	0	0	0	46	6	0	10	36	11	8	16	0	0	0	16	5	0	0	9	0	8	0	12	0	0	0	26	0	16	0	91	21	8	42	98	12	6	0	16	6	0	20	0	0	0	41	6	0	10	17	6	0	6	0	0	0	6	0	0	0	24	0	0	0	45	6	0	10	18	6	0	4	0	0	0	7	0	0	0	6	0	0	0	7	0	0	0	24	0	0	0	46	6	0	10	36	11	8	17	0	0	0	24	20	0	0	16	0	0	0	16	5	0	0	9	0	8	0	12	0	0	0	26	0	16	0	91	21	8	42
234	220	67	73	0	206	27	51	0	67	73	0	38	92	0	0	163	204	0	0	192	22	49	0	27	51	0	22	84	0	0	67	144	0	0	67	73	0	13	14	0	0	35	45	0	0	38	92	0	0	163	204	0	0	178	21	49	0	22	49	0	22	84	0	0	56	140	0	0	27	51	0	10	14	0	0	3	35	0	0	22	84	0	0	67	144	0	0	67	73	0	28	0	0	0	42	2	0	0	13	14	0	0	35	45	0	0	38	92	0	0	163	204	0	0	164	15	39	0	21	49	0	18	84	0	0	52	140	0	0	22	49	0	10	14	0	0	3	35	0	0	22	84	0	0	56	140	0	0	27	51	0	8	0	0	0	14	0	0	0	10	14	0	0	3	35	0	0	22	84	0	0	67	144	0	0	67	73	0	12	20	0	0	31	12	0	0	28	0	0	0	42	2	0	0	13	14	0	0	35	45	0	0	38	92	0	0	163	204	0	0
321	304	59	30	126	287	39	0	87	59	30	126	53	0	48	117	170	60	252	165	270	35	0	55	39	0	87	43	0	44	51	114	0	174	60	59	30	126	24	0	0	127	29	60	0	137	53	0	48	117	170	60	252	165	253	29	0	39	35	0	55	34	0	28	49	98	0	110	58	39	0	87	12	0	0	69	8	0	0	61	43	0	44	51	114	0	174	60	59	30	126	32	0	0	20	39	75	0	105	24	0	0	127	29	60	0	137	53	0	48	117	170	60	252	165	236	21	0	39	29	0	39	30	0	0	49	81	0	78	58	35	0	55	12	0	0	69	8	0	0	61	34	0	28	49	98	0	110	58	39	0	87	12	0	0	20	14	0	0	80	12	0	0	69	8	0	0	61	43	0	44	51	114	0	174	60	59	30	126	18	0	4	0	17	0	0	0	32	0	0	20	39	75	0	105	24	0	0	127	29	60	0	137	53	0	48	117	170	60	252	165
178	168	51	24	23	158	31	16	13	51	24	23	40	8	0	13	137	49	23	32	148	29	16	12	31	16	13	36	8	0	12	83	40	13	22	51	24	23	18	0	0	12	29	15	0	0	40	8	0	13	137	49	23	32	138	25	16	10	29	16	12	33	8	0	10	78	40	12	20	31	16	13	12	0	0	10	7	8	0	0	36	8	0	12	83	40	13	22	51	24	23	28	0	0	20	31	21	0	0	18	0	0	12	29	15	0	0	40	8	0	13	137	49	23	32	128	17	15	10	25	16	10	29	8	0	10	66	40	10	20	29	16	12	12	0	0	10	7	8	0	0	33	8	0	10	78	40	12	20	31	16	13	8	0	0	20	8	0	0	0	12	0	0	10	7	8	0	0	36	8	0	12	83	40	13	22	51	24	23	11	7	4	0	13	0	0	0	28	0	0	20	31	21	0	0	18	0	0	12	29	15	0	0	40	8	0	13	137	49	23	32
286	270	82	74	59	254	44	28	56	82	74	59	76	14	72	13	222	241	295	0	238	35	28	51	44	28	56	45	14	72	12	127	84	280	0	82	74	59	29	0	12	68	32	72	0	0	76	14	72	13	222	241	295	0	222	28	28	32	35	28	51	33	14	64	10	98	84	255	0	44	28	56	12	0	12	10	8	0	0	0	45	14	72	12	127	84	280	0	82	74	59	36	0	0	53	47	54	0	105	29	0	12	68	32	72	0	0	76	14	72	13	222	241	295	0	206	19	28	28	28	28	32	29	14	33	10	79	84	160	0	35	28	51	12	0	12	10	8	0	0	0	33	14	64	10	98	84	255	0	44	28	56	12	0	0	48	16	0	0	80	12	0	12	10	8	0	0	0	45	14	72	12	127	84	280	0	82	74	59	19	0	4	34	27	15	0	0	36	0	0	53	47	54	0	105	29	0	12	68	32	72	0	0	76	14	72	13	222	241	295	0
299	281	89	123	21	263	43	87	12	89	123	21	58	104	36	0	242	356	84	32	245	36	81	12	43	87	12	39	96	36	0	123	249	48	22	89	123	21	30	70	12	0	48	48	0	0	58	104	36	0	242	356	84	32	227	26	69	11	36	81	12	30	88	36	0	101	230	48	20	43	87	12	6	66	12	0	11	11	0	0	39	96	36	0	123	249	48	22	89	123	21	27	100	0	11	54	79	0	0	30	70	12	0	48	48	0	0	58	104	36	0	242	356	84	32	209	18	51	8	26	69	11	22	80	33	0	72	200	44	20	36	81	12	6	66	12	0	11	11	0	0	30	88	36	0	101	230	48	20	43	87	12	8	44	0	8	19	44	0	0	6	66	12	0	11	11	0	0	39	96	36	0	123	249	48	22	89	123	21	20	28	4	24	41	27	42	0	27	100	0	11	54	79	0	0	30	70	12	0	48	48	0	0	58	104	36	0	242	356	84	32
341	321	87	144	33	301	44	105	8	87	144	33	53	152	12	32	240	398	99	78	281	38	98	0	44	105	8	37	144	8	0	129	308	24	22	87	144	33	29	85	0	0	49	62	0	42	53	152	12	32	240	398	99	78	261	29	73	0	38	98	0	28	132	0	0	108	284	0	20	44	105	8	8	50	0	0	10	13	0	10	37	144	8	0	129	308	24	22	87	144	33	31	160	0	0	54	97	33	0	29	85	0	0	49	62	0	42	53	152	12	32	240	398	99	78	241	21	30	0	29	73	0	24	72	0	0	83	199	0	20	38	98	0	8	42	0	0	10	12	0	10	28	132	0	0	108	284	0	20	44	105	8	8	48	0	0	21	48	8	0	8	50	0	0	10	13	0	10	37	144	8	0	129	308	24	22	87	144	33	16	66	4	0	30	56	132	0	31	160	0	0	54	97	33	0	29	85	0	0	49	62	0	42	53	152	12	32	240	398	99	78
384	362	72	92	152	340	38	71	99	72	92	152	62	71	34	84	207	275	152	262	318	30	51	94	38	71	99	35	51	32	76	121	212	99	176	72	92	152	21	51	9	44	14	0	152	0	62	71	34	84	207	275	152	262	296	21	0	62	30	51	94	22	0	32	52	93	136	94	130	38	71	99	10	0	0	0	4	0	99	0	35	51	32	76	121	212	99	176	72	92	152	20	0	50	106	25	0	456	124	21	51	9	44	14	0	152	0	62	71	34	84	207	275	152	262	274	15	0	20	21	0	62	12	0	30	22	70	0	62	92	30	51	94	8	0	0	0	4	0	94	0	22	0	32	52	93	136	94	130	38	71	99	12	0	0	0	19	0	297	41	10	0	0	0	4	0	99	0	35	51	32	76	121	212	99	176	72	92	152	15	0	32	56	30	36	0	182	20	0	50	106	25	0	456	124	21	51	9	44	14	0	152	0	62	71	34	84	207	275	152	262
241	227	70	52	49	213	40	22	22	70	52	49	62	27	34	24	197	145	147	113	199	32	13	22	40	22	22	37	0	32	24	124	88	66	76	70	52	49	24	0	9	0	10	0	49	0	62	27	34	24	197	145	147	113	185	20	13	22	32	13	22	21	0	32	24	96	52	66	63	40	22	22	10	0	0	0	4	0	22	0	37	0	32	24	124	88	66	76	70	52	49	24	0	50	0	33	0	0	0	24	0	9	0	10	0	49	0	62	27	34	24	197	145	147	113	171	14	12	19	20	13	22	11	0	32	22	65	52	66	43	32	13	22	8	0	0	0	4	0	22	0	21	0	32	24	96	52	66	63	40	22	22	12	0	0	0	22	0	0	0	10	0	0	0	4	0	22	0	37	0	32	24	124	88	66	76	70	52	49	14	12	25	27	31	37	0	0	24	0	50	0	33	0	0	0	24	0	9	0	10	0	49	0	62	27	34	24	197	145	147	113
283	267	59	55	84	251	30	0	64	59	55	84	51	0	54	60	162	132	420	80	235	22	0	64	30	0	64	23	0	52	60	94	0	320	68	59	55	84	20	0	0	0	3	0	0	0	51	0	54	60	162	132	420	80	219	14	0	59	22	0	64	11	0	52	52	66	0	320	63	30	0	64	6	0	0	0	3	0	0	0	23	0	52	60	94	0	320	68	59	55	84	8	0	14	65	13	0	0	0	20	0	0	0	3	0	0	0	51	0	54	60	162	132	420	80	203	13	0	28	14	0	59	9	0	50	22	46	0	295	43	22	0	64	6	0	0	0	3	0	0	0	11	0	52	52	66	0	320	63	30	0	64	8	0	0	0	13	0	0	0	6	0	0	0	3	0	0	0	23	0	52	60	94	0	320	68	59	55	84	10	0	7	72	27	0	0	144	8	0	14	65	13	0	0	0	20	0	0	0	3	0	0	0	51	0	54	60	162	132	420	80
274	258	65	86	29	242	27	33	20	65	86	29	33	141	40	0	179	210	145	59	226	22	7	20	27	33	20	20	21	40	0	89	80	100	56	65	86	29	9	35	0	0	9	0	87	0	33	141	40	0	179	210	145	59	210	17	0	19	22	7	20	11	0	40	0	69	14	100	51	27	33	20	0	0	0	0	5	0	60	0	20	21	40	0	89	80	100	56	65	86	29	12	0	0	9	25	0	29	0	9	35	0	0	9	0	87	0	33	141	40	0	179	210	145	59	194	15	0	8	17	0	19	11	0	38	0	56	0	95	32	22	7	20	0	0	0	0	5	0	60	0	11	0	40	0	69	14	100	51	27	33	20	4	0	0	0	15	0	20	0	0	0	0	0	5	0	60	0	20	21	40	0	89	80	100	56	65	86	29	17	0	0	16	29	24	0	39	12	0	0	9	25	0	29	0	9	35	0	0	9	0	87	0	33	141	40	0	179	210	145	59
297	279	98	117	40	261	49	78	0	98	117	40	64	138	0	0	277	418	120	239	243	43	48	0	49	78	0	45	48	0	0	146	295	0	163	98	117	40	42	48	9	0	30	0	120	0	64	138	0	0	277	418	120	239	225	27	28	0	43	48	0	35	0	0	0	126	184	0	118	49	78	0	12	0	0	0	9	0	0	0	45	48	0	0	146	295	0	163	98	117	40	43	56	50	0	55	88	80	0	42	48	9	0	30	0	120	0	64	138	0	0	277	418	120	239	207	16	22	0	27	28	0	17	0	0	0	83	126	0	82	43	48	0	10	0	0	0	9	0	0	0	35	0	0	0	126	184	0	118	49	78	0	8	44	0	0	28	76	0	0	12	0	0	0	9	0	0	0	45	48	0	0	146	295	0	163	98	117	40	19	66	25	0	45	106	0	0	43	56	50	0	55	88	80	0	42	48	9	0	30	0	120	0	64	138	0	0	277	418	120	239
197	185	37	21	65	173	16	11	24	37	21	65	20	0	54	72	102	32	65	202	161	12	11	22	16	11	24	9	0	0	66	47	22	24	106	37	21	65	2	0	23	24	4	11	0	0	20	0	54	72	102	32	65	202	149	11	11	22	12	11	22	8	0	0	66	37	22	22	106	16	11	24	0	0	0	24	4	11	0	0	9	0	0	66	47	22	24	106	37	21	65	4	0	0	0	13	11	0	0	2	0	23	24	4	11	0	0	20	0	54	72	102	32	65	202	137	11	11	22	11	11	22	8	0	0	66	35	22	22	100	12	11	22	0	0	0	24	4	11	0	0	8	0	0	66	37	22	22	106	16	11	24	4	0	0	0	13	11	0	0	0	0	0	24	4	11	0	0	9	0	0	66	47	22	24	106	37	21	65	13	0	0	0	24	0	0	0	4	0	0	0	13	11	0	0	2	0	23	24	4	11	0	0	20	0	54	72	102	32	65	202
186	175	27	10	61	164	11	0	28	27	10	61	11	0	30	60	72	10	61	162	153	10	0	28	11	0	28	8	0	0	60	30	0	28	106	27	10	61	0	0	7	0	5	0	0	0	11	0	30	60	72	10	61	162	142	10	0	28	10	0	28	8	0	0	60	28	0	28	106	11	0	28	0	0	0	0	5	0	0	0	8	0	0	60	30	0	28	106	27	10	61	0	0	0	0	6	0	0	0	0	0	7	0	5	0	0	0	11	0	30	60	72	10	61	162	131	10	0	27	10	0	28	8	0	0	57	28	0	28	100	10	0	28	0	0	0	0	5	0	0	0	8	0	0	60	28	0	28	106	11	0	28	0	0	0	0	6	0	0	0	0	0	0	0	5	0	0	0	8	0	0	60	30	0	28	106	27	10	61	7	0	0	9	14	0	0	0	0	0	0	0	6	0	0	0	0	0	7	0	5	0	0	0	11	0	30	60	72	10	61	162
216	203	52	40	39	190	24	0	10	52	40	39	25	0	45	30	147	120	195	153	177	21	0	10	24	0	10	16	0	0	30	77	0	50	84	52	40	39	2	0	23	0	7	0	0	0	25	0	45	30	147	120	195	153	164	21	0	10	21	0	10	16	0	0	30	70	0	50	84	24	0	10	2	0	0	0	7	0	0	0	16	0	0	30	77	0	50	84	52	40	39	22	0	0	0	35	0	0	0	2	0	23	0	7	0	0	0	25	0	45	30	147	120	195	153	151	17	0	9	21	0	10	16	0	0	27	70	0	50	78	21	0	10	2	0	0	0	7	0	0	0	16	0	0	30	70	0	50	84	24	0	10	4	0	0	0	19	0	0	0	2	0	0	0	7	0	0	0	16	0	0	30	77	0	50	84	52	40	39	26	0	0	9	26	32	0	0	22	0	0	0	35	0	0	0	2	0	23	0	7	0	0	0	25	0	45	30	147	120	195	153
235	220	64	65	52	205	27	36	0	64	65	52	29	24	71	0	176	216	156	354	190	20	36	0	27	36	0	15	24	0	0	83	120	0	205	64	65	52	8	0	74	0	12	13	0	0	29	24	71	0	176	216	156	354	175	18	36	0	20	36	0	14	24	0	0	65	120	0	200	27	36	0	2	0	0	0	6	12	0	0	15	24	0	0	83	120	0	205	64	65	52	26	0	0	0	40	26	0	0	8	0	74	0	12	13	0	0	29	24	71	0	176	216	156	354	160	13	33	0	18	36	0	14	24	0	0	61	120	0	162	20	36	0	2	0	0	0	6	12	0	0	14	24	0	0	65	120	0	200	27	36	0	4	0	0	0	23	24	0	0	2	0	0	0	6	12	0	0	15	24	0	0	83	120	0	205	64	65	52	24	27	0	0	35	48	0	0	26	0	0	0	40	26	0	0	8	0	74	0	12	13	0	0	29	24	71	0	176	216	156	354
134	126	28	12	18	118	12	0	0	28	12	18	11	0	21	0	70	18	36	113	110	11	0	0	12	0	0	8	0	0	0	31	0	0	84	28	12	18	0	0	7	0	5	0	0	0	11	0	21	0	70	18	36	113	102	11	0	0	11	0	0	8	0	0	0	29	0	0	84	12	0	0	0	0	0	0	5	0	0	0	8	0	0	0	31	0	0	84	28	12	18	0	0	0	0	6	0	0	0	0	0	7	0	5	0	0	0	11	0	21	0	70	18	36	113	94	11	0	0	11	0	0	8	0	0	0	29	0	0	78	11	0	0	0	0	0	0	5	0	0	0	8	0	0	0	29	0	0	84	12	0	0	0	0	0	0	6	0	0	0	0	0	0	0	5	0	0	0	8	0	0	0	31	0	0	84	28	12	18	6	0	0	0	11	0	0	0	0	0	0	0	6	0	0	0	0	0	7	0	5	0	0	0	11	0	21	0	70	18	36	113
271	253	80	91	82	235	36	45	53	80	91	82	32	30	136	103	215	313	328	91	217	34	45	9	36	45	53	24	30	122	0	105	195	212	10	80	91	82	39	0	24	27	38	0	0	270	32	30	136	103	215	313	328	91	199	25	37	0	34	45	9	24	30	36	0	101	195	36	10	36	45	53	5	0	24	0	12	0	0	141	24	30	122	0	105	195	212	10	80	91	82	41	88	0	0	55	113	0	33	39	0	24	27	38	0	0	270	32	30	136	103	215	313	328	91	181	13	11	0	25	37	0	14	22	0	0	76	159	0	10	34	45	9	3	0	18	0	11	0	0	136	24	30	36	0	101	195	36	10	36	45	53	2	0	0	0	26	45	0	8	5	0	24	0	12	0	0	141	24	30	122	0	105	195	212	10	80	91	82	13	44	55	0	29	67	164	0	41	88	0	0	55	113	0	33	39	0	24	27	38	0	0	270	32	30	136	103	215	313	328	91
157	147	43	21	31	137	22	0	15	43	21	31	18	0	34	59	123	42	93	39	127	22	0	0	22	0	15	18	0	23	0	71	0	45	10	43	21	31	14	0	0	0	17	0	0	69	18	0	34	59	123	42	93	39	117	18	0	0	22	0	0	18	0	0	0	71	0	0	10	22	0	15	2	0	0	0	8	0	0	20	18	0	23	0	71	0	45	10	43	21	31	25	0	0	0	34	28	0	0	14	0	0	0	17	0	0	69	18	0	34	59	123	42	93	39	107	11	0	0	18	0	0	14	0	0	0	59	0	0	10	22	0	0	2	0	0	0	8	0	0	20	18	0	0	0	71	0	0	10	22	0	15	0	0	0	0	18	0	0	0	2	0	0	0	8	0	0	20	18	0	23	0	71	0	45	10	43	21	31	17	0	22	0	21	7	0	0	25	0	0	0	34	28	0	0	14	0	0	0	17	0	0	69	18	0	34	59	123	42	93	39
243	226	80	103	28	209	34	62	8	80	103	28	32	76	22	24	204	355	140	91	192	32	60	0	34	62	8	22	72	16	0	95	230	40	10	80	103	28	40	24	0	0	40	28	0	40	32	76	22	24	204	355	140	91	175	22	50	0	32	60	0	20	72	0	0	90	228	0	10	34	62	8	1	24	0	0	9	24	0	0	22	72	16	0	95	230	40	10	79	103	28	35	70	0	0	50	94	0	0	40	24	0	0	40	28	0	40	32	76	22	24	202	355	140	91	158	12	26	0	22	50	0	10	52	0	0	64	183	0	10	32	60	0	1	24	0	0	9	24	0	0	20	72	0	0	90	228	0	10	33	62	8	2	0	0	0	25	48	0	0	1	24	0	0	9	24	0	0	22	72	16	0	93	230	40	10	79	103	28	7	70	31	0	26	50	56	0	35	70	0	0	50	94	0	0	40	24	0	0	40	28	0	40	32	76	22	24	202	355	140	91
228	212	50	71	55	196	22	55	7	50	71	55	25	66	12	35	125	145	55	235	180	19	55	0	22	55	7	13	66	7	0	66	132	7	62	50	71	55	13	0	0	0	5	33	0	29	25	66	12	35	125	145	55	235	164	16	55	0	19	55	0	10	66	0	0	58	132	0	60	22	55	7	2	0	0	0	4	33	0	20	13	66	7	0	66	132	7	62	48	71	55	18	0	0	0	30	33	0	0	13	0	0	0	5	33	0	29	25	66	12	35	121	145	55	235	148	11	52	0	16	55	0	10	66	0	0	53	132	0	60	19	55	0	2	0	0	0	4	33	0	20	10	66	0	0	58	132	0	60	20	55	7	0	0	0	0	14	33	0	0	2	0	0	0	4	33	0	20	13	66	7	0	62	132	7	62	48	71	55	14	30	9	0	16	0	0	0	18	0	0	0	30	33	0	0	13	0	0	0	5	33	0	29	25	66	12	35	121	145	55	235
146	136	36	28	14	126	15	16	0	36	28	14	14	0	0	0	101	58	28	57	116	15	16	0	15	16	0	14	0	0	0	48	40	0	10	36	28	14	2	0	0	0	10	0	0	0	14	0	0	0	101	58	28	57	106	15	16	0	15	16	0	14	0	0	0	48	40	0	10	15	16	0	2	0	0	0	5	0	0	0	14	0	0	0	48	40	0	10	34	28	14	18	0	0	0	26	0	0	0	2	0	0	0	10	0	0	0	14	0	0	0	97	58	28	57	96	11	16	0	15	16	0	14	0	0	0	48	40	0	10	15	16	0	2	0	0	0	5	0	0	0	14	0	0	0	48	40	0	10	13	16	0	0	0	0	0	10	0	0	0	2	0	0	0	5	0	0	0	14	0	0	0	44	40	0	10	34	28	14	17	0	0	0	11	0	0	0	18	0	0	0	26	0	0	0	2	0	0	0	10	0	0	0	14	0	0	0	97	58	28	57
238	222	57	28	110	206	31	0	71	57	28	110	36	0	65	99	159	84	220	155	190	24	0	62	31	0	71	18	0	63	74	99	0	142	76	57	28	110	27	0	29	76	28	56	0	0	36	0	65	99	159	84	220	155	174	9	0	23	24	0	62	14	0	63	9	81	0	124	9	31	0	71	3	0	29	0	7	0	0	0	18	0	63	74	99	0	142	76	57	28	110	9	0	99	55	22	0	0	221	27	0	29	76	28	56	0	0	36	0	65	99	159	84	220	155	158	4	0	2	9	0	23	2	0	53	0	27	0	46	0	24	0	62	3	0	29	0	7	0	0	0	14	0	63	9	81	0	124	9	31	0	71	2	0	56	0	22	0	0	119	3	0	29	0	7	0	0	0	18	0	63	74	99	0	142	76	57	28	110	0	0	25	10	26	0	0	54	9	0	99	55	22	0	0	221	27	0	29	76	28	56	0	0	36	0	65	99	159	84	220	155
190	177	49	40	46	164	21	0	37	49	40	46	32	0	54	30	123	96	230	28	151	15	0	36	21	0	37	12	0	52	29	62	0	185	8	49	40	46	25	0	7	17	26	40	0	0	32	0	54	30	123	96	230	28	138	6	0	16	15	0	36	12	0	52	9	49	0	180	0	21	0	37	3	0	7	0	7	0	0	0	12	0	52	29	62	0	185	8	49	40	46	9	0	27	27	19	0	0	152	25	0	7	17	26	40	0	0	32	0	54	30	123	96	230	28	125	2	0	2	6	0	16	2	0	46	0	18	0	80	0	15	0	36	3	0	7	0	7	0	0	0	12	0	52	9	49	0	180	0	21	0	37	2	0	12	0	19	0	0	99	3	0	7	0	7	0	0	0	12	0	52	29	62	0	185	8	49	40	46	0	0	14	10	23	0	0	33	9	0	27	27	19	0	0	152	25	0	7	17	26	40	0	0	32	0	54	30	123	96	230	28
179	167	45	11	73	155	26	0	30	45	11	73	23	0	26	30	125	33	73	210	143	25	0	29	26	0	30	20	0	24	29	80	0	30	83	45	11	73	25	0	0	17	28	11	0	0	23	0	26	30	125	33	73	210	131	14	0	9	25	0	29	20	0	24	9	79	0	29	9	26	0	30	3	0	0	0	10	0	0	0	20	0	24	29	80	0	30	83	45	11	73	9	0	49	27	19	0	0	152	25	0	0	17	28	11	0	0	23	0	26	30	125	33	73	210	119	6	0	0	14	0	9	8	0	18	0	39	0	9	0	25	0	29	3	0	0	0	10	0	0	0	20	0	24	9	79	0	29	9	26	0	30	2	0	12	0	19	0	0	99	3	0	0	0	10	0	0	0	20	0	24	29	80	0	30	83	45	11	73	0	0	55	0	16	0	0	33	9	0	49	27	19	0	0	152	25	0	0	17	28	11	0	0	23	0	26	30	125	33	73	210
251	233	75	99	63	215	40	65	34	75	99	63	53	52	37	45	203	243	189	141	197	31	53	31	40	65	34	36	52	35	36	121	169	102	76	75	99	63	33	120	22	24	41	91	0	0	53	52	37	45	203	243	189	141	179	14	10	16	31	53	31	26	40	35	9	96	133	93	9	40	65	34	5	0	22	0	5	39	0	0	36	52	35	36	121	169	102	76	75	99	63	28	30	99	55	41	86	252	40	33	120	22	24	41	91	0	0	53	52	37	45	203	243	189	141	161	3	0	0	14	10	16	6	0	25	0	38	10	48	0	31	53	31	5	0	22	0	5	39	0	0	26	40	35	9	96	133	93	9	40	65	34	2	0	56	0	25	78	136	0	5	0	22	0	5	39	0	0	36	52	35	36	121	169	102	76	75	99	63	2	0	25	0	27	91	63	54	28	30	99	55	41	86	252	40	33	120	22	24	41	91	0	0	53	52	37	45	203	243	189	141
190	176	56	69	18	162	24	43	0	56	69	18	40	20	0	0	142	194	72	110	148	18	34	0	24	43	0	18	20	0	0	68	136	0	61	56	69	18	29	60	0	0	29	48	0	0	40	20	0	0	142	194	72	110	134	7	16	0	18	34	0	16	12	0	0	54	110	0	9	24	43	0	2	10	0	0	5	20	0	0	18	20	0	0	68	136	0	61	56	69	18	13	44	36	0	29	32	36	0	29	60	0	0	29	48	0	0	40	20	0	0	142	194	72	110	120	1	10	0	7	16	0	2	0	0	0	18	50	0	0	18	34	0	2	10	0	0	5	20	0	0	16	12	0	0	54	110	0	9	24	43	0	0	20	0	0	19	30	0	0	2	10	0	0	5	20	0	0	18	20	0	0	68	136	0	61	56	69	18	0	0	25	0	23	20	18	0	13	44	36	0	29	32	36	0	29	60	0	0	29	48	0	0	40	20	0	0	142	194	72	110
167	155	25	11	66	143	12	0	46	25	11	66	19	0	9	66	57	11	66	64	131	4	0	45	12	0	46	3	0	7	62	32	0	46	37	25	11	66	1	0	29	12	2	0	0	0	19	0	9	66	57	11	66	64	119	3	0	45	4	0	45	1	0	7	62	11	0	45	36	12	0	46	1	0	13	12	2	0	0	0	3	0	7	62	32	0	46	37	25	11	66	2	0	6	0	11	0	0	0	1	0	29	12	2	0	0	0	19	0	9	66	57	11	66	64	107	3	0	42	3	0	45	1	0	7	50	6	0	45	16	4	0	45	1	0	12	9	2	0	0	0	1	0	7	62	11	0	45	36	12	0	46	2	0	0	0	9	0	0	0	1	0	13	12	2	0	0	0	3	0	7	62	32	0	46	37	25	11	66	1	0	0	27	17	0	0	0	2	0	6	0	11	0	0	0	1	0	29	12	2	0	0	0	19	0	9	66	57	11	66	64
233	216	42	55	96	199	20	13	39	42	55	96	24	39	43	88	100	120	288	310	182	7	0	38	20	13	39	7	0	37	84	54	13	117	172	42	55	96	1	0	95	12	9	0	96	0	24	39	43	88	100	120	288	310	165	5	0	38	7	0	38	1	0	37	84	17	0	114	158	20	13	39	1	0	35	12	6	0	39	0	7	0	37	84	54	13	117	172	42	55	96	2	0	16	0	26	0	0	0	1	0	95	12	9	0	96	0	24	39	43	88	100	120	288	310	148	5	0	30	5	0	38	1	0	37	64	11	0	114	64	7	0	38	1	0	34	9	6	0	38	0	1	0	37	84	17	0	114	158	20	13	39	2	0	0	0	16	0	0	0	1	0	35	12	6	0	39	0	7	0	37	84	54	13	117	172	42	55	96	6	0	0	62	39	0	0	0	2	0	16	0	26	0	0	0	1	0	95	12	9	0	96	0	24	39	43	88	100	120	288	310
201	186	49	63	47	171	27	27	7	49	63	47	30	81	9	14	113	132	141	237	156	19	0	7	27	27	7	23	0	7	14	65	72	21	142	49	63	47	17	0	52	0	21	0	141	0	30	81	9	14	113	132	141	237	141	13	0	7	19	0	7	17	0	7	14	44	0	21	129	27	27	7	3	0	0	0	7	0	21	0	23	0	7	14	65	72	21	142	49	63	47	20	0	16	0	33	48	0	0	17	0	52	0	21	0	141	0	30	81	9	14	113	132	141	237	126	7	0	7	13	0	7	5	0	7	14	25	0	21	55	19	0	7	3	0	0	0	7	0	21	0	17	0	7	14	44	0	21	129	27	27	7	2	0	0	0	16	36	0	0	3	0	0	0	7	0	21	0	23	0	7	14	65	72	21	142	49	63	47	3	0	0	0	29	72	0	0	20	0	16	0	33	48	0	0	17	0	52	0	21	0	141	0	30	81	9	14	113	132	141	237
148	137	40	34	17	126	21	6	7	40	34	17	29	24	9	14	88	68	68	46	115	17	0	7	21	6	7	17	0	7	14	52	12	28	37	40	34	17	8	0	0	0	8	0	17	0	29	24	9	14	88	68	68	46	104	15	0	7	17	0	7	17	0	7	14	43	0	28	36	21	6	7	4	0	0	0	4	0	7	0	17	0	7	14	52	12	28	37	40	34	17	10	0	0	0	19	20	0	0	8	0	0	0	8	0	17	0	29	24	9	14	88	68	68	46	93	11	0	7	15	0	7	9	0	7	14	35	0	28	16	17	0	7	4	0	0	0	4	0	7	0	17	0	7	14	43	0	28	36	21	6	7	2	0	0	0	8	12	0	0	4	0	0	0	4	0	7	0	17	0	7	14	52	12	28	37	40	34	17	11	0	0	0	28	40	0	0	10	0	0	0	19	20	0	0	8	0	0	0	8	0	17	0	29	24	9	14	88	68	68	46
111	103	28	7	24	95	16	0	0	28	7	24	23	0	0	0	64	7	24	127	87	5	0	0	16	0	0	7	0	0	0	41	0	0	71	28	7	24	1	0	52	0	5	0	0	0	23	0	0	0	64	7	24	127	79	3	0	0	5	0	0	1	0	0	0	12	0	0	67	16	0	0	1	0	0	0	5	0	0	0	7	0	0	0	41	0	0	71	28	7	24	2	0	16	0	17	0	0	0	1	0	52	0	5	0	0	0	23	0	0	0	64	7	24	127	71	3	0	0	3	0	0	1	0	0	0	6	0	0	32	5	0	0	1	0	0	0	5	0	0	0	1	0	0	0	12	0	0	67	16	0	0	2	0	0	0	15	0	0	0	1	0	0	0	5	0	0	0	7	0	0	0	41	0	0	71	28	7	24	1	0	0	0	23	0	0	0	2	0	16	0	17	0	0	0	1	0	52	0	5	0	0	0	23	0	0	0	64	7	24	127
174	160	39	35	78	146	17	13	44	39	35	78	17	0	88	57	101	33	156	160	132	17	13	40	17	13	44	17	0	40	47	48	0	88	53	39	35	78	8	0	0	36	12	0	0	0	17	0	88	57	101	33	156	160	118	15	13	40	17	13	40	17	0	36	47	48	0	80	52	17	13	44	4	0	0	36	5	0	0	0	17	0	40	47	48	0	88	53	39	35	78	10	0	0	0	26	22	0	0	8	0	0	36	12	0	0	0	17	0	88	57	101	33	156	160	104	11	13	40	15	13	40	9	0	36	47	40	0	80	52	17	13	40	4	0	0	36	5	0	0	0	17	0	36	47	48	0	80	52	17	13	44	2	0	0	0	5	0	0	0	4	0	0	36	5	0	0	0	17	0	40	47	48	0	88	53	39	35	78	16	0	0	0	40	44	0	0	10	0	0	0	26	22	0	0	8	0	0	36	12	0	0	0	17	0	88	57	101	33	156	160
120	110	54	29	27	100	25	9	13	54	29	27	26	0	41	13	133	105	135	96	90	24	9	11	25	9	13	21	0	26	11	64	45	65	39	54	29	27	23	0	0	22	31	9	0	0	26	0	41	13	133	105	135	96	80	19	9	11	24	9	11	20	0	22	11	62	45	55	38	25	9	13	4	0	0	22	4	9	0	0	21	0	26	11	64	45	65	39	54	29	27	39	0	0	0	36	25	0	0	23	0	0	22	31	9	0	0	26	0	41	13	133	105	135	96	70	9	4	11	19	9	11	8	0	22	11	47	45	55	38	24	9	11	4	0	0	22	4	9	0	0	20	0	22	11	62	45	55	38	25	9	13	8	0	0	0	11	9	0	0	4	0	0	22	4	9	0	0	21	0	26	11	64	45	65	39	54	29	27	10	20	0	0	21	40	0	0	39	0	0	0	36	25	0	0	23	0	0	22	31	9	0	0	26	0	41	13	133	105	135	96
131	120	33	27	46	109	15	18	0	33	27	46	16	9	46	0	75	52	46	250	98	15	18	0	15	18	0	16	9	0	0	39	36	0	99	33	27	46	8	0	0	0	11	0	0	0	16	9	46	0	75	52	46	250	87	13	18	0	15	18	0	16	9	0	0	39	36	0	97	15	18	0	4	0	0	0	4	0	0	0	16	9	0	0	39	36	0	99	33	27	46	10	0	0	0	20	16	0	0	8	0	0	0	11	0	0	0	16	9	46	0	75	52	46	250	76	9	17	0	13	18	0	8	9	0	0	31	36	0	97	15	18	0	4	0	0	0	4	0	0	0	16	9	0	0	39	36	0	97	15	18	0	2	0	0	0	4	0	0	0	4	0	0	0	4	0	0	0	16	9	0	0	39	36	0	99	33	27	46	10	8	0	0	28	32	0	0	10	0	0	0	20	16	0	0	8	0	0	0	11	0	0	0	16	9	46	0	75	52	46	250
91	83	33	17	15	75	16	12	0	33	17	15	21	0	33	0	76	34	15	64	67	15	12	0	16	12	0	17	0	0	0	41	24	0	14	33	17	15	8	0	0	0	7	6	0	0	21	0	33	0	76	34	15	64	59	13	12	0	15	12	0	17	0	0	0	39	24	0	14	16	12	0	4	0	0	0	3	6	0	0	17	0	0	0	41	24	0	14	33	17	15	10	0	0	0	19	10	0	0	8	0	0	0	7	6	0	0	21	0	33	0	76	34	15	64	51	9	12	0	13	12	0	9	0	0	0	31	24	0	14	15	12	0	4	0	0	0	3	6	0	0	17	0	0	0	39	24	0	14	16	12	0	2	0	0	0	4	0	0	0	4	0	0	0	3	6	0	0	17	0	0	0	41	24	0	14	33	17	15	11	0	0	0	28	20	0	0	10	0	0	0	19	10	0	0	8	0	0	0	7	6	0	0	21	0	33	0	76	34	15	64
148	134	57	73	6	120	22	49	0	57	73	6	23	36	6	0	130	201	24	17	106	20	47	0	22	49	0	14	36	0	0	56	143	0	7	57	73	6	11	22	0	0	27	20	0	0	23	36	6	0	130	201	24	17	92	17	45	0	20	47	0	13	36	0	0	52	139	0	7	22	49	0	2	18	0	0	4	18	0	0	14	36	0	0	56	143	0	7	57	73	6	27	18	0	0	37	19	0	0	11	22	0	0	27	20	0	0	23	36	6	0	130	201	24	17	78	9	37	0	17	45	0	5	36	0	0	42	135	0	7	20	47	0	2	18	0	0	4	18	0	0	13	36	0	0	52	139	0	7	22	49	0	6	18	0	0	9	9	0	0	2	18	0	0	4	18	0	0	14	36	0	0	56	143	0	7	55	73	6	8	40	0	0	32	40	0	0	27	18	0	0	37	19	0	0	11	22	0	0	27	20	0	0	23	36	6	0	127	201	24	17
232	212	69	79	140	192	38	19	128	69	79	140	50	0	76	42	170	218	560	33	172	31	19	122	38	19	128	33	0	76	40	101	38	512	13	69	79	140	35	0	12	77	31	90	0	0	50	0	76	42	170	218	560	33	152	20	15	95	31	19	122	24	0	73	36	83	38	488	11	38	19	128	4	0	12	37	5	0	0	0	33	0	76	40	101	38	512	13	69	79	140	39	60	0	181	39	113	0	63	35	0	12	77	31	90	0	0	50	0	76	42	170	218	560	33	132	6	0	69	20	15	95	8	0	49	36	55	30	380	11	31	19	122	4	0	12	35	5	0	0	0	24	0	73	36	83	38	488	11	38	19	128	8	0	0	92	16	38	0	34	4	0	12	37	5	0	0	0	33	0	76	40	101	38	512	13	67	79	140	2	0	14	84	12	38	140	110	39	60	0	181	39	113	0	63	35	0	12	77	31	90	0	0	50	0	76	42	165	218	560	33
155	142	47	12	87	129	30	0	59	47	12	87	29	0	23	94	124	12	87	111	116	27	0	29	30	0	59	26	0	23	26	79	0	59	57	47	12	87	21	0	0	67	31	36	0	143	29	0	23	94	124	12	87	111	103	20	0	11	27	0	29	20	0	16	22	70	0	29	51	30	0	59	4	0	0	11	5	0	0	46	26	0	23	26	79	0	59	57	47	12	87	39	0	10	22	35	24	0	81	21	0	0	67	31	36	0	143	29	0	23	94	124	12	87	111	90	7	0	11	20	0	11	8	0	0	22	52	0	11	51	27	0	29	4	0	0	11	5	0	0	45	20	0	16	22	70	0	29	51	30	0	59	8	0	10	22	14	0	0	34	4	0	0	11	5	0	0	46	26	0	23	26	79	0	59	57	47	12	87	2	0	14	0	10	0	0	0	39	0	10	22	35	24	0	81	21	0	0	67	31	36	0	143	29	0	23	94	124	12	87	111
221	201	79	123	82	181	39	64	75	79	123	82	54	64	62	27	197	321	410	27	161	31	54	59	39	64	75	32	64	62	0	111	128	375	13	79	123	82	31	110	12	54	31	77	0	47	54	64	62	27	197	321	410	27	141	20	22	32	31	54	59	22	44	55	0	90	103	295	11	39	64	75	4	0	12	0	3	0	0	7	32	64	62	0	111	128	375	13	77	123	82	32	110	10	107	43	102	164	81	31	110	12	54	31	77	0	47	54	64	62	27	190	321	410	27	121	9	0	11	20	22	32	10	0	25	0	63	33	160	11	31	54	59	4	0	12	0	3	0	0	7	22	44	55	0	90	103	295	11	37	64	75	7	0	10	22	17	32	150	34	4	0	12	0	3	0	0	7	32	64	62	0	104	128	375	13	72	123	82	8	0	4	33	19	36	164	110	32	110	10	107	43	102	164	81	31	110	12	54	31	77	0	47	50	64	62	27	173	321	410	27
223	202	72	136	68	181	35	100	28	72	136	68	31	176	13	51	173	340	136	172	160	30	94	10	35	100	28	21	168	13	0	90	280	56	57	72	136	68	25	76	0	30	39	64	0	64	31	176	13	51	173	340	136	172	139	22	62	0	30	94	10	13	152	10	0	76	264	20	51	35	100	28	2	28	0	0	5	14	0	14	21	168	13	0	90	280	56	57	72	136	68	35	96	0	0	41	84	136	63	25	76	0	30	39	64	0	64	31	176	13	51	173	340	136	172	118	10	12	0	22	62	0	5	48	0	0	57	144	0	51	30	94	10	2	24	0	0	5	14	0	14	13	152	10	0	76	264	20	51	35	100	28	8	0	0	0	13	42	56	34	2	28	0	0	5	14	0	14	21	168	13	0	90	280	56	57	69	136	68	3	24	22	0	16	32	272	0	35	96	0	0	41	84	136	63	25	76	0	30	39	64	0	64	31	176	13	51	164	340	136	172
139	125	66	69	9	111	32	51	0	66	69	9	42	0	0	0	160	198	27	33	97	27	51	0	32	51	0	32	0	0	0	85	156	0	13	66	69	9	35	0	0	0	31	33	0	0	42	0	0	0	160	198	27	33	83	16	36	0	27	51	0	24	0	0	0	71	156	0	11	32	51	0	4	0	0	0	4	9	0	0	32	0	0	0	85	156	0	13	66	69	9	28	108	0	0	34	51	0	0	35	0	0	0	31	33	0	0	42	0	0	0	160	198	27	33	69	4	18	0	16	36	0	8	0	0	0	42	111	0	11	27	51	0	4	0	0	0	4	9	0	0	24	0	0	0	71	156	0	11	32	51	0	2	54	0	0	15	27	0	0	4	0	0	0	4	9	0	0	32	0	0	0	85	156	0	13	57	69	9	2	0	14	0	12	18	27	0	28	108	0	0	34	51	0	0	35	0	0	0	31	33	0	0	42	0	0	0	136	198	27	33
158	143	63	49	79	128	40	24	34	63	49	79	53	35	22	12	150	78	158	299	113	30	11	34	40	24	34	35	11	22	12	110	59	68	231	63	49	79	24	22	46	0	4	0	79	0	53	35	22	12	150	78	158	299	98	13	0	34	30	11	34	14	0	22	12	80	22	68	191	40	24	34	4	0	0	0	2	0	34	0	35	11	22	12	110	59	68	231	59	49	79	11	0	103	0	19	28	79	0	24	22	46	0	4	0	79	0	53	35	22	12	139	78	158	299	83	10	0	33	13	0	34	6	0	22	12	40	0	68	127	30	11	34	2	0	0	0	2	0	34	0	14	0	22	12	80	22	68	191	36	24	34	7	0	0	0	16	26	34	0	4	0	0	0	2	0	34	0	35	11	22	12	99	59	68	231	54	49	79	6	0	12	10	17	28	0	0	11	0	103	0	19	28	79	0	24	22	46	0	4	0	79	0	49	35	22	12	122	78	158	299
169	153	60	59	87	137	36	15	50	60	59	87	45	0	36	66	134	96	348	231	121	27	11	50	36	15	50	25	0	34	66	93	30	200	203	59	59	87	20	44	22	0	3	0	0	0	45	0	36	66	134	96	348	231	105	14	0	50	27	11	50	11	0	34	66	68	22	200	181	35	15	50	2	0	0	0	1	0	0	0	25	0	34	66	93	30	200	203	53	59	87	11	0	55	0	14	30	87	0	20	44	22	0	3	0	0	0	44	0	36	66	119	96	348	231	89	12	0	40	14	0	50	7	0	34	48	40	0	200	127	26	11	50	2	0	0	0	1	0	0	0	11	0	34	66	68	22	200	181	29	15	50	7	0	0	0	13	30	50	0	2	0	0	0	1	0	0	0	24	0	34	66	78	30	200	203	49	59	87	3	0	0	89	12	30	0	0	11	0	55	0	14	30	87	0	20	44	22	0	3	0	0	0	40	0	36	66	106	96	348	231
175	158	64	89	63	141	32	32	33	64	89	63	35	118	36	44	142	185	315	222	124	24	9	33	32	32	33	25	18	34	44	82	59	165	203	62	89	63	17	45	34	0	2	0	126	0	35	118	36	44	142	185	315	222	107	16	0	29	24	9	33	13	0	34	36	60	9	165	181	30	32	33	4	0	10	0	0	0	66	0	25	18	34	44	82	59	165	203	54	89	63	1	0	37	24	17	0	63	0	17	45	34	0	2	0	126	0	32	118	36	44	122	185	315	222	90	16	0	17	16	0	29	13	0	34	14	46	0	145	127	22	9	33	4	0	10	0	0	0	66	0	13	0	34	36	60	9	165	181	22	32	33	1	0	0	0	12	0	33	0	4	0	10	0	0	0	66	0	22	18	34	44	62	59	165	203	49	89	63	6	0	0	45	17	0	0	18	1	0	37	24	17	0	63	0	15	45	34	0	2	0	126	0	24	118	36	44	101	185	315	222
163	147	69	71	73	131	41	52	13	69	71	73	51	96	0	52	170	141	73	386	115	33	20	13	41	52	13	34	60	0	52	116	123	13	290	69	71	73	24	20	46	0	6	0	219	0	51	96	0	52	170	141	73	386	99	17	0	10	33	20	13	18	0	0	40	92	30	13	220	41	52	13	4	0	0	0	2	0	39	0	34	60	0	52	116	123	13	290	65	71	73	11	0	103	30	24	28	146	0	24	20	46	0	6	0	219	0	51	96	0	52	158	141	73	386	83	14	0	0	17	0	10	10	0	0	0	53	0	10	138	33	20	13	2	0	0	0	2	0	39	0	18	0	0	40	92	30	13	220	37	52	13	7	0	0	0	16	22	26	0	4	0	0	0	2	0	39	0	34	60	0	52	104	123	13	290	56	71	73	22	0	12	0	22	28	0	63	11	0	103	30	24	28	146	0	24	20	46	0	6	0	219	0	43	96	0	52	129	141	73	386
141	124	78	114	11	107	30	77	0	78	114	11	39	111	0	0	167	376	55	82	90	22	65	0	30	77	0	24	77	0	0	71	282	0	75	69	114	11	19	49	22	0	2	0	11	0	39	111	0	0	163	376	55	82	75	13	59	0	22	65	0	11	72	0	0	49	250	0	59	28	77	0	2	24	0	0	0	0	0	0	24	77	0	0	71	282	0	75	55	84	11	4	11	22	0	11	22	11	0	19	49	22	0	2	0	11	0	36	111	0	0	129	271	55	82	62	11	56	0	13	59	0	7	70	0	0	31	235	0	32	20	65	0	2	24	0	0	0	0	0	0	11	72	0	0	49	250	0	59	22	51	0	0	10	0	0	8	20	0	0	2	24	0	0	0	0	0	0	21	77	0	0	58	191	0	75	45	58	11	3	32	0	0	11	22	0	0	4	11	22	0	11	22	11	0	17	49	22	0	2	0	11	0	32	59	0	0	95	167	55	82
93	83	30	9	60	73	15	9	11	30	9	60	17	0	64	33	69	18	0	313	63	9	9	11	15	9	11	7	0	0	33	36	18	0	130	27	9	60	2	0	56	0	0	0	0	0	17	0	64	33	69	18	0	313	54	9	9	11	9	9	11	7	0	0	33	26	18	0	130	14	9	11	2	0	0	0	0	0	0	0	7	0	0	33	36	18	0	130	22	0	60	1	0	0	0	8	0	0	0	2	0	56	0	0	0	0	0	16	0	64	33	56	0	0	313	45	9	9	11	9	9	11	7	0	0	33	26	18	0	123	8	9	11	2	0	0	0	0	0	0	0	7	0	0	33	26	18	0	130	9	0	11	1	0	0	0	8	0	0	0	2	0	0	0	0	0	0	0	6	0	0	33	23	0	0	130	20	0	60	3	0	0	0	8	0	0	0	1	0	0	0	8	0	0	0	2	0	56	0	0	0	0	0	12	0	64	33	48	0	0	313
112	100	26	21	74	88	13	11	33	26	21	74	11	0	34	61	58	42	74	240	76	9	11	31	13	11	33	7	0	0	57	33	22	33	117	23	21	74	2	0	36	24	0	0	0	0	11	0	34	61	58	42	74	240	65	9	11	31	9	11	31	7	0	0	57	26	22	31	117	12	11	33	2	0	0	24	0	0	0	0	7	0	0	57	33	22	33	117	18	10	74	1	0	0	0	8	0	0	0	2	0	36	24	0	0	0	0	10	0	34	61	45	20	74	240	54	9	11	31	9	11	31	7	0	0	57	26	22	31	113	8	11	31	2	0	0	24	0	0	0	0	7	0	0	57	26	22	31	117	7	0	33	1	0	0	0	6	0	0	0	2	0	0	24	0	0	0	0	6	0	0	57	20	0	33	117	16	10	74	3	0	0	0	8	0	0	0	1	0	0	0	8	0	0	0	2	0	36	24	0	0	0	0	6	0	34	61	37	20	74	240
119	106	49	44	33	93	27	12	8	49	44	33	23	0	23	0	117	104	132	161	80	24	12	8	27	12	8	20	0	0	0	71	24	32	83	43	44	33	6	0	25	0	0	0	0	0	23	0	23	0	117	104	132	161	68	24	12	8	24	12	8	20	0	0	0	66	24	32	83	23	12	8	6	0	0	0	0	0	0	0	20	0	0	0	71	24	32	83	34	32	33	1	0	0	0	10	0	0	0	6	0	25	0	0	0	0	0	18	0	23	0	93	80	132	161	56	24	12	8	24	12	8	20	0	0	0	66	24	32	79	20	12	8	6	0	0	0	0	0	0	0	20	0	0	0	66	24	32	83	14	0	8	1	0	0	0	4	0	0	0	6	0	0	0	0	0	0	0	15	0	0	0	47	0	32	83	24	32	33	23	0	0	0	12	0	0	0	1	0	0	0	10	0	0	0	2	0	25	0	0	0	0	0	5	0	23	0	56	80	132	161
84	74	36	24	25	64	20	16	0	36	24	25	18	8	23	0	88	23	25	161	55	17	16	0	20	16	0	15	8	0	0	52	16	0	83	31	15	25	6	0	25	0	0	0	0	0	18	8	23	0	88	23	25	161	47	17	16	0	17	16	0	15	8	0	0	47	16	0	83	17	8	0	6	0	0	0	0	0	0	0	15	8	0	0	52	16	0	83	23	7	25	1	0	0	0	4	0	0	0	6	0	25	0	0	0	0	0	14	0	23	0	67	7	25	161	39	17	16	0	17	16	0	15	8	0	0	47	16	0	79	14	8	0	6	0	0	0	0	0	0	0	15	8	0	0	47	16	0	83	9	0	0	1	0	0	0	4	0	0	0	6	0	0	0	0	0	0	0	11	0	0	0	31	0	0	83	18	7	25	4	0	0	0	4	0	0	0	1	0	0	0	4	0	0	0	2	0	25	0	0	0	0	0	5	0	23	0	46	7	25	161
101	87	57	73	14	73	20	47	0	57	73	14	17	58	23	0	133	196	70	74	60	18	45	0	20	47	0	14	54	0	0	53	126	0	33	49	60	14	4	18	14	0	1	0	0	0	17	58	23	0	132	196	70	74	49	18	45	0	18	45	0	14	54	0	0	50	126	0	33	17	36	0	4	18	0	0	0	0	0	0	14	54	0	0	53	126	0	33	34	38	14	1	0	0	0	11	0	0	0	4	18	14	0	1	0	0	0	14	36	23	0	90	141	70	74	40	18	45	0	18	45	0	14	54	0	0	50	126	0	29	15	36	0	4	18	0	0	0	0	0	0	14	54	0	0	50	126	0	33	11	18	0	1	0	0	0	2	0	0	0	4	18	0	0	0	0	0	0	11	36	0	0	36	81	0	33	26	20	14	23	0	0	0	13	0	0	0	1	0	0	0	11	0	0	0	2	0	14	0	1	0	0	0	5	0	23	0	62	60	70	74
115	102	42	22	76	89	21	0	48	42	22	76	17	0	68	55	101	33	152	121	76	21	0	23	21	0	48	17	0	61	0	56	0	96	41	39	22	76	8	0	0	67	5	0	0	136	17	0	68	55	101	33	152	121	63	19	0	10	21	0	23	17	0	22	0	56	0	46	39	18	0	48	4	0	0	10	0	0	0	46	17	0	61	0	56	0	96	41	33	22	76	4	0	0	20	13	22	0	82	8	0	0	67	5	0	0	136	13	0	68	55	86	33	152	121	50	17	0	10	19	0	10	13	0	0	0	49	0	20	39	18	0	23	4	0	0	10	0	0	0	46	17	0	22	0	56	0	46	39	12	0	48	0	0	0	20	0	0	0	75	4	0	0	10	0	0	0	46	13	0	61	0	41	0	96	41	23	22	76	20	0	0	0	13	22	0	0	4	0	0	20	13	22	0	82	4	0	0	67	5	0	0	136	4	0	68	55	52	33	152	121
136	120	59	51	90	104	26	15	65	59	51	90	27	0	147	102	142	132	270	47	88	25	15	23	26	15	65	23	0	133	0	71	60	195	8	56	51	90	10	0	14	79	8	0	0	226	27	0	147	102	142	132	270	47	72	23	15	0	25	15	23	23	0	70	0	71	60	69	8	23	15	65	6	0	14	0	0	0	0	80	23	0	133	0	71	60	195	8	45	51	90	8	0	0	0	21	24	0	150	10	0	14	79	8	0	0	226	23	0	147	102	112	132	270	47	57	19	12	0	23	15	0	19	0	0	0	64	60	0	8	22	15	23	6	0	12	0	0	0	0	80	23	0	70	0	71	60	69	8	16	15	65	0	0	0	0	0	0	0	103	6	0	14	0	0	0	0	80	19	0	133	0	51	60	195	8	33	36	90	19	36	10	0	18	36	0	0	8	0	0	0	21	24	0	150	6	0	14	79	8	0	0	226	10	0	147	102	73	72	270	47
94	83	52	30	18	72	23	0	14	52	30	18	27	0	56	0	115	90	90	14	61	21	0	12	23	0	14	18	0	56	0	57	0	70	0	49	30	18	13	0	14	24	13	6	0	0	27	0	56	0	115	90	90	14	50	18	0	0	21	0	12	17	0	48	0	55	0	60	0	20	0	14	4	0	14	0	0	0	0	0	18	0	56	0	57	0	70	0	45	30	18	7	0	0	0	14	18	0	68	13	0	14	24	13	6	0	0	23	0	56	0	104	90	90	14	39	15	0	0	18	0	0	13	0	0	0	46	0	0	0	18	0	12	4	0	12	0	0	0	0	0	17	0	48	0	55	0	60	0	16	0	14	0	0	0	0	0	0	0	28	4	0	14	0	0	0	0	0	14	0	56	0	46	0	70	0	34	30	18	20	0	0	0	10	18	0	0	7	0	0	0	14	18	0	68	9	0	14	24	13	6	0	0	14	0	56	0	69	90	90	14
114	98	54	87	23	82	16	55	10	54	87	23	13	44	22	10	114	247	92	47	66	16	55	0	16	55	10	13	44	20	0	40	165	40	8	48	87	23	8	0	0	0	10	0	0	73	13	44	22	10	113	247	92	47	51	14	55	0	16	55	0	13	44	0	0	40	165	0	8	13	55	10	4	0	0	0	0	0	0	13	13	44	20	0	40	165	40	8	32	72	23	7	0	0	0	13	14	0	0	8	0	0	0	10	0	0	73	9	44	22	10	74	202	92	47	40	11	39	0	14	55	0	9	44	0	0	33	165	0	8	13	55	0	4	0	0	0	0	0	0	13	13	44	0	0	40	165	0	8	9	44	10	0	0	0	0	0	0	0	0	4	0	0	0	0	0	0	13	9	44	20	0	30	132	40	8	25	28	23	4	112	0	0	10	21	0	0	7	0	0	0	13	14	0	0	4	0	0	0	10	0	0	73	4	0	22	10	51	70	92	47
82	70	36	44	19	58	14	34	0	36	44	19	11	26	0	0	85	66	19	72	48	14	32	0	14	34	0	11	24	0	0	37	56	0	8	31	24	19	2	16	0	0	3	0	0	0	11	26	0	0	84	66	19	72	39	14	32	0	14	32	0	11	24	0	0	37	56	0	8	12	16	0	2	16	0	0	0	0	0	0	11	24	0	0	37	56	0	8	22	15	19	0	0	0	0	10	0	0	0	2	16	0	0	3	0	0	0	8	8	0	0	62	39	19	72	31	14	31	0	14	32	0	11	24	0	0	37	56	0	8	12	16	0	2	16	0	0	0	0	0	0	11	24	0	0	37	56	0	8	7	8	0	0	0	0	0	0	0	0	0	2	16	0	0	0	0	0	0	8	8	0	0	25	32	0	8	15	7	19	19	7	0	0	11	0	0	0	0	0	0	0	10	0	0	0	0	0	0	0	3	0	0	0	0	0	0	0	37	7	19	72
100	87	39	36	47	74	17	0	32	39	36	47	26	0	43	28	78	63	188	41	61	13	0	32	17	0	32	11	0	41	28	42	0	128	24	39	36	47	14	0	0	0	10	27	0	0	26	0	43	28	78	63	188	41	48	8	0	30	13	0	32	8	0	41	24	33	0	128	12	17	0	32	0	0	0	0	0	0	0	0	11	0	41	28	42	0	128	24	38	36	47	7	0	9	24	4	9	0	0	14	0	0	0	10	27	0	0	26	0	43	28	75	63	188	41	35	1	0	13	8	0	30	4	0	39	0	21	0	120	0	13	0	32	0	0	0	0	0	0	0	0	8	0	41	24	33	0	128	12	16	0	32	0	0	9	0	0	0	0	0	0	0	0	0	0	0	0	0	11	0	41	28	39	0	128	24	30	36	47	0	0	28	28	0	0	0	68	7	0	9	24	4	9	0	0	14	0	0	0	10	27	0	0	22	0	43	28	56	63	188	41
118	102	39	74	49	86	12	23	41	39	74	49	16	59	34	28	74	148	245	18	70	9	9	41	12	23	41	6	9	32	28	30	46	205	14	39	74	49	9	45	0	0	10	27	49	0	16	59	34	28	74	148	245	18	54	3	0	36	9	9	41	4	0	32	24	23	18	205	12	12	23	41	0	0	0	0	0	0	41	0	6	9	32	28	30	46	205	14	39	74	49	7	0	27	42	4	9	49	0	9	45	0	0	10	27	49	0	16	59	34	28	74	148	245	18	38	0	0	9	3	0	36	0	0	30	0	6	0	180	0	9	9	41	0	0	0	0	0	0	41	0	4	0	32	24	23	18	205	12	12	23	41	0	0	27	0	0	0	41	0	0	0	0	0	0	0	41	0	6	9	32	28	30	46	205	14	33	74	49	0	0	0	40	0	0	0	77	7	0	27	42	4	9	49	0	9	45	0	0	10	27	49	0	16	59	34	28	64	148	245	18
119	104	40	14	116	89	22	0	64	40	14	116	25	0	16	121	85	42	116	226	74	19	0	58	22	0	64	14	0	14	108	56	0	64	137	38	14	116	14	0	0	55	10	28	0	0	25	0	16	121	85	42	116	226	59	13	0	29	19	0	58	11	0	14	46	49	0	58	58	20	0	64	2	0	0	0	0	0	0	0	14	0	14	108	56	0	64	137	36	14	116	7	0	18	97	4	14	0	136	14	0	0	55	10	28	0	0	23	0	16	121	79	42	116	226	44	4	0	0	13	0	29	7	0	12	0	32	0	29	10	17	0	58	2	0	0	0	0	0	0	0	11	0	14	46	49	0	58	58	18	0	64	0	0	18	0	0	0	0	46	2	0	0	0	0	0	0	0	12	0	14	108	50	0	64	137	26	14	116	0	0	47	0	0	0	0	159	7	0	18	97	4	14	0	136	12	0	0	55	10	28	0	0	18	0	16	121	52	42	116	226
160	138	48	108	152	116	19	72	107	48	108	152	24	72	16	116	116	274	304	207	94	16	68	95	19	72	107	13	72	14	106	57	216	214	137	48	108	152	10	64	0	101	10	32	0	0	24	72	16	116	116	274	304	207	72	11	32	44	16	68	95	10	64	14	46	50	202	190	58	19	72	107	2	0	0	0	0	0	0	0	13	72	14	106	57	216	214	137	40	108	152	3	64	29	157	4	16	304	250	10	64	0	101	10	32	0	0	24	72	16	116	95	274	304	207	52	3	0	0	11	32	44	8	0	12	0	35	80	88	10	16	68	95	2	0	0	0	0	0	0	0	10	64	14	46	50	202	190	58	16	72	107	0	0	28	0	0	0	214	97	2	0	0	0	0	0	0	0	13	72	14	106	47	216	214	137	24	68	152	0	0	62	0	0	0	304	299	3	64	29	157	4	16	304	250	10	64	0	101	10	32	0	0	16	72	16	116	50	174	304	207
81	70	31	31	25	59	15	10	0	31	31	25	22	0	0	0	71	31	75	131	48	12	10	0	15	10	0	11	0	0	0	41	10	0	89	31	31	25	12	0	0	0	10	14	0	0	22	0	0	0	71	31	75	131	37	8	7	0	12	10	0	8	0	0	0	34	10	0	35	15	10	0	0	0	0	0	0	0	0	0	11	0	0	0	41	10	0	89	29	31	25	4	21	0	0	4	7	0	0	12	0	0	0	10	14	0	0	22	0	0	0	67	31	75	131	27	1	0	0	8	7	0	4	0	0	0	24	7	0	0	12	10	0	0	0	0	0	0	0	0	0	8	0	0	0	34	10	0	35	14	10	0	0	0	0	0	0	0	0	0	0	0	0	0	0	0	0	0	11	0	0	0	38	10	0	89	21	21	25	0	0	40	0	0	0	25	0	4	21	0	0	4	7	0	0	12	0	0	0	10	14	0	0	18	0	0	0	45	21	75	131
84	72	18	0	85	60	7	0	53	18	0	85	13	0	9	91	31	0	0	121	48	2	0	51	7	0	53	2	0	0	83	13	0	0	73	18	0	85	3	0	20	28	0	0	0	0	13	0	9	91	31	0	0	121	36	0	0	51	2	0	51	0	0	0	83	2	0	0	73	7	0	53	0	0	9	28	0	0	0	0	2	0	0	83	13	0	0	73	18	0	85	0	0	7	0	0	0	0	0	3	0	20	28	0	0	0	0	13	0	9	91	31	0	0	121	24	0	0	49	0	0	51	0	0	0	75	0	0	0	66	2	0	51	0	0	9	24	0	0	0	0	0	0	0	83	2	0	0	73	7	0	53	0	0	0	0	0	0	0	0	0	0	9	28	0	0	0	0	2	0	0	83	13	0	0	73	16	0	85	0	0	0	24	0	0	0	0	0	0	7	0	0	0	0	0	3	0	20	28	0	0	0	0	13	0	9	91	29	0	0	121
85	72	21	44	35	59	5	8	15	21	44	35	9	32	9	18	41	80	140	96	46	1	0	15	5	8	15	2	0	0	18	10	16	60	73	21	44	35	3	0	20	0	0	0	35	0	9	32	9	18	41	80	140	96	33	0	0	15	1	0	15	0	0	0	18	1	0	60	73	5	8	15	0	0	9	0	0	0	15	0	2	0	0	18	10	16	60	73	21	44	35	0	0	0	0	0	0	0	0	3	0	20	0	0	0	35	0	9	32	9	18	41	80	140	96	20	0	0	15	0	0	15	0	0	0	18	0	0	60	66	1	0	15	0	0	9	0	0	0	15	0	0	0	0	18	1	0	60	73	5	8	15	0	0	0	0	0	0	0	0	0	0	9	0	0	0	15	0	2	0	0	18	10	16	60	73	18	44	35	0	0	0	0	0	0	0	0	0	0	0	0	0	0	0	0	3	0	20	0	0	0	35	0	9	32	9	18	37	80	140	96
95	80	27	65	55	65	7	30	0	27	65	55	9	78	9	0	55	128	165	389	50	3	9	0	7	30	0	4	18	0	0	17	57	0	244	27	65	55	0	27	41	0	0	0	110	0	9	78	9	0	55	128	165	389	35	0	0	0	3	9	0	0	0	0	0	6	9	0	226	7	30	0	0	0	0	0	0	0	0	0	4	18	0	0	17	57	0	244	26	65	55	0	0	39	0	0	0	55	0	0	27	41	0	0	0	110	0	9	78	9	0	54	128	165	389	21	0	0	0	0	0	0	0	0	0	0	0	0	0	139	3	9	0	0	0	0	0	0	0	0	0	0	0	0	0	6	9	0	226	7	30	0	0	0	0	0	0	0	0	0	0	0	0	0	0	0	0	0	4	18	0	0	17	57	0	244	18	51	55	0	0	0	0	0	0	0	0	0	0	39	0	0	0	55	0	0	27	41	0	0	0	110	0	9	78	9	0	38	114	165	389
56	48	21	0	41	40	10	0	0	21	0	41	17	0	9	0	41	0	0	273	32	4	0	0	10	0	0	6	0	0	0	23	0	0	180	21	0	41	3	0	41	0	0	0	0	0	17	0	9	0	41	0	0	273	24	0	0	0	4	0	0	0	0	0	0	7	0	0	168	10	0	0	0	0	0	0	0	0	0	0	6	0	0	0	23	0	0	180	21	0	41	0	0	39	0	0	0	0	0	3	0	41	0	0	0	0	0	17	0	9	0	41	0	0	273	16	0	0	0	0	0	0	0	0	0	0	0	0	0	110	4	0	0	0	0	0	0	0	0	0	0	0	0	0	0	7	0	0	168	10	0	0	0	0	0	0	0	0	0	0	0	0	0	0	0	0	0	0	6	0	0	0	23	0	0	180	17	0	41	0	0	0	0	0	0	0	0	0	0	39	0	0	0	0	0	3	0	41	0	0	0	0	0	17	0	9	0	34	0	0	273
53	45	16	15	9	37	5	0	0	16	15	9	13	0	9	0	32	15	27	49	29	1	0	0	5	0	0	2	0	0	0	10	0	0	41	16	15	9	3	0	9	0	0	0	0	0	13	0	9	0	32	15	27	49	21	0	0	0	1	0	0	0	0	0	0	1	0	0	41	5	0	0	0	0	0	0	0	0	0	0	2	0	0	0	10	0	0	41	16	15	9	0	0	0	0	0	0	0	0	3	0	9	0	0	0	0	0	13	0	9	0	32	15	27	49	13	0	0	0	0	0	0	0	0	0	0	0	0	0	36	1	0	0	0	0	0	0	0	0	0	0	0	0	0	0	1	0	0	41	5	0	0	0	0	0	0	0	0	0	0	0	0	0	0	0	0	0	0	2	0	0	0	10	0	0	41	15	15	9	0	0	0	0	0	0	0	0	0	0	0	0	0	0	0	0	3	0	9	0	0	0	0	0	13	0	9	0	31	15	27	49
58	48	20	16	36	38	1	0	9	20	16	36	2	0	40	45	47	40	72	99	28	0	0	0	1	0	9	0	0	9	0	1	0	18	15	20	16	36	0	0	9	0	0	0	0	49	2	0	40	45	47	40	72	99	18	0	0	0	0	0	0	0	0	0	0	0	0	0	15	1	0	9	0	0	0	0	0	0	0	41	0	0	9	0	1	0	18	15	20	16	36	0	0	0	0	0	0	0	0	0	0	9	0	0	0	0	49	2	0	40	45	47	40	72	99	8	0	0	0	0	0	0	0	0	0	0	0	0	0	15	0	0	0	0	0	0	0	0	0	0	41	0	0	0	0	0	0	0	15	1	0	9	0	0	0	0	0	0	0	0	0	0	0	0	0	0	0	41	0	0	9	0	1	0	18	15	14	16	36	0	0	0	0	0	0	0	0	0	0	0	0	0	0	0	0	0	0	9	0	0	0	0	49	2	0	40	45	36	40	72	99
30	25	7	0	22	20	1	0	0	7	0	22	2	0	26	0	15	0	0	99	15	0	0	0	1	0	0	0	0	0	0	1	0	0	15	7	0	22	0	0	9	0	0	0	0	0	2	0	26	0	15	0	0	99	10	0	0	0	0	0	0	0	0	0	0	0	0	0	15	1	0	0	0	0	0	0	0	0	0	0	0	0	0	0	1	0	0	15	7	0	22	0	0	0	0	0	0	0	0	0	0	9	0	0	0	0	0	2	0	26	0	15	0	0	99	5	0	0	0	0	0	0	0	0	0	0	0	0	0	15	0	0	0	0	0	0	0	0	0	0	0	0	0	0	0	0	0	0	15	1	0	0	0	0	0	0	0	0	0	0	0	0	0	0	0	0	0	0	0	0	0	0	1	0	0	15	6	0	22	0	0	0	0	0	0	0	0	0	0	0	0	0	0	0	0	0	0	9	0	0	0	0	0	2	0	26	0	14	0	0	99
50	41	22	20	17	32	1	0	0	22	20	17	2	0	26	0	52	50	68	90	23	0	0	0	1	0	0	0	0	0	0	1	0	0	15	22	20	17	0	0	9	0	0	0	0	0	2	0	26	0	52	50	68	90	14	0	0	0	0	0	0	0	0	0	0	0	0	0	15	1	0	0	0	0	0	0	0	0	0	0	0	0	0	0	1	0	0	15	22	20	17	0	0	0	0	0	0	0	0	0	0	9	0	0	0	0	0	2	0	26	0	52	50	68	90	5	0	0	0	0	0	0	0	0	0	0	0	0	0	15	0	0	0	0	0	0	0	0	0	0	0	0	0	0	0	0	0	0	15	1	0	0	0	0	0	0	0	0	0	0	0	0	0	0	0	0	0	0	0	0	0	0	1	0	0	15	11	20	17	0	0	0	0	0	0	0	0	0	0	0	0	0	0	0	0	0	0	9	0	0	0	0	0	2	0	26	0	29	50	68	90
35	29	9	5	13	23	0	0	0	9	5	13	0	0	8	0	20	10	13	44	17	0	0	0	0	0	0	0	0	0	0	0	0	0	15	9	5	13	0	0	0	0	0	0	0	0	0	0	8	0	20	10	13	44	11	0	0	0	0	0	0	0	0	0	0	0	0	0	15	0	0	0	0	0	0	0	0	0	0	0	0	0	0	0	0	0	0	15	9	5	13	0	0	0	0	0	0	0	0	0	0	0	0	0	0	0	0	0	0	8	0	20	10	13	44	5	0	0	0	0	0	0	0	0	0	0	0	0	0	15	0	0	0	0	0	0	0	0	0	0	0	0	0	0	0	0	0	0	15	0	0	0	0	0	0	0	0	0	0	0	0	0	0	0	0	0	0	0	0	0	0	0	0	0	0	15	7	5	13	0	0	0	0	0	0	0	0	0	0	0	0	0	0	0	0	0	0	0	0	0	0	0	0	0	0	8	0	17	10	13	44
37	30	21	10	0	23	0	0	0	21	10	0	0	0	0	0	53	30	0	0	16	0	0	0	0	0	0	0	0	0	0	0	0	0	0	21	10	0	0	0	0	0	0	0	0	0	0	0	0	0	53	30	0	0	9	0	0	0	0	0	0	0	0	0	0	0	0	0	0	0	0	0	0	0	0	0	0	0	0	0	0	0	0	0	0	0	0	0	21	10	0	0	0	0	0	0	0	0	0	0	0	0	0	0	0	0	0	0	0	0	0	53	30	0	0	2	0	0	0	0	0	0	0	0	0	0	0	0	0	0	0	0	0	0	0	0	0	0	0	0	0	0	0	0	0	0	0	0	0	0	0	0	0	0	0	0	0	0	0	0	0	0	0	0	0	0	0	0	0	0	0	0	0	0	0	0	6	10	0	0	0	0	0	0	0	0	0	0	0	0	0	0	0	0	0	0	0	0	0	0	0	0	0	0	0	0	0	15	30	0	0
78	62	19	28	102	46	0	0	74	19	28	102	0	0	48	73	45	42	204	66	30	0	0	48	0	0	74	0	0	45	9	0	0	148	9	19	28	102	0	0	0	99	0	0	0	90	0	0	48	73	45	42	204	66	14	0	0	18	0	0	48	0	0	32	0	0	0	96	0	0	0	74	0	0	0	18	0	0	0	15	0	0	45	9	0	0	148	9	16	28	102	0	0	0	45	0	0	0	201	0	0	0	99	0	0	0	90	0	0	48	73	41	42	204	66	0	0	0	18	0	0	18	0	0	0	0	0	0	36	0	0	0	48	0	0	0	18	0	0	0	15	0	0	32	0	0	0	96	0	0	0	74	0	0	0	45	0	0	0	148	0	0	0	18	0	0	0	15	0	0	45	9	0	0	148	9	0	0	102	0	0	0	0	0	0	0	0	0	0	0	45	0	0	0	201	0	0	0	99	0	0	0	90	0	0	48	73	0	0	204	66
60	47	32	40	44	34	2	0	42	32	40	44	4	0	60	0	82	128	220	0	21	0	0	40	2	0	42	0	0	60	0	7	0	210	0	32	40	44	0	0	24	32	0	0	0	0	4	0	60	0	82	128	220	0	8	0	0	20	0	0	40	0	0	56	0	0	0	200	0	2	0	42	0	0	24	0	0	0	0	0	0	0	60	0	7	0	210	0	14	40	44	0	0	0	38	0	0	0	152	0	0	24	32	0	0	0	0	4	0	60	0	35	128	220	0	0	0	0	19	0	0	20	0	0	22	0	0	0	100	0	0	0	40	0	0	24	0	0	0	0	0	0	0	56	0	0	0	200	0	0	0	42	0	0	0	37	0	0	0	107	0	0	24	0	0	0	0	0	0	0	60	0	0	0	210	0	0	0	44	0	0	0	10	0	0	0	0	0	0	0	38	0	0	0	152	0	0	24	32	0	0	0	0	0	0	60	0	0	0	220	0
52	41	20	24	27	30	0	0	9	20	24	27	0	0	12	27	47	56	81	53	19	0	0	0	0	0	9	0	0	9	0	0	0	27	9	20	24	27	0	0	0	0	0	0	0	55	0	0	12	27	47	56	81	53	8	0	0	0	0	0	0	0	0	0	0	0	0	0	0	0	0	9	0	0	0	0	0	0	0	0	0	0	9	0	0	0	27	9	13	24	27	0	0	0	0	0	0	0	0	0	0	0	0	0	0	0	55	0	0	12	27	32	56	81	53	0	0	0	0	0	0	0	0	0	0	0	0	0	0	0	0	0	0	0	0	0	0	0	0	0	0	0	0	0	0	0	0	0	0	0	0	9	0	0	0	0	0	0	0	0	0	0	0	0	0	0	0	0	0	0	9	0	0	0	27	9	0	0	27	0	0	0	0	0	0	0	0	0	0	0	0	0	0	0	0	0	0	0	0	0	0	0	55	0	0	12	27	0	0	81	53
34	27	15	6	7	20	0	0	0	15	6	7	0	0	0	0	38	6	7	17	13	0	0	0	0	0	0	0	0	0	0	0	0	0	0	15	6	7	0	0	0	0	0	0	0	0	0	0	0	0	38	6	7	17	6	0	0	0	0	0	0	0	0	0	0	0	0	0	0	0	0	0	0	0	0	0	0	0	0	0	0	0	0	0	0	0	0	0	14	6	7	0	0	0	0	0	0	0	0	0	0	0	0	0	0	0	0	0	0	0	0	37	6	7	17	0	0	0	0	0	0	0	0	0	0	0	0	0	0	0	0	0	0	0	0	0	0	0	0	0	0	0	0	0	0	0	0	0	0	0	0	0	0	0	0	0	0	0	0	0	0	0	0	0	0	0	0	0	0	0	0	0	0	0	0	0	0	0	7	0	0	0	0	0	0	0	0	0	0	0	0	0	0	0	0	0	0	0	0	0	0	0	0	0	0	0	0	0	0	7	17
46	36	22	24	7	26	0	0	0	22	24	7	0	0	0	0	52	66	28	17	16	0	0	0	0	0	0	0	0	0	0	0	0	0	0	22	24	7	0	0	0	0	0	0	0	0	0	0	0	0	52	66	28	17	6	0	0	0	0	0	0	0	0	0	0	0	0	0	0	0	0	0	0	0	0	0	0	0	0	0	0	0	0	0	0	0	0	0	11	24	7	0	0	0	0	0	0	0	0	0	0	0	0	0	0	0	0	0	0	0	0	27	66	28	17	0	0	0	0	0	0	0	0	0	0	0	0	0	0	0	0	0	0	0	0	0	0	0	0	0	0	0	0	0	0	0	0	0	0	0	0	0	0	0	0	0	0	0	0	0	0	0	0	0	0	0	0	0	0	0	0	0	0	0	0	0	0	0	7	0	0	0	0	0	0	0	0	0	0	0	0	0	0	0	0	0	0	0	0	0	0	0	0	0	0	0	0	0	0	28	17
44	32	25	32	35	20	0	0	12	25	32	35	0	0	26	12	41	88	140	78	8	0	0	12	0	0	12	0	0	24	12	0	0	48	51	14	32	35	0	0	0	0	0	0	0	0	0	0	26	12	36	88	140	78	0	0	0	12	0	0	12	0	0	24	12	0	0	48	40	0	0	12	0	0	0	0	0	0	0	0	0	0	24	12	0	0	48	51	0	0	35	0	0	0	0	0	0	0	0	0	0	0	0	0	0	0	0	0	0	26	12	0	0	140	78	0	0	0	11	0	0	12	0	0	24	11	0	0	48	20	0	0	12	0	0	0	0	0	0	0	0	0	0	24	12	0	0	48	40	0	0	12	0	0	0	0	0	0	0	0	0	0	0	0	0	0	0	0	0	0	24	12	0	0	48	51	0	0	0	0	0	0	11	0	0	0	0	0	0	0	0	0	0	0	0	0	0	0	0	0	0	0	0	0	0	0	12	0	0	0	78
60	44	31	48	90	28	3	0	73	31	48	90	4	0	63	48	51	120	360	51	12	0	0	73	3	0	73	0	0	61	48	0	0	292	42	18	48	90	0	0	25	0	0	0	0	0	4	0	63	48	48	120	360	51	0	0	0	71	0	0	73	0	0	61	44	0	0	292	40	0	0	73	0	0	25	0	0	0	0	0	0	0	61	48	0	0	292	42	0	0	90	0	0	0	32	0	0	0	0	0	0	25	0	0	0	0	0	0	0	63	48	0	0	360	51	0	0	0	46	0	0	71	0	0	61	11	0	0	284	20	0	0	73	0	0	25	0	0	0	0	0	0	0	61	44	0	0	292	40	0	0	73	0	0	0	0	0	0	0	0	0	0	25	0	0	0	0	0	0	0	61	48	0	0	292	42	0	0	0	0	0	0	82	0	0	0	152	0	0	0	32	0	0	0	0	0	0	0	0	0	0	0	0	0	0	0	48	0	0	0	51
43	31	30	35	28	19	1	0	20	30	35	28	2	0	29	0	40	105	140	44	7	0	0	20	1	0	20	0	0	29	0	0	0	100	42	14	35	28	0	0	9	0	0	0	0	0	2	0	29	0	33	105	140	44	0	0	0	20	0	0	20	0	0	29	0	0	0	100	40	0	0	20	0	0	9	0	0	0	0	0	0	0	29	0	0	0	100	42	0	0	28	0	0	0	0	0	0	0	0	0	0	9	0	0	0	0	0	0	0	29	0	0	0	140	44	0	0	0	16	0	0	20	0	0	29	0	0	0	100	20	0	0	20	0	0	9	0	0	0	0	0	0	0	29	0	0	0	100	40	0	0	20	0	0	0	0	0	0	0	0	0	0	9	0	0	0	0	0	0	0	29	0	0	0	100	42	0	0	0	0	0	0	28	0	0	0	0	0	0	0	0	0	0	0	0	0	0	0	0	0	0	0	0	0	0	0	0	0	0	0	44
55	41	17	13	97	27	0	0	51	17	13	97	0	0	11	60	42	13	97	187	13	0	0	48	0	0	51	0	0	11	54	0	0	51	125	16	13	97	0	0	0	27	0	0	0	0	0	0	11	60	42	13	97	187	0	0	0	34	0	0	48	0	0	11	32	0	0	48	88	0	0	51	0	0	0	0	0	0	0	0	0	0	11	54	0	0	51	125	0	0	97	0	0	0	53	0	0	0	55	0	0	0	27	0	0	0	0	0	0	11	60	0	0	97	187	0	0	0	7	0	0	34	0	0	11	0	0	0	34	38	0	0	48	0	0	0	0	0	0	0	0	0	0	11	32	0	0	48	88	0	0	51	0	0	0	0	0	0	0	0	0	0	0	0	0	0	0	0	0	0	11	54	0	0	51	125	0	0	0	0	0	0	28	0	0	0	177	0	0	0	53	0	0	0	55	0	0	0	27	0	0	0	0	0	0	0	60	0	0	0	187
42	31	18	18	47	20	0	0	11	18	18	47	0	0	11	0	40	27	94	180	9	0	0	11	0	0	11	0	0	11	0	0	0	22	125	15	18	47	0	0	0	0	0	0	0	0	0	0	11	0	40	27	94	180	0	0	0	11	0	0	11	0	0	11	0	0	0	22	88	0	0	11	0	0	0	0	0	0	0	0	0	0	11	0	0	0	22	125	0	0	47	0	0	0	0	0	0	0	0	0	0	0	0	0	0	0	0	0	0	11	0	0	0	94	180	0	0	0	7	0	0	11	0	0	11	0	0	0	22	38	0	0	11	0	0	0	0	0	0	0	0	0	0	11	0	0	0	22	88	0	0	11	0	0	0	0	0	0	0	0	0	0	0	0	0	0	0	0	0	0	11	0	0	0	22	125	0	0	0	0	0	0	28	0	0	0	0	0	0	0	0	0	0	0	0	0	0	0	0	0	0	0	0	0	0	0	0	0	0	0	180
46	30	15	28	102	14	0	0	62	15	28	102	0	0	19	44	7	0	204	200	0	0	0	61	0	0	62	0	0	17	42	0	0	124	116	0	0	102	0	0	0	12	0	0	0	0	0	0	19	44	0	0	204	200	0	0	0	61	0	0	61	0	0	17	42	0	0	122	116	0	0	62	0	0	0	12	0	0	0	0	0	0	17	42	0	0	124	116	0	0	0	0	0	0	0	0	0	0	0	0	0	0	12	0	0	0	0	0	0	0	44	0	0	0	200	0	0	0	61	0	0	61	0	0	17	42	0	0	122	114	0	0	61	0	0	0	12	0	0	0	0	0	0	17	42	0	0	122	116	0	0	0	0	0	0	0	0	0	0	0	0	0	0	12	0	0	0	0	0	0	0	42	0	0	0	116	0	0	0	0	0	0	0	0	0	0	0	0	0	0	0	0	0	0	0	0	0	0	12	0	0	0	0	0	0	0	0	0	0	0	0
31	19	14	35	30	7	0	0	13	10	35	30	0	0	0	26	3	28	150	63	0	0	0	12	0	0	13	0	0	0	24	0	0	65	32	0	0	30	0	0	0	12	0	0	0	0	0	0	0	26	0	0	150	63	0	0	0	12	0	0	12	0	0	0	24	0	0	60	32	0	0	13	0	0	0	12	0	0	0	0	0	0	0	24	0	0	65	32	0	0	0	0	0	0	0	0	0	0	0	0	0	0	12	0	0	0	0	0	0	0	26	0	0	0	63	0	0	0	12	0	0	12	0	0	0	24	0	0	60	32	0	0	12	0	0	0	12	0	0	0	0	0	0	0	24	0	0	60	32	0	0	0	0	0	0	0	0	0	0	0	0	0	0	12	0	0	0	0	0	0	0	24	0	0	0	32	0	0	0	0	0	0	0	0	0	0	0	0	0	0	0	0	0	0	0	0	0	0	12	0	0	0	0	0	0	0	0	0	0	0	0
36	23	16	30	62	10	0	0	28	15	30	62	0	0	29	70	6	10	186	153	0	0	0	28	0	0	28	0	0	25	70	0	0	84	105	0	0	62	0	0	0	0	0	0	0	0	0	0	29	70	0	0	186	153	0	0	0	28	0	0	28	0	0	25	70	0	0	84	105	0	0	28	0	0	0	0	0	0	0	0	0	0	25	70	0	0	84	105	0	0	0	0	0	0	0	0	0	0	0	0	0	0	0	0	0	0	0	0	0	0	70	0	0	0	153	0	0	0	28	0	0	28	0	0	25	70	0	0	84	103	0	0	28	0	0	0	0	0	0	0	0	0	0	25	70	0	0	84	105	0	0	0	0	0	0	0	0	0	0	0	0	0	0	0	0	0	0	0	0	0	0	70	0	0	0	105	0	0	0	0	0	0	0	0	0	0	0	0	0	0	0	0	0	0	0	0	0	0	0	0	0	0	0	0	0	0	0	0	0	0	0
29	19	14	9	49	9	0	0	0	14	9	49	0	0	0	0	7	0	49	297	0	0	0	0	0	0	0	0	0	0	0	0	0	0	167	0	0	49	0	0	0	0	0	0	0	0	0	0	0	0	0	0	49	297	0	0	0	0	0	0	0	0	0	0	0	0	0	0	164	0	0	0	0	0	0	0	0	0	0	0	0	0	0	0	0	0	0	167	0	0	0	0	0	0	0	0	0	0	0	0	0	0	0	0	0	0	0	0	0	0	0	0	0	0	297	0	0	0	0	0	0	0	0	0	0	0	0	0	0	148	0	0	0	0	0	0	0	0	0	0	0	0	0	0	0	0	0	0	164	0	0	0	0	0	0	0	0	0	0	0	0	0	0	0	0	0	0	0	0	0	0	0	0	0	0	167	0	0	0	0	0	0	0	0	0	0	0	0	0	0	0	0	0	0	0	0	0	0	0	0	0	0	0	0	0	0	0	0	0	0	0
26	16	13	24	19	6	0	0	0	11	24	19	0	0	0	0	5	12	76	118	0	0	0	0	0	0	0	0	0	0	0	0	0	0	93	0	0	19	0	0	0	0	0	0	0	0	0	0	0	0	0	0	76	118	0	0	0	0	0	0	0	0	0	0	0	0	0	0	93	0	0	0	0	0	0	0	0	0	0	0	0	0	0	0	0	0	0	93	0	0	0	0	0	0	0	0	0	0	0	0	0	0	0	0	0	0	0	0	0	0	0	0	0	0	118	0	0	0	0	0	0	0	0	0	0	0	0	0	0	91	0	0	0	0	0	0	0	0	0	0	0	0	0	0	0	0	0	0	93	0	0	0	0	0	0	0	0	0	0	0	0	0	0	0	0	0	0	0	0	0	0	0	0	0	0	93	0	0	0	0	0	0	0	0	0	0	0	0	0	0	0	0	0	0	0	0	0	0	0	0	0	0	0	0	0	0	0	0	0	0	0
24	12	4	0	78	0	0	0	28	0	0	78	0	0	0	39	0	0	0	262	0	0	0	25	0	0	28	0	0	0	34	0	0	0	103	0	0	0	0	0	0	26	0	0	0	0	0	0	0	39	0	0	0	262	0	0	0	25	0	0	25	0	0	0	34	0	0	0	101	0	0	0	0	0	0	26	0	0	0	0	0	0	0	34	0	0	0	103	0	0	0	0	0	0	0	0	0	0	0	0	0	0	26	0	0	0	0	0	0	0	0	0	0	0	0	0	0	0	25	0	0	25	0	0	0	34	0	0	0	101	0	0	0	0	0	0	26	0	0	0	0	0	0	0	34	0	0	0	101	0	0	0	0	0	0	0	0	0	0	0	0	0	0	26	0	0	0	0	0	0	0	0	0	0	0	0	0	0	0	0	0	0	0	0	0	0	0	0	0	0	0	0	0	0	0	0	0	0	0	0	0	0	0	0	0	0	0	0	0	0	0
18	9	4	0	47	0	0	0	9	0	0	47	0	0	0	9	0	0	0	213	0	0	0	8	0	0	9	0	0	0	8	0	0	0	103	0	0	0	0	0	0	8	0	0	0	0	0	0	0	9	0	0	0	213	0	0	0	8	0	0	8	0	0	0	8	0	0	0	101	0	0	0	0	0	0	8	0	0	0	0	0	0	0	8	0	0	0	103	0	0	0	0	0	0	0	0	0	0	0	0	0	0	8	0	0	0	0	0	0	0	0	0	0	0	0	0	0	0	8	0	0	8	0	0	0	8	0	0	0	101	0	0	0	0	0	0	8	0	0	0	0	0	0	0	8	0	0	0	101	0	0	0	0	0	0	0	0	0	0	0	0	0	0	8	0	0	0	0	0	0	0	0	0	0	0	0	0	0	0	0	0	0	0	0	0	0	0	0	0	0	0	0	0	0	0	0	0	0	0	0	0	0	0	0	0	0	0	0	0	0	0
15	7	3	7	23	0	0	0	0	0	0	23	0	0	0	0	0	0	23	111	0	0	0	0	0	0	0	0	0	0	0	0	0	0	41	0	0	0	0	0	0	0	0	0	0	0	0	0	0	0	0	0	0	111	0	0	0	0	0	0	0	0	0	0	0	0	0	0	40	0	0	0	0	0	0	0	0	0	0	0	0	0	0	0	0	0	0	41	0	0	0	0	0	0	0	0	0	0	0	0	0	0	0	0	0	0	0	0	0	0	0	0	0	0	0	0	0	0	0	0	0	0	0	0	0	0	0	0	0	40	0	0	0	0	0	0	0	0	0	0	0	0	0	0	0	0	0	0	40	0	0	0	0	0	0	0	0	0	0	0	0	0	0	0	0	0	0	0	0	0	0	0	0	0	0	0	0	0	0	0	0	0	0	0	0	0	0	0	0	0	0	0	0	0	0	0	0	0	0	0	0	0	0	0	0	0	0	0	0	0	0
13	6	3	6	13	0	0	0	0	0	0	13	0	0	0	0	0	0	13	49	0	0	0	0	0	0	0	0	0	0	0	0	0	0	13	0	0	0	0	0	0	0	0	0	0	0	0	0	0	0	0	0	0	49	0	0	0	0	0	0	0	0	0	0	0	0	0	0	12	0	0	0	0	0	0	0	0	0	0	0	0	0	0	0	0	0	0	13	0	0	0	0	0	0	0	0	0	0	0	0	0	0	0	0	0	0	0	0	0	0	0	0	0	0	0	0	0	0	0	0	0	0	0	0	0	0	0	0	0	12	0	0	0	0	0	0	0	0	0	0	0	0	0	0	0	0	0	0	12	0	0	0	0	0	0	0	0	0	0	0	0	0	0	0	0	0	0	0	0	0	0	0	0	0	0	0	0	0	0	0	0	0	0	0	0	0	0	0	0	0	0	0	0	0	0	0	0	0	0	0	0	0	0	0	0	0	0	0	0	0	0
12	5	2	10	7	0	0	0	0	0	0	7	0	0	0	0	0	0	14	30	0	0	0	0	0	0	0	0	0	0	0	0	0	0	13	0	0	0	0	0	0	0	0	0	0	0	0	0	0	0	0	0	0	30	0	0	0	0	0	0	0	0	0	0	0	0	0	0	12	0	0	0	0	0	0	0	0	0	0	0	0	0	0	0	0	0	0	13	0	0	0	0	0	0	0	0	0	0	0	0	0	0	0	0	0	0	0	0	0	0	0	0	0	0	0	0	0	0	0	0	0	0	0	0	0	0	0	0	0	12	0	0	0	0	0	0	0	0	0	0	0	0	0	0	0	0	0	0	12	0	0	0	0	0	0	0	0	0	0	0	0	0	0	0	0	0	0	0	0	0	0	0	0	0	0	0	0	0	0	0	0	0	0	0	0	0	0	0	0	0	0	0	0	0	0	0	0	0	0	0	0	0	0	0	0	0	0	0	0	0	0
4	0	0	0	18	0	0	0	0	0	0	0	0	0	0	0	0	0	0	43	0	0	0	0	0	0	0	0	0	0	0	0	0	0	0	0	0	0	0	0	0	0	0	0	0	0	0	0	0	0	0	0	0	0	0	0	0	0	0	0	0	0	0	0	0	0	0	0	0	0	0	0	0	0	0	0	0	0	0	0	0	0	0	0	0	0	0	0	0	0	0	0	0	0	0	0	0	0	0	0	0	0	0	0	0	0	0	0	0	0	0	0	0	0	0	0	0	0	0	0	0	0	0	0	0	0	0	0	0	0	0	0	0	0	0	0	0	0	0	0	0	0	0	0	0	0	0	0	0	0	0	0	0	0	0	0	0	0	0	0	0	0	0	0	0	0	0	0	0	0	0	0	0	0	0	0	0	0	0	0	0	0	0	0	0	0	0	0	0	0	0	0	0	0	0	0	0	0	0	0	0	0	0	0	0	0	0	0	0	0	0
2	0	0	0	5	0	0	0	0	0	0	0	0	0	0	0	0	0	0	7	0	0	0	0	0	0	0	0	0	0	0	0	0	0	0	0	0	0	0	0	0	0	0	0	0	0	0	0	0	0	0	0	0	0	0	0	0	0	0	0	0	0	0	0	0	0	0	0	0	0	0	0	0	0	0	0	0	0	0	0	0	0	0	0	0	0	0	0	0	0	0	0	0	0	0	0	0	0	0	0	0	0	0	0	0	0	0	0	0	0	0	0	0	0	0	0	0	0	0	0	0	0	0	0	0	0	0	0	0	0	0	0	0	0	0	0	0	0	0	0	0	0	0	0	0	0	0	0	0	0	0	0	0	0	0	0	0	0	0	0	0	0	0	0	0	0	0	0	0	0	0	0	0	0	0	0	0	0	0	0	0	0	0	0	0	0	0	0	0	0	0	0	0	0	0	0	0	0	0	0	0	0	0	0	0	0	0	0	0	0	0
