127	123	18	3	0	119	7	0	0	18	3	0	8	0	0	0	52	9	0	0	115	6	0	0	7	0	0	5	0	0	0	21	0	0	0	18	3	0	3	0	0	0	7	3	0	0	8	0	0	0	52	9	0	0	111	5	0	0	6	0	0	4	0	0	0	16	0	0	0	7	0	0	0	0	0	0	0	0	0	0	5	0	0	0	21	0	0	0	18	3	0	5	0	0	0	7	3	0	0	3	0	0	0	7	3	0	0	8	0	0	0	52	9	0	0	107	4	0	0	5	0	0	4	0	0	0	11	0	0	0	6	0	0	0	0	0	0	0	0	0	0	4	0	0	0	16	0	0	0	7	0	0	0	0	0	0	1	0	0	0	0	0	0	0	0	0	0	0	5	0	0	0	21	0	0	0	18	3	0	20	0	0	0	6	0	0	0	5	0	0	0	7	3	0	0	3	0	0	0	7	3	0	0	8	0	0	0	52	9	0	0
159	154	22	4	0	149	7	0	0	22	4	0	8	0	0	0	63	12	0	0	144	6	0	0	7	0	0	5	0	0	0	21	0	0	0	22	4	0	3	0	0	0	9	4	0	0	8	0	0	0	63	12	0	0	139	5	0	0	6	0	0	4	0	0	0	16	0	0	0	7	0	0	0	0	0	0	0	0	0	0	5	0	0	0	21	0	0	0	22	4	0	5	0	0	0	11	4	0	0	3	0	0	0	9	4	0	0	8	0	0	0	63	12	0	0	134	4	0	0	5	0	0	4	0	0	0	11	0	0	0	6	0	0	0	0	0	0	0	0	0	0	4	0	0	0	16	0	0	0	7	0	0	0	0	0	0	1	0	0	0	0	0	0	0	0	0	0	0	5	0	0	0	21	0	0	0	22	4	0	20	0	0	0	10	0	0	0	5	0	0	0	11	4	0	0	3	0	0	0	9	4	0	0	8	0	0	0	63	12	0	0
190	184	26	8	0	178	11	0	0	26	8	0	10	0	0	0	72	16	0	0	172	10	0	0	11	0	0	7	0	0	0	29	0	0	0	26	8	0	4	0	0	0	11	4	0	0	10	0	0	0	72	16	0	0	166	9	0	0	10	0	0	6	0	0	0	24	0	0	0	11	0	0	1	0	0	0	2	0	0	0	7	0	0	0	29	0	0	0	26	8	0	9	0	0	0	13	4	0	0	4	0	0	0	11	4	0	0	10	0	0	0	72	16	0	0	160	6	0	0	9	0	0	6	0	0	0	19	0	0	0	10	0	0	1	0	0	0	2	0	0	0	6	0	0	0	24	0	0	0	11	0	0	2	0	0	0	3	0	0	0	1	0	0	0	2	0	0	0	7	0	0	0	29	0	0	0	26	8	0	21	0	0	0	8	8	0	0	9	0	0	0	13	4	0	0	4	0	0	0	11	4	0	0	10	0	0	0	72	16	0	0
419	405	61	69	0	391	26	45	0	61	69	0	35	36	0	0	150	169	0	0	377	24	45	0	26	45	0	28	36	0	0	76	99	0	0	61	69	0	39	0	0	0	39	8	0	0	35	36	0	0	150	169	0	0	363	19	40	0	24	45	0	24	36	0	0	66	99	0	0	26	45	0	21	0	0	0	14	0	0	0	28	36	0	0	76	99	0	0	61	69	0	18	20	0	0	14	26	0	0	39	0	0	0	39	8	0	0	35	36	0	0	150	169	0	0	349	15	16	0	19	40	0	18	16	0	0	49	74	0	0	24	45	0	19	0	0	0	14	0	0	0	24	36	0	0	66	99	0	0	26	45	0	8	0	0	0	6	9	0	0	21	0	0	0	14	0	0	0	28	36	0	0	76	99	0	0	61	69	0	34	80	0	0	9	16	0	0	18	20	0	0	14	26	0	0	39	0	0	0	39	8	0	0	35	36	0	0	150	169	0	0
220	213	42	12	0	206	23	0	0	42	12	0	29	0	0	0	111	33	0	0	199	21	0	0	23	0	0	22	0	0	0	60	0	0	0	42	12	0	30	0	0	0	21	6	0	0	29	0	0	0	111	33	0	0	192	17	0	0	21	0	0	18	0	0	0	50	0	0	0	23	0	0	15	0	0	0	9	0	0	0	22	0	0	0	60	0	0	0	42	12	0	23	0	0	0	11	12	0	0	30	0	0	0	21	6	0	0	29	0	0	0	111	33	0	0	185	12	0	0	17	0	0	12	0	0	0	34	0	0	0	21	0	0	13	0	0	0	9	0	0	0	18	0	0	0	50	0	0	0	23	0	0	8	0	0	0	5	0	0	0	15	0	0	0	9	0	0	0	22	0	0	0	60	0	0	0	42	12	0	39	0	0	0	8	12	0	0	23	0	0	0	11	12	0	0	30	0	0	0	21	6	0	0	29	0	0	0	111	33	0	0
426	412	73	52	18	398	42	21	0	73	52	18	57	39	0	0	189	197	54	0	384	38	9	0	42	21	0	43	9	0	0	120	105	0	0	73	52	18	39	27	0	0	29	27	18	0	57	39	0	0	189	197	54	0	370	34	0	0	38	9	0	40	0	0	0	108	45	0	0	42	21	0	27	0	0	0	20	0	0	0	43	9	0	0	120	105	0	0	73	52	18	22	0	4	0	11	0	18	0	39	27	0	0	29	27	18	0	57	39	0	0	189	197	54	0	356	26	0	0	34	0	0	30	0	0	0	92	0	0	0	38	9	0	25	0	0	0	20	0	0	0	40	0	0	0	108	45	0	0	42	21	0	12	0	0	0	10	0	0	0	27	0	0	0	20	0	0	0	43	9	0	0	120	105	0	0	73	52	18	38	0	16	0	7	0	0	0	22	0	4	0	11	0	18	0	39	27	0	0	29	27	18	0	57	39	0	0	189	197	54	0
351	339	56	44	11	327	31	35	0	56	44	11	41	16	0	0	146	85	11	0	315	27	34	0	31	35	0	31	16	0	0	91	67	0	0	56	44	11	39	10	0	0	31	21	0	0	41	16	0	0	146	85	11	0	303	20	30	0	27	34	0	26	16	0	0	77	66	0	0	31	35	0	20	8	0	0	13	19	0	0	31	16	0	0	91	67	0	0	56	44	11	14	30	4	0	6	19	0	0	39	10	0	0	31	21	0	0	41	16	0	0	146	85	11	0	291	14	15	0	20	30	0	16	14	0	0	52	59	0	0	27	34	0	18	8	0	0	12	18	0	0	26	16	0	0	77	66	0	0	31	35	0	6	16	0	0	6	19	0	0	20	8	0	0	13	19	0	0	31	16	0	0	91	67	0	0	56	44	11	33	7	16	0	3	0	22	0	14	30	4	0	6	19	0	0	39	10	0	0	31	21	0	0	41	16	0	0	146	85	11	0
302	292	66	27	7	282	43	9	0	66	27	7	63	0	0	0	182	66	21	0	272	38	9	0	43	9	0	46	0	0	0	128	18	0	0	66	27	7	42	0	0	0	27	21	0	0	63	0	0	0	182	66	21	0	262	33	9	0	38	9	0	42	0	0	0	111	18	0	0	43	9	0	27	0	0	0	18	9	0	0	46	0	0	0	128	18	0	0	66	27	7	23	0	4	0	9	0	0	0	42	0	0	0	27	21	0	0	63	0	0	0	182	66	21	0	252	24	6	0	33	9	0	32	0	0	0	90	18	0	0	38	9	0	25	0	0	0	17	9	0	0	42	0	0	0	111	18	0	0	43	9	0	11	0	0	0	9	0	0	0	27	0	0	0	18	9	0	0	46	0	0	0	128	18	0	0	66	27	7	33	18	16	0	2	6	0	0	23	0	4	0	9	0	0	0	42	0	0	0	27	21	0	0	63	0	0	0	182	66	21	0
596	575	118	182	7	554	67	139	0	118	182	7	86	204	0	0	271	444	28	0	533	57	107	0	67	139	0	62	144	0	0	169	330	0	0	118	182	7	26	239	0	0	47	112	7	0	86	204	0	0	271	444	28	0	512	53	75	0	57	107	0	60	96	0	0	148	236	0	0	67	139	0	19	144	0	0	30	85	0	0	62	144	0	0	169	330	0	0	118	182	7	22	125	4	0	18	33	21	0	26	239	0	0	47	112	7	0	86	204	0	0	271	444	28	0	491	46	48	0	53	75	0	56	36	0	0	134	141	0	0	57	107	0	19	87	0	0	22	66	0	0	60	96	0	0	148	236	0	0	67	139	0	18	59	0	0	16	30	0	0	19	144	0	0	30	85	0	0	62	144	0	0	169	330	0	0	118	182	7	39	105	16	0	10	6	14	0	22	125	4	0	18	33	21	0	26	239	0	0	47	112	7	0	86	204	0	0	271	444	28	0
481	464	109	111	4	447	60	76	0	109	111	4	80	112	0	0	274	374	20	0	430	51	70	0	60	76	0	50	100	0	0	169	278	0	0	109	111	4	44	60	0	0	41	60	0	0	80	112	0	0	274	374	20	0	413	45	70	0	51	70	0	45	100	0	0	142	260	0	0	60	76	0	28	60	0	0	25	43	0	0	50	100	0	0	169	278	0	0	109	111	4	27	0	4	0	22	15	0	0	44	60	0	0	41	60	0	0	80	112	0	0	274	374	20	0	396	36	55	0	45	70	0	35	100	0	0	118	260	0	0	51	70	0	26	60	0	0	23	40	0	0	45	100	0	0	142	260	0	0	60	76	0	15	0	0	0	15	13	0	0	28	60	0	0	25	43	0	0	50	100	0	0	169	278	0	0	109	111	4	30	75	16	0	10	5	0	0	27	0	4	0	22	15	0	0	44	60	0	0	41	60	0	0	80	112	0	0	274	374	20	0
352	340	70	29	33	328	51	11	0	70	29	33	65	0	15	0	188	73	66	47	316	44	11	0	51	11	0	51	0	0	0	152	55	0	0	70	29	33	33	0	27	0	25	0	0	0	65	0	15	0	188	73	66	47	304	40	11	0	44	11	0	45	0	0	0	129	55	0	0	51	11	0	31	0	0	0	25	0	0	0	51	0	0	0	152	55	0	0	70	29	33	17	0	26	0	11	0	0	0	33	0	27	0	25	0	0	0	65	0	15	0	188	73	66	47	292	31	11	0	40	11	0	37	0	0	0	119	55	0	0	44	11	0	22	0	0	0	24	0	0	0	45	0	0	0	129	55	0	0	51	11	0	12	0	0	0	11	0	0	0	31	0	0	0	25	0	0	0	51	0	0	0	152	55	0	0	70	29	33	9	0	46	0	4	0	0	0	17	0	26	0	11	0	0	0	33	0	27	0	25	0	0	0	65	0	15	0	188	73	66	47
457	441	86	85	26	425	52	44	0	86	85	26	61	78	15	0	229	267	104	36	409	47	28	0	52	44	0	55	14	0	0	155	160	0	0	86	85	26	32	0	27	0	25	0	52	0	61	78	15	0	229	267	104	36	393	45	28	0	47	28	0	49	14	0	0	138	112	0	0	52	44	0	30	0	0	0	23	0	0	0	55	14	0	0	155	160	0	0	86	85	26	15	0	12	0	10	0	0	0	32	0	27	0	25	0	52	0	61	78	15	0	229	267	104	36	377	37	28	0	45	28	0	43	14	0	0	133	112	0	0	47	28	0	21	0	0	0	22	0	0	0	49	14	0	0	138	112	0	0	52	44	0	10	0	0	0	9	0	0	0	30	0	0	0	23	0	0	0	55	14	0	0	155	160	0	0	86	85	26	9	0	39	0	4	0	0	0	15	0	12	0	10	0	0	0	32	0	27	0	25	0	52	0	61	78	15	0	229	267	104	36
460	443	99	108	17	426	62	81	0	99	108	17	85	138	6	0	252	280	34	18	409	51	75	0	62	81	0	51	126	0	0	180	237	0	0	99	108	17	36	57	18	0	25	53	0	0	85	138	6	0	252	280	34	18	392	47	70	0	51	75	0	41	117	0	0	146	221	0	0	62	81	0	28	54	0	0	23	49	0	0	51	126	0	0	180	237	0	0	99	108	17	11	41	12	0	11	22	0	0	36	57	18	0	25	53	0	0	85	138	6	0	252	280	34	18	375	40	61	0	47	70	0	35	115	0	0	135	206	0	0	51	75	0	19	54	0	0	21	45	0	0	41	117	0	0	146	221	0	0	62	81	0	8	27	0	0	9	20	0	0	28	54	0	0	23	49	0	0	51	126	0	0	180	237	0	0	99	108	17	7	14	39	0	4	0	17	0	11	41	12	0	11	22	0	0	36	57	18	0	25	53	0	0	85	138	6	0	252	280	34	18
481	463	104	124	20	445	65	97	0	104	124	20	97	138	15	0	263	322	40	29	427	52	84	0	65	97	0	63	114	0	0	193	277	0	0	104	124	20	52	68	27	0	27	70	20	0	97	138	15	0	263	322	40	29	409	46	80	0	52	84	0	47	110	0	0	148	252	0	0	65	97	0	40	60	0	0	25	70	0	0	63	114	0	0	193	277	0	0	104	124	20	22	40	12	0	7	40	0	0	52	68	27	0	27	70	20	0	97	138	15	0	263	322	40	29	391	35	76	0	46	80	0	33	110	0	0	130	240	0	0	52	84	0	19	60	0	0	22	70	0	0	47	110	0	0	148	252	0	0	65	97	0	9	40	0	0	7	40	0	0	40	60	0	0	25	70	0	0	63	114	0	0	193	277	0	0	104	124	20	8	36	33	0	0	40	0	0	22	40	12	0	7	40	0	0	52	68	27	0	27	70	20	0	97	138	15	0	263	322	40	29
254	245	54	24	5	236	37	14	0	54	24	5	49	0	0	0	152	45	10	4	227	34	14	0	37	14	0	39	0	0	0	118	35	0	0	54	24	5	18	0	0	0	17	0	0	0	49	0	0	0	152	45	10	4	218	34	14	0	34	14	0	39	0	0	0	111	35	0	0	37	14	0	18	0	0	0	16	0	0	0	39	0	0	0	118	35	0	0	54	24	5	9	0	0	0	7	0	0	0	18	0	0	0	17	0	0	0	49	0	0	0	152	45	10	4	209	30	14	0	34	14	0	39	0	0	0	111	35	0	0	34	14	0	18	0	0	0	16	0	0	0	39	0	0	0	111	35	0	0	37	14	0	7	0	0	0	7	0	0	0	18	0	0	0	16	0	0	0	39	0	0	0	118	35	0	0	54	24	5	6	0	15	0	4	0	0	0	9	0	0	0	7	0	0	0	18	0	0	0	17	0	0	0	49	0	0	0	152	45	10	4
314	303	58	30	30	292	26	0	15	58	30	30	27	0	58	51	121	102	150	26	281	23	0	0	26	0	15	16	0	27	0	62	0	75	0	58	30	30	12	0	20	0	8	6	0	25	27	0	58	51	121	102	150	26	270	20	0	0	23	0	0	10	0	0	0	56	0	0	0	26	0	15	3	0	12	0	7	0	0	0	16	0	27	0	62	0	75	0	58	30	30	3	0	30	0	4	0	0	0	12	0	20	0	8	6	0	25	27	0	58	51	121	102	150	26	259	20	0	0	20	0	0	10	0	0	0	52	0	0	0	23	0	0	3	0	0	0	5	0	0	0	10	0	0	0	56	0	0	0	26	0	15	3	0	18	0	2	0	0	0	3	0	12	0	7	0	0	0	16	0	27	0	62	0	75	0	58	30	30	3	0	0	0	0	0	0	0	3	0	30	0	4	0	0	0	12	0	20	0	8	6	0	25	27	0	58	51	121	102	150	26
277	267	49	17	36	257	29	16	0	49	17	36	29	8	23	0	142	67	0	101	247	29	16	0	29	16	0	29	8	0	0	90	64	0	0	49	17	36	12	0	0	0	13	0	0	0	29	8	23	0	142	67	0	101	237	28	16	0	29	16	0	29	8	0	0	90	64	0	0	29	16	0	12	0	0	0	12	0	0	0	29	8	0	0	90	64	0	0	49	17	36	7	0	7	0	6	0	0	0	12	0	0	0	13	0	0	0	29	8	23	0	142	67	0	101	227	27	16	0	28	16	0	28	8	0	0	85	64	0	0	29	16	0	12	0	0	0	12	0	0	0	29	8	0	0	90	64	0	0	29	16	0	7	0	0	0	6	0	0	0	12	0	0	0	12	0	0	0	29	8	0	0	90	64	0	0	49	17	36	4	0	7	0	4	0	0	0	7	0	7	0	6	0	0	0	12	0	0	0	13	0	0	0	29	8	23	0	142	67	0	101
362	349	62	41	36	336	36	22	0	62	41	36	35	11	23	0	170	118	72	101	323	36	22	0	36	22	0	35	11	0	0	104	88	0	0	62	41	36	12	0	0	0	14	0	0	0	35	11	23	0	170	118	72	101	310	35	22	0	36	22	0	35	11	0	0	104	88	0	0	36	22	0	12	0	0	0	12	0	0	0	35	11	0	0	104	88	0	0	62	41	36	7	0	7	0	6	0	0	0	12	0	0	0	14	0	0	0	35	11	23	0	170	118	72	101	297	34	22	0	35	22	0	34	11	0	0	99	88	0	0	36	22	0	12	0	0	0	12	0	0	0	35	11	0	0	104	88	0	0	36	22	0	7	0	0	0	6	0	0	0	12	0	0	0	12	0	0	0	35	11	0	0	104	88	0	0	62	41	36	4	0	7	0	4	0	0	0	7	0	7	0	6	0	0	0	12	0	0	0	14	0	0	0	35	11	23	0	170	118	72	101
296	285	46	41	8	274	16	24	0	46	41	8	10	16	16	0	112	120	24	26	263	16	24	0	16	24	0	10	16	0	0	44	80	0	0	46	41	8	0	0	0	0	2	0	0	0	10	16	16	0	112	120	24	26	252	16	24	0	16	24	0	10	16	0	0	44	80	0	0	16	24	0	0	0	0	0	0	0	0	0	10	16	0	0	44	80	0	0	46	41	8	0	0	0	0	0	0	0	0	0	0	0	0	2	0	0	0	10	16	16	0	112	120	24	26	241	16	24	0	16	24	0	10	16	0	0	44	80	0	0	16	24	0	0	0	0	0	0	0	0	0	10	16	0	0	44	80	0	0	16	24	0	0	0	0	0	0	0	0	0	0	0	0	0	0	0	0	0	10	16	0	0	44	80	0	0	46	41	8	0	0	0	0	0	0	0	0	0	0	0	0	0	0	0	0	0	0	0	0	2	0	0	0	10	16	16	0	112	120	24	26
250	241	38	24	0	232	14	8	0	38	24	0	10	0	0	0	80	64	0	0	223	14	8	0	14	8	0	10	0	0	0	40	16	0	0	38	24	0	0	0	0	0	1	0	0	0	10	0	0	0	80	64	0	0	214	14	8	0	14	8	0	10	0	0	0	40	16	0	0	14	8	0	0	0	0	0	0	0	0	0	10	0	0	0	40	16	0	0	38	24	0	0	0	0	0	1	0	0	0	0	0	0	0	1	0	0	0	10	0	0	0	80	64	0	0	205	14	8	0	14	8	0	10	0	0	0	40	16	0	0	14	8	0	0	0	0	0	0	0	0	0	10	0	0	0	40	16	0	0	14	8	0	0	0	0	0	0	0	0	0	0	0	0	0	0	0	0	0	10	0	0	0	40	16	0	0	38	24	0	0	0	0	0	0	0	0	0	0	0	0	0	1	0	0	0	0	0	0	0	1	0	0	0	10	0	0	0	80	64	0	0
415	400	45	50	55	385	21	0	39	45	50	55	18	0	58	54	69	60	275	30	370	17	0	24	21	0	39	7	0	56	15	42	0	195	15	45	50	55	6	0	33	51	17	0	0	26	18	0	58	54	69	60	275	30	355	16	0	4	17	0	24	7	0	48	0	37	0	120	0	21	0	39	3	0	30	0	8	0	0	0	7	0	56	15	42	0	195	15	45	50	55	3	0	0	20	5	10	0	25	6	0	33	51	17	0	0	26	18	0	58	54	69	60	275	30	340	15	0	0	16	0	4	7	0	16	0	36	0	20	0	17	0	24	0	0	18	0	2	0	0	0	7	0	48	0	37	0	120	0	21	0	39	1	0	0	0	2	0	0	0	3	0	30	0	8	0	0	0	7	0	56	15	42	0	195	15	45	50	55	0	0	11	0	0	0	0	0	3	0	0	20	5	10	0	25	6	0	33	51	17	0	0	26	18	0	58	54	69	60	275	30
421	405	56	63	56	389	29	48	25	56	63	56	28	48	22	56	108	116	56	74	373	25	48	6	29	48	25	17	48	20	6	74	108	25	15	56	63	56	9	0	33	24	15	0	0	46	28	48	22	56	108	116	56	74	357	25	48	0	25	48	6	17	48	12	0	69	108	6	0	29	48	25	9	0	30	0	14	0	0	0	17	48	20	6	74	108	25	15	56	63	56	7	0	0	0	8	0	0	7	9	0	33	24	15	0	0	46	28	48	22	56	108	116	56	74	341	20	48	0	25	48	0	17	48	0	0	69	108	0	0	25	48	6	6	0	18	0	8	0	0	0	17	48	12	0	69	108	6	0	29	48	25	5	0	0	0	5	0	0	0	9	0	30	0	14	0	0	0	17	48	20	6	74	108	25	15	56	63	56	0	0	47	0	4	0	0	0	7	0	0	0	8	0	0	7	9	0	33	24	15	0	0	46	28	48	22	56	108	116	56	74
392	377	50	77	17	362	23	42	10	50	77	17	26	30	22	10	68	119	85	30	347	18	36	6	23	42	10	18	0	20	6	40	78	50	15	50	77	17	6	0	33	24	21	22	17	0	26	30	22	10	68	119	85	30	332	17	36	0	18	36	6	18	0	12	0	33	72	30	0	23	42	10	3	0	30	0	11	12	10	0	18	0	20	6	40	78	50	15	50	77	17	11	0	0	0	7	6	0	7	6	0	33	24	21	22	17	0	26	30	22	10	68	119	85	30	317	16	36	0	17	36	0	18	0	0	0	32	72	0	0	18	36	6	0	0	18	0	3	0	6	0	18	0	12	0	33	72	30	0	23	42	10	9	0	0	0	5	0	0	0	3	0	30	0	11	12	10	0	18	0	20	6	40	78	50	15	50	77	17	10	0	11	0	4	0	0	0	11	0	0	0	7	6	0	7	6	0	33	24	21	22	17	0	26	30	22	10	68	119	85	30
342	329	35	48	24	316	15	30	0	35	48	24	12	20	0	0	57	53	48	74	303	14	30	0	15	30	0	7	20	0	0	38	50	0	15	35	48	24	0	0	0	0	2	0	0	0	12	20	0	0	57	53	48	74	290	14	30	0	14	30	0	7	20	0	0	37	50	0	0	15	30	0	0	0	0	0	2	0	0	0	7	20	0	0	38	50	0	15	35	48	24	0	0	0	0	2	0	0	0	0	0	0	0	2	0	0	0	12	20	0	0	57	53	48	74	277	14	30	0	14	30	0	7	20	0	0	37	50	0	0	14	30	0	0	0	0	0	0	0	0	0	7	20	0	0	37	50	0	0	15	30	0	0	0	0	0	0	0	0	0	0	0	0	0	2	0	0	0	7	20	0	0	38	50	0	15	35	48	24	0	0	0	0	0	0	0	0	0	0	0	0	2	0	0	0	0	0	0	0	2	0	0	0	12	20	0	0	57	53	48	74
304	293	32	28	15	282	16	0	0	32	28	15	13	0	0	0	50	21	60	38	271	15	0	0	16	0	0	8	0	0	0	35	0	0	15	32	28	15	0	0	0	0	7	0	0	0	13	0	0	0	50	21	60	38	260	15	0	0	15	0	0	8	0	0	0	34	0	0	0	16	0	0	0	0	0	0	2	0	0	0	8	0	0	0	35	0	0	15	32	28	15	0	0	0	0	2	0	0	0	0	0	0	0	7	0	0	0	13	0	0	0	50	21	60	38	249	15	0	0	15	0	0	8	0	0	0	34	0	0	0	15	0	0	0	0	0	0	0	0	0	0	8	0	0	0	34	0	0	0	16	0	0	0	0	0	0	0	0	0	0	0	0	0	0	2	0	0	0	8	0	0	0	35	0	0	15	32	28	15	0	0	0	0	0	0	0	0	0	0	0	0	2	0	0	0	0	0	0	0	7	0	0	0	13	0	0	0	50	21	60	38
216	208	11	0	41	200	7	0	9	11	0	41	2	0	6	9	17	0	0	111	192	7	0	9	7	0	9	2	0	0	9	13	0	0	49	11	0	41	0	0	0	0	7	0	0	0	2	0	6	9	17	0	0	111	184	7	0	9	7	0	9	2	0	0	9	13	0	0	30	7	0	9	0	0	0	0	0	0	0	0	2	0	0	9	13	0	0	49	11	0	41	0	0	0	0	0	0	0	0	0	0	0	0	7	0	0	0	2	0	6	9	17	0	0	111	176	7	0	4	7	0	9	2	0	0	4	13	0	0	4	7	0	9	0	0	0	0	0	0	0	0	2	0	0	9	13	0	0	30	7	0	9	0	0	0	0	0	0	0	0	0	0	0	0	0	0	0	0	2	0	0	9	13	0	0	49	11	0	41	0	0	0	20	0	0	0	0	0	0	0	0	0	0	0	0	0	0	0	0	7	0	0	0	2	0	6	9	17	0	0	111
242	233	21	8	33	224	14	0	9	21	8	33	14	0	6	9	36	8	33	87	215	12	0	9	14	0	9	12	0	0	9	24	0	9	49	21	8	33	3	0	0	0	15	16	0	0	14	0	6	9	36	8	33	87	206	11	0	9	12	0	9	12	0	0	9	21	0	9	30	14	0	9	0	0	0	0	6	0	0	0	12	0	0	9	24	0	9	49	21	8	33	8	0	0	0	4	0	0	0	3	0	0	0	15	16	0	0	14	0	6	9	36	8	33	87	197	11	0	4	11	0	9	12	0	0	4	20	0	9	4	12	0	9	0	0	0	0	2	0	0	0	12	0	0	9	21	0	9	30	14	0	9	8	0	0	0	4	0	0	0	0	0	0	0	6	0	0	0	12	0	0	9	24	0	9	49	21	8	33	10	0	0	20	4	0	0	0	8	0	0	0	4	0	0	0	3	0	0	0	15	16	0	0	14	0	6	9	36	8	33	87
322	310	33	20	55	298	22	0	28	33	20	55	18	0	56	42	56	20	110	87	286	19	0	27	22	0	28	15	0	41	39	34	0	56	49	33	20	55	7	0	0	10	23	30	0	0	18	0	56	42	56	20	110	87	274	16	0	22	19	0	27	15	0	38	27	30	0	54	30	22	0	28	0	0	0	6	10	0	0	0	15	0	41	39	34	0	56	49	33	20	55	10	0	22	31	7	0	0	0	7	0	0	10	23	30	0	0	18	0	56	42	56	20	110	87	262	16	0	4	16	0	22	15	0	25	4	27	0	44	4	19	0	27	0	0	0	0	5	0	0	0	15	0	38	27	30	0	54	30	22	0	28	10	0	19	0	7	0	0	0	0	0	0	6	10	0	0	0	15	0	41	39	34	0	56	49	33	20	55	14	0	0	20	4	0	0	18	10	0	22	31	7	0	0	0	7	0	0	10	23	30	0	0	18	0	56	42	56	20	110	87
291	280	36	31	48	269	23	10	28	36	31	48	22	0	56	42	67	38	144	72	258	18	7	27	23	10	28	16	0	41	39	38	10	84	49	36	31	48	5	21	0	10	22	38	0	0	22	0	56	42	67	38	144	72	247	15	0	22	18	7	27	15	0	38	27	30	7	81	30	23	10	28	0	0	0	6	10	10	0	0	16	0	41	39	38	10	84	49	36	31	48	10	0	22	31	7	10	48	0	5	21	0	10	22	38	0	0	22	0	56	42	67	38	144	72	236	15	0	4	15	0	22	15	0	25	4	25	0	66	4	18	7	27	0	0	0	0	4	7	0	0	15	0	38	27	30	7	81	30	23	10	28	10	0	19	0	7	10	28	0	0	0	0	6	10	10	0	0	16	0	41	39	38	10	84	49	36	31	48	14	0	0	20	4	0	0	18	10	0	22	31	7	10	48	0	5	21	0	10	22	38	0	0	22	0	56	42	67	38	144	72
237	228	16	8	42	219	10	8	0	16	8	42	6	0	6	0	24	16	0	167	210	10	8	0	10	8	0	6	0	0	0	20	16	0	74	16	8	42	0	0	0	0	7	0	0	0	6	0	6	0	24	16	0	167	201	10	8	0	10	8	0	6	0	0	0	20	16	0	36	10	8	0	0	0	0	0	0	0	0	0	6	0	0	0	20	16	0	74	16	8	42	0	0	0	0	0	0	0	0	0	0	0	0	7	0	0	0	6	0	6	0	24	16	0	167	192	10	8	0	10	8	0	6	0	0	0	20	16	0	4	10	8	0	0	0	0	0	0	0	0	0	6	0	0	0	20	16	0	36	10	8	0	0	0	0	0	0	0	0	0	0	0	0	0	0	0	0	0	6	0	0	0	20	16	0	74	16	8	42	0	0	0	0	0	0	0	0	0	0	0	0	0	0	0	0	0	0	0	0	7	0	0	0	6	0	6	0	24	16	0	167
308	296	54	29	52	284	31	9	41	54	29	52	36	18	20	44	126	83	104	48	272	20	0	38	31	9	41	18	0	20	38	64	9	82	28	54	29	52	2	0	53	33	22	11	52	0	36	18	20	44	126	83	104	48	260	19	0	37	20	0	38	17	0	20	36	42	0	76	27	31	9	41	1	0	42	30	14	9	41	0	18	0	20	38	64	9	82	28	54	29	52	10	0	0	10	18	11	0	0	2	0	53	33	22	11	52	0	36	18	20	44	126	83	104	48	248	19	0	24	19	0	37	17	0	20	26	39	0	74	22	20	0	38	1	0	39	18	4	0	38	0	17	0	20	36	42	0	76	27	31	9	41	10	0	0	6	11	9	0	0	1	0	42	30	14	9	41	0	18	0	20	38	64	9	82	28	54	29	52	19	0	0	74	8	0	0	0	10	0	0	10	18	11	0	0	2	0	53	33	22	11	52	0	36	18	20	44	126	83	104	48
399	382	55	105	52	365	32	84	20	55	105	52	34	134	0	58	121	187	52	136	348	23	70	11	32	84	20	22	120	0	22	78	141	20	65	55	105	52	22	0	23	33	28	46	104	17	34	134	0	58	121	187	52	136	331	20	62	10	23	70	11	15	120	0	20	55	120	11	63	32	84	20	17	0	14	30	16	38	40	10	22	120	0	22	78	141	20	65	55	105	52	13	64	0	10	15	24	0	0	22	0	23	33	28	46	104	17	34	134	0	58	121	187	52	136	314	16	52	6	20	62	10	7	96	0	12	45	100	10	53	23	70	11	5	0	11	18	11	10	22	6	15	120	0	20	55	120	11	63	32	84	20	5	56	0	6	10	21	0	0	17	0	14	30	16	38	40	10	22	120	0	22	78	141	20	65	55	105	52	12	76	0	24	4	32	0	0	13	64	0	10	15	24	0	0	22	0	23	33	28	46	104	17	34	134	0	58	121	187	52	136
286	274	38	48	33	262	20	38	14	38	48	33	27	30	0	28	87	71	33	103	250	12	32	11	20	38	14	15	24	0	22	41	38	14	56	38	48	33	2	0	23	33	17	16	33	0	27	30	0	28	87	71	33	103	238	11	31	10	12	32	11	14	24	0	20	27	32	11	54	20	38	14	1	0	14	30	10	14	14	0	15	24	0	22	41	38	14	56	38	48	33	9	7	0	10	16	7	0	0	2	0	23	33	17	16	33	0	27	30	0	28	87	71	33	103	226	11	27	6	11	31	10	14	21	0	12	24	30	10	44	12	32	11	1	0	11	18	2	8	11	0	14	24	0	20	27	32	11	54	20	38	14	9	6	0	6	11	6	0	0	1	0	14	30	10	14	14	0	15	24	0	22	41	38	14	56	38	48	33	15	27	0	24	8	0	0	0	9	7	0	10	16	7	0	0	2	0	23	33	17	16	33	0	27	30	0	28	87	71	33	103
253	243	48	29	10	233	28	4	10	48	29	10	23	20	20	0	129	45	50	0	223	22	0	10	28	4	10	10	0	20	0	70	4	50	0	48	29	10	2	0	20	0	16	9	10	0	23	20	20	0	129	45	50	0	213	21	0	10	22	0	10	9	0	20	0	54	0	50	0	28	4	10	1	0	20	0	8	4	10	0	10	0	20	0	70	4	50	0	48	29	10	1	0	0	0	13	9	0	0	2	0	20	0	16	9	10	0	23	20	20	0	129	45	50	0	203	21	0	5	21	0	10	9	0	20	0	51	0	50	0	22	0	10	1	0	20	0	5	0	10	0	9	0	20	0	54	0	50	0	28	4	10	1	0	0	0	5	4	0	0	1	0	20	0	8	4	10	0	10	0	20	0	70	4	50	0	48	29	10	9	0	0	25	4	0	0	0	1	0	0	0	13	9	0	0	2	0	20	0	16	9	10	0	23	20	20	0	129	45	50	0
253	243	52	29	19	233	28	4	19	52	29	19	29	20	29	0	137	81	95	0	223	21	0	19	28	4	19	15	0	29	0	74	20	95	0	52	29	19	4	0	47	0	19	0	19	0	29	20	29	0	137	81	95	0	213	18	0	17	21	0	19	6	0	29	0	55	0	95	0	28	4	19	1	0	47	0	11	0	19	0	15	0	29	0	74	20	95	0	52	29	19	0	0	27	14	15	0	0	0	4	0	47	0	19	0	19	0	29	20	29	0	137	81	95	0	203	18	0	5	18	0	17	6	0	27	0	50	0	85	0	21	0	19	1	0	47	0	4	0	19	0	6	0	29	0	55	0	95	0	28	4	19	0	0	27	0	7	0	0	0	1	0	47	0	11	0	19	0	15	0	29	0	74	20	95	0	52	29	19	5	0	0	25	4	0	0	17	0	0	27	14	15	0	0	0	4	0	47	0	19	0	19	0	29	20	29	0	137	81	95	0
373	357	68	75	40	341	34	48	19	68	75	40	35	0	73	39	159	213	120	81	325	29	48	19	34	48	19	22	0	47	39	85	132	57	70	68	75	40	11	0	30	0	21	21	0	0	35	0	73	39	159	213	120	81	309	27	48	19	29	48	19	21	0	47	39	74	132	57	67	34	48	19	7	0	27	0	7	12	0	0	22	0	47	39	85	132	57	70	68	75	40	3	0	0	0	17	18	0	0	11	0	30	0	21	21	0	0	35	0	73	39	159	213	120	81	293	27	48	17	27	48	19	21	0	47	37	68	132	57	64	29	48	19	7	0	27	0	7	12	0	0	21	0	47	39	74	132	57	67	34	48	19	3	0	0	0	4	0	0	0	7	0	27	0	7	12	0	0	22	0	47	39	85	132	57	70	68	75	40	15	0	0	14	4	0	0	0	3	0	0	0	17	18	0	0	11	0	30	0	21	21	0	0	35	0	73	39	159	213	120	81
377	361	88	82	43	345	51	40	10	88	82	43	74	27	63	30	206	256	215	166	329	43	39	10	51	40	10	50	26	20	30	133	121	50	104	88	82	43	43	13	0	0	29	69	0	0	74	27	63	30	206	256	215	166	313	36	39	10	43	39	10	40	26	20	30	106	117	50	89	51	40	10	22	13	0	0	16	13	0	0	50	26	20	30	133	121	50	104	88	82	43	23	0	0	0	18	70	0	0	43	13	0	0	29	69	0	0	74	27	63	30	206	256	215	166	297	27	34	10	36	39	10	32	26	20	30	84	117	50	84	43	39	10	10	13	0	0	14	13	0	0	40	26	20	30	106	117	50	89	51	40	10	6	0	0	0	6	28	0	0	22	13	0	0	16	13	0	0	50	26	20	30	133	121	50	104	88	82	43	22	40	34	0	6	32	0	0	23	0	0	0	18	70	0	0	43	13	0	0	29	69	0	0	74	27	63	30	206	256	215	166
144	138	22	5	8	132	14	5	0	22	5	8	4	0	8	0	57	10	0	29	126	14	5	0	14	5	0	4	0	0	0	36	10	0	29	22	5	8	0	0	0	0	5	0	0	0	4	0	8	0	57	10	0	29	120	14	5	0	14	5	0	4	0	0	0	36	10	0	29	14	5	0	0	0	0	0	3	0	0	0	4	0	0	0	36	10	0	29	22	5	8	0	0	0	0	4	0	0	0	0	0	0	0	5	0	0	0	4	0	8	0	57	10	0	29	114	14	5	0	14	5	0	4	0	0	0	36	10	0	27	14	5	0	0	0	0	0	3	0	0	0	4	0	0	0	36	10	0	29	14	5	0	0	0	0	0	0	0	0	0	0	0	0	0	3	0	0	0	4	0	0	0	36	10	0	29	22	5	8	0	0	0	0	0	0	0	0	0	0	0	0	4	0	0	0	0	0	0	0	5	0	0	0	4	0	8	0	57	10	0	29
201	192	34	20	8	183	17	20	0	34	20	8	10	0	8	0	77	55	0	29	174	16	20	0	17	20	0	7	0	0	0	37	55	0	29	34	20	8	0	0	0	0	7	5	0	0	10	0	8	0	77	55	0	29	165	16	20	0	16	20	0	7	0	0	0	34	55	0	29	17	20	0	0	0	0	0	5	5	0	0	7	0	0	0	37	55	0	29	34	20	8	0	0	0	0	6	0	0	0	0	0	0	0	7	5	0	0	10	0	8	0	77	55	0	29	156	16	20	0	16	20	0	7	0	0	0	34	55	0	27	16	20	0	0	0	0	0	5	5	0	0	7	0	0	0	34	55	0	29	17	20	0	0	0	0	0	0	0	0	0	0	0	0	0	5	5	0	0	7	0	0	0	37	55	0	29	34	20	8	0	0	0	0	0	0	0	0	0	0	0	0	6	0	0	0	0	0	0	0	7	5	0	0	10	0	8	0	77	55	0	29
268	256	53	45	8	244	26	35	0	53	45	8	19	28	8	0	132	124	8	29	232	25	35	0	26	35	0	16	28	0	0	68	98	0	29	53	45	8	10	0	0	0	16	7	0	0	19	28	8	0	132	124	8	29	220	24	35	0	25	35	0	16	28	0	0	65	98	0	29	26	35	0	7	0	0	0	7	7	0	0	16	28	0	0	68	98	0	29	53	45	8	3	0	0	0	16	6	0	0	10	0	0	0	16	7	0	0	19	28	8	0	132	124	8	29	208	24	35	0	24	35	0	16	28	0	0	62	98	0	27	25	35	0	7	0	0	0	7	7	0	0	16	28	0	0	65	98	0	29	26	35	0	3	0	0	0	4	0	0	0	7	0	0	0	7	7	0	0	16	28	0	0	68	98	0	29	53	45	8	17	0	0	0	6	0	0	0	3	0	0	0	16	6	0	0	10	0	0	0	16	7	0	0	19	28	8	0	132	124	8	29
450	431	82	51	128	412	55	33	99	82	51	128	83	33	53	87	186	121	128	83	393	48	16	62	55	33	99	60	16	50	29	146	99	99	29	82	51	128	45	16	10	118	21	0	128	147	83	33	53	87	186	121	128	83	374	37	0	51	48	16	62	50	0	47	29	123	48	62	29	55	33	99	31	0	10	89	19	0	99	85	60	16	50	29	146	99	99	29	82	51	128	18	0	68	44	11	0	128	48	45	16	10	118	21	0	128	147	83	33	53	87	186	121	128	83	355	26	0	47	37	0	51	27	0	47	29	92	0	51	29	48	16	62	19	0	10	80	17	0	62	70	50	0	47	29	123	48	62	29	55	33	99	10	0	63	38	11	0	99	28	31	0	10	89	19	0	99	85	60	16	50	29	146	99	99	29	82	51	128	15	0	53	42	2	0	0	0	18	0	68	44	11	0	128	48	45	16	10	118	21	0	128	147	83	33	53	87	186	121	128	83
396	379	84	71	73	362	58	16	48	84	71	73	82	0	53	56	210	125	365	83	345	50	16	40	58	16	48	58	0	50	29	167	48	240	29	84	71	73	50	0	10	39	23	0	0	19	82	0	53	56	210	125	365	83	328	44	16	40	50	16	40	47	0	47	29	141	48	200	29	58	16	48	35	0	10	39	21	0	0	19	58	0	50	29	167	48	240	29	84	71	73	19	0	10	0	13	0	0	0	50	0	10	39	23	0	0	19	82	0	53	56	210	125	365	83	311	39	16	39	44	16	40	39	0	47	29	122	48	200	29	50	16	40	23	0	10	39	19	0	0	19	47	0	47	29	141	48	200	29	58	16	48	11	0	10	0	13	0	0	0	35	0	10	39	21	0	0	19	58	0	50	29	167	48	240	29	84	71	73	15	0	8	9	2	0	0	0	19	0	10	0	13	0	0	0	50	0	10	39	23	0	0	19	82	0	53	56	210	125	365	83
435	415	123	158	26	395	73	124	17	123	158	26	110	192	20	7	289	436	52	43	375	59	83	10	73	124	17	72	114	20	0	195	374	34	10	123	158	26	40	192	10	0	33	126	78	52	110	192	20	7	289	436	52	43	355	49	58	10	59	83	10	67	56	20	0	153	245	20	10	73	124	17	21	132	10	0	23	110	51	20	72	114	20	0	195	374	34	10	123	158	26	14	98	42	0	23	36	52	0	40	192	10	0	33	126	78	52	110	192	20	7	289	436	52	43	335	45	27	9	49	58	10	55	0	20	0	125	173	20	10	59	83	10	21	36	10	0	21	82	30	11	67	56	20	0	153	245	20	10	73	124	17	14	36	38	0	23	36	34	0	21	132	10	0	23	110	51	20	72	114	20	0	195	374	34	10	123	158	26	32	27	32	9	8	0	104	0	14	98	42	0	23	36	52	0	40	192	10	0	33	126	78	52	110	192	20	7	289	436	52	43
401	383	95	119	29	365	57	65	20	95	119	29	69	157	53	10	234	255	145	43	347	51	39	19	57	65	20	56	37	50	9	164	156	100	10	95	119	29	45	35	10	9	22	12	87	0	69	157	53	10	234	255	145	43	329	46	32	19	51	39	19	48	16	47	9	146	85	95	10	57	65	20	35	0	10	9	19	7	60	0	56	37	50	9	164	156	100	10	95	119	29	19	0	10	0	13	0	29	0	45	35	10	9	22	12	87	0	69	157	53	10	234	255	145	43	311	41	32	18	46	32	19	40	16	47	9	130	64	95	10	51	39	19	23	0	10	9	18	0	57	0	48	16	47	9	146	85	95	10	57	65	20	11	0	10	0	13	0	20	0	35	0	10	9	19	7	60	0	56	37	50	9	164	156	100	10	95	119	29	15	0	8	9	2	0	0	0	19	0	10	0	13	0	29	0	45	35	10	9	22	12	87	0	69	157	53	10	234	255	145	43
386	368	99	123	23	350	60	90	0	99	123	23	73	141	0	0	239	324	69	91	332	52	81	0	60	90	0	48	132	0	0	166	281	0	29	99	123	23	50	84	0	0	41	11	0	0	73	141	0	0	239	324	69	91	314	46	71	0	52	81	0	38	123	0	0	140	253	0	29	60	90	0	32	63	0	0	32	11	0	0	48	132	0	0	166	281	0	29	99	123	23	16	30	0	0	16	28	23	0	50	84	0	0	41	11	0	0	73	141	0	0	239	324	69	91	296	41	61	0	46	71	0	30	120	0	0	121	223	0	29	52	81	0	20	51	0	0	30	10	0	0	38	123	0	0	140	253	0	29	60	90	0	8	30	0	0	12	22	0	0	32	63	0	0	32	11	0	0	48	132	0	0	166	281	0	29	99	123	23	16	73	8	0	8	0	0	0	16	30	0	0	16	28	23	0	50	84	0	0	41	11	0	0	73	141	0	0	239	324	69	91
440	420	64	102	94	400	34	36	69	64	102	94	34	18	84	73	169	268	470	102	380	31	36	68	34	36	69	26	18	59	70	95	72	345	68	64	102	94	12	0	21	10	10	13	0	0	34	18	84	73	169	268	470	102	360	31	36	67	31	36	68	26	18	59	67	89	72	340	59	34	36	69	12	0	10	9	8	0	0	0	26	18	59	70	95	72	345	68	64	102	94	5	0	0	9	7	0	0	0	12	0	21	10	10	13	0	0	34	18	84	73	169	268	470	102	340	31	36	67	31	36	67	26	18	59	67	89	72	335	59	31	36	68	12	0	10	9	8	0	0	0	26	18	59	67	89	72	340	59	34	36	69	5	0	0	9	7	0	0	0	12	0	10	9	8	0	0	0	26	18	59	70	95	72	345	68	64	102	94	2	0	0	0	2	0	0	0	5	0	0	9	7	0	0	0	12	0	21	10	10	13	0	0	34	18	84	73	169	268	470	102
261	249	49	21	60	237	34	20	28	49	21	60	40	10	35	73	136	41	0	125	225	31	20	27	34	20	28	36	10	10	70	96	40	0	68	49	21	60	18	0	28	10	11	0	0	0	40	10	35	73	136	41	0	125	213	31	20	26	31	20	27	36	10	10	67	87	40	0	59	34	20	28	18	0	10	9	8	0	0	0	36	10	10	70	96	40	0	68	49	21	60	8	0	0	9	9	0	0	0	18	0	28	10	11	0	0	0	40	10	35	73	136	41	0	125	201	28	20	26	31	20	26	36	10	10	67	87	40	0	59	31	20	27	15	0	10	9	8	0	0	0	36	10	10	67	87	40	0	59	34	20	28	8	0	0	9	9	0	0	0	18	0	10	9	8	0	0	0	36	10	10	70	96	40	0	68	49	21	60	3	0	21	0	2	0	0	0	8	0	0	9	9	0	0	0	18	0	28	10	11	0	0	0	40	10	35	73	136	41	0	125
306	291	76	67	46	276	48	59	11	76	67	46	60	82	42	33	204	156	0	151	261	41	55	10	48	59	11	39	74	0	30	134	141	0	85	76	67	46	38	38	28	10	24	30	0	0	60	82	42	33	204	156	0	151	246	35	54	9	41	55	10	31	72	0	27	112	136	0	69	48	59	11	18	36	0	9	16	27	0	0	39	74	0	30	134	141	0	85	76	67	46	10	9	28	9	9	18	0	0	38	38	28	10	24	30	0	0	60	82	42	33	204	156	0	151	231	32	54	9	35	54	9	31	72	0	27	101	135	0	69	41	55	10	15	36	0	9	15	27	0	0	31	72	0	27	112	136	0	69	48	59	11	10	9	0	9	9	18	0	0	18	36	0	9	16	27	0	0	39	74	0	30	134	141	0	85	76	67	46	6	0	21	0	4	0	0	0	10	9	28	9	9	18	0	0	38	38	28	10	24	30	0	0	60	82	42	33	204	156	0	151
361	343	104	113	48	325	62	92	0	104	113	48	78	144	58	0	255	348	48	279	307	52	84	0	62	92	0	47	128	0	0	156	280	0	184	104	113	48	61	88	44	0	37	61	0	0	78	144	58	0	255	348	48	279	289	43	80	0	52	84	0	39	120	0	0	131	262	0	131	62	92	0	26	80	0	0	26	44	0	0	47	128	0	0	156	280	0	184	104	113	48	20	40	28	0	7	50	0	0	61	88	44	0	37	61	0	0	78	144	58	0	255	348	48	279	271	38	78	0	43	80	0	33	120	0	0	111	250	0	120	52	84	0	23	80	0	0	24	42	0	0	39	120	0	0	131	262	0	131	62	92	0	10	40	0	0	7	50	0	0	26	80	0	0	26	44	0	0	47	128	0	0	156	280	0	184	104	113	48	22	18	21	0	4	20	0	0	20	40	28	0	7	50	0	0	61	88	44	0	37	61	0	0	78	144	58	0	255	348	48	279
207	197	46	29	18	187	27	21	0	46	29	18	28	14	21	0	126	71	18	102	177	26	21	0	27	21	0	25	14	0	0	73	63	0	68	46	29	18	12	0	7	0	11	0	0	0	28	14	21	0	126	71	18	102	167	26	21	0	26	21	0	25	14	0	0	70	63	0	59	27	21	0	12	0	0	0	7	0	0	0	25	14	0	0	73	63	0	68	46	29	18	5	0	0	0	7	0	0	0	12	0	7	0	11	0	0	0	28	14	21	0	126	71	18	102	157	26	21	0	26	21	0	25	14	0	0	70	63	0	59	26	21	0	12	0	0	0	7	0	0	0	25	14	0	0	70	63	0	59	27	21	0	5	0	0	0	7	0	0	0	12	0	0	0	7	0	0	0	25	14	0	0	73	63	0	68	46	29	18	2	0	0	0	2	0	0	0	5	0	0	0	7	0	0	0	12	0	7	0	11	0	0	0	28	14	21	0	126	71	18	102
371	354	48	42	124	337	21	0	97	48	42	124	18	0	87	134	107	112	372	94	320	16	0	63	21	0	97	6	0	75	61	55	0	291	69	48	42	124	4	0	36	40	15	0	0	183	18	0	87	134	107	112	372	94	303	16	0	63	16	0	63	6	0	34	61	50	0	189	68	21	0	97	4	0	28	40	10	0	0	136	6	0	75	61	55	0	291	69	48	42	124	3	0	0	0	2	0	0	0	4	0	36	40	15	0	0	183	18	0	87	134	107	112	372	94	286	15	0	63	16	0	63	6	0	34	61	50	0	189	67	16	0	63	0	0	0	40	3	0	0	91	6	0	34	61	50	0	189	68	21	0	97	1	0	0	0	2	0	0	0	4	0	28	40	10	0	0	136	6	0	75	61	55	0	291	69	48	42	124	0	0	9	0	0	0	0	0	3	0	0	0	2	0	0	0	4	0	36	40	15	0	0	183	18	0	87	134	107	112	372	94
240	229	31	18	52	218	10	0	38	31	18	52	7	0	44	8	68	36	104	94	207	9	0	38	10	0	38	3	0	44	8	28	0	76	69	31	18	52	0	0	0	0	2	0	0	0	7	0	44	8	68	36	104	94	196	9	0	38	9	0	38	3	0	44	8	28	0	76	68	10	0	38	0	0	0	0	1	0	0	0	3	0	44	8	28	0	76	69	31	18	52	0	0	0	0	0	0	0	0	0	0	0	0	2	0	0	0	7	0	44	8	68	36	104	94	185	9	0	38	9	0	38	3	0	44	8	28	0	76	67	9	0	38	0	0	0	0	1	0	0	0	3	0	44	8	28	0	76	68	10	0	38	0	0	0	0	0	0	0	0	0	0	0	0	1	0	0	0	3	0	44	8	28	0	76	69	31	18	52	0	0	0	0	0	0	0	0	0	0	0	0	0	0	0	0	0	0	0	0	2	0	0	0	7	0	44	8	68	36	104	94
325	309	61	83	43	293	27	47	14	61	83	43	31	32	30	49	121	210	172	142	277	22	39	0	27	47	14	18	0	21	0	70	130	56	69	61	83	43	12	0	36	0	19	13	43	55	31	32	30	49	121	210	172	142	261	22	39	0	22	39	0	18	0	0	0	65	130	0	68	27	47	14	12	0	28	0	14	13	14	37	18	0	21	0	70	130	56	69	61	83	43	7	0	0	0	7	0	0	0	12	0	36	0	19	13	43	55	31	32	30	49	121	210	172	142	245	19	39	0	22	39	0	18	0	0	0	65	130	0	67	22	39	0	8	0	0	0	6	13	0	29	18	0	0	0	65	130	0	68	27	47	14	5	0	0	0	7	0	0	0	12	0	28	0	14	13	14	37	18	0	21	0	70	130	56	69	61	83	43	0	0	27	0	2	0	0	0	7	0	0	0	7	0	0	0	12	0	36	0	19	13	43	55	31	32	30	49	121	210	172	142
252	240	47	41	22	228	19	11	7	47	41	22	17	0	18	14	85	116	110	94	216	14	11	0	19	11	7	5	0	14	0	47	44	35	69	47	41	22	4	0	36	0	15	0	0	26	17	0	18	14	85	116	110	94	204	14	11	0	14	11	0	5	0	0	0	42	44	0	68	19	11	7	4	0	28	0	10	0	0	17	5	0	14	0	47	44	35	69	47	41	22	3	0	0	0	2	0	0	0	4	0	36	0	15	0	0	26	17	0	18	14	85	116	110	94	192	13	11	0	14	11	0	5	0	0	0	42	44	0	67	14	11	0	0	0	0	0	3	0	0	10	5	0	0	0	42	44	0	68	19	11	7	1	0	0	0	2	0	0	0	4	0	28	0	10	0	0	17	5	0	14	0	47	44	35	69	47	41	22	0	0	9	0	0	0	0	0	3	0	0	0	2	0	0	0	4	0	36	0	15	0	0	26	17	0	18	14	85	116	110	94
221	210	38	33	31	199	12	24	7	38	33	31	8	16	12	35	89	92	31	112	188	11	24	0	12	24	7	4	16	7	0	31	80	7	69	38	33	31	0	0	0	0	2	0	0	29	8	16	12	35	89	92	31	112	177	11	24	0	11	24	0	4	16	0	0	31	80	0	68	12	24	7	0	0	0	0	1	0	0	20	4	16	7	0	31	80	7	69	38	33	31	0	0	0	0	0	0	0	0	0	0	0	0	2	0	0	29	8	16	12	35	89	92	31	112	166	11	24	0	11	24	0	4	16	0	0	31	80	0	67	11	24	0	0	0	0	0	1	0	0	19	4	16	0	0	31	80	0	68	12	24	7	0	0	0	0	0	0	0	0	0	0	0	0	1	0	0	20	4	16	7	0	31	80	7	69	38	33	31	0	0	0	0	0	0	0	0	0	0	0	0	0	0	0	0	0	0	0	0	2	0	0	29	8	16	12	35	89	92	31	112
417	397	39	51	165	377	20	0	118	39	51	165	17	0	86	120	79	34	495	241	357	16	0	105	20	0	118	15	0	66	96	62	0	354	156	39	51	165	7	0	30	114	16	17	0	0	17	0	86	120	79	34	495	241	337	12	0	61	16	0	105	6	0	58	34	48	0	315	101	20	0	118	3	0	30	20	4	0	0	0	15	0	66	96	62	0	354	156	39	51	165	1	0	42	75	6	0	0	206	7	0	30	114	16	17	0	0	17	0	86	120	79	34	495	241	317	11	0	60	12	0	61	3	0	24	34	35	0	183	101	16	0	105	0	0	21	20	3	0	0	0	6	0	58	34	48	0	315	101	20	0	118	1	0	39	73	6	0	0	136	3	0	30	20	4	0	0	0	15	0	66	96	62	0	354	156	39	51	165	0	0	10	7	0	0	0	0	1	0	42	75	6	0	0	206	7	0	30	114	16	17	0	0	17	0	86	120	79	34	495	241
293	279	26	13	91	265	11	0	44	26	13	91	4	0	38	34	40	0	91	272	251	11	0	44	11	0	44	4	0	30	34	33	0	44	163	26	13	91	0	0	0	0	8	0	0	0	4	0	38	34	40	0	91	272	237	11	0	42	11	0	44	4	0	30	34	33	0	44	101	11	0	44	0	0	0	0	2	0	0	0	4	0	30	34	33	0	44	163	26	13	91	0	0	0	16	0	0	0	0	0	0	0	0	8	0	0	0	4	0	38	34	40	0	91	272	223	11	0	41	11	0	42	4	0	24	34	33	0	42	101	11	0	44	0	0	0	0	2	0	0	0	4	0	30	34	33	0	44	101	11	0	44	0	0	0	14	0	0	0	0	0	0	0	0	2	0	0	0	4	0	30	34	33	0	44	163	26	13	91	0	0	0	7	0	0	0	0	0	0	0	16	0	0	0	0	0	0	0	0	8	0	0	0	4	0	38	34	40	0	91	272
250	238	21	20	55	226	5	0	48	21	20	55	2	0	54	10	22	0	110	22	214	5	0	48	5	0	48	2	0	54	10	13	0	96	7	21	20	55	0	0	0	0	8	0	0	0	2	0	54	10	22	0	110	22	202	5	0	45	5	0	48	2	0	54	10	13	0	96	0	5	0	48	0	0	0	0	1	0	0	0	2	0	54	10	13	0	96	7	21	20	55	0	0	0	23	0	0	0	0	0	0	0	0	8	0	0	0	2	0	54	10	22	0	110	22	190	5	0	43	5	0	45	2	0	45	10	13	0	90	0	5	0	48	0	0	0	0	1	0	0	0	2	0	54	10	13	0	96	0	5	0	48	0	0	0	20	0	0	0	0	0	0	0	0	1	0	0	0	2	0	54	10	13	0	96	7	21	20	55	0	0	0	13	0	0	0	0	0	0	0	23	0	0	0	0	0	0	0	0	8	0	0	0	2	0	54	10	22	0	110	22
313	297	47	77	50	281	19	39	19	47	77	50	22	26	86	27	82	144	200	189	265	14	39	17	19	39	19	12	26	66	21	54	117	76	118	47	77	50	6	0	0	14	14	49	0	0	22	26	86	27	82	144	200	189	249	13	39	8	14	39	17	12	26	58	0	38	117	68	63	19	39	19	2	0	0	0	5	13	0	0	12	26	66	21	54	117	76	118	47	77	50	7	0	12	16	9	0	0	26	6	0	0	14	14	49	0	0	22	26	86	27	82	144	200	189	233	13	39	7	13	39	8	12	26	24	0	34	117	32	63	14	39	17	2	0	0	0	4	13	0	0	12	26	58	0	38	117	68	63	19	39	19	7	0	9	14	9	0	0	17	2	0	0	0	5	13	0	0	12	26	66	21	54	117	76	118	47	77	50	14	0	0	7	2	0	0	0	7	0	12	16	9	0	0	26	6	0	0	14	14	49	0	0	22	26	86	27	82	144	200	189
180	171	18	20	14	162	7	8	0	18	20	14	2	0	8	0	28	0	28	65	153	7	8	0	7	8	0	2	0	0	0	23	0	0	21	18	20	14	0	0	0	0	7	0	0	0	2	0	8	0	28	0	28	65	144	7	8	0	7	8	0	2	0	0	0	23	0	0	0	7	8	0	0	0	0	0	2	0	0	0	2	0	0	0	23	0	0	21	18	20	14	0	0	0	0	0	0	0	0	0	0	0	0	7	0	0	0	2	0	8	0	28	0	28	65	135	7	8	0	7	8	0	2	0	0	0	23	0	0	0	7	8	0	0	0	0	0	2	0	0	0	2	0	0	0	23	0	0	0	7	8	0	0	0	0	0	0	0	0	0	0	0	0	0	2	0	0	0	2	0	0	0	23	0	0	21	18	20	14	0	0	0	0	0	0	0	0	0	0	0	0	0	0	0	0	0	0	0	0	7	0	0	0	2	0	8	0	28	0	28	65
200	190	18	0	78	180	15	0	18	18	0	78	19	0	0	48	50	0	0	375	170	11	0	18	15	0	18	14	0	0	48	40	0	0	229	18	0	78	2	0	0	0	3	0	0	0	19	0	0	48	50	0	0	375	160	11	0	18	11	0	18	14	0	0	48	24	0	0	214	15	0	18	2	0	0	0	3	0	0	0	14	0	0	48	40	0	0	229	18	0	78	6	0	0	0	7	0	0	0	2	0	0	0	3	0	0	0	19	0	0	48	50	0	0	375	150	11	0	15	11	0	18	14	0	0	39	24	0	0	156	11	0	18	2	0	0	0	3	0	0	0	14	0	0	48	24	0	0	214	15	0	18	6	0	0	0	7	0	0	0	2	0	0	0	3	0	0	0	14	0	0	48	40	0	0	229	18	0	78	14	0	0	23	2	0	0	0	6	0	0	0	7	0	0	0	2	0	0	0	3	0	0	0	19	0	0	48	50	0	0	375
240	228	33	0	91	216	28	0	38	33	0	91	31	0	0	104	95	0	0	284	204	20	0	27	28	0	38	20	0	0	66	78	0	0	185	33	0	91	2	0	14	27	11	0	0	43	31	0	0	104	95	0	0	284	192	20	0	25	20	0	27	20	0	0	62	46	0	0	170	28	0	38	2	0	12	21	11	0	0	14	20	0	0	66	78	0	0	185	33	0	91	7	0	0	14	14	0	0	0	2	0	14	27	11	0	0	43	31	0	0	104	95	0	0	284	180	20	0	15	20	0	25	20	0	0	39	46	0	0	114	20	0	27	2	0	9	0	11	0	0	0	20	0	0	62	46	0	0	170	28	0	38	7	0	0	0	14	0	0	0	2	0	12	21	11	0	0	14	20	0	0	66	78	0	0	185	33	0	91	20	0	0	23	4	0	0	26	7	0	0	14	14	0	0	0	2	0	14	27	11	0	0	43	31	0	0	104	95	0	0	284
256	243	41	32	76	230	26	10	43	41	32	76	30	20	13	72	117	118	152	215	217	18	0	40	26	10	43	20	0	13	66	74	40	86	137	41	32	76	10	0	27	27	15	0	76	0	30	20	13	72	117	118	152	215	204	16	0	38	18	0	40	20	0	13	62	42	0	80	122	26	10	43	2	0	25	21	11	0	43	0	20	0	13	66	74	40	86	137	41	32	76	7	0	0	14	18	24	0	0	10	0	27	27	15	0	76	0	30	20	13	72	117	118	152	215	191	16	0	23	16	0	38	20	0	13	39	36	0	76	69	18	0	40	2	0	22	0	11	0	40	0	20	0	13	62	42	0	80	122	26	10	43	7	0	0	0	14	20	0	0	2	0	25	21	11	0	43	0	20	0	13	66	74	40	86	137	41	32	76	20	0	0	63	6	0	0	26	7	0	0	14	18	24	0	0	10	0	27	27	15	0	76	0	30	20	13	72	117	118	152	215
292	275	69	111	23	258	35	90	12	69	111	23	35	146	0	24	148	264	23	50	241	28	70	9	35	90	12	22	120	0	18	83	222	12	19	69	111	23	38	20	14	27	50	26	69	0	35	146	0	24	148	264	23	50	224	23	64	7	28	70	9	22	120	0	14	61	150	9	17	35	90	12	15	20	12	21	27	22	36	0	22	120	0	18	83	222	12	19	69	111	23	14	42	0	14	14	35	0	0	38	20	14	27	50	26	69	0	35	146	0	24	148	264	23	50	207	21	50	0	23	64	7	16	96	0	0	46	123	7	8	28	70	9	15	20	9	0	25	20	27	0	22	120	0	14	61	150	9	17	35	90	12	4	36	0	0	12	30	0	0	15	20	12	21	27	22	36	0	22	120	0	18	83	222	12	19	69	111	23	33	96	0	0	8	14	0	26	14	42	0	14	14	35	0	0	38	20	14	27	50	26	69	0	35	146	0	24	148	264	23	50
239	225	70	77	14	211	41	57	12	70	77	14	43	78	0	24	167	169	28	0	197	30	45	9	41	57	12	32	54	0	18	97	111	24	0	70	77	14	40	0	14	27	45	66	42	0	43	78	0	24	167	169	28	0	183	25	45	7	30	45	9	32	54	0	14	66	63	18	0	41	57	12	17	0	12	21	26	54	36	0	32	54	0	18	97	111	24	0	70	77	14	26	0	0	14	21	30	0	0	40	0	14	27	45	66	42	0	43	78	0	24	167	169	28	0	169	23	39	0	25	45	7	26	54	0	0	51	63	14	0	30	45	9	17	0	9	0	21	54	27	0	32	54	0	14	66	63	18	0	41	57	12	16	0	0	0	17	20	0	0	17	0	12	21	26	54	36	0	32	54	0	18	97	111	24	0	70	77	14	53	36	0	0	13	12	0	26	26	0	0	14	21	30	0	0	40	0	14	27	45	66	42	0	43	78	0	24	167	169	28	0
181	171	27	23	29	161	14	9	29	27	23	29	12	0	7	0	56	21	58	0	151	13	9	29	14	9	29	9	0	7	0	30	0	58	0	27	23	29	0	0	0	0	11	0	0	0	12	0	7	0	56	21	58	0	141	13	9	29	13	9	29	9	0	7	0	27	0	58	0	14	9	29	0	0	0	0	11	0	0	0	9	0	7	0	30	0	58	0	27	23	29	0	0	0	0	2	0	0	0	0	0	0	0	11	0	0	0	12	0	7	0	56	21	58	0	131	13	9	29	13	9	29	9	0	7	0	27	0	58	0	13	9	29	0	0	0	0	11	0	0	0	9	0	7	0	27	0	58	0	14	9	29	0	0	0	0	0	0	0	0	0	0	0	0	11	0	0	0	9	0	7	0	30	0	58	0	27	23	29	4	0	0	0	4	0	0	0	0	0	0	0	2	0	0	0	0	0	0	0	11	0	0	0	12	0	7	0	56	21	58	0
262	248	54	40	49	234	26	0	35	54	40	49	21	0	62	0	125	100	196	90	220	24	0	34	26	0	35	15	0	40	0	53	0	140	55	54	40	49	11	0	11	10	32	0	0	0	21	0	62	0	125	100	196	90	206	22	0	34	24	0	34	15	0	37	0	47	0	136	49	26	0	35	3	0	11	10	25	0	0	0	15	0	40	0	53	0	140	55	54	40	49	0	0	0	0	12	20	0	0	11	0	11	10	32	0	0	0	21	0	62	0	125	100	196	90	192	22	0	31	22	0	34	15	0	37	0	41	0	136	45	24	0	34	3	0	10	7	25	0	0	0	15	0	37	0	47	0	136	49	26	0	35	0	0	0	0	1	0	0	0	3	0	11	10	25	0	0	0	15	0	40	0	53	0	140	55	54	40	49	19	0	0	21	10	0	0	0	0	0	0	0	12	20	0	0	11	0	11	10	32	0	0	0	21	0	62	0	125	100	196	90
235	222	43	47	35	209	19	20	35	43	47	35	12	24	40	0	97	81	105	0	196	18	12	34	19	20	35	9	0	40	0	45	24	105	0	43	47	35	3	0	11	10	22	0	35	0	12	24	40	0	97	81	105	0	183	18	12	34	18	12	34	9	0	37	0	42	0	102	0	19	20	35	3	0	11	10	19	0	35	0	9	0	40	0	45	24	105	0	43	47	35	0	0	0	0	7	0	0	0	3	0	11	10	22	0	35	0	12	24	40	0	97	81	105	0	170	18	12	31	18	12	34	9	0	37	0	42	0	102	0	18	12	34	3	0	10	7	19	0	34	0	9	0	37	0	42	0	102	0	19	20	35	0	0	0	0	1	0	0	0	3	0	11	10	19	0	35	0	9	0	40	0	45	24	105	0	43	47	35	13	0	0	21	6	0	0	0	0	0	0	0	7	0	0	0	3	0	11	10	22	0	35	0	12	24	40	0	97	81	105	0
180	169	42	41	17	158	23	28	17	42	41	17	30	21	0	0	98	66	34	0	147	19	28	17	23	28	17	12	21	0	0	60	49	34	0	42	41	17	0	0	0	0	13	21	0	0	30	21	0	0	98	66	34	0	136	19	28	17	19	28	17	12	21	0	0	50	49	34	0	23	28	17	0	0	0	0	12	21	0	0	12	21	0	0	60	49	34	0	42	41	17	0	0	0	0	3	0	0	0	0	0	0	0	13	21	0	0	30	21	0	0	98	66	34	0	125	19	28	17	19	28	17	12	21	0	0	50	49	34	0	19	28	17	0	0	0	0	11	21	0	0	12	21	0	0	50	49	34	0	23	28	17	0	0	0	0	1	0	0	0	0	0	0	0	12	21	0	0	12	21	0	0	60	49	34	0	42	41	17	7	0	0	0	6	0	0	0	0	0	0	0	3	0	0	0	0	0	0	0	13	21	0	0	30	21	0	0	98	66	34	0
206	195	52	24	52	184	24	0	31	52	24	52	26	0	94	13	133	72	156	113	173	22	0	30	24	0	31	20	0	53	13	51	0	93	67	52	24	52	13	0	11	10	26	0	0	0	26	0	94	13	133	72	156	113	162	20	0	30	22	0	30	20	0	50	13	45	0	90	58	24	0	31	5	0	11	10	19	0	0	0	20	0	53	13	51	0	93	67	52	24	52	6	0	0	0	19	16	0	0	13	0	11	10	26	0	0	0	26	0	94	13	133	72	156	113	151	18	0	27	20	0	30	20	0	50	13	39	0	90	52	22	0	30	5	0	10	7	19	0	0	0	20	0	50	13	45	0	90	58	24	0	31	0	0	0	0	1	0	0	0	5	0	11	10	19	0	0	0	20	0	53	13	51	0	93	67	52	24	52	29	0	12	21	10	0	0	0	6	0	0	0	19	16	0	0	13	0	11	10	26	0	0	0	26	0	94	13	133	72	156	113
251	236	54	58	63	221	33	36	18	54	58	63	35	24	22	61	131	126	126	182	206	30	36	18	33	36	18	20	24	11	61	88	84	36	147	54	58	63	17	0	0	0	35	36	0	0	35	24	22	61	131	126	126	182	191	28	36	17	30	36	18	20	24	11	58	81	84	36	144	33	36	18	9	0	0	0	27	36	0	0	20	24	11	61	88	84	36	147	54	58	63	2	0	0	10	3	0	0	0	17	0	0	0	35	36	0	0	35	24	22	61	131	126	126	182	176	26	34	17	28	36	17	20	24	10	58	75	84	34	144	30	36	18	9	0	0	0	26	36	0	0	20	24	11	58	81	84	36	144	33	36	18	0	0	0	10	3	0	0	0	9	0	0	0	27	36	0	0	20	24	11	61	88	84	36	147	54	58	63	16	20	0	0	9	20	0	0	2	0	0	10	3	0	0	0	17	0	0	0	35	36	0	0	35	24	22	61	131	126	126	182
332	313	92	86	109	294	60	34	82	92	86	109	88	0	52	81	207	245	436	101	275	51	26	57	60	34	82	60	0	49	46	143	102	328	66	92	86	109	52	104	38	69	57	69	0	113	88	0	52	81	207	245	436	101	256	42	0	54	51	26	57	54	0	49	43	125	78	228	64	60	34	82	31	0	38	61	44	17	0	67	60	0	49	46	143	102	328	66	92	86	109	18	0	61	34	7	0	218	0	52	104	38	69	57	69	0	113	88	0	52	81	207	245	436	101	237	32	0	50	42	0	54	40	0	48	43	95	0	216	64	51	26	57	31	0	38	49	42	13	0	58	54	0	49	43	125	78	228	64	60	34	82	6	0	59	28	7	0	164	0	31	0	38	61	44	17	0	67	60	0	49	46	143	102	328	66	92	86	109	34	0	40	36	10	26	0	0	18	0	61	34	7	0	218	0	52	104	38	69	57	69	0	113	88	0	52	81	207	245	436	101
281	264	89	85	53	247	57	55	21	89	85	53	85	0	22	47	207	216	159	136	230	47	52	11	57	55	21	50	0	11	33	139	136	63	101	89	85	53	45	39	0	0	49	124	0	37	85	0	22	47	207	216	159	136	213	39	52	10	47	52	11	49	0	11	30	114	130	33	98	57	55	21	20	39	0	0	40	94	0	24	50	0	11	33	139	136	63	101	89	85	53	15	0	14	10	5	16	0	0	45	39	0	0	49	124	0	37	85	0	22	47	207	216	159	136	196	29	43	10	39	52	10	35	0	10	30	87	130	30	98	47	52	11	20	39	0	0	36	91	0	18	49	0	11	30	114	130	33	98	57	55	21	3	0	12	10	5	16	0	0	20	39	0	0	40	94	0	24	50	0	11	33	139	136	63	101	89	85	53	27	90	40	0	11	20	0	0	15	0	14	10	5	16	0	0	45	39	0	0	49	124	0	37	85	0	22	47	207	216	159	136
306	286	119	163	23	266	77	126	20	119	163	23	96	138	20	14	243	318	115	0	246	62	99	10	77	126	20	70	120	20	0	182	233	100	0	119	163	23	35	210	20	0	68	153	0	37	96	138	20	14	243	318	115	0	226	55	71	10	62	99	10	65	90	20	0	149	182	50	0	77	126	20	21	129	20	0	46	119	0	24	70	120	20	0	182	233	100	0	119	163	23	11	94	34	0	17	18	69	0	35	210	20	0	68	153	0	37	96	138	20	14	243	318	115	0	206	47	43	9	55	71	10	57	30	20	0	125	105	50	0	62	99	10	21	75	20	0	37	90	0	18	65	90	20	0	149	182	50	0	77	126	20	9	38	32	0	17	18	60	0	21	129	20	0	46	119	0	24	70	120	20	0	182	233	100	0	119	163	23	38	105	40	9	16	10	46	0	11	94	34	0	17	18	69	0	35	210	20	0	68	153	0	37	96	138	20	14	243	318	115	0
175	164	48	38	30	153	31	28	0	48	38	30	39	28	8	0	114	80	30	130	142	26	28	0	31	28	0	18	28	0	0	77	70	0	116	48	38	30	9	0	0	0	28	35	0	0	39	28	8	0	114	80	30	130	131	26	28	0	26	28	0	18	28	0	0	67	70	0	114	31	28	0	9	0	0	0	24	35	0	0	18	28	0	0	77	70	0	116	48	38	30	2	0	0	0	4	0	0	0	9	0	0	0	28	35	0	0	39	28	8	0	114	80	30	130	120	24	26	0	26	28	0	18	28	0	0	67	70	0	114	26	28	0	9	0	0	0	22	35	0	0	18	28	0	0	67	70	0	114	31	28	0	0	0	0	0	4	0	0	0	9	0	0	0	24	35	0	0	18	28	0	0	77	70	0	116	48	38	30	16	12	0	0	8	12	0	0	2	0	0	0	4	0	0	0	9	0	0	0	28	35	0	0	39	28	8	0	114	80	30	130
280	263	83	55	104	246	60	16	57	83	55	104	73	0	44	95	186	119	312	248	229	47	16	46	60	16	57	47	0	38	62	149	80	171	141	83	55	104	31	0	75	33	38	16	0	35	73	0	44	95	186	119	312	248	212	45	16	46	47	16	46	41	0	38	62	114	80	138	96	60	16	57	31	0	29	33	37	16	0	35	47	0	38	62	149	80	171	141	83	55	104	8	0	10	0	8	0	0	0	31	0	75	33	38	16	0	35	73	0	44	95	186	119	312	248	195	36	16	45	45	16	46	35	0	38	59	109	80	138	91	47	16	46	22	0	29	30	33	16	0	34	41	0	38	62	114	80	138	96	60	16	57	6	0	0	0	8	0	0	0	31	0	29	33	37	16	0	35	47	0	38	62	149	80	171	141	82	55	104	8	0	55	10	4	0	0	0	8	0	10	0	8	0	0	0	31	0	75	33	38	16	0	35	73	0	44	95	182	119	312	248
280	262	94	107	50	244	59	59	19	94	107	50	64	108	44	29	210	260	200	185	226	49	32	19	59	59	19	50	0	38	29	152	161	76	123	93	107	50	31	0	75	0	35	13	150	0	64	108	44	29	208	260	200	185	208	47	32	19	49	32	19	44	0	38	29	127	80	76	78	58	59	19	31	0	29	0	35	9	57	0	50	0	38	29	150	161	76	123	92	107	50	8	0	10	0	8	0	0	0	31	0	75	0	35	13	150	0	63	108	44	29	204	260	200	185	190	39	32	19	47	32	19	38	0	38	29	122	80	76	74	48	32	19	22	0	29	0	31	0	57	0	44	0	38	29	125	80	76	78	57	59	19	6	0	0	0	8	0	0	0	31	0	29	0	35	9	57	0	49	0	38	29	146	161	76	123	92	107	50	8	0	45	0	4	0	0	0	8	0	10	0	8	0	0	0	31	0	75	0	35	13	150	0	63	108	44	29	204	260	200	185
252	235	103	95	44	218	68	76	0	103	95	44	90	112	0	0	255	264	44	278	201	52	70	0	68	76	0	47	100	0	0	184	236	0	141	103	95	44	31	60	41	0	47	78	0	0	90	112	0	0	255	264	44	278	184	49	68	0	52	70	0	40	100	0	0	142	220	0	96	68	76	0	29	60	0	0	41	74	0	0	47	100	0	0	184	236	0	141	103	95	44	7	18	10	0	11	14	0	0	31	60	41	0	47	78	0	0	90	112	0	0	255	264	44	278	167	39	48	0	49	68	0	34	96	0	0	134	212	0	91	52	70	0	20	60	0	0	36	70	0	0	40	100	0	0	142	220	0	96	68	76	0	6	0	0	0	10	12	0	0	29	60	0	0	41	74	0	0	47	100	0	0	184	236	0	141	101	95	44	10	18	67	0	8	14	88	0	7	18	10	0	11	14	0	0	31	60	41	0	47	78	0	0	90	112	0	0	247	264	44	278
244	226	104	130	18	208	64	97	0	103	130	18	84	160	0	0	243	336	54	132	190	51	83	0	63	97	0	55	126	0	0	169	278	0	102	100	130	18	40	86	41	0	30	53	18	0	84	160	0	0	237	336	54	132	172	45	80	0	50	83	0	42	120	0	0	128	239	0	67	60	97	0	29	80	0	0	26	50	0	0	55	126	0	0	163	278	0	102	96	130	18	17	30	10	0	5	40	0	0	40	86	41	0	30	53	18	0	80	160	0	0	225	336	54	132	154	37	77	0	44	80	0	27	120	0	0	111	230	0	64	47	83	0	14	80	0	0	22	50	0	0	42	120	0	0	122	239	0	67	56	97	0	6	30	0	0	5	40	0	0	29	80	0	0	26	50	0	0	51	126	0	0	151	278	0	102	95	130	18	8	27	15	0	2	30	0	0	17	30	10	0	5	40	0	0	40	86	41	0	30	53	18	0	80	160	0	0	221	336	54	132
194	180	86	74	5	166	58	50	0	86	74	5	75	78	0	0	208	144	15	23	152	48	48	0	58	50	0	49	72	0	0	156	114	0	20	83	74	5	31	16	15	0	28	26	0	0	75	78	0	0	202	144	15	23	138	45	48	0	48	48	0	42	72	0	0	127	112	0	10	55	50	0	29	16	0	0	25	24	0	0	49	72	0	0	150	114	0	20	76	74	5	8	0	10	0	8	8	0	0	31	16	15	0	28	26	0	0	71	78	0	0	186	144	15	23	124	40	48	0	45	48	0	36	72	0	0	119	112	0	10	45	48	0	20	16	0	0	23	24	0	0	42	72	0	0	121	112	0	10	48	50	0	6	0	0	0	8	8	0	0	29	16	0	0	25	24	0	0	45	72	0	0	134	114	0	20	73	74	5	9	0	15	0	5	0	0	0	8	0	10	0	7	8	0	0	31	16	15	0	26	26	0	0	65	78	0	0	173	144	15	23
287	268	65	76	110	249	33	34	73	65	76	110	29	0	124	44	158	183	330	177	230	33	34	70	33	34	73	29	0	85	38	87	85	219	76	64	76	110	10	0	0	29	12	0	0	0	29	0	124	44	156	183	330	177	211	33	34	70	33	34	70	29	0	80	38	87	85	210	65	32	34	73	10	0	0	29	9	0	0	0	29	0	85	38	85	85	219	76	63	76	110	3	0	0	0	5	0	0	0	10	0	0	29	12	0	0	0	28	0	124	44	152	183	330	177	192	33	34	70	33	34	70	29	0	80	38	87	85	210	65	32	34	70	10	0	0	29	9	0	0	0	29	0	80	38	85	85	210	65	31	34	73	3	0	0	0	5	0	0	0	10	0	0	29	9	0	0	0	28	0	85	38	81	85	219	76	63	76	110	3	0	0	0	3	0	0	0	3	0	0	0	5	0	0	0	10	0	0	29	12	0	0	0	28	0	124	44	152	183	330	177
172	160	50	29	68	148	34	27	22	50	29	68	34	18	73	44	133	59	0	221	136	34	27	19	34	27	22	34	18	34	38	94	54	0	76	48	29	68	16	0	0	29	18	0	0	0	34	18	73	44	129	59	0	221	124	32	27	19	34	27	19	34	18	29	38	94	54	0	65	32	27	22	16	0	0	29	16	0	0	0	34	18	34	38	90	54	0	76	45	29	68	3	0	18	0	6	0	0	0	16	0	0	29	18	0	0	0	31	18	73	44	121	59	0	221	112	30	27	19	32	27	19	30	18	29	38	86	54	0	65	32	27	19	16	0	0	29	16	0	0	0	34	18	29	38	90	54	0	65	29	27	22	3	0	0	0	6	0	0	0	16	0	0	29	16	0	0	0	31	18	34	38	82	54	0	76	45	29	68	3	0	18	0	4	0	0	0	3	0	18	0	6	0	0	0	16	0	0	29	18	0	0	0	31	18	73	44	121	59	0	221
155	145	40	25	15	135	14	0	15	40	25	15	10	0	23	0	75	80	75	0	125	13	0	15	14	0	15	5	0	23	0	33	0	75	0	40	25	15	0	0	0	0	1	5	0	0	10	0	23	0	75	80	75	0	115	13	0	15	13	0	15	5	0	23	0	33	0	75	0	14	0	15	0	0	0	0	1	0	0	0	5	0	23	0	33	0	75	0	40	25	15	0	0	0	0	0	0	0	0	0	0	0	0	1	5	0	0	10	0	23	0	75	80	75	0	105	13	0	15	13	0	15	5	0	23	0	33	0	75	0	13	0	15	0	0	0	0	0	0	0	0	5	0	23	0	33	0	75	0	14	0	15	0	0	0	0	0	0	0	0	0	0	0	0	1	0	0	0	5	0	23	0	33	0	75	0	40	25	15	0	0	0	0	0	0	0	0	0	0	0	0	0	0	0	0	0	0	0	0	1	5	0	0	10	0	23	0	75	80	75	0
155	144	51	24	33	133	27	24	0	51	24	33	26	0	33	0	137	64	0	177	122	27	24	0	27	24	0	26	0	0	0	73	64	0	76	50	24	33	10	0	0	0	11	0	0	0	26	0	33	0	135	64	0	177	111	27	24	0	27	24	0	26	0	0	0	73	64	0	65	26	24	0	10	0	0	0	9	0	0	0	26	0	0	0	71	64	0	76	49	24	33	3	0	0	0	5	0	0	0	10	0	0	0	11	0	0	0	25	0	33	0	131	64	0	177	100	27	24	0	27	24	0	26	0	0	0	73	64	0	65	26	24	0	10	0	0	0	9	0	0	0	26	0	0	0	71	64	0	65	25	24	0	3	0	0	0	5	0	0	0	10	0	0	0	9	0	0	0	25	0	0	0	67	64	0	76	49	24	33	3	0	0	0	3	0	0	0	3	0	0	0	5	0	0	0	10	0	0	0	11	0	0	0	25	0	33	0	131	64	0	177
150	139	43	42	9	128	12	24	0	43	42	9	3	16	27	0	90	120	36	50	117	12	24	0	12	24	0	3	16	0	0	29	72	0	19	43	42	9	0	0	0	0	2	0	0	0	3	16	27	0	90	120	36	50	106	12	24	0	12	24	0	3	16	0	0	29	72	0	19	12	24	0	0	0	0	0	0	0	0	0	3	16	0	0	29	72	0	19	43	42	9	0	0	0	0	0	0	0	0	0	0	0	0	2	0	0	0	3	16	27	0	90	120	36	50	95	12	24	0	12	24	0	3	16	0	0	29	72	0	19	12	24	0	0	0	0	0	0	0	0	0	3	16	0	0	29	72	0	19	12	24	0	0	0	0	0	0	0	0	0	0	0	0	0	0	0	0	0	3	16	0	0	29	72	0	19	43	42	9	0	0	0	0	0	0	0	0	0	0	0	0	0	0	0	0	0	0	0	0	2	0	0	0	3	16	27	0	90	120	36	50
278	259	42	83	116	240	18	13	105	42	83	116	15	65	73	64	51	78	580	15	221	13	0	85	18	13	105	5	0	73	24	28	0	525	15	42	83	116	3	0	40	101	22	18	116	50	15	65	73	64	51	78	580	15	202	13	0	61	13	0	85	5	0	63	20	26	0	425	15	18	13	105	3	0	40	20	10	13	105	19	5	0	73	24	28	0	525	15	42	83	116	3	0	0	59	2	0	0	132	3	0	40	101	22	18	116	50	15	65	73	64	51	78	580	15	183	12	0	60	13	0	61	5	0	41	20	26	0	305	15	13	0	85	0	0	25	20	1	0	85	19	5	0	63	20	26	0	425	15	18	13	105	1	0	0	56	2	0	0	102	3	0	40	20	10	13	105	19	5	0	73	24	28	0	525	15	42	83	116	0	0	10	6	0	0	0	0	3	0	0	59	2	0	0	132	3	0	40	101	22	18	116	50	15	65	73	64	51	78	580	15
284	265	40	18	171	246	21	0	134	40	18	171	18	0	20	154	61	36	171	134	227	17	0	112	21	0	134	7	0	20	110	40	0	134	88	40	18	171	3	0	30	121	13	0	0	50	18	0	20	154	61	36	171	134	208	17	0	91	17	0	112	7	0	10	104	40	0	112	85	21	0	134	3	0	30	38	9	0	0	19	7	0	20	110	40	0	134	88	40	18	171	3	0	0	29	1	0	0	132	3	0	30	121	13	0	0	50	18	0	20	154	61	36	171	134	189	16	0	91	17	0	91	7	0	0	104	40	0	91	85	17	0	112	0	0	15	38	1	0	0	19	7	0	10	104	40	0	112	85	21	0	134	1	0	0	29	1	0	0	102	3	0	30	38	9	0	0	19	7	0	20	110	40	0	134	88	40	18	171	0	0	10	0	0	0	0	0	3	0	0	29	1	0	0	132	3	0	30	121	13	0	0	50	18	0	20	154	61	36	171	134
221	206	34	44	65	191	14	0	55	34	44	65	16	0	53	8	46	33	260	24	176	12	0	55	14	0	55	7	0	53	8	25	0	220	15	34	44	65	0	0	10	0	7	0	0	0	16	0	53	8	46	33	260	24	161	12	0	52	12	0	55	7	0	53	8	25	0	220	15	14	0	55	0	0	10	0	2	0	0	0	7	0	53	8	25	0	220	15	34	44	65	0	0	0	21	0	0	0	0	0	0	10	0	7	0	0	0	16	0	53	8	46	33	260	24	146	12	0	51	12	0	52	7	0	41	8	25	0	208	15	12	0	55	0	0	10	0	0	0	0	0	7	0	53	8	25	0	220	15	14	0	55	0	0	0	18	0	0	0	0	0	0	10	0	2	0	0	0	7	0	53	8	25	0	220	15	34	44	65	0	0	0	6	0	0	0	0	0	0	0	21	0	0	0	0	0	0	10	0	7	0	0	0	16	0	53	8	46	33	260	24
217	201	56	71	55	185	27	39	25	56	71	55	28	26	20	54	83	172	165	134	169	23	39	5	27	39	25	17	26	20	0	54	117	75	88	56	71	55	11	0	30	25	25	0	0	68	28	26	20	54	83	172	165	134	153	23	39	0	23	39	5	17	26	10	0	54	117	15	85	27	39	25	11	0	30	0	14	0	0	19	17	26	20	0	54	117	75	88	56	71	55	6	0	0	0	5	0	0	23	11	0	30	25	25	0	0	68	28	26	20	54	83	172	165	134	137	19	39	0	23	39	0	17	26	0	0	54	117	0	85	23	39	5	8	0	15	0	6	0	0	19	17	26	10	0	54	117	15	85	27	39	25	4	0	0	0	5	0	0	20	11	0	30	0	14	0	0	19	17	26	20	0	54	117	75	88	56	71	55	0	0	37	0	3	0	0	0	6	0	0	0	5	0	0	23	11	0	30	25	25	0	0	68	28	26	20	54	83	172	165	134
162	150	30	42	23	138	13	20	0	30	42	23	11	10	0	0	44	34	69	134	126	12	20	0	13	20	0	6	10	0	0	28	20	0	88	30	42	23	0	0	0	0	5	0	0	0	11	10	0	0	44	34	69	134	114	12	20	0	12	20	0	6	10	0	0	28	20	0	85	13	20	0	0	0	0	0	1	0	0	0	6	10	0	0	28	20	0	88	30	42	23	0	0	0	0	0	0	0	0	0	0	0	0	5	0	0	0	11	10	0	0	44	34	69	134	102	12	20	0	12	20	0	6	10	0	0	28	20	0	85	12	20	0	0	0	0	0	0	0	0	0	6	10	0	0	28	20	0	85	13	20	0	0	0	0	0	0	0	0	0	0	0	0	0	1	0	0	0	6	10	0	0	28	20	0	88	30	42	23	0	0	0	0	0	0	0	0	0	0	0	0	0	0	0	0	0	0	0	0	5	0	0	0	11	10	0	0	44	34	69	134
140	130	14	0	66	120	6	0	31	14	0	66	3	0	25	46	7	0	0	204	110	6	0	31	6	0	31	3	0	10	46	7	0	0	160	14	0	66	0	0	0	0	14	0	0	0	3	0	25	46	7	0	0	204	100	6	0	31	6	0	31	3	0	10	46	7	0	0	140	6	0	31	0	0	0	0	0	0	0	0	3	0	10	46	7	0	0	160	14	0	66	0	0	0	0	0	0	0	0	0	0	0	0	14	0	0	0	3	0	25	46	7	0	0	204	90	6	0	28	6	0	31	3	0	10	40	7	0	0	113	6	0	31	0	0	0	0	0	0	0	0	3	0	10	46	7	0	0	140	6	0	31	0	0	0	0	0	0	0	0	0	0	0	0	0	0	0	0	3	0	10	46	7	0	0	160	14	0	66	0	0	0	21	0	0	0	0	0	0	0	0	0	0	0	0	0	0	0	0	14	0	0	0	3	0	25	46	7	0	0	204
203	187	32	63	84	171	18	39	20	32	63	84	11	26	64	50	35	65	168	430	155	14	39	20	18	39	20	11	26	40	50	35	65	40	319	32	63	84	3	0	0	0	23	44	0	0	11	26	64	50	35	65	168	430	139	13	39	15	14	39	20	11	26	40	35	27	65	40	257	18	39	20	0	0	0	0	6	0	0	0	11	26	40	50	35	65	40	319	32	63	84	7	0	13	25	6	0	0	0	3	0	0	0	23	44	0	0	11	26	64	50	35	65	168	430	123	13	39	7	13	39	15	11	26	25	14	25	65	30	204	14	39	20	0	0	0	0	2	0	0	0	11	26	40	35	27	65	40	257	18	39	20	7	0	10	0	6	0	0	0	0	0	0	0	6	0	0	0	11	26	40	50	35	65	40	319	32	63	84	12	0	0	21	4	0	0	23	7	0	13	25	6	0	0	0	3	0	0	0	23	44	0	0	11	26	64	50	35	65	168	430
125	116	15	8	45	107	5	0	19	15	8	45	2	0	52	20	10	0	45	181	98	4	0	19	5	0	19	2	0	37	20	7	0	19	160	15	8	45	0	0	0	0	20	8	0	0	2	0	52	20	10	0	45	181	89	4	0	19	4	0	19	2	0	37	20	5	0	19	140	5	0	19	0	0	0	0	1	0	0	0	2	0	37	20	7	0	19	160	15	8	45	0	0	0	0	1	0	0	0	0	0	0	0	20	8	0	0	2	0	52	20	10	0	45	181	80	4	0	13	4	0	19	2	0	37	14	5	0	19	113	4	0	19	0	0	0	0	0	0	0	0	2	0	37	20	5	0	19	140	5	0	19	0	0	0	0	1	0	0	0	0	0	0	0	1	0	0	0	2	0	37	20	7	0	19	160	15	8	45	0	0	0	39	0	0	0	0	0	0	0	0	1	0	0	0	0	0	0	0	20	8	0	0	2	0	52	20	10	0	45	181
165	153	38	27	57	141	27	0	29	38	27	57	16	0	91	50	55	0	171	171	129	20	0	29	27	0	29	16	0	67	50	52	0	87	130	38	27	57	3	0	0	0	32	63	0	0	16	0	91	50	55	0	171	171	117	19	0	24	20	0	29	16	0	67	35	38	0	87	90	27	0	29	0	0	0	0	12	0	0	0	16	0	67	50	52	0	87	130	38	27	57	7	0	13	25	11	0	0	0	3	0	0	0	32	63	0	0	16	0	91	50	55	0	171	171	105	19	0	13	19	0	24	16	0	52	14	36	0	72	61	20	0	29	0	0	0	0	5	0	0	0	16	0	67	35	38	0	87	90	27	0	29	7	0	10	0	11	0	0	0	0	0	0	0	12	0	0	0	16	0	67	50	52	0	87	130	38	27	57	24	0	0	39	8	0	0	23	7	0	13	25	11	0	0	0	3	0	0	0	32	63	0	0	16	0	91	50	55	0	171	171
119	110	15	8	41	101	8	8	0	15	8	41	5	0	13	0	16	0	0	259	92	8	8	0	8	8	0	5	0	0	0	16	0	0	185	15	8	41	0	0	0	0	13	0	0	0	5	0	13	0	16	0	0	259	83	8	8	0	8	8	0	5	0	0	0	16	0	0	145	8	8	0	0	0	0	0	0	0	0	0	5	0	0	0	16	0	0	185	15	8	41	0	0	0	0	0	0	0	0	0	0	0	0	13	0	0	0	5	0	13	0	16	0	0	259	74	8	8	0	8	8	0	5	0	0	0	16	0	0	113	8	8	0	0	0	0	0	0	0	0	0	5	0	0	0	16	0	0	145	8	8	0	0	0	0	0	0	0	0	0	0	0	0	0	0	0	0	0	5	0	0	0	16	0	0	185	15	8	41	0	0	0	0	0	0	0	0	0	0	0	0	0	0	0	0	0	0	0	0	13	0	0	0	5	0	13	0	16	0	0	259
154	142	32	11	101	130	27	11	60	32	11	101	23	0	0	157	67	22	0	186	118	16	0	42	27	11	60	15	0	0	78	53	22	0	68	32	11	101	2	0	28	50	14	11	101	116	23	0	0	157	67	22	0	186	106	15	0	42	16	0	42	14	0	0	78	30	0	0	68	27	11	60	0	0	26	50	13	11	60	105	15	0	0	78	53	22	0	68	32	11	101	7	0	0	0	12	11	0	0	2	0	28	50	14	11	101	116	23	0	0	157	67	22	0	186	94	15	0	34	15	0	42	14	0	0	68	27	0	0	58	16	0	42	0	0	23	35	4	0	42	85	14	0	0	78	30	0	0	68	27	11	60	7	0	0	0	12	11	0	0	0	0	26	50	13	11	60	105	15	0	0	78	53	22	0	68	32	11	101	24	0	0	55	9	0	0	0	7	0	0	0	12	11	0	0	2	0	28	50	14	11	101	116	23	0	0	157	67	22	0	186
168	152	56	89	46	136	36	81	22	52	89	46	44	80	0	44	125	158	0	141	120	25	60	19	32	81	22	27	80	0	38	84	152	0	49	51	89	46	21	0	15	30	20	33	138	0	41	80	0	44	121	158	0	141	104	21	54	19	21	60	19	20	80	0	38	53	110	0	49	31	81	22	10	0	13	30	14	31	66	0	24	80	0	38	80	152	0	49	51	89	46	14	42	0	0	13	28	0	0	21	0	15	30	20	33	138	0	41	80	0	44	121	158	0	141	88	17	42	14	17	54	19	11	56	0	28	41	86	0	39	20	60	19	4	0	10	15	7	10	57	0	17	80	0	38	49	110	0	49	31	81	22	4	42	0	0	12	28	0	0	10	0	13	30	14	31	66	0	24	80	0	38	80	152	0	49	51	89	46	16	84	0	25	8	28	0	0	14	42	0	0	13	28	0	0	21	0	15	30	20	33	138	0	41	80	0	44	121	158	0	141
162	149	62	46	41	136	42	16	39	62	46	41	41	48	34	18	163	97	123	0	123	27	0	39	42	16	39	18	0	34	18	114	24	117	0	62	46	41	6	0	43	0	25	11	82	0	41	48	34	18	163	97	123	0	110	26	0	38	27	0	39	17	0	34	18	79	0	117	0	42	16	39	4	0	43	0	20	8	78	0	18	0	34	18	114	24	117	0	62	46	41	7	0	0	9	15	11	0	0	6	0	43	0	25	11	82	0	41	48	34	18	163	97	123	0	97	25	0	25	26	0	38	17	0	32	18	76	0	114	0	27	0	39	4	0	43	0	9	0	78	0	17	0	34	18	79	0	117	0	42	16	39	6	0	0	0	14	8	0	0	4	0	43	0	20	8	78	0	18	0	34	18	114	24	117	0	61	46	41	28	0	0	36	14	11	0	44	7	0	0	9	15	11	0	0	6	0	43	0	25	11	82	0	41	48	34	18	159	97	123	0
209	190	83	134	49	171	41	81	49	83	134	49	43	150	79	0	229	377	245	0	152	29	60	49	41	81	49	22	45	79	0	127	274	245	0	83	134	49	9	0	43	0	25	43	147	0	43	150	79	0	229	377	245	0	133	28	60	48	29	60	49	21	45	79	0	95	225	245	0	41	81	49	7	0	43	0	16	37	147	0	22	45	79	0	127	274	245	0	83	134	49	1	0	0	9	14	12	0	0	9	0	43	0	25	43	147	0	43	150	79	0	229	377	245	0	114	27	57	33	28	60	48	21	45	77	0	92	225	240	0	29	60	49	7	0	43	0	9	30	147	0	21	45	79	0	95	225	245	0	41	81	49	0	0	0	0	11	7	0	0	7	0	43	0	16	37	147	0	22	45	79	0	127	274	245	0	80	134	49	25	36	0	56	14	12	0	44	1	0	0	9	14	12	0	0	9	0	43	0	25	43	147	0	43	150	79	0	217	377	245	0
145	131	65	67	24	117	43	63	13	61	67	24	67	36	0	26	171	120	0	57	103	27	45	10	39	63	13	31	36	0	20	110	108	0	29	61	67	24	23	0	15	30	22	45	72	0	67	36	0	26	171	120	0	57	89	22	45	10	23	45	10	22	36	0	20	63	72	0	29	39	63	13	10	0	13	30	18	45	39	0	31	36	0	20	110	108	0	29	61	67	24	23	0	0	0	16	33	0	0	23	0	15	30	22	45	72	0	67	36	0	26	171	120	0	57	75	18	33	5	18	45	10	13	36	0	10	50	72	0	24	23	45	10	4	0	10	15	10	27	30	0	22	36	0	20	63	72	0	29	39	63	13	13	0	0	0	15	33	0	0	10	0	13	30	18	45	39	0	31	36	0	20	110	108	0	29	60	67	24	25	72	0	25	11	24	0	0	20	0	0	0	14	33	0	0	23	0	15	30	19	45	72	0	67	36	0	26	170	120	0	57
126	115	30	10	58	104	16	10	47	30	10	58	6	0	21	33	91	30	0	49	93	16	10	47	16	10	47	6	0	0	33	58	30	0	49	30	10	58	3	0	0	0	10	0	0	0	6	0	21	33	91	30	0	49	82	16	10	47	16	10	47	6	0	0	33	58	30	0	49	16	10	47	3	0	0	0	5	0	0	0	6	0	0	33	58	30	0	49	30	10	58	0	0	0	0	2	0	0	0	3	0	0	0	10	0	0	0	6	0	21	33	91	30	0	49	71	16	10	47	16	10	47	6	0	0	33	58	30	0	48	16	10	47	3	0	0	0	5	0	0	0	6	0	0	33	58	30	0	49	16	10	47	0	0	0	0	0	0	0	0	3	0	0	0	5	0	0	0	6	0	0	33	58	30	0	49	29	10	58	3	0	0	0	4	0	0	0	0	0	0	0	2	0	0	0	3	0	0	0	10	0	0	0	6	0	21	33	87	30	0	49
148	135	44	32	57	122	21	12	36	44	32	57	13	0	73	53	127	96	114	90	109	20	12	36	21	12	36	8	0	30	53	74	36	72	88	44	32	57	4	0	0	0	15	10	0	0	13	0	73	53	127	96	114	90	96	20	12	36	20	12	36	8	0	30	53	73	36	72	88	21	12	36	4	0	0	0	6	0	0	0	8	0	30	53	74	36	72	88	44	32	57	1	0	0	0	5	0	0	0	4	0	0	0	15	10	0	0	13	0	73	53	127	96	114	90	83	19	12	35	20	12	36	8	0	30	51	73	36	72	86	20	12	36	4	0	0	0	6	0	0	0	8	0	30	53	73	36	72	88	21	12	36	0	0	0	0	1	0	0	0	4	0	0	0	6	0	0	0	8	0	30	53	74	36	72	88	42	32	57	4	0	0	9	6	10	0	0	1	0	0	0	5	0	0	0	4	0	0	0	15	10	0	0	13	0	73	53	119	96	114	90
95	85	37	27	15	75	14	24	7	37	27	15	7	18	21	7	105	72	0	49	65	13	24	7	14	24	7	3	18	0	7	53	72	0	49	37	27	15	3	0	0	0	11	6	0	0	7	18	21	7	105	72	0	49	55	13	24	7	13	24	7	3	18	0	7	49	72	0	49	14	24	7	3	0	0	0	4	6	0	0	3	18	0	7	53	72	0	49	37	27	15	0	0	0	0	3	0	0	0	3	0	0	0	11	6	0	0	7	18	21	7	105	72	0	49	45	13	24	7	13	24	7	3	18	0	7	49	72	0	48	13	24	7	3	0	0	0	4	6	0	0	3	18	0	7	49	72	0	49	14	24	7	0	0	0	0	0	0	0	0	3	0	0	0	4	6	0	0	3	18	0	7	53	72	0	49	35	27	15	3	0	0	0	5	0	0	0	0	0	0	0	3	0	0	0	3	0	0	0	11	6	0	0	7	18	21	7	97	72	0	49
150	135	68	75	27	120	28	47	10	68	75	27	32	0	73	20	184	272	108	90	105	25	44	10	28	47	10	21	0	30	20	99	188	40	88	68	75	27	6	33	0	0	19	25	0	0	32	0	73	20	184	272	108	90	90	24	44	10	25	44	10	20	0	30	20	90	176	40	88	28	47	10	4	33	0	0	7	11	0	0	21	0	30	20	99	188	40	88	64	75	27	1	0	0	0	6	7	0	0	6	33	0	0	19	25	0	0	32	0	73	20	179	272	108	90	76	23	44	9	24	44	10	20	0	30	18	87	176	40	86	25	44	10	4	33	0	0	7	11	0	0	20	0	30	20	90	176	40	88	28	47	10	0	0	0	0	2	0	0	0	4	33	0	0	7	11	0	0	21	0	30	20	99	188	40	88	61	61	27	16	0	0	9	8	7	0	0	1	0	0	0	6	7	0	0	6	33	0	0	19	25	0	0	32	0	73	20	167	216	108	90
112	101	53	36	15	90	25	24	0	53	36	15	24	0	37	0	153	126	30	90	79	24	24	0	25	24	0	20	0	0	0	91	96	0	88	53	36	15	7	0	0	0	17	8	0	0	24	0	37	0	153	126	30	90	68	24	24	0	24	24	0	20	0	0	0	87	96	0	88	25	24	0	7	0	0	0	7	8	0	0	20	0	0	0	91	96	0	88	53	36	15	1	0	0	0	6	0	0	0	7	0	0	0	17	8	0	0	24	0	37	0	153	126	30	90	57	23	24	0	24	24	0	20	0	0	0	87	96	0	86	24	24	0	7	0	0	0	7	8	0	0	20	0	0	0	87	96	0	88	25	24	0	0	0	0	0	2	0	0	0	7	0	0	0	7	8	0	0	20	0	0	0	91	96	0	88	50	36	15	16	0	0	0	7	6	0	0	1	0	0	0	6	0	0	0	7	0	0	0	17	8	0	0	24	0	37	0	141	126	30	90
202	183	88	65	120	164	57	32	103	86	65	120	81	47	44	83	233	212	240	27	145	50	15	56	55	32	103	59	15	44	20	163	111	206	10	84	65	120	34	30	28	104	27	15	120	261	80	47	44	83	229	212	240	27	126	43	0	54	48	15	56	51	0	44	20	144	45	112	10	53	32	103	23	0	28	98	19	0	103	183	58	15	44	20	159	111	206	10	81	65	120	17	0	42	26	9	0	120	0	32	30	28	104	27	15	120	261	77	47	44	83	221	212	240	27	107	30	0	50	41	0	54	34	0	44	20	121	0	108	10	46	15	56	17	0	28	89	18	0	56	159	50	0	44	20	140	45	112	10	50	32	103	7	0	42	20	9	0	103	0	21	0	28	98	19	0	103	183	55	15	44	20	151	111	206	10	75	65	120	19	0	64	39	4	0	0	0	14	0	42	26	6	0	120	0	29	30	28	104	22	15	120	261	71	47	44	83	199	212	240	27
160	144	79	54	73	128	50	40	40	77	54	73	65	27	0	83	230	204	73	99	112	44	39	10	48	40	40	45	26	0	20	148	148	40	46	75	54	73	31	13	0	20	26	25	0	160	64	27	0	83	226	204	73	99	96	37	38	10	42	39	10	38	26	0	20	126	143	10	46	46	40	40	15	13	0	20	14	13	0	123	44	26	0	20	144	148	40	46	74	54	73	17	12	14	0	9	15	0	0	31	13	0	20	26	25	0	160	63	27	0	83	222	204	73	99	80	24	25	10	35	38	10	20	25	0	20	104	140	10	46	40	39	10	9	13	0	20	13	13	0	117	37	26	0	20	122	143	10	46	45	40	40	3	0	14	0	5	14	0	0	15	13	0	20	14	13	0	123	43	26	0	20	140	148	40	46	66	54	73	15	12	64	0	4	15	73	0	12	12	14	0	6	15	0	0	26	13	0	20	20	25	0	160	63	27	0	83	194	204	73	99
173	156	86	81	65	139	55	26	46	84	81	65	76	50	44	24	235	189	325	84	122	48	16	44	53	26	46	57	0	44	20	167	74	230	46	79	81	65	39	0	28	20	23	10	65	0	75	50	44	24	225	189	325	84	105	43	16	44	46	16	44	48	0	44	20	145	64	220	46	48	26	46	26	0	28	20	15	0	46	0	56	0	44	20	157	74	230	46	65	81	65	17	0	10	0	10	0	0	0	37	0	28	20	23	10	65	0	68	50	44	24	196	189	325	84	89	39	16	43	41	16	44	39	0	44	20	130	64	220	46	41	16	44	20	0	28	20	14	0	44	0	47	0	44	20	135	64	220	46	38	26	46	7	0	10	0	10	0	0	0	24	0	28	20	15	0	46	0	49	0	44	20	133	74	230	46	58	65	65	20	0	0	9	5	0	0	0	14	0	10	0	6	0	0	0	34	0	28	20	16	10	65	0	56	50	44	24	169	125	325	84
176	156	112	159	23	137	63	117	23	103	140	23	85	210	20	0	272	412	69	0	118	54	85	10	54	98	23	58	132	20	0	156	303	69	0	96	140	23	25	168	20	0	33	62	46	70	78	210	20	0	252	412	69	0	99	48	52	10	45	66	10	53	63	20	0	129	188	30	0	47	98	23	14	78	20	0	17	43	46	35	51	132	20	0	136	303	69	0	90	140	23	13	99	24	0	17	33	69	0	23	168	20	0	33	62	46	70	75	210	20	0	240	412	69	0	80	38	28	9	39	33	10	44	0	20	0	112	95	30	0	38	66	10	14	30	20	0	17	30	20	29	46	63	20	0	109	188	30	0	41	98	23	7	30	24	0	13	30	69	0	12	78	20	0	17	43	46	35	48	132	20	0	124	303	69	0	77	140	23	23	38	52	9	6	18	69	0	2	99	24	0	8	33	69	0	15	168	20	0	17	62	46	70	63	210	20	0	196	412	69	0
154	136	98	120	25	118	52	80	7	95	120	25	68	141	0	35	271	410	100	42	100	45	77	0	49	80	7	45	132	0	0	154	309	28	10	91	120	25	39	33	0	0	36	32	0	49	66	141	0	35	263	410	100	42	82	40	77	0	42	77	0	38	132	0	0	133	297	0	10	45	80	7	23	33	0	0	16	22	0	49	43	132	0	0	146	309	28	10	78	120	25	22	0	0	0	17	14	0	0	37	33	0	0	36	32	0	49	61	141	0	35	242	410	100	42	65	34	65	0	37	77	0	28	132	0	0	119	297	0	10	38	77	0	17	33	0	0	15	22	0	49	36	132	0	0	125	297	0	10	36	80	7	7	0	0	0	9	11	0	0	21	33	0	0	16	22	0	49	38	132	0	0	130	309	28	10	59	103	25	8	84	12	0	6	14	0	0	14	0	0	0	7	14	0	0	29	33	0	0	18	32	0	49	47	141	0	35	177	342	100	42
159	141	84	92	74	123	49	43	18	79	92	74	63	60	75	46	209	275	296	306	106	43	32	18	46	43	18	49	16	28	46	137	129	72	219	66	75	74	23	0	49	0	15	11	74	0	60	60	75	46	179	241	296	306	90	39	32	18	40	32	18	40	16	28	46	122	96	72	120	37	27	18	17	0	10	0	13	0	18	0	46	16	28	46	116	97	72	219	57	59	74	7	0	33	0	10	0	0	0	21	0	49	0	15	11	74	0	54	44	75	46	159	177	296	306	74	35	32	18	36	32	18	39	16	28	46	114	96	72	118	31	16	18	17	0	10	0	13	0	18	0	37	16	28	46	101	64	72	120	28	11	18	7	0	0	0	10	0	0	0	15	0	10	0	13	0	18	0	40	0	28	46	96	33	72	219	50	59	74	7	0	33	0	5	0	0	0	4	0	33	0	6	0	0	0	18	0	49	0	8	11	74	0	42	44	75	46	132	177	296	306
107	94	53	41	49	81	30	30	27	50	41	49	41	20	64	46	141	73	49	90	69	28	30	27	29	30	27	35	20	46	46	94	60	27	53	42	29	49	13	0	13	0	11	0	0	0	40	20	64	46	124	49	49	90	59	28	30	27	27	30	27	35	20	46	46	88	60	27	44	25	20	27	13	0	10	0	9	0	0	0	34	20	46	46	86	40	27	53	34	9	49	4	0	0	0	7	0	0	0	11	0	13	0	11	0	0	0	35	0	64	46	104	9	49	90	49	25	30	27	27	30	27	35	20	46	46	88	60	27	44	23	20	27	13	0	10	0	9	0	0	0	34	20	46	46	80	40	27	44	17	0	27	4	0	0	0	7	0	0	0	11	0	10	0	9	0	0	0	29	0	46	46	66	0	27	53	27	9	49	4	0	21	0	3	0	0	0	1	0	0	0	3	0	0	0	8	0	13	0	4	0	0	0	23	0	64	46	77	9	49	90
111	96	72	73	34	81	39	57	8	68	73	34	61	78	34	16	182	191	34	113	66	33	54	8	35	57	8	41	72	8	16	105	166	8	76	56	73	34	29	27	21	0	19	20	0	0	57	78	34	16	156	191	34	113	54	28	54	8	29	54	8	30	72	8	16	88	162	8	54	27	57	8	13	27	0	0	10	18	0	0	37	72	8	16	88	166	8	76	40	37	34	12	0	21	0	10	19	0	0	22	27	21	0	19	20	0	0	40	78	34	16	121	143	34	113	44	24	53	8	25	54	8	29	72	8	16	81	162	8	54	23	54	8	13	27	0	0	10	18	0	0	28	72	8	16	76	162	8	54	20	27	8	7	0	0	0	7	18	0	0	11	27	0	0	10	18	0	0	30	72	8	16	68	126	8	76	30	17	34	6	8	21	0	3	9	0	0	4	0	21	0	4	9	0	0	14	27	21	0	8	0	0	0	34	18	34	16	87	53	34	113
124	106	87	120	39	89	47	92	0	79	103	39	74	140	39	0	208	296	78	233	73	36	85	0	41	76	0	45	126	0	0	119	222	0	179	63	87	39	27	81	36	0	15	63	0	0	63	124	39	0	170	264	78	233	59	29	81	0	30	71	0	28	121	0	0	91	212	0	110	29	62	0	9	72	0	0	7	50	0	0	34	112	0	0	90	194	0	179	45	59	39	8	43	21	0	8	43	0	0	20	53	36	0	15	63	0	0	45	96	39	0	135	208	78	233	48	25	78	0	26	70	0	27	120	0	0	84	210	0	108	23	60	0	9	70	0	0	7	50	0	0	25	110	0	0	75	190	0	110	21	40	0	3	40	0	0	5	40	0	0	9	50	0	0	7	50	0	0	29	90	0	0	70	150	0	179	36	26	39	4	26	21	0	3	10	0	0	3	10	21	0	4	10	0	0	15	20	36	0	7	8	0	0	39	30	39	0	102	98	78	233
82	72	47	32	10	62	26	16	0	44	32	10	28	8	10	0	111	80	30	65	53	25	16	0	25	16	0	24	8	0	0	71	48	0	46	33	23	10	10	0	0	0	9	0	0	0	27	8	10	0	87	62	30	65	45	25	16	0	24	16	0	24	8	0	0	68	48	0	44	18	8	0	10	0	0	0	7	0	0	0	23	8	0	0	56	32	0	46	24	15	10	4	0	0	0	6	0	0	0	8	0	0	0	9	0	0	0	21	0	10	0	67	30	30	65	37	25	16	0	24	16	0	24	8	0	0	68	48	0	44	17	8	0	10	0	0	0	7	0	0	0	23	8	0	0	53	32	0	44	9	0	0	4	0	0	0	6	0	0	0	8	0	0	0	7	0	0	0	17	0	0	0	36	0	0	46	18	15	10	4	0	0	0	2	0	0	0	1	0	0	0	2	0	0	0	5	0	0	0	2	0	0	0	9	0	10	0	44	30	30	65
157	138	53	51	135	119	30	34	83	49	51	135	31	17	26	115	127	120	135	206	101	29	34	68	28	34	83	26	17	13	53	78	102	83	53	35	33	135	10	0	0	46	7	0	0	65	28	17	26	115	93	84	135	206	84	29	34	68	27	34	68	26	17	10	53	78	102	68	53	18	17	83	10	0	0	46	7	0	0	46	23	17	13	53	53	68	83	53	26	16	135	4	0	0	0	6	0	0	0	8	0	0	46	7	0	0	65	22	0	26	115	73	16	135	206	67	27	34	68	27	34	68	26	17	10	53	78	102	68	53	17	17	68	10	0	0	46	7	0	0	44	23	17	10	53	53	68	68	53	9	0	83	4	0	0	0	6	0	0	0	8	0	0	46	7	0	0	46	17	0	13	53	33	0	83	53	20	16	135	1	0	16	0	2	0	0	0	1	0	0	0	2	0	0	0	5	0	0	46	0	0	0	65	10	0	26	115	50	16	135	206
158	140	52	56	125	122	21	0	106	47	56	125	21	0	107	86	97	154	500	74	104	17	0	81	16	0	106	7	0	83	29	43	0	424	18	38	56	125	3	0	30	30	6	0	0	143	16	0	107	86	72	154	500	74	86	17	0	81	12	0	81	7	0	44	29	38	0	324	18	7	0	106	3	0	21	30	3	0	0	126	2	0	83	29	18	0	424	18	36	56	125	3	0	0	0	3	0	0	0	3	0	30	30	6	0	0	143	14	0	107	86	64	154	500	74	68	16	0	81	12	0	81	7	0	44	29	38	0	324	18	3	0	81	0	0	0	30	0	0	0	66	2	0	44	29	13	0	324	18	5	0	106	0	0	0	0	2	0	0	0	3	0	21	30	3	0	0	126	0	0	83	29	10	0	424	18	36	56	125	1	0	10	0	1	0	0	0	3	0	0	0	3	0	0	0	3	0	30	30	6	0	0	143	14	0	107	86	64	154	500	74
87	77	31	21	21	67	12	0	16	30	21	21	9	0	8	0	60	42	63	10	57	11	0	16	11	0	16	4	0	8	0	29	0	48	0	22	21	21	0	0	0	0	0	0	0	0	7	0	8	0	39	42	63	10	47	11	0	16	10	0	16	4	0	8	0	29	0	48	0	3	0	16	0	0	0	0	0	0	0	0	2	0	8	0	8	0	48	0	20	21	21	0	0	0	0	0	0	0	0	0	0	0	0	0	0	0	0	5	0	8	0	31	42	63	10	37	11	0	16	10	0	16	4	0	8	0	29	0	48	0	2	0	16	0	0	0	0	0	0	0	0	2	0	8	0	8	0	48	0	1	0	16	0	0	0	0	0	0	0	0	0	0	0	0	0	0	0	0	0	0	8	0	0	0	48	0	20	21	21	0	0	0	0	0	0	0	0	0	0	0	0	0	0	0	0	0	0	0	0	0	0	0	0	5	0	8	0	31	42	63	10
115	99	59	88	29	84	25	46	7	48	73	29	26	61	41	21	96	176	145	113	71	22	39	0	20	33	7	17	26	21	0	58	78	35	18	40	47	29	10	0	30	0	11	0	29	23	22	35	41	21	75	98	145	113	58	22	39	0	17	26	0	17	26	0	0	53	78	0	18	12	7	7	10	0	21	0	8	0	7	23	13	0	21	0	37	0	35	18	36	47	29	7	0	0	0	7	0	0	0	8	0	30	0	11	0	29	23	18	35	41	21	63	98	145	113	45	20	39	0	17	26	0	17	26	0	0	53	78	0	18	9	0	0	7	0	0	0	5	0	0	10	13	0	0	0	32	0	0	18	8	7	7	4	0	0	0	6	0	0	0	8	0	21	0	8	0	7	23	9	0	21	0	25	0	35	18	33	47	29	2	0	18	0	2	0	0	0	4	0	0	0	4	0	0	0	5	0	30	0	6	0	29	23	12	35	41	21	53	98	145	113
76	65	35	36	16	54	11	24	0	27	36	16	10	0	11	0	63	74	32	84	46	10	24	0	10	24	0	5	0	0	0	28	56	0	18	21	12	16	0	0	0	0	0	0	0	0	8	0	11	0	47	18	32	84	38	10	24	0	9	24	0	5	0	0	0	28	56	0	18	4	0	0	0	0	0	0	0	0	0	0	3	0	0	0	12	0	0	18	18	12	16	0	0	0	0	0	0	0	0	0	0	0	0	0	0	0	0	5	0	11	0	35	18	32	84	30	10	24	0	9	24	0	5	0	0	0	28	56	0	18	3	0	0	0	0	0	0	0	0	0	0	3	0	0	0	12	0	0	18	1	0	0	0	0	0	0	0	0	0	0	0	0	0	0	0	0	0	0	0	0	0	0	0	0	0	18	18	12	16	0	0	0	0	0	0	0	0	0	0	0	0	0	0	0	0	0	0	0	0	0	0	0	0	5	0	11	0	35	18	32	84
141	123	32	45	146	105	12	0	108	27	45	146	6	0	96	124	38	0	438	175	87	12	0	90	7	0	108	6	0	83	68	25	0	324	129	22	45	146	3	0	0	77	7	0	0	74	1	0	96	124	22	0	438	175	69	11	0	61	7	0	90	6	0	74	33	25	0	270	97	2	0	108	0	0	0	20	0	0	0	18	1	0	83	68	9	0	324	129	21	45	146	0	0	12	69	3	0	0	143	3	0	0	77	7	0	0	74	0	0	96	124	18	0	438	175	51	11	0	61	6	0	61	6	0	41	33	20	0	183	97	2	0	90	0	0	0	20	0	0	0	18	1	0	74	33	9	0	270	97	1	0	108	0	0	10	69	1	0	0	126	0	0	0	20	0	0	0	18	0	0	83	68	5	0	324	129	21	45	146	1	0	0	0	1	0	0	0	0	0	12	69	3	0	0	143	3	0	0	77	7	0	0	74	0	0	96	124	18	0	438	175
110	96	26	24	81	82	11	0	44	22	24	81	5	0	30	29	26	0	162	191	68	11	0	44	7	0	44	5	0	23	29	21	0	88	129	15	24	81	0	0	0	0	3	0	0	0	0	0	30	29	5	0	162	191	54	11	0	44	7	0	44	5	0	23	29	21	0	88	97	0	0	44	0	0	0	0	0	0	0	0	0	0	23	29	0	0	88	129	15	24	81	0	0	0	0	1	0	0	0	0	0	0	0	3	0	0	0	0	0	30	29	5	0	162	191	40	11	0	44	7	0	44	5	0	23	29	21	0	88	97	0	0	44	0	0	0	0	0	0	0	0	0	0	23	29	0	0	88	97	0	0	44	0	0	0	0	0	0	0	0	0	0	0	0	0	0	0	0	0	0	23	29	0	0	88	129	15	24	81	0	0	0	0	0	0	0	0	0	0	0	0	1	0	0	0	0	0	0	0	3	0	0	0	0	0	30	29	5	0	162	191
104	87	39	95	43	73	13	52	20	30	53	43	11	39	83	20	55	92	215	154	60	10	52	17	8	13	20	4	39	70	14	30	52	100	113	27	40	43	5	0	0	21	7	24	0	0	9	0	83	20	45	40	215	154	47	8	52	7	5	13	17	2	39	61	0	16	52	85	81	5	0	20	0	0	0	0	3	0	0	0	2	0	70	14	20	0	100	113	27	40	43	3	0	12	21	6	8	0	23	5	0	0	21	7	24	0	0	9	0	83	20	45	40	215	154	34	8	52	7	3	13	7	2	39	28	0	10	52	35	81	2	0	17	0	0	0	0	3	0	0	0	0	0	61	0	6	0	85	81	5	0	20	3	0	10	21	5	0	0	23	0	0	0	0	3	0	0	0	2	0	70	14	20	0	100	113	26	40	43	7	0	0	0	3	0	0	0	0	0	12	21	4	8	0	23	5	0	0	21	4	24	0	0	9	0	83	20	44	40	215	154
89	77	35	21	62	65	14	11	10	26	21	62	6	0	43	20	38	44	62	326	54	14	11	7	9	11	10	6	0	30	14	28	44	10	212	19	10	62	3	0	0	21	6	0	0	0	1	0	43	20	19	0	62	326	43	13	11	0	9	11	7	6	0	21	0	28	44	7	165	2	0	10	0	0	0	0	0	0	0	0	1	0	30	14	9	0	10	212	18	10	62	0	0	12	0	3	0	0	23	3	0	0	21	6	0	0	0	0	0	43	20	15	0	62	326	32	13	11	0	8	11	0	6	0	0	0	23	44	0	165	2	0	7	0	0	0	0	0	0	0	0	1	0	21	0	9	0	7	165	1	0	10	0	0	10	0	1	0	0	23	0	0	0	0	0	0	0	0	0	0	30	14	5	0	10	212	18	10	62	1	0	0	0	1	0	0	0	0	0	12	0	3	0	0	23	3	0	0	21	6	0	0	0	0	0	43	20	15	0	62	326
61	53	20	15	7	45	8	0	0	16	15	7	5	0	7	0	19	0	21	29	37	8	0	0	4	0	0	5	0	0	0	14	0	0	7	12	15	7	0	0	0	0	3	0	0	0	0	0	7	0	5	0	21	29	29	8	0	0	4	0	0	5	0	0	0	14	0	0	0	0	0	0	0	0	0	0	0	0	0	0	0	0	0	0	0	0	0	7	12	15	7	0	0	0	0	1	0	0	0	0	0	0	0	3	0	0	0	0	0	7	0	5	0	21	29	21	8	0	0	4	0	0	5	0	0	0	14	0	0	0	0	0	0	0	0	0	0	0	0	0	0	0	0	0	0	0	0	0	0	0	0	0	0	0	0	0	0	0	0	0	0	0	0	0	0	0	0	0	0	0	0	0	0	0	0	7	12	15	7	0	0	0	0	0	0	0	0	0	0	0	0	1	0	0	0	0	0	0	0	3	0	0	0	0	0	7	0	5	0	21	29
77	66	5	0	96	55	5	0	41	2	0	96	3	0	0	56	8	0	0	339	44	5	0	41	2	0	41	3	0	0	56	8	0	0	182	0	0	96	0	0	0	0	0	0	0	0	0	0	0	56	0	0	0	339	33	5	0	41	2	0	41	3	0	0	56	8	0	0	158	0	0	41	0	0	0	0	0	0	0	0	0	0	0	56	0	0	0	182	0	0	96	0	0	0	0	0	0	0	0	0	0	0	0	0	0	0	0	0	0	0	56	0	0	0	339	22	5	0	38	2	0	41	3	0	0	50	8	0	0	112	0	0	41	0	0	0	0	0	0	0	0	0	0	0	56	0	0	0	158	0	0	41	0	0	0	0	0	0	0	0	0	0	0	0	0	0	0	0	0	0	0	56	0	0	0	182	0	0	96	0	0	0	21	0	0	0	0	0	0	0	0	0	0	0	0	0	0	0	0	0	0	0	0	0	0	0	56	0	0	0	339
63	54	9	0	61	45	5	0	19	6	0	61	6	0	9	20	23	0	0	277	36	4	0	19	2	0	19	3	0	9	20	9	0	0	172	5	0	61	0	0	0	0	0	0	0	0	3	0	9	20	19	0	0	277	27	4	0	19	1	0	19	3	0	9	20	4	0	0	151	1	0	19	0	0	0	0	0	0	0	0	0	0	9	20	5	0	0	172	5	0	61	0	0	0	0	1	0	0	0	0	0	0	0	0	0	0	0	3	0	9	20	19	0	0	277	18	4	0	13	1	0	19	3	0	9	14	4	0	0	112	0	0	19	0	0	0	0	0	0	0	0	0	0	9	20	0	0	0	151	1	0	19	0	0	0	0	1	0	0	0	0	0	0	0	0	0	0	0	0	0	9	20	5	0	0	172	5	0	61	0	0	0	39	1	0	0	0	0	0	0	0	1	0	0	0	0	0	0	0	0	0	0	0	3	0	9	20	19	0	0	277
77	66	22	0	76	55	16	0	38	14	0	76	14	0	9	91	50	0	0	196	44	12	0	29	8	0	38	7	0	9	50	30	0	0	128	11	0	76	2	0	15	20	3	0	0	29	9	0	9	91	40	0	0	196	33	11	0	26	4	0	29	5	0	9	41	11	0	0	107	5	0	38	0	0	12	14	3	0	0	7	2	0	9	50	20	0	0	128	11	0	76	3	0	0	21	5	0	0	0	2	0	15	20	3	0	0	29	9	0	9	91	40	0	0	196	22	11	0	13	3	0	26	5	0	9	14	10	0	0	68	1	0	29	0	0	10	0	3	0	0	0	0	0	9	41	1	0	0	107	5	0	38	3	0	0	0	5	0	0	0	0	0	12	14	3	0	0	7	2	0	9	50	20	0	0	128	10	0	76	7	0	0	39	3	0	0	23	0	0	0	21	3	0	0	0	2	0	15	20	0	0	0	29	9	0	9	91	39	0	0	196
86	73	39	39	72	60	16	9	59	30	39	72	11	27	67	56	100	159	216	43	47	12	0	57	7	9	59	6	0	67	50	26	45	177	20	28	39	72	7	0	28	20	13	0	72	0	7	27	67	56	94	159	216	43	34	10	0	53	3	0	57	4	0	67	41	7	0	171	17	5	9	59	0	0	25	14	3	0	59	0	2	0	67	50	20	45	177	20	28	39	72	8	0	0	33	11	12	0	0	7	0	28	20	13	0	72	0	7	27	67	56	94	159	216	43	21	9	0	25	1	0	53	3	0	66	14	4	0	159	7	1	0	57	0	0	23	0	3	0	57	0	0	0	67	41	1	0	171	17	5	9	59	3	0	0	0	5	9	0	0	0	0	25	14	3	0	59	0	2	0	67	50	20	45	177	20	22	39	72	10	0	0	75	6	12	0	96	0	0	0	33	6	12	0	0	2	0	28	20	4	0	72	0	7	27	67	56	77	159	216	43
64	51	35	63	32	41	15	47	21	27	33	32	16	34	9	36	88	102	64	43	31	10	35	19	7	17	21	10	10	9	30	24	52	42	20	22	33	32	7	10	15	20	13	27	64	0	6	34	9	36	74	102	64	43	21	7	27	16	2	5	19	4	0	9	21	6	5	38	17	2	17	21	0	0	12	14	0	21	42	0	0	10	9	30	10	52	42	20	21	33	32	5	27	0	21	10	25	32	0	5	10	15	20	13	27	64	0	3	34	9	36	74	102	64	43	12	6	21	6	1	0	16	3	0	9	0	4	0	32	7	0	5	19	0	0	10	0	0	15	38	0	0	0	9	21	0	5	38	17	2	17	21	0	21	0	0	2	19	21	0	0	0	12	14	0	21	42	0	0	10	9	30	10	52	42	20	12	24	32	4	42	0	18	4	7	0	23	0	0	0	21	4	7	32	0	0	10	15	20	2	0	64	0	3	34	9	36	46	93	64	43
69	57	40	27	68	45	10	0	48	35	27	68	12	0	66	64	105	99	204	104	33	6	0	48	5	0	48	1	0	46	64	11	0	144	80	34	27	68	5	0	16	0	18	9	0	0	11	0	66	64	103	99	204	104	21	5	0	48	1	0	48	1	0	46	64	2	0	144	76	4	0	48	0	0	11	0	3	0	0	0	0	0	46	64	9	0	144	80	33	27	68	8	0	0	0	14	9	0	0	5	0	16	0	18	9	0	0	11	0	66	64	103	99	204	104	9	4	0	43	0	0	48	0	0	46	63	0	0	144	69	0	0	48	0	0	11	0	0	0	0	0	0	0	46	64	0	0	144	76	3	0	48	3	0	0	0	2	0	0	0	0	0	11	0	3	0	0	0	0	0	46	64	9	0	144	80	19	27	68	9	0	0	40	6	9	0	0	0	0	0	0	6	9	0	0	0	0	16	0	4	9	0	0	9	0	66	64	60	99	204	104
85	70	37	50	61	55	7	0	51	35	50	61	10	0	48	15	98	120	305	72	40	3	0	51	5	0	51	1	0	39	15	14	0	255	59	34	50	61	5	0	22	0	16	10	0	0	9	0	48	15	96	120	305	72	25	2	0	51	1	0	51	1	0	39	15	2	0	255	57	4	0	51	0	0	22	0	0	0	0	0	0	0	39	15	12	0	255	59	33	50	61	5	0	0	0	10	10	0	0	5	0	22	0	16	10	0	0	9	0	48	15	96	120	305	72	10	1	0	47	0	0	51	0	0	39	15	0	0	255	53	0	0	51	0	0	22	0	0	0	0	0	0	0	39	15	0	0	255	57	3	0	51	0	0	0	0	0	0	0	0	0	0	22	0	0	0	0	0	0	0	39	15	12	0	255	59	18	50	61	3	0	0	28	4	10	0	0	0	0	0	0	4	10	0	0	0	0	22	0	5	10	0	0	7	0	48	15	48	120	305	72
72	59	29	44	52	46	3	8	51	29	44	52	5	32	39	15	70	104	208	0	33	0	0	51	3	8	51	0	0	39	15	8	32	204	0	29	44	52	0	0	22	0	9	8	52	0	5	32	39	15	70	104	208	0	20	0	0	51	0	0	51	0	0	39	15	0	0	204	0	3	8	51	0	0	22	0	0	0	51	0	0	0	39	15	8	32	204	0	24	44	52	0	0	0	0	6	0	0	0	0	0	22	0	9	8	52	0	5	32	39	15	65	104	208	0	8	0	0	47	0	0	51	0	0	39	15	0	0	204	0	0	0	51	0	0	22	0	0	0	51	0	0	0	39	15	0	0	204	0	2	8	51	0	0	0	0	0	0	0	0	0	0	22	0	0	0	51	0	0	0	39	15	8	32	204	0	15	32	52	0	0	0	28	3	0	0	0	0	0	0	0	3	0	0	0	0	0	22	0	4	8	52	0	3	32	39	15	37	56	208	0
57	47	16	21	47	37	3	0	47	16	21	47	6	0	6	0	35	21	141	0	27	0	0	47	3	0	47	0	0	6	0	8	0	141	0	16	21	47	0	0	11	0	2	7	0	0	6	0	6	0	35	21	141	0	17	0	0	47	0	0	47	0	0	6	0	0	0	141	0	3	0	47	0	0	11	0	0	0	0	0	0	0	6	0	8	0	141	0	15	21	47	0	0	0	0	1	0	0	0	0	0	11	0	2	7	0	0	6	0	6	0	35	21	141	0	7	0	0	47	0	0	47	0	0	6	0	0	0	141	0	0	0	47	0	0	11	0	0	0	0	0	0	0	6	0	0	0	141	0	2	0	47	0	0	0	0	0	0	0	0	0	0	11	0	0	0	0	0	0	0	6	0	8	0	141	0	10	21	47	0	0	0	0	1	0	0	0	0	0	0	0	1	0	0	0	0	0	11	0	2	7	0	0	4	0	6	0	19	21	141	0
40	32	29	19	14	25	7	7	0	25	12	14	5	0	19	0	74	44	42	104	18	5	7	0	3	0	0	1	0	0	0	3	0	0	80	24	12	14	5	0	5	0	16	4	0	0	4	0	19	0	72	44	42	104	11	4	7	0	1	0	0	1	0	0	0	2	0	0	76	2	0	0	0	0	0	0	3	0	0	0	0	0	0	0	1	0	0	80	23	12	14	8	0	0	0	12	4	0	0	5	0	5	0	16	4	0	0	4	0	19	0	72	44	42	104	4	3	4	0	0	0	0	0	0	0	0	0	0	0	69	0	0	0	0	0	0	0	0	0	0	0	0	0	0	0	0	0	0	76	1	0	0	3	0	0	0	2	0	0	0	0	0	0	0	3	0	0	0	0	0	0	0	1	0	0	80	11	12	14	6	12	0	0	4	4	0	0	0	0	0	0	4	4	0	0	0	0	5	0	2	4	0	0	2	0	19	0	37	44	42	104
30	24	5	0	34	18	1	0	6	5	0	34	2	0	8	18	12	0	0	160	12	0	0	6	1	0	6	0	0	0	18	0	0	0	149	5	0	34	0	0	0	0	0	0	0	0	2	0	8	18	12	0	0	160	6	0	0	6	0	0	6	0	0	0	18	0	0	0	149	1	0	6	0	0	0	0	0	0	0	0	0	0	0	18	0	0	0	149	4	0	34	0	0	0	0	0	0	0	0	0	0	0	0	0	0	0	0	2	0	8	18	12	0	0	160	0	0	0	6	0	0	6	0	0	0	18	0	0	0	149	0	0	6	0	0	0	0	0	0	0	0	0	0	0	18	0	0	0	149	0	0	6	0	0	0	0	0	0	0	0	0	0	0	0	0	0	0	0	0	0	0	18	0	0	0	149	0	0	34	0	0	0	0	0	0	0	0	0	0	0	0	0	0	0	0	0	0	0	0	0	0	0	0	0	0	8	18	0	0	0	160
83	64	53	95	108	46	22	34	76	42	77	108	42	17	69	84	88	226	540	143	29	10	29	58	13	17	76	11	17	64	46	26	34	380	99	35	60	108	12	60	47	58	15	72	0	104	33	0	69	84	70	192	540	143	12	6	12	55	1	12	58	1	12	59	46	2	24	290	99	6	0	76	2	0	47	49	0	0	0	80	2	0	64	46	8	0	380	99	13	60	108	6	60	10	36	9	36	108	0	3	60	47	58	15	72	0	104	14	0	69	84	42	192	540	143	0	0	0	50	0	0	55	0	0	59	46	0	0	275	99	0	0	58	0	0	47	43	0	0	0	76	0	0	59	46	0	0	290	99	0	0	76	0	0	10	30	0	0	76	0	0	0	47	49	0	0	0	80	0	0	64	46	0	0	380	99	0	0	108	0	0	53	44	0	0	108	0	0	0	10	36	0	0	108	0	0	0	47	58	0	0	0	104	0	0	69	84	0	0	540	143
61	48	21	32	52	35	3	10	11	19	32	52	1	20	22	33	45	60	104	242	22	3	0	11	1	10	11	1	0	11	33	2	0	22	197	18	32	52	5	0	0	0	11	0	52	0	0	20	22	33	43	60	104	242	10	2	0	11	1	0	11	1	0	11	33	2	0	22	197	0	10	11	0	0	0	0	0	0	11	0	0	0	11	33	0	0	22	197	12	20	52	5	0	0	0	6	0	0	0	5	0	0	0	11	0	52	0	0	20	22	33	38	60	104	242	0	0	0	11	0	0	11	0	0	11	33	0	0	22	197	0	0	11	0	0	0	0	0	0	11	0	0	0	11	33	0	0	22	197	0	0	11	0	0	0	0	0	0	0	0	0	0	0	0	0	0	11	0	0	0	11	33	0	0	22	197	0	0	52	0	0	4	0	0	0	0	0	0	0	0	0	0	0	0	0	0	0	0	0	0	0	52	0	0	0	22	33	0	0	104	242
61	48	38	36	52	35	15	0	16	30	36	52	24	0	29	43	63	108	208	195	22	9	0	11	7	0	16	9	0	16	33	15	0	64	150	24	36	52	12	0	0	0	9	45	0	32	15	0	29	43	48	108	208	195	9	5	0	11	1	0	11	1	0	11	33	2	0	44	150	1	0	16	0	0	0	0	0	0	0	21	0	0	16	33	0	0	64	150	11	36	52	8	0	0	0	5	27	0	0	5	0	0	0	9	45	0	32	2	0	29	43	33	108	208	195	0	0	0	11	0	0	11	0	0	11	33	0	0	44	150	0	0	11	0	0	0	0	0	0	0	19	0	0	11	33	0	0	44	150	0	0	16	0	0	0	0	0	0	0	0	0	0	0	0	0	0	0	21	0	0	16	33	0	0	64	150	0	0	52	0	0	25	0	0	0	0	0	0	0	0	0	0	0	0	0	0	0	0	0	0	0	0	32	0	0	29	43	0	0	208	195
34	27	10	6	25	20	1	0	0	10	6	25	2	0	8	0	22	12	25	160	13	0	0	0	1	0	0	0	0	0	0	0	0	0	149	10	6	25	0	0	0	0	5	0	0	0	2	0	8	0	22	12	25	160	6	0	0	0	0	0	0	0	0	0	0	0	0	0	149	1	0	0	0	0	0	0	0	0	0	0	0	0	0	0	0	0	0	149	7	6	25	0	0	0	0	3	0	0	0	0	0	0	0	5	0	0	0	2	0	8	0	22	12	25	160	0	0	0	0	0	0	0	0	0	0	0	0	0	0	149	0	0	0	0	0	0	0	0	0	0	0	0	0	0	0	0	0	0	149	0	0	0	0	0	0	0	0	0	0	0	0	0	0	0	0	0	0	0	0	0	0	0	0	0	0	149	0	0	25	0	0	0	0	0	0	0	0	0	0	0	0	0	0	0	0	0	0	0	0	0	0	0	0	0	0	8	0	0	0	25	160
64	47	36	52	111	30	13	0	71	31	52	111	29	0	62	93	53	65	444	212	13	5	0	57	8	0	71	10	0	47	52	20	0	284	103	18	52	111	9	0	23	66	0	0	0	52	19	0	62	93	23	65	444	212	0	0	0	57	0	0	57	0	0	47	52	0	0	228	80	0	0	71	0	0	10	66	0	0	0	51	0	0	47	52	0	0	284	103	0	0	111	0	0	23	0	0	0	0	0	0	0	23	66	0	0	0	52	0	0	62	93	0	0	444	212	0	0	0	57	0	0	57	0	0	47	52	0	0	228	77	0	0	57	0	0	10	66	0	0	0	51	0	0	47	52	0	0	228	80	0	0	71	0	0	10	0	0	0	0	0	0	0	10	66	0	0	0	51	0	0	47	52	0	0	284	103	0	0	0	0	0	0	0	0	0	0	0	0	0	0	0	0	0	0	0	0	0	0	66	0	0	0	52	0	0	0	93	0	0	0	212
43	29	36	59	41	17	11	42	17	22	35	41	20	78	22	24	36	72	41	160	8	6	16	15	5	24	17	4	48	20	20	12	64	17	92	17	8	41	7	16	23	10	0	0	123	0	16	24	22	24	24	0	41	160	0	0	0	10	0	0	15	0	0	20	10	0	0	15	69	0	0	17	0	0	10	0	0	0	51	0	0	0	20	20	0	0	17	92	0	0	41	0	0	50	0	0	0	82	32	0	0	23	10	0	0	123	0	0	0	22	24	0	0	41	160	0	0	0	10	0	0	10	0	0	20	10	0	0	10	66	0	0	15	0	0	10	0	0	0	45	0	0	0	20	10	0	0	15	69	0	0	17	0	0	31	0	0	0	34	21	0	0	10	0	0	0	51	0	0	0	20	20	0	0	17	92	0	0	0	0	0	0	0	0	0	0	0	0	0	0	0	0	0	0	32	0	0	0	10	0	0	0	0	0	0	0	24	0	0	0	160
52	36	41	81	42	21	10	29	19	32	66	42	17	106	52	19	56	145	210	160	8	4	8	19	6	16	19	8	16	47	19	15	40	95	92	16	40	42	4	40	23	0	0	0	84	0	9	80	52	19	18	80	210	160	0	0	0	19	0	0	19	0	0	47	19	0	0	95	69	0	0	19	0	0	10	0	0	0	38	0	0	0	47	19	0	0	95	92	0	0	42	0	0	23	0	0	0	42	0	0	0	23	0	0	0	84	0	0	0	52	19	0	0	210	160	0	0	0	19	0	0	19	0	0	47	19	0	0	95	66	0	0	19	0	0	10	0	0	0	38	0	0	0	47	19	0	0	95	69	0	0	19	0	0	10	0	0	0	19	0	0	0	10	0	0	0	38	0	0	0	47	19	0	0	95	92	0	0	0	0	0	0	0	0	0	0	0	0	0	0	0	0	0	0	0	0	0	0	0	0	0	0	0	0	0	0	19	0	0	0	160
38	28	26	16	37	18	11	0	0	22	16	37	26	0	10	0	38	0	74	237	8	4	0	0	7	0	0	9	0	0	0	18	0	0	103	15	16	37	7	0	12	0	0	0	0	0	17	0	10	0	20	0	74	237	0	0	0	0	0	0	0	0	0	0	0	0	0	0	80	0	0	0	0	0	0	0	0	0	0	0	0	0	0	0	0	0	0	103	0	0	37	0	0	12	0	0	0	0	0	0	0	12	0	0	0	0	0	0	0	10	0	0	0	74	237	0	0	0	0	0	0	0	0	0	0	0	0	0	0	77	0	0	0	0	0	0	0	0	0	0	0	0	0	0	0	0	0	0	80	0	0	0	0	0	0	0	0	0	0	0	0	0	0	0	0	0	0	0	0	0	0	0	0	0	0	103	0	0	0	0	0	0	0	0	0	0	0	0	0	0	0	0	0	0	0	0	0	0	0	0	0	0	0	0	0	0	0	0	0	0	237
34	24	30	29	12	14	10	5	0	23	29	12	22	20	0	0	40	52	48	108	5	4	0	0	6	5	0	9	0	0	0	15	15	0	76	12	20	12	7	0	12	0	0	0	12	0	13	20	0	0	15	25	48	108	0	0	0	0	0	0	0	0	0	0	0	0	0	0	58	0	0	0	0	0	0	0	0	0	0	0	0	0	0	0	0	0	0	76	0	0	12	0	0	12	0	0	0	0	0	0	0	12	0	0	0	12	0	0	0	0	0	0	0	48	108	0	0	0	0	0	0	0	0	0	0	0	0	0	0	55	0	0	0	0	0	0	0	0	0	0	0	0	0	0	0	0	0	0	58	0	0	0	0	0	0	0	0	0	0	0	0	0	0	0	0	0	0	0	0	0	0	0	0	0	0	76	0	0	0	0	0	0	0	0	0	0	0	0	0	0	0	0	0	0	0	0	0	0	0	0	0	0	0	0	0	0	0	0	0	0	108
47	30	25	52	103	13	2	0	72	14	52	103	3	0	86	53	32	117	412	165	0	0	0	70	0	0	72	0	0	62	48	0	0	288	90	0	0	103	0	0	22	19	0	0	0	0	0	0	86	53	0	0	412	165	0	0	0	70	0	0	70	0	0	61	48	0	0	280	76	0	0	72	0	0	11	19	0	0	0	0	0	0	62	48	0	0	288	90	0	0	0	0	0	0	0	0	0	0	0	0	0	0	19	0	0	0	0	0	0	0	53	0	0	0	165	0	0	0	70	0	0	70	0	0	61	48	0	0	280	76	0	0	70	0	0	10	19	0	0	0	0	0	0	61	48	0	0	280	76	0	0	0	0	0	0	0	0	0	0	0	0	0	0	19	0	0	0	0	0	0	0	48	0	0	0	90	0	0	0	0	0	0	0	0	0	0	0	0	0	0	0	0	0	0	0	0	0	0	19	0	0	0	0	0	0	0	0	0	0	0	0
30	20	12	0	70	10	2	0	31	10	0	70	3	0	45	53	22	0	0	202	0	0	0	29	0	0	31	0	0	21	48	0	0	0	90	0	0	70	0	0	22	19	0	0	0	0	0	0	45	53	0	0	0	202	0	0	0	29	0	0	29	0	0	20	48	0	0	0	76	0	0	31	0	0	11	19	0	0	0	0	0	0	21	48	0	0	0	90	0	0	0	0	0	0	0	0	0	0	0	0	0	0	19	0	0	0	0	0	0	0	53	0	0	0	202	0	0	0	29	0	0	29	0	0	20	48	0	0	0	76	0	0	29	0	0	10	19	0	0	0	0	0	0	20	48	0	0	0	76	0	0	0	0	0	0	0	0	0	0	0	0	0	0	19	0	0	0	0	0	0	0	48	0	0	0	90	0	0	0	0	0	0	0	0	0	0	0	0	0	0	0	0	0	0	0	0	0	0	19	0	0	0	0	0	0	0	0	0	0	0	0
30	20	14	0	66	10	3	0	20	11	0	66	8	0	45	40	26	0	0	243	0	0	0	9	0	0	20	0	0	0	18	0	0	0	107	0	0	66	0	0	24	9	0	0	0	52	0	0	45	40	0	0	0	243	0	0	0	9	0	0	9	0	0	0	18	0	0	0	91	0	0	20	0	0	0	9	0	0	0	11	0	0	0	18	0	0	0	107	0	0	0	0	0	0	0	0	0	0	0	0	0	0	9	0	0	0	52	0	0	0	40	0	0	0	243	0	0	0	9	0	0	9	0	0	0	18	0	0	0	86	0	0	9	0	0	0	9	0	0	0	11	0	0	0	18	0	0	0	91	0	0	0	0	0	0	0	0	0	0	0	0	0	0	9	0	0	0	11	0	0	0	18	0	0	0	107	0	0	0	0	0	0	0	0	0	0	0	0	0	0	0	0	0	0	0	0	0	0	9	0	0	0	52	0	0	0	0	0	0	0	0
23	15	14	7	26	7	1	0	0	12	7	26	2	0	21	0	30	7	26	165	0	0	0	0	0	0	0	0	0	0	0	0	0	0	90	0	0	26	0	0	8	0	0	0	0	0	0	0	21	0	0	0	26	165	0	0	0	0	0	0	0	0	0	0	0	0	0	0	76	0	0	0	0	0	0	0	0	0	0	0	0	0	0	0	0	0	0	90	0	0	0	0	0	0	0	0	0	0	0	0	0	0	0	0	0	0	0	0	0	0	0	0	0	0	165	0	0	0	0	0	0	0	0	0	0	0	0	0	0	76	0	0	0	0	0	0	0	0	0	0	0	0	0	0	0	0	0	0	76	0	0	0	0	0	0	0	0	0	0	0	0	0	0	0	0	0	0	0	0	0	0	0	0	0	0	90	0	0	0	0	0	0	0	0	0	0	0	0	0	0	0	0	0	0	0	0	0	0	0	0	0	0	0	0	0	0	0	0	0	0	0
19	11	21	15	8	3	1	0	0	7	15	8	2	0	16	0	15	39	40	42	0	0	0	0	0	0	0	0	0	0	0	0	0	0	19	0	0	8	0	0	8	0	0	0	0	0	0	0	16	0	0	0	40	42	0	0	0	0	0	0	0	0	0	0	0	0	0	0	19	0	0	0	0	0	0	0	0	0	0	0	0	0	0	0	0	0	0	19	0	0	0	0	0	0	0	0	0	0	0	0	0	0	0	0	0	0	0	0	0	0	0	0	0	0	42	0	0	0	0	0	0	0	0	0	0	0	0	0	0	19	0	0	0	0	0	0	0	0	0	0	0	0	0	0	0	0	0	0	19	0	0	0	0	0	0	0	0	0	0	0	0	0	0	0	0	0	0	0	0	0	0	0	0	0	0	19	0	0	0	0	0	0	0	0	0	0	0	0	0	0	0	0	0	0	0	0	0	0	0	0	0	0	0	0	0	0	0	0	0	0	0
34	16	17	32	148	0	0	0	119	0	0	148	0	0	77	137	0	0	296	111	0	0	0	95	0	0	119	0	0	68	83	0	0	238	72	0	0	0	0	0	0	93	0	0	0	83	0	0	0	137	0	0	0	111	0	0	0	82	0	0	95	0	0	36	81	0	0	190	70	0	0	0	0	0	0	30	0	0	0	36	0	0	0	83	0	0	0	72	0	0	0	0	0	0	10	0	0	0	108	0	0	0	93	0	0	0	83	0	0	0	0	0	0	0	0	0	0	0	82	0	0	82	0	0	23	81	0	0	164	70	0	0	0	0	0	0	30	0	0	0	34	0	0	0	81	0	0	0	70	0	0	0	0	0	0	10	0	0	0	76	0	0	0	30	0	0	0	36	0	0	0	0	0	0	0	0	0	0	0	0	0	0	0	0	0	0	0	0	0	0	10	0	0	0	108	0	0	0	0	0	0	0	0	0	0	0	0	0	0	0	0
17	8	12	8	31	0	0	0	8	0	0	31	0	0	0	0	0	0	31	137	0	0	0	8	0	0	8	0	0	0	0	0	0	8	72	0	0	0	0	0	0	0	0	0	0	0	0	0	0	0	0	0	0	137	0	0	0	8	0	0	8	0	0	0	0	0	0	8	70	0	0	0	0	0	0	0	0	0	0	0	0	0	0	0	0	0	0	72	0	0	0	0	0	0	0	0	0	0	0	0	0	0	0	0	0	0	0	0	0	0	0	0	0	0	0	0	0	0	8	0	0	8	0	0	0	0	0	0	8	70	0	0	0	0	0	0	0	0	0	0	0	0	0	0	0	0	0	0	70	0	0	0	0	0	0	0	0	0	0	0	0	0	0	0	0	0	0	0	0	0	0	0	0	0	0	0	0	0	0	0	0	0	0	0	0	0	0	0	0	0	0	0	0	0	0	0	0	0	0	0	0	0	0	0	0	0	0	0	0	0	0
22	9	13	36	48	0	0	0	45	0	0	48	0	0	52	0	0	0	192	8	0	0	0	45	0	0	45	0	0	52	0	0	0	180	0	0	0	0	0	0	0	0	0	0	0	0	0	0	0	0	0	0	0	8	0	0	0	45	0	0	45	0	0	52	0	0	0	180	0	0	0	0	0	0	0	0	0	0	0	0	0	0	0	0	0	0	0	0	0	0	0	0	0	0	0	0	0	0	0	0	0	0	0	0	0	0	0	0	0	0	0	0	0	0	0	0	0	0	45	0	0	45	0	0	52	0	0	0	180	0	0	0	0	0	0	0	0	0	0	0	0	0	0	0	0	0	0	0	0	0	0	0	0	0	0	0	0	0	0	0	0	0	0	0	0	0	0	0	0	0	0	0	0	0	0	0	0	0	0	0	0	0	0	0	0	0	0	0	0	0	0	0	0	0	0	0	0	0	0	0	0	0	0	0	0	0	0	0	0	0	0
21	9	13	27	47	0	0	0	21	0	0	47	0	0	31	68	0	0	141	111	0	0	0	0	0	0	21	0	0	24	0	0	0	63	72	0	0	0	0	0	0	0	0	0	0	95	0	0	0	68	0	0	0	111	0	0	0	0	0	0	0	0	0	0	0	0	0	0	70	0	0	0	0	0	0	0	0	0	0	36	0	0	0	0	0	0	0	72	0	0	0	0	0	0	0	0	0	0	0	0	0	0	0	0	0	0	95	0	0	0	0	0	0	0	0	0	0	0	0	0	0	0	0	0	0	0	0	0	0	70	0	0	0	0	0	0	0	0	0	0	34	0	0	0	0	0	0	0	70	0	0	0	0	0	0	0	0	0	0	0	0	0	0	0	0	0	0	36	0	0	0	0	0	0	0	0	0	0	0	0	0	0	0	0	0	0	0	0	0	0	0	0	0	0	0	0	0	0	0	0	0	0	0	0	0	0	0	0	0	0	0
17	7	12	21	25	0	0	0	8	0	0	25	0	0	18	8	0	0	75	111	0	0	0	0	0	0	8	0	0	16	0	0	0	24	72	0	0	0	0	0	0	0	0	0	0	41	0	0	0	8	0	0	0	111	0	0	0	0	0	0	0	0	0	0	0	0	0	0	70	0	0	0	0	0	0	0	0	0	0	17	0	0	0	0	0	0	0	72	0	0	0	0	0	0	0	0	0	0	0	0	0	0	0	0	0	0	41	0	0	0	0	0	0	0	0	0	0	0	0	0	0	0	0	0	0	0	0	0	0	70	0	0	0	0	0	0	0	0	0	0	15	0	0	0	0	0	0	0	70	0	0	0	0	0	0	0	0	0	0	0	0	0	0	0	0	0	0	17	0	0	0	0	0	0	0	0	0	0	0	0	0	0	0	0	0	0	0	0	0	0	0	0	0	0	0	0	0	0	0	0	0	0	0	0	0	0	0	0	0	0	0
16	0	0	0	169	0	0	0	110	0	0	0	0	0	0	125	0	0	0	299	0	0	0	102	0	0	0	0	0	0	110	0	0	0	201	0	0	0	0	0	0	76	0	0	0	0	0	0	0	0	0	0	0	0	0	0	0	77	0	0	0	0	0	0	62	0	0	0	148	0	0	0	0	0	0	22	0	0	0	0	0	0	0	0	0	0	0	0	0	0	0	0	0	0	102	0	0	0	83	0	0	0	0	0	0	0	0	0	0	0	0	0	0	0	0	0	0	0	61	0	0	0	0	0	0	49	0	0	0	135	0	0	0	0	0	0	20	0	0	0	0	0	0	0	0	0	0	0	0	0	0	0	0	0	0	37	0	0	0	36	0	0	0	0	0	0	0	0	0	0	0	0	0	0	0	0	0	0	0	0	0	0	42	0	0	0	108	0	0	0	0	0	0	0	0	0	0	0	0	0	0	0	0	0	0	0	0	0	0	0	0
7	0	0	0	39	0	0	0	13	0	0	0	0	0	0	13	0	0	0	120	0	0	0	13	0	0	0	0	0	0	13	0	0	0	74	0	0	0	0	0	0	0	0	0	0	0	0	0	0	0	0	0	0	0	0	0	0	13	0	0	0	0	0	0	13	0	0	0	45	0	0	0	0	0	0	0	0	0	0	0	0	0	0	0	0	0	0	0	0	0	0	0	0	0	0	0	0	0	0	0	0	0	0	0	0	0	0	0	0	0	0	0	0	0	0	0	0	0	13	0	0	0	0	0	0	13	0	0	0	45	0	0	0	0	0	0	0	0	0	0	0	0	0	0	0	0	0	0	0	0	0	0	0	0	0	0	0	0	0	0	0	0	0	0	0	0	0	0	0	0	0	0	0	0	0	0	0	0	0	0	0	0	0	0	0	0	0	0	0	0	0	0	0	0	0	0	0	0	0	0	0	0	0	0	0	0	0	0	0	0	0
7	0	0	0	40	0	0	0	30	0	0	0	0	0	0	13	0	0	0	48	0	0	0	30	0	0	0	0	0	0	13	0	0	0	45	0	0	0	0	0	0	0	0	0	0	0	0	0	0	0	0	0	0	0	0	0	0	29	0	0	0	0	0	0	13	0	0	0	45	0	0	0	0	0	0	0	0	0	0	0	0	0	0	0	0	0	0	0	0	0	0	0	0	0	9	0	0	0	0	0	0	0	0	0	0	0	0	0	0	0	0	0	0	0	0	0	0	0	24	0	0	0	0	0	0	13	0	0	0	45	0	0	0	0	0	0	0	0	0	0	0	0	0	0	0	0	0	0	0	0	0	0	0	0	0	7	0	0	0	0	0	0	0	0	0	0	0	0	0	0	0	0	0	0	0	0	0	0	0	0	0	0	26	0	0	0	0	0	0	0	0	0	0	0	0	0	0	0	0	0	0	0	0	0	0	0	0	0	0	0	0
9	0	0	0	63	0	0	0	19	0	0	0	0	0	0	27	0	0	0	268	0	0	0	18	0	0	0	0	0	0	24	0	0	0	193	0	0	0	0	0	0	8	0	0	0	0	0	0	0	0	0	0	0	0	0	0	0	9	0	0	0	0	0	0	0	0	0	0	140	0	0	0	0	0	0	0	0	0	0	0	0	0	0	0	0	0	0	0	0	0	0	0	0	0	9	0	0	0	41	0	0	0	0	0	0	0	0	0	0	0	0	0	0	0	0	0	0	0	7	0	0	0	0	0	0	0	0	0	0	127	0	0	0	0	0	0	0	0	0	0	0	0	0	0	0	0	0	0	0	0	0	0	0	0	0	7	0	0	0	17	0	0	0	0	0	0	0	0	0	0	0	0	0	0	0	0	0	0	0	0	0	0	14	0	0	0	0	0	0	0	0	0	0	0	0	0	0	0	0	0	0	0	0	0	0	0	0	0	0	0	0
