214	207	12	14	0	200	3	12	0	12	14	0	0	8	0	0	26	8	0	0	193	2	12	0	3	12	0	0	8	0	0	6	8	0	0	12	14	0	0	0	0	0	3	5	0	0	0	8	0	0	26	8	0	0	186	2	12	0	2	12	0	0	8	0	0	3	8	0	0	3	12	0	0	0	0	0	2	4	0	0	0	8	0	0	6	8	0	0	12	14	0	0	0	0	0	2	0	0	0	0	0	0	0	3	5	0	0	0	8	0	0	26	8	0	0	179	2	12	0	2	12	0	0	8	0	0	3	8	0	0	2	12	0	0	0	0	0	1	4	0	0	0	8	0	0	3	8	0	0	3	12	0	0	0	0	0	1	0	0	0	0	0	0	0	2	4	0	0	0	8	0	0	6	8	0	0	12	14	0	0	0	0	0	4	0	0	0	0	0	0	0	2	0	0	0	0	0	0	0	3	5	0	0	0	8	0	0	26	8	0	0
159	154	12	4	0	149	5	4	0	12	4	0	2	0	0	0	28	0	0	0	144	4	4	0	5	4	0	2	0	0	0	8	0	0	0	12	4	0	0	0	0	0	2	4	0	0	2	0	0	0	28	0	0	0	139	4	4	0	4	4	0	2	0	0	0	5	0	0	0	5	4	0	0	0	0	0	2	4	0	0	2	0	0	0	8	0	0	0	12	4	0	0	0	0	0	2	0	0	0	0	0	0	0	2	4	0	0	2	0	0	0	28	0	0	0	134	4	4	0	4	4	0	2	0	0	0	5	0	0	0	4	4	0	0	0	0	0	1	4	0	0	2	0	0	0	5	0	0	0	5	4	0	0	0	0	0	1	0	0	0	0	0	0	0	2	4	0	0	2	0	0	0	8	0	0	0	12	4	0	0	0	0	0	4	0	0	0	0	0	0	0	2	0	0	0	0	0	0	0	2	4	0	0	2	0	0	0	28	0	0	0
132	128	12	0	0	124	5	0	0	12	0	0	2	0	0	0	25	0	0	0	120	5	0	0	5	0	0	2	0	0	0	5	0	0	0	12	0	0	0	0	0	0	2	0	0	0	2	0	0	0	25	0	0	0	116	5	0	0	5	0	0	2	0	0	0	5	0	0	0	5	0	0	0	0	0	0	2	0	0	0	2	0	0	0	5	0	0	0	12	0	0	0	0	0	0	1	0	0	0	0	0	0	0	2	0	0	0	2	0	0	0	25	0	0	0	112	5	0	0	5	0	0	2	0	0	0	5	0	0	0	5	0	0	0	0	0	0	2	0	0	0	2	0	0	0	5	0	0	0	5	0	0	0	0	0	0	0	0	0	0	0	0	0	0	2	0	0	0	2	0	0	0	5	0	0	0	12	0	0	0	0	0	0	4	0	0	0	0	0	0	0	1	0	0	0	0	0	0	0	2	0	0	0	2	0	0	0	25	0	0	0
222	215	19	14	0	208	6	6	0	19	14	0	3	0	0	0	41	38	0	0	201	6	6	0	6	6	0	3	0	0	0	7	18	0	0	19	14	0	0	0	0	0	14	0	0	0	3	0	0	0	41	38	0	0	194	6	6	0	6	6	0	3	0	0	0	7	18	0	0	6	6	0	0	0	0	0	5	0	0	0	3	0	0	0	7	18	0	0	19	14	0	0	0	0	0	7	0	0	0	0	0	0	0	14	0	0	0	3	0	0	0	41	38	0	0	187	6	6	0	6	6	0	3	0	0	0	7	18	0	0	6	6	0	0	0	0	0	5	0	0	0	3	0	0	0	7	18	0	0	6	6	0	0	0	0	0	0	0	0	0	0	0	0	0	5	0	0	0	3	0	0	0	7	18	0	0	19	14	0	4	0	0	0	16	0	0	0	0	0	0	0	7	0	0	0	0	0	0	0	14	0	0	0	3	0	0	0	41	38	0	0
292	283	35	20	0	274	18	0	0	35	20	0	10	0	0	0	68	60	0	0	265	18	0	0	18	0	0	10	0	0	0	24	0	0	0	35	20	0	8	0	0	0	31	0	0	0	10	0	0	0	68	60	0	0	256	17	0	0	18	0	0	10	0	0	0	24	0	0	0	18	0	0	3	0	0	0	11	0	0	0	10	0	0	0	24	0	0	0	35	20	0	11	0	0	0	13	4	0	0	8	0	0	0	31	0	0	0	10	0	0	0	68	60	0	0	247	13	0	0	17	0	0	9	0	0	0	22	0	0	0	18	0	0	3	0	0	0	11	0	0	0	10	0	0	0	24	0	0	0	18	0	0	0	0	0	0	1	0	0	0	3	0	0	0	11	0	0	0	10	0	0	0	24	0	0	0	35	20	0	17	0	0	0	29	16	0	0	11	0	0	0	13	4	0	0	8	0	0	0	31	0	0	0	10	0	0	0	68	60	0	0
223	216	41	6	8	209	26	0	0	41	6	8	27	0	0	0	84	6	8	0	202	23	0	0	26	0	0	24	0	0	0	46	0	0	0	41	6	8	30	0	0	0	36	18	0	0	27	0	0	0	84	6	8	0	195	20	0	0	23	0	0	18	0	0	0	37	0	0	0	26	0	0	23	0	0	0	19	0	0	0	24	0	0	0	46	0	0	0	41	6	8	19	0	0	0	12	12	0	0	30	0	0	0	36	18	0	0	27	0	0	0	84	6	8	0	188	11	0	0	20	0	0	7	0	0	0	31	0	0	0	23	0	0	8	0	0	0	19	0	0	0	18	0	0	0	37	0	0	0	26	0	0	3	0	0	0	2	0	0	0	23	0	0	0	19	0	0	0	24	0	0	0	46	0	0	0	41	6	8	20	0	0	0	24	30	0	0	19	0	0	0	12	12	0	0	30	0	0	0	36	18	0	0	27	0	0	0	84	6	8	0
369	357	68	45	8	345	40	20	0	68	45	8	55	10	0	0	131	125	32	0	333	32	20	0	40	20	0	36	10	0	0	78	50	0	0	68	45	8	40	0	0	0	39	60	0	0	55	10	0	0	131	125	32	0	321	28	20	0	32	20	0	28	10	0	0	58	50	0	0	40	20	0	28	0	0	0	22	30	0	0	36	10	0	0	78	50	0	0	68	45	8	22	0	0	0	14	18	0	0	40	0	0	0	39	60	0	0	55	10	0	0	131	125	32	0	309	18	16	0	28	20	0	17	10	0	0	50	50	0	0	32	20	0	13	0	0	0	21	30	0	0	28	10	0	0	58	50	0	0	40	20	0	4	0	0	0	4	0	0	0	28	0	0	0	22	30	0	0	36	10	0	0	78	50	0	0	68	45	8	20	24	0	0	26	36	0	0	22	0	0	0	14	18	0	0	40	0	0	0	39	60	0	0	55	10	0	0	131	125	32	0
360	348	49	51	4	336	28	35	0	49	51	4	32	42	0	0	92	50	8	0	324	24	35	0	28	35	0	29	42	0	0	56	35	0	0	49	51	4	35	0	0	0	43	25	0	0	32	42	0	0	92	50	8	0	312	21	29	0	24	35	0	23	42	0	0	44	35	0	0	28	35	0	28	0	0	0	24	7	0	0	29	42	0	0	56	35	0	0	49	51	4	16	30	0	0	14	10	0	0	35	0	0	0	43	25	0	0	32	42	0	0	92	50	8	0	300	14	10	0	21	29	0	12	30	0	0	38	25	0	0	24	35	0	13	0	0	0	23	7	0	0	23	42	0	0	44	35	0	0	28	35	0	4	0	0	0	4	0	0	0	28	0	0	0	24	7	0	0	29	42	0	0	56	35	0	0	49	51	4	20	20	0	0	24	30	12	0	16	30	0	0	14	10	0	0	35	0	0	0	43	25	0	0	32	42	0	0	92	50	8	0
359	347	59	50	4	335	35	35	0	59	50	4	48	0	0	0	124	84	12	0	323	27	32	0	35	35	0	36	0	0	0	74	49	0	0	59	50	4	35	24	0	0	42	58	0	0	48	0	0	0	124	84	12	0	311	23	32	0	27	32	0	29	0	0	0	51	40	0	0	35	35	0	25	24	0	0	21	43	0	0	36	0	0	0	74	49	0	0	59	50	4	22	0	0	0	14	21	0	0	35	24	0	0	42	58	0	0	48	0	0	0	124	84	12	0	299	13	23	0	23	32	0	18	0	0	0	40	40	0	0	27	32	0	10	24	0	0	19	40	0	0	29	0	0	0	51	40	0	0	35	35	0	4	0	0	0	4	11	0	0	25	24	0	0	21	43	0	0	36	0	0	0	74	49	0	0	59	50	4	15	45	0	0	25	30	0	0	22	0	0	0	14	21	0	0	35	24	0	0	42	58	0	0	48	0	0	0	124	84	12	0
372	360	75	46	4	348	45	20	0	75	46	4	67	10	0	0	147	122	20	0	336	39	15	0	45	20	0	50	10	0	0	100	40	0	0	75	46	4	42	25	0	0	43	30	0	0	67	10	0	0	147	122	20	0	324	36	5	0	39	15	0	42	5	0	0	83	30	0	0	45	20	0	35	0	0	0	28	0	0	0	50	10	0	0	100	40	0	0	75	46	4	19	25	0	0	17	15	4	0	42	25	0	0	43	30	0	0	67	10	0	0	147	122	20	0	312	27	0	0	36	5	0	32	0	0	0	77	10	0	0	39	15	0	20	0	0	0	28	0	0	0	42	5	0	0	83	30	0	0	45	20	0	6	0	0	0	8	0	0	0	35	0	0	0	28	0	0	0	50	10	0	0	100	40	0	0	75	46	4	26	0	0	0	26	30	4	0	19	25	0	0	17	15	4	0	42	25	0	0	43	30	0	0	67	10	0	0	147	122	20	0
634	612	112	181	27	590	73	153	0	112	181	27	93	217	0	0	237	352	27	28	568	59	104	0	73	153	0	68	154	0	0	180	325	0	0	112	181	27	25	243	5	0	37	155	81	0	93	217	0	0	237	352	27	28	546	53	78	0	59	104	0	64	90	0	0	142	216	0	0	73	153	0	17	200	0	0	29	137	0	0	68	154	0	0	180	325	0	0	112	181	27	11	91	20	0	19	20	54	0	25	243	5	0	37	155	81	0	93	217	0	0	237	352	27	28	524	46	30	0	53	78	0	58	0	0	0	128	166	0	0	59	104	0	17	50	0	0	24	105	0	0	64	90	0	0	142	216	0	0	73	153	0	9	40	0	0	18	20	0	0	17	200	0	0	29	137	0	0	68	154	0	0	180	325	0	0	112	181	27	26	30	31	0	8	0	135	0	11	91	20	0	19	20	54	0	25	243	5	0	37	155	81	0	93	217	0	0	237	352	27	28
486	469	95	103	21	452	66	76	0	95	103	21	88	125	0	0	219	185	42	20	435	54	71	0	66	76	0	60	113	0	0	167	162	0	0	95	103	21	46	52	5	0	40	54	0	0	88	125	0	0	219	185	42	20	418	46	68	0	54	71	0	50	110	0	0	135	152	0	0	66	76	0	36	50	0	0	33	51	0	0	60	113	0	0	167	162	0	0	95	103	21	13	26	20	0	12	13	0	0	46	52	5	0	40	54	0	0	88	125	0	0	219	185	42	20	401	34	56	0	46	68	0	34	106	0	0	117	146	0	0	54	71	0	21	50	0	0	32	50	0	0	50	110	0	0	135	152	0	0	66	76	0	6	10	0	0	11	11	0	0	36	50	0	0	33	51	0	0	60	113	0	0	167	162	0	0	95	103	21	11	32	31	0	5	13	21	0	13	26	20	0	12	13	0	0	46	52	5	0	40	54	0	0	88	125	0	0	219	185	42	20
361	349	76	39	16	337	57	11	0	76	39	16	76	0	0	0	175	57	64	16	325	50	11	0	57	11	0	59	0	0	0	145	22	0	0	76	39	16	44	0	5	0	30	0	0	0	76	0	0	0	175	57	64	16	313	46	11	0	50	11	0	50	0	0	0	126	22	0	0	57	11	0	37	0	0	0	30	0	0	0	59	0	0	0	145	22	0	0	76	39	16	13	0	5	0	9	0	0	0	44	0	5	0	30	0	0	0	76	0	0	0	175	57	64	16	301	36	11	0	46	11	0	40	0	0	0	118	22	0	0	50	11	0	22	0	0	0	30	0	0	0	50	0	0	0	126	22	0	0	57	11	0	6	0	0	0	9	0	0	0	37	0	0	0	30	0	0	0	59	0	0	0	145	22	0	0	76	39	16	9	0	21	0	3	0	0	0	13	0	5	0	9	0	0	0	44	0	5	0	30	0	0	0	76	0	0	0	175	57	64	16
468	452	91	93	11	436	56	51	0	91	93	11	67	82	0	0	221	239	55	12	420	51	34	0	56	51	0	60	12	0	0	155	150	0	0	91	93	11	36	30	5	0	27	0	22	0	67	82	0	0	221	239	55	12	404	48	28	0	51	34	0	53	0	0	0	141	110	0	0	56	51	0	34	0	0	0	25	0	0	0	60	12	0	0	155	150	0	0	91	93	11	13	0	5	0	8	0	11	0	36	30	5	0	27	0	22	0	67	82	0	0	221	239	55	12	388	41	28	0	48	28	0	43	0	0	0	135	98	0	0	51	34	0	19	0	0	0	25	0	0	0	53	0	0	0	141	110	0	0	56	51	0	6	0	0	0	8	0	0	0	34	0	0	0	25	0	0	0	60	12	0	0	155	150	0	0	91	93	11	9	0	6	0	3	0	0	0	13	0	5	0	8	0	11	0	36	30	5	0	27	0	22	0	67	82	0	0	221	239	55	12
494	476	115	132	5	458	68	94	0	115	132	5	95	182	0	0	279	408	20	4	440	58	82	0	68	94	0	67	144	0	0	189	324	0	0	115	132	5	65	76	5	0	30	44	5	0	95	182	0	0	279	408	20	4	422	49	80	0	58	82	0	53	140	0	0	157	280	0	0	68	94	0	39	70	0	0	23	40	0	0	67	144	0	0	189	324	0	0	115	132	5	24	20	5	0	6	50	0	0	65	76	5	0	30	44	5	0	95	182	0	0	279	408	20	4	404	41	78	0	49	80	0	35	140	0	0	131	270	0	0	58	82	0	22	70	0	0	23	40	0	0	53	140	0	0	157	280	0	0	68	94	0	9	20	0	0	5	50	0	0	39	70	0	0	23	40	0	0	67	144	0	0	189	324	0	0	115	132	5	19	18	0	0	1	20	0	0	24	20	5	0	6	50	0	0	65	76	5	0	30	44	5	0	95	182	0	0	279	408	20	4
424	408	87	85	35	392	56	73	0	87	85	35	71	104	44	0	232	205	0	80	376	50	71	0	56	73	0	52	96	0	0	159	167	0	0	87	85	35	38	16	24	0	27	26	0	0	71	104	44	0	232	205	0	80	360	43	71	0	50	71	0	41	96	0	0	142	160	0	0	56	73	0	20	16	0	0	23	24	0	0	52	96	0	0	159	167	0	0	87	85	35	6	0	53	0	9	8	0	0	38	16	24	0	27	26	0	0	71	104	44	0	232	205	0	80	344	41	71	0	43	71	0	39	96	0	0	132	160	0	0	50	71	0	20	16	0	0	23	24	0	0	41	96	0	0	142	160	0	0	56	73	0	6	0	0	0	9	8	0	0	20	16	0	0	23	24	0	0	52	96	0	0	159	167	0	0	87	85	35	5	0	16	0	3	0	0	0	6	0	53	0	9	8	0	0	38	16	24	0	27	26	0	0	71	104	44	0	232	205	0	80
280	270	53	23	26	260	36	21	0	53	23	26	42	14	17	0	145	70	0	53	250	35	21	0	36	21	0	40	14	0	0	103	63	0	0	53	23	26	14	0	6	0	13	0	0	0	42	14	17	0	145	70	0	53	240	34	21	0	35	21	0	40	14	0	0	101	63	0	0	36	21	0	14	0	0	0	12	0	0	0	40	14	0	0	103	63	0	0	53	23	26	3	0	8	0	7	0	0	0	14	0	6	0	13	0	0	0	42	14	17	0	145	70	0	53	230	32	21	0	34	21	0	38	14	0	0	99	63	0	0	35	21	0	14	0	0	0	12	0	0	0	40	14	0	0	101	63	0	0	36	21	0	3	0	0	0	7	0	0	0	14	0	0	0	12	0	0	0	40	14	0	0	103	63	0	0	53	23	26	2	0	16	0	3	0	0	0	3	0	8	0	7	0	0	0	14	0	6	0	13	0	0	0	42	14	17	0	145	70	0	53
285	275	55	23	18	265	33	16	0	55	23	18	33	0	17	0	163	77	18	32	255	32	16	0	33	16	0	31	0	0	0	106	56	0	0	55	23	18	9	0	6	0	8	0	0	0	33	0	17	0	163	77	18	32	245	32	16	0	32	16	0	31	0	0	0	104	56	0	0	33	16	0	9	0	0	0	7	0	0	0	31	0	0	0	106	56	0	0	55	23	18	2	0	0	0	6	0	0	0	9	0	6	0	8	0	0	0	33	0	17	0	163	77	18	32	235	32	16	0	32	16	0	31	0	0	0	104	56	0	0	32	16	0	9	0	0	0	7	0	0	0	31	0	0	0	104	56	0	0	33	16	0	2	0	0	0	6	0	0	0	9	0	0	0	7	0	0	0	31	0	0	0	106	56	0	0	55	23	18	2	0	0	0	2	0	0	0	2	0	0	0	6	0	0	0	9	0	6	0	8	0	0	0	33	0	17	0	163	77	18	32
372	359	60	50	18	346	34	22	0	60	50	18	33	0	17	0	171	147	72	32	333	33	22	0	34	22	0	31	0	0	0	109	77	0	0	60	50	18	9	0	6	0	8	0	0	0	33	0	17	0	171	147	72	32	320	33	22	0	33	22	0	31	0	0	0	107	77	0	0	34	22	0	9	0	0	0	7	0	0	0	31	0	0	0	109	77	0	0	60	50	18	2	0	0	0	6	0	0	0	9	0	6	0	8	0	0	0	33	0	17	0	171	147	72	32	307	33	22	0	33	22	0	31	0	0	0	107	77	0	0	33	22	0	9	0	0	0	7	0	0	0	31	0	0	0	107	77	0	0	34	22	0	2	0	0	0	6	0	0	0	9	0	0	0	7	0	0	0	31	0	0	0	109	77	0	0	60	50	18	2	0	0	0	2	0	0	0	2	0	0	0	6	0	0	0	9	0	6	0	8	0	0	0	33	0	17	0	171	147	72	32
304	293	46	39	6	282	13	24	0	46	39	6	5	0	12	0	120	133	30	11	271	12	24	0	13	24	0	3	0	0	0	47	88	0	0	46	39	6	0	0	6	0	1	0	0	0	5	0	12	0	120	133	30	11	260	12	24	0	12	24	0	3	0	0	0	45	88	0	0	13	24	0	0	0	0	0	0	0	0	0	3	0	0	0	47	88	0	0	46	39	6	0	0	0	0	0	0	0	0	0	0	6	0	1	0	0	0	5	0	12	0	120	133	30	11	249	12	24	0	12	24	0	3	0	0	0	45	88	0	0	12	24	0	0	0	0	0	0	0	0	0	3	0	0	0	45	88	0	0	13	24	0	0	0	0	0	0	0	0	0	0	0	0	0	0	0	0	0	3	0	0	0	47	88	0	0	46	39	6	0	0	0	0	0	0	0	0	0	0	0	0	0	0	0	0	0	0	6	0	1	0	0	0	5	0	12	0	120	133	30	11
317	306	42	18	41	295	21	0	25	42	18	41	14	0	41	39	89	36	82	24	284	16	0	5	21	0	25	4	0	34	0	60	0	50	0	42	18	41	5	0	50	25	14	0	0	38	14	0	41	39	89	36	82	24	273	16	0	0	16	0	5	4	0	5	0	57	0	10	0	21	0	25	5	0	45	0	10	0	0	0	4	0	34	0	60	0	50	0	42	18	41	3	0	0	0	1	0	0	4	5	0	50	25	14	0	0	38	14	0	41	39	89	36	82	24	262	15	0	0	16	0	0	4	0	0	0	57	0	0	0	16	0	5	0	0	0	0	1	0	0	0	4	0	5	0	57	0	10	0	21	0	25	1	0	0	0	1	0	0	0	5	0	45	0	10	0	0	0	4	0	34	0	60	0	50	0	42	18	41	0	0	10	0	0	0	0	0	3	0	0	0	1	0	0	4	5	0	50	25	14	0	0	38	14	0	41	39	89	36	82	24
441	425	61	71	47	409	28	39	20	61	71	47	26	26	31	59	129	227	141	42	393	23	39	0	28	39	20	16	26	24	0	81	169	60	0	61	71	47	12	0	50	0	19	0	0	43	26	26	31	59	129	227	141	42	377	23	39	0	23	39	0	16	26	0	0	78	169	0	0	28	39	20	12	0	45	0	14	0	0	0	16	26	24	0	81	169	60	0	61	71	47	5	0	0	0	7	0	0	0	12	0	50	0	19	0	0	43	26	26	31	59	129	227	141	42	361	20	39	0	23	39	0	16	26	0	0	78	169	0	0	23	39	0	7	0	0	0	5	0	0	0	16	26	0	0	78	169	0	0	28	39	20	3	0	0	0	6	0	0	0	12	0	45	0	14	0	0	0	16	26	24	0	81	169	60	0	61	71	47	0	0	28	0	2	0	0	0	5	0	0	0	7	0	0	0	12	0	50	0	19	0	0	43	26	26	31	59	129	227	141	42
337	325	40	39	20	313	18	11	9	40	39	20	14	0	20	9	73	75	80	24	301	13	11	0	18	11	9	4	0	18	0	50	33	36	0	40	39	20	5	0	50	0	14	0	0	27	14	0	20	9	73	75	80	24	289	13	11	0	13	11	0	4	0	0	0	47	33	0	0	18	11	9	5	0	45	0	10	0	0	0	4	0	18	0	50	33	36	0	40	39	20	3	0	0	0	1	0	0	0	5	0	50	0	14	0	0	27	14	0	20	9	73	75	80	24	277	12	11	0	13	11	0	4	0	0	0	47	33	0	0	13	11	0	0	0	0	0	1	0	0	0	4	0	0	0	47	33	0	0	18	11	9	1	0	0	0	1	0	0	0	5	0	45	0	10	0	0	0	4	0	18	0	50	33	36	0	40	39	20	0	0	10	0	0	0	0	0	3	0	0	0	1	0	0	0	5	0	50	0	14	0	0	27	14	0	20	9	73	75	80	24
202	195	25	6	10	188	9	0	0	25	6	10	2	0	0	0	57	12	10	24	181	9	0	0	9	0	0	2	0	0	0	34	0	0	0	25	6	10	0	0	0	0	1	0	0	0	2	0	0	0	57	12	10	24	174	9	0	0	9	0	0	2	0	0	0	34	0	0	0	9	0	0	0	0	0	0	0	0	0	0	2	0	0	0	34	0	0	0	25	6	10	0	0	0	0	0	0	0	0	0	0	0	0	1	0	0	0	2	0	0	0	57	12	10	24	167	9	0	0	9	0	0	2	0	0	0	34	0	0	0	9	0	0	0	0	0	0	0	0	0	0	2	0	0	0	34	0	0	0	9	0	0	0	0	0	0	0	0	0	0	0	0	0	0	0	0	0	0	2	0	0	0	34	0	0	0	25	6	10	0	0	0	0	0	0	0	0	0	0	0	0	0	0	0	0	0	0	0	0	1	0	0	0	2	0	0	0	57	12	10	24
285	275	28	25	3	265	10	0	0	28	25	3	4	0	0	0	52	40	15	6	255	10	0	0	10	0	0	4	0	0	0	35	0	0	0	28	25	3	0	0	0	0	5	0	0	0	4	0	0	0	52	40	15	6	245	10	0	0	10	0	0	4	0	0	0	35	0	0	0	10	0	0	0	0	0	0	0	0	0	0	4	0	0	0	35	0	0	0	28	25	3	0	0	0	0	0	0	0	0	0	0	0	0	5	0	0	0	4	0	0	0	52	40	15	6	235	10	0	0	10	0	0	4	0	0	0	35	0	0	0	10	0	0	0	0	0	0	0	0	0	0	4	0	0	0	35	0	0	0	10	0	0	0	0	0	0	0	0	0	0	0	0	0	0	0	0	0	0	4	0	0	0	35	0	0	0	28	25	3	0	0	0	0	0	0	0	0	0	0	0	0	0	0	0	0	0	0	0	0	5	0	0	0	4	0	0	0	52	40	15	6
250	241	14	14	16	232	4	0	11	14	14	16	2	0	22	0	11	0	32	3	223	3	0	11	4	0	11	2	0	22	0	11	0	22	0	14	14	16	0	0	0	0	7	7	0	0	2	0	22	0	11	0	32	3	214	3	0	9	3	0	11	2	0	22	0	8	0	22	0	4	0	11	0	0	0	0	1	0	0	0	2	0	22	0	11	0	22	0	14	14	16	0	0	0	10	1	0	0	0	0	0	0	0	7	7	0	0	2	0	22	0	11	0	32	3	205	3	0	4	3	0	9	2	0	18	0	8	0	18	0	3	0	11	0	0	0	0	0	0	0	0	2	0	22	0	8	0	22	0	4	0	11	0	0	0	0	1	0	0	0	0	0	0	0	1	0	0	0	2	0	22	0	11	0	22	0	14	14	16	0	0	0	0	0	0	0	4	0	0	0	10	1	0	0	0	0	0	0	0	7	7	0	0	2	0	22	0	11	0	32	3
418	403	25	26	81	388	12	0	38	25	26	81	4	0	79	62	45	0	162	121	373	11	0	32	12	0	38	4	0	64	49	42	0	76	54	25	26	81	5	0	0	39	16	13	0	0	4	0	79	62	45	0	162	121	358	10	0	10	11	0	32	4	0	59	5	39	0	64	5	12	0	38	0	0	0	0	2	0	0	0	4	0	64	49	42	0	76	54	25	26	81	1	0	13	35	2	0	0	38	5	0	0	39	16	13	0	0	4	0	79	62	45	0	162	121	343	10	0	0	10	0	10	4	0	10	0	36	0	20	0	11	0	32	0	0	0	0	1	0	0	0	4	0	59	5	39	0	64	5	12	0	38	1	0	10	0	2	0	0	0	0	0	0	0	2	0	0	0	4	0	64	49	42	0	76	54	25	26	81	0	0	0	0	0	0	0	8	1	0	13	35	2	0	0	38	5	0	0	39	16	13	0	0	4	0	79	62	45	0	162	121
223	215	13	7	19	207	4	0	7	13	7	19	2	0	14	0	11	0	19	23	199	4	0	7	4	0	7	2	0	14	0	11	0	7	9	13	7	19	0	0	0	0	6	0	0	0	2	0	14	0	11	0	19	23	191	4	0	5	4	0	7	2	0	14	0	11	0	7	0	4	0	7	0	0	0	0	0	0	0	0	2	0	14	0	11	0	7	9	13	7	19	0	0	0	10	0	0	0	0	0	0	0	0	6	0	0	0	2	0	14	0	11	0	19	23	183	4	0	0	4	0	5	2	0	10	0	11	0	5	0	4	0	7	0	0	0	0	0	0	0	0	2	0	14	0	11	0	7	0	4	0	7	0	0	0	0	0	0	0	0	0	0	0	0	0	0	0	0	2	0	14	0	11	0	7	9	13	7	19	0	0	0	0	0	0	0	4	0	0	0	10	0	0	0	0	0	0	0	0	6	0	0	0	2	0	14	0	11	0	19	23
371	357	34	53	44	343	15	33	10	34	53	44	10	22	65	30	56	88	88	111	329	12	33	9	15	33	10	10	22	50	27	47	88	20	54	34	53	44	5	0	0	9	14	27	0	0	10	22	65	30	56	88	88	111	315	11	33	0	12	33	9	10	22	45	0	38	88	18	5	15	33	10	0	0	0	0	3	0	0	0	10	22	50	27	47	88	20	54	34	53	44	7	0	13	0	8	0	0	27	5	0	0	9	14	27	0	0	10	22	65	30	56	88	88	111	301	11	33	0	11	33	0	10	22	0	0	35	88	0	0	12	33	9	0	0	0	0	1	0	0	0	10	22	45	0	38	88	18	5	15	33	10	7	0	10	0	7	0	0	0	0	0	0	0	3	0	0	0	10	22	50	27	47	88	20	54	34	53	44	12	0	0	0	3	0	0	0	7	0	13	0	8	0	0	27	5	0	0	9	14	27	0	0	10	22	65	30	56	88	88	111
223	215	14	7	22	207	7	0	0	14	7	22	4	0	0	0	24	0	22	70	199	7	0	0	7	0	0	4	0	0	0	24	0	0	29	14	7	22	0	0	0	0	5	0	0	0	4	0	0	0	24	0	22	70	191	7	0	0	7	0	0	4	0	0	0	24	0	0	0	7	0	0	0	0	0	0	0	0	0	0	4	0	0	0	24	0	0	29	14	7	22	0	0	0	0	0	0	0	0	0	0	0	0	5	0	0	0	4	0	0	0	24	0	22	70	183	7	0	0	7	0	0	4	0	0	0	24	0	0	0	7	0	0	0	0	0	0	0	0	0	0	4	0	0	0	24	0	0	0	7	0	0	0	0	0	0	0	0	0	0	0	0	0	0	0	0	0	0	4	0	0	0	24	0	0	29	14	7	22	0	0	0	0	0	0	0	0	0	0	0	0	0	0	0	0	0	0	0	0	5	0	0	0	4	0	0	0	24	0	22	70
297	286	16	0	81	275	16	0	32	16	0	81	10	0	0	51	45	0	0	182	264	10	0	29	16	0	32	10	0	0	45	45	0	0	66	16	0	81	0	0	23	30	5	0	0	0	10	0	0	51	45	0	0	182	253	10	0	28	10	0	29	10	0	0	43	27	0	0	59	16	0	32	0	0	21	27	5	0	0	0	10	0	0	45	45	0	0	66	16	0	81	7	0	0	9	9	0	0	0	0	0	23	30	5	0	0	0	10	0	0	51	45	0	0	182	242	10	0	14	10	0	28	10	0	0	19	27	0	0	24	10	0	29	0	0	18	0	0	0	0	0	10	0	0	43	27	0	0	59	16	0	32	7	0	0	0	9	0	0	0	0	0	21	27	5	0	0	0	10	0	0	45	45	0	0	66	16	0	81	12	0	0	25	3	0	0	27	7	0	0	9	9	0	0	0	0	0	23	30	5	0	0	0	10	0	0	51	45	0	0	182
322	310	31	11	62	298	25	11	36	31	11	62	28	0	0	51	80	33	0	97	286	14	0	33	25	11	36	17	0	0	45	64	33	0	49	31	11	62	3	0	23	30	13	11	62	0	28	0	0	51	80	33	0	97	274	13	0	32	14	0	33	16	0	0	43	33	0	0	43	25	11	36	0	0	21	27	9	11	36	0	17	0	0	45	64	33	0	49	31	11	62	7	0	0	9	11	11	0	0	3	0	23	30	13	11	62	0	28	0	0	51	80	33	0	97	262	13	0	18	13	0	32	16	0	0	19	28	0	0	19	14	0	33	0	0	18	0	3	0	33	0	16	0	0	43	33	0	0	43	25	11	36	7	0	0	0	11	11	0	0	0	0	21	27	9	11	36	0	17	0	0	45	64	33	0	49	31	11	62	20	0	0	25	5	0	0	27	7	0	0	9	11	11	0	0	3	0	23	30	13	11	62	0	28	0	0	51	80	33	0	97
316	304	51	41	43	292	36	21	41	51	41	43	38	42	30	26	133	89	86	0	280	23	0	38	36	21	41	25	0	30	20	97	42	82	0	51	41	43	9	0	53	30	23	16	129	0	38	42	30	26	133	89	86	0	268	21	0	35	23	0	38	21	0	30	18	61	0	76	0	36	21	41	4	0	51	27	16	7	123	0	25	0	30	20	97	42	82	0	51	41	43	10	0	10	25	15	9	0	0	9	0	53	30	23	16	129	0	38	42	30	26	133	89	86	0	256	20	0	11	21	0	35	21	0	26	0	54	0	70	0	23	0	38	4	0	48	0	9	0	114	0	21	0	30	18	61	0	76	0	36	21	41	8	0	10	0	14	7	0	0	4	0	51	27	16	7	123	0	25	0	30	20	97	42	82	0	51	41	43	26	0	0	39	7	9	0	48	10	0	10	25	15	9	0	0	9	0	53	30	23	16	129	0	38	42	30	26	133	89	86	0
365	350	61	80	24	335	35	72	13	61	80	24	44	72	0	26	139	192	0	44	320	26	54	10	35	72	13	29	72	0	20	91	180	0	10	61	80	24	37	0	15	30	34	12	72	0	44	72	0	26	139	192	0	44	305	20	48	9	26	54	10	24	72	0	18	64	126	0	9	35	72	13	14	0	13	27	16	12	39	0	29	72	0	20	91	180	0	10	61	80	24	17	36	0	9	11	41	0	0	37	0	15	30	34	12	72	0	44	72	0	26	139	192	0	44	290	17	36	0	20	48	9	16	48	0	0	45	102	0	0	26	54	10	12	0	10	0	12	0	30	0	24	72	0	18	64	126	0	9	35	72	13	7	36	0	0	10	39	0	0	14	0	13	27	16	12	39	0	29	72	0	20	91	180	0	10	61	80	24	24	72	0	0	2	18	0	27	17	36	0	9	11	41	0	0	37	0	15	30	34	12	72	0	44	72	0	26	139	192	0	44
308	295	50	64	15	282	31	50	13	50	64	15	33	64	0	26	125	112	15	0	269	19	42	10	31	50	13	20	56	0	20	77	83	13	0	50	64	15	9	0	15	30	32	38	30	0	33	64	0	26	125	112	15	0	256	17	42	9	19	42	10	19	56	0	18	47	63	10	0	31	50	13	2	0	13	27	15	25	26	0	20	56	0	20	77	83	13	0	50	64	15	16	0	0	9	17	12	0	0	9	0	15	30	32	38	30	0	33	64	0	26	125	112	15	0	243	16	34	0	17	42	9	19	56	0	0	41	63	9	0	19	42	10	2	0	10	0	5	21	20	0	19	56	0	18	47	63	10	0	31	50	13	14	0	0	0	16	11	0	0	2	0	13	27	15	25	26	0	20	56	0	20	77	83	13	0	50	64	15	25	40	0	0	9	5	0	27	16	0	0	9	17	12	0	0	9	0	15	30	32	38	30	0	33	64	0	26	125	112	15	0
283	272	43	24	39	261	23	0	26	43	24	39	25	0	62	20	105	48	117	58	250	20	0	26	23	0	26	17	0	30	20	60	0	78	54	43	24	39	7	0	11	0	21	8	0	0	25	0	62	20	105	48	117	58	239	19	0	26	20	0	26	16	0	30	20	51	0	78	48	23	0	26	4	0	10	0	13	0	0	0	17	0	30	20	60	0	78	54	43	24	39	3	0	0	0	6	8	0	0	7	0	11	0	21	8	0	0	25	0	62	20	105	48	117	58	228	18	0	24	19	0	26	16	0	30	18	46	0	78	44	20	0	26	4	0	10	0	13	0	0	0	16	0	30	20	51	0	78	48	23	0	26	1	0	0	0	3	0	0	0	4	0	10	0	13	0	0	0	17	0	30	20	60	0	78	54	43	24	39	14	0	0	16	6	8	0	0	3	0	0	0	6	8	0	0	7	0	11	0	21	8	0	0	25	0	62	20	105	48	117	58
230	221	38	20	18	212	19	6	10	38	20	18	15	12	54	10	92	34	36	43	203	18	0	10	19	6	10	12	0	30	10	54	12	20	41	38	20	18	4	0	11	0	18	0	18	0	15	12	54	10	92	34	36	43	194	18	0	10	18	0	10	12	0	30	10	52	0	20	38	19	6	10	4	0	10	0	13	0	10	0	12	0	30	10	54	12	20	41	38	20	18	3	0	0	0	5	0	0	0	4	0	11	0	18	0	18	0	15	12	54	10	92	34	36	43	185	17	0	8	18	0	10	12	0	30	8	52	0	20	35	18	0	10	4	0	10	0	13	0	10	0	12	0	30	10	52	0	20	38	19	6	10	1	0	0	0	2	0	0	0	4	0	10	0	13	0	10	0	12	0	30	10	54	12	20	41	38	20	18	6	0	0	16	5	6	0	0	3	0	0	0	5	0	0	0	4	0	11	0	18	0	18	0	15	12	54	10	92	34	36	43
148	142	24	9	0	136	14	5	0	24	9	0	12	0	0	0	59	4	0	0	130	13	5	0	14	5	0	10	0	0	0	39	0	0	0	24	9	0	2	0	0	0	11	0	0	0	12	0	0	0	59	4	0	0	124	13	5	0	13	5	0	10	0	0	0	37	0	0	0	14	5	0	2	0	0	0	10	0	0	0	10	0	0	0	39	0	0	0	24	9	0	0	0	0	0	1	0	0	0	2	0	0	0	11	0	0	0	12	0	0	0	59	4	0	0	118	13	5	0	13	5	0	10	0	0	0	37	0	0	0	13	5	0	2	0	0	0	10	0	0	0	10	0	0	0	37	0	0	0	14	5	0	0	0	0	0	0	0	0	0	2	0	0	0	10	0	0	0	10	0	0	0	39	0	0	0	24	9	0	2	0	0	0	4	0	0	0	0	0	0	0	1	0	0	0	2	0	0	0	11	0	0	0	12	0	0	0	59	4	0	0
258	247	58	43	0	236	32	28	0	58	43	0	45	21	0	0	152	109	0	0	225	27	28	0	32	28	0	28	21	0	0	94	77	0	0	58	43	0	12	0	0	0	32	28	0	0	45	21	0	0	152	109	0	0	214	27	28	0	27	28	0	28	21	0	0	82	77	0	0	32	28	0	12	0	0	0	23	28	0	0	28	21	0	0	94	77	0	0	58	43	0	10	0	0	0	7	0	0	0	12	0	0	0	32	28	0	0	45	21	0	0	152	109	0	0	203	25	28	0	27	28	0	28	21	0	0	82	77	0	0	27	28	0	12	0	0	0	21	28	0	0	28	21	0	0	82	77	0	0	32	28	0	3	0	0	0	6	0	0	0	12	0	0	0	23	28	0	0	28	21	0	0	94	77	0	0	58	43	0	25	0	0	0	2	8	0	0	10	0	0	0	7	0	0	0	12	0	0	0	32	28	0	0	45	21	0	0	152	109	0	0
181	173	40	23	0	165	23	16	0	40	23	0	27	16	0	0	102	45	0	0	157	19	16	0	23	16	0	12	16	0	0	64	40	0	0	40	23	0	2	0	0	0	18	12	0	0	27	16	0	0	102	45	0	0	149	19	16	0	19	16	0	12	16	0	0	53	40	0	0	23	16	0	2	0	0	0	16	12	0	0	12	16	0	0	64	40	0	0	40	23	0	0	0	0	0	1	0	0	0	2	0	0	0	18	12	0	0	27	16	0	0	102	45	0	0	141	19	16	0	19	16	0	12	16	0	0	53	40	0	0	19	16	0	2	0	0	0	15	12	0	0	12	16	0	0	53	40	0	0	23	16	0	0	0	0	0	1	0	0	0	2	0	0	0	16	12	0	0	12	16	0	0	64	40	0	0	40	23	0	6	0	0	0	3	0	0	0	0	0	0	0	1	0	0	0	2	0	0	0	18	12	0	0	27	16	0	0	102	45	0	0
467	448	98	77	101	429	60	31	88	98	77	101	92	59	75	40	260	287	303	39	410	52	14	51	60	31	88	64	14	73	20	174	155	264	26	98	77	101	49	42	36	109	40	42	101	144	92	59	75	40	260	287	303	39	391	44	0	49	52	14	51	58	0	72	20	148	70	153	26	60	31	88	30	0	36	99	27	0	88	103	64	14	73	20	174	155	264	26	98	77	101	27	0	42	26	13	0	101	0	49	42	36	109	40	42	101	144	92	59	75	40	260	287	303	39	372	32	0	45	44	0	49	42	0	72	20	117	0	147	26	52	14	51	28	0	36	84	27	0	51	91	58	0	72	20	148	70	153	26	60	31	88	12	0	42	20	12	0	88	0	30	0	36	99	27	0	88	103	64	14	73	20	174	155	264	26	98	77	101	37	0	44	39	4	0	0	0	27	0	42	26	13	0	101	0	49	42	36	109	40	42	101	144	92	59	75	40	260	287	303	39
351	336	62	59	47	321	34	46	18	62	59	47	45	35	19	36	164	189	47	57	306	30	44	10	34	46	18	29	33	11	20	106	164	18	36	62	59	47	13	22	0	10	33	33	0	43	45	35	19	36	164	189	47	57	291	29	44	10	30	44	10	28	33	10	20	92	154	10	36	34	46	18	10	22	0	10	23	33	0	41	29	33	11	20	106	164	18	36	62	59	47	10	0	0	0	5	0	0	0	13	22	0	10	33	33	0	43	45	35	19	36	164	189	47	57	276	27	42	10	29	44	10	28	33	10	20	87	154	10	36	30	44	10	10	22	0	10	22	33	0	38	28	33	10	20	92	154	10	36	34	46	18	3	0	0	0	5	0	0	0	10	22	0	10	23	33	0	41	29	33	11	20	106	164	18	36	62	59	47	23	20	0	0	0	0	0	0	10	0	0	0	5	0	0	0	13	22	0	10	33	33	0	43	45	35	19	36	164	189	47	57
402	385	84	79	51	368	51	55	28	84	79	51	77	26	19	40	222	232	102	57	351	44	53	10	51	55	28	54	26	11	20	147	159	56	36	84	79	51	46	28	0	10	40	66	0	82	77	26	19	40	222	232	102	57	334	35	50	10	44	53	10	48	26	10	20	122	157	20	36	51	55	28	22	26	0	10	23	42	0	67	54	26	11	20	147	159	56	36	84	79	51	20	35	12	0	8	29	0	0	46	28	0	10	40	66	0	82	77	26	19	40	222	232	102	57	317	24	35	10	35	50	10	32	22	10	20	93	148	20	36	44	53	10	20	26	0	10	22	40	0	58	48	26	10	20	122	157	20	36	51	55	28	7	13	12	0	8	29	0	0	22	26	0	10	23	42	0	67	54	26	11	20	147	159	56	36	84	79	51	29	44	44	0	0	0	51	0	20	35	12	0	8	29	0	0	46	28	0	10	40	66	0	82	77	26	19	40	222	232	102	57
447	427	121	166	16	407	69	126	16	121	166	16	90	192	30	0	280	397	64	0	387	58	93	10	69	126	16	62	132	30	0	181	286	64	0	121	166	16	30	210	20	0	53	91	16	24	90	192	30	0	280	397	64	0	367	52	60	10	58	93	10	58	76	30	0	154	193	40	0	69	126	16	19	110	20	0	33	69	16	13	62	132	30	0	181	286	64	0	121	166	16	20	104	22	0	18	32	64	0	30	210	20	0	53	91	16	24	90	192	30	0	280	397	64	0	347	46	38	9	52	60	10	50	20	30	0	133	98	40	0	58	93	10	19	60	20	0	26	51	10	10	58	76	30	0	154	193	40	0	69	126	16	13	48	22	0	16	28	64	0	19	110	20	0	33	69	16	13	62	132	30	0	181	286	64	0	121	166	16	36	80	24	9	8	0	32	0	20	104	22	0	18	32	64	0	30	210	20	0	53	91	16	24	90	192	30	0	280	397	64	0
400	382	121	128	4	364	70	90	0	121	128	4	94	152	0	0	318	429	20	0	346	59	82	0	70	90	0	58	134	0	0	206	322	0	0	121	128	4	53	86	0	0	64	89	0	0	94	152	0	0	318	429	20	0	328	52	75	0	59	82	0	52	130	0	0	176	296	0	0	70	90	0	29	80	0	0	39	65	0	0	58	134	0	0	206	322	0	0	121	128	4	20	45	0	0	20	26	0	0	53	86	0	0	64	89	0	0	94	152	0	0	318	429	20	0	310	49	55	0	52	75	0	44	115	0	0	155	270	0	0	59	82	0	27	80	0	0	37	61	0	0	52	130	0	0	176	296	0	0	70	90	0	10	20	0	0	15	24	0	0	29	80	0	0	39	65	0	0	58	134	0	0	206	322	0	0	121	128	4	34	75	0	0	8	0	4	0	20	45	0	0	20	26	0	0	53	86	0	0	64	89	0	0	94	152	0	0	318	429	20	0
400	383	79	44	101	366	56	16	48	79	44	101	71	0	61	79	223	108	202	219	349	47	16	40	56	16	48	54	0	36	61	173	80	96	150	79	44	101	33	0	46	22	28	0	0	18	71	0	61	79	223	108	202	219	332	43	16	39	47	16	40	46	0	36	58	143	80	80	81	56	16	48	31	0	10	20	28	0	0	10	54	0	36	61	173	80	96	150	79	44	101	12	0	26	10	12	0	0	0	33	0	46	22	28	0	0	18	71	0	61	79	223	108	202	219	315	34	16	39	43	16	39	37	0	36	58	129	80	78	79	47	16	40	23	0	10	20	27	0	0	10	46	0	36	58	143	80	80	81	56	16	48	10	0	0	10	12	0	0	0	31	0	10	20	28	0	0	10	54	0	36	61	173	80	96	150	79	44	101	8	0	67	0	4	0	0	0	12	0	26	10	12	0	0	0	33	0	46	22	28	0	0	18	71	0	61	79	223	108	202	219
409	391	94	101	56	373	56	52	18	94	101	56	64	96	61	28	248	315	224	172	355	49	32	18	56	52	18	55	16	36	28	163	188	72	132	94	101	56	31	0	46	0	26	0	112	0	64	96	61	28	248	315	224	172	337	45	32	18	49	32	18	47	16	36	28	139	128	72	71	56	52	18	29	0	10	0	25	0	36	0	55	16	36	28	163	188	72	132	94	101	56	12	0	26	0	13	0	0	0	31	0	46	0	26	0	112	0	64	96	61	28	248	315	224	172	319	38	32	18	45	32	18	38	16	36	28	125	128	72	69	49	32	18	21	0	10	0	24	0	36	0	47	16	36	28	139	128	72	71	56	52	18	10	0	0	0	12	0	0	0	29	0	10	0	25	0	36	0	55	16	36	28	163	188	72	132	94	101	56	8	0	47	0	4	0	0	0	12	0	26	0	13	0	0	0	31	0	46	0	26	0	112	0	64	96	61	28	248	315	224	172
288	275	65	48	33	262	39	30	25	65	48	33	50	20	56	28	182	102	66	4	249	35	30	25	39	30	25	38	20	50	28	120	80	50	0	65	48	33	17	0	12	0	17	0	0	0	50	20	56	28	182	102	66	4	236	34	30	25	35	30	25	38	20	50	28	108	80	50	0	39	30	25	17	0	10	0	17	0	0	0	38	20	50	28	120	80	50	0	65	48	33	6	0	5	0	8	0	0	0	17	0	12	0	17	0	0	0	50	20	56	28	182	102	66	4	223	31	30	25	34	30	25	35	20	50	28	104	80	50	0	35	30	25	17	0	10	0	17	0	0	0	38	20	50	28	108	80	50	0	39	30	25	6	0	0	0	8	0	0	0	17	0	10	0	17	0	0	0	38	20	50	28	120	80	50	0	65	48	33	4	0	15	0	4	0	0	0	6	0	5	0	8	0	0	0	17	0	12	0	17	0	0	0	50	20	56	28	182	102	66	4
318	303	88	79	19	288	54	57	8	88	79	19	79	78	23	8	218	215	38	20	273	43	54	8	54	57	8	49	72	16	8	150	180	16	16	88	79	19	32	27	20	0	18	36	0	0	79	78	23	8	218	215	38	20	258	38	54	8	43	54	8	37	72	16	8	119	171	16	10	54	57	8	24	27	0	0	18	36	0	0	49	72	16	8	150	180	16	16	88	79	19	11	0	15	0	8	18	0	0	32	27	20	0	18	36	0	0	79	78	23	8	218	215	38	20	243	33	54	8	38	54	8	30	72	16	8	105	171	16	10	43	54	8	16	27	0	0	17	36	0	0	37	72	16	8	119	171	16	10	54	57	8	9	0	0	0	8	18	0	0	24	27	0	0	18	36	0	0	49	72	16	8	150	180	16	16	88	79	19	8	0	25	0	4	0	0	0	11	0	15	0	8	18	0	0	32	27	20	0	18	36	0	0	79	78	23	8	218	215	38	20
373	355	103	124	24	337	65	97	0	103	124	24	97	138	19	0	255	305	48	121	319	51	84	0	65	97	0	62	114	0	0	188	261	0	104	103	124	24	49	68	34	0	23	70	24	0	97	138	19	0	255	305	48	121	301	44	80	0	51	84	0	44	110	0	0	141	238	0	61	65	97	0	37	60	0	0	23	70	0	0	62	114	0	0	188	261	0	104	103	124	24	18	40	15	0	8	40	0	0	49	68	34	0	23	70	24	0	97	138	19	0	255	305	48	121	283	35	76	0	44	80	0	29	110	0	0	121	230	0	59	51	84	0	17	60	0	0	22	70	0	0	44	110	0	0	141	238	0	61	65	97	0	8	40	0	0	8	40	0	0	37	60	0	0	23	70	0	0	62	114	0	0	188	261	0	104	103	124	24	7	36	25	0	0	40	0	0	18	40	15	0	8	40	0	0	49	68	34	0	23	70	24	0	97	138	19	0	255	305	48	121
445	425	60	69	123	405	33	36	69	60	69	123	28	18	42	79	157	195	246	233	385	33	36	66	33	36	69	28	18	12	69	90	144	138	99	60	69	123	9	0	0	28	12	0	0	0	28	18	42	79	157	195	246	233	365	33	36	66	33	36	66	28	18	10	69	90	144	132	91	33	36	69	9	0	0	28	11	0	0	0	28	18	12	69	90	144	138	99	60	69	123	4	0	0	0	6	0	0	0	9	0	0	28	12	0	0	0	28	18	42	79	157	195	246	233	345	33	36	66	33	36	66	28	18	10	69	90	144	132	90	33	36	66	9	0	0	28	11	0	0	0	28	18	10	69	90	144	132	91	33	36	69	4	0	0	0	6	0	0	0	9	0	0	28	11	0	0	0	28	18	12	69	90	144	138	99	60	69	123	4	0	0	0	4	0	0	0	4	0	0	0	6	0	0	0	9	0	0	28	12	0	0	0	28	18	42	79	157	195	246	233
432	413	58	70	126	394	23	0	101	58	70	126	23	0	114	141	117	224	630	56	375	20	0	79	23	0	101	10	0	72	69	48	0	505	18	58	70	126	10	0	18	28	7	14	0	117	23	0	114	141	117	224	630	56	356	18	0	79	20	0	79	6	0	36	69	41	0	395	18	23	0	101	2	0	10	28	6	0	0	104	10	0	72	69	48	0	505	18	58	70	126	3	0	18	0	4	0	0	0	10	0	18	28	7	14	0	117	23	0	114	141	117	224	630	56	337	18	0	79	18	0	79	6	0	36	69	39	0	395	18	20	0	79	2	0	0	28	4	0	0	61	6	0	36	69	41	0	395	18	23	0	101	3	0	10	0	2	0	0	0	2	0	10	28	6	0	0	104	10	0	72	69	48	0	505	18	58	70	126	4	0	0	0	0	0	0	0	3	0	18	0	4	0	0	0	10	0	18	28	7	14	0	117	23	0	114	141	117	224	630	56
180	172	31	16	8	164	10	0	8	31	16	8	5	0	0	0	54	44	32	0	156	10	0	8	10	0	8	5	0	0	0	23	0	32	0	31	16	8	0	0	0	0	1	0	0	0	5	0	0	0	54	44	32	0	148	10	0	8	10	0	8	5	0	0	0	23	0	32	0	10	0	8	0	0	0	0	0	0	0	0	5	0	0	0	23	0	32	0	31	16	8	0	0	0	0	1	0	0	0	0	0	0	0	1	0	0	0	5	0	0	0	54	44	32	0	140	10	0	8	10	0	8	5	0	0	0	23	0	32	0	10	0	8	0	0	0	0	0	0	0	0	5	0	0	0	23	0	32	0	10	0	8	0	0	0	0	0	0	0	0	0	0	0	0	0	0	0	0	5	0	0	0	23	0	32	0	31	16	8	0	0	0	0	0	0	0	0	0	0	0	0	1	0	0	0	0	0	0	0	1	0	0	0	5	0	0	0	54	44	32	0
194	185	43	15	46	176	27	14	0	43	15	46	26	7	27	0	119	59	0	233	167	27	14	0	27	14	0	26	7	0	0	81	56	0	99	43	15	46	9	0	0	0	11	0	0	0	26	7	27	0	119	59	0	233	158	27	14	0	27	14	0	26	7	0	0	81	56	0	91	27	14	0	9	0	0	0	11	0	0	0	26	7	0	0	81	56	0	99	43	15	46	4	0	0	0	6	0	0	0	9	0	0	0	11	0	0	0	26	7	27	0	119	59	0	233	149	27	14	0	27	14	0	26	7	0	0	81	56	0	90	27	14	0	9	0	0	0	11	0	0	0	26	7	0	0	81	56	0	91	27	14	0	4	0	0	0	6	0	0	0	9	0	0	0	11	0	0	0	26	7	0	0	81	56	0	99	43	15	46	4	0	0	0	4	0	0	0	4	0	0	0	6	0	0	0	9	0	0	0	11	0	0	0	26	7	27	0	119	59	0	233
228	217	36	41	10	206	11	24	0	36	41	10	5	16	20	0	79	80	30	56	195	11	24	0	11	24	0	5	16	0	0	33	48	0	18	36	41	10	0	0	0	0	1	0	0	0	5	16	20	0	79	80	30	56	184	11	24	0	11	24	0	5	16	0	0	33	48	0	18	11	24	0	0	0	0	0	0	0	0	0	5	16	0	0	33	48	0	18	36	41	10	0	0	0	0	0	0	0	0	0	0	0	0	1	0	0	0	5	16	20	0	79	80	30	56	173	11	24	0	11	24	0	5	16	0	0	33	48	0	18	11	24	0	0	0	0	0	0	0	0	0	5	16	0	0	33	48	0	18	11	24	0	0	0	0	0	0	0	0	0	0	0	0	0	0	0	0	0	5	16	0	0	33	48	0	18	36	41	10	0	0	0	0	0	0	0	0	0	0	0	0	0	0	0	0	0	0	0	0	1	0	0	0	5	16	20	0	79	80	30	56
413	394	41	70	132	375	17	0	105	41	70	132	12	0	67	109	59	84	660	134	356	14	0	85	17	0	105	3	0	65	56	31	0	525	109	41	70	132	6	0	20	98	16	0	0	56	12	0	67	109	59	84	660	134	337	13	0	60	14	0	85	3	0	57	33	28	0	425	87	17	0	105	2	0	18	30	7	0	0	18	3	0	65	56	31	0	525	109	41	70	132	3	0	0	58	5	14	0	117	6	0	20	98	16	0	0	56	12	0	67	109	59	84	660	134	318	12	0	60	13	0	60	3	0	35	33	27	0	300	87	14	0	85	0	0	10	30	2	0	0	18	3	0	57	33	28	0	425	87	17	0	105	1	0	0	58	2	0	0	104	2	0	18	30	7	0	0	18	3	0	65	56	31	0	525	109	41	70	132	0	0	10	0	0	0	0	0	3	0	0	58	5	14	0	117	6	0	20	98	16	0	0	56	12	0	67	109	59	84	660	134
305	291	31	33	68	277	13	0	44	31	33	68	9	0	47	13	41	0	204	144	263	12	0	44	13	0	44	4	0	47	13	23	0	132	109	31	33	68	0	0	0	0	2	0	0	0	9	0	47	13	41	0	204	144	249	12	0	41	12	0	44	4	0	47	13	22	0	132	87	13	0	44	0	0	0	0	2	0	0	0	4	0	47	13	23	0	132	109	31	33	68	0	0	0	18	3	0	0	0	0	0	0	0	2	0	0	0	9	0	47	13	41	0	204	144	235	12	0	41	12	0	41	4	0	35	13	22	0	123	87	12	0	44	0	0	0	0	0	0	0	0	4	0	47	13	22	0	132	87	13	0	44	0	0	0	18	0	0	0	0	0	0	0	0	2	0	0	0	4	0	47	13	23	0	132	109	31	33	68	0	0	0	0	0	0	0	0	0	0	0	18	3	0	0	0	0	0	0	0	2	0	0	0	9	0	47	13	41	0	204	144
309	294	49	49	72	279	26	36	26	49	49	72	24	24	20	63	86	75	72	267	264	23	36	5	26	36	26	15	24	18	5	61	72	26	178	49	49	72	8	0	20	20	13	0	0	80	24	24	20	63	86	75	72	267	249	23	36	0	23	36	5	15	24	10	0	58	72	5	153	26	36	26	8	0	18	0	13	0	0	18	15	24	18	5	61	72	26	178	49	49	72	7	0	0	0	8	0	0	16	8	0	20	20	13	0	0	80	24	24	20	63	86	75	72	267	234	18	36	0	23	36	0	15	24	0	0	58	72	0	153	23	36	5	6	0	10	0	8	0	0	18	15	24	10	0	58	72	5	153	26	36	26	5	0	0	0	5	0	0	16	8	0	18	0	13	0	0	18	15	24	18	5	61	72	26	178	49	49	72	0	0	46	0	4	0	0	0	7	0	0	0	8	0	0	16	8	0	20	20	13	0	0	80	24	24	20	63	86	75	72	267
270	257	36	40	49	244	17	22	9	36	40	49	14	0	20	9	51	33	98	267	231	14	22	5	17	22	9	5	0	18	5	33	33	18	178	36	40	49	2	0	20	20	6	0	0	0	14	0	20	9	51	33	98	267	218	14	22	0	14	22	5	5	0	10	0	30	33	10	153	17	22	9	2	0	18	0	6	0	0	0	5	0	18	5	33	33	18	178	36	40	49	3	0	0	0	4	0	0	16	2	0	20	20	6	0	0	0	14	0	20	9	51	33	98	267	205	13	22	0	14	22	0	5	0	0	0	30	33	0	153	14	22	5	0	0	10	0	1	0	0	0	5	0	10	0	30	33	10	153	17	22	9	1	0	0	0	1	0	0	16	2	0	18	0	6	0	0	0	5	0	18	5	33	33	18	178	36	40	49	0	0	10	0	0	0	0	0	3	0	0	0	4	0	0	16	2	0	20	20	6	0	0	0	14	0	20	9	51	33	98	267
302	287	44	77	24	272	19	42	9	44	77	24	17	30	20	9	57	107	120	126	257	15	36	5	19	42	9	11	0	18	5	30	66	45	101	44	77	24	6	0	20	20	19	22	24	0	17	30	20	9	57	107	120	126	242	14	36	0	15	36	5	11	0	10	0	25	60	25	79	19	42	9	2	0	18	0	10	12	9	0	11	0	18	5	30	66	45	101	44	77	24	9	0	0	0	7	6	0	16	6	0	20	20	19	22	24	0	17	30	20	9	57	107	120	126	227	13	36	0	14	36	0	11	0	0	0	24	60	0	79	15	36	5	0	0	10	0	3	0	5	0	11	0	10	0	25	60	25	79	19	42	9	7	0	0	0	5	0	0	16	2	0	18	0	10	12	9	0	11	0	18	5	30	66	45	101	44	77	24	9	0	10	0	4	0	0	0	9	0	0	0	7	6	0	16	6	0	20	20	19	22	24	0	17	30	20	9	57	107	120	126
210	200	11	0	71	190	6	0	27	11	0	71	0	0	20	40	16	0	0	273	180	6	0	27	6	0	27	0	0	14	40	10	0	0	167	11	0	71	0	0	0	0	8	0	0	0	0	0	20	40	16	0	0	273	170	6	0	27	6	0	27	0	0	14	40	10	0	0	139	6	0	27	0	0	0	0	0	0	0	0	0	0	14	40	10	0	0	167	11	0	71	0	0	0	0	0	0	0	0	0	0	0	0	8	0	0	0	0	0	20	40	16	0	0	273	160	6	0	22	6	0	27	0	0	14	34	10	0	0	101	6	0	27	0	0	0	0	0	0	0	0	0	0	14	40	10	0	0	139	6	0	27	0	0	0	0	0	0	0	0	0	0	0	0	0	0	0	0	0	0	14	40	10	0	0	167	11	0	71	0	0	0	28	0	0	0	0	0	0	0	0	0	0	0	0	0	0	0	0	8	0	0	0	0	0	20	40	16	0	0	273
189	180	14	0	49	171	5	0	16	14	0	49	0	0	20	18	22	0	0	224	162	5	0	16	5	0	16	0	0	14	18	8	0	0	158	14	0	49	4	0	0	0	15	0	0	0	0	0	20	18	22	0	0	224	153	4	0	16	5	0	16	0	0	14	18	8	0	0	134	5	0	16	0	0	0	0	1	0	0	0	0	0	14	18	8	0	0	158	14	0	49	0	0	0	0	1	0	0	0	4	0	0	0	15	0	0	0	0	0	20	18	22	0	0	224	144	4	0	11	4	0	16	0	0	14	12	7	0	0	101	5	0	16	0	0	0	0	1	0	0	0	0	0	14	18	8	0	0	134	5	0	16	0	0	0	0	1	0	0	0	0	0	0	0	1	0	0	0	0	0	14	18	8	0	0	158	14	0	49	0	0	0	28	0	0	0	0	0	0	0	0	1	0	0	0	4	0	0	0	15	0	0	0	0	0	20	18	22	0	0	224
229	218	32	18	52	207	21	0	26	32	18	52	16	0	48	58	56	18	104	156	196	18	0	25	21	0	26	13	0	34	54	32	0	52	114	32	18	52	6	0	0	9	26	27	0	0	16	0	48	58	56	18	104	156	185	16	0	21	18	0	25	13	0	32	38	28	0	50	90	21	0	26	0	0	0	5	12	0	0	0	13	0	34	54	32	0	52	114	32	18	52	7	0	14	20	6	0	0	0	6	0	0	9	26	27	0	0	16	0	48	58	56	18	104	156	174	16	0	11	16	0	21	13	0	24	12	26	0	42	60	18	0	25	0	0	0	0	7	0	0	0	13	0	32	38	28	0	50	90	21	0	26	7	0	10	0	6	0	0	0	0	0	0	5	12	0	0	0	13	0	34	54	32	0	52	114	32	18	52	13	0	0	28	4	0	0	16	7	0	14	20	6	0	0	0	6	0	0	9	26	27	0	0	16	0	48	58	56	18	104	156
287	273	55	49	75	259	34	13	49	55	49	75	44	0	104	58	123	85	300	156	245	25	9	48	34	13	49	24	0	90	54	69	13	196	114	55	49	75	11	36	20	9	41	67	0	0	44	0	104	58	123	85	300	156	231	20	0	37	25	9	48	19	0	88	38	49	9	192	90	34	13	49	0	0	20	5	22	13	0	0	24	0	90	54	69	13	196	114	55	49	75	7	0	47	67	9	13	75	0	11	36	20	9	41	67	0	0	44	0	104	58	123	85	300	156	217	20	0	11	20	0	37	19	0	61	12	39	0	148	60	25	9	48	0	0	20	0	14	9	0	0	19	0	88	38	49	9	192	90	34	13	49	7	0	43	0	9	13	49	0	0	0	20	5	22	13	0	0	24	0	90	54	69	13	196	114	55	49	75	17	0	0	28	4	0	0	71	7	0	47	67	9	13	75	0	11	36	20	9	41	67	0	0	44	0	104	58	123	85	300	156
183	174	13	8	51	165	8	8	0	13	8	51	2	0	6	0	17	16	0	345	156	8	8	0	8	8	0	2	0	0	0	14	16	0	193	13	8	51	0	0	0	0	5	0	0	0	2	0	6	0	17	16	0	345	147	8	8	0	8	8	0	2	0	0	0	14	16	0	144	8	8	0	0	0	0	0	0	0	0	0	2	0	0	0	14	16	0	193	13	8	51	0	0	0	0	0	0	0	0	0	0	0	0	5	0	0	0	2	0	6	0	17	16	0	345	138	8	8	0	8	8	0	2	0	0	0	14	16	0	101	8	8	0	0	0	0	0	0	0	0	0	2	0	0	0	14	16	0	144	8	8	0	0	0	0	0	0	0	0	0	0	0	0	0	0	0	0	0	2	0	0	0	14	16	0	193	13	8	51	0	0	0	0	0	0	0	0	0	0	0	0	0	0	0	0	0	0	0	0	5	0	0	0	2	0	6	0	17	16	0	345
282	266	55	92	56	250	34	74	27	55	92	56	37	104	0	86	124	165	56	127	234	25	60	17	34	74	27	25	90	0	48	82	121	27	75	55	92	56	22	0	25	40	32	45	112	24	37	104	0	86	124	165	56	127	218	22	54	16	25	60	17	18	90	0	46	59	100	17	73	34	74	27	17	0	14	36	19	38	54	9	25	90	0	48	82	121	27	75	55	92	56	12	48	0	9	14	24	0	0	22	0	25	40	32	45	112	24	37	104	0	86	124	165	56	127	202	18	45	12	22	54	16	10	72	0	38	51	84	16	58	25	60	17	5	0	10	20	15	10	34	5	18	90	0	46	59	100	17	73	34	74	27	4	42	0	5	10	21	0	0	17	0	14	36	19	38	54	9	25	90	0	48	82	121	27	75	55	92	56	12	69	0	20	4	32	0	0	12	48	0	9	14	24	0	0	22	0	25	40	32	45	112	24	37	104	0	86	124	165	56	127
236	224	60	29	52	212	37	9	37	60	29	52	48	18	29	51	147	83	104	75	200	25	0	37	37	9	37	24	0	27	51	84	9	74	49	60	29	52	5	0	45	0	35	20	52	0	48	18	29	51	147	83	104	75	188	24	0	37	25	0	37	23	0	27	51	60	0	74	48	37	9	37	4	0	33	0	24	9	37	0	24	0	27	51	84	9	74	49	60	29	52	6	0	0	0	15	11	0	0	5	0	45	0	35	20	52	0	48	18	29	51	147	83	104	75	176	24	0	30	24	0	37	23	0	27	44	58	0	74	37	25	0	37	4	0	33	0	15	0	37	0	23	0	27	51	60	0	74	48	37	9	37	6	0	0	0	10	9	0	0	4	0	33	0	24	9	37	0	24	0	27	51	84	9	74	49	60	29	52	25	0	0	47	8	0	0	0	6	0	0	0	15	11	0	0	5	0	45	0	35	20	52	0	48	18	29	51	147	83	104	75
339	320	95	132	42	301	53	86	32	95	132	42	67	148	48	10	235	352	168	75	282	38	70	32	53	86	32	35	84	46	10	131	242	128	49	95	132	42	8	0	42	0	39	108	84	0	67	148	48	10	235	352	168	75	263	37	70	32	38	70	32	34	84	46	10	89	210	128	48	53	86	32	7	0	31	0	26	92	64	0	35	84	46	10	131	242	128	49	95	132	42	0	0	0	0	25	12	0	0	8	0	42	0	39	108	84	0	67	148	48	10	235	352	168	75	244	37	66	26	37	70	32	34	84	46	5	87	210	128	37	38	70	32	7	0	31	0	22	84	64	0	34	84	46	10	89	210	128	48	53	86	32	0	0	0	0	16	8	0	0	7	0	31	0	26	92	64	0	35	84	46	10	131	242	128	49	95	132	42	31	48	0	35	9	0	0	0	0	0	0	0	25	12	0	0	8	0	42	0	39	108	84	0	67	148	48	10	235	352	168	75
253	240	59	47	47	227	32	7	45	59	47	47	32	35	48	23	155	130	235	0	214	24	0	45	32	7	45	14	0	46	23	89	35	225	0	59	47	47	4	0	47	0	29	7	47	0	32	35	48	23	155	130	235	0	201	24	0	45	24	0	45	14	0	46	23	72	0	225	0	32	7	45	4	0	44	0	18	0	45	0	14	0	46	23	89	35	225	0	59	47	47	0	0	0	0	11	0	0	0	4	0	47	0	29	7	47	0	32	35	48	23	155	130	235	0	188	24	0	37	24	0	45	14	0	46	16	72	0	225	0	24	0	45	4	0	44	0	14	0	45	0	14	0	46	23	72	0	225	0	32	7	45	0	0	0	0	6	0	0	0	4	0	44	0	18	0	45	0	14	0	46	23	89	35	225	0	59	47	47	12	0	0	57	4	0	0	0	0	0	0	0	11	0	0	0	4	0	47	0	29	7	47	0	32	35	48	23	155	130	235	0
226	213	56	57	34	200	36	46	14	56	57	34	50	38	0	28	147	109	34	127	187	24	40	10	36	46	14	32	32	0	20	86	62	14	75	56	57	34	4	0	25	40	28	39	34	0	50	38	0	28	147	109	34	127	174	23	40	9	24	40	10	31	32	0	18	57	56	10	73	36	46	14	3	0	14	36	18	38	14	0	32	32	0	20	86	62	14	75	56	57	34	13	0	0	9	23	7	0	0	4	0	25	40	28	39	34	0	50	38	0	28	147	109	34	127	161	23	36	5	23	40	9	31	32	0	10	55	56	9	58	24	40	10	3	0	10	20	10	32	10	0	31	32	0	18	57	56	10	73	36	46	14	13	0	0	5	17	6	0	0	3	0	14	36	18	38	14	0	32	32	0	20	86	62	14	75	56	57	34	32	28	0	20	10	0	0	0	13	0	0	9	23	7	0	0	4	0	25	40	28	39	34	0	50	38	0	28	147	109	34	127
184	174	31	9	49	164	20	9	27	31	9	49	13	0	36	51	87	18	0	89	154	19	9	27	20	9	27	10	0	11	51	53	18	0	77	31	9	49	3	0	0	0	14	0	0	0	13	0	36	51	87	18	0	89	144	19	9	27	19	9	27	10	0	11	51	53	18	0	77	20	9	27	3	0	0	0	12	0	0	0	10	0	11	51	53	18	0	77	31	9	49	0	0	0	0	2	0	0	0	3	0	0	0	14	0	0	0	13	0	36	51	87	18	0	89	134	19	9	27	19	9	27	10	0	11	51	53	18	0	77	19	9	27	3	0	0	0	12	0	0	0	10	0	11	51	53	18	0	77	20	9	27	0	0	0	0	0	0	0	0	3	0	0	0	12	0	0	0	10	0	11	51	53	18	0	77	31	9	49	7	0	0	0	0	0	0	0	0	0	0	0	2	0	0	0	3	0	0	0	14	0	0	0	13	0	36	51	87	18	0	89
165	155	46	29	13	145	25	24	4	46	29	13	21	0	7	8	98	91	13	47	135	22	24	4	25	24	4	11	0	0	8	52	66	4	45	46	29	13	3	0	0	0	12	12	0	0	21	0	7	8	98	91	13	47	125	22	24	4	22	24	4	11	0	0	8	48	66	4	45	25	24	4	3	0	0	0	11	12	0	0	11	0	0	8	52	66	4	45	46	29	13	0	0	0	0	3	0	0	0	3	0	0	0	12	12	0	0	21	0	7	8	98	91	13	47	115	22	24	4	22	24	4	11	0	0	8	48	66	4	45	22	24	4	3	0	0	0	11	12	0	0	11	0	0	8	48	66	4	45	25	24	4	0	0	0	0	0	0	0	0	3	0	0	0	11	12	0	0	11	0	0	8	52	66	4	45	46	29	13	7	0	0	0	3	0	0	0	0	0	0	0	3	0	0	0	3	0	0	0	12	12	0	0	21	0	7	8	98	91	13	47
273	257	79	86	38	241	45	59	11	79	86	38	47	24	60	33	192	225	114	141	225	42	48	10	45	59	11	39	0	22	30	121	153	33	114	79	86	38	9	36	0	10	34	32	38	0	47	24	60	33	192	225	114	141	209	41	48	10	42	48	10	38	0	20	30	114	144	30	114	45	59	11	8	36	0	10	24	24	11	0	39	0	22	30	121	153	33	114	79	86	38	1	0	0	0	15	8	0	0	9	36	0	10	34	32	38	0	47	24	60	33	192	225	114	141	193	41	45	10	41	48	10	38	0	20	30	112	144	30	114	42	48	10	8	36	0	10	24	24	10	0	38	0	20	30	114	144	30	114	45	59	11	1	0	0	0	6	0	0	0	8	36	0	10	24	24	11	0	39	0	22	30	121	153	33	114	79	86	38	22	33	0	0	7	0	0	0	1	0	0	0	15	8	0	0	9	36	0	10	34	32	38	0	47	24	60	33	192	225	114	141
294	277	105	97	51	260	62	53	11	105	97	51	89	54	80	33	244	330	255	231	243	52	52	10	62	53	11	58	52	22	30	156	186	55	155	105	97	51	40	13	0	10	45	83	0	0	89	54	80	33	244	330	255	231	226	46	52	10	52	52	10	48	52	20	30	128	182	50	141	62	53	11	22	13	0	10	31	26	0	0	58	52	22	30	156	186	55	155	105	97	51	17	0	0	0	18	64	0	0	40	13	0	10	45	83	0	0	89	54	80	33	244	330	255	231	209	39	47	10	46	52	10	40	52	20	30	112	182	50	139	52	52	10	10	13	0	10	31	26	0	0	48	52	20	30	128	182	50	141	62	53	11	3	0	0	0	6	28	0	0	22	13	0	10	31	26	0	0	58	52	22	30	156	186	55	155	105	97	51	33	40	21	0	10	32	0	0	17	0	0	0	18	64	0	0	40	13	0	10	45	83	0	0	89	54	80	33	244	330	255	231
196	184	71	45	15	172	41	35	0	71	45	15	44	28	23	0	179	131	15	89	160	38	35	0	41	35	0	34	28	0	0	106	105	0	77	71	45	15	8	0	0	0	33	14	0	0	44	28	23	0	179	131	15	89	148	38	35	0	38	35	0	34	28	0	0	102	105	0	77	41	35	0	8	0	0	0	24	14	0	0	34	28	0	0	106	105	0	77	71	45	15	0	0	0	0	14	0	0	0	8	0	0	0	33	14	0	0	44	28	23	0	179	131	15	89	136	38	35	0	38	35	0	34	28	0	0	102	105	0	77	38	35	0	8	0	0	0	24	14	0	0	34	28	0	0	102	105	0	77	41	35	0	0	0	0	0	4	0	0	0	8	0	0	0	24	14	0	0	34	28	0	0	106	105	0	77	71	45	15	27	0	0	0	10	0	0	0	0	0	0	0	14	0	0	0	8	0	0	0	33	14	0	0	44	28	23	0	179	131	15	89
330	311	89	83	98	292	63	18	69	89	83	98	86	0	46	76	219	145	490	102	273	54	18	57	63	18	69	60	0	38	33	176	54	345	26	89	83	98	47	0	19	55	25	0	0	47	86	0	46	76	219	145	490	102	254	49	18	56	54	18	57	49	0	38	31	147	54	285	24	63	18	69	35	0	19	52	25	0	0	45	60	0	38	33	176	54	345	26	89	83	98	16	0	10	10	14	0	0	0	47	0	19	55	25	0	0	47	86	0	46	76	219	145	490	102	235	44	18	55	49	18	56	41	0	38	31	135	54	280	24	54	18	57	23	0	19	52	25	0	0	45	49	0	38	31	147	54	285	24	63	18	69	8	0	10	10	14	0	0	0	35	0	19	52	25	0	0	45	60	0	38	33	176	54	345	26	89	83	98	17	0	8	9	2	0	0	0	16	0	10	10	14	0	0	0	47	0	19	55	25	0	0	47	86	0	46	76	219	145	490	102
336	317	87	51	136	298	61	33	110	87	51	136	91	33	46	91	202	103	136	89	279	53	16	69	61	33	110	66	16	38	22	165	82	110	22	87	51	136	42	16	19	129	29	0	136	184	91	33	46	91	202	103	136	89	260	45	0	56	53	16	69	56	0	38	20	139	32	69	20	61	33	110	31	0	19	84	29	0	110	110	66	16	38	22	165	82	110	22	87	51	136	15	0	52	51	12	0	136	75	42	16	19	129	29	0	136	184	91	33	46	91	202	103	136	89	241	31	0	51	45	0	56	39	0	38	20	119	0	56	20	53	16	69	19	0	19	76	29	0	69	96	56	0	38	20	139	32	69	20	61	33	110	7	0	49	43	12	0	110	49	31	0	19	84	29	0	110	110	66	16	38	22	165	82	110	22	87	51	136	17	0	84	49	2	0	0	0	15	0	52	51	12	0	136	75	42	16	19	129	29	0	136	184	91	33	46	91	202	103	136	89
315	295	121	158	26	275	72	124	17	121	158	26	106	192	20	7	286	424	52	51	255	59	83	10	72	124	17	72	114	20	0	195	365	34	11	121	158	26	34	192	10	0	31	117	78	56	106	192	20	7	286	424	52	51	235	51	58	10	59	83	10	67	56	20	0	153	238	20	10	72	124	17	18	132	10	0	21	103	51	27	72	114	20	0	195	365	34	11	121	158	26	11	98	34	0	26	36	52	0	34	192	10	0	31	117	78	56	106	192	20	7	286	424	52	51	215	47	27	9	51	58	10	58	0	20	0	133	173	20	10	59	83	10	18	36	10	0	21	82	30	17	67	56	20	0	153	238	20	10	72	124	17	11	36	31	0	26	36	34	0	18	132	10	0	21	103	51	27	72	114	20	0	195	365	34	11	121	158	26	31	27	32	9	9	0	104	0	11	98	34	0	26	36	52	0	34	192	10	0	31	117	78	56	106	192	20	7	286	424	52	51
293	275	92	119	27	257	56	65	19	92	119	27	69	157	38	0	227	240	135	51	239	50	39	19	56	65	19	58	37	38	0	161	144	95	11	92	119	27	39	35	19	0	20	0	81	0	69	157	38	0	227	240	135	51	221	46	32	19	50	39	19	50	16	38	0	140	78	95	10	56	65	19	32	0	19	0	20	0	57	0	58	37	38	0	161	144	95	11	91	119	27	16	0	10	0	14	0	27	0	39	35	19	0	20	0	81	0	69	157	38	0	223	240	135	51	203	41	32	18	46	32	19	42	16	38	0	130	64	95	10	50	39	19	20	0	19	0	20	0	57	0	50	16	38	0	140	78	95	10	55	65	19	8	0	10	0	14	0	19	0	32	0	19	0	20	0	57	0	58	37	38	0	157	144	95	11	91	119	27	14	0	8	9	2	0	0	0	16	0	10	0	14	0	27	0	39	35	19	0	20	0	81	0	69	157	38	0	223	240	135	51
281	263	113	116	34	245	75	80	8	113	116	34	98	141	8	32	270	306	102	104	227	66	77	0	75	80	8	69	132	0	0	198	262	24	22	113	116	34	51	33	0	0	49	22	0	42	98	141	8	32	270	306	102	104	209	60	77	0	66	77	0	59	132	0	0	171	253	0	20	75	80	8	33	33	0	0	42	22	0	32	69	132	0	0	198	262	24	22	113	116	34	16	0	0	0	16	28	0	0	51	33	0	0	49	22	0	42	98	141	8	32	270	306	102	104	191	53	68	0	60	77	0	51	132	0	0	155	253	0	20	66	77	0	21	33	0	0	42	22	0	32	59	132	0	0	171	253	0	20	75	80	8	8	0	0	0	12	22	0	0	33	33	0	0	42	22	0	32	69	132	0	0	198	262	24	22	113	116	34	20	72	32	0	14	0	0	0	16	0	0	0	16	28	0	0	51	33	0	0	49	22	0	42	98	141	8	32	270	306	102	104
216	202	50	35	79	188	33	33	44	50	35	79	40	22	57	67	138	46	0	159	174	31	33	44	33	33	44	36	22	29	67	92	44	0	96	50	35	79	15	0	21	0	11	0	0	0	40	22	57	67	138	46	0	159	160	31	33	44	31	33	44	36	22	29	67	88	44	0	76	33	33	44	15	0	10	0	11	0	0	0	36	22	29	67	92	44	0	96	49	35	79	5	0	0	0	10	0	0	0	15	0	21	0	11	0	0	0	40	22	57	67	134	46	0	159	146	28	33	44	31	33	44	36	22	29	67	88	44	0	75	31	33	44	15	0	10	0	11	0	0	0	36	22	29	67	88	44	0	76	32	33	44	5	0	0	0	10	0	0	0	15	0	10	0	11	0	0	0	36	22	29	67	88	44	0	96	48	35	79	2	0	24	0	2	0	0	0	5	0	0	0	10	0	0	0	15	0	21	0	11	0	0	0	40	22	57	67	133	46	0	159
303	284	63	95	97	265	33	34	70	63	95	97	31	17	98	67	163	249	485	125	246	31	34	70	33	34	70	27	17	70	67	92	68	350	88	63	95	97	12	0	21	0	8	0	0	0	31	17	98	67	163	249	485	125	227	31	34	70	31	34	70	27	17	70	67	88	68	350	76	33	34	70	12	0	10	0	8	0	0	0	27	17	70	67	92	68	350	88	62	95	97	5	0	0	0	8	0	0	0	12	0	21	0	8	0	0	0	31	17	98	67	159	249	485	125	208	31	34	70	31	34	70	27	17	70	67	88	68	350	75	31	34	70	12	0	10	0	8	0	0	0	27	17	70	67	88	68	350	76	32	34	70	5	0	0	0	8	0	0	0	12	0	10	0	8	0	0	0	27	17	70	67	88	68	350	88	62	95	97	2	0	0	0	2	0	0	0	5	0	0	0	8	0	0	0	12	0	21	0	8	0	0	0	31	17	98	67	159	249	485	125
216	201	76	67	46	186	48	59	8	76	67	46	59	82	42	24	205	156	0	185	171	42	55	0	48	59	8	38	74	0	0	135	141	0	113	76	67	46	38	38	21	0	26	30	0	38	59	82	42	24	205	156	0	185	156	36	54	0	42	55	0	30	72	0	0	118	136	0	86	48	59	8	18	36	0	0	22	27	0	11	38	74	0	0	135	141	0	113	74	67	46	7	9	28	0	10	18	0	0	38	38	21	0	26	30	0	38	59	82	42	24	197	156	0	185	141	30	54	0	36	54	0	30	72	0	0	107	135	0	85	42	55	0	18	36	0	0	21	27	0	10	30	72	0	0	118	136	0	86	46	59	8	7	9	0	0	10	18	0	0	18	36	0	0	22	27	0	11	38	74	0	0	127	141	0	113	73	67	46	5	0	57	0	5	0	0	0	7	9	28	0	10	18	0	0	38	38	21	0	26	30	0	38	59	82	42	24	196	156	0	185
253	235	99	113	51	217	57	92	0	99	113	51	73	144	58	0	241	348	51	321	199	49	84	0	57	92	0	46	128	0	0	144	280	0	223	98	113	51	61	88	37	0	33	52	0	0	73	144	58	0	240	348	51	321	181	39	80	0	49	84	0	38	120	0	0	125	262	0	155	56	92	0	21	80	0	0	25	44	0	0	46	128	0	0	143	280	0	223	96	113	51	17	40	28	0	7	60	0	0	61	88	37	0	33	52	0	0	73	144	58	0	232	348	51	321	163	34	78	0	39	80	0	30	120	0	0	102	250	0	141	48	84	0	21	80	0	0	24	42	0	0	38	120	0	0	124	262	0	155	54	92	0	7	40	0	0	7	60	0	0	21	80	0	0	25	44	0	0	46	128	0	0	135	280	0	223	95	113	51	17	18	24	0	6	20	0	0	17	40	28	0	7	60	0	0	61	88	37	0	33	52	0	0	73	144	58	0	231	348	51	321
137	128	41	21	20	119	27	14	0	41	21	20	29	7	21	0	108	35	20	125	110	26	14	0	27	14	0	26	7	0	0	71	28	0	88	41	21	20	12	0	7	0	7	0	0	0	29	7	21	0	108	35	20	125	101	26	14	0	26	14	0	26	7	0	0	69	28	0	76	27	14	0	12	0	0	0	7	0	0	0	26	7	0	0	71	28	0	88	40	21	20	5	0	0	0	8	0	0	0	12	0	7	0	7	0	0	0	29	7	21	0	104	35	20	125	92	26	14	0	26	14	0	26	7	0	0	69	28	0	75	26	14	0	12	0	0	0	7	0	0	0	26	7	0	0	69	28	0	76	26	14	0	5	0	0	0	8	0	0	0	12	0	0	0	7	0	0	0	26	7	0	0	67	28	0	88	40	21	20	2	0	0	0	2	0	0	0	5	0	0	0	8	0	0	0	12	0	7	0	7	0	0	0	29	7	21	0	104	35	20	125
301	282	48	48	156	263	21	0	127	48	48	156	15	0	95	178	103	112	468	97	244	17	0	90	21	0	127	7	0	83	99	60	0	381	70	48	48	156	4	0	36	67	14	0	0	189	15	0	95	178	103	112	468	97	225	17	0	90	17	0	90	7	0	42	99	55	0	270	70	21	0	127	4	0	28	67	10	0	0	146	7	0	83	99	60	0	381	70	48	48	156	3	0	0	0	2	0	0	0	4	0	36	67	14	0	0	189	15	0	95	178	103	112	468	97	206	16	0	90	17	0	90	7	0	42	99	55	0	270	70	17	0	90	0	0	0	67	3	0	0	98	7	0	42	99	55	0	270	70	21	0	127	1	0	0	0	2	0	0	0	4	0	28	67	10	0	0	146	7	0	83	99	60	0	381	70	48	48	156	0	0	9	0	0	0	0	0	3	0	0	0	2	0	0	0	4	0	36	67	14	0	0	189	15	0	95	178	103	112	468	97
126	118	27	12	20	110	10	0	8	27	12	20	4	0	8	0	62	18	40	97	102	10	0	8	10	0	8	4	0	8	0	33	0	16	70	27	12	20	0	0	0	0	1	0	0	0	4	0	8	0	62	18	40	97	94	10	0	8	10	0	8	4	0	8	0	33	0	16	70	10	0	8	0	0	0	0	1	0	0	0	4	0	8	0	33	0	16	70	27	12	20	0	0	0	0	0	0	0	0	0	0	0	0	1	0	0	0	4	0	8	0	62	18	40	97	86	10	0	8	10	0	8	4	0	8	0	33	0	16	70	10	0	8	0	0	0	0	1	0	0	0	4	0	8	0	33	0	16	70	10	0	8	0	0	0	0	0	0	0	0	0	0	0	0	1	0	0	0	4	0	8	0	33	0	16	70	27	12	20	0	0	0	0	0	0	0	0	0	0	0	0	0	0	0	0	0	0	0	0	1	0	0	0	4	0	8	0	62	18	40	97
215	200	61	68	42	185	28	36	14	61	68	42	32	0	30	49	118	192	168	148	170	23	36	0	28	36	14	19	0	21	0	75	120	56	70	61	68	42	12	0	36	0	17	12	0	53	32	0	30	49	118	192	168	148	155	23	36	0	23	36	0	19	0	0	0	70	120	0	70	28	36	14	12	0	28	0	13	12	0	36	19	0	21	0	75	120	56	70	61	68	42	7	0	0	0	8	0	0	0	12	0	36	0	17	12	0	53	32	0	30	49	118	192	168	148	140	20	36	0	23	36	0	19	0	0	0	70	120	0	70	23	36	0	8	0	0	0	6	12	0	29	19	0	0	0	70	120	0	70	28	36	14	5	0	0	0	8	0	0	0	12	0	28	0	13	12	0	36	19	0	21	0	75	120	56	70	61	68	42	0	0	27	0	2	0	0	0	7	0	0	0	8	0	0	0	12	0	36	0	17	12	0	53	32	0	30	49	118	192	168	148
190	177	51	53	21	164	19	22	7	51	53	21	13	11	18	14	96	169	105	97	151	15	22	0	19	22	7	5	11	14	0	48	99	35	70	50	53	21	4	0	36	0	15	0	0	26	13	11	18	14	95	169	105	97	138	15	22	0	15	22	0	5	11	0	0	43	99	0	70	18	22	7	4	0	28	0	10	0	0	17	5	11	14	0	47	99	35	70	50	53	21	3	0	0	0	2	0	0	0	4	0	36	0	15	0	0	26	13	11	18	14	95	169	105	97	125	14	22	0	15	22	0	5	11	0	0	43	99	0	70	14	22	0	0	0	0	0	3	0	0	10	5	11	0	0	42	99	0	70	18	22	7	1	0	0	0	2	0	0	0	4	0	28	0	10	0	0	17	5	11	14	0	47	99	35	70	50	53	21	0	0	9	0	0	0	0	0	3	0	0	0	2	0	0	0	4	0	36	0	15	0	0	26	13	11	18	14	95	169	105	97
155	144	38	33	30	133	12	24	7	38	33	30	4	16	12	35	85	92	30	117	122	12	24	0	12	24	7	4	16	7	0	32	80	7	70	37	33	30	0	0	0	0	2	0	0	27	4	16	12	35	84	92	30	117	111	12	24	0	12	24	0	4	16	0	0	32	80	0	70	11	24	7	0	0	0	0	1	0	0	19	4	16	7	0	31	80	7	70	37	33	30	0	0	0	0	0	0	0	0	0	0	0	0	2	0	0	27	4	16	12	35	84	92	30	117	100	12	24	0	12	24	0	4	16	0	0	32	80	0	70	11	24	0	0	0	0	0	1	0	0	19	4	16	0	0	31	80	0	70	11	24	7	0	0	0	0	0	0	0	0	0	0	0	0	1	0	0	19	4	16	7	0	31	80	7	70	37	33	30	0	0	0	0	0	0	0	0	0	0	0	0	0	0	0	0	0	0	0	0	2	0	0	27	4	16	12	35	84	92	30	117
268	250	29	32	152	232	13	0	107	29	32	152	4	0	78	108	51	0	304	239	214	13	0	97	13	0	107	4	0	66	84	41	0	214	156	29	32	152	4	0	0	93	15	0	0	0	4	0	78	108	51	0	304	239	196	12	0	60	13	0	97	4	0	58	22	41	0	194	98	13	0	107	0	0	0	20	3	0	0	0	4	0	66	84	41	0	214	156	29	32	152	1	0	12	74	2	0	0	189	4	0	0	93	15	0	0	0	4	0	78	108	51	0	304	239	178	12	0	59	12	0	60	4	0	24	22	37	0	120	98	13	0	97	0	0	0	20	3	0	0	0	4	0	58	22	41	0	194	98	13	0	107	1	0	9	72	2	0	0	146	0	0	0	20	3	0	0	0	4	0	66	84	41	0	214	156	29	32	152	0	0	0	7	0	0	0	0	1	0	12	74	2	0	0	189	4	0	0	93	15	0	0	0	4	0	78	108	51	0	304	239
209	195	22	13	89	181	12	0	43	22	13	89	5	0	0	28	41	0	89	269	167	12	0	43	12	0	43	5	0	0	28	38	0	43	163	22	13	89	0	0	0	0	6	0	0	0	5	0	0	28	41	0	89	269	153	12	0	43	12	0	43	5	0	0	28	38	0	43	98	12	0	43	0	0	0	0	2	0	0	0	5	0	0	28	38	0	43	163	22	13	89	0	0	0	0	0	0	0	0	0	0	0	0	6	0	0	0	5	0	0	28	41	0	89	269	139	12	0	43	12	0	43	5	0	0	28	38	0	43	98	12	0	43	0	0	0	0	2	0	0	0	5	0	0	28	38	0	43	98	12	0	43	0	0	0	0	0	0	0	0	0	0	0	0	2	0	0	0	5	0	0	28	38	0	43	163	22	13	89	0	0	0	0	0	0	0	0	0	0	0	0	0	0	0	0	0	0	0	0	6	0	0	0	5	0	0	28	41	0	89	269
163	152	18	18	47	141	6	0	41	18	18	47	3	0	30	0	23	0	94	21	130	6	0	41	6	0	41	3	0	30	0	18	0	82	7	18	18	47	0	0	0	0	6	0	0	0	3	0	30	0	23	0	94	21	119	6	0	39	6	0	41	3	0	30	0	18	0	82	0	6	0	41	0	0	0	0	1	0	0	0	3	0	30	0	18	0	82	7	18	18	47	0	0	0	16	0	0	0	0	0	0	0	0	6	0	0	0	3	0	30	0	23	0	94	21	108	6	0	38	6	0	39	3	0	24	0	18	0	78	0	6	0	41	0	0	0	0	1	0	0	0	3	0	30	0	18	0	82	0	6	0	41	0	0	0	14	0	0	0	0	0	0	0	0	1	0	0	0	3	0	30	0	18	0	82	7	18	18	47	0	0	0	7	0	0	0	0	0	0	0	16	0	0	0	0	0	0	0	0	6	0	0	0	3	0	30	0	23	0	94	21
217	201	46	77	52	185	20	39	19	46	77	52	23	26	78	27	85	144	208	219	169	15	39	17	20	39	19	13	26	66	21	58	117	76	148	46	77	52	6	0	0	14	12	49	0	0	23	26	78	27	85	144	208	219	153	14	39	8	15	39	17	13	26	58	0	42	117	68	90	20	39	19	2	0	0	0	3	13	0	0	13	26	66	21	58	117	76	148	46	77	52	7	0	12	16	10	0	0	26	6	0	0	14	12	49	0	0	23	26	78	27	85	144	208	219	137	14	39	7	14	39	8	13	26	24	0	38	117	32	90	15	39	17	2	0	0	0	3	13	0	0	13	26	58	0	42	117	68	90	20	39	19	7	0	9	14	10	0	0	17	2	0	0	0	3	13	0	0	13	26	66	21	58	117	76	148	46	77	52	14	0	0	7	2	0	0	0	7	0	12	16	10	0	0	26	6	0	0	14	12	49	0	0	23	26	78	27	85	144	208	219
126	117	17	20	14	108	8	8	0	17	20	14	3	0	0	0	31	0	28	63	99	8	8	0	8	8	0	3	0	0	0	28	0	0	21	17	20	14	0	0	0	0	6	0	0	0	3	0	0	0	31	0	28	63	90	8	8	0	8	8	0	3	0	0	0	28	0	0	0	8	8	0	0	0	0	0	2	0	0	0	3	0	0	0	28	0	0	21	17	20	14	0	0	0	0	0	0	0	0	0	0	0	0	6	0	0	0	3	0	0	0	31	0	28	63	81	8	8	0	8	8	0	3	0	0	0	28	0	0	0	8	8	0	0	0	0	0	2	0	0	0	3	0	0	0	28	0	0	0	8	8	0	0	0	0	0	0	0	0	0	0	0	0	0	2	0	0	0	3	0	0	0	28	0	0	21	17	20	14	0	0	0	0	0	0	0	0	0	0	0	0	0	0	0	0	0	0	0	0	6	0	0	0	3	0	0	0	31	0	28	63
126	117	8	0	74	108	5	0	18	8	0	74	4	0	8	30	25	0	0	354	99	4	0	18	5	0	18	2	0	8	30	13	0	0	210	8	0	74	0	0	0	0	2	0	0	0	4	0	8	30	25	0	0	354	90	4	0	18	4	0	18	2	0	8	30	9	0	0	198	5	0	18	0	0	0	0	1	0	0	0	2	0	8	30	13	0	0	210	8	0	74	0	0	0	0	2	0	0	0	0	0	0	0	2	0	0	0	4	0	8	30	25	0	0	354	81	4	0	15	4	0	18	2	0	8	24	9	0	0	150	4	0	18	0	0	0	0	1	0	0	0	2	0	8	30	9	0	0	198	5	0	18	0	0	0	0	2	0	0	0	0	0	0	0	1	0	0	0	2	0	8	30	13	0	0	210	8	0	74	0	0	0	23	0	0	0	0	0	0	0	0	2	0	0	0	0	0	0	0	2	0	0	0	4	0	8	30	25	0	0	354
154	143	31	0	75	132	25	0	30	31	0	75	31	0	8	54	89	0	0	265	121	17	0	27	25	0	30	20	0	8	48	65	0	0	167	31	0	75	2	0	14	27	10	0	0	0	31	0	8	54	89	0	0	265	110	17	0	25	17	0	27	20	0	8	44	33	0	0	155	25	0	30	2	0	12	21	8	0	0	0	20	0	8	48	65	0	0	167	31	0	75	7	0	0	14	16	0	0	0	2	0	14	27	10	0	0	0	31	0	8	54	89	0	0	265	99	17	0	15	17	0	25	20	0	8	24	33	0	0	107	17	0	27	2	0	9	0	8	0	0	0	20	0	8	44	33	0	0	155	25	0	30	7	0	0	0	16	0	0	0	2	0	12	21	8	0	0	0	20	0	8	48	65	0	0	167	31	0	75	20	0	0	23	4	0	0	26	7	0	0	14	16	0	0	0	2	0	14	27	10	0	0	0	31	0	8	54	89	0	0	265
178	165	53	32	71	152	32	10	57	53	32	71	39	20	76	54	147	128	142	52	139	23	0	54	32	10	57	24	0	76	48	81	40	114	19	53	32	71	10	0	27	27	22	10	71	0	39	20	76	54	147	128	142	52	126	21	0	52	23	0	54	24	0	76	44	48	0	108	17	32	10	57	2	0	25	21	14	0	57	0	24	0	76	48	81	40	114	19	53	32	71	7	0	0	14	20	24	0	0	10	0	27	27	22	10	71	0	39	20	76	54	147	128	142	52	113	21	0	35	21	0	52	24	0	76	24	42	0	104	8	23	0	54	2	0	22	0	14	0	54	0	24	0	76	44	48	0	108	17	32	10	57	7	0	0	0	16	20	0	0	2	0	25	21	14	0	57	0	24	0	76	48	81	40	114	19	53	32	71	24	0	0	87	10	0	0	26	7	0	0	14	20	24	0	0	10	0	27	27	22	10	71	0	39	20	76	54	147	128	142	52
190	173	69	111	31	156	34	90	20	68	111	31	38	146	8	24	142	258	31	52	139	28	70	17	33	90	20	25	120	8	18	71	212	20	19	64	111	31	38	20	14	27	34	10	93	0	35	146	8	24	138	258	31	52	122	22	64	15	27	70	17	25	120	8	14	51	140	17	17	29	90	20	10	20	12	21	15	10	60	0	22	120	8	18	67	212	20	19	64	111	31	14	42	0	14	13	42	0	0	38	20	14	27	34	10	93	0	35	146	8	24	138	258	31	52	105	20	50	7	21	64	15	17	96	8	0	33	113	15	8	23	70	17	10	20	9	0	15	10	51	0	22	120	8	14	47	140	17	17	29	90	20	4	36	0	0	11	36	0	0	10	20	12	21	15	10	60	0	22	120	8	18	67	212	20	19	64	111	31	26	96	0	7	11	14	0	26	14	42	0	14	13	42	0	0	38	20	14	27	34	10	93	0	35	146	8	24	138	258	31	52
169	154	72	87	28	139	41	65	26	71	87	28	44	90	42	24	170	178	56	0	124	30	50	23	40	65	26	31	60	42	18	88	110	52	0	69	87	28	40	0	14	27	38	65	84	0	43	90	42	24	168	178	56	0	109	24	50	21	29	50	23	31	60	42	14	58	50	46	0	38	65	26	12	0	12	21	20	50	78	0	30	60	42	18	86	110	52	0	69	87	28	23	0	0	14	20	42	0	0	40	0	14	27	38	65	84	0	43	90	42	24	168	178	56	0	94	22	44	12	23	50	21	23	60	42	0	40	50	42	0	27	50	23	12	0	9	0	15	50	69	0	30	60	42	14	56	50	46	0	38	65	26	13	0	0	0	16	30	0	0	12	0	12	21	20	50	78	0	30	60	42	18	86	110	52	0	69	87	28	41	42	0	24	14	14	0	26	23	0	0	14	20	42	0	0	40	0	14	27	38	65	84	0	43	90	42	24	168	178	56	0
178	164	65	40	81	150	36	0	53	65	40	81	46	0	97	73	153	100	324	130	136	33	0	53	36	0	53	36	0	53	73	70	0	212	103	65	40	81	11	0	11	0	30	0	0	0	46	0	97	73	153	100	324	130	122	31	0	53	33	0	53	36	0	53	73	63	0	212	94	36	0	53	3	0	11	0	23	0	0	0	36	0	53	73	70	0	212	103	65	40	81	6	0	0	0	20	20	0	0	11	0	11	0	30	0	0	0	46	0	97	73	153	100	324	130	108	29	0	50	31	0	53	36	0	53	73	57	0	212	88	33	0	53	3	0	11	0	23	0	0	0	36	0	53	73	63	0	212	94	36	0	53	0	0	0	0	0	0	0	0	3	0	11	0	23	0	0	0	36	0	53	73	70	0	212	103	65	40	81	32	0	12	24	19	0	0	0	6	0	0	0	20	20	0	0	11	0	11	0	30	0	0	0	46	0	97	73	153	100	324	130
249	227	82	153	81	205	42	97	63	82	153	81	55	116	79	41	183	297	324	99	183	34	85	63	42	97	63	35	68	53	41	86	165	252	83	82	153	81	18	0	23	0	39	85	81	0	55	116	79	41	183	297	324	99	161	32	85	63	34	85	63	35	68	53	41	68	153	252	77	42	97	63	10	0	23	0	28	85	63	0	35	68	53	41	86	165	252	83	82	153	81	3	0	0	0	17	24	0	0	18	0	23	0	39	85	81	0	55	116	79	41	183	297	324	99	139	29	81	59	32	85	63	35	68	53	41	62	153	252	73	34	85	63	10	0	23	0	27	85	63	0	35	68	53	41	68	153	252	77	42	97	63	0	0	0	0	3	0	0	0	10	0	23	0	28	85	63	0	35	68	53	41	86	165	252	83	82	153	81	18	64	0	35	14	48	0	0	3	0	0	0	17	24	0	0	18	0	23	0	39	85	81	0	55	116	79	41	183	297	324	99
170	156	52	52	52	142	27	22	50	52	52	52	28	27	40	28	110	90	156	0	128	24	13	50	27	22	50	21	0	40	28	57	27	150	0	52	52	52	1	0	23	0	23	0	52	0	28	27	40	28	110	90	156	0	114	24	13	50	24	13	50	21	0	40	28	50	0	150	0	27	22	50	1	0	23	0	20	0	50	0	21	0	40	28	57	27	150	0	52	52	52	0	0	0	0	6	0	0	0	1	0	23	0	23	0	52	0	28	27	40	28	110	90	156	0	100	24	13	46	24	13	50	21	0	40	28	50	0	150	0	24	13	50	1	0	23	0	20	0	50	0	21	0	40	28	50	0	150	0	27	22	50	0	0	0	0	0	0	0	0	1	0	23	0	20	0	50	0	21	0	40	28	57	27	150	0	52	52	52	14	0	0	35	12	0	0	0	0	0	0	0	6	0	0	0	1	0	23	0	23	0	52	0	28	27	40	28	110	90	156	0
121	111	36	23	34	101	23	9	34	36	23	34	26	0	7	0	74	21	68	0	91	20	9	34	23	9	34	19	0	7	0	48	0	68	0	36	23	34	1	0	12	0	16	0	0	0	26	0	7	0	74	21	68	0	81	20	9	34	20	9	34	19	0	7	0	41	0	68	0	23	9	34	1	0	12	0	16	0	0	0	19	0	7	0	48	0	68	0	36	23	34	0	0	0	0	2	0	0	0	1	0	12	0	16	0	0	0	26	0	7	0	74	21	68	0	71	20	9	33	20	9	34	19	0	7	0	41	0	68	0	20	9	34	1	0	12	0	16	0	0	0	19	0	7	0	41	0	68	0	23	9	34	0	0	0	0	0	0	0	0	1	0	12	0	16	0	0	0	19	0	7	0	48	0	68	0	36	23	34	8	0	0	11	9	0	0	0	0	0	0	0	2	0	0	0	1	0	12	0	16	0	0	0	26	0	7	0	74	21	68	0
101	91	40	35	6	81	21	24	6	40	35	6	33	18	0	0	81	56	12	0	71	17	24	6	21	24	6	16	18	0	0	43	42	12	0	40	35	6	1	0	0	0	17	12	0	0	33	18	0	0	81	56	12	0	61	17	24	6	17	24	6	16	18	0	0	34	42	12	0	21	24	6	1	0	0	0	14	12	0	0	16	18	0	0	43	42	12	0	40	35	6	0	0	0	0	3	0	0	0	1	0	0	0	17	12	0	0	33	18	0	0	81	56	12	0	51	17	24	6	17	24	6	16	18	0	0	34	42	12	0	17	24	6	1	0	0	0	14	12	0	0	16	18	0	0	34	42	12	0	21	24	6	0	0	0	0	1	0	0	0	1	0	0	0	14	12	0	0	16	18	0	0	43	42	12	0	40	35	6	8	0	0	0	9	0	0	0	0	0	0	0	3	0	0	0	1	0	0	0	17	12	0	0	33	18	0	0	81	56	12	0
178	160	65	101	67	142	34	73	18	65	101	67	49	100	35	61	140	263	134	254	124	29	72	18	34	73	18	25	96	11	61	72	197	36	206	65	101	67	17	12	0	0	39	71	0	0	49	100	35	61	140	263	134	254	106	27	72	18	29	72	18	25	96	11	61	61	192	36	206	34	73	18	9	12	0	0	24	62	0	0	25	96	11	61	72	197	36	206	63	101	67	3	0	0	0	4	0	0	0	17	12	0	0	39	71	0	0	49	100	35	61	135	263	134	254	88	24	70	18	27	72	18	25	96	11	61	55	192	36	206	29	72	18	9	12	0	0	24	60	0	0	25	96	11	61	61	192	36	206	32	73	18	0	0	0	0	2	0	0	0	9	12	0	0	24	62	0	0	25	96	11	61	67	197	36	206	57	101	67	14	20	0	0	12	30	0	0	3	0	0	0	4	0	0	0	17	12	0	0	37	71	0	0	39	100	35	61	122	263	134	254
218	199	100	86	115	180	67	34	83	100	86	115	102	0	64	97	212	245	460	162	161	58	26	57	67	34	83	74	0	49	59	148	102	332	116	98	86	115	56	104	38	69	57	69	0	130	102	0	64	97	210	245	460	162	142	48	0	55	58	26	57	68	0	49	59	130	78	228	116	65	34	83	30	0	38	61	44	17	0	103	74	0	49	59	146	102	332	116	95	86	115	19	0	61	24	6	0	230	0	56	104	38	69	57	69	0	130	100	0	64	97	201	245	460	162	123	37	0	51	48	0	55	52	0	49	59	97	0	220	116	56	26	57	30	0	38	49	43	13	0	94	68	0	49	59	128	78	228	116	62	34	83	6	0	59	18	6	0	166	0	30	0	38	61	44	17	0	103	72	0	49	59	137	102	332	116	93	86	115	31	0	42	36	12	39	0	0	19	0	61	24	6	0	230	0	54	104	38	69	55	69	0	130	96	0	64	97	196	245	460	162
173	157	82	71	59	141	55	39	22	82	71	59	74	26	35	49	179	136	177	214	125	50	39	11	55	39	22	58	26	11	33	120	52	66	166	81	71	59	50	0	0	0	49	56	0	59	74	26	35	49	178	136	177	214	109	42	39	11	50	39	11	58	26	11	33	108	52	33	166	54	39	22	22	0	0	0	38	26	0	46	58	26	11	33	119	52	66	166	80	71	59	16	0	14	0	3	0	0	0	50	0	0	0	49	56	0	59	74	26	35	49	174	136	177	214	93	31	33	11	42	39	11	42	26	11	33	81	52	33	166	49	39	11	22	0	0	0	36	26	0	40	58	26	11	33	107	52	33	166	53	39	22	3	0	12	0	3	0	0	0	22	0	0	0	38	26	0	46	58	26	11	33	115	52	66	166	80	71	59	24	60	42	0	15	30	0	0	16	0	14	0	3	0	0	0	50	0	0	0	49	56	0	59	74	26	35	49	174	136	177	214
188	168	105	162	24	148	63	125	21	101	162	24	84	136	20	16	195	301	120	0	129	52	95	10	60	125	21	58	120	20	0	133	215	105	0	92	143	24	34	212	20	0	53	96	0	59	79	136	20	16	186	282	120	0	110	45	62	10	49	95	10	53	80	20	0	108	151	50	0	51	106	21	20	108	20	0	35	70	0	46	53	120	20	0	124	196	105	0	86	143	24	9	96	34	0	9	18	96	0	34	212	20	0	53	96	0	59	74	136	20	16	165	282	120	0	91	36	38	9	42	62	10	45	20	20	0	86	66	50	0	40	76	10	20	60	20	0	30	51	0	40	48	80	20	0	99	132	50	0	45	106	21	6	38	32	0	9	18	84	0	20	108	20	0	35	70	0	46	48	120	20	0	103	196	105	0	81	143	24	14	90	42	9	6	15	48	0	9	96	34	0	9	18	96	0	30	212	20	0	49	96	0	59	67	136	20	16	152	282	120	0
121	109	49	43	42	97	32	32	0	49	43	42	43	32	21	0	101	83	42	254	85	28	32	0	32	32	0	29	32	0	0	65	72	0	206	49	43	42	10	0	0	0	30	32	0	0	43	32	21	0	101	83	42	254	73	28	32	0	28	32	0	29	32	0	0	57	72	0	206	32	32	0	10	0	0	0	23	32	0	0	29	32	0	0	65	72	0	206	49	43	42	3	0	0	0	3	0	0	0	10	0	0	0	30	32	0	0	43	32	21	0	101	83	42	254	61	25	30	0	28	32	0	29	32	0	0	57	72	0	206	28	32	0	10	0	0	0	22	32	0	0	29	32	0	0	57	72	0	206	32	32	0	0	0	0	0	3	0	0	0	10	0	0	0	23	32	0	0	29	32	0	0	65	72	0	206	49	43	42	14	14	0	0	9	21	0	0	3	0	0	0	3	0	0	0	10	0	0	0	30	32	0	0	43	32	21	0	101	83	42	254
189	171	79	59	122	153	56	17	75	79	59	122	80	0	44	98	178	127	366	265	135	41	17	60	56	17	75	49	0	38	62	140	85	225	144	77	59	122	29	0	80	69	37	34	0	52	80	0	44	98	176	127	366	265	117	39	17	60	41	17	60	41	0	38	62	98	85	180	96	54	17	75	29	0	29	69	35	34	0	50	49	0	38	62	138	85	225	144	68	59	122	9	0	10	0	6	0	0	0	29	0	80	69	37	34	0	52	78	0	44	98	149	127	366	265	99	31	17	60	39	17	60	37	0	38	62	94	85	180	94	39	17	60	21	0	29	69	31	34	0	50	41	0	38	62	96	85	180	96	45	17	75	6	0	0	0	6	0	0	0	29	0	29	69	35	34	0	50	47	0	38	62	111	85	225	144	59	59	122	9	0	40	0	0	0	0	0	9	0	10	0	6	0	0	0	27	0	80	69	33	34	0	52	63	0	44	98	130	127	366	265
169	152	86	91	50	135	52	43	19	86	91	50	60	108	44	29	174	244	200	198	118	41	16	19	52	43	19	46	0	38	29	126	145	76	126	77	91	50	28	0	80	0	31	13	150	0	60	108	44	29	165	244	200	198	102	39	16	19	41	16	19	38	0	38	29	98	64	76	78	47	43	19	28	0	29	0	31	9	57	0	46	0	38	29	121	145	76	126	67	75	50	9	0	10	0	6	0	0	0	28	0	80	0	31	13	150	0	53	108	44	29	135	180	200	198	86	32	16	19	39	16	19	34	0	38	29	94	64	76	76	36	16	19	20	0	29	0	28	0	57	0	38	0	38	29	93	64	76	78	37	27	19	6	0	0	0	6	0	0	0	28	0	29	0	31	9	57	0	39	0	38	29	91	81	76	126	63	75	50	9	0	30	0	0	0	0	0	9	0	10	0	6	0	0	0	26	0	80	0	29	13	150	0	48	108	44	29	128	180	200	198
168	149	92	119	61	130	58	97	12	92	119	61	91	150	0	48	211	289	61	307	111	40	88	0	58	97	12	46	132	0	0	140	255	12	144	89	119	61	22	99	46	0	51	106	0	81	91	150	0	48	208	289	61	307	92	37	85	0	40	88	0	37	132	0	0	92	231	0	96	55	97	12	20	99	0	0	38	97	0	63	46	132	0	0	137	255	12	144	82	119	61	6	30	10	0	9	16	0	0	22	99	46	0	51	106	0	81	88	150	0	48	186	289	61	307	73	26	53	0	37	85	0	33	126	0	0	87	224	0	94	37	88	0	12	99	0	0	34	88	0	63	37	132	0	0	89	231	0	96	48	97	12	6	0	0	0	7	14	0	0	20	99	0	0	38	97	0	63	43	132	0	0	115	255	12	144	69	119	61	7	20	118	0	0	0	183	0	6	30	10	0	9	16	0	0	18	99	46	0	43	106	0	81	71	150	0	48	155	289	61	307
136	118	86	130	18	100	48	97	0	85	130	18	80	160	0	0	192	302	54	139	83	31	83	0	48	97	0	39	126	0	0	122	248	0	104	71	113	18	31	86	46	0	27	86	18	0	80	160	0	0	178	285	54	139	68	25	80	0	31	83	0	21	120	0	0	72	213	0	67	39	82	0	20	80	0	0	21	80	0	0	39	126	0	0	113	233	0	104	54	83	18	6	30	10	0	2	40	0	0	31	86	46	0	27	86	18	0	60	130	0	0	122	210	54	139	55	20	77	0	25	80	0	17	120	0	0	64	210	0	65	24	70	0	12	80	0	0	18	80	0	0	21	120	0	0	65	200	0	67	27	56	0	3	30	0	0	2	40	0	0	20	80	0	0	21	80	0	0	27	100	0	0	71	168	0	104	42	57	18	6	27	10	0	0	0	0	0	6	30	10	0	2	40	0	0	20	60	46	0	21	60	18	0	38	78	0	0	93	145	54	139
97	86	63	42	5	75	39	25	0	63	42	5	62	17	0	0	139	104	15	24	64	29	24	0	39	25	0	37	16	0	0	102	84	0	21	57	42	5	27	8	20	0	28	16	0	0	62	17	0	0	133	104	15	24	54	27	24	0	29	24	0	29	16	0	0	73	80	0	10	37	25	0	27	8	0	0	26	16	0	0	37	16	0	0	100	84	0	21	48	32	5	9	0	10	0	6	0	0	0	27	8	20	0	28	16	0	0	60	17	0	0	109	64	15	24	45	22	24	0	27	24	0	25	16	0	0	69	80	0	10	27	24	0	19	8	0	0	24	16	0	0	29	16	0	0	71	80	0	10	29	16	0	6	0	0	0	6	0	0	0	27	8	0	0	26	16	0	0	35	16	0	0	77	48	0	21	40	23	5	9	0	10	0	0	0	0	0	9	0	10	0	6	0	0	0	25	8	20	0	24	16	0	0	46	8	0	0	91	55	15	24
170	152	58	59	111	134	27	17	73	57	59	111	21	0	124	44	130	166	333	195	116	27	17	70	26	17	73	21	0	85	38	68	68	219	94	47	59	111	9	0	0	29	17	0	0	0	20	0	124	44	120	166	333	195	99	27	17	70	26	17	70	21	0	80	38	68	68	210	79	20	17	73	9	0	0	29	14	0	0	0	20	0	85	38	62	68	219	94	37	42	111	3	0	0	0	4	0	0	0	9	0	0	29	17	0	0	0	13	0	124	44	90	98	333	195	82	27	17	70	26	17	70	21	0	80	38	68	68	210	79	20	17	70	9	0	0	29	14	0	0	0	20	0	80	38	62	68	210	79	10	0	73	3	0	0	0	4	0	0	0	9	0	0	29	14	0	0	0	13	0	85	38	32	0	219	94	33	42	111	3	0	0	0	0	0	0	0	3	0	0	0	4	0	0	0	7	0	0	29	15	0	0	0	8	0	124	44	83	98	333	195
109	97	43	21	81	85	26	20	33	43	21	81	36	10	84	44	115	61	0	256	73	24	20	30	26	20	33	26	10	45	38	75	60	0	106	42	21	81	18	0	0	29	24	20	0	0	36	10	84	44	114	61	0	256	61	21	20	30	24	20	30	26	10	40	38	70	60	0	79	25	20	33	18	0	0	29	20	20	0	0	26	10	45	38	74	60	0	106	32	21	81	3	0	30	0	5	0	0	0	18	0	0	29	24	20	0	0	34	10	84	44	86	61	0	256	50	19	20	30	21	20	30	20	10	40	38	63	60	0	79	23	20	30	18	0	0	29	20	20	0	0	26	10	40	38	69	60	0	79	16	20	33	3	0	0	0	5	0	0	0	18	0	0	29	20	20	0	0	24	10	45	38	47	60	0	106	24	10	81	3	0	20	0	0	0	0	0	3	0	30	0	5	0	0	0	16	0	0	29	20	20	0	0	19	10	84	44	68	50	0	256
87	77	38	29	19	67	11	9	19	36	29	19	11	0	27	0	63	73	95	0	58	10	9	19	10	9	19	6	0	27	0	20	9	95	0	32	20	19	0	0	0	0	0	4	0	0	10	0	27	0	59	64	95	0	49	10	9	19	9	9	19	6	0	27	0	20	9	95	0	6	0	19	0	0	0	0	0	0	0	0	5	0	27	0	16	0	95	0	27	20	19	0	0	0	0	0	0	0	0	0	0	0	0	0	4	0	0	5	0	27	0	43	64	95	0	40	10	9	19	9	9	19	6	0	27	0	20	9	95	0	5	0	19	0	0	0	0	0	0	0	0	5	0	27	0	16	0	95	0	1	0	19	0	0	0	0	0	0	0	0	0	0	0	0	0	0	0	0	0	0	27	0	0	0	95	0	27	20	19	0	0	0	0	0	0	0	0	0	0	0	0	0	0	0	0	0	0	0	0	0	4	0	0	5	0	27	0	43	64	95	0
76	67	36	14	34	58	20	14	0	36	14	34	18	0	33	0	94	35	0	195	49	20	14	0	20	14	0	18	0	0	0	59	35	0	94	29	14	34	9	0	0	0	15	0	0	0	18	0	33	0	87	35	0	195	42	20	14	0	20	14	0	18	0	0	0	59	35	0	79	18	14	0	9	0	0	0	14	0	0	0	18	0	0	0	57	35	0	94	21	0	34	3	0	0	0	4	0	0	0	9	0	0	0	15	0	0	0	13	0	33	0	62	0	0	195	35	20	14	0	20	14	0	18	0	0	0	59	35	0	79	18	14	0	9	0	0	0	14	0	0	0	18	0	0	0	57	35	0	79	10	0	0	3	0	0	0	4	0	0	0	9	0	0	0	14	0	0	0	13	0	0	0	32	0	0	94	17	0	34	3	0	0	0	0	0	0	0	3	0	0	0	4	0	0	0	7	0	0	0	13	0	0	0	8	0	33	0	55	0	0	195
87	75	41	51	9	63	10	32	0	39	51	9	3	24	27	0	72	119	36	50	52	10	32	0	9	32	0	3	24	0	0	21	72	0	19	27	40	9	0	0	0	0	2	0	0	0	2	24	27	0	60	108	36	50	44	10	32	0	9	32	0	3	24	0	0	21	72	0	19	5	24	0	0	0	0	0	0	0	0	0	2	24	0	0	17	64	0	19	22	16	9	0	0	0	0	0	0	0	0	0	0	0	0	2	0	0	0	0	0	27	0	43	44	36	50	36	10	32	0	9	32	0	3	24	0	0	21	72	0	19	5	24	0	0	0	0	0	0	0	0	0	2	24	0	0	17	64	0	19	0	0	0	0	0	0	0	0	0	0	0	0	0	0	0	0	0	0	0	0	0	0	0	0	0	0	19	22	16	9	0	0	0	0	0	0	0	0	0	0	0	0	0	0	0	0	0	0	0	0	2	0	0	0	0	0	27	0	43	44	36	50
164	145	40	83	114	126	17	13	104	37	83	114	14	65	73	64	38	65	570	19	107	14	0	84	14	13	104	6	0	73	24	18	0	520	19	29	83	114	2	0	30	101	10	0	114	50	10	65	73	64	30	65	570	19	88	14	0	60	11	0	84	6	0	63	20	18	0	420	19	6	13	104	2	0	30	20	4	0	104	19	2	0	73	24	10	0	520	19	27	83	114	3	0	0	59	1	0	0	139	2	0	30	101	10	0	114	50	8	65	73	64	22	65	570	19	69	13	0	59	11	0	60	6	0	41	20	18	0	300	19	3	0	84	0	0	20	20	1	0	84	19	2	0	63	20	10	0	420	19	4	13	104	1	0	0	56	1	0	0	104	2	0	30	20	4	0	104	19	0	0	73	24	2	0	520	19	27	83	114	0	0	10	6	0	0	0	0	3	0	0	59	1	0	0	139	2	0	30	101	10	0	114	50	8	65	73	64	22	65	570	19
170	151	40	18	169	132	21	0	133	38	18	169	18	0	20	158	49	36	169	139	113	18	0	111	19	0	133	9	0	20	114	31	0	133	92	29	18	169	2	0	20	121	7	0	0	50	14	0	20	158	40	36	169	139	94	18	0	90	16	0	111	9	0	10	108	31	0	111	89	10	0	133	2	0	20	38	4	0	0	19	5	0	20	114	22	0	133	92	23	18	169	3	0	0	29	1	0	0	139	2	0	20	121	7	0	0	50	9	0	20	158	20	36	169	139	75	17	0	90	16	0	90	9	0	0	108	31	0	90	89	7	0	111	0	0	10	38	1	0	0	19	5	0	10	108	22	0	111	89	4	0	133	1	0	0	29	1	0	0	104	2	0	20	38	4	0	0	19	0	0	20	114	2	0	133	92	23	18	169	0	0	10	0	0	0	0	0	3	0	0	29	1	0	0	139	2	0	20	121	7	0	0	50	9	0	20	158	20	36	169	139
131	116	37	44	64	101	17	0	54	34	44	64	18	0	53	19	38	33	256	28	86	15	0	54	14	0	54	9	0	53	19	20	0	216	19	26	44	64	0	0	10	0	3	0	0	0	14	0	53	19	30	33	256	28	71	15	0	51	12	0	54	9	0	53	19	20	0	216	19	6	0	54	0	0	10	0	0	0	0	0	5	0	53	19	12	0	216	19	22	44	64	0	0	0	21	0	0	0	0	0	0	10	0	3	0	0	0	9	0	53	19	18	33	256	28	56	15	0	50	12	0	51	9	0	41	19	20	0	204	19	4	0	54	0	0	10	0	0	0	0	0	5	0	53	19	12	0	216	19	2	0	54	0	0	0	18	0	0	0	0	0	0	10	0	0	0	0	0	0	0	53	19	0	0	216	19	22	44	64	0	0	0	6	0	0	0	0	0	0	0	21	0	0	0	0	0	0	10	0	3	0	0	0	9	0	53	19	18	33	256	28
121	105	52	71	54	89	27	39	25	47	71	54	28	26	20	54	66	120	162	139	75	24	39	5	24	39	25	19	26	20	0	46	78	75	92	35	43	54	10	0	20	25	18	0	0	68	24	26	20	54	54	92	162	139	62	24	39	0	21	39	5	19	26	10	0	46	78	15	89	16	13	25	10	0	20	0	12	0	0	19	15	26	20	0	38	52	75	92	28	30	54	6	0	0	0	5	0	0	24	10	0	20	25	18	0	0	68	19	0	20	54	33	40	162	139	49	20	39	0	21	39	0	19	26	0	0	46	78	0	89	13	13	5	8	0	10	0	9	0	0	19	15	26	10	0	38	52	15	89	9	0	25	4	0	0	0	5	0	0	21	10	0	20	0	12	0	0	19	10	0	20	0	17	0	75	92	26	30	54	0	0	37	0	0	0	0	0	6	0	0	0	5	0	0	24	8	0	20	25	16	0	0	68	15	0	20	54	28	40	162	139
99	86	37	47	32	74	19	22	10	34	35	32	17	11	20	0	44	27	96	139	63	16	22	5	17	11	10	8	11	20	0	26	11	30	92	26	24	32	2	0	20	25	7	0	0	0	14	0	20	0	36	16	96	139	52	16	22	0	14	11	5	8	11	10	0	26	11	15	89	9	0	10	2	0	20	0	4	0	0	0	5	0	20	0	18	0	30	92	21	24	32	3	0	0	0	1	0	0	24	2	0	20	25	7	0	0	0	9	0	20	0	20	16	96	139	41	15	22	0	14	11	0	8	11	0	0	26	11	0	89	6	0	5	0	0	10	0	1	0	0	0	5	0	10	0	18	0	15	89	4	0	10	1	0	0	0	1	0	0	21	2	0	20	0	4	0	0	0	0	0	20	0	2	0	30	92	21	24	32	0	0	10	0	0	0	0	0	3	0	0	0	1	0	0	24	2	0	20	25	7	0	0	0	9	0	20	0	20	16	96	139
80	70	14	0	67	60	7	0	31	11	0	67	4	0	25	46	4	0	0	210	50	7	0	31	4	0	31	4	0	10	46	4	0	0	168	7	0	67	0	0	0	0	6	0	0	0	0	0	25	46	0	0	0	210	40	7	0	31	4	0	31	4	0	10	46	4	0	0	143	0	0	31	0	0	0	0	0	0	0	0	0	0	10	46	0	0	0	168	7	0	67	0	0	0	0	0	0	0	0	0	0	0	0	6	0	0	0	0	0	25	46	0	0	0	210	30	7	0	28	4	0	31	4	0	10	40	4	0	0	111	0	0	31	0	0	0	0	0	0	0	0	0	0	10	46	0	0	0	143	0	0	31	0	0	0	0	0	0	0	0	0	0	0	0	0	0	0	0	0	0	10	46	0	0	0	168	7	0	67	0	0	0	21	0	0	0	0	0	0	0	0	0	0	0	0	0	0	0	0	6	0	0	0	0	0	25	46	0	0	0	210
109	92	23	77	86	76	13	52	20	17	61	86	4	39	53	60	17	39	172	433	63	10	52	20	10	39	20	4	39	30	60	17	39	40	326	12	22	86	2	0	0	0	11	33	0	0	2	0	53	60	12	0	172	433	50	9	52	15	7	39	20	4	39	30	40	11	39	40	259	5	0	20	0	0	0	0	5	0	0	0	2	0	30	60	12	0	40	326	11	22	86	4	0	14	25	5	0	0	0	2	0	0	0	11	33	0	0	0	0	53	60	8	0	172	433	37	9	52	7	6	39	15	4	39	20	14	9	39	30	201	2	0	20	0	0	0	0	1	0	0	0	2	0	30	40	6	0	40	259	4	0	20	4	0	10	0	5	0	0	0	0	0	0	0	5	0	0	0	0	0	30	60	8	0	40	326	11	22	86	3	0	0	21	0	0	0	24	4	0	14	25	5	0	0	0	2	0	0	0	11	33	0	0	0	0	53	60	8	0	172	433
71	62	14	8	46	53	5	0	20	12	8	46	3	0	55	20	5	0	46	178	44	5	0	20	3	0	20	3	0	40	20	3	0	20	158	9	8	46	0	0	0	0	11	0	0	0	0	0	55	20	2	0	46	178	35	5	0	20	3	0	20	3	0	40	20	3	0	20	138	0	0	20	0	0	0	0	0	0	0	0	0	0	40	20	0	0	20	158	9	8	46	0	0	0	0	0	0	0	0	0	0	0	0	11	0	0	0	0	0	55	20	2	0	46	178	26	5	0	14	3	0	20	3	0	40	14	3	0	20	111	0	0	20	0	0	0	0	0	0	0	0	0	0	40	20	0	0	20	138	0	0	20	0	0	0	0	0	0	0	0	0	0	0	0	0	0	0	0	0	0	40	20	0	0	20	158	9	8	46	0	0	0	42	0	0	0	0	0	0	0	0	0	0	0	0	0	0	0	0	11	0	0	0	0	0	55	20	2	0	46	178
86	75	25	18	59	64	15	0	30	22	18	59	6	0	83	60	21	0	118	168	53	12	0	30	12	0	30	6	0	60	60	19	0	60	129	15	18	59	2	0	0	0	16	27	0	0	2	0	83	60	14	0	118	168	42	11	0	25	9	0	30	6	0	60	40	13	0	60	89	5	0	30	0	0	0	0	5	0	0	0	2	0	60	60	12	0	60	129	14	18	59	4	0	14	25	5	0	0	0	2	0	0	0	16	27	0	0	0	0	83	60	10	0	118	168	31	11	0	14	8	0	25	6	0	50	14	11	0	50	60	2	0	30	0	0	0	0	1	0	0	0	2	0	60	40	6	0	60	89	4	0	30	4	0	10	0	5	0	0	0	0	0	0	0	5	0	0	0	0	0	60	60	8	0	60	129	14	18	59	3	0	0	42	0	0	0	24	4	0	14	25	5	0	0	0	2	0	0	0	16	27	0	0	0	0	83	60	10	0	118	168
65	56	15	8	42	48	9	8	0	13	0	42	6	0	13	0	10	0	0	264	40	9	8	0	7	0	0	6	0	0	0	10	0	0	193	7	0	42	0	0	0	0	6	0	0	0	2	0	13	0	4	0	0	264	32	9	8	0	7	0	0	6	0	0	0	10	0	0	148	1	0	0	0	0	0	0	0	0	0	0	2	0	0	0	4	0	0	193	6	0	42	0	0	0	0	0	0	0	0	0	0	0	0	6	0	0	0	0	0	13	0	0	0	0	264	24	9	8	0	7	0	0	6	0	0	0	10	0	0	111	1	0	0	0	0	0	0	0	0	0	0	2	0	0	0	4	0	0	148	0	0	0	0	0	0	0	0	0	0	0	0	0	0	0	0	0	0	0	0	0	0	0	0	0	0	193	6	0	42	0	0	0	0	0	0	0	0	0	0	0	0	0	0	0	0	0	0	0	0	6	0	0	0	0	0	13	0	0	0	0	264
91	78	23	0	131	65	17	0	90	21	0	131	14	0	52	161	41	0	0	191	52	7	0	71	15	0	90	4	0	52	80	25	0	0	70	16	0	131	0	0	49	60	11	0	0	114	10	0	52	161	36	0	0	191	39	7	0	70	5	0	71	4	0	52	80	5	0	0	70	10	0	90	0	0	47	60	9	0	0	104	0	0	52	80	20	0	0	70	16	0	131	4	0	0	10	7	0	0	0	0	0	49	60	11	0	0	114	10	0	52	161	36	0	0	191	26	7	0	51	5	0	70	4	0	50	70	5	0	0	60	0	0	71	0	0	43	40	0	0	0	84	0	0	52	80	0	0	0	70	10	0	90	4	0	0	0	7	0	0	0	0	0	47	60	9	0	0	104	0	0	52	80	20	0	0	70	16	0	131	3	0	0	71	0	0	0	61	4	0	0	10	7	0	0	0	0	0	49	60	11	0	0	114	10	0	52	161	36	0	0	191
67	55	26	42	48	44	17	41	24	24	31	48	28	10	0	48	55	52	0	145	34	9	20	20	16	31	24	13	10	0	40	30	52	0	50	16	21	48	11	0	16	40	9	28	144	0	25	0	0	48	47	42	0	145	24	5	17	20	8	10	20	3	10	0	40	8	10	0	50	8	21	24	0	0	14	40	2	28	72	0	10	0	0	40	22	42	0	50	12	21	48	1	21	0	0	2	28	0	0	11	0	16	40	9	28	144	0	15	0	0	48	31	42	0	145	14	5	14	15	4	7	20	3	7	0	30	4	7	0	40	0	0	20	0	0	10	20	0	0	60	0	0	0	0	40	0	0	0	50	4	21	24	1	21	0	0	2	28	0	0	0	0	14	40	2	28	72	0	0	0	0	40	6	42	0	50	6	21	48	0	21	0	25	0	0	0	0	1	21	0	0	2	28	0	0	0	0	16	40	3	28	144	0	4	0	0	48	12	42	0	145
85	72	34	40	61	59	14	18	59	33	40	61	24	36	68	20	76	87	122	0	46	3	0	59	13	18	59	2	0	68	20	27	27	118	0	31	40	61	2	0	33	0	18	20	122	0	23	36	68	20	74	87	122	0	33	2	0	58	2	0	59	1	0	68	20	2	0	118	0	11	18	59	0	0	33	0	7	9	118	0	1	0	68	20	25	27	118	0	30	40	61	3	0	0	10	8	11	0	0	2	0	33	0	18	20	122	0	22	36	68	20	70	87	122	0	20	2	0	43	1	0	58	1	0	66	20	1	0	116	0	0	0	59	0	0	33	0	0	0	118	0	0	0	68	20	0	0	118	0	10	18	59	3	0	0	0	6	9	0	0	0	0	33	0	7	9	118	0	0	0	68	20	21	27	118	0	26	40	61	3	0	0	53	0	0	0	61	3	0	0	10	8	11	0	0	0	0	33	0	14	20	122	0	20	36	68	20	58	87	122	0
40	34	18	5	17	28	9	5	17	17	5	17	15	0	17	0	35	5	0	0	22	2	0	17	8	5	17	1	0	17	0	15	5	0	0	16	5	17	0	0	0	0	9	0	17	0	14	0	17	0	34	5	0	0	16	2	0	17	1	0	17	1	0	17	0	1	0	0	0	7	5	17	0	0	0	0	5	0	17	0	0	0	17	0	14	5	0	0	16	5	17	3	0	0	0	6	0	0	0	0	0	0	0	9	0	17	0	14	0	17	0	34	5	0	0	10	2	0	16	1	0	17	1	0	17	0	1	0	0	0	0	0	17	0	0	0	0	0	0	17	0	0	0	17	0	0	0	0	0	7	5	17	3	0	0	0	6	0	0	0	0	0	0	0	5	0	17	0	0	0	17	0	14	5	0	0	15	5	17	3	0	0	16	0	0	0	0	3	0	0	0	6	0	0	0	0	0	0	0	7	0	17	0	14	0	17	0	30	5	0	0
89	75	36	59	54	61	9	14	54	36	59	54	18	70	121	0	79	116	270	0	47	1	0	54	9	14	54	0	0	121	0	19	35	270	0	35	59	54	4	0	45	0	18	7	108	0	18	70	121	0	78	116	270	0	33	0	0	53	1	0	54	0	0	121	0	1	0	270	0	8	14	54	0	0	45	0	6	0	108	0	0	0	121	0	18	35	270	0	35	59	54	0	0	0	10	5	12	0	0	4	0	45	0	18	7	108	0	18	70	121	0	78	116	270	0	19	0	0	39	0	0	53	0	0	119	0	0	0	265	0	0	0	54	0	0	45	0	0	0	108	0	0	0	121	0	0	0	270	0	8	14	54	0	0	0	0	2	7	0	0	0	0	45	0	6	0	108	0	0	0	121	0	18	35	270	0	29	59	54	0	0	0	43	0	0	0	61	0	0	0	10	5	12	0	0	0	0	45	0	14	7	108	0	18	70	121	0	64	116	270	0
82	68	23	24	96	54	3	0	67	23	24	96	14	0	87	161	60	72	192	115	40	0	0	67	3	0	67	0	0	45	161	6	0	134	113	23	24	96	0	0	0	0	13	24	0	0	14	0	87	161	60	72	192	115	26	0	0	67	0	0	67	0	0	45	161	0	0	134	113	3	0	67	0	0	0	0	0	0	0	0	0	0	45	161	6	0	134	113	21	24	96	0	0	0	0	6	0	0	0	0	0	0	0	13	24	0	0	14	0	87	161	55	72	192	115	12	0	0	66	0	0	67	0	0	45	158	0	0	134	111	0	0	67	0	0	0	0	0	0	0	0	0	0	45	161	0	0	134	113	1	0	67	0	0	0	0	0	0	0	0	0	0	0	0	0	0	0	0	0	0	45	161	1	0	134	113	14	24	96	0	0	0	10	0	0	0	0	0	0	0	0	6	0	0	0	0	0	0	0	9	24	0	0	4	0	87	161	38	72	192	115
60	50	12	0	59	40	1	0	48	12	0	59	4	0	27	34	34	0	0	54	30	0	0	48	1	0	48	0	0	12	34	1	0	0	54	12	0	59	0	0	0	0	7	0	0	0	4	0	27	34	34	0	0	54	20	0	0	48	0	0	48	0	0	12	34	0	0	0	54	1	0	48	0	0	0	0	0	0	0	0	0	0	12	34	1	0	0	54	12	0	59	0	0	0	0	4	0	0	0	0	0	0	0	7	0	0	0	4	0	27	34	34	0	0	54	10	0	0	48	0	0	48	0	0	12	34	0	0	0	53	0	0	48	0	0	0	0	0	0	0	0	0	0	12	34	0	0	0	54	1	0	48	0	0	0	0	0	0	0	0	0	0	0	0	0	0	0	0	0	0	12	34	1	0	0	54	11	0	59	0	0	0	0	0	0	0	0	0	0	0	0	4	0	0	0	0	0	0	0	7	0	0	0	4	0	27	34	33	0	0	54
42	35	12	0	27	28	1	0	18	12	0	27	4	0	27	18	34	0	0	54	21	0	0	18	1	0	18	0	0	12	18	1	0	0	54	12	0	27	0	0	0	0	7	0	0	0	4	0	27	18	34	0	0	54	14	0	0	18	0	0	18	0	0	12	18	0	0	0	54	1	0	18	0	0	0	0	0	0	0	0	0	0	12	18	1	0	0	54	12	0	27	0	0	0	0	4	0	0	0	0	0	0	0	7	0	0	0	4	0	27	18	34	0	0	54	7	0	0	18	0	0	18	0	0	12	18	0	0	0	53	0	0	18	0	0	0	0	0	0	0	0	0	0	12	18	0	0	0	54	1	0	18	0	0	0	0	0	0	0	0	0	0	0	0	0	0	0	0	0	0	12	18	1	0	0	54	11	0	27	0	0	0	0	0	0	0	0	0	0	0	0	4	0	0	0	0	0	0	0	7	0	0	0	4	0	27	18	33	0	0	54
72	59	30	44	43	46	5	8	23	30	44	43	13	32	87	45	76	108	172	115	33	2	0	23	5	8	23	1	0	45	45	11	8	92	113	28	44	43	6	0	0	0	16	24	43	0	13	32	87	45	74	108	172	115	20	0	0	23	2	0	23	0	0	45	45	2	0	92	113	3	8	23	0	0	0	0	0	0	23	0	1	0	45	45	9	8	92	113	24	44	43	0	0	0	0	4	16	0	0	6	0	0	0	16	24	43	0	12	32	87	45	64	108	172	115	8	0	0	22	0	0	23	0	0	45	42	0	0	92	111	0	0	23	0	0	0	0	0	0	23	0	0	0	45	45	0	0	92	113	0	8	23	0	0	0	0	0	0	0	0	0	0	0	0	0	0	23	0	0	0	45	45	0	8	92	113	12	32	43	0	0	0	10	0	0	0	0	0	0	0	0	4	16	0	0	0	0	0	0	8	24	43	0	0	32	87	45	32	96	172	115
40	33	15	10	7	26	2	0	0	15	10	7	4	0	14	0	38	25	14	54	19	1	0	0	2	0	0	0	0	0	0	2	0	0	54	14	10	7	4	0	0	0	9	0	0	0	4	0	14	0	37	25	14	54	12	0	0	0	1	0	0	0	0	0	0	1	0	0	54	1	0	0	0	0	0	0	0	0	0	0	0	0	0	0	1	0	0	54	14	10	7	0	0	0	0	3	5	0	0	4	0	0	0	9	0	0	0	4	0	14	0	37	25	14	54	5	0	0	0	0	0	0	0	0	0	0	0	0	0	53	0	0	0	0	0	0	0	0	0	0	0	0	0	0	0	0	0	0	54	1	0	0	0	0	0	0	0	0	0	0	0	0	0	0	0	0	0	0	0	0	0	0	1	0	0	54	8	10	7	0	0	0	0	0	0	0	0	0	0	0	0	3	5	0	0	0	0	0	0	5	0	0	0	4	0	14	0	23	25	14	54
86	67	47	94	98	48	15	24	72	47	94	98	36	120	46	80	105	229	490	139	29	6	0	68	15	24	72	12	0	38	70	33	60	360	90	34	94	98	17	0	28	45	10	24	196	0	36	120	46	80	92	229	490	139	12	0	0	68	6	0	68	0	0	38	70	6	0	340	90	7	24	72	0	0	28	45	0	0	144	0	12	0	38	70	25	60	360	90	15	60	98	0	0	10	0	0	0	0	0	17	0	28	45	10	24	196	0	16	120	46	80	36	144	490	139	0	0	0	67	0	0	68	0	0	38	70	0	0	340	90	0	0	68	0	0	28	45	0	0	136	0	0	0	38	70	0	0	340	90	0	0	72	0	0	10	0	0	0	0	0	0	0	28	45	0	0	144	0	0	0	38	70	0	0	360	90	0	0	98	0	0	0	9	0	0	0	0	0	0	10	0	0	0	0	0	0	0	28	45	0	0	196	0	0	0	46	80	0	0	490	139
63	49	45	45	70	35	17	22	58	43	45	70	43	32	28	46	96	131	140	43	22	8	10	37	16	22	58	12	10	20	22	31	52	116	23	30	32	70	15	20	20	65	10	20	70	109	42	32	28	46	83	118	140	43	10	1	0	35	7	10	37	1	0	20	22	7	10	74	23	7	10	58	0	0	20	61	0	0	58	83	11	10	20	22	22	40	116	23	16	20	70	0	0	35	28	0	0	70	0	15	20	20	65	10	20	70	109	23	20	28	46	39	70	140	43	0	0	0	30	0	0	35	0	0	20	22	0	0	70	23	0	0	37	0	0	20	53	0	0	37	79	0	0	20	22	0	0	74	23	0	0	58	0	0	35	20	0	0	58	0	0	0	20	61	0	0	58	83	0	0	20	22	0	0	116	23	0	0	70	0	0	7	49	0	0	0	0	0	0	35	28	0	0	70	0	0	0	20	65	0	0	70	109	0	0	28	46	0	0	140	43
64	51	34	12	76	38	15	0	42	33	12	76	40	0	8	81	79	48	76	146	25	7	0	11	14	0	42	11	0	0	22	29	0	42	90	25	12	76	15	0	0	33	8	24	0	180	39	0	8	81	71	48	76	146	12	1	0	11	6	0	11	1	0	0	22	6	0	11	90	6	0	42	0	0	0	33	0	0	0	154	10	0	0	22	21	0	42	90	15	12	76	0	0	7	0	0	0	0	0	15	0	0	33	8	24	0	180	21	0	8	81	37	48	76	146	0	0	0	11	0	0	11	0	0	0	22	0	0	11	90	0	0	11	0	0	0	33	0	0	0	150	0	0	0	22	0	0	11	90	0	0	42	0	0	7	0	0	0	0	0	0	0	0	33	0	0	0	154	0	0	0	22	0	0	42	90	0	0	76	0	0	7	0	0	0	0	0	0	0	7	0	0	0	0	0	0	0	0	33	0	0	0	180	0	0	8	81	0	0	76	146
57	42	49	81	17	27	12	45	17	45	81	17	28	135	20	0	92	192	51	0	15	5	18	10	11	45	17	4	54	20	0	20	99	51	0	27	45	17	8	54	20	0	10	12	51	48	27	135	20	0	74	156	51	0	6	1	0	10	4	18	10	1	0	20	0	4	18	30	0	5	18	17	0	0	20	0	0	0	51	24	3	54	20	0	14	72	51	0	14	18	17	0	0	17	0	0	0	51	0	8	54	20	0	10	12	51	48	16	54	20	0	37	48	51	0	0	0	0	9	0	0	10	0	0	20	0	0	0	30	0	0	0	10	0	0	20	0	0	0	30	20	0	0	20	0	0	0	30	0	0	0	17	0	0	17	0	0	0	51	0	0	0	20	0	0	0	51	24	0	0	20	0	0	0	51	0	0	0	17	0	0	7	9	0	0	0	0	0	0	17	0	0	0	51	0	0	0	20	0	0	0	51	48	0	0	20	0	0	0	51	0
53	41	34	39	25	29	12	11	7	33	39	25	39	0	8	35	83	74	100	50	18	4	7	0	12	11	7	10	0	0	0	27	11	28	23	27	28	25	11	28	0	0	8	14	0	54	39	0	8	35	77	63	100	50	7	0	0	0	4	7	0	0	0	0	0	4	7	0	23	6	0	7	0	0	0	0	0	0	0	54	10	0	0	0	21	0	28	23	12	28	25	0	0	0	0	0	0	25	0	11	28	0	0	8	14	0	54	21	0	8	35	32	63	100	50	0	0	0	0	0	0	0	0	0	0	0	0	0	0	23	0	0	0	0	0	0	0	0	0	0	54	0	0	0	0	0	0	0	23	0	0	7	0	0	0	0	0	0	7	0	0	0	0	0	0	0	0	54	0	0	0	0	0	0	28	23	0	0	25	0	0	0	0	0	0	0	0	0	0	0	0	0	0	25	0	0	0	0	0	0	0	0	54	0	0	8	35	0	0	100	50
56	40	37	68	60	24	6	20	10	35	68	60	12	80	78	30	63	158	240	286	10	0	0	10	6	20	10	0	0	20	30	6	20	40	196	16	40	60	0	0	48	0	0	0	120	0	12	80	78	30	44	130	240	286	0	0	0	10	0	0	10	0	0	20	30	0	0	40	126	0	0	10	0	0	10	0	0	0	20	0	0	0	20	30	0	0	40	196	0	0	60	0	0	0	0	0	0	0	0	0	0	48	0	0	0	120	0	0	0	78	30	0	0	240	286	0	0	0	10	0	0	10	0	0	20	30	0	0	40	124	0	0	10	0	0	10	0	0	0	20	0	0	0	20	30	0	0	40	126	0	0	10	0	0	0	0	0	0	0	0	0	0	10	0	0	0	20	0	0	0	20	30	0	0	40	196	0	0	0	0	0	0	0	0	0	0	0	0	0	0	0	0	0	0	0	0	0	0	0	0	0	0	0	0	0	0	30	0	0	0	286
39	29	21	9	52	19	4	0	28	21	9	52	10	0	59	48	49	9	52	123	9	0	0	28	4	0	28	0	0	28	48	4	0	28	79	16	9	52	0	0	20	0	0	0	0	0	10	0	59	48	44	9	52	123	0	0	0	28	0	0	28	0	0	28	48	0	0	28	68	0	0	28	0	0	10	0	0	0	0	0	0	0	28	48	0	0	28	79	0	0	52	0	0	0	0	0	0	0	0	0	0	20	0	0	0	0	0	0	0	59	48	0	0	52	123	0	0	0	28	0	0	28	0	0	28	48	0	0	28	68	0	0	28	0	0	10	0	0	0	0	0	0	0	28	48	0	0	28	68	0	0	28	0	0	0	0	0	0	0	0	0	0	10	0	0	0	0	0	0	0	28	48	0	0	28	79	0	0	0	0	0	0	0	0	0	0	0	0	0	0	0	0	0	0	0	0	0	0	0	0	0	0	0	0	0	0	48	0	0	0	123
35	26	23	8	37	17	6	0	8	23	8	37	17	0	42	32	54	8	37	140	8	0	0	0	6	0	8	0	0	0	0	6	0	8	96	16	8	37	0	0	25	0	0	0	0	43	17	0	42	32	47	8	37	140	0	0	0	0	0	0	0	0	0	0	0	0	0	0	78	0	0	8	0	0	0	0	0	0	0	23	0	0	0	0	0	0	8	96	0	0	37	0	0	0	0	0	0	0	0	0	0	25	0	0	0	0	43	0	0	42	32	0	0	37	140	0	0	0	0	0	0	0	0	0	0	0	0	0	0	78	0	0	0	0	0	0	0	0	0	0	23	0	0	0	0	0	0	0	78	0	0	8	0	0	0	0	0	0	0	0	0	0	0	0	0	0	0	23	0	0	0	0	0	0	8	96	0	0	0	0	0	0	0	0	0	0	0	0	0	0	0	0	0	0	0	0	0	0	0	0	0	0	43	0	0	0	32	0	0	0	140
41	30	31	24	35	19	7	0	0	31	24	35	18	0	52	0	59	72	105	210	8	0	0	0	7	0	0	0	0	0	0	7	0	0	154	15	24	35	0	0	35	0	0	0	0	0	18	0	52	0	43	72	105	210	0	0	0	0	0	0	0	0	0	0	0	0	0	0	115	0	0	0	0	0	0	0	0	0	0	0	0	0	0	0	0	0	0	154	0	0	35	0	0	0	0	0	0	0	0	0	0	35	0	0	0	0	0	0	0	52	0	0	0	105	210	0	0	0	0	0	0	0	0	0	0	0	0	0	0	113	0	0	0	0	0	0	0	0	0	0	0	0	0	0	0	0	0	0	115	0	0	0	0	0	0	0	0	0	0	0	0	0	0	0	0	0	0	0	0	0	0	0	0	0	0	154	0	0	0	0	0	0	0	0	0	0	0	0	0	0	0	0	0	0	0	0	0	0	0	0	0	0	0	0	0	0	0	0	0	0	210
29	21	20	15	12	13	2	0	0	20	15	12	8	0	24	0	38	35	36	98	5	0	0	0	2	0	0	0	0	0	0	2	0	0	72	11	15	12	0	0	0	0	0	0	0	0	8	0	24	0	29	35	36	98	0	0	0	0	0	0	0	0	0	0	0	0	0	0	68	0	0	0	0	0	0	0	0	0	0	0	0	0	0	0	0	0	0	72	0	0	12	0	0	0	0	0	0	0	0	0	0	0	0	0	0	0	0	0	0	24	0	0	0	36	98	0	0	0	0	0	0	0	0	0	0	0	0	0	0	68	0	0	0	0	0	0	0	0	0	0	0	0	0	0	0	0	0	0	68	0	0	0	0	0	0	0	0	0	0	0	0	0	0	0	0	0	0	0	0	0	0	0	0	0	0	72	0	0	0	0	0	0	0	0	0	0	0	0	0	0	0	0	0	0	0	0	0	0	0	0	0	0	0	0	0	0	0	0	0	0	98
53	34	26	60	134	15	0	0	111	22	60	134	0	0	108	133	22	60	536	60	0	0	0	79	0	0	111	0	0	75	28	0	0	444	10	0	0	134	0	0	0	38	0	0	0	185	0	0	108	133	0	0	536	60	0	0	0	79	0	0	79	0	0	44	28	0	0	316	10	0	0	111	0	0	0	38	0	0	0	147	0	0	75	28	0	0	444	10	0	0	0	0	0	0	0	0	0	0	0	0	0	0	38	0	0	0	185	0	0	0	133	0	0	0	60	0	0	0	79	0	0	79	0	0	44	28	0	0	316	10	0	0	79	0	0	0	38	0	0	0	115	0	0	44	28	0	0	316	10	0	0	0	0	0	0	0	0	0	0	0	0	0	0	38	0	0	0	147	0	0	0	28	0	0	0	10	0	0	0	0	0	0	0	0	0	0	0	0	0	0	0	0	0	0	0	0	0	0	38	0	0	0	185	0	0	0	0	0	0	0	0
41	27	20	13	87	13	0	0	40	19	13	87	0	0	43	86	19	13	87	196	0	0	0	25	0	0	40	0	0	21	20	0	0	40	46	0	0	87	0	0	0	30	0	0	0	98	0	0	43	86	0	0	87	196	0	0	0	25	0	0	25	0	0	18	20	0	0	25	38	0	0	40	0	0	0	30	0	0	0	72	0	0	21	20	0	0	40	46	0	0	0	0	0	0	0	0	0	0	0	0	0	0	30	0	0	0	98	0	0	0	86	0	0	0	196	0	0	0	25	0	0	25	0	0	18	20	0	0	25	38	0	0	25	0	0	0	30	0	0	0	68	0	0	18	20	0	0	25	38	0	0	0	0	0	0	0	0	0	0	0	0	0	0	30	0	0	0	72	0	0	0	20	0	0	0	46	0	0	0	0	0	0	0	0	0	0	0	0	0	0	0	0	0	0	0	0	0	0	30	0	0	0	98	0	0	0	0	0	0	0	0
24	15	17	18	13	6	0	0	8	14	18	13	0	0	8	0	14	18	39	12	0	0	0	8	0	0	8	0	0	8	0	0	0	24	0	0	0	13	0	0	0	0	0	0	0	0	0	0	8	0	0	0	39	12	0	0	0	8	0	0	8	0	0	8	0	0	0	24	0	0	0	8	0	0	0	0	0	0	0	0	0	0	8	0	0	0	24	0	0	0	0	0	0	0	0	0	0	0	0	0	0	0	0	0	0	0	0	0	0	0	0	0	0	0	12	0	0	0	8	0	0	8	0	0	8	0	0	0	24	0	0	0	8	0	0	0	0	0	0	0	0	0	0	8	0	0	0	24	0	0	0	0	0	0	0	0	0	0	0	0	0	0	0	0	0	0	0	0	0	0	0	0	0	0	0	0	0	0	0	0	0	0	0	0	0	0	0	0	0	0	0	0	0	0	0	0	0	0	0	0	0	0	0	0	0	0	0	0	0	0	0
30	19	21	24	32	8	0	0	6	18	24	32	0	0	47	18	18	24	96	107	0	0	0	0	0	0	6	0	0	18	0	0	0	18	10	0	0	32	0	0	0	0	0	0	0	17	0	0	47	18	0	0	96	107	0	0	0	0	0	0	0	0	0	0	0	0	0	0	10	0	0	6	0	0	0	0	0	0	0	17	0	0	18	0	0	0	18	10	0	0	0	0	0	0	0	0	0	0	0	0	0	0	0	0	0	0	17	0	0	0	18	0	0	0	107	0	0	0	0	0	0	0	0	0	0	0	0	0	0	10	0	0	0	0	0	0	0	0	0	0	10	0	0	0	0	0	0	0	10	0	0	0	0	0	0	0	0	0	0	0	0	0	0	0	0	0	0	17	0	0	0	0	0	0	0	10	0	0	0	0	0	0	0	0	0	0	0	0	0	0	0	0	0	0	0	0	0	0	0	0	0	0	17	0	0	0	0	0	0	0	0
31	19	21	35	27	7	0	0	6	16	35	27	0	0	47	18	16	35	135	95	0	0	0	0	0	0	6	0	0	18	0	0	0	30	10	0	0	27	0	0	0	0	0	0	0	17	0	0	47	18	0	0	135	95	0	0	0	0	0	0	0	0	0	0	0	0	0	0	10	0	0	6	0	0	0	0	0	0	0	17	0	0	18	0	0	0	30	10	0	0	0	0	0	0	0	0	0	0	0	0	0	0	0	0	0	0	17	0	0	0	18	0	0	0	95	0	0	0	0	0	0	0	0	0	0	0	0	0	0	10	0	0	0	0	0	0	0	0	0	0	10	0	0	0	0	0	0	0	10	0	0	0	0	0	0	0	0	0	0	0	0	0	0	0	0	0	0	17	0	0	0	0	0	0	0	10	0	0	0	0	0	0	0	0	0	0	0	0	0	0	0	0	0	0	0	0	0	0	0	0	0	0	17	0	0	0	0	0	0	0	0
33	16	6	16	151	0	0	0	112	0	0	151	0	0	23	122	0	0	151	174	0	0	0	91	0	0	112	0	0	23	67	0	0	112	125	0	0	0	0	0	0	92	0	0	0	60	0	0	0	122	0	0	0	174	0	0	0	61	0	0	91	0	0	23	33	0	0	91	87	0	0	0	0	0	0	20	0	0	0	10	0	0	0	67	0	0	0	125	0	0	0	0	0	0	69	0	0	0	112	0	0	0	92	0	0	0	60	0	0	0	0	0	0	0	0	0	0	0	61	0	0	61	0	0	20	33	0	0	61	87	0	0	0	0	0	0	20	0	0	0	10	0	0	0	33	0	0	0	87	0	0	0	0	0	0	69	0	0	0	82	0	0	0	20	0	0	0	10	0	0	0	0	0	0	0	0	0	0	0	0	0	0	0	0	0	0	0	0	0	0	69	0	0	0	112	0	0	0	0	0	0	0	0	0	0	0	0	0	0	0	0
27	13	6	13	94	0	0	0	54	0	0	94	0	0	24	37	0	0	94	206	0	0	0	54	0	0	54	0	0	24	37	0	0	54	131	0	0	0	0	0	0	0	0	0	0	0	0	0	0	37	0	0	0	206	0	0	0	54	0	0	54	0	0	24	37	0	0	54	87	0	0	0	0	0	0	0	0	0	0	0	0	0	0	37	0	0	0	131	0	0	0	0	0	0	0	0	0	0	0	0	0	0	0	0	0	0	0	0	0	0	0	0	0	0	0	0	0	0	54	0	0	54	0	0	24	37	0	0	54	87	0	0	0	0	0	0	0	0	0	0	0	0	0	0	37	0	0	0	87	0	0	0	0	0	0	0	0	0	0	0	0	0	0	0	0	0	0	0	0	0	0	0	0	0	0	0	0	0	0	0	0	0	0	0	0	0	0	0	0	0	0	0	0	0	0	0	0	0	0	0	0	0	0	0	0	0	0	0	0	0	0
19	9	5	9	55	0	0	0	22	0	0	55	0	0	13	27	0	0	55	193	0	0	0	19	0	0	22	0	0	13	18	0	0	22	123	0	0	0	0	0	0	18	0	0	0	0	0	0	0	27	0	0	0	193	0	0	0	13	0	0	19	0	0	13	0	0	0	19	79	0	0	0	0	0	0	0	0	0	0	0	0	0	0	18	0	0	0	123	0	0	0	0	0	0	0	0	0	0	17	0	0	0	18	0	0	0	0	0	0	0	0	0	0	0	0	0	0	0	13	0	0	13	0	0	13	0	0	0	13	79	0	0	0	0	0	0	0	0	0	0	0	0	0	0	0	0	0	0	79	0	0	0	0	0	0	0	0	0	0	17	0	0	0	0	0	0	0	0	0	0	0	0	0	0	0	0	0	0	0	0	0	0	0	0	0	0	0	0	0	0	0	0	0	0	17	0	0	0	0	0	0	0	0	0	0	0	0	0	0	0	0
23	11	4	11	75	0	0	0	19	0	0	75	0	0	0	67	0	0	75	293	0	0	0	6	0	0	19	0	0	0	18	0	0	19	171	0	0	0	0	0	0	18	0	0	0	60	0	0	0	67	0	0	0	293	0	0	0	0	0	0	6	0	0	0	0	0	0	6	112	0	0	0	0	0	0	0	0	0	0	10	0	0	0	18	0	0	0	171	0	0	0	0	0	0	0	0	0	0	17	0	0	0	18	0	0	0	60	0	0	0	0	0	0	0	0	0	0	0	0	0	0	0	0	0	0	0	0	0	0	112	0	0	0	0	0	0	0	0	0	0	10	0	0	0	0	0	0	0	112	0	0	0	0	0	0	0	0	0	0	17	0	0	0	0	0	0	0	10	0	0	0	0	0	0	0	0	0	0	0	0	0	0	0	0	0	0	0	0	0	0	0	0	0	0	17	0	0	0	0	0	0	0	0	0	0	0	0	0	0	0	0
11	5	4	5	7	0	0	0	0	0	0	7	0	0	0	0	0	0	7	27	0	0	0	0	0	0	0	0	0	0	0	0	0	0	6	0	0	0	0	0	0	0	0	0	0	0	0	0	0	0	0	0	0	27	0	0	0	0	0	0	0	0	0	0	0	0	0	0	0	0	0	0	0	0	0	0	0	0	0	0	0	0	0	0	0	0	0	6	0	0	0	0	0	0	0	0	0	0	0	0	0	0	0	0	0	0	0	0	0	0	0	0	0	0	0	0	0	0	0	0	0	0	0	0	0	0	0	0	0	0	0	0	0	0	0	0	0	0	0	0	0	0	0	0	0	0	0	0	0	0	0	0	0	0	0	0	0	0	0	0	0	0	0	0	0	0	0	0	0	0	0	0	0	0	0	0	0	0	0	0	0	0	0	0	0	0	0	0	0	0	0	0	0	0	0	0	0	0	0	0	0	0	0	0	0	0	0	0	0	0	0
9	0	0	0	101	0	0	0	42	0	0	0	0	0	0	60	0	0	0	382	0	0	0	42	0	0	0	0	0	0	60	0	0	0	207	0	0	0	0	0	0	0	0	0	0	0	0	0	0	0	0	0	0	0	0	0	0	42	0	0	0	0	0	0	60	0	0	0	170	0	0	0	0	0	0	0	0	0	0	0	0	0	0	0	0	0	0	0	0	0	0	0	0	0	0	0	0	0	0	0	0	0	0	0	0	0	0	0	0	0	0	0	0	0	0	0	0	0	39	0	0	0	0	0	0	57	0	0	0	128	0	0	0	0	0	0	0	0	0	0	0	0	0	0	0	0	0	0	0	0	0	0	0	0	0	0	0	0	0	0	0	0	0	0	0	0	0	0	0	0	0	0	0	0	0	0	0	0	0	0	0	0	21	0	0	0	0	0	0	0	0	0	0	0	0	0	0	0	0	0	0	0	0	0	0	0	0	0	0	0	0
