197	198
197	199
197	202
198	199
198	200
198	202
198	203
198	206
199	200
199	201
199	202
199	203
199	204
199	206
200	201
200	202
200	203
200	204
200	205
201	202
201	203
201	204
201	205
201	206
202	203
202	204
202	205
202	206
202	207
203	204
203	205
203	206
203	207
203	208
204	205
204	206
204	207
204	208
204	209
205	206
205	207
205	208
205	209
205	210
205	218
205	221
206	207
206	208
206	209
206	210
206	211
207	208
207	209
207	210
207	211
207	212
208	209
208	210
208	211
208	212
208	213
208	215
208	218
208	221
209	210
209	211
209	212
209	213
209	214
209	215
209	218
209	219
210	211
210	212
210	213
211	212
211	213
212	213
212	214
212	215
212	216
212	218
213	214
213	215
214	215
214	216
214	217
215	216
215	217
215	218
215	219
215	220
216	217
216	218
216	219
216	220
216	221
217	218
217	219
217	220
217	221
218	219
218	220
218	221
219	220
219	221
220	221
