25	26
25	27
26	27
26	28
27	28
27	29
27	32
27	54
28	29
28	30
28	32
28	54
29	30
29	31
29	32
29	33
29	34
29	51
29	54
29	55
29	56
29	57
30	31
30	32
30	54
30	55
30	56
30	57
31	32
31	33
31	54
31	55
31	56
31	57
32	33
32	34
32	55
32	56
32	57
32	58
33	34
33	35
33	56
33	57
33	58
33	59
34	35
34	36
34	51
34	56
34	57
34	58
34	59
34	60
35	36
35	37
35	57
35	58
35	59
35	60
35	61
36	37
36	38
36	39
36	43
36	44
36	45
36	47
36	48
36	49
36	51
36	58
36	59
36	60
36	61
36	62
37	38
37	39
37	40
37	44
37	59
37	60
37	61
37	62
38	39
38	40
38	41
38	42
38	43
38	44
38	45
38	61
38	62
38	63
39	40
39	41
39	44
39	45
39	46
39	48
39	59
39	60
39	61
39	62
39	67
39	68
40	41
40	42
40	44
40	45
40	61
40	62
40	64
40	66
40	67
40	68
41	42
41	43
41	44
41	45
41	46
41	62
41	67
41	68
42	43
42	44
42	45
42	46
42	47
43	44
43	45
43	46
43	47
43	48
44	45
44	46
44	47
44	48
44	49
44	60
45	46
45	47
45	48
45	49
45	50
45	66
45	67
45	68
46	47
46	48
46	49
46	50
46	51
47	48
47	49
47	50
47	51
47	52
47	58
48	49
48	50
48	51
48	52
48	53
48	58
48	60
49	50
49	51
49	52
49	53
49	54
49	58
50	51
50	52
50	53
50	54
50	55
51	52
51	53
51	54
51	55
51	56
51	57
51	58
52	53
52	54
52	55
52	56
52	58
53	54
53	55
53	56
54	55
54	56
55	56
55	57
56	57
56	58
57	58
57	59
58	59
58	60
59	60
59	61
60	61
60	62
60	68
61	62
61	63
61	68
62	63
62	64
62	65
62	67
62	68
63	64
63	65
63	68
64	65
64	66
64	67
64	68
64	69
65	66
65	67
65	68
65	69
66	67
66	68
66	69
67	68
67	69
68	69
