-2	-1
-2	0
-2	2
-2	3
-2	21
-2	25
-1	0
-1	2
-1	3
-1	4
-1	18
-1	21
0	2
0	3
0	4
0	5
0	17
0	18
0	19
0	21
0	22
2	3
2	4
2	5
3	4
3	5
3	9
3	18
4	5
4	6
4	9
4	10
4	13
4	14
4	15
4	18
4	22
5	6
5	7
5	9
5	22
5	26
5	27
5	28
6	7
6	8
6	9
6	10
6	11
6	22
6	27
6	28
7	8
7	9
7	10
7	11
7	19
7	22
7	23
7	26
7	28
7	33
7	38
8	9
8	10
8	11
8	13
8	28
8	38
8	41
8	42
9	10
9	11
9	13
9	14
9	38
9	41
10	11
10	13
10	14
10	15
10	18
10	19
10	22
10	45
10	54
11	13
11	14
11	19
11	38
11	41
11	42
11	43
11	44
11	45
11	50
11	54
11	58
13	14
13	15
13	18
13	45
13	47
14	15
14	16
14	18
14	19
14	45
14	47
14	50
14	54
15	16
15	17
15	18
15	19
15	20
15	45
15	47
15	50
15	54
16	17
16	18
16	19
16	20
16	21
16	49
16	50
16	53
16	54
16	57
17	18
17	19
17	20
17	21
17	22
17	53
17	54
18	19
18	20
18	21
18	22
18	23
19	20
19	21
19	22
19	23
19	24
19	33
19	38
19	42
19	54
19	57
19	58
20	21
20	22
20	23
20	24
20	25
20	57
21	22
21	23
21	24
21	25
21	26
22	23
22	24
22	25
22	26
22	27
22	28
23	24
23	25
23	26
23	28
23	30
23	33
23	34
23	57
23	58
23	61
24	25
24	26
24	30
24	57
24	61
25	26
25	27
26	27
26	28
26	29
27	28
27	29
28	29
28	30
28	32
28	33
29	30
29	31
29	32
29	33
29	34
30	31
30	32
30	33
30	34
30	35
30	61
31	32
31	33
31	34
31	35
31	36
32	33
32	34
32	35
32	36
33	34
33	35
33	36
33	37
33	38
33	58
33	63
34	35
34	36
34	37
34	38
34	58
34	61
34	62
34	63
34	64
35	36
35	37
35	38
35	63
35	64
36	37
36	38
36	39
36	63
36	64
36	67
37	38
37	39
37	40
37	41
37	42
37	44
37	64
37	67
37	68
37	69
37	73
37	75
38	39
38	40
38	41
38	42
38	43
38	58
38	63
38	64
38	67
39	40
39	41
39	42
39	43
39	44
39	54
39	55
39	58
39	59
39	63
39	64
39	65
39	67
39	75
39	78
40	41
40	42
40	43
40	44
40	45
40	67
40	69
40	73
40	74
40	75
40	77
40	78
41	42
41	43
41	44
41	45
42	43
42	44
42	45
42	46
42	50
42	51
42	52
42	54
42	55
42	58
43	44
43	45
43	46
43	51
43	55
43	75
43	76
43	78
43	79
43	82
44	45
44	46
44	47
44	51
44	78
45	46
45	47
45	48
45	50
45	51
45	54
45	82
46	47
46	48
46	51
47	48
47	49
47	50
47	51
47	52
48	49
48	50
48	51
48	52
48	53
48	82
48	83
48	84
48	85
48	86
49	50
49	51
49	52
49	53
49	54
49	86
50	51
50	52
50	53
50	54
50	55
51	52
51	53
51	54
51	55
51	78
51	79
51	80
51	82
51	83
51	84
51	86
51	89
51	90
52	53
52	54
52	55
52	57
52	86
52	88
52	89
52	90
53	54
53	55
53	57
53	58
54	55
54	57
54	58
54	59
55	57
55	58
55	59
55	60
57	58
57	59
57	60
57	61
57	62
58	59
58	60
58	61
58	62
58	63
58	64
59	60
59	61
59	62
59	63
59	65
60	61
60	62
60	63
61	62
61	63
62	63
62	64
62	65
63	64
63	65
63	66
64	65
64	66
64	67
64	68
64	75
65	66
65	67
65	75
66	67
66	68
66	75
67	68
67	69
67	73
67	74
67	75
68	69
68	70
68	71
68	72
68	73
68	74
69	70
69	71
69	72
69	73
69	74
70	71
70	72
70	73
71	72
71	73
72	73
72	74
73	74
73	75
73	77
73	78
74	75
74	76
74	77
74	78
75	76
75	77
75	78
75	79
75	80
76	77
76	78
76	79
76	80
76	81
77	78
77	79
77	80
77	81
77	82
78	79
78	80
78	81
78	82
78	83
79	80
79	81
79	82
79	83
79	84
79	89
79	90
80	81
80	82
80	83
80	84
80	90
81	82
81	83
81	84
82	83
82	84
82	85
82	86
82	90
83	84
83	85
83	86
83	87
83	90
84	85
84	86
84	87
84	90
85	86
85	87
85	90
86	87
86	88
86	89
86	90
87	88
87	89
87	90
88	89
88	90
89	90
