37	38
37	39
37	41
37	42
38	39
38	40
38	41
38	42
38	43
39	40
39	41
39	42
39	43
39	44
40	41
40	42
40	43
40	44
40	45
41	42
41	43
41	44
41	45
41	46
42	43
42	44
42	45
42	46
42	47
42	92
43	44
43	45
43	46
43	47
43	48
44	45
44	46
44	47
44	48
44	49
45	46
45	47
45	48
45	49
45	50
46	47
46	48
46	49
46	50
46	51
46	89
46	92
46	93
47	48
47	49
47	50
47	51
48	49
48	50
48	51
49	50
49	51
49	89
49	92
50	51
50	89
84	85
84	86
84	87
84	88
85	86
85	87
85	88
85	89
85	90
86	87
86	88
86	89
86	90
86	91
87	88
87	89
87	90
87	91
87	92
88	89
88	90
88	91
88	92
88	93
89	90
89	91
89	92
89	93
90	91
90	92
90	93
91	92
91	93
92	93
