2	3
2	4
2	5
2	6
2	7
3	4
3	5
3	6
3	7
3	8
3	44
3	47
4	5
4	6
4	7
4	8
4	9
4	47
5	6
5	7
5	8
5	9
5	10
5	39
6	7
6	8
6	9
6	10
6	11
6	39
6	40
6	42
6	44
7	8
7	9
7	10
7	11
7	12
7	39
7	47
7	48
7	49
7	54
8	9
8	10
8	11
8	12
8	13
9	10
9	11
9	12
9	13
9	14
9	35
9	36
9	39
10	11
10	12
10	13
10	14
10	15
10	35
10	36
10	39
10	40
10	49
10	54
11	12
11	13
11	14
11	15
11	16
11	36
11	49
11	54
12	13
12	14
12	15
12	16
12	17
12	19
12	35
13	14
13	15
13	16
13	17
13	18
13	20
13	32
13	33
13	35
13	36
13	39
14	15
14	16
14	17
14	18
14	19
14	32
14	33
14	36
14	54
14	57
14	58
14	61
15	16
15	17
15	18
15	19
15	20
16	17
16	18
16	19
16	20
16	21
16	29
16	32
16	35
17	18
17	19
17	20
17	21
17	22
17	25
17	28
17	29
17	30
17	32
17	33
18	19
18	20
18	21
18	22
18	23
18	29
18	33
18	57
18	99
19	20
19	21
19	22
19	23
19	24
20	21
20	22
20	23
20	24
20	25
20	26
20	28
20	29
20	30
20	32
21	22
21	23
21	24
21	25
21	26
21	29
21	30
21	33
21	60
21	61
21	62
21	64
21	65
22	23
22	24
22	25
22	26
22	64
23	24
23	25
24	25
24	26
24	27
25	26
25	27
25	28
25	29
25	30
26	27
26	28
26	29
26	30
26	31
26	64
26	65
26	66
26	68
26	69
27	28
27	29
27	30
27	31
27	32
27	65
27	69
28	29
28	30
28	31
28	32
28	33
29	30
29	31
29	32
29	33
29	34
29	61
29	62
29	65
30	31
30	32
30	33
30	34
30	35
30	61
30	62
30	65
30	66
30	69
31	32
31	33
31	34
31	35
31	36
31	62
32	33
32	34
32	35
32	36
33	34
33	35
33	36
33	38
33	57
33	58
33	59
33	61
33	62
33	65
34	35
34	36
34	38
34	39
34	58
34	62
34	66
34	74
35	36
35	38
35	39
35	40
36	38
36	39
36	40
36	41
36	54
36	58
38	39
38	40
38	41
38	42
39	40
39	41
39	42
40	41
40	42
40	49
40	51
40	54
40	55
41	42
41	51
41	55
42	44
44	45
44	46
44	47
44	48
44	51
45	46
45	47
45	48
45	51
46	47
46	48
47	48
47	49
47	51
48	49
48	50
49	50
49	51
49	52
49	54
50	51
50	52
50	53
50	54
50	55
50	85
51	52
51	53
51	54
51	55
51	56
52	53
52	54
52	55
52	56
52	57
52	85
52	89
53	54
53	55
53	56
53	57
53	58
53	85
53	86
53	96
54	55
54	56
54	57
54	58
54	59
54	85
55	56
55	57
55	58
55	59
55	60
55	82
56	57
56	58
56	59
56	60
56	61
56	81
56	82
56	85
56	86
56	99
57	58
57	59
57	60
57	61
57	62
57	82
57	85
57	86
57	96
57	99
58	59
58	60
58	61
58	62
58	63
58	78
59	60
59	61
59	62
59	63
59	64
59	75
59	77
59	78
59	79
59	81
59	82
60	61
60	62
60	63
60	64
60	65
60	78
60	79
60	82
60	86
60	99
60	100
60	102
60	103
60	106
61	62
61	63
61	64
61	65
61	66
61	78
61	99
61	102
62	63
62	64
62	65
62	66
62	67
62	74
62	75
62	78
63	64
63	65
63	66
63	67
63	68
63	74
63	75
63	76
63	78
63	79
63	103
63	106
63	107
64	65
64	66
64	67
64	68
64	69
64	75
64	102
64	106
65	66
65	67
65	68
65	69
65	70
65	106
66	67
66	68
66	69
66	70
66	71
66	72
66	74
66	75
66	78
67	68
67	69
67	70
67	71
67	72
67	75
67	106
67	109
67	110
68	69
68	70
68	71
68	72
69	70
69	71
70	71
70	72
70	73
70	113
71	72
71	73
71	74
71	75
71	76
72	73
72	74
72	75
72	76
72	77
72	109
72	110
72	111
72	112
72	113
72	114
73	74
73	75
73	76
73	77
73	78
73	110
73	114
74	75
74	76
74	77
74	78
74	79
75	76
75	77
75	78
75	79
75	80
75	106
75	107
75	110
76	77
76	78
76	79
76	80
76	81
76	106
76	107
76	110
76	111
76	114
76	116
77	78
77	79
77	80
77	81
77	82
78	79
78	80
78	81
78	82
78	83
79	80
79	81
79	82
79	83
79	84
79	103
79	104
79	106
79	107
80	81
80	82
80	83
80	84
80	85
80	107
81	82
81	83
81	84
81	85
81	86
82	83
82	84
82	85
82	86
82	87
82	103
83	84
83	85
83	86
83	87
83	88
83	100
83	103
83	104
83	107
83	123
84	85
84	86
84	87
84	88
84	89
85	86
85	87
85	88
85	89
85	90
85	96
86	87
86	88
86	89
86	90
86	91
86	96
86	97
86	99
86	100
86	103
87	88
87	89
87	90
87	100
88	89
88	90
89	90
89	91
89	96
90	91
90	92
90	96
90	100
91	92
91	93
91	94
91	95
91	96
91	97
91	100
92	93
92	94
92	95
92	96
92	97
92	98
92	100
92	101
92	129
92	133
92	134
92	135
93	94
93	95
93	97
93	133
93	134
93	135
94	95
94	96
94	97
94	98
94	134
94	135
95	96
95	97
95	98
95	99
95	134
96	97
96	98
96	99
96	100
96	101
96	134
97	98
97	99
97	100
97	101
97	102
97	134
98	99
98	100
98	101
98	102
98	103
98	134
99	100
99	101
99	102
99	103
99	104
100	101
100	102
100	103
100	104
100	105
101	102
101	103
101	104
101	105
101	106
101	127
101	131
101	134
102	103
102	104
102	105
102	106
102	107
103	104
103	105
103	106
103	107
103	108
103	123
104	105
104	106
104	107
104	108
104	109
104	123
104	124
104	126
104	127
105	106
105	107
105	108
105	109
105	110
105	123
105	124
105	127
106	107
106	108
106	109
106	110
106	111
107	108
107	109
107	110
107	111
107	112
107	116
107	119
107	120
107	123
108	109
108	110
108	111
108	112
108	113
108	120
108	123
108	124
108	127
109	110
109	111
109	112
109	113
109	114
109	120
109	124
110	111
110	112
110	113
110	114
110	115
111	112
111	113
111	114
111	115
111	116
111	117
111	119
111	120
111	123
112	113
112	114
112	115
112	116
112	117
112	120
112	124
113	114
113	115
113	116
114	115
114	116
115	116
115	117
115	118
116	117
116	118
116	119
116	120
117	118
117	119
117	120
117	122
118	119
118	120
118	122
119	120
119	122
119	123
119	124
120	122
120	123
120	124
120	125
122	123
122	124
122	125
122	126
122	127
122	129
123	124
123	125
123	126
123	127
123	128
124	125
124	126
124	127
124	128
124	129
125	126
125	127
125	128
125	129
126	127
126	128
126	129
126	131
126	133
127	128
127	129
127	131
127	132
128	129
128	131
128	132
128	133
129	131
129	132
129	133
129	134
131	132
131	133
131	134
131	135
132	133
132	134
132	135
133	134
133	135
134	135
