238	239
238	240
238	241
238	242
238	245
239	240
239	241
239	242
239	243
239	245
239	246
240	241
240	242
240	243
240	246
241	242
241	243
241	244
241	246
242	243
242	244
242	245
242	246
242	247
243	244
243	245
243	246
243	247
243	248
243	272
243	276
243	279
244	245
244	246
244	247
244	248
244	249
244	272
244	279
244	280
244	283
245	246
245	247
245	248
245	249
245	250
246	247
246	248
246	249
246	250
246	251
247	248
247	249
247	250
247	251
247	252
247	265
247	268
247	269
247	272
247	280
247	292
248	249
248	250
248	251
248	252
248	253
248	291
249	250
249	251
249	252
249	253
249	254
249	257
250	251
250	252
250	253
250	254
250	255
250	257
250	264
250	265
250	268
251	252
251	253
251	254
251	255
251	257
251	265
251	291
251	292
251	295
252	253
252	254
252	255
252	291
253	254
253	255
253	256
253	257
254	255
254	256
254	257
254	258
254	261
254	262
254	263
254	265
254	291
254	295
254	299
255	256
255	257
255	262
255	291
255	295
256	257
256	258
256	262
257	258
257	259
257	261
257	262
257	265
258	259
258	260
258	261
258	262
258	263
259	260
259	261
259	262
259	263
259	264
260	261
260	262
260	263
260	264
260	265
261	262
261	263
261	264
261	265
262	263
262	264
262	265
262	267
262	299
263	264
263	265
263	267
263	268
263	299
263	303
263	320
263	321
263	323
263	324
263	328
264	265
264	267
264	268
264	269
265	267
265	268
265	269
265	270
267	268
267	269
267	270
267	271
267	272
267	324
267	328
268	269
268	270
268	271
268	272
268	273
269	270
269	271
269	272
269	273
269	274
269	280
269	292
269	296
270	271
270	272
270	273
270	274
270	275
270	324
270	327
270	328
271	272
271	273
271	274
271	275
271	276
272	273
272	274
272	275
272	276
272	277
272	278
272	279
272	280
273	274
273	275
273	276
273	277
273	278
273	280
274	275
274	276
274	277
275	276
275	277
275	278
276	277
276	278
276	279
276	280
277	278
277	279
277	280
277	281
278	279
278	280
278	281
278	282
279	280
279	281
279	283
280	281
280	282
280	283
280	288
280	292
281	282
281	283
281	288
282	283
282	284
283	284
283	285
283	286
283	288
283	292
284	285
284	286
284	288
284	289
285	286
285	288
285	289
285	290
286	288
286	289
286	290
286	291
286	292
288	289
288	290
288	291
288	292
288	293
288	294
289	290
289	291
289	292
289	293
289	294
290	291
290	292
290	293
290	294
291	292
291	293
291	294
291	295
291	296
292	293
292	294
292	295
292	296
292	297
293	294
293	295
293	296
293	297
293	298
294	295
294	296
294	297
294	298
294	299
294	301
295	296
295	297
295	298
295	299
295	300
296	297
296	298
296	299
296	300
296	301
296	327
296	328
296	329
297	298
297	299
297	300
297	301
297	302
298	299
298	300
298	301
298	302
298	303
299	300
299	301
299	302
299	303
299	328
300	301
300	302
300	303
300	305
300	324
300	325
300	328
300	329
301	302
301	303
301	305
301	306
302	303
302	305
302	306
302	307
303	305
303	306
303	307
303	308
303	320
303	321
303	322
303	324
303	325
303	328
305	306
305	307
305	308
305	309
306	307
306	308
306	309
306	310
306	320
306	321
306	322
307	308
307	309
307	310
307	322
307	325
308	309
308	310
309	310
309	320
320	321
320	322
320	323
321	322
321	323
321	324
321	325
322	323
322	324
322	325
322	326
322	327
323	324
323	325
323	326
323	327
324	325
324	326
324	327
324	328
324	329
325	326
325	327
325	328
325	329
326	327
326	328
326	329
327	328
327	329
328	329
