117	118
117	119
117	120
117	122
117	123
117	134
117	135
117	137
117	138
118	119
118	120
118	121
118	122
118	123
118	134
119	120
119	121
119	122
119	123
119	125
119	126
119	127
119	132
119	134
119	135
119	137
119	138
119	139
120	121
120	122
120	123
120	125
120	126
120	127
120	128
120	132
120	133
120	134
120	139
120	140
121	122
121	123
121	124
121	126
122	123
122	124
123	124
123	125
123	126
124	125
124	126
125	126
125	127
126	127
126	128
126	129
126	130
126	132
126	154
127	128
127	129
127	132
127	139
127	141
127	153
127	154
128	129
128	130
128	131
128	132
128	133
128	139
128	140
128	141
128	142
128	153
128	154
128	155
129	130
129	131
129	141
129	142
129	143
129	149
129	154
129	155
129	156
129	157
130	131
130	132
130	142
130	143
130	144
130	147
130	154
130	155
130	156
130	157
131	132
131	133
131	140
131	141
131	142
131	143
131	144
131	156
132	133
132	134
132	139
132	140
132	141
132	142
133	134
133	135
133	138
133	139
133	140
133	141
133	142
134	135
134	136
134	137
134	138
134	139
134	140
135	136
135	137
135	138
135	139
135	140
136	137
136	138
137	138
137	139
138	139
138	140
139	140
139	141
139	153
140	141
140	142
140	153
141	142
141	143
141	149
141	153
141	154
141	155
141	156
142	143
142	144
142	149
142	156
143	144
143	145
143	147
143	148
143	149
143	150
143	155
143	156
143	157
144	145
144	146
144	147
144	148
144	156
145	146
145	147
145	158
146	147
146	148
146	157
146	158
146	159
147	148
147	149
147	156
147	157
147	158
147	159
148	149
148	150
148	155
148	156
148	157
148	158
148	159
149	150
149	151
149	152
149	153
149	154
149	155
149	156
149	157
150	151
150	152
150	153
150	154
150	155
150	156
150	157
151	152
151	153
151	154
151	155
152	153
152	154
152	155
153	154
153	155
154	155
154	156
155	156
155	157
156	157
156	158
157	158
157	159
158	159
