532	533
532	534
532	535
532	536
533	534
533	535
533	537
534	535
534	536
534	537
535	536
535	537
536	537
536	538
537	538
537	539
537	541
538	539
538	540
539	540
539	541
540	541
540	542
541	542
541	543
542	543
542	544
542	545
542	622
543	544
543	545
543	618
543	619
543	622
544	545
544	546
544	618
544	619
544	622
545	546
545	547
545	551
545	615
545	618
545	619
545	622
546	547
546	548
546	551
546	584
546	618
546	619
547	548
547	549
547	550
547	551
547	552
547	618
547	619
548	549
548	550
548	551
548	552
548	553
548	580
548	584
548	619
549	550
549	551
549	552
549	553
549	554
549	556
549	580
550	551
550	552
550	553
550	554
550	555
550	612
551	552
551	553
551	554
551	555
551	556
551	580
551	612
551	613
551	615
551	616
551	618
551	619
552	553
552	554
552	555
552	556
552	557
552	573
552	576
552	577
552	580
552	612
552	616
553	554
553	555
553	556
553	557
553	558
554	555
554	556
554	557
554	558
554	559
554	611
554	612
555	556
555	557
555	558
555	559
555	560
555	568
555	573
555	576
555	602
555	609
555	610
555	612
555	613
555	616
556	557
556	558
556	559
556	560
556	573
556	577
557	558
557	559
557	560
557	561
558	559
558	560
558	561
558	562
558	608
558	609
558	610
558	611
558	612
559	560
559	561
559	562
559	563
559	566
559	567
559	568
559	569
559	573
559	605
559	609
560	561
560	562
560	567
561	562
561	563
561	567
561	609
562	563
562	564
562	565
562	566
562	567
562	568
562	606
562	609
563	564
563	565
563	566
563	567
563	606
563	609
564	565
564	566
564	567
565	566
565	567
566	567
566	568
566	601
566	604
566	605
566	606
567	568
567	569
567	572
567	601
567	605
568	569
568	570
568	572
568	573
568	576
568	598
568	601
568	602
568	605
569	570
569	571
569	572
569	573
569	574
569	601
570	571
570	572
570	573
570	574
570	575
571	572
571	573
571	574
571	575
571	576
571	598
572	573
572	574
572	575
572	576
572	577
572	598
572	601
573	574
573	575
573	576
573	577
573	578
573	598
574	575
574	576
574	577
574	578
574	579
575	576
575	577
575	578
575	579
575	580
575	592
575	594
575	595
575	598
576	577
576	578
576	579
576	580
576	581
576	595
576	598
576	599
576	602
576	613
576	616
577	578
577	579
577	580
577	581
577	582
577	616
578	579
578	580
578	581
578	582
578	583
578	595
579	580
579	581
579	582
579	583
579	584
579	591
579	595
579	596
579	598
579	599
579	616
579	620
579	626
580	581
580	582
580	583
580	584
580	585
580	615
580	616
580	619
580	620
581	582
581	583
581	584
581	585
581	586
581	587
582	583
582	584
582	585
582	586
582	587
582	588
582	589
582	590
582	591
582	592
582	595
582	623
583	584
583	585
583	586
583	587
583	591
583	616
583	619
583	620
583	623
583	626
584	585
584	586
584	587
584	619
585	586
585	587
586	587
586	588
587	588
587	589
587	590
587	623
588	589
588	590
588	623
589	590
589	591
589	623
589	625
590	591
590	592
590	595
590	623
590	625
591	592
591	593
591	595
591	596
591	623
591	625
591	626
592	593
592	594
592	595
592	596
592	597
593	594
593	595
593	596
593	597
593	598
594	595
594	596
594	597
594	598
594	599
595	596
595	597
595	598
595	599
595	600
596	597
596	598
596	599
596	600
596	601
596	620
596	625
596	626
597	598
597	599
597	600
597	601
597	602
598	599
598	600
598	601
598	602
598	603
599	600
599	601
599	602
599	603
599	604
599	613
599	614
599	616
599	617
599	620
599	626
600	601
600	602
600	603
600	604
600	605
601	602
601	603
601	604
601	605
602	603
602	604
602	605
602	610
602	613
602	614
603	604
603	605
603	610
603	613
603	614
603	617
604	605
604	606
604	610
605	606
605	607
605	608
605	609
605	610
606	607
606	608
606	609
606	610
606	611
607	608
607	609
607	610
607	611
608	609
608	610
608	611
609	610
609	611
609	612
609	613
610	611
610	612
610	613
610	614
610	615
611	612
611	613
611	614
611	615
611	616
612	613
612	614
612	615
612	616
612	617
613	614
613	615
613	616
613	617
613	618
614	615
614	616
614	617
614	618
614	619
615	616
615	617
615	618
615	619
615	620
616	617
616	618
616	619
616	620
616	621
617	618
617	619
617	620
617	621
617	622
617	626
618	619
618	620
618	621
618	622
619	620
619	621
619	622
619	623
620	621
620	622
620	623
620	624
620	626
621	622
621	623
621	624
621	626
622	623
622	624
622	626
623	624
623	625
623	626
624	625
624	626
625	626
