5	6
5	7
5	8
6	7
6	8
7	8
7	9
8	9
8	10
9	10
9	11
9	12
10	11
10	12
10	33
11	12
11	33
12	33
22	23
22	24
22	25
22	26
22	27
23	24
23	25
23	26
23	27
23	28
24	25
24	26
24	27
24	28
24	29
24	43
24	46
24	47
24	48
25	26
25	27
25	28
25	29
25	30
25	48
26	27
26	28
26	29
26	30
26	31
27	28
27	29
27	30
27	31
27	32
27	39
27	43
28	29
28	30
28	31
28	32
28	33
28	39
28	40
28	43
28	44
28	48
29	30
29	31
29	32
29	33
29	34
29	43
30	31
30	32
30	33
30	34
30	35
30	36
30	39
31	32
31	33
31	34
31	35
31	36
31	37
31	39
31	40
31	43
32	33
32	34
32	35
32	36
32	40
33	34
33	35
33	36
34	35
34	36
35	36
35	37
36	37
36	38
36	39
36	40
36	41
37	38
37	39
37	40
37	41
37	42
38	39
38	40
38	41
38	42
38	43
39	40
39	41
39	42
39	43
39	44
40	41
40	42
40	43
40	44
40	45
41	42
41	43
41	44
41	45
41	46
42	43
42	44
42	45
42	46
42	47
43	44
43	45
43	46
43	47
43	48
44	45
44	46
44	47
44	48
45	46
45	47
45	48
46	47
46	48
47	48
