125	126
125	127
125	128
125	129
126	127
126	128
126	162
127	128
127	129
127	162
128	129
128	130
128	132
129	130
129	131
129	132
129	133
129	134
129	159
129	160
129	161
130	131
130	132
130	133
130	134
130	135
130	146
130	150
130	155
131	132
131	133
131	134
131	135
131	136
131	142
131	143
131	144
131	146
131	147
131	150
131	156
131	157
131	159
131	167
131	183
132	133
132	134
132	135
132	136
132	137
132	146
132	159
132	160
132	161
132	165
132	166
132	167
132	170
133	134
133	135
133	136
133	137
133	138
133	139
133	170
134	135
134	136
134	137
134	138
134	139
134	140
134	142
134	143
134	146
134	176
135	136
135	137
135	138
135	139
135	143
135	167
135	168
135	170
135	171
135	172
135	174
135	176
135	179
135	183
136	137
136	138
136	139
136	170
136	174
136	176
137	138
137	139
137	174
137	176
138	139
138	140
138	141
138	174
138	176
138	179
139	140
139	141
139	142
139	143
139	144
139	176
139	179
140	141
140	142
140	143
140	144
140	145
140	178
140	179
140	182
141	142
141	143
141	144
141	145
141	146
142	143
142	144
142	145
142	146
142	147
143	144
143	145
143	146
143	147
143	148
143	179
143	182
143	183
144	145
144	146
144	147
144	148
144	149
144	182
145	146
145	147
145	148
145	149
145	150
146	147
146	148
146	149
146	150
146	151
146	157
147	148
147	149
147	150
147	151
147	152
147	157
147	182
147	183
147	186
148	149
148	150
148	151
148	152
148	153
149	150
149	151
149	152
149	153
149	154
149	155
150	151
150	152
150	153
150	154
150	155
150	156
150	157
150	159
151	152
151	153
151	154
151	155
151	157
151	186
151	187
152	153
152	154
152	155
153	154
153	155
154	155
154	156
155	156
155	157
155	159
156	157
156	158
156	159
157	158
157	159
157	166
157	167
157	168
157	182
157	183
157	186
157	187
157	188
158	159
158	160
158	166
158	167
158	168
158	187
158	188
158	189
158	190
158	192
159	160
159	161
159	165
159	166
159	167
160	161
160	162
160	163
160	164
160	165
160	166
160	167
160	169
160	192
160	193
160	194
161	162
161	163
161	164
161	165
161	166
161	170
162	163
162	164
162	165
162	195
163	164
163	165
163	194
163	195
164	165
164	166
164	169
164	193
164	194
164	195
164	196
165	166
165	167
165	169
165	170
165	173
165	194
165	195
166	167
166	168
166	169
166	170
166	171
166	189
166	192
166	193
167	168
167	169
167	170
167	171
167	172
167	179
167	183
168	169
168	170
168	171
168	172
168	173
168	179
168	180
168	181
168	183
168	184
168	188
168	189
168	190
168	200
168	216
169	170
169	171
169	172
169	173
169	174
169	189
169	192
169	193
169	194
169	198
169	199
169	200
169	203
170	171
170	172
170	173
170	174
170	175
170	176
170	203
171	172
171	173
171	174
171	175
171	176
171	177
171	179
171	180
171	183
171	212
172	173
172	174
172	175
172	176
172	180
172	200
172	203
172	204
172	205
172	207
172	209
172	212
172	216
173	174
173	175
173	176
173	194
173	203
173	207
174	175
174	176
174	207
174	212
175	176
175	177
175	207
175	209
175	212
176	177
176	178
176	179
176	180
176	181
176	212
177	178
177	179
177	180
177	181
177	182
177	211
177	212
177	215
178	179
178	180
178	181
178	182
178	183
178	215
179	180
179	181
179	182
179	183
179	184
180	181
180	182
180	183
180	184
180	185
180	212
180	215
180	216
180	219
181	182
181	183
181	184
181	185
181	186
181	211
181	214
181	215
181	216
181	218
181	219
182	183
182	184
182	185
182	186
182	187
182	219
183	184
183	185
183	186
183	187
183	188
183	189
184	185
184	186
184	187
184	188
184	189
184	190
184	215
184	216
184	219
184	220
184	221
185	186
185	187
185	188
185	219
186	187
186	188
187	188
187	189
188	189
188	190
189	190
189	191
189	192
189	200
189	224
190	191
190	192
190	199
190	200
190	201
190	216
190	220
190	221
190	224
190	225
191	192
191	193
191	198
191	199
191	200
191	224
191	225
191	226
191	227
191	229
192	193
192	194
192	198
192	199
192	200
193	194
193	195
193	197
193	198
193	199
194	195
194	196
194	197
194	198
194	199
194	203
194	206
195	196
195	197
195	198
196	197
196	198
197	198
197	199
197	202
198	199
198	200
198	202
198	203
198	206
199	200
199	201
199	202
199	203
199	204
199	226
199	229
200	201
200	202
200	203
200	204
200	205
200	213
200	216
201	202
201	203
201	204
201	205
201	206
201	213
201	216
201	217
201	225
201	227
202	203
202	204
202	205
202	206
202	207
202	229
203	204
203	205
203	206
203	207
203	208
203	209
204	205
204	206
204	207
204	208
204	209
204	210
204	212
204	213
204	216
205	206
205	207
205	208
205	209
205	213
206	207
206	208
206	209
207	208
207	209
207	210
208	209
208	210
209	210
209	211
209	212
209	213
209	214
210	211
210	212
210	213
210	214
210	215
211	212
211	213
211	214
211	215
211	216
212	213
212	214
212	215
212	216
212	217
213	214
213	215
213	216
213	217
213	218
213	227
214	215
214	216
214	217
214	218
214	219
215	216
215	217
215	218
215	219
215	220
216	217
216	218
216	219
216	220
216	225
217	218
217	219
217	220
217	225
217	227
218	219
218	220
219	220
219	221
220	221
220	222
220	224
220	225
221	222
221	223
221	224
221	225
222	223
222	224
222	225
223	224
223	225
224	225
224	226
225	226
225	227
226	227
226	228
226	229
227	228
227	229
228	229
