15	16
15	17
15	18
15	36
15	37
15	38
15	39
15	40
15	41
15	42
15	43
16	17
16	18
16	40
16	41
16	42
16	84
17	18
17	19
17	41
17	42
17	43
17	44
17	45
17	84
17	85
18	19
18	20
18	41
18	42
18	43
18	44
18	45
18	81
18	82
18	83
18	84
18	85
18	86
19	20
19	21
19	32
19	36
19	42
19	43
19	44
19	45
19	46
19	47
19	83
19	84
19	85
19	86
19	87
20	21
20	22
20	43
20	44
20	45
20	46
20	47
20	80
20	83
20	84
20	85
20	86
20	87
20	88
21	22
21	23
21	24
21	28
21	29
21	30
21	32
21	33
21	44
21	46
21	47
21	48
21	49
21	57
21	80
21	85
21	86
21	87
21	88
21	89
22	23
22	24
22	46
22	47
22	48
22	49
22	75
22	80
22	86
22	87
22	88
22	89
22	90
22	98
22	99
22	102
23	24
23	25
23	26
23	28
23	29
23	30
23	47
23	48
23	49
23	75
23	87
23	88
23	89
23	90
24	25
24	26
24	27
24	29
24	30
24	33
24	47
24	48
24	49
24	57
24	60
24	61
24	72
24	89
25	26
25	27
25	29
25	30
25	48
25	49
25	50
25	51
25	52
25	57
25	60
25	61
25	72
26	27
26	28
26	29
26	30
26	31
26	57
26	60
26	61
27	28
27	29
27	30
27	31
27	32
27	61
28	29
28	30
28	31
28	32
28	33
28	89
28	111
29	30
29	31
29	32
29	33
29	34
29	57
29	61
29	89
30	31
30	32
30	33
30	34
30	35
30	57
30	61
30	63
30	64
31	32
31	33
31	34
31	35
31	36
32	33
32	34
32	35
32	36
32	37
32	44
32	87
32	89
32	111
33	34
33	35
33	36
33	37
33	38
33	44
33	47
33	57
33	64
33	67
33	69
34	35
34	36
34	37
34	38
34	63
34	64
34	67
35	36
35	37
35	38
35	39
36	37
36	38
36	39
36	40
36	42
36	43
36	44
36	67
36	87
37	38
37	39
37	42
37	67
38	39
38	40
39	40
39	41
39	42
39	43
40	41
40	42
41	42
41	43
42	43
42	44
42	87
43	44
43	45
43	46
44	45
44	46
44	47
44	68
44	69
44	70
45	46
45	47
45	70
45	82
45	83
46	47
46	48
46	70
46	71
46	73
46	78
46	79
46	80
46	82
46	83
47	48
47	49
47	57
47	69
47	70
47	71
47	72
47	73
47	74
48	49
48	50
48	72
48	73
48	74
48	75
48	78
48	80
48	90
49	50
49	51
49	52
49	53
49	54
49	72
49	73
49	74
49	75
50	51
50	52
50	53
50	73
50	74
51	52
51	53
51	55
52	53
52	54
52	55
52	56
52	60
52	72
53	54
53	55
53	72
53	73
53	74
54	55
54	56
54	71
54	72
54	73
54	74
55	56
55	57
55	59
55	60
55	70
55	71
55	72
56	57
56	58
56	59
56	60
56	61
56	69
56	70
56	71
56	72
57	58
57	59
57	60
57	61
57	62
57	63
57	64
57	69
57	70
57	71
57	72
58	59
58	60
58	61
58	62
58	63
58	64
58	65
58	66
58	67
59	60
59	61
59	62
60	61
60	62
60	72
61	62
61	63
61	64
61	65
62	63
62	64
62	65
62	66
63	64
63	65
63	66
64	65
64	66
64	67
64	68
64	69
65	66
65	67
65	68
66	67
66	68
67	68
67	69
68	69
68	70
69	70
69	71
70	71
70	72
71	72
71	73
72	73
72	74
73	74
73	75
73	77
73	78
74	75
74	76
74	77
74	78
75	76
75	77
75	78
75	79
75	80
75	90
75	98
76	77
76	78
77	78
77	79
78	79
78	80
79	80
79	81
79	82
79	83
80	81
80	82
80	83
80	84
80	86
80	98
80	102
80	103
80	106
81	82
81	83
81	103
81	106
82	83
82	84
83	84
83	85
83	86
83	105
83	106
84	85
84	86
84	105
84	106
84	107
85	86
85	87
85	106
85	107
85	108
86	87
86	88
86	102
86	106
86	107
86	108
86	109
86	110
87	88
87	89
87	107
87	108
87	109
87	110
87	111
88	89
88	90
88	95
88	98
88	99
88	108
88	109
88	110
88	111
88	112
89	90
89	91
89	95
89	109
89	110
89	111
89	112
90	91
90	92
90	94
90	95
90	98
90	110
90	111
90	112
90	113
91	92
91	93
91	94
91	95
91	112
91	114
92	93
92	94
92	95
92	111
92	112
92	113
92	114
92	116
92	123
92	127
92	129
93	94
93	95
93	96
93	97
93	112
93	114
93	123
93	129
94	95
94	96
94	97
94	98
94	99
94	114
94	123
94	129
95	96
95	97
95	98
95	99
95	100
95	110
95	112
95	114
95	115
96	97
96	98
96	99
96	100
96	101
96	114
96	115
96	123
96	129
97	98
97	99
97	100
97	101
97	102
97	115
98	99
98	100
98	101
98	102
99	100
99	101
99	102
99	103
99	108
99	109
99	110
99	112
99	115
100	101
100	102
100	115
101	102
101	103
102	103
102	104
102	105
102	106
102	108
103	104
103	105
103	106
103	107
103	108
104	105
104	106
104	107
105	106
105	107
106	107
106	108
107	108
107	109
108	109
108	110
109	110
109	111
110	111
110	112
110	113
110	114
110	115
110	116
111	112
111	113
111	116
112	113
112	114
112	115
112	116
113	114
113	115
113	116
113	117
113	123
113	127
114	115
114	116
114	117
114	123
114	127
114	129
115	116
115	117
115	118
115	123
116	117
116	118
116	127
117	118
117	119
117	120
117	122
117	123
117	126
117	127
118	119
118	120
118	122
119	120
119	121
119	122
119	123
119	124
120	121
120	122
120	123
120	124
120	125
120	129
121	122
121	123
121	124
121	125
121	126
122	123
122	124
122	125
122	126
122	127
123	124
123	125
123	126
123	127
123	128
123	129
124	125
124	126
124	127
124	128
124	129
125	126
125	127
125	128
125	129
126	127
126	128
127	128
127	129
128	129
