130	131
130	132
131	132
131	133
131	134
131	135
132	133
132	134
133	134
133	135
133	138
133	153
133	157
133	158
134	135
134	136
134	137
134	138
134	139
135	136
135	137
135	138
135	139
135	140
136	137
136	138
136	139
136	140
136	141
137	138
137	139
137	140
137	141
137	142
137	156
138	139
138	140
138	141
138	142
138	143
138	145
138	147
138	153
138	156
138	157
139	140
139	141
139	142
139	143
139	144
139	145
139	146
139	147
139	156
140	141
140	142
140	143
140	144
140	145
141	142
141	143
141	144
141	156
141	159
142	143
142	144
142	145
142	146
142	147
142	148
142	152
142	156
143	144
143	145
144	145
144	146
145	146
145	147
145	148
146	147
146	148
146	149
147	148
147	149
147	150
147	152
147	153
147	156
148	149
148	150
148	152
149	150
149	151
149	152
149	153
149	154
150	151
150	152
150	153
150	154
150	155
151	152
151	153
151	154
151	155
151	156
152	153
152	154
152	155
152	156
152	157
153	154
153	155
153	156
153	157
153	158
154	155
154	156
154	157
154	158
154	159
155	156
155	157
155	158
155	159
156	157
156	158
156	159
157	158
157	159
158	159
