706	707
706	708
706	733
707	708
707	709
707	711
707	712
707	715
707	733
707	737
708	709
708	710
708	711
708	712
708	713
708	730
708	733
708	734
709	710
709	711
709	712
709	713
709	714
709	718
710	711
710	712
710	713
710	714
710	715
710	719
710	722
710	726
710	727
710	728
710	730
710	734
711	712
711	713
711	714
711	715
711	716
711	730
711	733
711	734
711	737
711	739
711	740
712	713
712	714
712	715
712	716
712	717
712	734
713	714
713	715
713	716
713	717
713	718
713	719
714	715
714	716
714	717
714	718
714	719
714	722
714	734
714	737
714	739
714	740
714	743
715	716
715	717
715	718
715	737
715	738
715	739
715	740
716	717
716	718
716	719
717	718
717	719
717	720
718	719
718	720
719	720
719	721
719	722
719	743
720	721
720	722
721	722
721	723
721	726
721	747
722	723
722	724
722	726
722	727
722	734
722	743
722	747
723	724
723	725
723	726
723	727
723	743
723	747
724	725
724	726
724	727
724	728
724	731
724	743
724	744
724	747
724	748
724	751
724	755
724	756
724	758
724	759
725	726
725	727
725	728
725	752
725	754
725	755
725	758
726	727
726	728
726	730
727	728
727	729
727	730
727	731
727	734
727	740
727	743
727	744
727	762
728	729
728	730
728	731
728	758
728	762
729	730
729	731
729	732
729	733
729	762
730	731
730	732
730	733
730	734
730	735
730	744
730	762
731	732
731	733
731	734
731	735
731	736
731	744
731	758
731	759
731	762
731	763
731	779
732	733
732	734
732	735
732	736
732	737
732	744
732	762
732	763
732	765
732	766
732	769
732	770
733	734
733	735
733	736
733	737
734	735
734	736
734	737
734	738
734	739
734	740
734	741
734	742
734	743
734	744
734	775
735	736
735	737
735	738
735	740
735	741
735	744
735	763
735	770
735	773
735	775
735	776
735	777
735	779
736	737
736	738
736	741
736	769
736	770
736	773
736	774
736	775
736	776
737	738
737	739
737	740
737	741
737	742
737	773
737	775
737	776
738	739
738	740
738	741
738	742
738	743
738	745
738	775
739	740
739	741
739	742
739	743
739	744
739	775
740	741
740	742
740	743
740	744
740	745
740	779
741	742
741	743
741	744
741	745
741	746
741	775
741	776
741	777
741	778
741	779
742	743
742	744
742	745
742	746
742	747
743	744
743	745
743	746
743	747
743	748
744	745
744	746
744	747
744	748
744	749
744	759
744	779
744	782
744	783
745	746
745	747
745	748
745	749
745	775
745	778
745	779
745	782
745	786
746	747
746	748
746	749
746	750
746	782
747	748
747	749
747	750
747	751
747	755
747	756
748	749
748	750
748	751
748	755
748	756
748	759
748	779
748	782
748	783
748	786
749	750
749	751
749	756
749	782
749	785
749	786
750	751
750	752
750	755
750	756
750	786
751	752
751	753
751	754
751	755
751	756
752	753
752	754
752	755
752	756
752	757
753	754
753	755
753	756
753	757
753	758
753	791
754	755
754	756
754	757
754	758
754	759
755	756
755	757
755	758
755	759
755	760
756	757
756	758
756	759
756	760
756	761
756	783
756	786
756	787
756	788
756	791
757	758
757	759
757	760
757	761
757	762
757	783
757	788
757	790
757	791
758	759
758	760
758	761
758	762
758	763
758	791
759	760
759	761
759	762
759	763
759	764
759	779
759	783
760	761
760	762
760	763
760	764
760	765
760	783
760	790
760	791
760	792
760	794
760	795
761	762
761	763
761	764
761	765
762	763
762	764
762	765
762	766
763	764
763	765
763	766
763	767
763	768
763	770
763	779
763	780
763	783
763	795
764	765
764	766
764	767
764	768
764	791
764	794
764	795
764	798
765	766
765	767
765	768
765	798
766	767
766	768
766	769
766	770
766	771
766	780
767	768
767	769
767	770
767	771
767	772
767	780
767	795
767	798
768	769
768	770
768	771
768	772
768	773
768	798
768	799
768	802
768	805
768	806
769	770
769	771
769	772
769	773
770	771
770	772
770	773
770	774
770	775
770	776
770	777
770	778
770	779
770	780
770	811
770	815
771	772
771	773
771	776
771	777
771	780
771	784
771	795
771	798
771	799
771	806
771	809
771	811
771	812
771	813
771	815
772	773
772	774
772	777
772	806
772	809
772	811
772	812
772	815
773	774
773	775
773	776
773	777
773	778
773	809
773	811
773	812
774	775
774	776
774	777
774	778
774	811
774	814
775	776
775	777
775	778
775	779
775	811
776	777
776	778
776	779
776	780
776	781
777	778
777	779
777	780
777	781
777	782
777	811
777	812
777	814
777	815
778	779
778	780
778	781
778	782
778	783
778	814
778	815
779	780
779	781
779	782
779	783
779	784
780	781
780	782
780	783
780	784
780	785
780	795
780	815
780	818
781	782
781	783
781	784
781	785
781	786
781	811
781	814
781	815
781	818
781	822
782	783
782	784
782	785
782	786
782	787
782	818
783	784
783	785
783	786
783	787
783	788
783	791
783	792
783	795
784	785
784	786
784	787
784	791
784	792
784	795
784	796
784	799
784	815
784	818
784	819
784	822
784	823
784	833
785	786
785	787
785	792
785	818
785	822
786	787
786	788
786	791
787	788
787	789
787	791
787	792
788	789
788	790
788	791
788	792
788	793
789	790
789	791
789	792
789	793
789	794
789	827
790	791
790	792
790	793
790	794
790	795
791	792
791	793
791	794
791	795
791	796
792	793
792	794
792	795
792	796
792	797
792	822
792	823
792	827
793	794
793	795
793	796
793	797
793	798
793	800
793	827
794	795
794	796
794	797
794	798
794	799
795	796
795	797
795	798
795	799
795	800
795	833
796	797
796	798
796	799
796	800
796	823
796	827
796	832
796	833
797	798
797	799
797	800
797	801
797	802
798	799
798	800
798	801
798	802
798	806
799	800
799	801
799	802
799	803
799	806
799	815
799	816
799	819
799	833
799	836
800	801
800	802
800	803
800	832
800	836
801	802
801	803
801	804
801	805
801	836
802	803
802	804
802	805
802	806
802	807
802	816
802	836
803	804
803	805
803	806
803	807
803	808
803	816
803	832
803	833
803	834
803	836
803	837
803	853
804	805
804	806
804	807
804	808
804	809
804	836
804	837
804	840
804	843
804	844
805	806
805	807
805	808
805	809
806	807
806	808
806	809
806	810
806	811
806	812
806	813
806	814
806	815
806	816
806	849
806	853
807	808
807	809
807	812
807	813
807	816
807	837
807	844
807	847
807	849
807	850
807	851
807	853
808	809
808	810
808	813
808	843
808	844
808	847
808	848
808	849
808	850
808	853
809	810
809	811
809	812
809	813
809	814
809	847
809	849
809	850
810	811
810	812
810	813
810	814
810	848
810	849
811	812
811	813
811	814
811	815
811	816
811	849
812	813
812	814
812	815
812	816
812	817
812	853
813	814
813	815
813	816
813	817
813	818
813	848
813	849
813	850
813	852
813	853
814	815
814	816
814	817
814	818
814	819
814	852
814	853
815	816
815	817
815	818
815	819
815	820
816	817
816	818
816	819
816	820
816	821
816	833
816	853
816	856
817	818
817	819
817	820
817	821
817	822
817	849
817	852
817	853
817	856
817	860
818	819
818	820
818	821
818	822
818	823
818	856
819	820
819	821
819	822
819	823
819	828
819	833
820	821
820	822
820	823
820	827
820	828
820	833
820	834
820	853
820	856
820	857
820	860
820	861
821	822
821	823
821	828
821	856
821	860
822	823
822	824
822	827
822	828
823	824
823	825
823	827
823	828
823	833
824	825
824	826
824	827
824	828
824	831
825	826
825	827
825	828
825	831
825	832
825	861
825	862
825	865
826	827
826	828
826	831
826	832
826	833
826	862
827	828
827	831
827	832
827	833
827	834
828	831
828	832
828	833
828	834
828	835
828	860
828	861
828	862
828	865
831	832
831	833
831	834
831	835
831	836
831	861
831	862
831	865
832	833
832	834
832	835
832	836
833	834
833	835
833	836
833	837
834	835
834	836
834	837
834	838
834	857
834	861
834	865
834	866
834	868
834	869
835	836
835	837
835	838
835	839
835	865
835	868
836	837
836	838
836	839
836	840
836	868
837	838
837	839
837	840
837	841
837	844
837	853
837	854
837	857
837	868
837	869
838	839
838	840
838	841
838	868
839	840
839	841
839	842
839	868
840	841
840	842
840	843
840	844
840	845
841	842
841	843
841	844
841	845
841	846
841	854
841	868
841	869
841	872
841	873
842	843
842	844
842	845
842	846
842	847
842	872
842	873
842	876
842	880
843	844
843	845
843	846
843	847
843	850
844	845
844	846
844	847
844	848
844	849
844	850
844	851
844	852
844	854
845	846
845	847
845	850
845	851
845	854
845	869
845	873
845	880
845	883
845	885
845	886
845	889
846	847
846	848
846	851
846	879
846	880
846	883
846	885
846	886
847	848
847	849
847	850
847	851
847	852
847	883
847	885
848	849
848	850
848	851
848	852
848	885
849	850
849	851
849	852
849	853
849	854
849	885
850	851
850	852
850	853
850	854
850	855
851	852
851	853
851	854
851	855
851	856
851	885
851	886
851	888
851	889
852	853
852	854
852	855
852	856
852	857
852	859
852	889
853	854
853	855
853	856
853	857
853	858
854	855
854	856
854	857
854	858
854	859
854	866
854	869
854	873
854	889
854	892
855	856
855	857
855	858
855	859
855	860
855	885
855	888
855	889
855	892
856	857
856	858
856	859
856	860
856	861
856	892
857	858
857	859
857	860
857	861
857	862
857	865
857	866
857	868
857	869
858	859
858	860
858	861
858	866
858	869
858	870
858	873
858	889
858	890
858	892
858	893
858	894
858	896
858	897
859	860
859	861
859	866
859	892
859	895
859	896
860	861
860	862
860	896
861	862
861	863
861	864
861	865
861	866
862	863
862	864
862	865
862	866
862	867
863	864
863	865
863	866
863	867
863	897
863	898
863	901
864	865
864	866
864	867
864	868
864	901
865	866
865	867
865	868
865	869
866	867
866	868
866	869
866	870
866	871
866	897
866	901
867	868
867	869
867	870
867	871
867	872
867	898
867	900
867	901
868	869
868	870
868	871
868	872
868	873
869	870
869	871
869	872
869	873
869	874
869	889
869	893
870	871
870	872
870	873
870	874
870	893
870	897
870	900
870	901
870	902
870	904
870	905
871	872
871	873
871	874
872	873
872	874
872	875
872	876
872	880
873	874
873	875
873	876
873	877
873	880
873	886
873	889
873	890
873	893
873	905
873	908
874	875
874	876
874	877
874	905
874	908
875	876
875	877
875	878
875	879
875	908
876	877
876	878
876	879
876	880
876	881
876	890
876	908
877	878
877	879
877	880
877	881
877	882
877	890
877	904
877	905
877	908
877	909
877	912
877	916
878	879
878	880
878	881
878	882
878	883
878	908
878	909
878	912
878	915
878	916
878	919
879	880
879	881
879	882
879	883
880	881
880	882
880	883
880	884
880	885
880	886
880	887
880	888
880	890
881	882
881	883
881	886
881	887
881	890
881	909
881	916
881	919
881	921
881	922
881	923
881	925
882	883
882	884
882	887
882	915
882	916
882	919
882	921
882	922
882	925
883	884
883	885
883	886
883	887
883	888
883	919
883	921
883	922
884	885
884	886
884	887
884	888
884	921
885	886
885	887
885	888
885	889
885	890
886	887
886	888
886	889
886	890
886	891
887	888
887	889
887	890
887	891
887	892
887	921
887	922
887	924
887	925
888	889
888	890
888	891
888	892
888	893
888	924
888	925
889	890
889	891
889	892
889	893
889	894
890	891
890	892
890	893
890	894
890	895
890	905
890	909
890	925
891	892
891	893
891	894
891	895
891	896
891	924
891	925
891	928
892	893
892	894
892	895
892	896
892	897
892	928
893	894
893	895
893	896
893	897
893	898
893	901
893	902
893	905
894	895
894	896
894	897
894	902
894	905
894	906
894	909
894	925
894	928
894	929
895	896
895	897
895	902
895	928
895	932
896	897
896	898
896	901
896	902
897	898
897	899
897	901
897	902
898	899
898	900
898	901
898	902
898	903
899	900
899	901
899	902
899	903
899	904
900	901
900	902
900	903
900	904
901	902
901	903
901	904
901	905
901	906
902	903
902	904
902	905
902	906
902	907
903	904
903	905
903	906
903	907
903	908
904	905
904	906
904	907
904	908
904	909
905	906
905	907
905	908
905	909
905	910
906	907
906	908
906	909
906	910
906	911
906	929
906	937
907	908
907	909
907	910
907	911
907	912
908	909
908	910
908	911
908	912
908	913
908	916
909	910
909	911
909	912
909	913
909	916
909	925
909	926
909	929
910	911
910	912
910	913
910	914
910	916
910	929
910	936
910	937
910	938
910	940
910	941
910	944
911	912
911	913
911	914
911	915
912	913
912	914
912	915
912	916
912	917
912	944
913	914
913	915
913	916
913	917
913	918
913	926
913	940
913	941
913	944
914	915
914	916
914	917
914	918
914	919
914	944
914	948
915	916
915	917
915	918
915	919
916	917
916	918
916	919
916	920
916	921
916	922
916	923
916	924
916	925
916	926
916	961
917	918
917	919
917	922
917	923
917	926
917	941
917	944
917	945
917	952
917	955
917	957
917	958
917	959
917	961
918	919
918	920
918	923
918	952
918	955
918	957
918	958
919	920
919	921
919	922
919	923
919	924
919	955
919	957
919	958
920	921
920	922
920	923
920	924
920	957
921	922
921	923
921	924
921	925
921	926
921	957
922	923
922	924
922	925
922	926
922	927
923	924
923	925
923	926
923	927
923	928
923	957
923	958
923	960
923	961
924	925
924	926
924	927
924	928
924	929
924	957
924	960
924	961
925	926
925	927
925	928
925	929
925	930
925	941
926	927
926	928
926	929
926	930
926	931
926	941
926	961
927	928
927	929
927	930
927	931
927	932
927	957
927	960
927	961
927	963
927	964
928	929
928	930
928	931
928	932
928	933
929	930
929	931
929	932
929	933
929	934
929	937
929	938
929	941
930	931
930	932
930	933
930	937
930	938
930	939
930	941
930	942
930	960
930	961
930	962
930	964
930	965
930	968
930	969
931	932
931	933
931	938
931	964
931	968
932	933
932	934
932	938
932	968
933	934
933	935
933	937
933	938
934	935
934	936
934	937
934	938
934	939
935	936
935	937
935	938
935	939
935	940
935	973
936	937
936	938
936	939
936	940
936	941
937	938
937	939
937	940
937	941
937	942
938	939
938	940
938	941
938	942
938	943
938	965
938	968
938	969
938	970
938	973
939	940
939	941
939	942
939	943
939	944
939	970
939	973
940	941
940	942
940	943
940	944
940	945
940	973
941	942
941	943
941	944
941	945
941	946
941	961
941	965
942	943
942	944
942	945
942	946
942	965
942	969
942	970
942	973
942	976
942	977
943	944
943	945
943	946
943	948
944	945
944	946
944	948
944	952
945	946
945	947
945	948
945	949
945	952
945	958
945	961
945	962
945	965
945	977
945	980
946	947
946	948
946	949
946	976
946	977
946	980
947	948
947	949
947	950
947	977
947	980
948	949
948	950
948	951
948	952
948	953
948	962
948	980
949	950
949	951
949	952
949	953
949	954
949	962
949	977
949	978
949	980
949	981
950	951
950	952
950	953
950	954
950	955
950	980
950	981
951	952
951	953
951	954
951	955
951	959
952	953
952	954
952	955
952	956
952	957
952	958
952	959
952	960
952	962
953	954
953	955
953	958
953	959
953	962
953	981
954	955
954	956
954	959
955	956
955	957
955	958
955	959
955	960
956	957
956	958
956	959
956	960
957	958
957	959
957	960
957	961
958	959
958	960
958	961
958	962
958	963
959	960
959	961
959	962
959	963
959	964
960	961
960	962
960	963
960	964
960	965
961	962
961	963
961	964
961	965
961	966
962	963
962	964
962	965
962	966
962	967
962	977
963	964
963	965
963	966
963	967
963	968
964	965
964	966
964	967
964	968
964	969
965	966
965	967
965	968
965	969
965	970
965	973
965	974
965	977
966	967
966	968
966	969
966	974
966	977
966	978
967	968
967	969
967	974
968	969
968	970
968	974
969	970
969	971
969	973
969	974
969	977
970	971
970	972
970	973
970	974
970	975
971	972
971	973
971	974
971	975
971	976
972	973
972	974
972	975
972	976
972	977
973	974
973	975
973	976
973	977
973	978
974	975
974	976
974	977
974	978
974	979
975	976
975	977
975	978
975	979
975	980
976	977
976	978
976	979
976	980
976	981
977	978
977	979
977	980
977	981
977	982
978	979
978	980
978	981
978	982
979	980
979	981
979	982
980	981
980	982
981	982
