1	2
1	3
1	4
1	5
1	6
1	23
1	26
1	27
1	28
1	30
1	31
2	3
2	4
2	5
2	6
2	7
2	27
3	4
3	5
3	6
3	7
3	8
4	5
4	6
4	7
4	8
4	9
4	22
4	23
4	24
4	26
4	27
4	30
5	6
5	7
5	8
5	9
5	10
5	23
5	24
5	27
5	36
5	37
5	38
5	40
6	7
6	8
6	9
6	10
6	11
6	24
7	8
7	9
7	10
7	11
7	12
7	19
7	20
7	23
7	24
8	9
8	10
8	11
8	12
8	13
8	16
8	19
8	20
8	21
8	23
8	24
9	10
9	11
9	12
9	13
9	14
9	20
9	24
9	40
10	11
10	12
10	13
10	14
10	15
10	16
10	24
11	12
11	13
11	14
11	15
11	16
11	17
11	19
11	20
11	23
12	13
12	14
12	15
12	16
12	17
12	20
12	24
12	40
12	43
12	44
12	47
13	14
13	15
13	16
13	17
14	15
14	16
15	16
15	17
16	17
16	18
16	19
16	20
16	21
17	18
17	19
17	20
17	21
17	22
17	43
17	44
17	45
17	47
17	48
18	19
18	20
18	21
18	22
18	23
18	48
19	20
19	21
19	22
19	23
19	24
20	21
20	22
20	23
20	24
20	25
20	41
20	44
21	22
21	23
21	24
21	25
21	26
21	41
21	44
21	45
21	48
21	50
22	23
22	24
22	25
22	26
22	27
22	41
23	24
23	25
23	26
23	27
23	28
24	25
24	26
24	27
24	28
24	29
24	37
24	40
24	41
24	44
25	26
25	27
25	28
25	29
25	30
25	41
25	45
25	57
26	27
26	28
26	29
26	30
26	31
27	28
27	29
27	30
27	31
27	32
28	29
28	30
28	31
28	32
28	33
28	34
28	37
28	38
28	41
28	57
29	30
29	31
29	32
30	31
30	32
31	32
31	33
31	34
31	37
31	38
32	33
32	34
32	38
32	64
33	34
33	35
33	38
33	64
34	35
34	36
34	37
34	38
34	39
34	61
34	64
35	36
35	37
35	38
35	39
35	40
35	60
35	61
35	62
35	64
35	65
36	37
36	38
36	39
36	40
36	41
36	61
37	38
37	39
37	40
37	41
37	42
38	39
38	40
38	41
38	42
38	43
38	56
38	57
38	58
38	60
38	61
38	64
39	40
39	41
39	42
39	43
39	44
39	57
39	58
39	61
39	68
39	70
39	71
39	74
40	41
40	42
40	43
40	44
40	45
40	58
41	42
41	43
41	44
41	45
41	46
41	54
41	57
41	58
42	43
42	44
42	45
42	46
42	47
42	50
42	53
42	54
42	55
42	57
42	58
43	44
43	45
43	46
43	47
43	48
43	54
43	58
43	74
44	45
44	46
44	47
44	48
44	49
44	58
45	46
45	47
45	48
45	49
45	50
45	51
45	53
45	54
45	57
46	47
46	48
46	49
46	50
46	51
46	54
46	58
46	74
46	77
46	78
46	81
47	48
47	49
47	50
47	51
48	49
48	50
49	50
49	51
49	52
50	51
50	52
50	53
50	54
50	55
51	52
51	53
51	54
51	55
51	56
51	77
51	78
51	79
51	81
51	82
52	53
52	54
52	55
52	56
52	57
53	54
53	55
53	56
53	57
53	58
54	55
54	56
54	57
54	58
54	59
54	75
54	78
55	56
55	57
55	58
55	59
55	60
55	75
55	78
55	79
56	57
56	58
56	59
56	60
56	61
56	75
57	58
57	59
57	60
57	61
57	62
58	59
58	60
58	61
58	62
58	63
58	71
58	74
58	75
58	78
59	60
59	61
59	62
59	63
59	64
59	75
59	79
60	61
60	62
60	63
60	64
60	65
61	62
61	63
61	64
61	65
61	66
61	68
61	71
62	63
62	64
62	65
62	66
62	67
62	68
62	69
62	71
62	72
62	75
63	64
63	65
63	66
64	65
64	66
65	66
65	67
65	68
65	71
65	72
66	67
66	68
66	72
67	68
67	69
67	70
67	72
68	69
68	70
68	71
68	72
68	73
69	70
69	71
69	72
69	73
69	74
70	71
70	72
70	73
70	74
70	75
71	72
71	73
71	74
71	75
71	76
72	73
72	74
72	75
72	76
72	77
72	88
73	74
73	75
73	76
73	77
73	78
74	75
74	76
74	77
74	78
74	79
75	76
75	77
75	78
75	79
75	80
75	88
76	77
76	78
76	79
76	80
76	81
76	84
76	87
76	88
76	89
77	78
77	79
77	80
77	81
77	82
77	88
78	79
78	80
78	81
78	82
78	83
79	80
79	81
79	82
79	83
79	84
79	85
79	87
79	88
80	81
80	82
80	83
80	84
80	85
80	88
81	82
81	83
81	84
81	85
82	83
82	84
83	84
83	85
83	86
84	85
84	86
84	87
84	88
84	89
85	86
85	87
85	88
85	89
85	90
86	87
86	88
86	89
86	90
87	88
87	89
87	90
88	89
88	90
89	90
