95	96
95	97
95	98
95	99
95	100
96	97
96	98
96	99
96	100
96	101
97	98
97	99
97	100
97	101
97	102
98	99
98	100
98	101
98	102
98	103
99	100
99	101
99	102
99	103
99	104
100	101
100	102
100	103
100	104
100	105
101	102
101	103
101	104
101	105
101	107
102	103
102	104
102	105
102	107
103	104
103	105
103	107
103	108
103	115
104	105
104	107
104	108
104	109
104	115
105	107
105	108
105	109
105	110
107	108
107	109
107	110
107	111
107	112
107	113
107	115
108	109
108	110
108	111
108	112
108	113
109	110
109	111
109	112
110	111
110	112
111	112
111	113
111	114
112	113
112	114
112	115
113	114
113	115
114	115
