23	24
23	25
23	49
24	25
24	26
24	46
24	47
24	48
24	49
24	50
25	26
25	27
25	48
25	49
25	50
25	51
26	27
26	28
26	43
26	48
26	49
26	50
26	51
26	52
27	28
27	29
27	49
27	50
27	51
27	52
27	53
28	29
28	30
28	31
28	36
28	39
28	40
28	43
28	50
28	51
28	52
28	53
28	54
29	30
29	31
29	36
29	51
29	52
29	53
30	31
30	32
30	33
30	34
30	35
30	36
30	37
30	53
31	32
31	33
31	34
31	35
31	36
31	37
31	40
31	50
31	51
31	52
31	53
31	54
32	33
32	34
32	36
32	37
32	53
32	54
32	55
33	34
33	35
33	36
33	37
33	38
34	35
34	36
34	37
34	38
34	39
35	36
35	37
35	38
35	39
35	40
36	37
36	38
36	39
36	40
36	41
37	38
37	39
37	40
37	41
37	42
38	39
38	40
38	41
38	42
38	43
39	40
39	41
39	42
39	43
39	44
39	50
40	41
40	42
40	43
40	44
40	45
40	50
41	42
41	43
41	44
41	45
41	46
42	43
42	44
42	45
42	46
42	47
42	48
43	44
43	45
43	46
43	47
43	48
43	49
43	50
44	45
44	46
44	47
44	48
44	49
44	50
45	46
45	47
45	48
46	47
46	48
47	48
47	49
48	49
48	50
49	50
49	51
50	51
50	52
51	52
51	53
52	53
52	54
53	54
53	55
54	55
54	56
55	56
55	57
56	57
