2	3
2	4
2	25
2	26
2	27
2	28
2	74
2	75
3	4
3	5
3	26
3	27
3	28
3	29
3	66
3	70
3	71
3	72
3	73
3	74
3	75
3	76
4	5
4	6
4	21
4	26
4	27
4	28
4	29
4	30
4	66
4	72
4	73
4	74
4	75
4	76
4	77
5	6
5	7
5	21
5	27
5	28
5	29
5	30
5	31
5	62
5	63
5	66
5	73
5	75
5	76
5	77
5	78
6	7
6	8
6	9
6	13
6	14
6	15
6	17
6	18
6	21
6	28
6	29
6	30
6	31
6	32
6	75
6	76
6	77
6	78
6	79
7	8
7	9
7	10
7	11
7	14
7	29
7	30
7	31
7	32
7	62
7	76
7	77
7	78
7	79
7	80
8	9
8	10
8	11
8	12
8	13
8	14
8	15
8	31
8	32
8	33
8	79
8	80
8	81
9	10
9	11
9	12
9	13
9	14
9	15
9	16
9	18
9	30
9	31
9	32
9	35
9	44
9	51
9	79
10	11
10	12
10	14
10	15
10	31
10	32
10	34
10	35
10	40
10	44
10	79
11	12
11	13
11	14
11	15
11	32
11	79
11	81
12	13
12	14
12	15
12	16
12	79
12	80
12	81
13	14
13	15
13	16
13	17
13	18
13	77
13	79
13	81
14	15
14	16
14	17
14	18
14	19
14	79
15	16
15	17
15	18
15	19
15	20
15	44
15	48
15	51
15	79
16	17
16	18
16	19
16	20
16	21
17	18
17	19
17	20
17	21
17	22
17	28
17	77
17	79
18	19
18	20
18	21
18	22
18	23
18	28
18	30
18	50
18	51
19	20
19	21
19	22
19	23
19	24
19	28
19	48
19	50
19	51
20	21
20	22
20	23
20	24
20	25
20	26
21	22
21	23
21	24
21	25
21	26
21	27
21	28
21	75
21	77
22	23
22	24
22	25
22	26
22	27
22	28
22	50
22	51
23	24
23	25
23	26
24	25
24	26
25	26
25	27
26	27
26	28
26	50
26	75
27	28
27	29
27	50
27	52
27	70
28	29
28	30
28	50
28	51
28	52
28	53
29	30
29	31
29	51
29	52
29	53
29	54
29	66
29	70
30	31
30	32
30	35
30	44
30	51
30	52
30	53
30	54
30	55
30	62
31	32
31	33
31	35
31	52
31	53
31	54
31	56
31	57
31	58
31	62
32	33
32	34
32	35
32	36
32	54
32	55
32	56
32	57
33	34
33	35
33	36
33	37
33	57
34	35
34	36
34	37
34	38
34	40
34	41
34	57
35	36
35	37
35	38
35	40
35	41
35	44
35	53
35	54
35	55
35	56
35	57
36	37
36	38
36	40
36	41
36	54
36	55
36	57
37	38
37	39
37	40
37	41
37	42
38	39
38	40
38	41
38	42
38	43
39	40
39	41
39	42
39	43
39	44
40	41
40	42
40	43
40	44
40	45
41	42
41	43
41	44
41	45
41	46
41	53
41	54
41	55
42	43
42	44
42	45
42	46
42	47
42	53
43	44
43	45
43	46
43	47
43	48
44	45
44	46
44	47
44	48
44	49
44	51
44	52
44	53
45	46
45	47
45	48
45	49
45	50
45	51
45	53
46	47
46	48
46	49
47	48
47	49
47	50
48	49
48	50
48	51
48	52
48	53
49	50
49	51
49	52
50	51
50	52
51	52
51	53
52	53
52	54
52	70
53	54
53	55
54	55
54	56
54	57
54	62
54	65
54	66
54	69
54	70
55	56
55	57
55	62
56	57
56	58
56	61
56	62
56	65
57	58
57	59
57	61
57	62
58	59
58	60
58	61
58	62
58	63
59	60
59	61
59	62
59	63
59	64
60	61
60	62
60	63
60	64
60	65
61	62
61	63
61	64
61	65
61	66
62	63
62	64
62	65
62	66
62	67
62	73
63	64
63	65
63	66
63	67
63	68
63	73
63	76
64	65
64	66
64	67
64	68
64	69
65	66
65	67
65	68
65	69
65	70
66	67
66	68
66	69
66	70
66	71
66	72
66	73
67	68
67	69
67	70
67	71
67	72
67	73
68	69
68	70
68	71
68	72
69	70
69	71
70	71
70	72
70	73
71	72
71	73
72	73
72	74
73	74
73	75
73	76
74	75
74	76
75	76
75	77
76	77
76	78
77	78
77	79
78	79
78	80
79	80
79	81
80	81
80	82
81	82
81	83
82	83
82	84
82	85
82	96
83	84
83	85
84	85
84	86
84	92
85	86
85	87
85	92
85	96
86	87
86	88
86	92
87	88
87	89
87	90
87	91
87	92
87	96
88	89
88	90
88	91
88	92
89	90
89	91
89	92
89	93
90	91
90	92
91	92
91	93
91	96
92	93
92	94
92	96
93	94
93	95
93	96
94	95
94	96
95	96
