77	78
77	79
77	95
77	96
77	97
77	98
77	120
77	124
78	79
78	80
78	94
78	95
78	96
78	97
78	98
78	119
78	120
78	121
78	123
78	124
78	125
78	126
79	80
79	81
79	94
79	95
79	96
79	124
79	125
79	126
80	81
80	82
80	83
80	89
80	93
80	94
80	95
80	96
80	126
81	82
81	83
81	84
81	89
81	96
81	102
81	104
81	126
82	83
82	84
82	89
83	84
83	85
83	89
84	85
84	86
84	87
84	88
84	89
84	104
84	105
84	106
84	107
84	112
84	131
84	132
84	133
85	86
85	87
85	88
85	107
85	132
85	133
86	87
86	88
86	105
86	106
86	107
86	108
86	110
86	133
86	134
86	135
87	88
87	89
87	105
87	106
87	107
87	133
88	89
88	90
88	92
88	103
88	104
88	105
88	106
88	107
88	133
89	90
89	91
89	92
89	93
89	96
89	102
89	103
89	104
89	105
90	91
90	92
90	96
90	101
90	102
90	103
90	104
90	105
91	92
91	93
91	96
91	101
91	102
91	103
92	93
92	94
92	96
92	102
93	94
93	95
93	96
93	100
94	95
94	96
95	96
95	97
95	100
96	97
96	98
96	100
96	101
96	102
96	120
96	126
97	98
97	99
97	100
97	101
97	120
98	99
98	100
98	120
98	121
98	122
98	123
98	124
99	100
99	101
99	119
99	120
99	121
99	122
100	101
100	102
100	118
100	119
100	120
100	121
100	126
101	102
101	103
101	118
101	119
101	120
101	126
102	103
102	104
102	116
102	117
102	118
102	119
102	126
103	104
103	105
103	116
103	117
103	118
104	105
104	106
104	112
104	115
104	116
104	117
104	118
104	131
105	106
105	107
105	112
105	116
105	117
105	133
106	107
106	108
106	110
106	111
106	112
106	113
106	132
106	133
106	134
107	108
107	109
107	110
107	111
107	133
108	109
108	110
109	110
109	111
109	134
109	135
110	111
110	112
110	133
110	134
110	135
111	112
111	113
111	132
111	133
111	134
111	135
112	113
112	114
112	115
112	116
112	131
112	132
112	133
112	134
113	114
113	115
113	116
113	129
113	130
113	131
113	132
113	133
113	134
114	115
114	116
114	129
114	130
114	131
114	132
115	116
115	117
115	118
115	127
115	128
115	129
115	130
115	131
115	132
116	117
116	118
116	129
116	131
117	118
117	119
117	127
117	128
118	119
118	120
118	126
118	127
118	128
118	129
118	130
118	131
119	120
119	121
119	125
119	126
119	127
120	121
120	122
120	124
120	125
120	126
120	127
121	122
121	123
121	124
121	125
121	126
121	127
121	128
122	123
122	124
122	125
123	124
123	125
123	126
124	125
124	126
125	126
125	127
126	127
126	128
126	129
127	128
127	129
128	129
128	130
129	130
129	131
130	131
130	132
131	132
131	133
132	133
132	134
133	134
133	135
134	135
134	136
134	137
135	136
135	137
136	137
