7	8
7	9
8	9
8	10
8	11
8	39
8	43
8	56
8	59
8	63
9	10
9	11
9	43
10	11
10	12
10	43
10	44
10	46
10	47
10	56
10	59
11	12
11	13
11	14
11	36
11	39
11	40
11	43
11	47
11	63
12	13
12	14
12	15
12	43
13	14
13	15
13	17
14	15
14	16
14	17
14	18
14	39
14	40
14	41
14	42
14	43
14	44
14	47
15	16
15	17
15	18
15	19
15	40
16	17
16	18
16	19
16	20
16	22
16	29
16	37
16	40
16	41
16	44
16	45
16	48
17	18
17	19
17	44
17	47
17	48
18	19
18	20
18	21
18	44
18	48
19	20
19	21
19	22
19	23
19	25
19	29
19	41
19	44
19	48
20	21
20	22
20	23
20	24
20	48
21	22
21	23
21	24
21	25
21	26
21	41
21	48
22	23
22	24
22	25
22	26
22	27
22	41
22	42
22	44
22	45
22	48
23	24
23	25
23	26
23	27
23	28
23	41
23	42
23	45
23	48
23	52
23	54
23	55
23	56
23	58
24	25
24	26
24	27
24	28
24	29
24	42
25	26
25	27
25	28
25	29
25	30
25	41
25	42
26	27
26	28
26	29
26	30
26	31
26	34
26	37
26	38
26	41
26	42
27	28
27	29
27	30
27	31
27	32
27	38
27	41
27	42
27	54
27	58
28	29
28	30
28	31
28	32
28	33
28	38
29	30
29	31
29	32
29	33
29	34
29	35
29	37
29	38
29	41
30	31
30	32
30	33
30	34
30	35
30	38
30	42
30	58
30	62
30	65
31	32
31	33
31	34
31	38
32	33
32	34
33	34
33	35
33	36
33	38
34	35
34	36
34	37
34	38
34	39
34	62
35	36
35	37
35	38
35	39
35	40
35	62
35	65
35	66
36	37
36	38
36	39
36	40
36	41
36	62
36	66
37	38
37	39
37	40
37	41
37	42
38	39
38	40
38	41
38	42
38	43
38	58
38	59
38	62
39	40
39	41
39	42
39	43
39	44
39	59
39	62
39	63
39	66
40	41
40	42
40	43
40	44
40	45
40	59
41	42
41	43
41	44
41	45
41	46
42	43
42	44
42	45
42	46
42	47
42	54
42	55
42	56
42	58
42	59
42	62
43	44
43	45
43	46
43	47
43	48
43	59
43	63
44	45
44	46
44	47
44	48
44	49
45	46
45	47
45	48
45	49
45	50
45	52
45	55
46	47
46	48
46	49
46	50
46	51
46	52
46	55
46	56
46	59
47	48
47	49
47	50
48	49
48	50
49	50
49	51
49	52
49	53
49	55
49	56
50	51
50	52
50	53
50	56
51	52
51	53
51	56
52	53
52	54
52	55
52	56
52	57
53	54
53	55
53	56
53	57
53	58
54	55
54	56
54	57
54	58
54	59
55	56
55	57
55	58
55	59
55	60
56	57
56	58
56	59
56	60
56	61
57	58
57	59
57	60
57	61
57	62
58	59
58	60
58	61
58	62
58	63
59	60
59	61
59	62
59	63
59	64
60	61
60	62
60	63
60	64
60	65
61	62
61	63
61	64
61	65
61	66
62	63
62	64
62	65
62	66
63	64
63	65
63	66
64	65
64	66
65	66
