2	3
2	4
2	5
3	4
3	5
3	7
3	25
3	26
4	5
4	6
4	7
4	8
4	25
4	26
5	6
5	7
6	7
6	8
7	8
7	9
8	9
8	10
9	10
9	11
9	26
10	11
10	12
11	12
11	13
11	14
11	18
11	19
11	20
11	22
11	23
11	26
12	13
12	14
12	15
12	19
13	14
13	15
13	16
13	17
13	18
13	19
13	20
14	15
14	16
14	18
14	19
14	20
14	21
14	23
15	16
15	17
15	19
15	20
16	17
16	18
16	19
16	20
16	21
17	18
17	19
17	20
17	21
17	22
18	19
18	20
18	21
18	22
18	23
19	20
19	21
19	22
19	23
19	24
20	21
20	22
20	23
20	24
20	25
21	22
21	23
21	24
21	25
21	26
22	23
22	24
22	25
22	26
23	24
23	25
23	26
24	25
24	26
25	26
