13	14
13	15
13	16
13	17
13	18
14	15
14	16
14	17
14	18
14	19
14	33
14	36
14	37
14	38
14	39
14	42
15	16
15	17
15	18
15	19
15	20
15	38
15	39
15	42
16	17
16	18
16	19
16	20
16	21
16	42
17	18
17	19
17	20
17	21
17	22
17	26
17	29
17	33
18	19
18	20
18	21
18	22
18	23
18	29
18	30
18	33
18	34
18	38
18	39
18	40
18	41
18	42
19	20
19	21
19	22
19	23
19	24
19	33
19	42
20	21
20	22
20	23
20	24
20	25
20	26
21	22
21	23
21	24
21	25
21	26
21	27
21	29
21	30
21	33
22	23
22	24
22	25
22	26
22	30
23	24
23	25
23	26
24	25
24	26
25	26
25	27
25	30
26	27
26	28
26	29
26	30
26	31
27	28
27	29
27	30
27	31
27	32
28	29
28	30
28	31
28	32
28	33
29	30
29	31
29	32
29	33
29	34
30	31
30	32
30	33
30	34
30	35
31	32
31	33
31	34
31	35
31	36
32	33
32	34
32	35
32	36
32	37
33	34
33	35
33	36
33	37
33	38
34	35
34	36
34	37
34	38
34	39
34	40
35	36
35	37
35	38
36	37
36	38
37	38
37	39
38	39
38	40
38	41
39	40
39	41
39	42
40	41
40	42
41	42
