128	129
128	130
128	131
128	132
128	133
128	166
129	130
129	131
129	132
129	133
129	134
129	166
130	131
130	132
130	133
130	134
130	135
130	163
131	132
131	133
131	134
131	135
131	136
131	162
131	163
131	164
131	166
132	133
132	134
132	135
132	136
132	137
132	162
132	163
132	166
133	134
133	135
133	136
133	137
133	138
134	135
134	136
134	137
134	138
134	139
134	163
135	136
135	137
135	138
135	139
135	140
135	162
135	163
135	164
135	166
135	167
136	137
136	138
136	139
136	140
136	141
136	166
137	138
137	139
137	140
137	141
137	142
138	139
138	140
138	141
138	142
138	143
138	163
139	140
139	141
139	142
139	143
139	144
139	147
139	167
139	171
139	174
139	176
140	141
140	142
140	143
140	144
140	145
141	142
141	143
141	144
141	145
141	146
142	143
142	144
142	145
142	146
142	147
142	154
142	171
143	144
143	145
143	146
143	147
143	148
143	149
143	174
143	176
144	145
144	146
144	147
145	146
145	147
146	147
146	148
146	151
147	148
147	149
147	151
147	154
147	176
148	149
148	150
148	151
148	152
148	154
148	176
149	150
149	151
149	152
149	153
149	174
149	175
149	176
149	177
150	151
150	152
150	176
151	152
151	153
152	153
152	154
152	176
152	177
153	154
153	155
153	177
153	178
154	155
154	156
154	171
154	176
154	177
154	178
155	156
155	157
155	171
155	177
155	178
156	157
156	158
156	159
156	163
156	164
156	165
156	167
156	168
156	171
156	178
157	158
157	159
157	160
157	163
157	164
158	159
158	160
158	161
158	162
158	163
158	164
158	165
159	160
159	161
159	162
159	164
159	165
159	166
159	168
160	161
160	162
160	164
160	165
161	162
161	163
161	164
161	165
161	166
162	163
162	164
162	165
162	166
162	167
163	164
163	165
163	166
163	167
163	168
164	165
164	166
164	167
164	168
164	169
165	166
165	167
165	168
165	169
166	167
166	168
166	169
166	171
167	168
167	169
167	171
167	172
167	178
168	169
168	171
168	172
168	173
168	178
169	171
169	172
169	173
169	174
169	178
171	172
171	173
171	174
171	175
171	176
171	177
171	178
172	173
172	174
172	175
172	176
172	178
173	174
173	175
173	176
174	175
174	176
175	176
175	177
176	177
176	178
177	178
