-2	-1
-2	0
-2	65
-2	103
-1	0
-1	62
-1	64
-1	65
-1	97
-1	98
-1	103
0	62
0	63
0	64
0	65
0	66
0	98
0	103
0	112
62	63
62	64
62	65
62	66
62	67
62	98
62	103
62	106
62	108
62	109
62	112
63	64
63	65
63	66
63	67
63	68
63	106
63	107
63	108
63	109
63	112
64	65
64	66
64	67
64	68
64	69
65	66
65	67
65	68
65	69
65	70
65	90
65	93
65	94
65	97
65	98
65	112
66	67
66	68
66	69
66	70
66	71
66	91
66	107
66	108
66	109
66	111
66	112
67	68
67	69
67	70
67	71
67	72
68	69
68	70
68	71
68	72
68	73
68	90
69	70
69	71
69	72
69	73
69	74
69	87
69	90
69	91
69	94
69	112
70	71
70	72
70	73
70	74
70	75
70	91
70	111
71	72
71	73
71	74
71	75
71	76
72	73
72	74
72	75
72	76
72	77
72	86
72	87
72	90
73	74
73	75
73	76
73	77
73	79
73	87
73	91
74	75
74	76
74	77
75	76
75	77
75	83
75	86
76	77
76	78
76	79
76	80
76	83
76	86
76	87
77	78
77	79
77	83
78	79
78	80
78	83
79	80
79	81
79	83
79	84
79	87
80	81
80	82
80	83
80	84
80	85
81	82
81	83
81	84
81	85
81	86
82	83
82	84
82	85
82	86
82	87
83	84
83	85
83	86
83	87
83	88
84	85
84	86
84	87
84	88
84	89
85	86
85	87
85	88
85	89
85	90
86	87
86	88
86	89
86	90
86	91
87	88
87	89
87	90
87	91
87	92
88	89
88	90
88	91
88	92
88	93
89	90
89	91
89	92
89	93
89	94
90	91
90	92
90	93
90	94
90	95
91	92
91	93
91	94
91	95
91	96
91	111
91	112
91	113
92	93
92	94
92	95
92	96
92	97
93	94
93	95
93	96
93	97
93	98
94	95
94	96
94	97
94	98
94	109
94	112
95	96
95	97
95	98
95	99
95	100
95	109
95	112
95	113
96	97
96	98
96	99
97	98
97	99
97	103
98	99
98	100
98	101
98	103
98	109
98	112
98	113
99	100
99	101
99	102
99	103
99	104
99	109
100	101
100	102
100	103
100	104
100	105
100	109
100	113
101	102
101	103
101	104
102	103
102	104
102	105
102	106
103	104
103	105
103	106
103	107
103	109
103	110
104	105
104	106
104	109
105	106
105	107
106	107
106	108
106	109
106	110
106	111
107	108
107	109
107	110
107	111
107	112
108	109
108	110
108	111
108	112
108	113
109	110
109	111
109	112
109	113
110	111
110	112
110	113
111	112
111	113
112	113
