156	157
156	158
156	161
157	158
157	159
157	160
157	161
157	162
158	159
158	160
158	161
158	162
158	163
159	160
159	161
159	162
159	163
159	164
160	161
160	162
160	163
160	164
160	165
160	198
161	162
161	163
161	164
161	165
161	166
162	163
162	164
162	165
162	166
163	164
163	165
163	166
163	167
163	168
163	194
163	198
164	165
164	166
164	167
164	168
164	169
164	170
164	198
165	166
165	167
165	168
165	169
165	170
165	198
166	167
166	168
166	169
166	170
166	171
166	195
167	168
167	169
167	170
167	171
167	172
167	194
167	195
167	198
167	202
168	169
168	170
168	171
168	172
168	173
168	194
168	195
168	198
168	202
169	170
169	171
169	172
169	173
169	174
169	198
169	202
170	171
170	172
170	173
170	174
170	175
170	195
170	260
171	172
171	173
171	174
171	175
171	176
171	194
171	195
171	196
171	198
171	199
171	202
171	260
172	173
172	174
172	175
172	176
172	177
172	202
172	206
173	174
173	175
173	176
173	177
173	178
174	175
174	176
174	177
174	178
174	182
174	258
174	260
175	176
175	177
175	178
175	179
175	182
175	187
175	189
175	198
175	199
175	200
175	202
175	203
175	206
175	258
175	260
176	177
176	178
176	179
176	182
176	206
177	178
177	179
177	258
178	179
178	180
178	181
178	182
178	185
178	257
178	258
179	180
179	181
180	181
180	182
180	185
181	182
181	183
181	184
181	185
181	206
182	183
182	184
182	185
182	186
182	187
182	203
182	206
182	207
182	208
182	209
182	258
183	184
183	185
183	206
183	207
183	208
183	209
184	185
184	186
184	207
184	208
184	209
184	210
184	254
184	257
185	186
185	187
185	207
185	208
185	209
185	210
185	211
185	257
185	258
186	187
186	188
186	208
186	209
186	210
186	211
186	212
186	247
186	250
186	251
186	255
186	256
186	257
186	258
186	259
187	188
187	189
187	199
187	203
187	208
187	210
187	211
187	212
187	213
187	256
187	257
187	258
187	259
187	260
188	189
188	190
188	210
188	211
188	212
188	213
188	214
188	247
188	256
188	258
188	259
188	260
188	261
188	275
189	190
189	191
189	192
189	195
189	196
189	197
189	199
189	200
189	203
189	211
189	212
189	213
189	214
189	215
189	258
189	259
189	260
189	261
189	262
190	191
190	192
190	196
190	212
190	213
190	214
190	215
190	259
190	260
190	261
190	262
190	263
190	268
190	269
190	271
190	272
190	273
190	275
191	192
191	193
191	195
191	196
191	197
191	213
191	214
191	215
191	260
191	262
191	263
192	193
192	194
192	196
192	197
192	213
192	214
192	215
192	217
192	220
192	221
192	223
192	224
192	262
193	194
193	195
193	196
193	197
193	198
193	220
193	262
194	195
194	196
194	197
194	198
194	199
194	220
195	196
195	197
195	198
195	199
195	200
195	260
195	261
195	262
195	263
196	197
196	198
196	199
196	200
196	201
196	213
196	260
196	262
197	198
197	199
197	200
197	201
197	202
197	213
197	220
197	223
197	224
197	227
198	199
198	200
198	201
198	202
198	203
198	227
199	200
199	201
199	202
199	203
199	204
199	211
199	260
200	201
200	202
200	203
200	204
200	205
200	211
200	213
200	224
200	227
200	228
200	229
201	202
201	203
201	204
201	205
201	206
201	227
201	228
202	203
202	204
202	205
202	206
202	207
203	204
203	205
203	206
203	207
203	208
203	211
204	205
204	206
204	207
204	208
204	209
204	210
204	211
204	227
204	228
204	229
204	230
205	206
205	207
205	208
206	207
206	208
207	208
207	209
208	209
208	210
208	211
208	230
209	210
209	211
209	230
209	250
210	211
210	212
210	230
210	250
210	251
211	212
211	213
211	228
211	229
211	230
211	231
211	232
212	213
212	214
212	229
212	230
212	231
212	232
212	233
212	247
212	250
212	251
213	214
213	215
213	220
213	221
213	224
213	229
213	231
213	232
213	233
213	234
214	215
214	216
214	221
214	231
214	232
214	233
214	234
214	235
214	243
214	247
214	263
214	271
214	275
215	216
215	217
215	220
215	221
215	233
215	234
215	235
215	236
216	217
216	218
216	221
216	233
216	234
216	235
216	236
217	218
217	219
217	220
217	221
217	222
217	234
217	236
218	219
218	220
218	221
218	222
218	223
218	234
219	220
219	221
219	222
219	223
219	224
220	221
220	222
220	223
220	224
220	225
221	222
221	223
221	224
221	225
221	226
221	229
221	232
221	233
221	234
221	235
222	223
222	224
222	225
222	226
222	227
222	232
223	224
223	225
223	226
223	227
223	228
224	225
224	226
224	227
224	228
224	229
224	230
224	232
225	226
225	227
225	228
225	229
225	230
225	231
225	232
226	227
226	228
226	229
227	228
227	229
228	229
228	230
229	230
229	231
229	232
230	231
230	232
231	232
231	233
231	246
231	247
231	250
232	233
232	234
233	234
233	235
233	238
233	242
233	243
233	246
233	247
234	235
234	236
234	237
234	238
234	243
235	236
235	237
235	238
235	239
235	243
235	271
236	237
236	238
236	243
237	238
237	239
237	242
237	243
238	239
238	240
238	242
238	243
239	240
239	241
239	242
239	243
239	244
239	271
240	241
240	242
240	243
240	244
240	245
240	271
240	274
240	275
241	242
241	243
241	244
241	245
241	246
242	243
242	244
242	245
242	246
242	247
243	244
243	245
243	246
243	247
243	248
243	271
243	275
244	245
244	246
244	247
244	248
244	249
244	271
244	274
244	275
245	246
245	247
245	248
245	249
245	250
245	275
246	247
246	248
246	249
246	250
246	251
247	248
247	249
247	250
247	251
247	252
247	253
247	254
247	255
247	256
247	275
248	249
248	250
248	251
248	252
248	253
248	254
248	255
248	256
248	274
248	275
249	250
249	251
249	252
249	253
250	251
250	252
250	253
250	254
251	252
251	253
251	254
251	255
251	256
251	257
252	253
252	254
252	255
253	254
253	255
254	255
254	256
254	257
254	275
255	256
255	257
255	275
256	257
256	258
256	259
256	275
257	258
257	259
257	275
258	259
258	260
259	260
259	261
259	271
259	272
259	273
259	275
260	261
260	262
260	263
261	262
261	263
261	264
261	265
261	266
261	268
261	269
262	263
262	264
263	264
263	265
263	266
263	268
264	265
264	266
265	266
265	267
265	268
265	269
266	267
266	268
266	269
266	270
267	268
267	269
267	270
267	271
267	272
268	269
268	270
268	271
268	272
268	273
269	270
269	271
269	272
269	273
269	274
270	271
270	272
270	273
270	274
271	272
271	273
271	274
271	275
272	273
272	274
272	275
273	274
273	275
274	275
