11	12
11	13
11	14
11	15
12	13
12	14
12	15
13	14
13	15
14	15
14	16
15	16
15	17
16	17
16	18
16	19
16	20
17	18
17	19
17	24
18	19
18	20
18	24
19	20
19	21
19	22
19	23
19	24
20	21
20	22
20	23
20	24
21	22
21	23
21	24
21	25
22	23
22	24
22	25
22	26
23	24
23	25
23	26
23	27
24	25
24	26
25	26
25	27
25	52
26	27
26	28
26	30
26	52
27	28
27	29
27	30
27	31
27	48
27	49
27	52
27	53
27	54
27	55
28	29
28	30
28	51
28	52
28	53
28	54
29	30
29	31
29	52
29	53
29	54
29	55
30	31
30	32
30	53
30	54
30	55
31	32
31	33
31	54
31	55
32	33
32	34
32	49
32	54
32	55
33	34
33	35
33	49
33	55
34	35
34	36
34	37
34	41
34	42
34	43
34	45
34	46
34	49
35	36
35	37
35	42
36	37
36	38
36	39
36	40
36	41
36	42
36	43
37	38
37	39
37	42
37	43
37	44
37	46
38	39
38	40
38	42
38	43
39	40
39	41
39	42
39	43
39	44
40	41
40	42
40	43
40	44
40	45
41	42
41	43
41	44
41	45
41	46
42	43
42	44
42	45
42	46
42	47
43	44
43	45
43	46
43	47
43	48
44	45
44	46
44	47
44	48
44	49
44	51
45	46
45	47
45	48
45	49
45	50
46	47
46	48
46	49
46	50
46	51
47	48
47	49
47	50
47	51
47	52
48	49
48	50
48	51
48	52
48	53
49	50
49	51
49	52
49	53
49	54
49	55
50	51
50	52
50	53
50	54
50	55
51	52
51	53
51	54
52	53
52	54
53	54
53	55
54	55
