389	390
389	391
389	392
389	393
389	394
389	400
389	401
389	402
389	406
389	407
389	408
390	391
390	392
390	393
390	394
390	400
390	402
390	407
391	392
391	393
391	394
391	395
392	393
392	394
392	395
392	396
393	394
393	395
393	396
393	397
393	398
393	399
393	400
393	407
394	395
394	396
394	400
394	407
394	409
395	396
395	397
395	407
395	409
396	397
396	398
396	399
396	400
396	407
396	408
396	409
396	410
397	398
397	399
397	409
397	410
398	399
398	400
398	410
398	411
398	412
398	413
399	400
399	401
399	408
399	409
399	410
399	411
399	412
399	413
400	401
400	402
400	407
400	408
400	409
400	410
401	402
401	403
401	406
401	407
401	408
401	409
401	410
402	403
402	404
402	405
402	406
402	407
402	408
403	404
403	405
403	406
403	407
403	408
404	405
404	406
405	406
405	407
406	407
406	408
407	408
407	409
408	409
408	410
409	410
409	411
410	411
410	412
411	412
411	413
412	413
