375	376
375	377
375	378
375	379
375	380
376	377
376	378
376	379
376	380
376	381
377	378
377	379
377	380
377	381
377	382
378	379
378	380
378	381
378	382
378	383
379	380
379	381
379	382
379	383
379	384
380	381
380	382
380	383
380	384
380	385
381	382
381	383
381	384
381	385
381	386
382	383
382	384
382	385
382	386
382	387
383	384
383	385
383	386
383	387
383	388
383	393
383	394
383	395
383	396
384	385
384	386
384	387
384	388
384	389
384	394
385	386
385	387
385	388
385	389
385	390
386	387
386	388
386	389
386	390
386	391
386	392
387	388
387	389
387	390
387	391
387	392
387	393
387	394
388	389
388	390
388	391
388	392
389	390
389	391
389	392
390	391
390	392
391	392
391	393
392	393
392	394
393	394
393	395
394	395
394	396
394	397
394	398
395	396
395	397
395	400
396	397
396	398
396	400
396	401
397	398
397	399
397	400
397	401
397	402
398	399
398	400
398	401
398	402
398	403
399	400
399	401
399	402
399	403
399	404
400	401
400	402
400	403
400	404
400	405
401	402
401	403
401	404
401	405
401	406
402	403
402	404
402	405
402	406
402	407
403	404
403	405
403	406
403	407
403	408
404	405
404	406
404	407
404	408
404	409
405	406
405	407
405	408
405	409
405	410
406	407
406	408
406	409
406	410
406	411
407	408
407	409
407	410
407	411
407	412
408	409
408	410
408	411
408	412
408	413
409	410
409	411
409	412
409	413
409	414
410	411
410	412
410	413
410	414
411	412
411	413
411	414
412	413
412	414
413	414
