159	160
159	161
159	183
159	184
159	187
159	190
160	161
160	162
160	163
160	193
161	162
161	163
161	171
161	174
161	175
161	178
161	193
161	194
162	163
162	164
162	193
162	194
162	197
163	164
163	165
163	171
163	175
163	194
163	197
164	165
164	166
164	168
164	171
164	194
164	197
164	198
165	166
165	167
165	168
165	169
165	171
166	167
166	168
167	168
167	169
168	169
168	170
168	171
168	172
169	170
169	171
169	172
169	173
169	174
170	171
170	172
170	173
170	174
170	175
171	172
171	173
171	174
171	175
171	176
171	194
172	173
172	174
172	175
172	176
172	177
172	198
173	174
173	175
173	176
173	177
174	175
174	176
174	177
174	178
174	179
175	176
175	177
175	178
175	179
175	180
175	188
175	194
175	198
176	177
176	178
176	179
176	180
176	181
177	178
177	179
177	180
177	181
177	184
178	179
178	180
178	181
178	182
178	183
178	184
178	185
178	188
179	180
179	181
179	182
179	184
179	185
179	188
180	181
180	182
180	184
180	185
181	182
181	183
181	184
181	185
181	186
182	183
182	184
182	185
182	186
182	187
182	189
183	184
183	185
183	186
183	187
183	188
184	185
184	186
184	187
184	188
184	189
185	186
185	187
185	188
185	189
185	190
186	187
186	188
186	189
186	190
186	191
187	188
187	189
187	190
187	191
187	193
188	189
188	190
188	191
188	192
188	193
188	194
188	195
188	198
189	190
189	191
189	192
189	193
189	195
190	191
190	192
191	192
191	193
191	194
191	195
192	193
192	194
192	195
192	196
192	197
193	194
193	195
193	196
193	197
194	195
194	196
194	197
194	198
195	196
195	197
195	198
196	197
196	198
197	198
