301	302
301	303
301	304
301	305
302	303
302	304
302	305
302	306
303	304
303	305
303	306
303	307
304	305
304	306
304	307
304	308
304	309
305	306
305	307
305	308
305	309
305	310
305	328
305	332
306	307
306	308
306	309
306	310
306	311
306	328
306	329
306	332
306	334
307	308
307	309
307	310
307	311
307	312
307	328
308	309
308	310
308	311
308	312
308	313
309	310
309	311
309	312
309	313
309	314
309	324
309	328
309	332
310	311
310	312
310	313
310	314
310	315
310	321
310	324
310	325
310	326
310	328
310	329
311	312
311	313
311	314
311	315
311	316
311	324
312	313
312	314
312	315
312	316
312	317
312	318
313	314
313	315
313	316
313	317
313	318
313	319
313	323
313	324
313	325
313	327
313	328
313	331
314	315
314	316
314	317
314	318
314	319
314	324
315	316
315	317
315	318
316	317
316	318
316	319
317	318
317	319
318	319
318	320
319	320
319	321
319	323
319	324
319	325
319	327
320	321
320	322
320	323
320	324
320	325
321	322
321	323
321	324
321	325
321	326
322	323
322	324
322	325
322	326
322	327
323	324
323	325
323	326
323	327
323	328
324	325
324	326
324	327
324	328
324	329
325	326
325	327
325	328
325	329
325	330
326	327
326	328
326	329
326	330
326	331
327	328
327	329
327	330
327	331
327	332
328	329
328	330
328	331
328	332
328	333
328	334
329	330
329	331
329	332
329	333
329	334
329	335
330	331
330	332
330	333
330	334
331	332
331	333
331	334
332	333
332	334
333	334
333	335
334	335
