78	79
78	80
78	102
79	80
79	81
80	81
80	82
80	99
80	102
80	114
81	82
81	83
81	84
81	95
81	98
82	83
82	84
82	85
82	95
82	117
82	119
83	84
83	85
83	91
83	92
83	95
84	85
84	92
84	95
84	96
84	99
84	119
84	122
84	123
84	126
85	92
85	118
85	119
85	122
91	92
91	93
91	94
91	95
91	132
92	93
92	94
92	95
92	96
92	97
92	122
92	126
92	129
92	132
92	135
93	94
93	95
93	96
93	97
93	98
93	132
93	134
93	135
93	138
94	95
94	96
94	97
94	98
94	99
94	135
95	96
95	97
95	98
95	99
95	100
96	97
96	98
96	99
96	100
96	101
96	123
96	126
96	135
96	138
96	139
96	142
97	98
97	99
97	100
97	101
97	102
97	138
98	99
98	100
98	101
98	102
98	103
99	100
99	101
99	102
99	103
99	104
99	114
99	119
99	123
99	142
100	101
100	102
100	103
100	104
100	105
100	137
100	138
100	139
100	141
100	142
100	145
101	102
101	103
101	104
101	105
101	138
101	145
102	103
102	104
102	105
102	109
102	110
103	104
103	105
103	106
103	109
103	110
103	111
103	114
103	142
103	143
103	145
103	146
104	105
104	106
104	109
104	141
104	145
105	106
105	107
105	108
105	109
105	110
106	107
106	108
106	109
107	108
107	109
107	110
108	109
108	110
108	111
109	110
109	111
109	112
109	113
110	111
110	112
110	113
110	114
111	112
111	113
111	114
111	115
111	116
111	145
111	146
111	148
111	153
112	113
112	114
112	115
112	116
112	117
112	152
112	153
113	114
113	115
113	116
113	117
113	118
114	115
114	116
114	117
114	118
114	119
114	120
114	146
115	116
115	117
115	118
115	119
115	120
115	146
115	153
115	156
116	117
116	118
117	118
117	119
118	119
118	120
118	121
118	122
119	120
119	121
119	122
119	123
119	124
120	121
120	122
120	123
120	124
120	125
120	143
120	146
120	156
120	157
120	160
121	122
121	123
121	124
121	125
121	126
121	160
122	123
122	124
122	125
122	126
122	127
123	124
123	125
123	126
123	127
123	128
123	138
123	139
123	140
123	142
123	143
124	125
124	126
124	127
124	128
124	143
124	160
124	161
124	162
124	165
125	126
125	127
125	128
125	129
125	165
126	127
126	128
126	129
126	130
126	132
126	135
126	136
126	139
127	128
127	129
127	130
127	135
127	136
127	139
127	140
127	141
127	143
127	162
127	165
127	166
128	129
128	130
128	131
128	136
128	165
129	130
129	131
129	132
129	133
129	135
129	136
130	131
130	132
130	133
130	136
131	132
131	133
131	136
132	133
132	134
132	135
132	136
132	137
133	134
133	135
133	136
133	137
133	138
134	135
134	136
134	137
134	138
134	139
135	136
135	137
135	138
135	139
135	140
136	137
136	138
136	139
136	140
136	141
137	138
137	139
137	140
137	141
137	142
138	139
138	140
138	141
138	142
138	143
139	140
139	141
139	142
139	143
139	144
139	166
140	141
140	142
140	143
140	144
140	145
140	166
141	142
141	143
141	144
141	145
141	146
141	166
142	143
142	144
142	145
142	146
142	147
143	144
143	145
143	146
143	147
143	148
143	157
143	160
143	162
143	166
144	145
144	146
144	147
144	148
144	157
144	166
145	146
145	147
145	148
145	149
145	157
146	147
146	148
146	149
146	150
146	153
146	154
146	156
146	157
147	148
147	149
147	150
147	153
147	154
147	157
148	149
148	150
148	153
148	154
148	157
149	150
149	151
149	153
149	154
150	151
150	152
150	153
150	154
150	155
151	152
151	153
151	154
151	155
151	156
152	153
152	154
152	155
152	156
152	157
153	154
153	155
153	156
153	157
154	155
154	156
154	157
154	158
154	159
155	156
155	157
155	158
155	159
155	160
156	157
156	158
156	159
156	160
156	161
157	158
157	159
157	160
157	161
157	162
157	163
157	166
158	159
158	160
158	161
158	162
158	163
158	164
159	160
159	161
159	162
160	161
160	162
160	163
160	165
161	162
161	163
161	164
161	165
162	163
162	164
162	165
162	166
162	167
163	164
163	165
163	166
163	167
164	165
164	166
164	167
165	166
165	167
166	167
