2	3
2	4
2	20
2	21
2	22
2	23
2	45
2	51
2	52
2	53
2	54
3	4
3	5
3	20
3	21
3	22
3	23
3	44
3	45
3	46
3	53
3	54
3	55
4	5
4	6
4	21
4	53
4	55
5	6
5	7
5	8
5	17
5	21
5	55
6	7
6	8
6	14
6	17
6	21
6	27
6	29
6	43
6	55
7	8
7	9
7	14
7	27
7	29
7	43
7	55
7	57
7	58
7	59
8	9
8	10
8	14
8	29
8	59
8	60
9	10
9	11
9	12
9	13
9	14
9	29
9	30
9	31
9	37
9	59
9	60
9	61
9	62
10	11
10	12
10	31
10	35
10	61
10	62
11	12
11	13
11	30
11	31
11	32
11	35
11	62
12	13
12	14
12	30
12	31
12	32
12	62
13	14
13	15
13	28
13	29
13	30
13	31
13	62
14	15
14	16
14	17
14	27
14	28
14	29
14	30
15	16
15	17
15	26
15	27
15	28
15	29
16	17
16	18
16	19
16	25
16	26
16	27
17	18
17	19
17	21
17	25
17	26
17	27
17	55
18	19
18	20
18	21
18	22
18	25
19	20
19	21
20	21
20	22
20	25
21	22
21	23
21	25
21	45
21	55
22	23
22	24
22	25
22	45
23	24
23	25
23	44
23	45
23	46
23	47
23	52
23	53
24	25
24	26
24	44
24	45
24	46
25	26
25	27
25	43
25	44
25	45
25	46
25	55
26	27
26	28
26	42
26	43
26	44
26	45
26	55
27	28
27	29
27	41
27	42
27	43
27	44
27	55
28	29
28	30
28	41
28	42
28	43
29	30
29	31
29	37
29	40
29	41
29	42
29	43
29	59
29	60
30	31
30	32
30	37
30	41
30	62
31	32
31	33
31	35
31	36
31	37
31	38
31	61
31	62
31	63
32	33
32	34
32	35
32	36
32	62
33	34
33	35
33	36
33	65
34	35
34	36
34	63
34	64
34	65
35	36
35	37
35	62
35	63
35	64
35	65
36	37
36	38
36	61
36	62
36	63
36	64
36	65
36	66
37	38
37	39
37	40
37	41
37	60
37	61
37	62
37	63
38	39
38	40
38	59
38	60
38	61
38	62
38	63
39	40
39	41
39	60
39	61
40	41
40	42
40	43
40	57
40	58
40	59
40	60
41	42
41	43
41	60
42	43
42	44
42	56
42	57
42	60
43	44
43	45
43	55
43	56
43	57
43	58
43	59
43	60
44	45
44	46
44	54
44	55
44	56
44	57
45	46
45	47
45	53
45	54
45	55
45	56
46	47
46	48
46	52
46	53
46	54
46	55
46	56
47	48
47	49
47	50
47	51
47	52
47	53
47	54
48	49
48	50
48	51
48	52
48	54
49	50
49	51
49	52
49	53
50	51
50	52
51	52
51	53
52	53
52	54
53	54
53	55
54	55
54	56
55	56
55	57
55	58
56	57
56	58
57	58
57	59
58	59
58	60
59	60
59	61
60	61
60	62
61	62
61	63
62	63
62	64
63	64
63	65
63	66
64	65
64	66
65	66
