483	484
483	485
483	486
483	487
483	488
483	514
484	485
484	486
484	487
484	488
484	489
484	515
484	516
484	517
485	486
485	487
485	488
485	489
485	490
486	487
486	488
486	489
486	490
486	491
486	505
486	510
486	514
487	488
487	489
487	490
487	491
487	492
487	510
487	514
487	515
487	516
487	520
488	489
488	490
488	491
488	492
488	493
488	516
488	517
489	490
489	491
489	492
489	493
489	494
489	502
489	505
490	491
490	492
490	493
490	494
490	495
490	502
490	505
490	510
490	511
490	512
490	513
490	514
490	522
490	538
491	492
491	493
491	494
491	495
491	496
491	502
491	505
491	514
491	515
491	516
491	520
491	521
491	522
491	525
492	493
492	494
492	495
492	496
492	497
493	494
493	495
493	496
493	497
493	498
493	499
493	501
493	502
493	505
493	531
493	534
494	495
494	496
494	497
494	498
494	502
494	522
494	523
494	525
494	526
494	529
494	531
494	534
494	538
495	496
495	497
495	498
495	525
495	526
495	529
495	531
496	497
496	498
496	531
496	534
497	498
497	499
497	500
497	531
497	534
498	499
498	500
498	501
498	502
498	503
498	504
498	531
498	534
499	500
499	501
499	502
499	503
499	504
499	533
499	534
499	537
500	501
500	502
500	503
500	504
500	505
501	502
501	503
501	504
501	505
501	506
502	503
502	504
502	505
502	506
502	507
502	512
502	522
502	534
502	537
502	538
502	542
503	504
503	505
503	506
503	507
503	508
503	512
503	537
504	505
504	506
504	507
504	508
504	509
504	537
505	506
505	507
505	508
505	509
505	510
505	512
506	507
506	508
506	509
506	510
506	512
506	537
506	542
507	508
507	509
507	510
508	509
508	510
509	510
509	511
510	511
510	512
510	513
510	514
511	512
511	513
511	514
512	513
512	514
512	521
512	522
512	523
512	537
512	538
512	542
512	544
513	514
513	515
513	521
513	542
513	543
513	544
513	545
514	515
514	516
514	520
514	521
514	522
515	516
515	517
515	518
515	519
515	520
515	521
516	517
516	518
516	519
516	520
516	521
516	525
517	518
517	519
517	520
518	519
518	520
519	520
519	521
519	524
520	521
520	522
520	524
520	525
520	528
521	522
521	523
521	524
521	525
521	526
521	545
522	523
522	524
522	525
522	526
522	527
522	534
522	538
523	524
523	525
523	526
523	527
523	528
523	534
523	535
523	538
523	539
523	544
523	545
523	546
524	525
524	526
524	527
524	528
524	529
525	526
525	527
525	528
525	529
525	530
525	531
526	527
526	528
526	529
526	530
526	531
526	532
526	534
526	535
526	538
527	528
527	529
527	530
527	531
527	535
528	529
528	530
528	531
529	530
529	531
530	531
530	532
530	533
530	535
531	532
531	533
531	534
531	535
531	536
532	533
532	534
532	535
532	536
532	537
533	534
533	535
533	536
533	537
533	538
534	535
534	536
534	537
534	538
534	539
535	536
535	537
535	538
535	539
535	540
536	537
536	538
536	539
536	540
536	541
536	542
537	538
537	539
537	540
537	541
537	542
537	543
538	539
538	540
538	541
538	542
538	543
538	544
539	540
539	541
539	542
539	543
539	544
540	541
540	542
540	543
541	542
541	543
542	543
542	544
543	544
543	545
544	545
544	546
544	547
545	546
545	547
546	547
