24	25
24	26
24	28
24	31
25	26
25	27
25	28
25	31
26	27
26	28
26	31
27	28
27	29
27	30
27	31
27	32
27	57
28	29
28	30
28	31
28	32
28	57
29	30
29	31
29	32
29	33
29	57
30	31
30	32
30	33
30	34
30	35
30	57
31	32
31	33
31	35
32	33
32	34
32	35
32	36
32	37
32	54
32	57
32	58
32	59
32	60
32	115
33	34
33	35
33	57
33	58
33	59
34	35
34	36
34	57
34	58
34	59
34	60
34	84
34	114
35	36
35	37
35	58
35	59
35	60
35	61
35	110
35	114
36	37
36	38
36	59
36	60
36	61
36	110
36	111
36	112
36	113
36	114
36	115
36	116
37	38
37	39
37	50
37	54
37	59
37	60
37	61
37	62
37	63
37	110
37	112
37	113
37	114
37	115
37	116
37	117
38	39
38	40
38	54
38	60
38	61
38	62
38	63
38	64
38	102
38	103
38	106
38	107
38	110
38	113
38	115
38	116
38	117
38	118
38	154
38	157
39	40
39	41
39	42
39	46
39	47
39	48
39	50
39	51
39	54
39	61
39	62
39	63
39	64
39	65
39	102
39	115
39	117
39	118
39	119
40	41
40	42
40	47
40	62
40	63
40	64
40	65
40	93
40	102
40	116
40	117
40	118
40	119
40	120
40	147
40	150
41	42
41	43
41	44
41	45
41	46
41	47
41	48
41	64
41	65
41	119
41	120
41	121
42	43
42	44
42	47
42	48
42	49
42	51
42	63
42	64
42	65
42	70
42	71
42	74
42	119
43	44
43	45
43	47
43	48
43	63
43	64
43	65
43	66
43	67
43	70
43	71
43	74
44	45
44	46
44	47
44	48
44	49
44	70
44	74
44	119
45	46
45	47
45	48
45	49
45	50
46	47
46	48
46	49
46	50
46	51
46	119
46	123
47	48
47	49
47	50
47	51
47	52
47	63
47	119
48	49
48	50
48	51
48	52
48	53
48	74
48	78
48	119
49	50
49	51
49	52
49	53
49	54
50	51
50	52
50	53
50	54
50	55
50	57
50	117
50	119
51	52
51	53
51	54
51	55
51	56
51	61
51	63
51	74
51	78
51	81
52	53
52	54
52	55
52	56
52	57
52	73
52	74
52	75
52	77
52	78
52	81
53	54
53	55
53	56
53	57
53	58
53	81
54	55
54	56
54	57
54	58
54	59
54	60
54	61
54	82
54	83
54	115
54	117
55	56
55	57
55	58
55	59
55	61
55	77
55	78
55	79
55	81
55	82
55	83
55	84
56	57
56	58
56	59
56	78
56	81
56	82
56	83
57	58
57	59
57	81
57	82
58	59
58	60
58	81
58	82
58	83
58	84
58	85
59	60
59	61
59	82
59	83
59	84
59	85
59	86
60	61
60	62
60	83
60	84
60	85
60	86
60	110
61	62
61	63
61	75
61	78
61	83
61	84
61	85
61	86
61	87
61	88
61	110
62	63
62	64
62	85
62	86
62	87
62	88
62	89
62	102
62	105
62	106
62	107
62	109
62	110
63	64
63	65
63	71
63	74
63	75
63	78
63	87
63	88
63	89
63	90
63	102
64	65
64	66
64	71
64	87
64	88
64	89
64	90
64	91
64	93
64	98
64	102
65	66
65	67
65	68
65	71
65	89
65	90
65	91
65	92
65	98
66	67
66	68
66	71
66	90
66	91
66	92
66	93
66	94
66	138
67	68
67	69
67	70
67	71
67	72
67	88
67	90
67	91
68	69
68	70
68	71
68	72
68	73
68	88
68	90
69	70
69	71
69	72
69	73
69	74
70	71
70	72
70	73
70	74
70	75
71	72
71	73
71	74
71	75
71	76
71	88
71	89
71	90
71	91
72	73
72	74
72	75
72	76
72	77
72	88
73	74
73	75
73	76
73	77
73	78
74	75
74	76
74	77
74	78
74	79
74	86
75	76
75	77
75	78
75	79
75	80
75	86
75	87
75	88
76	77
76	78
76	79
76	80
76	81
76	86
77	78
77	79
77	80
77	81
77	82
78	79
78	80
78	81
78	82
78	83
78	85
78	86
79	80
79	81
79	82
79	83
79	84
79	85
79	86
80	81
80	82
80	83
81	82
81	83
82	83
82	84
83	84
83	85
83	86
84	85
84	86
85	86
85	87
85	109
85	110
86	87
86	88
87	88
87	89
87	109
87	110
88	89
88	90
88	102
88	109
89	90
89	91
89	98
89	101
89	102
89	105
89	106
89	109
90	91
90	92
90	98
91	92
91	93
91	98
92	93
92	94
92	95
92	96
92	98
92	99
92	142
93	94
93	95
93	96
93	98
93	99
93	102
93	120
93	141
93	142
93	146
93	150
94	95
94	96
94	138
94	141
94	142
94	146
95	96
95	97
95	98
95	99
95	100
96	97
96	98
96	99
96	100
96	101
96	141
96	142
96	145
96	146
96	149
97	98
97	99
97	100
97	101
97	102
97	149
98	99
98	100
98	101
98	102
98	103
98	105
98	150
99	100
99	101
99	102
99	103
99	104
99	146
99	149
99	150
99	153
100	101
100	102
100	103
100	104
100	105
100	149
100	150
100	153
101	102
101	103
101	104
101	105
101	106
101	153
102	103
102	104
102	105
102	106
102	107
102	116
102	150
103	104
103	105
103	106
103	107
103	108
103	113
103	116
103	149
103	150
103	151
103	153
103	154
103	157
104	105
104	106
104	107
104	108
104	109
104	153
104	157
105	106
105	107
105	108
105	109
105	110
106	107
106	108
106	109
106	110
106	111
106	112
106	113
106	157
107	108
107	109
107	110
107	111
107	112
107	113
107	157
108	109
108	110
108	111
108	112
108	157
109	110
109	111
109	112
110	111
110	112
110	113
111	112
111	113
111	157
112	113
112	114
112	157
113	114
113	115
113	116
113	154
113	157
113	158
114	115
114	116
114	157
114	158
115	116
115	117
115	158
116	117
116	118
116	147
116	150
116	151
116	152
116	154
116	158
117	118
117	119
117	120
118	119
118	120
118	146
118	147
118	148
118	150
118	151
119	120
119	121
119	147
120	121
120	122
120	141
120	142
120	143
120	146
120	147
120	150
121	122
121	123
121	142
121	143
121	147
122	123
122	124
122	135
122	138
122	139
122	142
122	143
123	124
123	125
123	139
123	143
124	125
124	126
124	127
124	135
124	136
124	139
125	126
125	127
125	135
126	127
126	128
127	128
127	129
127	132
127	135
128	129
128	130
128	132
129	130
129	131
129	132
129	133
129	135
129	136
130	131
130	132
131	132
131	133
131	134
132	133
132	134
132	135
132	136
132	137
133	134
133	135
133	136
133	137
133	138
134	135
134	136
134	137
134	138
134	139
135	136
135	137
135	138
135	139
135	140
136	137
136	138
136	139
136	140
136	141
137	138
137	139
137	140
137	141
137	142
137	145
138	139
138	140
138	141
138	142
138	143
139	140
139	141
139	142
139	143
139	144
139	145
140	141
140	142
140	143
140	144
140	145
140	146
141	142
141	143
141	144
141	145
141	146
141	147
142	143
142	144
142	145
142	146
142	147
143	144
143	145
143	146
143	147
144	145
144	146
144	147
144	148
144	149
145	146
145	147
145	148
145	149
145	150
146	147
146	148
146	149
146	150
146	151
147	148
147	149
147	150
147	151
147	152
148	149
148	150
148	151
148	152
148	153
149	150
149	151
149	152
149	153
149	154
150	151
150	152
150	153
150	154
150	155
151	152
151	153
151	154
151	155
151	156
151	158
152	153
152	154
152	155
152	156
153	154
153	155
153	156
153	157
154	155
154	156
154	157
154	158
155	156
155	157
155	158
156	157
156	158
157	158
