-1	0
-1	734
-1	745
0	734
0	735
734	735
734	736
735	736
735	737
735	740
736	737
736	738
737	738
737	739
737	740
737	741
738	739
738	740
739	740
739	741
740	741
740	742
740	743
740	744
741	742
741	743
742	743
742	744
742	747
743	744
743	745
743	747
743	748
743	749
743	751
744	745
744	746
744	747
744	748
744	749
745	746
745	747
745	748
745	749
745	750
746	747
746	748
746	749
746	750
746	751
747	748
747	749
747	750
747	751
747	752
748	749
748	750
748	751
748	752
748	753
749	750
749	751
749	752
749	753
749	754
749	755
750	751
750	752
750	753
750	754
751	752
751	753
751	754
752	753
752	754
753	754
753	755
753	756
754	755
754	756
755	756
