1	2
1	3
1	26
1	27
1	28
1	52
1	76
2	3
2	4
2	26
2	27
2	28
2	29
2	76
2	77
3	4
3	5
3	27
3	28
3	29
3	30
3	72
3	73
3	74
3	75
3	76
3	77
3	78
4	5
4	6
4	21
4	27
4	28
4	29
4	30
4	31
4	75
4	76
4	77
4	78
4	79
5	6
5	7
5	28
5	29
5	30
5	31
5	32
5	69
5	70
5	73
5	75
5	76
5	77
5	78
5	79
5	80
5	108
6	7
6	8
6	9
6	14
6	17
6	18
6	21
6	29
6	30
6	31
6	32
6	33
6	77
6	78
6	79
6	80
6	81
7	8
7	9
7	10
7	14
7	30
7	31
7	32
7	33
7	60
7	78
7	79
7	80
7	81
7	82
7	108
8	9
8	10
8	11
8	12
8	13
8	14
8	15
8	31
8	32
8	33
8	60
8	79
8	81
8	82
8	83
9	10
9	11
9	14
9	15
9	16
9	18
9	31
9	32
9	33
9	44
9	81
9	82
10	11
10	12
10	14
10	15
10	18
10	31
10	33
10	35
10	38
10	39
10	40
10	41
10	43
10	44
10	55
11	12
11	13
11	14
11	15
11	16
11	19
11	33
11	38
11	39
11	40
11	43
12	13
12	14
12	15
12	16
12	17
12	19
12	38
13	14
13	15
13	16
13	17
13	18
13	81
14	15
14	16
14	17
14	18
14	19
14	44
14	81
15	16
15	17
15	18
15	19
15	20
15	40
15	43
15	44
16	17
16	18
16	19
16	20
16	21
16	43
16	44
17	18
17	19
17	20
17	21
17	22
17	29
17	79
17	81
18	19
18	20
18	21
18	22
18	23
18	29
18	31
18	44
18	47
18	53
19	20
19	21
19	22
19	23
19	24
19	43
19	44
19	46
19	47
20	21
20	22
20	23
20	24
20	25
20	47
21	22
21	23
21	24
21	25
21	26
21	27
21	28
21	29
21	52
21	79
22	23
22	24
22	25
22	26
22	27
22	28
22	29
22	47
22	50
22	52
22	53
23	24
23	25
23	46
23	47
23	52
24	25
24	26
25	26
25	27
25	28
25	52
26	27
26	28
26	52
27	28
27	29
27	52
28	29
28	30
28	51
28	52
28	53
29	30
29	31
29	52
29	53
29	54
29	55
30	31
30	32
30	52
30	53
30	54
30	55
30	56
30	69
30	73
30	75
31	32
31	33
31	44
31	53
31	54
31	55
31	56
31	57
32	33
32	34
32	54
32	55
32	56
32	57
32	58
32	59
32	60
32	66
32	69
32	82
33	34
33	35
33	36
33	39
33	55
33	56
33	57
33	58
33	59
34	35
34	36
34	55
34	56
34	57
34	58
34	59
34	60
34	100
35	36
35	37
35	38
35	39
35	40
35	41
35	55
35	57
35	58
36	37
36	38
36	39
36	40
36	84
37	38
37	39
37	40
37	83
37	84
37	85
37	86
38	39
38	40
38	83
38	85
39	40
39	41
40	41
40	42
40	43
40	44
41	42
41	43
41	44
41	45
41	46
41	53
41	55
42	43
42	44
42	45
42	46
43	44
43	45
43	46
43	47
44	45
44	46
44	47
44	48
44	49
44	53
44	55
45	46
45	47
45	48
45	49
46	47
46	48
46	49
47	48
47	49
47	50
47	53
48	49
48	50
48	51
48	53
49	50
49	51
49	53
50	51
50	52
50	53
50	54
51	52
51	53
51	54
52	53
52	54
53	54
53	55
54	55
54	56
54	73
55	56
55	57
55	58
55	73
56	57
56	58
56	65
56	68
56	69
56	72
56	73
57	58
57	59
57	65
57	68
58	59
58	60
58	62
58	65
58	66
58	68
58	69
59	60
59	61
59	62
59	63
59	65
59	66
59	100
60	61
60	62
60	63
60	66
60	80
60	82
60	83
60	100
60	101
60	103
60	104
60	105
60	107
60	108
61	62
61	63
61	66
61	99
61	100
61	103
61	104
61	107
62	63
62	64
62	65
62	66
62	67
62	107
63	64
63	65
63	66
63	67
63	68
63	107
63	111
64	65
64	66
64	67
64	68
64	69
65	66
65	67
65	68
65	69
65	70
66	67
66	68
66	69
66	70
66	71
66	104
66	107
66	108
66	111
67	68
67	69
67	70
67	71
67	72
67	111
68	69
68	70
68	71
68	72
68	73
69	70
69	71
69	72
69	73
69	74
69	75
70	71
70	72
70	73
70	74
70	75
70	78
70	108
70	111
70	112
70	115
71	72
71	73
71	74
71	75
71	115
72	73
72	74
73	74
73	75
73	115
74	75
74	76
74	115
74	119
74	123
75	76
75	77
75	78
75	115
75	119
76	77
76	78
76	115
76	123
77	78
77	79
78	79
78	80
78	108
78	112
79	80
79	81
79	82
80	81
80	82
80	83
80	100
80	101
80	104
80	105
80	108
81	82
81	83
82	83
82	84
82	100
82	101
82	105
83	84
83	85
83	100
83	101
84	85
84	86
84	87
84	96
84	97
84	98
84	100
84	101
85	86
85	87
85	97
85	101
86	87
86	88
86	96
86	97
87	88
87	89
87	95
87	97
88	89
88	90
88	95
88	96
88	97
89	90
89	91
89	95
90	91
90	92
90	93
90	94
90	95
90	96
91	92
91	93
92	93
92	94
93	94
93	95
94	95
94	96
94	98
94	99
94	103
95	96
95	97
95	98
95	99
95	100
96	97
96	98
96	99
96	100
96	101
97	98
97	99
97	100
97	101
97	102
98	99
98	100
98	101
98	102
98	103
98	104
99	100
99	101
99	102
99	103
99	104
99	105
100	101
100	102
100	103
100	104
100	105
101	102
101	103
101	104
101	105
101	106
102	103
102	104
102	105
102	106
102	107
103	104
103	105
103	106
103	107
103	108
104	105
104	106
104	107
104	108
104	109
105	106
105	107
105	108
105	109
105	110
106	107
106	108
106	109
106	110
106	111
107	108
107	109
107	110
107	111
107	112
108	109
108	110
108	111
108	112
108	113
109	110
109	111
109	112
109	113
109	114
110	111
110	112
110	113
110	114
110	115
111	112
111	113
111	114
111	115
111	116
112	113
112	114
112	115
112	116
112	117
113	114
113	115
113	116
113	117
113	118
114	115
114	116
114	117
114	118
114	119
115	116
115	117
115	118
115	119
115	123
116	117
116	118
116	119
116	120
116	123
116	124
116	125
117	118
117	119
117	124
118	119
118	120
118	124
119	120
119	121
119	122
119	123
119	124
120	121
120	122
120	123
120	124
120	125
121	122
121	123
121	124
121	125
122	123
122	124
122	125
123	124
123	125
124	125
