30	31
30	32
30	48
30	65
31	32
31	33
31	41
31	48
32	33
32	41
32	45
32	75
33	35
33	36
33	41
33	75
35	36
35	37
36	37
36	38
37	38
37	39
37	79
38	39
38	40
38	41
38	42
38	79
38	86
39	40
39	41
39	42
39	43
39	44
39	79
39	86
39	87
39	88
39	90
39	91
40	41
40	42
40	43
40	44
40	45
41	42
41	43
41	44
41	45
41	46
42	43
42	44
42	45
42	46
42	47
42	76
42	79
42	80
42	86
42	87
42	91
42	95
42	140
43	44
43	45
43	46
43	47
43	48
43	90
43	91
43	94
44	45
44	46
44	47
44	48
44	49
45	46
45	47
45	48
45	49
45	50
45	72
45	75
45	76
46	47
46	48
46	49
46	50
46	76
46	91
46	94
46	95
46	98
46	140
47	48
47	49
47	50
47	51
47	94
47	98
48	49
48	50
48	51
48	53
48	68
48	69
48	72
49	50
49	51
49	52
49	69
49	72
49	73
49	76
49	98
49	101
49	102
49	137
50	51
50	52
50	69
50	94
50	97
50	98
50	101
50	102
51	52
51	53
51	69
51	101
51	102
51	133
52	53
52	54
52	69
52	101
52	102
53	54
53	55
53	56
53	61
53	62
53	65
53	66
53	69
53	130
53	133
54	55
54	56
54	57
54	58
54	59
54	61
54	62
54	66
55	56
55	57
55	58
55	59
55	61
55	66
55	129
55	130
55	131
55	132
55	133
56	57
56	58
56	59
56	129
57	58
57	59
58	59
58	60
58	61
58	66
59	60
59	61
59	63
59	66
60	61
60	62
60	63
60	66
61	62
61	63
61	66
62	63
62	64
62	65
62	66
62	67
63	64
63	65
63	66
63	67
63	68
64	65
64	66
64	67
64	68
64	69
65	66
65	67
65	68
65	69
65	70
65	133
66	67
66	68
66	69
66	70
66	71
66	133
67	68
67	69
67	70
67	71
67	72
67	133
68	69
68	70
68	71
68	72
68	73
69	70
69	71
69	72
69	73
69	74
69	102
69	133
69	137
70	71
70	72
70	73
70	74
70	75
70	132
70	133
70	136
71	72
71	73
71	74
71	75
71	76
71	136
72	73
72	74
72	75
72	76
72	77
73	74
73	75
73	76
73	77
73	78
73	98
73	102
73	132
73	133
73	134
73	136
73	137
73	140
74	75
74	76
74	77
74	78
74	79
74	136
75	76
75	77
75	78
75	79
75	80
76	77
76	78
76	79
76	80
76	81
76	98
76	140
77	78
77	79
77	80
77	81
77	82
77	136
77	139
77	140
77	143
78	79
78	80
78	81
78	82
78	83
79	80
79	81
79	82
79	83
79	84
79	85
79	86
80	81
80	82
80	83
80	84
80	86
80	87
80	140
80	143
80	144
80	147
80	148
81	82
81	83
81	143
82	83
82	84
83	84
83	85
84	85
84	86
84	87
84	147
84	148
84	149
85	86
85	87
85	88
85	149
86	87
86	88
86	91
86	149
87	88
87	89
87	91
87	92
87	144
87	147
87	149
87	150
87	151
87	154
88	89
88	90
88	91
88	92
88	93
88	154
89	90
89	91
89	92
89	93
89	154
89	158
90	91
90	92
90	93
90	94
91	92
91	93
91	94
91	95
91	96
91	140
91	144
92	93
92	94
92	95
92	96
92	97
92	144
92	149
92	150
92	151
92	152
92	154
92	155
92	158
93	94
93	95
93	96
93	97
93	98
93	158
94	95
94	96
94	97
94	98
94	99
95	96
95	97
95	98
95	99
95	100
95	140
95	141
95	144
96	97
96	98
96	99
96	100
96	101
96	104
96	141
96	144
96	155
96	158
96	159
96	163
97	98
97	99
97	100
97	101
97	102
98	99
98	100
98	101
98	102
98	103
98	136
98	137
98	140
98	141
99	100
99	101
99	102
99	103
99	104
99	137
99	138
99	141
99	163
99	167
99	170
99	182
99	185
100	101
100	102
100	103
100	104
100	105
100	163
100	166
101	102
101	103
101	104
101	105
102	103
102	104
102	105
102	133
102	134
102	137
103	104
103	105
103	107
103	134
103	137
103	138
103	170
103	178
103	182
104	105
104	106
104	162
104	163
104	164
104	166
104	167
104	170
105	106
105	107
105	128
105	130
105	134
105	138
105	166
105	170
105	178
106	107
106	108
107	108
107	109
107	128
107	169
107	170
107	172
107	173
107	174
107	178
108	109
108	126
108	127
108	128
108	174
109	126
109	174
125	126
125	127
125	174
125	176
126	127
126	128
126	173
126	174
126	175
126	176
127	128
127	129
127	174
127	175
127	176
127	177
128	129
128	130
128	131
128	132
128	134
128	173
128	175
128	177
128	178
129	130
129	131
129	132
129	175
130	131
130	132
130	133
130	134
130	135
131	132
131	133
131	134
131	135
131	136
131	138
131	175
131	177
131	178
131	179
131	181
132	133
132	134
132	135
132	136
133	134
133	135
133	136
133	137
133	138
134	135
134	136
134	137
134	138
134	139
134	178
134	181
135	136
135	137
135	138
135	139
135	140
135	181
136	137
136	138
136	139
136	140
136	141
137	138
137	139
137	140
137	141
137	142
138	139
138	140
138	141
138	142
138	143
138	167
138	170
138	177
138	178
138	181
138	182
138	185
139	140
139	141
139	142
139	143
139	144
139	181
140	141
140	142
140	143
140	144
140	145
141	142
141	143
141	144
141	145
141	146
141	159
141	163
141	167
141	185
141	189
142	143
142	144
142	145
142	146
142	147
142	181
142	184
142	185
142	188
143	144
143	145
143	146
143	147
143	148
143	181
144	145
144	146
144	147
144	150
144	155
144	159
145	146
145	147
145	150
145	155
145	159
145	185
145	188
145	189
145	192
145	193
146	147
146	148
146	149
146	150
146	184
146	188
146	192
147	148
147	149
147	150
147	192
148	149
148	150
149	150
149	151
150	151
150	152
150	155
150	159
150	192
150	193
151	152
151	153
151	154
151	155
151	156
151	193
152	153
152	154
152	155
152	156
152	157
152	192
152	193
153	154
153	155
153	156
153	157
153	193
154	155
154	156
154	157
154	158
155	156
155	157
155	158
155	159
155	160
155	193
156	157
156	158
156	159
156	160
156	193
157	158
157	159
157	160
158	159
158	160
158	163
159	160
159	161
159	163
159	164
159	189
159	193
159	196
160	161
160	162
160	163
160	164
160	165
160	196
161	162
161	163
161	164
161	165
161	166
161	195
161	196
161	199
162	163
162	164
162	165
162	166
162	167
162	199
163	164
163	165
163	166
163	167
163	168
163	185
163	189
164	165
164	166
164	167
164	168
164	169
164	186
164	189
164	196
164	199
164	200
164	203
165	166
165	167
165	168
165	169
165	170
165	199
165	203
166	167
166	168
166	169
166	170
167	168
167	169
167	170
167	171
167	182
167	185
167	186
167	189
168	169
168	170
168	171
168	172
168	186
168	199
168	200
168	203
168	204
168	207
168	218
168	224
169	170
169	171
169	172
169	173
169	207
169	218
170	171
170	172
170	173
170	174
170	178
170	179
170	182
170	218
171	172
171	173
171	174
171	179
171	182
171	183
171	184
171	186
171	218
171	219
171	220
171	221
171	223
171	224
171	227
172	173
172	174
172	179
172	182
172	217
172	218
172	219
172	220
173	174
173	175
173	176
173	178
173	179
173	182
173	218
173	219
173	220
174	175
174	176
174	178
174	179
174	219
175	176
175	177
175	178
175	179
175	180
176	177
176	178
176	179
176	180
176	181
176	223
177	178
177	179
177	180
177	181
177	182
178	179
178	180
178	181
178	182
178	183
179	180
179	181
179	182
179	183
179	184
179	218
179	219
179	220
179	223
180	181
180	182
180	183
180	184
180	185
180	223
181	182
181	183
181	184
181	185
181	186
182	183
182	184
182	185
182	186
182	187
183	184
183	185
183	186
183	187
183	188
183	222
183	223
183	224
183	226
183	227
184	185
184	186
184	187
184	188
184	189
184	227
185	186
185	187
185	188
185	189
185	190
186	187
186	188
186	189
186	190
186	191
186	200
186	204
186	224
186	227
187	188
187	189
187	190
187	191
187	192
187	226
187	227
187	230
188	189
188	190
188	191
188	192
188	193
189	190
189	191
189	192
189	193
189	194
189	196
189	197
189	200
190	191
190	192
190	193
190	194
190	196
190	197
190	198
190	200
190	201
190	227
190	230
190	231
190	235
191	192
191	193
191	194
191	197
192	193
192	194
192	197
193	194
193	195
193	196
193	197
194	195
194	196
194	197
194	198
195	196
195	197
195	198
195	199
196	197
196	198
196	199
196	200
196	201
197	198
197	199
197	200
197	201
197	202
197	231
198	199
198	200
198	201
198	202
198	203
199	200
199	201
199	202
199	203
199	204
200	201
200	202
200	203
200	204
200	205
200	227
200	231
201	202
201	203
201	204
201	205
201	206
201	228
201	231
201	235
201	240
201	242
201	243
201	246
202	203
202	204
202	205
202	206
202	207
202	242
203	204
203	205
203	206
203	207
203	208
203	210
204	205
204	206
204	207
204	208
204	209
204	224
204	225
204	227
204	228
204	231
204	246
205	206
205	207
205	208
205	209
205	210
205	246
205	250
206	207
206	208
206	209
206	210
206	211
207	208
207	209
207	210
207	211
207	212
207	218
207	221
207	224
208	209
208	210
208	211
208	212
208	213
208	220
208	221
208	224
208	225
208	228
208	246
208	250
208	251
208	254
209	210
209	211
209	212
209	213
209	214
209	249
209	250
210	211
210	212
210	213
210	214
210	215
210	216
210	217
211	212
211	213
211	214
211	215
211	216
211	217
211	218
211	219
211	221
211	254
211	257
211	259
211	263
212	213
212	214
212	216
212	249
212	250
212	253
212	254
212	256
212	257
213	214
213	215
213	249
213	250
213	253
214	215
214	216
214	217
215	216
215	217
216	217
216	218
217	218
217	219
217	220
217	259
218	219
218	220
218	221
218	224
219	220
219	221
219	222
219	223
219	262
220	221
220	222
220	223
220	224
220	225
221	222
221	223
221	224
221	225
221	226
221	254
221	262
221	263
221	266
222	223
222	224
222	225
222	226
222	227
222	262
222	263
222	266
223	224
223	225
223	226
223	227
223	228
223	266
224	225
224	226
224	227
224	228
224	229
225	226
225	227
225	228
225	229
225	230
225	251
225	254
225	263
225	264
225	266
225	267
225	269
225	270
226	227
226	228
226	229
226	230
226	231
226	266
226	269
226	270
227	228
227	229
227	230
227	231
227	232
228	229
228	230
228	231
228	232
228	233
228	235
228	246
228	251
228	270
228	274
229	230
229	231
229	232
229	233
229	234
229	269
229	270
229	273
230	231
230	232
230	233
230	234
230	235
230	269
231	232
231	233
231	234
231	235
232	233
232	234
232	235
232	239
232	246
232	251
232	270
232	271
232	273
232	274
232	277
233	234
233	235
233	269
233	273
233	276
233	277
234	235
234	236
234	277
235	236
235	237
235	239
235	243
235	274
235	277
236	237
236	238
236	239
236	240
236	243
236	277
237	238
237	239
237	277
237	278
238	239
238	240
239	240
239	241
239	242
239	243
239	244
239	274
239	277
239	278
239	281
240	241
240	242
240	243
240	244
240	245
241	242
241	243
241	244
241	245
241	246
242	243
242	244
242	245
242	246
242	247
243	244
243	245
243	246
243	247
243	248
243	274
244	245
244	246
244	247
244	248
244	249
244	274
244	278
244	280
244	281
245	246
245	247
245	248
245	249
245	250
246	247
246	248
246	249
246	250
246	251
246	252
246	253
246	274
247	248
247	249
247	250
247	251
247	252
247	253
247	270
247	271
247	274
247	275
247	281
247	285
248	249
248	250
248	251
248	252
248	253
248	281
248	284
248	285
248	288
248	292
249	250
249	251
249	252
249	253
250	251
250	252
250	253
250	254
250	255
251	252
251	253
251	254
251	255
251	267
251	270
251	271
251	274
252	253
252	254
252	255
252	256
252	267
252	271
252	284
252	285
252	288
252	289
252	292
252	307
253	254
253	255
253	256
253	257
253	263
253	267
253	292
254	255
254	256
254	257
254	260
254	263
254	267
254	292
255	256
255	257
255	260
255	263
255	264
255	267
255	268
255	271
255	289
255	292
255	304
255	307
256	257
256	258
256	259
256	260
256	263
256	292
257	258
257	259
257	260
257	261
257	263
258	259
258	260
258	261
258	263
258	300
259	260
259	261
259	262
259	263
259	264
260	261
260	262
260	263
260	264
260	265
260	267
260	300
260	303
260	304
261	262
261	263
261	264
261	265
261	300
261	303
262	263
262	264
262	265
262	266
262	303
263	264
263	265
263	266
263	267
263	268
264	265
264	266
264	267
264	268
264	269
264	303
264	304
264	306
264	307
265	266
265	267
265	268
265	269
265	270
265	303
266	267
266	268
266	269
266	270
266	271
267	268
267	269
267	270
267	271
267	272
267	307
268	269
268	270
268	271
268	272
268	273
268	307
268	310
269	270
269	271
269	272
269	273
269	274
269	310
270	271
270	272
270	273
270	274
270	275
271	272
271	273
271	274
271	275
271	276
271	285
271	289
271	307
271	311
272	273
272	274
272	275
272	276
272	277
272	307
272	310
272	311
272	314
273	274
273	275
273	276
273	277
273	278
274	275
274	276
274	277
274	278
274	279
274	281
274	285
275	276
275	277
275	278
275	279
275	280
275	281
275	282
275	283
275	285
275	286
275	311
275	314
276	277
276	278
276	279
276	314
277	278
277	279
278	279
278	280
278	281
278	282
279	280
279	281
279	282
279	283
279	316
279	319
280	281
280	282
280	283
280	284
280	319
281	282
281	283
281	284
281	285
281	286
281	319
282	283
282	284
282	285
282	286
282	287
282	311
282	315
282	316
282	319
282	320
282	323
283	284
283	285
283	286
283	287
283	288
283	319
283	322
283	323
284	285
284	286
284	287
284	288
284	289
284	319
284	323
285	286
285	287
285	288
285	289
285	290
285	311
286	287
286	288
286	289
286	290
286	291
286	308
286	311
286	315
286	323
286	327
287	288
287	289
287	290
287	291
287	292
287	322
287	323
287	326
288	289
288	290
288	291
288	292
288	293
288	304
289	290
289	291
289	292
289	293
289	294
289	295
289	304
289	307
289	308
289	311
290	291
290	292
290	293
290	295
290	304
290	308
290	323
290	326
290	327
290	330
291	292
291	293
291	294
291	295
292	293
292	294
292	295
292	304
293	294
293	295
293	296
293	301
293	304
293	305
293	308
293	330
293	331
293	334
294	295
294	296
294	297
294	298
294	300
294	301
294	304
294	330
295	296
295	297
295	330
296	297
296	298
296	301
297	298
297	299
297	301
297	337
297	338
297	339
298	299
298	300
298	301
298	302
298	337
298	339
299	300
299	301
299	302
299	303
299	339
300	301
300	302
300	303
300	304
300	305
301	302
301	303
301	304
301	305
301	306
301	330
301	334
301	337
301	339
302	303
302	304
302	305
302	306
302	307
303	304
303	305
303	306
303	307
303	308
304	305
304	306
304	307
304	308
304	309
305	306
305	307
305	308
305	309
305	310
305	331
305	334
306	307
306	308
306	309
306	310
306	311
307	308
307	309
307	310
307	311
307	312
308	309
308	310
308	311
308	312
308	313
308	327
308	331
309	310
309	311
309	312
309	313
309	314
310	311
310	312
310	313
310	314
310	315
311	312
311	313
311	314
311	315
312	313
312	314
312	315
312	320
312	323
312	327
312	328
312	331
313	314
313	315
314	315
314	316
315	316
315	317
315	319
315	320
315	323
315	327
316	317
316	318
316	319
316	320
316	321
317	318
317	319
317	320
317	321
317	322
318	319
318	320
318	321
318	322
319	320
319	321
319	322
319	323
319	324
320	321
320	322
320	323
320	324
320	325
320	327
320	328
321	322
321	323
321	324
321	325
322	323
322	324
322	325
322	326
323	324
323	325
323	326
323	327
323	328
324	325
324	326
324	327
324	328
324	329
325	326
325	327
325	328
325	329
325	330
326	327
326	328
326	329
326	330
326	331
327	328
327	329
327	330
327	331
327	332
328	329
328	330
328	331
328	332
328	333
329	330
329	331
329	332
329	333
329	334
330	331
330	332
330	333
330	334
330	335
331	332
331	333
331	334
331	335
331	336
332	333
332	334
332	335
332	336
332	337
333	334
333	335
333	336
333	337
333	338
334	335
334	336
334	337
334	338
334	339
335	336
335	337
336	337
336	338
337	338
337	339
337	340
338	339
338	340
339	340
