78	79
78	80
78	102
79	80
79	81
80	81
80	82
80	99
80	102
81	82
81	83
81	84
81	95
81	98
82	83
82	84
82	85
82	95
83	84
83	85
83	91
83	92
83	95
84	85
84	92
84	95
84	96
84	99
85	92
91	92
91	93
91	94
91	95
92	93
92	94
92	95
92	96
92	97
93	94
93	95
93	96
93	97
93	98
94	95
94	96
94	97
94	98
94	99
95	96
95	97
95	98
95	99
95	100
96	97
96	98
96	99
96	100
96	101
97	98
97	99
97	100
97	101
97	102
98	99
98	100
98	101
98	102
98	103
99	100
99	101
99	102
99	103
99	104
100	101
100	102
100	103
100	104
100	105
101	102
101	103
101	104
101	105
102	103
102	104
102	105
102	109
102	110
103	104
103	105
103	106
103	109
103	110
103	111
104	105
104	106
104	109
105	106
105	107
105	108
105	109
105	110
106	107
106	108
106	109
107	108
107	109
107	110
108	109
108	110
108	111
109	110
109	111
109	112
110	111
110	112
111	112
