144	145
144	146
144	148
144	149
144	302
144	305
144	306
144	307
145	146
145	147
145	148
145	149
145	150
146	147
146	148
146	149
146	150
146	151
147	148
147	149
147	150
147	151
148	149
148	150
148	151
148	152
148	305
149	150
149	151
149	152
149	153
149	302
149	305
149	306
150	151
150	152
150	153
150	154
150	155
151	152
151	153
151	154
151	155
151	156
151	157
151	181
151	184
151	185
152	153
152	154
152	155
152	156
152	157
152	158
152	185
152	189
152	298
152	301
152	302
152	305
153	154
153	155
153	156
153	157
153	158
153	298
153	302
154	155
154	156
154	157
154	158
154	159
154	182
154	292
154	298
155	156
155	157
155	158
155	159
155	160
155	181
155	182
155	184
155	185
155	186
155	189
156	157
156	158
156	159
156	160
156	161
156	181
156	182
156	185
156	189
156	301
157	158
157	159
157	160
157	161
157	162
157	189
157	292
157	293
157	294
157	297
157	298
157	299
157	301
158	159
158	160
158	161
158	162
158	163
158	182
158	241
158	266
158	290
158	291
158	292
158	293
159	160
159	161
159	162
159	163
159	164
159	182
159	183
159	185
159	186
159	187
159	189
159	241
159	243
159	266
159	292
160	161
160	162
160	163
160	164
160	165
160	186
160	189
160	193
160	296
160	297
160	298
160	300
160	301
160	304
161	162
161	163
161	164
161	165
161	166
161	290
161	291
161	292
161	293
161	294
161	297
162	163
162	164
162	165
162	166
162	167
162	240
162	241
162	264
162	266
162	290
162	292
163	164
163	165
163	166
163	167
163	168
163	174
163	176
163	185
163	186
163	187
163	189
163	190
163	193
163	195
163	241
163	264
164	165
164	166
164	167
164	168
164	193
164	296
164	297
164	300
165	166
165	167
165	168
165	262
165	264
165	288
165	289
165	290
166	167
166	168
166	174
166	195
166	238
166	239
166	240
166	241
166	261
166	262
166	263
166	264
167	168
167	169
167	172
167	262
168	169
168	170
168	172
168	173
168	174
168	193
168	195
168	238
168	239
169	170
169	171
169	172
169	173
169	193
169	194
169	195
170	171
170	172
170	193
170	194
170	195
171	172
171	173
171	193
171	194
171	195
171	196
171	238
172	173
172	174
172	194
172	195
172	196
172	197
172	238
172	239
173	174
173	175
173	195
173	196
173	197
173	198
173	216
173	217
173	234
173	236
173	237
173	238
173	239
173	240
173	258
174	175
174	176
174	190
174	195
174	196
174	197
174	198
174	199
174	234
174	237
174	238
174	239
174	240
174	241
175	176
175	177
175	196
175	197
175	198
175	199
175	200
175	230
175	234
175	237
175	238
175	239
175	240
175	241
175	242
175	256
176	177
176	178
176	179
176	183
176	186
176	187
176	188
176	190
176	197
176	198
176	199
176	200
176	201
176	239
176	240
176	241
176	242
176	243
176	256
177	178
177	179
177	198
177	199
177	200
177	201
177	240
177	241
177	242
177	243
177	244
177	249
177	253
177	256
178	179
178	180
178	182
178	183
178	184
178	200
178	201
178	241
178	242
178	243
178	244
179	180
179	181
179	182
179	183
179	184
179	187
179	198
179	199
179	200
179	201
179	206
179	207
179	209
179	210
179	213
179	243
180	181
180	182
180	183
180	184
180	185
180	201
180	206
180	209
180	243
181	182
181	183
181	184
181	185
181	186
181	243
182	183
182	184
182	185
182	186
182	187
182	241
182	243
182	266
182	267
183	184
183	185
183	186
183	187
183	188
183	243
184	185
184	186
184	187
184	188
184	209
184	213
185	186
185	187
185	188
185	189
185	190
185	213
186	187
186	188
186	189
186	190
186	191
186	197
186	241
186	243
187	188
187	189
187	190
187	191
187	192
187	197
187	199
187	209
187	210
187	211
187	213
187	214
187	215
188	189
188	190
188	191
188	192
188	193
188	213
189	190
189	191
189	192
189	193
189	194
189	195
189	300
189	301
189	302
189	304
189	305
190	191
190	192
190	193
190	194
190	195
190	196
190	197
191	192
191	193
191	194
191	195
191	196
191	197
191	213
191	214
191	215
191	216
192	193
192	194
192	195
192	304
193	194
193	195
193	304
194	195
194	196
195	196
195	197
195	214
196	197
196	198
196	214
196	216
197	198
197	199
197	214
197	215
197	216
197	217
197	218
198	199
198	200
198	215
198	216
198	217
198	218
198	230
198	234
198	237
199	200
199	201
199	207
199	210
199	211
199	215
199	216
199	217
199	218
199	219
199	220
199	230
200	201
200	202
200	207
200	217
200	218
200	219
200	220
200	221
200	226
200	230
200	256
201	202
201	203
201	206
201	207
201	219
201	220
201	221
201	222
202	203
202	204
202	206
202	207
202	219
202	220
202	221
202	222
203	204
203	205
203	206
203	207
203	208
203	220
203	222
204	205
204	206
204	207
204	208
204	209
204	220
204	223
205	206
205	207
205	208
205	209
205	210
206	207
206	208
206	209
206	210
206	211
207	208
207	209
207	210
207	211
207	212
207	215
207	217
207	218
207	219
207	220
207	221
208	209
208	210
208	211
208	212
208	213
208	218
209	210
209	211
209	212
209	213
209	214
210	211
210	212
210	213
210	214
210	215
210	216
210	218
211	212
211	213
211	214
211	215
211	216
211	217
211	218
212	213
212	214
212	215
213	214
213	215
214	215
214	216
215	216
215	217
215	218
216	217
216	218
217	218
217	219
217	229
217	230
217	233
217	234
218	219
218	220
218	224
219	220
219	221
219	224
219	225
219	226
219	229
219	230
219	233
220	221
220	222
220	223
220	224
220	225
220	226
221	222
221	223
221	224
221	225
221	226
221	252
222	223
222	224
222	226
223	224
223	225
224	225
224	226
224	227
224	229
224	232
224	233
225	226
225	227
225	228
225	229
225	230
225	232
225	252
226	227
226	228
226	229
226	230
226	231
226	252
226	256
227	228
227	229
227	230
227	231
227	232
227	251
227	252
227	253
227	255
227	256
228	229
228	230
228	231
228	232
228	233
229	230
229	231
229	232
229	233
229	234
230	231
230	232
230	233
230	234
230	235
230	236
230	237
230	256
230	257
231	232
231	233
231	234
231	235
231	236
231	237
231	255
231	256
231	257
231	258
231	259
231	283
232	233
232	234
232	235
232	236
233	234
233	235
234	235
234	236
234	237
234	256
234	258
235	236
235	237
235	256
235	257
235	258
235	259
236	237
236	238
236	255
236	256
236	257
236	258
237	238
237	239
237	240
237	256
237	257
237	258
237	259
237	261
237	262
238	239
238	240
238	256
238	257
238	258
238	260
238	261
238	262
238	263
239	240
239	241
239	261
239	262
239	263
240	241
240	242
240	253
240	254
240	256
240	257
240	258
240	262
240	263
240	264
240	265
241	242
241	243
241	244
241	253
241	262
241	263
241	264
241	265
241	266
242	243
242	244
242	246
242	249
242	250
242	253
242	254
242	256
242	263
242	264
242	265
242	266
242	267
243	244
243	245
243	250
243	264
243	266
243	267
243	268
243	269
244	245
244	246
244	247
244	249
244	250
244	267
244	268
244	269
245	246
245	247
245	249
245	250
245	267
245	268
245	269
245	270
246	247
246	248
246	249
246	250
246	251
246	252
246	269
247	248
247	249
247	250
247	251
247	252
247	269
247	270
247	271
247	272
247	273
247	274
248	249
248	250
248	251
248	252
248	253
248	274
249	250
249	251
249	252
249	253
249	254
249	256
250	251
250	252
250	253
250	254
250	255
250	263
250	265
250	266
250	267
250	268
250	269
250	273
250	274
251	252
251	253
251	254
251	255
251	256
251	273
251	274
251	276
252	253
252	254
252	255
252	256
252	257
253	254
253	255
253	256
253	257
253	263
253	265
254	255
254	256
254	257
254	263
254	265
254	273
254	274
254	275
254	276
254	280
254	283
254	285
254	287
255	256
255	257
255	263
255	283
255	285
256	257
256	258
257	258
257	259
257	261
257	262
257	263
257	283
257	285
258	259
258	260
258	261
258	262
258	283
258	284
258	285
259	260
259	261
259	282
259	283
259	284
259	285
260	261
260	262
260	283
260	284
260	285
260	286
261	262
261	263
261	283
261	284
261	285
261	286
261	287
262	263
262	264
262	285
262	286
262	287
262	288
263	264
263	265
263	285
263	286
263	287
263	288
263	289
264	265
264	266
264	267
264	286
264	287
264	288
264	289
264	290
265	266
265	267
265	273
265	287
265	288
265	289
265	290
265	291
266	267
266	268
266	288
266	289
266	290
266	291
266	292
267	268
267	269
268	269
268	270
268	291
269	270
269	271
269	272
270	271
270	272
271	272
271	273
272	273
272	274
273	274
273	275
273	287
274	275
274	276
275	276
275	277
275	278
275	280
275	287
276	277
276	278
276	279
276	280
276	281
276	287
277	278
277	279
277	280
277	281
277	282
278	279
278	280
278	281
278	282
278	283
279	280
279	281
279	282
279	283
279	284
279	285
280	281
280	282
280	283
280	284
280	285
280	286
280	287
281	282
281	283
281	284
281	285
282	283
282	284
282	285
283	284
283	285
284	285
284	286
285	286
285	287
286	287
286	288
287	288
287	289
288	289
288	290
289	290
289	291
290	291
290	292
291	292
291	293
291	294
292	293
292	294
292	297
293	294
293	295
293	297
293	298
294	295
294	296
294	297
294	298
294	299
295	296
295	297
295	298
295	299
295	300
296	297
296	298
296	299
296	300
296	301
297	298
297	299
297	300
297	301
297	302
298	299
298	300
298	301
298	302
298	303
299	300
299	301
299	302
299	303
299	304
300	301
300	302
300	303
300	304
300	305
301	302
301	303
301	304
301	305
301	306
302	303
302	304
302	305
302	306
302	307
303	304
303	305
303	306
303	307
303	308
304	305
304	306
304	307
304	308
305	306
305	307
305	308
306	307
306	308
307	308
