96	97
96	98
96	122
96	123
97	98
97	99
97	123
98	99
98	100
98	122
98	123
98	124
98	125
98	126
99	100
99	101
99	124
99	125
99	126
99	127
99	162
100	101
100	102
100	115
100	119
100	124
100	125
100	126
100	127
100	128
101	102
101	103
101	125
101	126
101	127
101	128
101	129
101	130
101	165
101	167
102	103
102	104
102	105
102	112
102	113
102	115
102	116
102	119
102	126
102	127
102	128
102	129
102	130
103	104
103	105
103	127
103	128
103	129
103	167
104	105
104	106
104	112
104	128
104	129
104	130
104	131
104	167
105	106
105	107
105	108
105	112
105	113
105	116
105	126
105	128
105	129
105	130
105	131
105	134
105	138
106	107
106	108
106	130
106	134
106	137
106	138
106	147
107	108
107	109
107	110
107	113
107	138
107	147
108	109
108	110
108	113
108	114
108	138
108	147
108	150
109	110
109	111
109	113
110	111
110	112
110	113
110	114
110	115
111	112
111	113
111	114
111	115
111	116
112	113
112	114
112	115
112	116
112	117
112	128
113	114
113	115
113	116
113	117
113	118
113	128
113	138
113	147
113	150
113	151
113	159
113	161
114	115
114	116
114	117
114	118
114	119
115	116
115	117
115	118
115	119
115	120
115	126
116	117
116	118
116	119
116	120
116	121
116	124
116	126
116	128
116	153
116	159
117	118
117	119
117	120
117	121
117	122
117	149
117	150
117	151
117	152
117	153
117	159
118	119
118	120
118	121
118	122
118	123
118	153
119	120
119	121
119	122
119	123
119	124
119	125
119	126
120	121
120	122
120	123
120	124
120	126
120	153
120	158
120	159
120	160
120	161
121	122
121	123
121	124
121	153
121	154
122	123
122	124
123	124
123	125
124	125
124	126
124	160
125	126
125	127
125	160
125	162
126	127
126	128
126	159
126	160
126	161
126	162
126	163
126	164
127	128
127	129
127	160
127	161
127	162
127	163
127	164
127	165
128	129
128	130
128	138
128	159
128	161
128	163
128	164
128	165
128	166
128	167
129	130
129	131
129	163
129	164
129	165
129	166
129	167
130	131
130	132
130	133
130	134
130	135
130	138
130	139
130	164
130	165
130	166
130	167
130	168
131	132
131	133
131	134
131	135
131	136
131	165
131	166
131	167
131	168
131	169
131	170
131	187
132	133
132	134
132	135
132	136
132	166
132	167
132	168
132	186
132	187
132	190
132	193
133	134
133	135
133	136
133	137
133	168
133	186
133	187
133	190
134	135
134	136
134	137
134	138
134	139
135	136
135	137
135	138
135	139
135	140
135	164
135	165
135	166
135	190
136	137
136	138
136	139
136	140
136	141
136	186
136	189
136	190
137	138
137	139
137	140
137	141
137	142
137	147
138	139
138	140
138	141
138	142
138	143
138	147
138	164
139	140
139	141
139	142
139	143
139	144
139	147
139	164
140	141
140	142
140	143
140	144
140	145
140	146
141	142
141	143
141	144
141	145
141	146
141	147
142	143
142	144
142	145
142	146
142	147
142	148
142	151
142	158
142	161
142	164
143	144
143	145
143	146
144	145
144	146
144	147
144	148
145	146
145	147
145	148
145	149
146	147
146	148
146	149
146	150
147	148
147	149
147	150
147	151
147	152
148	149
148	150
148	151
148	152
148	158
149	150
149	151
149	152
150	151
150	152
150	153
150	159
151	152
151	153
151	157
151	158
151	159
151	161
152	153
152	154
152	155
152	157
152	158
152	159
153	154
153	155
153	156
153	157
153	158
153	159
153	160
154	155
154	156
154	157
155	156
155	157
155	158
156	157
156	158
157	158
157	159
158	159
158	160
159	160
159	161
160	161
160	162
161	162
161	163
161	164
162	163
162	164
163	164
163	165
164	165
164	166
165	166
165	167
166	167
166	168
166	190
166	191
166	192
166	193
166	194
167	168
167	169
167	193
167	194
167	195
168	169
168	170
168	171
168	172
168	181
168	187
168	193
168	194
168	195
169	170
169	171
169	172
169	193
169	195
170	171
170	172
170	176
170	195
171	172
171	173
171	176
171	177
171	178
171	181
171	187
171	193
171	194
171	195
172	173
172	174
172	176
172	194
172	195
173	174
173	175
173	176
173	177
173	194
173	195
174	175
174	176
174	177
174	194
175	176
175	177
175	178
175	194
176	177
176	178
177	178
177	179
177	181
177	182
177	193
177	194
178	179
178	180
178	181
178	182
178	183
179	180
179	181
179	182
179	183
179	184
180	181
180	182
180	183
180	184
181	182
181	183
181	184
181	185
181	187
181	188
181	193
182	183
182	184
182	185
182	187
182	188
182	193
183	184
183	185
183	187
183	188
184	185
184	186
184	187
184	188
184	189
185	186
185	187
185	188
185	189
186	187
186	188
186	189
186	190
187	188
187	189
187	190
187	191
187	193
188	189
188	190
188	191
188	193
189	190
189	191
190	191
190	192
190	193
191	192
191	193
192	193
192	194
193	194
193	195
194	195
