2	3
2	4
2	5
2	11
2	35
3	4
3	5
3	34
3	35
4	5
4	6
4	7
4	11
4	35
4	37
5	6
5	7
6	7
6	8
6	9
7	8
7	9
7	10
7	37
8	9
8	10
8	37
8	126
8	127
9	10
9	11
9	12
9	13
9	14
9	15
9	37
9	86
9	87
9	126
9	127
10	11
10	12
10	13
10	14
10	37
10	86
11	12
11	13
11	36
11	37
12	13
12	14
12	35
12	36
12	37
12	38
12	63
13	14
13	15
13	36
13	37
13	38
13	39
13	86
13	87
14	15
14	16
14	37
14	38
14	39
14	40
14	63
14	81
14	82
14	83
14	84
14	85
14	86
14	87
14	88
15	16
15	17
15	32
15	37
15	38
15	39
15	40
15	41
15	85
15	86
15	87
15	88
15	89
16	17
16	18
16	38
16	39
16	40
16	41
16	42
16	67
16	78
16	81
16	82
16	85
16	86
16	87
16	88
16	89
16	90
17	18
17	19
17	20
17	25
17	28
17	29
17	32
17	39
17	40
17	41
17	42
17	43
17	87
17	88
17	89
17	90
17	91
18	19
18	20
18	21
18	25
18	40
18	41
18	42
18	43
18	78
18	88
18	89
18	90
18	91
18	92
18	115
19	20
19	21
19	22
19	23
19	25
19	26
19	41
19	42
19	43
19	91
19	92
20	21
20	22
20	23
20	25
20	26
20	29
20	39
20	40
20	41
20	42
20	43
20	49
20	52
20	56
20	64
21	22
21	23
21	25
21	26
21	42
21	43
21	44
21	48
21	49
21	52
21	56
22	23
22	24
22	25
22	26
22	27
22	52
23	24
23	25
23	26
23	27
23	28
24	25
24	26
24	27
24	28
24	29
24	91
24	131
25	26
25	27
25	28
25	29
25	30
25	56
25	91
25	92
26	27
26	28
26	29
26	30
26	31
26	52
26	56
26	91
27	28
27	29
27	30
27	31
27	32
27	56
28	29
28	30
28	31
28	32
28	33
28	39
28	89
28	91
28	129
28	131
29	30
29	31
29	32
29	33
29	34
29	39
29	41
29	56
29	64
30	31
30	32
30	33
30	34
30	35
30	55
30	56
30	59
30	60
31	32
31	33
31	34
31	35
31	36
31	37
31	60
32	33
32	34
32	35
32	36
32	37
32	38
32	39
32	89
33	34
33	35
33	36
33	37
33	38
33	39
33	56
33	60
33	63
33	64
34	35
34	36
34	37
34	59
34	60
35	36
35	37
36	37
36	38
36	63
37	38
37	39
37	63
38	39
38	40
38	62
38	63
38	64
39	40
39	41
39	63
39	64
39	65
39	66
40	41
40	42
40	63
40	64
40	65
40	66
40	67
40	80
40	81
40	82
40	83
40	84
40	85
41	42
41	43
41	49
41	64
41	65
41	66
41	67
41	68
42	43
42	44
42	49
42	64
42	65
42	66
42	67
42	68
42	69
42	78
42	81
42	92
43	44
43	45
43	46
43	48
43	49
43	66
43	67
43	68
43	69
43	70
44	45
44	46
44	48
44	67
44	68
44	69
44	70
44	71
44	72
45	46
45	47
45	48
45	49
45	50
45	66
45	67
45	68
45	69
45	70
46	47
46	48
46	49
46	50
46	66
46	68
47	48
47	49
47	50
47	51
48	49
48	50
48	51
48	52
49	50
49	51
49	52
49	53
49	54
49	56
49	64
49	65
49	66
49	67
50	51
50	52
50	53
50	54
50	55
50	66
51	52
51	53
51	54
51	55
51	56
52	53
52	54
52	55
52	56
52	57
52	64
53	54
53	55
53	56
53	57
53	58
53	64
53	65
53	66
54	55
54	56
54	57
54	58
54	59
55	56
55	57
55	58
55	59
55	60
56	57
56	58
56	59
56	60
56	61
56	62
56	63
56	64
57	58
57	59
57	60
57	61
57	62
57	63
57	64
58	59
58	60
58	61
59	60
59	61
60	61
60	62
60	63
60	64
61	62
61	63
61	64
62	63
62	64
63	64
63	65
64	65
64	66
64	67
65	66
65	67
66	67
66	68
67	68
67	69
67	81
68	69
68	70
68	77
68	81
69	70
69	71
69	72
69	77
69	78
69	81
70	71
70	72
70	74
71	72
71	73
71	74
71	75
71	77
71	114
72	73
72	74
72	77
72	78
72	90
72	92
72	93
72	94
72	107
72	108
72	110
72	111
72	112
72	114
72	115
73	74
73	75
73	77
73	106
73	107
73	108
73	109
73	110
73	111
73	112
73	114
74	75
74	76
74	77
74	78
74	114
75	76
75	77
75	78
75	79
75	114
76	77
76	78
76	79
76	80
76	114
77	78
77	79
77	80
77	81
77	114
78	79
78	80
78	81
78	82
78	83
78	90
78	92
78	111
78	114
78	115
78	118
79	80
79	81
79	82
79	83
79	118
80	81
80	82
80	83
81	82
81	83
81	85
82	83
82	84
82	85
82	86
82	88
82	115
82	118
82	119
82	122
82	124
82	125
83	84
83	85
83	122
83	124
84	85
84	86
84	122
84	124
85	86
85	87
85	88
85	122
85	123
85	124
85	125
85	126
86	87
86	88
86	124
86	125
86	126
86	127
86	128
87	88
87	89
87	124
87	125
87	126
87	127
87	128
88	89
88	90
88	115
88	119
88	125
88	127
88	128
88	129
88	130
89	90
89	91
89	92
89	127
89	128
89	129
89	130
89	131
90	91
90	92
90	93
90	108
90	111
90	112
90	113
90	115
90	128
90	129
90	130
90	131
90	132
91	92
91	93
91	129
91	130
91	131
91	181
92	93
92	94
92	111
92	112
92	131
93	94
93	95
93	96
93	104
93	108
93	112
93	131
93	177
93	180
93	181
93	184
94	95
94	96
94	97
94	103
94	104
94	107
94	108
94	177
94	180
94	181
95	96
95	97
95	98
95	177
96	97
96	98
96	104
97	98
97	99
97	104
97	173
97	174
97	177
98	99
98	100
98	101
98	103
98	104
98	172
98	173
98	176
98	177
99	100
99	101
99	104
99	162
99	167
99	172
99	173
99	176
100	101
100	102
100	103
100	104
100	105
100	167
100	176
101	102
101	103
101	104
101	105
101	106
101	107
101	109
101	158
101	159
101	162
101	163
101	176
101	179
101	183
102	103
102	104
102	105
102	106
102	107
102	176
103	104
103	105
103	106
103	107
104	105
104	106
104	107
104	108
104	109
104	176
104	177
104	180
105	106
105	107
105	108
105	109
105	110
105	162
105	176
105	177
105	179
105	180
105	183
105	184
106	107
106	108
106	109
106	110
106	111
106	180
107	108
107	109
107	110
107	111
107	112
108	109
108	110
108	111
108	112
108	113
108	180
108	181
108	184
109	110
109	111
109	112
109	113
109	114
109	180
109	183
109	184
109	187
110	111
110	112
110	113
110	114
110	115
111	112
111	113
111	114
111	115
111	116
112	113
112	114
112	115
112	116
112	117
112	128
112	130
112	184
112	185
112	187
112	188
113	114
113	115
113	116
113	117
113	118
113	184
113	187
113	188
113	191
114	115
114	116
114	117
114	118
114	119
115	116
115	117
115	118
115	119
115	120
115	128
116	117
116	118
116	119
116	120
116	121
116	128
116	130
116	187
116	188
116	189
116	191
116	192
116	197
116	199
116	201
117	118
117	119
117	120
117	121
117	122
117	191
117	195
118	119
118	120
118	121
118	122
118	125
119	120
119	121
119	122
119	123
119	125
119	128
119	197
119	199
120	121
120	122
120	123
120	125
120	191
120	195
120	197
120	198
120	199
121	122
121	123
122	123
122	124
122	125
122	126
123	124
123	125
123	126
123	198
124	125
124	126
124	127
125	126
125	127
125	128
125	198
125	199
126	127
126	128
126	198
126	199
126	200
126	201
127	128
127	129
127	198
127	199
127	200
127	201
128	129
128	130
128	199
128	200
128	201
129	130
129	131
129	200
129	201
130	131
130	132
130	184
130	185
130	188
130	201
131	132
131	133
131	181
132	133
132	134
132	136
132	154
132	177
132	181
132	182
132	185
133	134
133	135
133	136
133	137
133	177
133	181
133	185
134	135
134	136
134	137
134	138
134	139
134	155
135	136
135	137
135	138
135	139
135	140
135	155
135	158
135	174
135	177
135	178
135	179
135	181
135	182
136	137
136	138
136	153
136	154
136	155
136	156
136	178
136	181
136	182
136	183
136	185
137	138
137	139
137	149
137	150
137	153
137	154
137	155
137	156
137	182
138	139
138	140
138	141
138	147
138	149
138	154
138	155
138	157
138	178
139	140
139	141
139	155
139	157
139	158
139	171
139	174
139	175
139	178
140	141
140	142
140	174
141	142
141	143
141	144
141	145
141	147
141	157
141	175
142	143
142	144
143	144
143	145
144	145
144	146
144	147
145	146
145	147
146	147
146	148
147	148
147	149
148	149
148	150
148	153
149	150
149	151
149	153
150	151
150	152
150	153
150	154
151	152
151	153
151	154
152	153
152	154
153	154
153	155
154	155
154	156
154	157
154	181
154	182
154	185
154	186
154	189
155	156
155	157
155	158
155	159
155	175
155	178
155	179
155	182
156	157
156	158
156	159
156	160
156	161
156	182
156	186
157	158
157	159
157	160
157	161
157	162
157	175
158	159
158	160
158	161
158	162
158	163
158	175
158	176
158	178
158	179
158	180
158	182
159	160
159	161
159	162
159	163
159	164
159	175
159	179
159	182
159	183
159	186
160	161
160	162
160	163
160	164
160	165
161	162
161	163
161	164
161	165
161	172
161	175
162	163
162	164
162	165
162	172
162	175
162	176
162	177
162	179
163	164
163	165
163	172
163	176
163	183
164	165
164	166
164	172
165	166
165	167
165	168
165	169
165	171
165	172
165	175
166	167
166	168
166	169
166	170
166	172
167	168
167	169
167	170
167	172
168	169
168	170
168	171
168	172
169	170
169	171
169	172
169	173
169	175
170	171
170	172
170	173
170	174
171	172
171	173
171	174
171	175
171	176
172	173
172	174
172	175
172	176
172	177
173	174
173	175
173	176
173	177
173	178
174	175
174	176
174	177
174	178
174	179
175	176
175	177
175	178
175	179
175	180
176	177
176	178
176	179
176	180
176	181
177	178
177	179
177	180
177	181
177	182
178	179
178	180
178	181
178	182
178	183
179	180
179	181
179	182
179	183
179	184
180	181
180	182
180	183
180	184
180	185
181	182
181	183
181	184
181	185
181	186
182	183
182	184
182	185
182	186
182	187
183	184
183	185
183	186
183	187
183	188
184	185
184	186
184	187
184	188
184	189
185	186
185	187
185	188
185	189
185	190
186	187
186	188
186	189
186	190
186	191
187	188
187	189
187	190
187	191
187	192
188	189
188	190
188	191
188	192
188	193
188	201
189	190
189	191
189	192
189	193
189	194
189	201
190	191
190	192
190	193
190	194
190	195
191	192
191	193
191	194
191	195
191	196
191	197
191	199
192	193
192	194
192	195
192	196
192	197
192	199
192	200
192	201
193	194
193	195
193	196
193	197
194	195
194	196
195	196
195	197
196	197
196	198
197	198
197	199
197	200
198	199
198	200
199	200
199	201
200	201
