63	64
63	65
63	66
63	67
63	68
63	202
64	65
64	66
64	67
64	68
64	69
65	66
65	67
65	68
65	69
65	70
65	72
66	67
66	68
66	69
66	70
66	71
66	154
66	195
66	199
66	203
67	68
67	69
67	70
67	71
67	72
67	74
67	199
67	202
67	203
67	206
67	238
68	69
68	70
68	71
68	72
68	73
68	203
69	70
69	71
69	72
69	73
69	74
69	154
69	158
70	71
70	72
70	73
70	74
70	75
70	154
70	157
70	158
70	159
70	161
70	195
70	196
70	197
70	199
70	200
70	203
71	72
71	73
71	74
71	75
71	76
71	203
72	73
72	74
72	75
72	76
72	77
73	74
73	75
73	76
73	77
73	117
73	154
73	155
73	158
73	162
74	75
74	76
74	77
74	114
74	117
74	118
74	121
74	157
74	158
74	159
74	161
74	162
74	165
74	203
75	76
75	77
75	78
75	117
75	121
75	162
76	77
76	78
76	114
76	117
77	78
77	79
77	114
77	115
77	117
77	118
77	121
77	155
78	79
78	80
78	114
78	115
78	118
78	119
79	80
79	81
79	118
80	81
80	82
80	87
80	91
80	115
80	118
80	119
80	121
80	122
81	82
81	83
81	87
81	119
81	122
82	83
82	84
82	85
82	87
82	88
82	119
82	122
82	123
82	124
82	125
82	127
83	84
83	85
83	87
83	88
83	127
84	85
84	86
84	87
84	88
84	89
84	127
84	129
85	86
85	87
85	88
85	89
85	90
85	127
85	128
85	129
86	87
86	88
86	89
86	90
86	91
86	129
87	88
87	89
87	90
87	91
87	92
88	89
88	90
88	91
88	92
88	93
88	119
88	124
88	127
88	129
88	130
88	133
89	90
89	91
89	92
89	93
89	94
89	129
89	132
89	133
90	91
90	92
90	93
90	94
90	95
90	133
91	92
91	93
91	94
91	95
91	96
91	115
91	119
92	93
92	94
92	95
92	96
92	97
92	116
92	119
92	129
92	130
92	133
92	134
92	137
93	94
93	95
93	96
93	97
93	98
93	133
93	136
94	95
94	96
94	97
94	98
94	99
95	96
95	97
95	98
95	99
95	100
95	112
95	113
95	115
95	116
95	119
95	137
95	140
96	97
96	98
96	99
96	100
96	101
96	133
96	136
96	137
96	140
97	98
97	99
97	100
97	101
97	104
98	99
98	100
98	101
98	102
98	104
98	105
98	108
98	109
98	112
99	100
99	101
99	102
99	104
99	108
99	109
99	110
99	112
99	113
99	116
99	137
99	140
99	141
99	143
99	144
100	101
100	102
100	104
100	109
100	139
100	140
100	143
101	102
101	103
101	104
101	105
101	109
101	143
102	103
102	104
102	109
102	143
102	147
102	149
103	104
103	105
103	106
103	109
104	105
104	106
104	107
104	108
104	109
105	106
105	107
105	108
105	109
105	110
106	107
106	108
106	109
106	110
106	111
106	147
106	149
106	151
106	152
107	108
107	109
107	110
107	111
107	112
107	152
108	109
108	110
108	111
108	112
108	113
109	110
109	111
109	112
109	113
109	114
109	143
109	144
109	147
109	149
109	152
110	111
110	112
110	113
110	114
110	115
110	117
110	151
110	152
110	155
111	112
111	113
111	114
111	115
111	116
112	113
112	114
112	115
112	116
112	117
113	114
113	115
113	116
113	117
113	118
113	140
113	141
113	144
113	152
113	155
113	156
113	159
114	115
114	116
114	117
114	118
114	119
114	155
114	159
115	116
115	117
115	118
115	119
115	120
116	117
116	118
116	119
116	120
116	121
116	124
116	130
116	134
116	137
116	141
116	159
116	162
116	163
117	118
117	119
117	120
117	121
117	122
117	154
117	155
117	156
117	158
117	159
117	162
118	119
118	120
118	121
118	122
118	123
118	162
119	120
119	121
119	122
119	123
119	124
119	125
119	130
120	121
120	122
120	123
120	124
120	125
120	130
120	159
120	162
120	163
120	166
120	167
121	122
121	123
121	124
121	162
122	123
122	124
122	126
122	127
123	124
123	125
123	126
123	127
124	125
124	126
124	127
124	128
124	130
124	131
125	126
125	127
125	128
125	130
125	131
125	166
125	167
125	170
126	127
126	128
126	130
126	131
127	128
127	129
127	130
127	131
128	129
128	130
128	131
128	132
128	133
129	130
129	131
129	132
129	133
129	134
130	131
130	132
130	133
130	134
130	135
130	137
130	163
130	167
131	132
131	133
131	134
131	135
131	136
131	167
131	170
131	171
132	133
132	134
132	135
132	136
132	137
133	134
133	135
133	136
133	137
133	138
134	135
134	136
134	137
134	138
134	141
134	163
134	167
134	170
134	171
135	136
135	137
135	138
135	139
135	173
135	174
136	137
136	138
136	139
136	140
137	138
137	139
137	140
137	141
137	142
138	139
138	140
138	141
138	142
138	143
138	171
138	173
138	174
138	175
138	177
138	178
139	140
139	141
139	142
139	143
139	144
140	141
140	142
140	143
140	144
140	145
141	142
141	143
141	144
141	145
141	146
141	156
141	159
141	160
141	163
141	171
141	178
141	181
142	143
142	144
142	145
142	146
142	147
142	177
142	178
142	181
143	144
143	145
143	146
143	147
143	152
143	178
144	145
144	146
144	147
144	149
144	152
144	153
144	156
145	146
145	147
145	152
145	153
145	156
145	157
145	178
145	181
145	182
145	185
146	147
146	148
146	153
146	181
146	184
146	185
147	148
147	149
147	150
147	152
147	153
147	185
147	193
148	149
148	150
148	153
148	193
149	150
149	151
149	152
149	153
149	154
149	193
150	151
150	152
150	153
150	154
150	155
150	188
150	190
150	192
150	193
150	196
151	152
151	153
151	154
151	155
151	156
151	192
151	193
152	153
152	154
152	155
152	156
152	157
153	154
153	155
153	156
153	157
153	158
153	185
153	192
153	193
153	196
153	197
154	155
154	156
154	157
154	158
154	159
154	192
154	193
154	196
155	156
155	157
155	158
155	159
155	160
155	196
156	157
156	158
156	159
156	160
156	161
157	158
157	159
157	160
157	161
157	162
157	182
157	185
157	193
157	196
157	197
157	200
158	159
158	160
158	161
158	162
158	163
158	196
158	200
159	160
159	161
159	162
159	163
159	164
160	161
160	162
160	163
160	164
160	165
160	171
160	178
160	182
160	200
160	204
161	162
161	163
161	164
161	165
161	166
161	199
161	200
161	203
161	204
161	207
162	163
162	164
162	165
162	166
162	167
162	203
163	164
163	165
163	166
163	167
163	168
163	171
163	208
164	165
164	166
164	167
164	168
164	169
164	171
164	200
164	203
164	204
164	205
164	206
164	207
164	208
165	166
165	167
165	168
165	203
165	207
165	208
166	167
166	168
166	207
167	168
167	169
167	170
167	171
167	207
167	208
168	169
168	170
168	171
168	172
168	207
168	208
168	209
169	170
169	171
169	172
169	173
169	207
169	208
169	209
169	210
170	171
170	172
170	173
170	174
170	208
171	172
171	173
171	174
171	175
171	176
171	178
171	204
171	208
171	210
172	173
172	174
172	175
172	176
172	177
172	208
172	210
173	174
173	175
173	176
173	177
173	178
173	208
173	210
174	175
174	176
174	177
174	178
174	179
174	204
175	176
175	177
175	178
175	179
175	180
175	204
175	208
175	210
175	213
176	177
176	178
176	179
176	180
176	210
176	212
176	213
176	216
177	178
177	179
177	180
177	181
178	179
178	180
178	181
178	182
178	183
178	204
179	180
179	181
179	182
179	183
179	184
179	201
179	204
179	213
179	216
180	181
180	182
180	183
180	184
180	185
180	216
181	182
181	183
181	184
181	185
181	186
182	183
182	184
182	185
182	186
182	187
182	196
182	197
182	198
182	200
182	201
182	204
183	184
183	185
183	186
183	187
183	197
183	201
183	213
183	216
183	217
183	220
183	228
183	232
183	235
184	185
184	186
184	187
184	188
185	186
185	187
185	188
185	189
185	190
185	193
185	194
185	195
185	196
185	197
185	198
186	187
186	188
186	193
186	194
186	195
186	197
186	198
186	201
186	227
186	228
186	231
186	232
186	235
187	188
187	189
187	190
187	194
187	225
187	227
187	228
188	189
188	190
188	191
188	193
188	194
189	190
189	191
189	192
189	194
190	191
190	192
190	193
190	194
190	195
191	192
191	193
191	194
191	195
191	196
192	193
192	194
192	195
192	196
192	197
193	194
193	195
193	196
193	197
193	198
194	195
194	196
194	197
194	198
194	199
195	196
195	197
195	198
195	199
195	200
196	197
196	198
196	199
196	200
196	201
197	198
197	199
197	200
197	201
197	202
197	235
198	199
198	200
198	201
198	202
198	203
198	231
198	234
198	235
199	200
199	201
199	202
199	203
199	204
199	235
200	201
200	202
200	203
200	204
200	205
201	202
201	203
201	204
201	205
201	206
201	217
201	235
201	238
202	203
202	204
202	205
202	206
202	207
202	234
202	235
202	238
203	204
203	205
203	206
203	207
203	208
203	238
204	205
204	206
204	207
204	208
204	209
204	213
204	243
205	206
205	207
205	208
205	209
205	213
205	217
205	235
205	236
205	238
205	239
205	240
205	242
205	243
206	207
206	208
206	209
206	238
206	242
206	243
207	208
207	209
208	209
208	210
208	213
208	243
209	210
209	211
209	213
209	242
209	243
209	244
209	247
210	211
210	212
210	213
210	214
210	243
211	212
211	213
211	214
211	215
211	243
211	247
211	248
211	250
211	251
212	213
212	214
212	215
212	216
212	243
212	251
213	214
213	215
213	216
213	217
213	218
213	239
213	243
214	215
214	216
214	217
214	218
214	219
214	236
214	239
214	243
214	247
214	248
214	251
214	254
214	255
215	216
215	217
215	218
215	219
215	220
215	251
215	254
216	217
216	218
216	219
216	220
216	221
216	232
217	218
217	219
217	220
217	221
217	222
217	232
217	233
217	235
217	236
217	239
217	258
218	219
218	220
218	221
218	222
218	236
218	254
218	255
218	258
219	220
219	221
219	222
219	223
219	258
220	221
220	222
220	223
220	225
220	228
220	229
220	232
221	222
221	223
221	228
221	229
221	232
221	233
221	236
221	258
221	265
222	223
222	224
222	229
222	232
222	233
222	258
222	261
223	224
223	225
223	226
223	228
223	229
224	225
224	226
224	227
224	229
225	226
225	227
225	228
225	229
225	230
226	227
226	228
226	229
226	230
226	231
226	265
226	267
226	270
227	228
227	229
227	230
227	231
227	232
228	229
228	230
228	231
228	232
228	233
228	235
229	230
229	231
229	232
229	233
229	234
229	265
229	266
229	267
229	270
229	273
230	231
230	232
230	233
230	234
230	235
230	267
230	269
230	270
230	273
231	232
231	233
231	234
231	235
231	236
231	269
231	273
232	233
232	234
232	235
232	236
232	237
233	234
233	235
233	236
233	237
233	238
233	258
233	259
233	261
233	262
233	263
233	265
233	270
233	271
233	273
233	274
233	277
234	235
234	236
234	237
234	238
234	239
234	273
234	277
235	236
235	237
235	238
235	239
235	240
235	273
236	237
236	238
236	239
236	240
236	241
236	255
236	258
236	259
236	277
237	238
237	239
237	240
237	241
237	242
237	273
237	276
237	277
237	278
237	279
237	280
238	239
238	240
238	241
238	242
238	243
238	277
239	240
239	241
239	242
239	243
239	244
239	248
239	255
240	241
240	242
240	243
240	248
240	255
240	259
240	277
240	278
240	279
240	280
240	281
241	242
241	243
241	276
241	280
242	243
242	244
243	244
243	245
243	247
243	248
244	245
244	246
244	247
244	248
244	249
245	246
245	247
245	248
245	249
245	250
246	247
246	248
246	249
246	250
247	248
247	249
247	250
247	251
248	249
248	250
248	251
248	252
248	255
249	250
249	251
249	252
249	253
250	251
250	252
250	253
250	254
251	252
251	253
251	254
251	255
251	256
252	253
252	254
252	255
252	256
252	257
252	281
253	254
253	255
253	256
253	257
253	258
254	255
254	256
254	257
254	258
254	259
255	256
255	257
255	258
255	259
255	260
255	281
256	257
256	258
256	259
256	260
256	261
256	281
257	258
257	259
257	260
257	261
257	262
258	259
258	260
258	261
258	262
258	263
258	274
259	260
259	261
259	262
259	263
259	264
259	274
259	277
259	278
259	280
259	281
260	261
260	262
260	263
260	264
260	265
261	262
261	263
261	264
261	265
261	274
262	263
262	264
262	265
262	267
262	270
262	271
262	274
262	275
263	264
263	265
263	271
263	274
263	275
263	278
264	265
264	266
264	267
264	271
264	274
265	266
265	267
265	268
265	270
265	271
265	274
266	267
266	268
266	271
267	268
267	269
267	270
267	271
267	272
268	269
268	270
268	271
268	272
268	273
268	275
269	270
269	271
269	272
269	273
269	274
270	271
270	272
270	273
270	274
270	275
271	272
271	273
271	274
271	275
271	276
272	273
272	274
272	275
272	276
272	277
273	274
273	275
273	276
273	277
273	278
274	275
274	276
274	277
274	278
274	279
275	276
275	277
275	278
275	279
275	280
276	277
276	278
276	279
276	280
276	281
277	278
277	279
277	280
277	281
277	282
278	279
278	280
278	281
278	282
279	280
279	281
279	282
280	281
280	282
281	282
