87	88
87	89
87	90
88	89
88	90
88	91
88	93
89	90
89	91
89	93
89	96
89	97
89	104
89	109
89	110
90	91
90	92
90	93
90	94
90	95
90	96
90	97
90	102
90	104
90	110
91	92
91	93
91	94
91	95
91	96
91	98
91	102
91	103
91	104
91	110
91	111
92	93
92	94
92	95
92	96
92	102
92	104
93	94
93	95
93	96
93	97
94	95
94	96
94	97
94	98
95	96
95	97
95	98
95	99
95	100
95	101
95	102
95	110
96	97
96	98
96	102
96	110
97	98
97	99
97	102
97	110
98	99
98	100
98	101
98	102
98	103
98	110
98	111
99	100
99	101
100	101
100	102
101	102
101	103
101	111
102	103
102	104
102	110
102	111
103	104
103	105
103	109
103	110
103	111
104	105
104	106
104	108
104	109
104	110
104	111
105	106
105	107
105	108
105	109
105	110
105	111
106	107
106	108
107	108
107	109
108	109
108	110
109	110
109	111
110	111
