141	142
141	143
141	145
141	146
141	160
141	164
141	169
142	143
142	144
142	145
142	146
142	169
143	144
143	145
143	146
143	148
143	150
144	145
144	146
145	146
145	147
145	169
146	147
146	148
146	149
146	150
146	153
146	160
146	164
146	169
147	148
147	149
147	163
147	164
147	167
147	169
148	149
148	150
148	152
148	153
148	154
148	159
148	160
148	163
148	164
149	150
149	151
149	152
149	153
150	151
150	152
150	153
150	154
151	152
151	153
152	153
152	154
153	154
153	155
153	160
154	155
154	156
154	157
154	159
154	160
154	161
154	163
155	156
155	157
155	159
156	157
156	158
156	159
156	160
156	161
157	158
157	159
157	160
157	161
157	162
158	159
158	160
158	161
158	162
158	163
158	165
159	160
159	161
159	162
159	163
159	164
160	161
160	162
160	163
160	164
160	165
161	162
161	163
161	164
161	165
161	166
162	163
162	164
162	165
162	166
162	167
163	164
163	165
163	166
163	167
163	168
163	169
164	165
164	166
164	167
164	168
164	169
165	166
165	167
165	168
165	169
166	167
166	168
167	168
167	169
168	169
213	214
213	215
213	218
214	215
214	216
214	217
214	218
215	216
215	217
215	218
216	217
216	218
217	218
