2	3
2	4
2	7
2	28
2	32
3	4
3	5
3	6
3	7
3	8
3	32
4	5
4	6
4	7
4	8
4	28
4	32
4	33
5	6
5	7
5	8
5	10
5	32
6	7
6	8
6	9
6	10
7	8
7	9
7	10
7	11
7	12
7	29
7	32
7	33
7	34
7	35
8	9
8	10
8	32
8	33
8	34
8	35
9	10
9	11
9	32
9	33
9	34
9	35
10	11
10	12
10	33
10	34
10	35
10	36
11	12
11	13
11	34
11	35
11	36
12	13
12	14
12	29
12	34
12	35
12	36
13	14
13	15
13	35
13	36
14	15
14	16
14	17
14	22
14	25
14	26
14	29
14	36
15	16
15	17
15	18
15	22
16	17
16	18
16	19
16	20
16	21
16	22
16	23
17	18
17	19
17	22
17	23
17	24
17	26
18	19
18	20
18	22
18	23
19	20
19	21
19	22
19	23
19	24
20	21
20	22
20	23
20	24
20	25
21	22
21	23
21	24
21	25
21	26
22	23
22	24
22	25
22	26
22	27
23	24
23	25
23	26
23	27
23	28
24	25
24	26
24	27
24	28
24	29
25	26
25	27
25	28
25	29
25	30
26	27
26	28
26	29
26	30
26	31
26	36
27	28
27	29
27	30
27	31
27	32
28	29
28	30
28	31
28	32
28	33
29	30
29	31
29	32
29	33
29	34
29	35
29	36
30	31
30	32
30	33
30	34
30	36
31	32
31	33
31	34
32	33
32	34
33	34
33	35
34	35
34	36
35	36
