236	237
236	238
236	239
236	240
236	242
236	269
236	273
237	238
237	239
237	240
237	241
237	242
237	269
237	270
237	273
237	274
238	239
238	240
238	241
238	242
238	243
238	269
239	240
239	241
239	242
239	243
239	244
239	266
239	269
240	241
240	242
240	243
240	244
240	245
240	262
240	263
240	265
240	266
240	267
240	269
240	270
241	242
241	243
241	244
241	245
241	246
241	266
241	270
242	243
242	244
242	245
242	246
242	247
242	270
243	244
243	245
243	246
243	247
243	248
243	259
243	261
243	262
243	263
243	265
243	266
243	269
244	245
244	246
244	247
244	248
244	249
244	262
244	263
244	266
244	270
244	284
244	287
245	246
245	247
245	248
245	249
245	250
246	247
246	248
246	249
246	250
246	251
246	259
246	262
247	248
247	249
247	250
247	251
247	252
247	255
247	259
247	260
247	262
247	263
247	291
248	249
248	250
248	251
248	252
248	253
248	259
249	250
249	251
249	252
249	253
249	254
250	251
250	252
250	253
250	254
250	255
250	256
250	258
250	259
250	262
251	252
251	253
251	254
251	255
251	256
251	259
251	291
252	253
252	254
252	255
253	254
253	255
254	255
254	256
254	257
254	294
255	256
255	257
255	258
255	259
255	260
255	291
256	257
256	258
256	259
256	260
256	261
256	291
256	294
256	295
257	258
257	259
257	260
257	261
257	262
257	295
258	259
258	260
258	261
258	262
258	263
259	260
259	261
259	262
259	263
259	264
259	288
259	291
260	261
260	262
260	263
260	264
260	265
260	288
260	291
260	292
260	295
261	262
261	263
261	264
261	265
261	266
261	288
262	263
262	264
262	265
262	266
262	267
263	264
263	265
263	266
263	267
263	268
263	270
263	284
263	287
263	288
263	291
264	265
264	266
264	267
264	268
264	269
264	271
264	284
264	288
264	292
264	304
265	266
265	267
265	268
265	269
265	270
266	267
266	268
266	269
266	270
266	271
266	284
267	268
267	269
267	270
267	271
267	272
267	280
267	281
267	282
267	284
267	285
267	288
267	304
267	307
268	269
268	270
268	271
268	272
268	273
269	270
269	271
269	272
269	273
269	274
269	275
270	271
270	272
270	273
270	274
270	275
270	276
270	278
270	280
270	281
270	284
271	272
271	273
271	274
271	275
271	276
271	281
271	285
271	307
272	273
272	274
272	275
272	276
273	274
273	275
274	275
274	276
274	278
274	280
274	281
275	276
275	277
275	278
275	281
276	277
276	278
276	281
276	307
276	311
276	314
277	278
277	279
277	281
277	307
277	310
277	311
277	314
277	315
278	279
278	280
278	281
278	282
278	283
278	311
278	315
279	280
279	281
279	282
279	283
279	284
279	311
279	312
279	315
279	316
280	281
280	282
280	283
280	284
280	285
281	282
281	283
281	284
281	285
281	286
281	307
281	308
281	311
282	283
282	284
282	285
282	286
282	287
282	304
282	308
282	309
282	311
282	312
282	326
283	284
283	285
283	286
283	287
283	288
283	308
283	312
284	285
284	286
284	287
284	288
284	289
284	304
285	286
285	287
285	288
285	289
285	290
285	301
285	304
285	305
285	307
285	308
285	311
286	287
286	288
286	289
286	290
286	291
286	304
286	305
286	308
286	312
286	325
286	326
286	329
287	288
287	289
287	290
287	291
287	292
288	289
288	290
288	291
288	292
288	293
288	301
288	304
289	290
289	291
289	292
289	293
289	294
289	301
289	302
289	304
289	305
290	291
290	292
290	293
290	294
290	295
290	301
290	329
291	292
291	293
291	294
291	295
291	296
292	293
292	294
292	295
292	296
292	297
292	298
292	300
292	301
292	304
293	294
293	295
293	296
293	297
293	298
293	301
294	295
294	296
294	297
294	298
295	296
295	297
295	298
296	297
296	298
296	299
296	300
297	298
297	299
297	300
297	301
297	302
298	299
298	300
298	301
298	302
298	303
299	300
299	301
299	302
299	303
300	301
300	302
300	303
300	304
301	302
301	303
301	304
301	305
301	306
301	330
302	303
302	304
302	305
302	306
302	307
302	330
303	304
303	305
303	306
303	307
303	308
304	305
304	306
304	307
304	308
304	309
304	326
305	306
305	307
305	308
305	309
305	310
305	326
305	329
305	330
306	307
306	308
306	309
306	310
306	311
306	326
306	330
307	308
307	309
307	310
307	311
307	312
308	309
308	310
308	311
308	312
308	313
308	326
309	310
309	311
309	312
309	313
309	314
309	323
309	324
309	326
309	327
309	330
310	311
310	312
310	313
310	314
310	315
311	312
311	313
311	314
311	315
311	316
312	313
312	314
312	315
312	316
312	317
312	318
312	320
312	322
312	323
312	325
312	326
313	314
313	315
313	316
313	317
313	318
313	323
313	327
314	315
314	316
314	317
314	318
315	316
315	317
316	317
316	318
316	319
316	320
316	322
316	323
317	318
317	319
317	320
317	323
318	319
318	320
318	323
318	327
319	320
319	321
319	323
320	321
320	322
320	323
320	324
320	325
321	322
321	323
321	324
321	325
321	326
322	323
322	324
322	325
322	326
322	327
323	324
323	325
323	326
323	327
323	328
324	325
324	326
324	327
324	328
324	329
325	326
325	327
325	328
325	329
325	330
326	327
326	328
326	329
326	330
327	328
327	329
327	330
328	329
328	330
329	330
