1	2
1	3
1	5
1	6
1	39
1	43
2	3
2	4
2	5
2	6
2	7
3	4
3	5
3	6
3	7
3	8
4	5
4	6
4	7
4	8
4	9
4	35
5	6
5	7
5	8
5	9
5	10
5	32
5	33
5	35
5	36
5	37
5	39
5	40
5	43
5	45
6	7
6	8
6	9
6	10
6	11
7	8
7	9
7	10
7	11
7	12
7	28
8	9
8	10
8	11
8	12
8	13
8	28
8	31
8	32
8	35
9	10
9	11
9	12
9	13
9	14
9	28
9	32
9	43
9	45
10	11
10	12
10	13
10	14
10	15
11	12
11	13
11	14
11	15
11	28
11	31
12	13
12	14
12	15
12	16
12	25
12	28
12	29
12	32
12	45
13	14
13	15
13	16
13	25
14	15
14	16
15	16
15	17
15	21
15	24
15	25
15	28
16	17
16	18
16	21
16	22
16	24
16	25
17	18
17	19
17	20
17	21
17	22
18	19
18	20
18	21
18	22
19	20
19	21
19	22
19	23
20	21
20	22
20	23
20	24
21	22
21	23
21	24
21	25
21	26
22	23
22	24
22	25
22	26
22	27
23	24
23	25
23	26
23	27
23	28
24	25
24	26
24	27
24	28
24	29
25	26
25	27
25	28
25	29
25	30
26	27
26	28
26	29
26	30
26	31
27	28
27	29
27	30
27	31
27	32
28	29
28	30
28	31
28	32
28	33
29	30
29	31
29	32
29	33
29	34
29	40
29	45
30	31
30	32
30	33
30	34
30	35
31	32
31	33
31	34
31	35
31	36
32	33
32	34
32	35
32	36
32	37
32	40
32	45
33	34
33	35
33	36
33	37
33	38
33	40
33	41
33	44
33	45
34	35
34	36
34	37
35	36
35	37
36	37
36	38
36	39
36	40
36	41
37	38
37	39
37	40
37	41
37	42
38	39
38	40
38	41
38	42
38	43
39	40
39	41
39	42
39	43
39	44
39	45
40	41
40	42
40	43
40	44
40	45
41	42
41	43
41	44
41	45
42	43
42	44
42	45
43	44
43	45
44	45
