502	503
502	504
502	505
502	506
502	549
502	550
502	552
502	553
502	556
503	504
503	505
503	506
503	507
503	556
504	505
504	506
504	507
504	528
505	506
505	507
505	528
505	529
505	532
505	553
505	554
505	556
505	557
506	507
506	528
506	552
506	553
506	556
506	557
507	528
507	556
525	526
525	527
525	528
525	529
525	557
526	527
526	528
526	529
526	530
526	531
526	560
526	562
526	563
526	566
527	528
527	529
527	530
527	531
527	532
528	529
528	530
528	531
528	532
528	533
528	557
529	530
529	531
529	532
529	533
529	534
529	554
529	557
529	563
529	566
530	531
530	532
530	533
530	534
530	535
530	557
530	566
531	532
531	533
531	534
531	535
531	536
532	533
532	534
532	535
532	536
532	537
532	549
532	550
532	551
532	553
532	554
532	557
532	573
533	534
533	535
533	536
533	537
533	538
533	554
533	566
533	570
533	573
534	535
534	536
534	537
534	538
534	542
535	536
535	537
535	538
535	539
535	541
535	542
535	546
535	547
535	550
536	537
536	538
536	539
536	547
536	548
536	550
536	551
536	554
536	573
536	576
536	577
536	580
537	538
537	539
537	540
537	541
537	547
537	570
537	572
537	573
537	574
537	576
538	539
538	540
538	541
538	542
538	543
538	547
539	540
539	541
539	542
539	543
539	547
539	576
539	579
540	541
540	542
540	543
540	547
541	542
541	543
542	543
542	544
542	546
542	547
543	544
543	545
543	546
543	547
543	548
543	580
544	545
544	546
544	547
544	548
544	549
544	580
544	583
544	584
545	546
545	547
545	548
545	549
545	550
545	587
546	547
546	548
546	549
546	550
546	551
547	548
547	549
547	550
547	551
547	552
547	579
547	580
547	583
547	588
548	549
548	550
548	551
548	552
548	553
548	580
548	584
548	587
548	588
548	591
549	550
549	551
549	552
549	553
549	554
550	551
550	552
550	553
550	554
550	555
551	552
551	553
551	554
551	555
551	556
551	577
551	580
551	588
551	591
551	592
552	553
552	554
552	555
552	556
552	557
552	591
553	554
553	555
553	556
553	557
553	558
554	555
554	556
554	557
554	558
554	563
554	566
554	567
554	573
554	577
555	556
555	557
555	558
555	559
555	590
555	591
555	592
556	557
556	558
556	559
556	560
557	558
557	559
557	560
557	563
557	564
558	559
558	560
558	563
558	564
558	567
559	560
559	561
559	563
559	564
560	561
560	562
560	563
560	564
560	565
561	562
561	563
561	564
561	565
561	566
562	563
562	564
562	565
562	566
562	567
563	564
563	565
563	566
563	567
563	568
564	565
564	566
564	567
564	568
564	569
565	566
565	567
565	568
565	569
565	570
566	567
566	568
566	569
566	570
566	573
567	568
567	569
567	570
567	571
567	573
567	574
567	577
568	569
568	570
568	571
568	573
568	574
569	570
569	571
569	574
570	571
570	572
570	573
570	574
570	575
571	572
571	573
571	574
571	575
571	576
572	573
572	574
572	575
572	576
572	577
573	574
573	575
573	576
573	577
573	578
574	575
574	576
574	577
574	578
574	579
575	576
575	577
575	578
575	579
575	580
576	577
576	578
576	579
576	580
576	581
577	578
577	579
577	580
577	581
577	582
577	592
578	579
578	580
578	581
578	582
578	583
579	580
579	581
579	582
579	583
579	584
580	581
580	582
580	583
580	584
580	585
580	588
581	582
581	583
581	584
581	585
581	588
581	592
582	583
582	584
582	585
583	584
583	585
583	587
584	585
584	586
584	587
584	588
585	586
585	587
585	588
585	589
586	587
586	588
586	589
586	590
587	588
587	589
587	590
587	591
588	589
588	590
588	591
588	592
588	593
589	590
589	591
589	592
589	593
590	591
590	592
590	593
591	592
591	593
592	593
