39	40
39	41
39	116
39	122
40	41
40	42
40	43
40	44
40	45
40	116
40	122
40	123
41	42
41	43
41	44
41	45
41	46
41	116
41	122
41	123
42	43
42	44
42	45
42	46
42	47
42	112
42	113
42	114
42	116
42	117
42	122
42	123
42	126
42	129
43	44
43	45
43	46
43	47
43	48
43	113
43	123
43	129
44	45
44	46
44	47
44	48
44	49
45	46
45	47
45	48
45	49
45	50
45	109
45	110
45	112
45	113
45	116
45	123
46	47
46	48
46	49
46	50
46	51
46	113
46	129
46	133
47	48
47	49
47	50
47	51
47	52
47	113
48	49
48	50
48	51
48	52
48	53
48	106
48	109
49	50
49	51
49	52
49	53
49	54
49	57
49	105
49	106
49	109
49	110
49	113
49	133
49	137
49	140
50	51
50	52
50	53
50	54
50	55
51	52
51	53
51	54
51	55
51	56
51	57
52	53
52	54
52	55
52	56
52	57
52	58
52	102
52	106
52	109
52	140
53	54
53	55
53	56
53	57
53	58
53	59
53	106
53	139
53	140
53	143
54	55
54	56
54	57
54	58
54	59
54	60
55	56
55	57
55	58
55	59
55	60
55	61
56	57
56	58
56	59
56	60
56	61
56	62
56	99
56	103
57	58
57	59
57	60
57	61
57	62
57	63
57	99
57	102
57	103
57	104
57	106
57	107
57	140
57	143
58	59
58	60
58	62
58	63
58	103
58	139
58	143
59	60
59	61
59	62
59	63
59	64
60	61
60	62
60	63
60	64
60	65
60	99
61	62
61	63
61	64
61	65
61	66
61	95
61	96
61	98
61	99
62	63
62	64
62	65
62	66
62	67
62	96
62	99
62	100
62	103
62	143
62	147
62	148
63	64
63	65
63	66
63	67
63	68
64	65
64	66
64	67
64	68
64	69
64	80
65	66
65	67
65	68
65	69
65	70
65	79
65	80
65	83
65	89
65	95
65	96
66	67
66	68
66	69
66	70
66	71
66	72
66	147
67	68
67	69
67	70
67	71
67	72
67	73
67	74
68	69
68	70
68	71
68	72
68	73
68	74
68	75
68	80
68	83
68	84
68	86
69	70
69	71
69	72
69	73
69	83
69	84
69	86
69	89
69	90
69	91
69	95
69	96
70	71
70	72
70	73
70	86
71	72
71	73
71	74
71	84
71	86
72	73
72	74
73	74
73	75
73	84
74	75
74	76
74	77
74	80
74	84
75	76
75	77
75	80
75	81
75	82
75	84
75	85
76	77
76	78
76	80
76	81
76	84
77	78
77	79
77	80
77	81
77	82
78	79
78	80
78	81
78	82
78	83
79	80
79	81
79	82
79	83
79	84
79	89
79	94
79	95
80	81
80	82
80	83
80	84
80	85
80	89
81	82
81	83
81	84
81	85
81	86
81	87
82	83
82	84
82	85
82	86
82	87
82	88
82	89
82	90
83	84
83	85
83	86
83	87
83	89
83	90
84	85
84	86
84	87
84	90
85	86
85	87
86	87
86	88
86	89
86	90
87	88
87	89
87	90
88	89
88	90
88	91
88	92
88	95
89	90
89	91
89	92
89	95
89	96
90	91
90	92
90	95
90	96
91	92
91	93
91	95
92	93
92	94
92	95
92	96
93	94
93	95
93	96
93	97
94	95
94	96
94	97
94	98
95	96
95	97
95	98
95	99
96	97
96	98
96	99
96	100
96	101
96	148
97	98
97	99
97	100
97	101
97	102
98	99
98	100
98	101
98	102
98	103
99	100
99	101
99	102
99	103
99	104
99	148
100	101
100	102
100	103
100	104
100	105
100	144
100	148
100	150
100	151
100	152
101	102
101	103
101	104
101	105
101	106
102	103
102	104
102	105
102	106
102	107
102	140
103	104
103	105
103	106
103	107
103	108
103	140
103	141
103	143
103	144
103	148
104	105
104	106
104	107
104	108
104	109
104	144
104	151
104	152
104	153
104	156
104	157
105	106
105	107
105	108
105	109
105	110
106	107
106	108
106	109
106	110
106	111
106	140
107	108
107	109
107	110
107	111
107	112
107	137
107	138
107	140
107	141
107	144
107	152
107	153
107	156
107	157
107	185
108	109
108	110
108	111
108	112
108	113
108	157
109	110
109	111
109	112
109	113
109	114
110	111
110	112
110	113
110	114
110	115
110	133
110	134
110	137
110	140
111	112
111	113
111	114
111	115
111	116
111	133
111	137
111	141
111	153
111	154
111	155
111	156
111	157
111	181
111	185
112	113
112	114
112	115
112	116
112	117
113	114
113	115
113	116
113	117
113	118
113	123
113	129
113	130
113	133
114	115
114	116
114	117
114	118
114	130
114	133
114	134
114	137
114	185
115	116
115	117
115	118
115	119
115	120
115	121
115	122
115	130
116	117
116	118
116	119
116	120
116	121
116	122
116	123
116	124
117	118
117	119
117	121
117	122
117	123
117	124
117	125
117	126
117	127
117	129
117	130
118	119
118	120
118	121
118	122
118	123
118	124
118	125
118	130
119	120
119	121
119	124
119	130
120	121
120	122
120	124
121	122
121	123
121	124
122	123
122	124
122	126
123	124
123	125
123	126
123	127
124	125
124	126
124	127
125	126
125	127
125	128
126	127
126	128
126	129
126	130
126	131
127	128
127	129
127	130
127	131
127	134
127	192
128	129
128	130
128	131
128	133
128	192
129	130
129	131
129	133
129	134
130	131
130	133
130	134
130	135
130	189
130	192
131	133
131	134
131	135
131	185
131	188
131	189
131	192
133	134
133	135
133	137
133	138
134	135
134	137
134	138
134	139
134	182
134	185
134	186
134	188
134	189
134	190
134	192
135	137
135	138
135	139
135	140
135	185
135	186
135	189
135	190
137	138
137	139
137	140
137	141
137	142
137	182
137	185
138	139
138	140
138	141
138	142
138	143
138	181
138	182
138	183
138	185
138	186
139	140
139	141
139	142
139	143
139	144
139	182
139	186
140	141
140	142
140	143
140	144
140	145
141	142
141	143
141	144
141	145
141	146
141	153
141	178
141	179
141	181
141	182
141	185
142	143
142	144
142	145
142	146
142	147
142	178
142	179
142	182
143	144
143	145
143	146
143	147
143	148
143	182
144	145
144	146
144	147
144	148
144	149
144	150
144	151
144	152
144	153
144	178
145	146
145	147
145	148
145	149
145	150
145	151
145	175
145	178
145	179
145	182
146	147
146	148
146	149
146	175
146	179
147	148
147	149
147	175
148	149
148	150
148	151
149	150
149	151
149	173
149	174
149	175
149	178
150	151
150	152
150	173
150	174
150	175
150	176
150	178
151	152
151	153
151	154
151	171
151	173
151	174
151	175
151	178
152	153
152	154
152	155
152	156
152	170
152	171
152	173
152	178
153	154
153	155
153	156
153	157
153	170
153	171
153	173
153	178
153	181
154	155
154	156
154	171
154	173
154	181
155	156
155	157
155	169
155	170
155	171
155	173
155	181
156	157
156	170
156	171
157	170
169	170
169	171
170	171
171	173
171	174
171	177
173	174
173	175
173	176
173	177
173	178
173	181
174	175
174	176
174	177
174	178
174	179
174	181
175	176
175	177
175	178
175	179
175	180
175	182
176	177
176	178
176	179
176	180
176	181
177	178
177	179
177	180
177	181
177	182
178	179
178	180
178	181
178	182
178	183
179	180
179	181
179	182
179	183
179	184
180	181
180	182
180	183
180	184
180	185
181	182
181	183
181	184
181	185
181	186
182	183
182	184
182	185
182	186
182	187
183	184
183	185
183	186
183	187
183	188
184	185
184	186
184	187
184	188
184	189
185	186
185	187
185	188
185	189
185	190
186	187
186	188
186	189
186	190
186	191
187	188
187	189
187	190
187	191
187	192
188	189
188	190
188	191
188	192
189	190
189	191
189	192
190	191
190	192
191	192
