39	40
39	41
40	41
40	42
40	43
40	44
40	45
41	42
41	43
41	44
41	45
41	46
42	43
42	44
42	45
42	46
42	47
43	44
43	45
43	46
43	47
43	48
44	45
44	46
44	47
44	48
44	49
45	46
45	47
45	48
45	49
45	50
46	47
46	48
46	49
46	50
46	51
47	48
47	49
47	50
47	51
47	52
48	49
48	50
48	51
48	52
48	53
49	50
49	51
49	52
49	53
49	54
49	57
50	51
50	52
50	53
50	54
50	55
51	52
51	53
51	54
51	55
51	56
51	57
52	53
52	54
52	55
52	56
52	57
52	58
53	54
53	55
53	56
53	57
53	58
53	59
54	55
54	56
54	57
54	58
54	59
54	60
55	56
55	57
55	58
55	59
55	60
55	61
56	57
56	58
56	59
56	60
56	61
56	62
57	58
57	59
57	60
57	61
57	62
57	63
58	59
58	60
58	62
58	63
59	60
59	61
59	62
59	63
59	64
60	61
60	62
60	63
60	64
60	65
61	62
61	63
61	64
61	65
61	66
62	63
62	64
62	65
62	66
62	67
63	64
63	65
63	66
63	67
63	68
64	65
64	66
64	67
64	68
64	69
64	80
65	66
65	67
65	68
65	69
65	70
65	79
65	80
65	83
66	67
66	68
66	69
66	70
66	71
66	72
67	68
67	69
67	70
67	71
67	72
67	73
67	74
68	69
68	70
68	71
68	72
68	73
68	74
68	75
68	80
68	83
69	70
69	71
69	72
69	73
69	83
70	71
70	72
70	73
71	72
71	73
71	74
72	73
72	74
73	74
73	75
74	75
74	76
74	77
74	80
75	76
75	77
75	80
75	81
75	82
76	77
76	78
76	80
76	81
77	78
77	79
77	80
77	81
77	82
78	79
78	80
78	81
78	82
78	83
79	80
79	81
79	82
79	83
80	81
80	82
80	83
81	82
81	83
82	83
