2	3
2	4
3	4
3	5
4	5
4	6
5	6
5	7
6	7
6	8
6	9
6	37
7	8
7	9
7	34
7	35
8	9
8	10
8	32
8	33
8	34
8	35
8	36
8	37
8	66
8	68
9	10
9	11
9	35
9	36
9	37
9	38
9	39
9	66
9	68
9	69
9	92
10	11
10	12
10	35
10	36
10	37
10	38
10	39
10	66
10	67
10	68
10	69
10	70
11	12
11	13
11	27
11	36
11	37
11	38
11	39
11	40
11	41
11	66
11	67
11	68
11	69
11	70
11	71
12	13
12	14
12	37
12	38
12	39
12	40
12	41
12	42
12	56
12	61
12	67
12	69
12	70
12	71
12	72
12	86
13	14
13	15
13	16
13	19
13	20
13	21
13	23
13	24
13	27
13	38
13	40
13	41
13	42
13	43
13	69
13	70
13	71
13	72
13	73
14	15
14	16
14	20
14	40
14	41
14	42
14	43
14	58
14	70
14	71
14	72
14	73
14	74
14	82
14	86
15	16
15	17
15	19
15	20
15	21
15	41
15	42
15	43
15	44
15	45
15	71
15	73
15	74
15	82
16	17
16	18
16	19
16	20
16	21
16	24
16	41
16	42
16	43
16	45
16	47
16	50
16	73
17	18
17	19
17	20
17	21
17	22
17	45
17	73
18	19
18	20
18	21
18	22
18	23
19	20
19	21
19	22
19	23
19	24
19	73
19	74
19	96
20	21
20	22
20	23
20	24
20	25
20	73
20	96
21	22
21	23
21	24
21	25
21	26
21	50
21	73
22	23
22	24
22	25
22	26
22	27
23	24
23	25
23	26
23	27
23	28
23	71
23	73
23	94
23	95
23	96
24	25
24	26
24	27
24	28
24	29
24	38
24	40
24	41
24	50
24	53
25	26
25	27
25	28
25	29
26	27
26	28
26	29
26	30
26	31
26	32
27	28
27	29
27	32
27	33
27	36
27	37
27	38
27	71
28	29
28	30
28	32
28	38
28	50
28	51
28	52
28	53
29	30
29	31
29	32
29	33
30	31
30	32
30	33
30	34
31	32
31	33
31	34
31	35
31	36
32	33
32	34
32	35
32	36
32	37
33	34
33	35
33	36
33	37
34	35
34	36
35	36
35	37
36	37
36	38
36	69
36	71
37	38
37	39
37	40
38	39
38	40
38	41
38	53
39	40
39	41
39	53
39	54
39	56
39	64
39	66
39	67
40	41
40	42
40	53
40	54
40	55
40	56
40	67
41	42
41	43
41	45
41	47
41	48
41	49
41	50
41	53
41	54
41	55
41	56
41	57
42	43
42	44
42	54
42	55
42	56
42	57
42	58
42	61
42	82
42	86
43	44
43	45
43	46
43	47
43	55
43	56
43	82
44	45
44	46
44	55
44	74
44	75
44	78
44	82
45	46
45	47
45	48
45	55
46	47
46	48
46	55
47	48
47	49
47	50
47	55
48	49
48	50
48	53
48	54
48	55
48	56
49	50
49	51
49	52
49	53
49	54
49	55
50	51
50	52
50	53
50	54
50	55
51	52
51	53
51	54
52	53
52	54
53	54
53	55
54	55
54	56
54	66
55	56
55	57
56	57
56	58
56	60
56	61
56	64
56	66
56	67
57	58
57	59
57	60
57	61
57	62
58	59
58	60
58	61
58	62
58	63
58	81
58	82
58	85
58	86
59	60
59	61
59	62
59	63
59	64
60	61
60	62
60	63
60	64
60	65
60	67
61	62
61	63
61	64
61	65
61	67
61	86
61	91
62	63
62	64
62	67
62	82
62	85
62	86
62	89
62	91
63	64
63	65
63	66
63	89
63	91
64	65
64	66
64	67
64	68
64	91
65	66
65	67
65	68
65	91
66	67
66	68
66	69
66	91
67	68
67	69
67	70
67	86
67	90
67	91
68	69
68	70
68	90
68	91
68	92
68	93
69	70
69	71
69	86
69	91
69	92
69	93
69	94
70	71
70	72
70	86
70	91
70	92
70	93
70	94
70	95
71	72
71	73
71	74
71	92
71	93
71	94
71	95
71	96
72	73
72	74
72	78
72	79
72	82
72	83
72	86
72	93
72	94
72	95
72	96
73	74
73	75
73	79
73	94
73	95
73	96
74	75
74	76
74	78
74	79
74	82
74	96
75	76
75	77
75	78
75	79
76	77
76	78
76	79
76	80
76	97
76	98
76	99
76	100
76	101
77	78
77	79
77	80
77	81
77	101
78	79
78	80
78	81
78	82
78	83
79	80
79	81
79	82
79	83
79	84
79	95
79	96
79	97
79	98
79	99
79	100
80	81
80	82
80	83
80	84
80	85
80	99
80	100
80	101
81	82
81	83
81	84
81	85
81	86
82	83
82	84
82	85
82	86
82	87
82	93
83	84
83	85
83	86
83	87
83	88
83	93
83	95
83	99
83	100
84	85
84	86
84	87
84	88
84	89
85	86
85	87
85	88
85	89
85	90
86	87
86	88
86	89
86	90
86	91
86	92
86	93
87	88
87	89
87	90
87	91
87	92
87	93
88	89
88	90
88	91
89	90
89	91
90	91
90	92
91	92
91	93
92	93
92	94
93	94
93	95
94	95
94	96
95	96
95	97
95	98
95	99
96	97
96	98
96	99
97	98
97	99
98	99
98	100
98	101
99	100
99	101
100	101
