4	5
4	6
5	6
5	7
5	8
6	7
6	8
7	8
7	9
8	9
8	10
8	25
9	10
9	11
10	11
10	12
10	13
10	17
10	18
10	19
10	21
10	22
10	25
11	12
11	13
11	18
11	21
12	13
12	14
12	15
12	16
12	17
12	18
12	19
13	14
13	15
13	18
13	19
13	22
14	15
14	16
14	18
14	19
14	22
15	16
15	17
15	18
15	19
15	20
16	17
16	18
16	19
16	20
16	21
17	18
17	19
17	20
17	21
17	22
18	19
18	20
18	21
18	22
18	23
19	20
19	21
19	22
19	23
19	24
20	21
20	22
20	23
20	24
20	25
21	22
21	23
21	24
21	25
21	26
22	23
22	24
22	25
22	26
22	27
23	24
23	25
23	26
23	27
23	28
24	25
24	26
24	27
24	28
25	26
25	27
25	28
26	27
26	28
27	28
