521	522
521	523
521	524
522	523
522	524
522	531
522	532
522	548
522	551
522	552
522	553
522	554
523	524
523	525
523	531
523	532
523	554
524	525
524	526
524	530
524	531
524	532
525	526
525	527
525	528
525	529
525	530
525	531
525	532
525	557
525	558
525	559
525	560
526	527
526	528
526	529
526	530
526	531
526	535
526	560
527	528
527	529
527	530
527	560
528	529
528	530
528	535
528	559
528	560
528	561
529	530
529	531
529	534
529	558
529	559
529	560
530	531
530	532
530	534
530	535
530	538
530	559
530	560
530	568
531	532
531	533
531	534
531	535
531	536
531	553
531	557
531	559
531	565
532	533
532	534
532	535
532	536
532	537
532	548
532	553
533	534
533	535
533	536
533	537
533	538
533	545
533	548
533	549
533	553
533	554
533	555
533	557
533	565
533	581
534	535
534	536
534	537
534	538
534	539
534	553
534	557
534	558
534	559
534	563
534	564
534	565
534	568
535	536
535	537
535	538
535	539
535	540
535	541
536	537
536	538
536	539
536	540
536	541
536	542
536	544
536	545
536	548
536	574
536	577
537	538
537	539
537	540
537	541
537	545
537	565
537	566
537	568
537	569
537	572
537	574
537	577
537	581
538	539
538	540
538	541
538	568
538	569
538	572
538	574
539	540
539	541
539	572
539	574
540	541
540	542
540	545
540	574
540	577
541	542
541	543
541	544
541	545
541	546
541	574
541	577
542	543
542	544
542	545
542	546
542	547
542	576
542	577
542	580
543	544
543	545
543	546
543	547
543	548
543	577
544	545
544	546
544	547
544	548
544	549
545	546
545	547
545	548
545	549
545	550
545	577
545	580
545	581
546	547
546	548
546	549
546	550
546	551
546	580
547	548
547	549
547	550
547	551
547	552
547	580
548	549
548	550
548	551
548	552
548	553
549	550
549	551
549	552
549	553
549	580
549	581
549	584
550	551
550	552
550	580
551	552
551	553
552	553
552	554
553	554
553	555
553	557
554	555
554	556
554	557
555	556
555	557
555	564
555	565
555	566
555	585
555	586
555	587
555	590
556	557
556	558
556	563
556	564
556	565
556	587
556	588
556	589
556	590
557	558
557	559
557	562
557	563
557	564
557	565
557	590
558	559
558	560
558	561
558	562
558	563
558	564
558	565
558	590
558	591
558	592
558	593
558	594
559	560
559	561
559	562
559	563
559	564
559	568
560	561
560	562
560	563
560	594
561	562
561	563
561	593
561	594
561	595
561	596
562	563
562	564
562	567
562	590
562	591
562	592
562	593
562	594
562	596
563	564
563	565
563	567
563	568
563	593
563	596
563	597
563	599
563	604
564	565
564	566
564	567
564	568
564	569
564	587
564	590
564	591
564	601
565	566
565	567
565	568
565	569
565	570
565	581
566	567
566	568
566	569
566	570
566	571
566	578
566	581
566	582
566	586
566	587
566	588
566	589
566	590
566	601
566	617
567	568
567	569
567	570
567	571
567	572
567	590
567	591
567	592
567	596
567	599
567	600
567	601
567	604
568	569
568	570
568	571
568	572
568	573
568	574
568	604
569	570
569	571
569	572
569	573
569	574
569	575
569	577
569	578
569	581
569	610
569	613
570	571
570	572
570	573
570	578
570	582
570	601
570	602
570	604
570	605
570	608
570	610
570	613
570	617
571	572
571	573
571	601
571	604
571	605
571	608
571	610
571	613
572	573
572	574
572	608
572	610
573	574
573	575
573	578
573	610
573	613
574	575
574	576
574	577
574	578
574	579
574	610
574	613
575	576
575	577
575	578
575	579
575	580
575	612
575	613
575	616
576	577
576	578
576	579
576	580
576	581
576	616
577	578
577	579
577	580
577	581
577	582
578	579
578	580
578	581
578	582
578	583
578	613
578	616
579	580
579	581
579	582
579	583
579	584
579	616
579	619
579	620
580	581
580	582
580	583
580	584
581	582
581	583
581	584
581	585
581	586
582	583
582	584
582	585
582	586
582	587
582	588
582	613
582	616
582	617
582	620
583	584
583	585
583	586
584	585
584	586
584	587
584	588
585	586
585	587
586	587
586	588
586	589
586	620
587	588
587	589
587	590
587	601
588	589
588	590
588	600
588	601
588	602
588	617
588	619
588	620
588	621
588	622
589	590
589	591
589	600
589	601
589	617
589	620
589	621
589	622
589	623
589	624
590	591
590	592
590	593
590	599
590	600
590	601
591	592
591	593
591	596
591	598
591	599
591	600
591	601
592	593
592	594
592	596
592	597
592	598
592	599
592	600
593	594
593	595
593	596
593	597
593	598
594	595
594	596
594	597
595	596
595	597
595	598
596	597
596	598
596	599
597	598
597	599
597	628
597	629
597	630
598	599
598	600
598	603
598	628
598	629
598	630
599	600
599	601
599	603
599	604
599	607
599	628
599	630
600	601
600	602
600	603
600	604
600	605
600	623
600	626
600	628
600	634
601	602
601	603
601	604
601	605
601	606
601	617
602	603
602	604
602	605
602	606
602	607
602	613
602	614
602	615
602	617
602	618
602	623
602	624
602	634
603	604
603	605
603	606
603	607
603	608
603	626
603	627
603	628
603	629
603	630
603	632
603	633
603	634
604	605
604	606
604	607
604	608
604	609
605	606
605	607
605	608
605	609
605	610
605	611
605	613
605	614
605	617
606	607
606	608
606	609
606	610
606	611
606	614
606	634
606	635
607	608
607	609
607	610
608	609
608	610
609	610
609	611
609	612
610	611
610	612
610	613
610	614
610	615
611	612
611	613
611	614
611	615
611	616
612	613
612	614
612	615
612	616
612	617
613	614
613	615
613	616
613	617
613	618
614	615
614	616
614	617
614	618
614	619
615	616
615	617
615	618
615	619
616	617
616	618
616	619
616	620
616	621
617	618
617	619
617	620
617	621
617	622
617	623
618	619
618	620
618	621
618	622
618	623
618	624
619	620
619	621
619	622
620	621
620	622
621	622
621	623
622	623
622	624
623	624
623	625
623	626
623	627
623	634
624	625
624	626
624	627
624	634
625	626
625	627
625	628
625	634
626	627
626	628
626	629
626	633
626	634
627	628
627	629
627	630
627	632
627	633
627	634
628	629
628	630
628	631
628	632
628	633
628	634
629	630
629	631
629	632
629	633
630	631
630	632
631	632
631	633
632	633
632	634
633	634
633	635
634	635
