1	2
1	3
2	3
2	4
2	5
2	69
3	4
3	5
3	6
3	28
3	69
3	70
4	5
4	6
4	27
4	28
4	29
4	30
4	69
5	6
5	7
5	28
5	29
5	30
5	31
5	49
5	66
5	67
5	68
5	69
5	70
5	71
6	7
6	8
6	23
6	28
6	29
6	30
6	31
6	32
6	64
6	68
6	69
6	70
6	71
6	72
7	8
7	9
7	29
7	30
7	31
7	32
7	64
7	65
7	68
7	70
7	71
7	72
7	73
8	9
8	10
8	11
8	16
8	19
8	20
8	23
8	30
8	31
8	32
8	33
8	64
8	70
8	71
8	72
8	73
8	74
9	10
9	11
9	16
9	31
9	32
9	33
9	55
9	60
9	61
9	64
9	65
9	71
9	72
9	73
9	74
9	75
9	94
10	11
10	12
10	13
10	14
10	15
10	16
10	17
10	33
10	72
10	73
10	74
10	75
10	76
11	12
11	13
11	15
11	16
11	17
11	18
11	20
11	32
11	33
11	34
11	39
11	40
11	74
12	13
12	14
12	16
12	17
12	20
12	33
12	34
12	35
12	36
12	39
12	40
12	78
13	14
13	15
13	16
13	17
13	18
13	74
13	78
14	15
14	16
14	17
14	18
14	19
14	78
15	16
15	17
15	18
15	19
15	20
15	74
16	17
16	18
16	19
16	20
16	21
16	74
17	18
17	19
17	20
17	21
17	22
17	39
17	40
17	41
18	19
18	20
18	21
18	22
18	23
19	20
19	21
19	22
19	23
19	24
19	72
19	74
20	21
20	22
20	23
20	24
20	25
20	30
20	32
20	40
20	41
20	45
20	46
20	47
21	22
21	23
21	24
21	25
21	26
21	45
22	23
22	24
22	25
22	26
22	27
22	28
22	45
23	24
23	25
23	26
23	27
23	28
23	29
23	30
24	25
24	26
24	27
24	28
24	30
24	45
24	46
24	47
24	48
25	26
25	27
25	28
25	45
26	27
26	28
27	28
27	29
28	29
28	30
28	48
29	30
29	31
29	48
29	49
29	68
30	31
30	32
30	46
30	47
30	48
30	49
30	50
30	68
31	32
31	33
31	47
31	48
31	49
31	50
31	51
31	63
31	64
31	65
31	68
32	33
32	34
32	40
32	47
32	49
32	50
32	51
32	52
32	64
33	34
33	35
33	49
33	50
33	51
33	52
33	53
33	54
33	55
33	56
33	57
33	60
33	61
33	64
34	35
34	36
34	37
34	40
34	50
34	51
34	52
34	53
34	54
35	36
35	37
35	51
35	52
35	53
35	54
35	55
35	78
36	37
36	38
36	39
36	40
36	52
36	53
37	38
37	39
37	40
37	41
37	50
37	52
38	39
38	40
38	41
39	40
39	41
39	78
40	41
40	42
40	47
40	50
41	42
41	43
41	44
41	45
41	46
42	43
42	44
42	45
42	46
43	44
43	45
43	46
44	45
44	46
45	46
45	47
46	47
46	48
47	48
47	49
47	50
48	49
48	50
49	50
49	51
49	68
50	51
50	52
51	52
51	53
51	60
51	63
51	64
52	53
52	54
52	60
52	63
53	54
53	55
53	60
54	55
54	56
54	57
54	58
54	60
54	61
54	93
55	56
55	57
55	58
55	60
55	61
55	75
55	86
55	89
55	90
55	91
55	93
55	94
56	57
56	58
56	61
56	85
56	86
56	87
56	89
56	90
56	93
57	58
57	59
57	60
57	61
57	62
57	93
58	59
58	60
58	61
58	62
58	63
58	93
59	60
59	61
59	62
59	63
59	64
60	61
60	62
60	63
60	64
60	65
61	62
61	63
61	64
61	65
61	66
61	90
61	93
61	94
61	95
62	63
62	64
62	65
62	66
62	93
63	64
63	65
63	66
63	68
64	65
64	66
64	67
64	68
65	66
65	67
65	68
65	69
65	71
65	93
65	94
66	67
66	68
67	68
67	69
68	69
68	70
68	71
69	70
69	71
70	71
70	72
71	72
71	73
71	94
72	73
72	74
73	74
73	75
73	94
74	75
74	76
75	76
75	77
75	86
75	87
75	90
75	91
75	94
76	77
76	78
76	86
76	87
77	78
77	79
77	80
77	81
77	82
77	84
77	86
77	87
78	79
78	80
78	81
79	80
79	81
80	81
80	82
80	83
80	84
81	82
81	83
81	84
82	83
82	84
83	84
83	85
84	85
84	86
84	87
84	88
85	86
85	87
85	88
85	89
85	90
86	87
86	88
86	89
86	90
86	91
87	88
87	89
87	90
87	91
87	92
88	89
88	90
88	91
88	92
88	93
89	90
89	91
89	92
89	93
89	94
90	91
90	92
90	93
90	94
90	95
91	92
91	93
91	94
91	95
92	93
92	94
92	95
93	94
93	95
94	95
