1	2
1	3
1	4
1	28
1	29
1	30
1	31
1	57
1	58
2	3
2	4
2	28
2	29
2	30
2	31
3	4
3	5
3	29
3	30
3	31
3	32
4	5
4	6
4	29
4	30
4	31
4	32
4	33
5	6
5	7
5	18
5	22
5	30
5	31
5	32
5	33
5	34
6	7
6	8
6	31
6	32
6	33
6	34
6	35
6	62
6	64
6	75
7	8
7	9
7	10
7	14
7	15
7	16
7	18
7	19
7	22
7	32
7	33
7	34
7	35
7	36
7	64
8	9
8	10
8	15
8	33
8	35
8	36
8	64
8	66
9	10
9	11
9	12
9	13
9	14
9	15
9	16
9	35
9	36
9	37
9	64
10	11
10	12
10	15
10	16
10	19
10	33
10	34
10	35
10	36
10	37
10	45
11	12
11	13
11	15
11	16
11	35
11	36
11	37
11	38
11	41
11	42
11	44
11	45
12	13
12	14
12	15
12	16
12	17
12	44
13	14
13	15
13	16
13	17
13	18
13	44
14	15
14	16
14	17
14	18
14	19
15	16
15	17
15	18
15	19
15	20
15	45
16	17
16	18
16	19
16	20
16	21
16	44
16	45
16	46
16	48
17	18
17	19
17	20
17	21
17	22
17	44
17	48
17	52
18	19
18	20
18	21
18	22
18	23
18	32
19	20
19	21
19	22
19	23
19	24
19	32
19	34
19	45
19	54
19	58
19	59
20	21
20	22
20	23
20	24
20	25
20	32
20	45
20	48
20	49
20	50
20	52
20	54
20	59
21	22
21	23
21	24
21	25
21	26
21	30
21	52
21	54
22	23
22	24
22	25
22	28
22	29
22	30
22	32
23	24
23	25
23	28
23	30
23	32
23	53
23	54
23	55
23	58
23	59
24	25
24	26
24	49
24	52
24	53
24	54
24	55
24	58
25	26
25	27
25	28
25	29
25	30
26	27
26	28
26	29
27	28
27	29
27	30
28	29
28	30
28	55
29	30
29	31
30	31
30	32
30	57
30	58
30	59
31	32
31	33
31	57
31	58
31	59
31	60
32	33
32	34
32	57
32	58
32	59
32	60
32	61
33	34
33	35
33	58
33	59
33	60
33	61
33	62
34	35
34	36
34	39
34	45
34	59
34	60
34	61
34	62
34	63
35	36
35	37
35	60
35	61
35	62
35	63
35	64
35	75
36	37
36	38
36	39
36	41
36	42
36	43
36	45
36	61
36	62
36	63
36	64
36	65
37	38
37	39
37	41
37	62
37	63
37	64
37	65
37	66
37	67
38	39
38	40
38	41
38	42
38	63
38	64
39	40
39	41
39	42
39	43
39	61
39	62
39	63
40	41
40	42
40	43
40	63
41	42
41	43
41	44
41	45
42	43
42	44
42	45
42	46
42	47
42	61
43	44
43	45
43	46
43	47
43	48
44	45
44	46
44	47
44	48
44	49
45	46
45	47
45	48
45	49
45	50
45	59
45	61
46	47
46	48
46	49
46	50
46	51
46	59
46	60
46	61
47	48
47	49
47	50
47	51
47	52
48	49
48	50
48	51
48	52
48	53
48	54
49	50
49	51
49	52
49	53
49	54
49	59
50	51
50	52
50	53
50	54
51	52
51	53
52	53
52	54
53	54
53	55
54	55
54	56
54	57
54	58
54	59
55	56
55	57
55	58
55	59
56	57
56	58
56	59
57	58
57	59
57	60
58	59
58	60
59	60
59	61
60	61
60	62
61	62
61	63
62	63
62	64
62	75
63	64
63	65
63	71
63	74
63	75
64	65
64	66
64	68
64	71
64	72
64	75
65	66
65	67
65	68
65	69
65	71
65	72
66	67
66	68
66	69
66	71
66	72
67	68
67	69
67	72
68	69
68	70
68	71
68	72
68	73
69	70
69	71
69	72
69	73
69	74
70	71
70	72
70	73
70	74
70	75
71	72
71	73
71	74
71	75
72	73
72	74
72	75
73	74
73	75
74	75
