32	33
32	34
33	34
33	35
34	35
34	36
35	36
35	37
35	38
35	39
35	40
36	37
36	38
36	39
36	40
36	41
36	62
37	38
37	39
37	40
37	41
37	42
37	57
38	39
38	40
38	41
38	42
38	43
38	57
38	60
38	61
38	62
38	81
39	40
39	41
39	42
39	43
39	44
39	62
39	63
39	64
39	81
40	41
40	42
40	43
40	44
40	45
41	42
41	43
41	44
41	45
41	46
41	53
41	54
41	56
41	57
42	43
42	44
42	45
42	46
42	47
42	53
42	54
42	57
42	81
42	84
42	85
42	88
43	44
43	45
43	46
43	47
43	48
44	45
44	46
44	47
44	48
44	49
44	50
45	46
45	47
45	48
45	49
45	50
45	51
45	53
45	54
45	57
46	47
46	48
46	49
46	50
46	54
46	88
47	48
47	49
47	50
47	54
48	49
48	50
48	51
49	50
49	51
49	52
49	54
49	92
49	101
50	51
50	52
50	53
50	54
50	55
50	89
50	92
51	52
51	53
51	54
51	55
51	56
51	89
51	92
51	101
51	104
51	105
51	108
52	53
52	54
52	55
52	56
52	57
52	89
52	107
52	108
52	109
53	54
53	55
53	56
53	57
53	58
53	85
54	55
54	56
54	57
54	58
54	59
54	82
54	84
54	85
54	86
54	88
54	89
54	92
55	56
55	57
55	58
55	59
55	85
55	89
55	105
55	108
55	109
55	110
55	113
55	114
56	57
56	58
56	59
56	60
56	108
57	58
57	59
57	60
57	61
57	81
57	82
57	83
57	85
57	125
58	59
58	60
58	61
58	81
58	82
58	83
58	85
58	86
58	89
58	113
58	114
58	117
58	125
59	60
59	61
59	62
59	82
59	113
59	117
59	125
60	61
60	62
60	80
60	81
60	82
60	83
60	125
61	62
61	63
61	79
61	80
61	81
61	82
61	125
62	63
62	64
62	79
62	80
62	81
62	82
62	125
63	64
63	65
63	79
63	80
63	81
64	65
64	66
64	67
64	78
64	79
64	80
64	81
64	84
65	66
65	67
65	78
65	79
66	67
67	70
67	71
67	77
67	78
67	84
70	71
70	72
70	77
71	72
71	73
71	77
71	78
71	84
71	87
71	88
71	91
72	73
72	74
72	75
72	87
72	131
72	135
73	74
73	75
74	75
74	76
74	127
74	130
74	131
74	164
74	165
74	166
74	167
74	170
75	76
75	77
75	78
75	124
75	127
75	128
75	131
76	77
76	78
76	87
76	123
76	124
76	127
76	128
77	78
77	79
77	80
77	83
77	124
78	79
78	80
78	83
78	84
78	87
78	124
78	128
79	80
79	81
79	83
79	84
79	122
79	123
79	124
80	81
80	82
80	83
80	84
80	85
80	124
80	125
81	82
81	83
81	84
81	85
81	86
81	125
82	83
82	84
82	85
82	86
82	87
82	117
82	125
83	84
83	85
83	86
83	87
83	88
83	117
83	124
83	125
83	128
84	85
84	86
84	87
84	88
84	89
84	124
85	86
85	87
85	88
85	89
85	90
85	114
86	87
86	88
86	89
86	90
86	91
86	114
86	117
86	125
86	128
86	129
86	132
87	88
87	89
87	90
87	91
87	92
87	114
87	124
87	128
88	89
88	90
88	91
88	92
88	93
89	90
89	91
89	92
89	93
89	94
89	105
89	110
89	114
89	132
89	136
90	91
90	92
90	93
90	94
90	95
90	105
90	114
90	128
90	131
90	132
90	135
91	92
91	93
91	94
91	95
91	135
92	93
92	94
92	95
92	96
92	98
92	101
92	102
92	105
93	94
93	95
93	96
93	101
93	102
93	105
93	132
93	135
93	136
94	95
94	96
94	97
94	102
94	135
95	96
95	97
95	98
95	99
95	100
95	101
95	102
96	97
96	98
96	99
97	98
97	99
98	99
98	100
98	101
98	102
99	100
99	101
99	102
99	103
99	140
100	101
100	102
100	103
100	104
100	105
101	102
101	103
101	104
101	105
101	106
101	136
102	103
102	104
102	105
102	106
102	107
102	135
102	136
102	137
102	138
102	139
102	140
102	143
103	104
103	105
103	106
103	107
103	108
103	136
103	140
103	142
103	143
104	105
104	106
104	107
104	108
104	109
104	110
105	106
105	107
105	108
105	109
105	110
105	111
105	114
105	136
105	143
106	107
106	108
106	109
106	110
106	111
106	136
106	140
106	142
106	143
106	146
107	108
107	109
107	110
108	109
108	110
108	111
108	113
109	110
109	111
109	112
109	113
109	114
110	111
110	112
110	113
110	114
110	115
110	133
110	136
111	112
111	113
111	114
111	115
111	116
111	133
111	136
111	142
111	143
111	144
111	146
111	147
111	150
111	152
112	113
112	114
112	115
112	116
112	117
112	146
112	150
113	114
113	115
113	116
113	117
113	118
113	129
114	115
114	116
114	117
114	118
114	119
114	125
114	128
114	129
114	132
114	133
114	136
115	116
115	117
115	118
115	119
115	129
115	133
115	146
115	147
115	150
115	151
115	152
115	155
116	117
116	118
116	119
116	120
117	118
117	119
117	120
117	121
117	122
117	125
117	126
117	128
117	129
118	119
118	120
118	125
118	126
118	129
118	130
118	133
118	152
118	155
118	156
119	120
119	121
119	126
119	155
120	121
120	122
120	123
120	125
120	126
121	122
121	123
121	126
122	123
122	124
122	125
122	126
122	127
123	124
123	125
123	126
123	127
123	128
123	164
124	125
124	126
124	127
124	128
124	129
125	126
125	127
125	128
125	129
125	130
126	127
126	128
126	129
126	130
126	131
126	167
127	128
127	129
127	130
127	131
127	132
127	162
127	164
127	167
128	129
128	130
128	131
128	132
128	133
129	130
129	131
129	132
129	133
129	134
130	131
130	132
130	133
130	134
130	135
130	156
130	166
130	167
130	170
130	171
130	174
131	132
131	133
131	134
131	135
131	136
131	170
132	133
132	134
132	135
132	136
132	137
132	147
133	134
133	135
133	136
133	137
133	138
133	147
133	152
133	156
133	174
134	135
134	136
134	137
134	138
134	147
134	170
134	171
134	173
134	174
134	177
135	136
135	137
135	138
135	139
135	143
135	174
136	137
136	138
136	139
136	140
136	143
136	144
136	147
137	138
137	139
137	140
137	141
137	143
137	144
137	147
137	173
137	174
137	177
137	178
138	139
138	140
138	144
138	173
138	177
139	140
139	141
139	177
140	141
140	142
140	143
140	144
140	145
140	181
141	142
141	143
141	144
141	145
141	146
141	181
142	143
142	144
142	145
142	146
142	147
142	181
143	144
143	145
143	146
143	147
143	148
143	178
144	145
144	146
144	147
144	148
144	149
144	174
144	177
144	178
144	181
144	185
145	146
145	147
145	148
145	149
145	150
145	178
145	181
145	185
146	147
146	148
146	149
146	150
146	151
146	185
147	148
147	149
147	150
147	151
147	152
147	153
147	156
147	174
147	178
148	149
148	150
148	151
148	152
148	153
148	178
148	184
148	185
148	186
148	188
148	189
149	150
149	151
149	152
149	185
150	151
150	152
151	152
151	153
151	154
151	155
152	153
152	154
152	155
152	156
152	157
152	178
153	154
153	155
153	156
153	157
153	158
153	174
153	175
153	178
153	179
153	185
153	188
153	189
153	192
154	155
154	156
154	157
154	158
154	159
154	188
154	192
155	156
155	157
155	158
155	159
155	160
155	167
155	171
156	157
156	158
156	159
156	160
156	161
156	170
156	171
156	172
156	174
156	175
156	178
157	158
157	159
157	160
157	161
157	171
157	175
157	188
157	189
157	190
157	192
157	193
157	194
157	197
158	159
158	160
158	161
158	162
158	171
158	197
159	160
159	161
159	162
159	164
159	167
159	168
159	171
160	161
160	162
160	167
160	168
160	169
160	171
160	172
160	175
160	189
160	193
160	194
160	197
160	198
161	162
161	163
161	164
161	168
161	197
162	163
162	164
162	165
162	167
162	168
163	164
163	165
163	168
164	165
164	166
164	167
164	168
164	169
165	166
165	167
165	168
165	169
165	170
166	167
166	168
166	169
166	170
166	171
167	168
167	169
167	170
167	171
167	172
168	169
168	170
168	171
168	172
168	173
169	170
169	171
169	172
169	173
169	174
170	171
170	172
170	173
170	174
170	175
171	172
171	173
171	174
171	175
171	176
172	173
172	174
172	175
172	176
172	177
172	179
172	198
173	174
173	175
173	176
173	177
173	178
174	175
174	176
174	177
174	178
174	179
175	176
175	177
175	178
175	179
175	180
175	189
176	177
176	178
176	179
176	180
176	181
176	189
177	178
177	179
177	180
177	181
178	179
178	180
178	181
178	182
178	185
179	180
179	181
179	182
179	183
179	185
179	186
179	189
179	198
180	181
180	182
180	183
180	185
180	186
181	182
181	183
181	185
181	186
182	183
182	184
182	185
182	186
182	187
183	184
183	185
183	186
183	187
183	188
184	185
184	186
184	187
184	188
184	189
185	186
185	187
185	188
185	189
185	190
186	187
186	188
186	189
186	190
186	191
187	188
187	189
187	190
187	191
187	192
188	189
188	190
188	191
188	192
188	193
188	194
189	190
189	191
189	192
189	193
189	194
189	195
189	198
190	191
190	192
190	193
190	194
190	195
191	192
191	193
191	194
192	193
192	194
193	194
193	195
193	196
193	197
193	198
194	195
194	196
194	197
194	198
195	196
195	197
195	198
196	197
196	198
197	198
