503	504
503	505
504	505
504	506
505	506
505	507
505	508
505	509
506	507
506	508
506	509
506	510
506	518
507	508
507	509
507	517
507	518
507	519
507	536
507	537
507	538
507	540
507	541
507	542
507	543
508	509
508	510
508	517
508	541
508	542
508	543
508	546
509	510
509	511
509	512
509	516
509	517
509	518
510	511
510	512
510	513
510	515
510	516
510	517
510	546
510	547
510	548
510	549
511	512
511	513
511	514
511	515
511	516
511	517
512	513
512	514
512	515
513	514
513	515
513	516
513	549
514	515
514	516
514	547
514	548
514	549
514	550
515	516
515	517
515	520
515	546
515	547
515	548
515	549
516	517
516	518
516	520
516	521
516	547
516	548
516	549
516	557
517	518
517	519
517	520
517	521
517	522
517	542
517	543
517	546
517	554
518	519
518	520
518	521
518	522
518	523
518	533
518	537
519	520
519	521
519	522
519	523
519	524
519	533
519	534
519	535
519	537
519	538
519	542
519	543
519	544
519	545
519	554
519	570
520	521
520	522
520	523
520	524
520	525
520	545
520	546
520	547
520	548
520	552
520	553
520	554
520	557
521	522
521	523
521	524
521	525
522	523
522	524
522	525
522	526
522	530
522	531
522	533
522	534
522	537
522	563
522	566
523	524
523	525
523	530
523	534
523	553
523	554
523	555
523	557
523	558
523	561
523	563
523	566
523	570
524	525
524	526
524	530
524	557
524	558
524	561
524	563
524	566
525	526
525	527
525	528
525	530
525	561
525	563
526	527
526	528
526	530
526	561
526	563
527	528
527	529
527	530
527	531
528	529
528	530
528	531
528	532
528	565
529	530
529	531
529	532
529	533
529	534
530	531
530	532
530	533
530	534
530	535
530	562
530	563
530	564
530	565
530	566
531	532
531	533
531	534
531	535
531	536
531	565
531	566
531	568
531	569
532	533
532	534
532	535
532	536
532	537
532	539
532	566
533	534
533	535
533	536
533	537
533	538
534	535
534	536
534	537
534	538
534	539
534	542
534	566
534	569
534	570
535	536
535	537
535	538
535	539
535	540
535	569
535	572
535	573
536	537
536	538
536	539
536	540
536	541
537	538
537	539
537	540
537	541
537	542
538	539
538	540
538	541
538	542
538	543
538	544
538	569
538	570
538	573
539	540
539	541
539	542
539	573
540	541
540	542
541	542
541	543
542	543
542	544
543	544
543	545
543	546
543	547
543	554
544	545
544	546
544	553
544	554
544	555
544	569
544	570
544	571
544	573
544	574
544	575
544	576
545	546
545	547
545	552
545	553
545	554
545	574
545	575
545	576
545	577
545	579
546	547
546	548
546	552
546	553
546	554
547	548
547	549
547	550
547	551
547	552
547	553
547	554
547	579
547	580
548	549
548	550
548	551
548	552
548	553
548	557
549	550
549	551
549	552
549	582
550	551
550	552
550	580
550	581
550	582
550	583
550	590
551	552
551	553
551	556
551	579
551	580
551	581
551	582
552	553
552	554
552	556
552	557
552	560
552	561
552	580
552	581
552	582
552	590
553	554
553	555
553	556
553	557
553	558
553	576
553	579
553	587
554	555
554	556
554	557
554	558
554	559
554	570
555	556
555	557
555	558
555	559
555	560
555	567
555	570
555	571
555	575
555	576
555	577
555	578
555	587
555	603
555	606
555	608
556	557
556	558
556	559
556	560
556	561
556	570
556	579
556	580
556	581
556	585
556	586
556	587
556	588
556	590
557	558
557	559
557	560
557	561
557	562
557	563
557	590
558	559
558	560
558	561
558	562
558	563
558	564
558	566
558	567
558	570
558	599
559	560
559	561
559	562
559	563
559	564
559	567
559	587
559	588
559	590
559	591
559	594
559	596
559	599
559	603
560	561
560	562
560	563
560	587
560	590
560	591
560	594
560	596
560	599
561	562
561	563
561	564
561	596
561	599
562	563
562	564
562	565
562	596
562	599
563	564
563	565
563	566
563	567
563	568
563	599
564	565
564	566
564	567
564	568
564	569
564	596
564	598
564	599
564	600
564	602
564	606
565	566
565	567
565	568
565	569
565	570
566	567
566	568
566	569
566	570
566	571
567	568
567	569
567	570
567	571
567	572
567	575
567	577
567	587
567	598
567	599
567	600
567	602
567	603
567	606
568	569
568	570
568	571
568	572
568	573
568	602
568	606
569	570
569	571
569	572
569	573
569	574
569	606
570	571
570	572
570	573
570	574
570	575
570	577
571	572
571	573
571	574
571	575
571	577
571	605
571	606
571	607
572	573
572	574
572	575
573	574
573	575
574	575
574	576
575	576
575	577
576	577
576	578
576	579
577	578
577	579
577	586
577	587
577	588
577	603
577	606
577	607
577	608
577	609
578	579
578	580
578	585
578	586
578	607
578	608
578	609
578	610
578	612
579	580
579	581
579	585
579	586
579	587
580	581
580	582
580	583
580	584
580	585
580	586
580	589
580	612
581	582
581	583
581	584
581	585
581	586
581	590
582	583
582	584
582	585
582	615
583	584
583	585
583	590
583	613
583	614
583	615
583	616
584	585
584	586
584	589
584	612
584	613
584	614
584	615
585	586
585	587
585	588
585	589
585	590
585	593
585	612
585	614
585	615
585	616
585	623
586	587
586	588
586	589
586	590
586	591
586	608
586	609
586	612
586	620
587	588
587	589
587	590
587	591
587	592
587	599
587	603
587	608
588	589
588	590
588	591
588	592
588	593
588	599
588	600
588	601
588	603
588	604
588	608
588	609
588	610
588	620
588	632
589	590
589	591
589	592
589	593
589	594
589	609
589	610
589	612
589	613
589	614
589	618
589	619
589	620
589	623
590	591
590	592
590	593
590	594
590	595
590	596
590	623
591	592
591	593
591	594
591	595
591	596
591	597
591	599
591	600
591	603
591	628
592	593
592	594
592	595
592	596
592	600
592	620
592	621
592	623
592	624
592	625
592	628
592	632
593	594
593	595
593	596
593	620
593	623
593	624
593	628
594	595
594	596
595	596
595	597
595	600
595	625
595	628
596	597
596	598
596	599
596	600
596	601
596	628
596	631
597	598
597	599
597	600
597	601
597	602
597	625
597	627
597	628
597	631
598	599
598	600
598	601
598	602
598	603
598	631
599	600
599	601
599	602
599	603
599	604
600	601
600	602
600	603
600	604
600	605
600	628
600	631
600	632
601	602
601	603
601	604
601	605
601	606
601	631
602	603
602	604
602	605
602	606
602	607
602	608
603	604
603	605
603	606
603	607
603	608
603	609
604	605
604	606
604	607
604	608
604	609
604	610
604	631
604	632
605	606
605	607
605	608
606	607
606	608
607	608
607	609
608	609
608	610
609	610
609	611
609	612
610	611
610	612
610	619
610	620
610	621
610	632
611	612
611	613
611	619
612	613
612	614
612	618
612	619
612	620
613	614
613	615
613	616
613	617
613	618
613	619
613	622
614	615
614	616
614	617
614	618
614	619
614	623
615	616
615	617
615	618
616	617
616	618
616	623
617	618
617	619
617	622
618	619
618	620
618	622
618	623
619	620
619	621
619	622
619	623
619	624
620	621
620	622
620	623
620	624
620	628
620	632
621	622
621	623
621	624
621	625
621	628
621	629
621	632
622	623
622	624
622	629
622	632
623	624
623	625
623	628
624	625
624	626
624	628
624	629
625	626
625	627
625	628
625	629
625	630
626	627
626	628
626	629
626	630
626	631
627	628
627	629
627	630
627	631
627	632
628	629
628	630
628	631
628	632
628	633
629	630
629	631
629	632
629	633
630	631
630	632
630	633
631	632
631	633
632	633
