503	504
503	505
504	505
504	506
505	506
505	507
505	508
505	509
506	507
506	508
506	509
506	510
506	518
507	508
507	509
507	517
507	518
507	519
507	536
507	537
507	538
507	540
507	541
507	542
508	509
508	510
508	517
508	541
508	542
509	510
509	511
509	512
509	516
509	517
509	518
510	511
510	512
510	513
510	515
510	516
510	517
511	512
511	513
511	514
511	515
511	516
511	517
512	513
512	514
512	515
513	514
513	515
513	516
514	515
514	516
515	516
515	517
515	520
516	517
516	518
516	520
516	521
517	518
517	519
517	520
517	521
517	522
517	542
518	519
518	520
518	521
518	522
518	523
518	533
518	537
519	520
519	521
519	522
519	523
519	524
519	533
519	534
519	535
519	537
519	538
519	542
520	521
520	522
520	523
520	524
520	525
521	522
521	523
521	524
521	525
522	523
522	524
522	525
522	526
522	530
522	531
522	533
522	534
522	537
523	524
523	525
523	530
523	534
524	525
524	526
524	530
525	526
525	527
525	528
525	530
526	527
526	528
526	530
527	528
527	529
527	530
527	531
528	529
528	530
528	531
528	532
529	530
529	531
529	532
529	533
529	534
530	531
530	532
530	533
530	534
530	535
531	532
531	533
531	534
531	535
531	536
532	533
532	534
532	535
532	536
532	537
532	539
533	534
533	535
533	536
533	537
533	538
534	535
534	536
534	537
534	538
534	539
534	542
535	536
535	537
535	538
535	539
535	540
536	537
536	538
536	539
536	540
536	541
537	538
537	539
537	540
537	541
537	542
538	539
538	540
538	541
538	542
539	540
539	541
539	542
540	541
540	542
541	542
