18	19
18	20
19	20
19	21
19	22
19	23
19	26
19	29
20	21
20	22
21	22
21	23
21	26
22	23
22	24
22	26
22	29
23	24
23	25
23	26
23	28
23	29
24	25
24	26
24	29
24	30
24	39
25	26
25	27
25	28
25	29
25	30
26	27
26	28
26	29
26	30
27	28
27	29
27	30
27	31
27	35
28	29
28	30
28	31
28	35
29	30
29	31
29	32
29	35
29	36
30	31
30	32
30	35
30	36
30	39
31	32
31	33
31	35
31	36
32	33
32	34
32	35
32	36
32	37
33	34
33	35
33	36
33	37
33	38
34	35
34	36
34	37
34	38
34	39
35	36
35	37
35	38
35	39
35	40
36	37
36	38
36	39
36	40
36	41
37	38
37	39
37	40
37	41
37	42
38	39
38	40
38	41
38	42
39	40
39	41
39	42
40	41
40	42
41	42
