138	139
138	140
138	141
138	156
138	157
139	140
139	141
139	156
139	157
139	158
139	159
139	180
139	181
139	182
139	183
139	184
139	185
140	141
140	142
140	156
140	157
140	158
140	179
140	180
140	181
140	183
140	184
140	185
140	186
141	142
141	143
141	144
141	156
141	184
141	185
141	186
142	143
142	144
142	145
142	151
142	156
142	186
143	144
143	145
143	146
143	151
143	153
143	156
143	162
143	164
143	178
143	186
144	145
144	146
144	149
144	151
144	156
144	164
145	146
145	147
145	148
145	149
145	150
145	151
145	164
146	147
146	148
146	149
146	150
146	164
147	148
147	149
148	149
148	150
148	165
148	166
148	167
148	170
149	150
149	151
149	164
149	165
149	166
149	172
150	151
150	152
150	163
150	164
150	165
150	166
151	152
151	153
151	154
151	156
151	162
151	163
151	164
151	165
152	153
152	154
152	161
152	162
152	163
152	164
152	165
153	154
153	155
153	156
153	161
153	162
153	163
154	155
154	156
154	161
154	162
155	156
155	157
155	160
155	161
155	162
155	186
156	157
156	158
156	160
156	162
156	180
156	186
157	158
157	159
157	160
157	161
157	180
157	186
158	159
158	160
158	180
158	181
158	182
158	183
159	160
159	161
159	179
159	180
159	181
159	182
160	161
160	162
160	178
160	179
160	180
160	181
160	186
161	162
161	163
161	177
161	178
161	179
161	180
161	186
162	163
162	164
162	176
162	177
162	178
162	179
162	186
163	164
163	165
163	176
163	177
163	178
164	165
164	166
164	172
164	175
164	176
164	177
164	178
165	166
165	167
165	172
165	176
166	167
166	168
166	170
166	171
166	172
166	173
167	168
167	169
167	170
167	171
168	169
168	170
169	170
169	171
170	171
170	172
171	172
171	173
172	173
172	174
172	175
172	176
172	177
173	174
173	175
174	175
174	176
175	176
175	177
175	178
175	187
176	177
176	178
177	178
177	179
177	187
178	179
178	180
178	186
178	187
179	180
179	181
179	185
179	186
179	187
180	181
180	182
180	184
180	185
180	186
180	187
181	182
181	183
181	184
181	185
181	186
181	187
182	183
182	184
182	185
183	184
183	185
184	185
184	186
185	186
185	187
186	187
