45	46
45	47
45	48
45	49
46	47
46	48
46	49
46	50
46	121
46	125
46	130
47	48
47	49
47	50
47	51
47	122
47	125
47	126
47	130
47	133
48	49
48	50
48	51
48	52
48	122
48	133
48	201
48	204
48	205
49	50
49	51
49	52
49	53
49	118
49	205
50	51
50	52
50	53
50	54
50	55
50	114
50	118
50	119
50	121
50	122
51	52
51	53
51	54
51	55
51	56
51	118
51	122
51	132
51	133
51	134
51	136
51	137
51	140
51	202
51	205
51	207
52	53
52	54
52	55
52	56
52	57
52	205
52	207
53	54
53	55
53	56
53	57
53	58
53	114
53	115
53	118
53	207
54	55
54	56
54	57
54	58
54	59
54	114
54	115
54	116
54	118
54	119
54	122
54	137
54	140
54	141
54	264
55	56
55	57
55	58
55	59
55	61
55	140
55	202
55	205
55	206
55	207
55	208
55	217
55	262
55	264
56	57
56	58
56	59
56	60
56	61
56	62
56	207
56	264
56	266
56	267
56	269
57	58
57	59
57	60
57	61
57	62
57	70
57	110
57	111
57	114
57	115
58	59
58	60
58	70
58	71
58	115
58	140
58	143
58	144
58	147
58	262
58	264
59	60
59	61
59	62
59	67
59	70
59	71
59	76
59	147
59	271
59	272
59	273
60	61
60	62
60	63
60	64
60	66
60	67
60	70
60	110
60	111
60	114
60	272
61	62
61	63
61	64
61	67
61	264
61	266
61	269
61	270
61	271
61	272
62	63
62	64
62	66
62	110
62	269
62	272
63	64
63	65
63	66
63	67
63	68
63	110
63	272
64	65
64	66
64	67
64	68
64	69
64	270
64	271
64	272
64	273
64	275
64	276
64	280
65	66
65	67
65	68
65	69
65	70
65	106
65	110
65	276
65	280
66	67
66	68
66	69
66	70
66	71
66	106
66	110
67	68
67	69
67	70
67	71
67	72
67	73
67	76
67	82
67	147
67	271
67	272
67	273
67	276
68	69
68	70
68	71
68	72
68	73
68	74
68	88
68	272
68	276
68	280
68	282
68	283
69	70
69	71
69	72
69	73
69	74
69	94
69	102
69	103
69	104
69	106
69	107
70	71
70	72
70	73
70	74
70	75
70	103
70	106
70	107
70	110
70	111
70	147
71	72
71	73
71	74
71	75
71	76
71	77
71	107
71	147
72	73
72	74
72	75
72	76
72	77
72	82
72	276
72	283
73	74
73	75
73	76
73	77
73	78
73	84
73	88
73	94
73	95
73	103
73	104
73	282
73	283
74	75
74	76
74	77
74	78
74	79
74	94
74	104
74	107
74	151
75	76
75	77
75	78
75	79
75	80
75	81
76	77
76	78
76	79
76	80
76	81
76	82
76	83
76	273
76	283
77	78
77	79
77	80
77	81
77	82
77	83
77	84
77	95
77	283
77	288
78	79
78	80
78	81
78	82
78	94
78	95
78	96
78	97
78	99
78	104
79	80
79	81
79	82
79	288
80	81
80	82
80	286
80	287
80	288
80	289
81	82
81	83
81	284
81	285
81	286
81	288
81	289
82	83
82	84
82	273
82	283
82	284
82	285
82	286
82	289
83	84
83	85
83	282
83	283
83	284
83	285
83	286
83	287
84	85
84	86
84	87
84	88
84	93
84	95
84	281
84	282
84	283
84	284
85	86
85	87
85	281
85	282
85	283
85	284
86	87
86	88
86	91
86	93
86	95
86	280
86	281
86	282
86	283
87	88
87	89
87	90
87	91
87	92
87	93
88	89
88	90
88	91
88	92
88	93
88	100
88	103
88	282
89	90
89	91
89	92
89	93
89	100
89	102
89	103
90	91
90	92
90	93
91	92
91	93
91	95
91	96
92	93
92	94
92	96
92	98
92	100
93	94
93	95
93	96
93	97
93	98
93	99
93	100
93	103
94	95
94	96
94	97
94	98
94	99
94	100
94	101
94	103
94	104
95	96
95	97
95	98
95	103
96	97
96	98
97	98
97	99
98	99
98	100
99	100
99	101
99	104
100	101
100	102
100	103
100	104
100	105
101	102
101	103
101	104
101	105
101	106
102	103
102	104
102	105
102	106
103	104
103	105
103	106
103	107
104	105
104	106
104	107
104	108
104	109
104	152
105	106
105	107
105	108
105	109
105	110
106	107
106	108
106	109
106	110
106	111
107	108
107	109
107	110
107	111
107	112
107	148
107	151
107	152
108	109
108	110
108	111
108	112
108	113
108	148
108	152
108	154
108	155
108	156
108	169
109	110
109	111
109	112
109	113
109	114
109	148
110	111
110	112
110	113
110	114
110	115
110	148
111	112
111	113
111	114
111	115
111	116
111	117
111	145
111	148
112	113
112	114
112	115
112	116
112	117
112	118
112	145
112	148
112	155
112	156
112	157
112	160
113	114
113	115
113	116
113	117
113	118
114	115
114	116
114	117
114	118
114	119
115	116
115	117
115	118
115	119
115	120
115	140
115	141
115	144
115	145
116	117
116	118
116	119
116	120
116	121
116	141
116	145
116	156
116	157
116	158
116	160
117	118
117	119
117	120
117	121
117	122
117	160
118	119
118	120
118	121
118	122
118	123
118	137
118	160
119	120
119	121
119	122
119	123
119	124
119	134
119	137
119	141
120	121
120	122
120	123
120	124
120	125
120	141
120	160
120	161
120	162
121	122
121	123
121	124
121	125
121	126
122	123
122	124
122	125
122	126
122	127
122	133
122	134
122	137
123	124
123	125
123	126
123	127
123	128
123	134
123	137
123	138
124	125
124	126
124	127
124	129
125	126
125	127
125	129
125	130
126	127
126	128
126	129
126	130
126	131
126	133
126	134
126	135
126	137
127	128
127	129
127	130
127	131
127	134
128	129
128	130
128	131
128	134
129	130
129	131
129	132
129	193
130	131
130	132
130	133
130	134
130	135
130	193
131	132
131	133
131	134
131	135
131	136
131	189
131	190
131	192
131	193
132	133
132	134
132	135
132	136
132	137
132	189
132	190
132	193
132	198
132	201
132	214
133	134
133	135
133	136
133	137
133	138
133	190
133	201
133	202
133	205
134	135
134	136
134	137
134	138
134	139
134	182
134	185
134	186
135	136
135	137
135	138
135	139
135	140
135	182
135	185
135	186
135	187
135	189
135	190
136	137
136	138
136	139
136	140
136	141
136	186
136	190
136	202
136	214
136	217
137	138
137	139
137	140
137	141
137	142
138	139
138	140
138	141
138	142
138	143
138	157
138	181
138	182
138	183
138	185
138	186
139	140
139	141
139	142
139	143
139	144
139	182
139	183
139	186
139	187
139	190
139	217
139	218
139	220
139	221
139	224
140	141
140	142
140	143
140	144
140	145
140	202
140	208
140	217
140	220
140	262
140	264
141	142
141	143
141	144
141	145
141	146
141	157
141	179
141	182
142	143
142	144
142	145
142	146
142	147
142	157
142	178
142	179
142	180
142	182
142	183
142	224
142	228
143	144
143	145
143	146
143	147
143	220
143	224
143	227
143	262
144	145
144	146
144	147
144	148
145	146
145	147
145	148
145	149
145	150
145	155
145	156
145	157
145	175
145	179
146	147
146	148
146	149
146	150
146	151
146	176
146	179
146	224
146	227
146	228
146	231
147	148
147	149
147	150
147	151
147	152
147	227
148	149
148	150
148	151
148	152
148	153
148	154
148	155
149	150
149	151
149	152
149	153
149	154
149	155
149	171
149	172
149	175
149	176
149	179
150	151
150	152
150	153
150	155
150	172
150	176
150	179
150	228
150	231
151	152
151	153
151	172
152	153
152	154
152	155
152	172
153	154
153	155
153	170
153	171
153	172
153	175
154	155
154	156
154	169
154	170
154	171
154	172
154	175
155	156
155	157
155	158
155	168
155	169
155	170
155	171
155	172
155	175
156	157
156	158
156	159
156	160
156	161
156	167
156	168
156	169
156	170
156	175
157	158
157	159
157	160
157	168
157	169
157	170
157	174
157	175
157	178
157	179
157	182
158	159
158	160
158	168
158	170
158	178
159	160
159	161
159	162
159	167
159	168
159	169
159	170
160	161
160	162
160	167
160	168
161	162
161	163
161	167
162	163
162	164
162	165
162	166
162	167
163	164
163	165
163	167
164	165
164	166
164	167
165	166
165	167
166	167
166	168
167	168
167	169
168	169
168	170
169	170
169	171
169	174
170	171
170	172
170	174
170	175
170	178
171	172
171	173
171	174
171	175
171	176
171	178
172	173
172	174
172	175
172	176
172	177
173	174
173	175
173	176
173	177
173	178
173	236
174	175
174	176
174	177
174	178
174	179
175	176
175	177
175	178
175	179
175	180
175	182
176	177
176	178
176	179
176	180
176	181
176	228
176	229
176	231
176	232
177	178
177	179
177	180
177	181
177	182
177	236
177	239
178	179
178	180
178	181
178	182
178	183
179	180
179	181
179	182
179	183
179	184
179	225
179	228
180	181
180	182
180	183
180	184
180	185
180	224
180	225
180	226
180	228
180	229
180	232
180	239
180	243
180	246
181	182
181	183
181	184
181	185
181	186
181	225
181	243
182	183
182	184
182	185
182	186
182	187
183	184
183	185
183	186
183	187
183	188
183	221
183	222
183	224
183	225
183	228
184	185
184	186
184	187
184	188
184	189
184	225
184	243
184	246
185	186
185	187
185	188
185	189
185	190
185	225
186	187
186	188
186	189
186	190
186	191
186	218
186	221
187	188
187	189
187	190
187	191
187	192
187	218
187	221
187	222
187	225
187	250
188	189
188	190
188	191
188	192
188	193
189	190
189	191
189	192
189	193
189	194
190	191
190	192
190	193
190	194
190	195
190	214
190	217
190	218
190	252
191	192
191	193
191	194
191	195
191	196
191	218
191	250
191	251
191	252
192	193
192	194
192	195
192	196
192	197
193	194
193	195
193	196
193	197
193	198
193	199
193	214
194	195
194	196
194	197
194	198
194	214
194	215
194	216
194	218
194	252
195	196
195	197
195	198
195	251
195	252
196	197
196	198
197	198
197	199
198	199
198	200
198	201
198	214
199	200
199	201
199	214
200	201
200	202
200	203
200	211
200	212
200	213
200	214
201	202
201	203
201	204
201	205
201	212
201	214
202	203
202	204
202	205
202	206
202	207
202	211
202	212
202	213
202	214
202	217
203	204
203	205
203	206
203	207
203	211
203	212
203	213
204	205
204	206
205	206
205	207
206	207
206	208
206	209
206	210
206	211
206	212
206	213
206	217
207	208
207	209
207	217
207	263
207	264
207	265
207	266
207	267
208	209
208	210
208	211
208	212
208	217
208	262
208	263
208	264
208	265
209	210
209	211
209	259
209	261
209	263
209	264
209	265
210	211
210	212
210	213
210	214
210	216
210	217
210	219
210	220
210	255
210	259
210	260
210	261
210	262
210	263
211	212
211	213
211	217
212	213
212	214
212	215
212	217
213	214
213	215
213	216
213	217
213	218
213	219
214	215
214	216
214	217
214	218
214	219
215	216
215	217
215	218
215	219
215	220
215	252
216	217
216	218
216	219
216	220
216	221
216	259
216	260
217	218
217	219
217	220
217	221
217	222
217	262
218	219
218	220
218	221
218	222
218	223
218	250
218	252
218	253
219	220
219	221
219	222
219	223
219	224
219	250
219	251
219	252
219	253
219	254
219	255
219	256
219	260
220	221
220	222
220	223
220	224
220	225
220	253
220	255
220	260
220	262
221	222
221	223
221	224
221	225
221	226
222	223
222	224
222	225
222	226
222	227
222	243
222	246
222	247
222	248
222	250
222	251
222	252
222	253
222	254
223	224
223	225
223	226
223	227
223	228
223	247
223	253
223	254
223	255
224	225
224	226
224	227
224	228
224	229
225	226
225	227
225	228
225	229
225	230
225	242
225	243
225	244
225	246
225	247
226	227
226	228
226	229
226	230
226	231
226	243
226	244
226	245
226	247
226	248
226	254
227	228
227	229
227	230
227	231
227	232
228	229
228	230
228	231
228	232
228	233
229	230
229	231
229	232
229	233
229	236
229	239
229	240
229	241
229	243
229	244
229	245
230	231
230	232
230	233
230	234
230	240
230	244
231	232
231	233
231	234
231	235
232	233
232	234
232	235
232	236
232	237
232	239
232	240
232	243
233	234
233	235
233	236
233	237
233	238
233	240
233	241
234	235
234	236
234	237
234	240
235	236
235	237
236	237
236	238
236	239
236	240
236	241
237	238
237	239
237	240
237	241
237	242
238	239
238	240
238	241
238	242
238	243
239	240
239	241
239	242
239	243
239	244
240	241
240	242
240	243
240	244
240	245
241	242
241	243
241	244
241	245
241	246
242	243
242	244
242	245
242	246
242	247
243	244
243	245
243	246
243	247
243	248
244	245
244	246
244	247
244	248
244	249
245	246
245	247
245	248
245	249
245	250
246	247
246	248
246	249
246	250
247	248
247	249
247	250
247	252
247	253
247	254
248	249
248	250
248	251
248	252
248	253
248	254
249	250
249	251
249	252
249	253
250	251
250	252
250	253
250	254
251	252
251	253
252	253
252	254
252	255
253	254
253	255
254	255
254	256
254	260
255	256
255	257
255	260
255	261
255	262
256	257
256	258
256	260
257	258
257	259
257	260
257	261
258	259
258	260
258	261
258	262
259	260
259	261
259	263
260	261
260	262
261	262
261	263
262	263
262	264
263	264
263	265
264	265
264	266
265	266
265	267
266	267
266	268
266	269
266	270
267	268
267	269
268	269
268	270
269	270
269	271
270	271
270	272
270	273
270	274
271	272
271	273
271	274
271	275
272	273
272	274
272	275
272	276
272	277
273	274
273	275
273	276
273	277
273	278
273	283
274	275
274	276
274	277
274	278
274	279
274	280
275	276
275	277
275	278
275	279
275	280
275	281
276	277
276	278
276	279
276	280
276	281
276	282
276	283
276	284
277	278
277	279
277	280
277	281
277	282
277	283
277	284
278	279
278	280
278	281
278	283
278	284
279	280
279	281
279	282
280	281
280	282
280	283
281	282
281	283
281	284
282	283
282	284
283	284
283	285
284	285
284	286
285	286
285	287
285	289
285	290
285	291
285	293
285	294
285	301
286	287
286	288
286	289
286	290
286	291
287	288
287	289
287	290
287	291
287	292
288	289
288	290
288	291
288	292
288	293
289	290
289	291
289	292
289	293
289	294
289	301
289	304
290	291
290	292
290	293
290	294
290	295
290	301
291	292
291	293
291	294
291	295
291	296
292	293
292	294
292	295
292	296
292	297
292	298
293	294
293	295
293	296
293	297
293	298
293	299
293	300
293	301
293	304
294	295
294	296
294	297
294	298
294	301
295	296
295	297
295	298
296	297
296	298
296	299
297	298
297	299
298	299
298	300
298	301
298	302
299	300
299	301
299	302
299	303
300	301
300	302
300	303
300	304
301	302
301	303
301	304
302	303
302	304
303	304
