367	368
367	369
367	370
367	371
367	372
367	374
368	369
368	370
368	371
368	372
368	373
368	390
368	393
368	400
368	403
368	404
368	407
369	370
369	371
369	372
369	373
369	374
369	407
370	371
370	372
370	373
370	374
370	375
370	377
371	372
371	373
371	374
371	375
371	376
371	386
371	387
371	389
371	390
371	393
372	373
372	374
372	375
372	376
372	386
372	390
372	403
372	404
372	407
372	408
372	409
372	412
373	374
373	375
373	376
373	377
374	375
374	376
374	377
374	379
374	382
374	383
374	386
375	376
375	377
375	382
375	383
375	386
375	387
375	390
375	409
375	412
375	413
375	416
376	377
376	378
376	383
376	412
376	416
377	378
377	379
377	380
377	382
377	383
378	379
378	380
378	381
378	383
379	380
379	381
379	382
379	383
379	384
380	381
380	382
380	383
380	384
380	385
380	419
380	421
380	424
381	382
381	383
381	384
381	385
381	386
381	423
381	424
382	383
382	384
382	385
382	386
382	387
383	384
383	385
383	386
383	387
383	388
383	416
383	419
383	424
384	385
384	386
384	387
384	388
384	389
384	423
384	424
384	427
385	386
385	387
385	388
385	389
385	390
385	423
386	387
386	388
386	389
386	390
386	391
387	388
387	389
387	390
387	391
387	392
387	413
387	416
387	423
387	424
387	427
387	428
387	430
387	431
388	389
388	390
388	391
388	392
388	393
388	427
388	428
388	431
389	390
389	391
389	392
389	393
389	394
390	391
390	392
390	393
390	394
390	395
390	400
390	404
390	413
390	431
390	434
390	435
391	392
391	393
391	394
391	395
391	426
391	427
391	429
391	430
391	431
391	434
392	393
392	394
392	395
392	396
392	434
393	394
393	395
393	396
393	397
393	400
393	401
394	395
394	396
394	397
394	398
394	400
394	401
394	404
394	431
394	434
394	435
395	396
395	397
395	401
395	434
396	397
396	398
396	401
396	434
397	398
397	399
397	400
397	401
397	402
398	399
398	400
398	401
398	402
398	403
398	437
398	438
398	439
398	440
398	443
399	400
399	401
399	402
399	403
399	404
400	401
400	402
400	403
400	404
400	405
401	402
401	403
401	404
401	405
401	406
401	410
401	433
401	434
401	435
401	436
401	437
401	438
401	440
401	443
402	403
402	404
402	405
402	406
402	407
402	440
402	443
403	404
403	405
403	406
403	407
403	408
403	409
403	443
404	405
404	406
404	407
404	408
404	409
404	410
404	413
404	435
405	406
405	407
405	408
405	409
405	410
405	411
405	435
405	440
405	441
405	442
405	443
405	446
406	407
406	408
406	409
407	408
407	409
407	410
408	409
408	410
408	411
408	412
409	410
409	411
409	412
409	413
409	414
410	411
410	412
410	413
410	414
410	415
410	432
410	435
410	442
410	443
410	446
410	447
410	450
411	412
411	413
411	414
411	415
411	416
411	446
411	450
412	413
412	414
412	415
412	416
412	417
412	428
413	414
413	415
413	416
413	417
413	427
413	428
413	429
413	431
413	432
413	435
414	415
414	416
414	417
414	418
414	428
414	432
414	447
414	450
414	451
414	452
414	455
414	458
415	416
415	417
415	418
415	419
416	417
416	418
416	419
416	420
416	421
416	424
416	425
416	426
416	428
417	418
417	419
417	420
417	424
417	425
417	426
417	428
417	429
417	432
417	452
417	455
417	456
417	458
417	459
417	462
418	419
418	420
418	425
418	455
418	458
418	459
418	462
419	420
419	421
419	422
419	424
419	425
419	459
420	421
420	422
420	425
421	422
421	423
421	424
421	425
421	426
422	423
422	424
422	425
422	426
422	427
422	465
422	467
422	468
423	424
423	425
423	426
423	427
423	428
424	425
424	426
424	427
424	428
424	429
425	426
425	427
425	428
425	429
425	430
425	459
425	468
426	427
426	428
426	429
426	430
426	431
426	459
426	467
426	468
426	471
427	428
427	429
427	430
427	431
427	432
428	429
428	430
428	431
428	432
428	433
429	430
429	431
429	432
429	433
429	434
429	456
429	459
429	468
429	471
429	472
429	475
430	431
430	432
430	433
430	434
430	435
430	471
430	475
431	432
431	433
431	434
431	435
431	436
431	471
432	433
432	434
432	435
432	436
432	437
432	447
432	456
432	475
432	478
433	434
433	435
433	436
433	437
433	447
433	470
433	471
433	474
433	475
433	478
434	435
434	436
434	437
434	438
434	475
434	478
435	436
435	437
435	438
435	440
435	443
435	444
435	447
436	437
436	438
436	443
436	444
436	447
436	474
436	475
436	476
436	478
436	479
436	481
437	438
437	439
437	443
437	444
437	478
438	439
438	440
438	441
438	444
439	440
439	441
439	442
439	444
440	441
440	442
440	443
440	444
441	442
441	443
441	444
441	445
441	446
441	481
441	482
441	485
442	443
442	444
442	445
442	446
442	447
442	482
443	444
443	445
443	446
443	447
443	448
443	479
444	445
444	446
444	447
444	448
444	449
444	478
444	479
444	481
444	482
444	485
445	446
445	447
445	448
445	449
445	450
445	479
445	482
445	484
445	485
446	447
446	448
446	449
446	450
446	451
446	452
447	448
447	449
447	450
447	451
447	452
447	453
447	456
447	475
447	479
448	449
448	450
448	451
448	452
448	453
448	454
448	479
448	484
448	485
448	488
449	450
449	451
449	452
450	451
450	452
450	455
451	452
451	453
451	454
451	455
451	456
451	458
451	488
452	453
452	454
452	455
452	456
452	457
452	479
452	488
453	454
453	455
453	456
453	457
453	458
453	476
453	479
453	485
453	488
453	489
453	492
453	493
454	455
454	456
454	457
454	458
454	459
454	488
454	492
455	456
455	457
455	458
455	459
455	460
456	457
456	458
456	459
456	460
456	461
456	471
456	472
456	475
456	476
456	479
457	458
457	459
457	460
457	461
457	462
457	472
457	476
457	492
457	493
457	496
458	459
458	460
458	461
458	462
458	463
459	460
459	461
459	462
459	463
459	468
459	472
460	461
460	462
460	463
460	464
460	469
460	472
460	473
460	476
460	493
460	496
460	497
460	500
460	501
461	462
461	463
461	492
461	495
461	496
461	499
461	500
462	463
462	464
462	465
462	468
463	464
463	465
463	468
463	469
463	472
464	465
464	466
464	468
464	469
464	523
465	466
465	467
465	468
465	469
465	470
465	523
466	467
466	468
466	469
466	470
466	471
466	522
466	523
466	524
466	525
466	526
467	468
467	469
467	470
467	471
467	472
468	469
468	470
468	471
468	472
468	473
469	470
469	471
469	472
469	473
469	474
469	500
469	501
469	505
469	523
469	526
469	529
470	471
470	472
470	473
470	474
470	475
470	525
470	526
470	529
471	472
471	473
471	474
471	475
471	476
471	529
472	473
472	474
472	475
472	476
472	477
473	474
473	475
473	476
473	477
473	478
473	497
473	501
473	525
473	526
473	527
473	529
473	530
473	533
474	475
474	476
474	477
474	478
474	479
474	529
475	476
475	477
475	478
475	479
475	480
476	477
476	478
476	479
476	480
476	481
476	489
476	493
476	497
476	529
476	533
477	478
477	479
477	480
477	481
477	489
477	528
477	529
477	530
477	531
477	532
477	533
477	536
477	574
477	578
478	479
478	480
478	481
478	482
478	536
479	480
479	481
479	482
479	483
479	485
479	486
479	489
480	481
480	482
480	483
480	485
480	486
480	489
480	532
480	533
480	534
480	536
480	537
481	482
481	483
481	486
481	489
481	536
482	483
482	484
482	485
482	486
483	484
483	485
483	486
483	487
483	540
483	541
484	485
484	486
484	487
484	488
484	541
485	486
485	487
485	488
485	489
485	490
485	537
486	487
486	488
486	489
486	490
486	491
486	535
486	536
486	537
486	538
486	539
486	540
486	541
487	488
487	489
487	490
487	491
487	492
487	537
487	541
487	543
487	544
487	547
488	489
488	490
488	491
488	492
488	493
489	490
489	491
489	492
489	493
489	494
489	497
489	533
489	534
489	537
490	491
490	492
490	493
490	494
490	495
490	537
490	538
490	543
490	544
490	547
490	548
491	492
491	493
491	494
491	495
491	543
491	547
492	493
492	494
492	495
492	496
493	494
493	495
493	496
493	497
493	498
493	534
494	495
494	496
494	497
494	498
494	499
494	534
494	547
494	548
494	551
494	554
495	496
495	497
495	498
495	499
495	500
495	547
495	551
495	552
496	497
496	498
496	499
496	500
496	501
496	502
497	498
497	499
497	500
497	501
497	502
497	503
497	504
497	530
497	533
497	534
498	499
498	500
498	501
498	502
498	503
498	504
498	530
498	534
498	551
498	552
498	553
498	554
499	500
499	501
499	502
499	503
499	504
499	551
499	552
500	501
500	502
500	503
500	504
500	505
501	502
501	503
501	504
501	505
501	506
501	526
501	527
501	530
502	503
502	504
502	505
502	506
502	507
502	527
502	530
502	531
502	534
502	553
502	554
502	557
502	558
502	561
503	504
503	505
503	506
503	507
503	508
503	527
503	552
503	553
503	554
503	557
504	505
504	506
504	507
504	508
504	520
504	522
505	506
505	507
505	508
505	520
505	521
505	522
505	523
505	526
505	527
505	561
506	507
506	508
506	509
506	520
506	521
506	522
506	527
506	557
506	558
506	560
506	561
506	564
507	508
507	509
507	520
507	521
507	522
507	560
507	561
508	509
508	520
508	552
508	553
508	554
508	556
508	557
508	560
509	520
509	560
520	521
520	522
520	560
520	564
521	522
521	523
521	524
521	527
521	560
521	561
521	564
521	565
521	568
521	575
522	523
522	524
522	525
522	527
523	524
523	525
523	526
523	527
523	528
524	525
524	526
524	527
524	528
524	529
524	565
524	570
524	573
524	574
524	575
525	526
525	527
525	528
525	529
525	530
526	527
526	528
526	529
526	530
526	531
527	528
527	529
527	530
527	531
527	532
527	561
527	575
527	578
527	579
528	529
528	530
528	531
528	532
528	533
528	574
528	575
528	578
529	530
529	531
529	532
529	533
529	534
529	578
530	531
530	532
530	533
530	534
530	535
530	578
530	582
531	532
531	533
531	534
531	535
531	536
531	558
531	575
531	578
531	579
531	582
532	533
532	534
532	535
532	536
532	537
532	578
532	579
533	534
533	535
533	536
533	537
533	538
533	578
534	535
534	536
534	537
534	538
534	539
534	548
534	554
534	558
534	582
534	585
535	536
535	537
535	538
535	539
535	548
535	574
535	577
535	578
535	581
535	582
535	584
535	585
535	673
536	537
536	538
536	539
536	540
536	585
537	538
537	539
537	540
537	541
537	544
537	545
537	548
537	585
538	539
538	540
538	541
538	544
538	545
538	548
538	581
538	582
538	585
538	586
539	540
539	541
539	544
539	545
539	585
540	541
540	542
540	543
540	544
540	545
540	585
541	542
541	543
541	544
541	545
541	546
541	593
542	543
542	544
542	545
542	546
542	547
542	549
542	589
542	593
543	544
543	545
543	546
543	547
543	548
544	545
544	546
544	547
544	548
544	549
544	586
545	546
545	547
545	548
545	549
545	550
545	585
545	586
545	588
545	589
545	593
546	547
546	548
546	549
546	550
546	551
546	586
546	592
546	593
546	594
546	595
547	548
547	549
547	550
547	551
547	554
548	549
548	550
548	551
548	552
548	554
548	555
548	582
548	586
549	550
549	551
549	552
549	554
549	555
549	585
549	586
549	587
549	588
549	589
549	590
549	593
549	594
549	649
549	650
549	653
550	551
550	552
550	595
550	650
551	552
551	553
551	554
551	555
551	556
552	553
552	554
552	555
552	556
553	554
553	555
553	556
553	557
553	558
553	649
554	555
554	556
554	557
554	558
554	559
554	582
554	586
555	556
555	557
555	558
555	559
555	560
555	583
555	586
555	649
555	650
555	651
555	652
555	653
556	557
556	558
556	559
556	560
556	561
556	647
556	648
556	649
556	650
556	652
557	558
557	559
557	560
557	561
557	562
558	559
558	560
558	561
558	562
558	563
558	579
558	582
558	583
558	586
559	560
559	561
559	562
559	563
559	564
559	583
559	652
559	653
559	657
559	658
559	661
560	561
560	562
560	563
560	564
560	565
561	562
561	563
561	564
561	565
561	566
561	575
561	576
561	579
562	563
562	564
562	565
562	566
562	567
562	570
562	575
562	576
562	579
562	580
562	583
562	661
562	665
563	564
563	565
563	566
563	567
563	568
563	657
563	661
563	664
564	565
564	566
564	567
564	568
564	569
564	570
565	566
565	567
565	568
565	569
565	570
565	571
565	573
565	575
565	576
566	567
566	568
566	569
566	570
566	571
566	576
566	661
566	664
566	665
566	668
567	568
567	569
567	570
568	569
568	570
569	570
569	571
570	571
570	572
570	573
570	575
570	576
570	665
571	572
571	573
571	576
571	664
571	665
571	668
571	669
571	670
571	671
571	674
572	573
572	574
572	575
572	576
572	577
572	668
572	669
572	670
572	671
572	674
573	574
573	575
573	576
573	577
573	578
573	671
573	674
574	575
574	576
574	577
574	578
574	579
574	674
575	576
575	577
575	578
575	579
575	580
576	577
576	578
576	579
576	580
576	581
576	665
576	674
577	578
577	579
577	580
577	581
577	582
577	671
577	673
577	674
577	677
578	579
578	580
578	581
578	582
578	583
579	580
579	581
579	582
579	583
579	584
580	581
580	582
580	583
580	584
580	585
580	661
580	662
580	665
580	674
580	677
580	678
580	681
581	582
581	583
581	584
581	585
581	586
581	673
581	674
581	677
582	583
582	584
582	585
582	586
582	587
583	584
583	585
583	586
583	587
583	588
583	653
583	658
583	662
583	681
583	684
584	585
584	586
584	587
584	588
584	662
584	673
584	676
584	677
584	678
584	680
584	681
584	682
584	683
584	684
584	723
585	586
585	587
585	588
585	589
585	684
586	587
586	588
586	589
586	590
586	653
587	588
587	589
587	590
587	591
587	653
587	662
587	680
587	681
587	684
587	685
588	589
588	590
588	591
588	593
588	684
588	685
589	590
589	591
589	592
589	593
589	594
589	684
590	591
590	592
590	593
590	594
590	597
590	650
590	653
590	654
590	684
590	685
590	690
591	592
591	593
591	594
591	597
591	598
591	684
591	687
591	688
591	689
591	690
592	593
592	594
592	597
593	594
593	595
593	596
593	597
594	595
594	596
594	597
594	598
594	599
594	650
594	651
594	654
594	690
595	596
595	597
595	598
595	599
595	650
596	597
596	598
596	599
597	598
597	599
598	599
599	650
599	651
599	654
599	689
599	690
599	691
599	692
645	646
645	647
645	651
646	647
646	648
646	651
647	648
647	649
647	651
647	652
647	655
648	649
648	650
648	651
648	652
649	650
649	651
649	652
649	653
650	651
650	652
650	653
650	654
651	652
651	653
651	654
651	655
652	653
652	654
652	655
652	658
653	654
653	655
653	658
653	659
653	662
653	685
653	696
654	655
654	656
654	658
654	659
654	685
654	690
654	692
654	696
655	656
655	657
655	658
655	659
655	660
655	692
655	696
656	657
656	658
656	659
656	660
656	661
657	658
657	659
657	660
657	661
657	662
658	659
658	660
658	661
658	662
658	663
658	685
659	660
659	661
659	662
659	663
659	664
659	682
659	685
659	696
659	699
659	700
660	661
660	662
660	663
660	664
660	665
661	662
661	663
661	664
661	665
661	666
661	678
662	663
662	664
662	665
662	666
662	667
662	677
662	678
662	679
662	681
662	682
662	685
663	664
663	665
663	666
663	667
663	668
663	678
663	682
663	700
663	704
663	705
663	706
663	708
663	709
664	665
664	666
664	667
664	668
664	669
665	666
665	667
665	668
665	669
665	670
665	674
665	675
665	678
666	667
666	668
666	669
666	674
666	675
666	676
666	678
666	679
666	682
666	705
666	708
666	709
666	712
667	668
667	669
667	675
667	704
667	705
667	708
667	712
668	669
668	670
668	675
669	670
669	671
669	672
669	674
669	675
670	671
670	672
670	675
670	715
671	672
671	673
671	674
671	675
671	676
671	720
672	673
672	674
672	675
672	676
672	677
672	715
672	717
672	719
672	720
673	674
673	675
673	676
673	677
673	678
673	719
673	720
674	675
674	676
674	677
674	678
674	679
675	676
675	677
675	678
675	679
675	680
675	712
675	715
675	720
675	723
676	677
676	678
676	679
676	680
676	681
676	712
676	719
676	720
676	723
677	678
677	679
677	680
677	681
677	682
677	723
678	679
678	680
678	681
678	682
678	683
679	680
679	681
679	682
679	683
679	684
679	709
679	712
679	720
679	723
679	724
679	727
680	681
680	682
680	683
680	684
680	685
680	723
680	727
681	682
681	683
681	684
681	685
681	686
682	683
682	684
682	685
682	686
682	687
682	696
682	700
682	709
682	727
682	730
682	731
683	684
683	685
683	686
683	687
683	688
683	722
683	723
683	725
683	726
683	727
683	729
683	730
684	685
684	686
684	687
684	688
684	690
684	730
685	686
685	687
685	688
685	690
685	692
685	693
685	696
685	697
686	687
686	688
686	689
686	690
686	693
686	696
686	697
686	700
686	727
686	730
686	731
687	688
687	689
687	690
687	697
687	730
688	689
688	690
688	693
688	694
688	697
688	730
689	690
689	691
689	693
689	694
689	697
690	691
690	692
690	693
690	694
690	695
690	696
690	697
691	692
691	693
691	694
691	695
691	696
692	693
692	694
692	695
692	696
692	697
693	694
693	695
693	696
693	697
693	698
693	734
694	695
694	696
694	697
694	698
694	699
694	701
694	734
694	736
695	696
695	697
695	698
695	699
695	700
696	697
696	698
696	699
696	700
696	701
696	731
697	698
697	699
697	700
697	701
697	702
697	730
697	731
697	732
697	733
697	734
698	699
698	700
698	701
698	702
698	731
698	734
698	736
699	700
699	701
699	702
699	705
700	701
700	702
700	703
700	705
700	706
700	709
700	731
701	702
701	703
701	705
701	706
701	730
701	731
701	732
701	733
701	734
701	735
701	736
701	737
701	740
701	741
702	703
702	704
702	705
702	706
702	707
702	740
702	744
703	704
703	705
703	706
703	707
703	708
703	740
703	744
704	705
704	706
704	707
704	708
704	709
705	706
705	707
705	708
705	709
705	710
706	707
706	708
706	709
706	710
706	711
706	728
706	731
706	740
706	741
706	744
707	708
707	709
707	710
707	711
707	712
707	744
708	709
708	710
708	711
708	712
709	710
709	711
709	712
709	713
709	723
709	724
709	727
709	728
709	731
710	711
710	712
710	713
710	714
710	724
710	728
710	744
710	745
710	748
711	712
711	713
711	714
711	715
711	748
712	713
712	714
712	715
712	716
712	717
712	720
712	721
712	723
712	724
712	748
713	714
713	715
713	716
713	720
713	721
713	722
713	724
713	725
713	728
713	744
713	745
713	748
713	749
713	752
713	758
713	772
714	715
714	716
714	717
714	721
714	748
714	752
715	716
715	717
715	718
715	720
715	721
715	752
715	764
716	717
716	718
716	721
716	760
716	764
717	718
717	719
717	720
717	721
717	722
717	764
718	719
718	720
718	721
718	722
718	723
718	763
718	764
718	765
718	766
718	767
718	768
718	769
719	720
719	721
719	722
719	723
719	724
719	768
720	721
720	722
720	723
720	724
720	725
721	722
721	723
721	724
721	725
721	726
721	752
721	764
721	768
721	771
721	772
722	723
722	724
722	725
722	726
722	727
722	767
722	768
722	771
723	724
723	725
723	726
723	727
723	728
723	771
724	725
724	726
724	727
724	728
724	729
724	775
725	726
725	727
725	728
725	729
725	730
725	749
725	768
725	771
725	772
725	773
725	775
726	727
726	728
726	729
726	730
726	731
726	771
726	775
727	728
727	729
727	730
727	731
727	732
728	729
728	730
728	731
728	732
728	733
728	741
728	744
728	745
728	749
728	775
728	779
729	730
729	731
729	732
729	733
729	770
729	771
729	772
729	774
729	775
729	778
729	779
730	731
730	732
730	733
730	734
731	732
731	733
731	734
731	735
731	741
732	733
732	734
732	735
732	741
732	775
732	778
732	779
733	734
733	735
733	741
733	778
733	782
734	735
734	736
734	778
735	736
735	737
735	738
735	741
736	737
736	738
736	739
737	738
737	739
737	740
737	741
737	742
737	783
738	739
738	740
738	741
738	742
738	743
738	779
738	782
738	783
738	785
738	786
739	740
739	741
739	742
739	743
739	744
739	783
739	785
739	786
740	741
740	742
740	743
740	744
740	745
740	783
741	742
741	743
741	744
741	745
741	746
741	779
741	783
742	743
742	744
742	745
742	746
742	747
742	779
742	783
742	785
742	786
742	789
743	744
743	745
743	746
743	747
743	789
744	745
744	746
744	747
744	748
745	746
745	747
745	748
745	749
745	750
745	779
746	747
746	748
746	749
746	750
746	751
746	776
746	779
746	780
746	786
746	787
746	789
746	790
746	791
746	793
747	748
747	749
747	750
747	751
747	752
747	789
747	793
748	749
748	750
748	751
748	752
748	753
749	750
749	751
749	752
749	753
749	772
749	775
749	776
749	779
750	751
750	752
750	753
750	754
750	761
750	772
750	776
750	789
750	790
750	793
750	794
750	795
750	798
751	752
751	753
751	754
751	758
751	761
751	764
751	798
752	753
752	754
752	758
752	760
752	761
752	764
752	768
752	769
752	772
752	798
753	754
753	755
753	756
753	758
753	761
753	762
753	764
753	769
753	772
753	773
753	776
753	790
753	795
753	798
753	799
753	802
754	755
754	756
754	758
754	761
754	762
754	764
754	769
754	798
754	799
754	801
754	802
754	808
754	812
755	756
755	757
755	758
755	761
755	762
755	797
755	798
755	801
756	757
756	758
756	759
756	761
756	762
756	798
757	758
757	759
757	760
757	762
757	798
758	759
758	760
758	761
758	762
758	764
758	798
759	760
759	761
759	762
759	763
760	761
760	762
760	763
760	764
761	762
761	763
761	764
761	769
761	798
761	808
762	763
762	764
762	801
762	808
763	764
763	765
764	765
764	766
764	768
764	769
764	772
764	808
765	766
765	767
765	768
765	769
765	770
765	812
766	767
766	768
766	769
766	770
766	771
766	808
766	809
766	811
766	812
767	768
767	769
767	770
767	771
767	772
767	811
768	769
768	770
768	771
768	772
768	773
769	770
769	771
769	772
769	773
769	774
769	802
769	808
769	812
769	815
770	771
770	772
770	773
770	774
770	775
770	809
770	811
770	812
770	815
771	772
771	773
771	774
771	775
771	776
772	773
772	774
772	775
772	776
772	777
773	774
773	775
773	776
773	777
773	778
773	799
773	802
773	812
773	815
773	816
773	819
774	775
774	776
774	777
774	778
774	779
774	815
774	818
774	819
775	776
775	777
775	778
775	779
775	780
776	777
776	778
776	779
776	780
776	781
776	790
776	799
776	819
777	778
777	779
777	780
777	781
777	782
777	815
777	818
777	819
777	820
777	822
778	779
778	780
778	781
778	782
779	780
779	781
779	782
779	783
779	786
779	787
780	781
780	782
780	783
780	784
780	786
780	787
780	790
780	819
780	822
780	823
780	826
781	782
781	783
781	822
781	826
782	783
782	784
782	822
782	826
783	784
783	785
783	786
783	787
783	788
783	826
784	785
784	786
784	787
784	788
784	789
784	826
784	828
784	829
785	786
785	787
785	788
785	789
785	790
786	787
786	788
786	789
786	790
786	791
787	788
787	789
787	790
787	791
787	792
787	796
787	823
787	826
787	829
788	789
788	790
788	791
788	792
788	793
788	828
788	829
789	790
789	791
789	792
789	793
789	794
789	795
790	791
790	792
790	793
790	794
790	795
790	796
790	799
790	819
790	823
790	829
791	792
791	793
791	794
791	795
791	796
791	797
791	828
791	829
791	832
791	836
792	793
792	794
792	795
793	794
793	795
793	796
793	797
793	798
794	795
794	796
794	797
794	798
794	799
795	796
795	797
795	798
795	799
795	800
796	797
796	798
796	799
796	800
796	801
796	820
796	823
796	829
796	833
797	798
797	799
797	800
797	801
797	802
798	799
798	800
798	801
798	802
798	803
798	816
799	800
799	801
799	802
799	803
799	804
799	816
799	817
799	819
799	820
799	823
800	801
800	802
800	803
800	804
800	805
800	816
800	820
800	833
800	838
800	843
801	802
801	803
801	804
801	805
801	806
801	808
802	803
802	804
802	805
802	806
802	808
802	812
802	813
802	816
803	804
803	805
803	812
803	813
803	814
803	816
803	817
803	820
803	842
803	843
803	844
804	805
804	806
804	813
804	838
804	841
804	842
804	843
805	806
805	807
805	808
805	813
806	807
806	808
807	808
807	809
808	809
808	810
808	812
808	813
809	810
809	811
809	812
809	813
809	814
810	811
810	812
810	813
810	814
810	815
811	812
811	813
811	814
811	815
811	816
812	813
812	814
812	815
812	816
812	817
813	814
813	815
813	816
813	817
813	818
813	844
814	815
814	816
814	817
814	818
814	819
814	844
815	816
815	817
815	818
815	819
815	820
816	817
816	818
816	819
816	820
816	821
817	818
817	819
817	820
817	821
817	822
817	843
817	844
818	819
818	820
818	821
818	822
818	823
818	843
819	820
819	821
819	822
819	823
819	824
820	821
820	822
820	823
820	824
820	825
820	833
820	843
821	822
821	823
821	824
821	825
821	826
821	840
821	841
821	842
821	843
821	844
822	823
822	824
822	825
822	826
823	824
823	825
823	826
823	827
823	829
823	830
823	833
824	825
824	826
824	827
824	829
824	830
824	833
824	834
824	838
824	839
824	840
824	843
825	826
825	827
825	830
826	827
826	828
826	829
826	830
826	831
827	828
827	829
827	830
827	831
827	832
828	829
828	830
828	831
828	832
829	830
829	831
829	832
829	833
829	834
830	831
830	832
830	833
830	834
830	835
830	838
831	832
831	833
831	834
831	835
831	836
832	833
832	834
832	835
832	836
832	837
833	834
833	835
833	836
833	837
833	838
833	839
833	843
834	835
834	836
834	837
834	838
834	839
835	836
835	837
835	838
836	837
836	838
837	838
837	839
837	842
838	839
838	840
838	842
838	843
839	840
839	841
839	842
839	843
840	841
840	842
840	843
840	844
841	842
841	843
841	844
842	843
842	844
843	844
