82	83
82	84
82	85
82	86
82	87
82	104
83	84
83	85
83	86
83	87
83	88
83	105
83	108
83	119
83	120
83	123
84	85
84	86
84	87
84	88
84	89
85	86
85	87
85	88
85	89
85	90
85	101
86	87
86	88
86	89
86	90
86	91
86	101
86	102
86	104
86	105
86	108
86	125
87	88
87	89
87	90
87	91
87	92
87	101
87	105
87	123
87	125
88	89
88	90
88	91
88	92
88	101
89	90
89	91
89	92
89	93
89	94
89	97
89	98
89	99
89	101
90	91
90	92
90	93
90	97
90	98
90	101
90	102
90	105
90	125
91	92
91	93
91	98
91	123
91	124
91	125
92	93
92	94
92	95
92	97
92	98
93	94
93	95
93	98
94	95
94	96
94	97
94	98
94	99
95	96
95	97
95	98
95	99
95	100
96	97
96	98
96	99
96	100
96	101
97	98
97	99
97	100
97	101
97	102
98	99
98	100
98	101
98	102
98	103
99	100
99	101
99	102
99	103
99	104
100	101
100	102
100	103
100	104
100	105
101	102
101	103
101	104
101	105
101	106
102	103
102	104
102	105
102	106
102	107
103	104
103	105
103	106
103	107
103	108
104	105
104	106
104	107
104	108
104	109
105	106
105	107
105	108
105	109
105	110
105	120
105	123
105	125
106	107
106	108
106	109
106	110
106	111
107	108
107	109
107	110
107	111
108	109
108	110
108	111
108	114
108	115
108	116
108	120
109	110
109	111
109	115
109	116
109	117
109	120
110	111
110	112
110	115
111	112
111	113
111	114
111	115
111	116
112	113
112	114
112	115
113	114
113	115
114	115
114	116
114	117
115	116
115	117
115	118
115	119
116	117
116	118
116	119
116	120
116	121
117	118
117	119
117	120
117	121
117	122
118	119
118	120
118	121
118	122
118	123
119	120
119	121
119	122
119	123
119	124
120	121
120	122
120	123
120	124
120	125
120	126
121	122
121	123
121	124
121	125
121	126
122	123
122	124
122	125
123	124
123	125
123	126
124	125
124	126
125	126
