72	73
72	74
72	75
72	76
72	77
72	108
73	74
73	75
73	76
73	77
73	78
74	75
74	76
74	77
74	78
74	79
74	101
74	104
74	106
74	111
75	76
75	77
75	78
75	79
75	80
75	101
75	106
75	107
75	108
75	111
76	77
76	78
76	79
76	80
76	81
76	111
77	78
77	79
77	80
77	81
77	82
77	97
78	79
78	80
78	81
78	82
78	83
78	97
78	98
78	101
78	111
78	114
78	115
79	80
79	81
79	82
79	83
79	84
79	110
79	111
79	114
79	117
80	81
80	82
80	83
80	84
80	85
80	114
81	82
81	83
81	84
81	85
81	86
81	97
82	83
82	84
82	85
82	86
82	87
82	94
82	97
82	98
82	114
82	115
82	118
83	84
83	85
83	86
83	87
83	88
83	94
83	114
83	117
83	118
84	85
84	86
84	87
84	88
84	89
84	90
85	86
85	87
85	88
85	89
85	90
85	91
85	93
85	94
85	97
86	87
86	88
86	89
86	90
86	91
86	94
86	118
86	121
87	88
87	89
87	90
87	94
88	89
88	90
89	90
89	91
89	92
89	94
90	91
90	92
90	93
90	94
90	95
91	92
91	93
91	94
91	95
91	96
91	118
91	121
92	93
92	94
92	95
92	96
92	97
93	94
93	95
93	96
93	97
93	98
94	95
94	96
94	97
94	98
94	99
94	118
94	119
95	96
95	97
95	98
95	99
95	100
95	118
95	119
96	97
96	98
96	99
96	100
96	101
97	98
97	99
97	100
97	101
97	102
98	99
98	100
98	101
98	102
98	103
98	114
98	115
98	116
98	118
98	119
99	100
99	101
99	102
99	103
99	104
99	119
100	101
100	102
100	103
100	104
101	102
101	103
101	104
101	105
101	106
101	111
101	112
101	115
102	103
102	104
102	105
102	106
102	112
102	115
102	116
102	119
103	104
103	105
103	106
104	105
104	106
105	106
105	107
105	112
106	107
106	108
106	112
107	108
107	109
107	112
108	109
108	110
108	111
108	112
108	113
109	110
109	111
109	112
109	113
109	114
110	111
110	112
110	113
110	114
110	115
111	112
111	113
111	114
111	115
111	116
112	113
112	114
112	115
112	116
112	117
113	114
113	115
113	116
113	117
113	118
114	115
114	116
114	117
114	118
114	119
115	116
115	117
115	118
115	119
115	120
116	117
116	118
116	119
116	120
116	121
117	118
117	119
117	120
117	121
118	119
118	120
118	121
119	120
119	121
120	121
