139	140
139	141
140	141
140	142
140	143
140	144
141	142
141	143
142	143
142	144
142	147
143	144
143	145
143	146
143	147
143	148
144	145
144	146
144	147
144	148
144	149
145	146
145	147
145	148
145	149
145	150
146	147
146	148
146	149
146	150
146	151
147	148
147	149
147	150
147	151
147	152
147	154
147	156
148	149
148	150
148	151
148	152
148	153
148	154
148	155
148	156
149	150
149	151
149	152
149	153
149	154
150	151
150	152
150	153
151	152
151	153
151	154
151	155
151	156
151	157
152	153
152	154
153	154
153	155
154	155
154	156
155	156
155	157
156	157
156	158
157	158
