11	12
11	13
11	14
11	38
11	39
11	40
12	13
12	14
12	15
12	37
12	38
12	39
12	40
13	14
13	15
13	17
13	39
13	40
14	15
14	16
14	17
14	18
14	35
14	36
14	39
14	40
15	16
15	17
15	39
15	40
16	17
16	18
16	39
16	40
17	18
17	19
17	40
18	19
18	20
19	20
19	21
19	36
20	21
20	22
20	36
21	22
21	23
21	24
21	28
21	29
21	30
21	32
21	33
21	34
21	36
22	23
22	24
22	25
22	29
23	24
23	25
23	26
23	27
23	28
23	29
23	30
24	25
24	26
24	29
24	30
24	31
24	33
25	26
25	27
25	29
25	30
26	27
26	28
26	29
26	30
26	31
27	28
27	29
27	30
27	31
27	32
28	29
28	30
28	31
28	32
28	33
29	30
29	31
29	32
29	33
29	34
30	31
30	32
30	33
30	34
30	35
31	32
31	33
31	34
31	35
31	36
31	38
32	33
32	34
32	35
32	36
32	37
33	34
33	35
33	36
33	37
33	38
34	35
34	36
34	37
34	38
34	39
35	36
35	37
35	38
35	39
35	40
36	37
36	38
36	39
36	40
37	38
37	39
37	40
38	39
38	40
39	40
