4	5
4	6
4	7
4	8
4	9
5	6
5	7
5	8
5	9
5	10
6	7
6	8
6	9
6	10
6	11
7	8
7	9
7	10
7	11
7	12
8	9
8	10
8	11
8	12
8	13
8	15
9	10
9	11
9	12
9	13
9	14
10	11
10	12
10	13
10	14
10	15
11	12
11	13
11	14
11	15
11	16
11	60
12	13
12	14
12	15
12	16
12	17
12	60
12	61
13	14
13	15
13	16
13	17
13	18
13	60
13	67
13	69
13	70
13	73
14	15
14	16
14	17
14	18
14	19
15	16
15	17
15	18
15	19
15	20
15	22
15	60
16	17
16	18
16	19
16	20
16	21
16	56
16	57
16	58
16	60
16	61
16	70
16	73
17	18
17	19
17	20
17	21
17	22
17	69
17	73
18	19
18	20
18	21
18	22
18	23
19	20
19	21
19	22
19	23
19	24
19	53
19	56
19	57
19	60
20	21
20	22
20	23
20	24
20	25
20	53
20	57
20	73
20	74
20	76
20	77
21	22
21	23
21	24
21	25
21	26
21	73
21	76
22	23
22	24
22	25
22	26
22	27
22	56
23	24
23	25
23	26
23	27
23	28
23	46
23	49
23	50
23	53
23	76
23	77
23	78
23	80
24	25
24	26
24	27
24	28
24	29
24	75
24	76
24	77
24	78
24	79
24	80
24	81
24	108
24	111
24	115
25	26
25	27
25	28
25	29
25	30
26	27
26	28
26	29
26	30
26	31
26	33
26	34
26	42
26	45
26	46
26	49
27	28
27	29
27	30
27	31
27	42
27	46
27	79
27	80
27	81
27	115
28	29
28	30
28	31
28	32
28	42
29	30
29	31
29	32
29	33
29	34
30	31
30	32
30	33
30	34
30	35
30	38
30	39
30	41
30	42
30	43
30	45
30	46
31	32
31	33
31	34
31	35
31	36
31	37
31	38
31	39
31	42
32	33
32	34
33	34
33	35
34	35
34	36
34	38
34	45
35	36
35	37
35	38
35	39
36	37
36	38
36	39
36	40
37	38
37	39
37	40
37	41
38	39
38	40
38	41
38	42
38	45
39	40
39	41
39	42
39	43
40	41
40	42
40	43
40	44
41	42
41	43
41	44
41	45
41	46
42	43
42	44
42	45
42	46
42	47
43	44
43	45
43	46
43	47
43	48
43	80
43	81
43	82
44	45
44	46
44	47
44	48
44	49
45	46
45	47
45	48
45	49
45	50
46	47
46	48
46	49
46	50
46	51
46	80
46	81
47	48
47	49
47	50
47	51
47	52
47	80
47	81
47	83
48	49
48	50
48	51
48	52
48	53
49	50
49	51
49	52
49	53
49	54
50	51
50	52
50	53
50	54
50	55
50	77
50	78
50	79
50	80
50	81
51	52
51	53
51	54
51	55
51	56
52	53
52	54
52	55
52	56
52	57
53	54
53	55
53	56
53	57
53	58
53	77
54	55
54	56
54	57
54	58
54	59
54	74
54	77
54	78
55	56
55	57
55	58
55	59
55	60
56	57
56	58
56	59
56	60
56	61
57	58
57	59
57	60
57	61
57	62
57	70
57	73
57	74
57	77
58	59
58	60
58	61
58	62
58	63
58	74
59	60
59	61
59	62
60	61
60	62
60	64
61	62
61	63
61	64
61	65
61	66
61	70
61	74
62	63
62	64
63	64
63	65
64	65
64	66
65	66
65	67
65	70
66	67
66	68
66	70
66	71
66	94
66	98
67	68
67	69
67	70
67	71
67	72
67	98
67	99
68	69
68	70
68	71
68	72
68	73
68	91
68	94
68	95
68	98
68	99
68	102
68	105
69	70
69	71
69	72
69	73
69	74
69	95
69	99
69	102
70	71
70	72
70	73
70	74
70	75
71	72
71	73
71	74
71	75
71	76
71	91
71	92
71	94
71	95
71	98
72	73
72	74
72	75
72	76
72	77
72	91
72	92
72	95
72	102
72	104
72	105
72	108
73	74
73	75
73	76
73	77
73	78
73	92
73	104
74	75
74	76
74	77
74	78
74	79
74	87
74	88
74	91
75	76
75	77
75	78
75	79
75	80
75	87
75	88
75	91
75	92
75	108
75	112
76	77
76	78
76	79
76	80
76	88
76	92
76	104
76	108
77	78
77	79
77	80
77	81
77	108
78	79
78	80
78	81
78	83
78	85
78	87
78	88
78	91
79	80
79	81
79	82
79	83
79	85
79	88
79	92
79	107
79	108
79	109
79	111
79	112
79	115
80	81
80	82
80	108
80	115
81	82
81	83
81	84
81	115
82	83
82	84
82	115
83	84
83	85
83	115
84	85
84	86
84	87
84	89
84	112
84	113
84	115
84	116
85	86
85	87
85	88
85	89
85	90
85	112
85	115
86	87
86	88
86	89
86	90
86	91
86	112
87	88
87	89
87	90
87	91
87	92
88	89
88	90
88	91
88	92
88	93
88	109
88	112
89	90
89	91
89	92
89	93
89	94
89	109
89	112
89	113
89	116
90	91
90	92
90	93
90	94
90	95
90	109
91	92
91	93
91	94
91	95
91	96
92	93
92	94
92	95
92	96
92	97
92	104
92	105
92	106
92	108
92	109
92	112
93	94
93	95
93	96
93	97
93	98
93	109
93	113
94	95
94	96
94	97
94	98
94	99
95	96
95	97
95	98
95	99
95	100
95	102
95	105
96	97
96	98
96	99
96	100
96	101
96	102
96	105
96	106
96	109
97	98
97	99
97	100
98	99
98	100
98	101
99	100
99	101
99	102
99	103
99	105
99	106
100	101
100	102
100	103
100	106
100	132
101	102
101	103
101	104
101	106
101	132
102	103
102	104
102	105
102	106
102	107
102	132
103	104
103	105
103	106
103	107
103	108
103	129
103	130
103	132
103	133
103	135
103	138
104	105
104	106
104	107
104	108
104	109
105	106
105	107
105	108
105	109
105	110
106	107
106	108
106	109
106	110
106	111
106	122
106	124
106	125
106	126
106	128
106	129
106	132
107	108
107	109
107	110
107	111
107	112
107	125
107	126
107	129
107	135
107	137
107	138
107	139
107	141
108	109
108	110
108	111
108	112
108	113
108	126
108	141
109	110
109	111
109	112
109	113
109	114
109	121
109	122
109	125
109	126
110	111
110	112
110	113
110	114
110	115
110	118
110	121
110	122
110	123
110	125
110	126
110	141
111	112
111	113
111	114
111	115
111	116
111	122
111	125
111	126
111	137
111	141
111	180
112	113
112	114
112	115
112	116
112	117
113	114
113	115
113	116
113	117
113	118
113	119
113	121
113	122
113	125
114	115
114	116
114	117
114	118
114	119
114	122
114	126
114	144
114	145
114	148
115	116
115	117
115	118
116	117
116	118
117	118
117	119
117	120
118	119
118	120
118	121
118	122
118	123
119	120
119	121
119	122
119	123
119	124
119	145
119	148
119	149
119	150
120	121
120	122
120	123
120	124
120	125
120	149
121	122
121	123
121	124
121	125
121	126
122	123
122	124
122	125
122	126
122	127
122	145
123	124
123	125
123	126
123	127
123	128
123	142
123	145
123	146
123	149
124	125
124	126
124	127
124	128
124	129
125	126
125	127
125	128
125	129
125	130
125	138
126	127
126	128
126	129
126	130
126	131
126	137
126	138
126	141
126	142
126	144
126	145
127	128
127	129
127	130
127	131
127	132
127	138
127	142
128	129
128	130
128	131
128	132
128	133
129	130
129	131
129	132
129	133
129	134
129	135
129	138
130	131
130	132
130	133
130	134
130	135
130	138
130	139
130	142
130	167
131	132
131	133
132	133
132	134
133	134
133	135
133	138
134	135
134	136
134	139
134	170
134	173
134	174
135	136
135	137
135	138
135	139
135	140
135	174
136	137
136	138
136	139
136	140
136	141
136	171
136	174
136	175
136	178
136	181
137	138
137	139
137	140
137	141
137	142
137	180
138	139
138	140
138	141
138	142
138	143
139	140
139	141
139	142
139	143
139	144
139	167
139	168
139	170
139	171
139	174
139	184
140	141
140	142
140	143
140	144
140	145
140	167
140	168
140	171
140	178
140	180
140	181
140	184
141	142
141	143
141	144
141	145
141	146
141	180
141	184
142	143
142	144
142	145
142	146
142	147
142	163
142	164
142	167
143	144
143	145
143	146
143	147
143	148
143	160
143	163
143	164
143	165
143	167
143	168
143	184
143	185
143	188
144	145
144	146
144	147
144	148
144	149
144	164
144	180
144	183
144	184
144	187
145	146
145	147
145	148
145	149
146	147
146	148
146	149
146	157
146	159
146	160
146	161
146	163
146	164
146	167
147	148
147	149
147	157
147	160
147	161
147	164
147	184
147	187
147	188
147	190
147	191
148	149
148	150
148	157
149	150
149	151
149	157
149	160
150	151
150	152
150	156
151	152
151	153
151	154
151	156
151	157
151	160
152	153
152	154
153	154
153	155
153	156
153	157
153	158
154	155
154	156
154	157
154	158
154	159
154	195
155	156
155	157
155	158
155	159
155	160
156	157
156	158
156	159
156	160
156	161
157	158
157	159
157	160
157	161
157	162
157	195
158	159
158	160
158	161
158	162
158	163
158	192
158	195
158	196
159	160
159	161
159	162
159	163
159	164
159	166
159	195
160	161
160	162
160	163
160	164
160	165
161	162
161	163
161	164
161	165
161	166
161	188
161	191
161	192
161	193
161	195
161	196
162	163
162	164
162	165
162	166
162	167
162	192
162	196
163	164
163	165
163	166
163	167
163	168
164	165
164	166
164	167
164	168
164	169
164	184
164	185
164	187
164	188
165	166
165	167
165	168
165	169
165	170
165	185
165	188
165	189
165	192
166	167
166	168
166	169
166	170
166	171
166	188
167	168
167	169
167	170
167	171
167	172
168	169
168	170
168	171
168	172
168	173
168	181
168	184
168	185
168	186
168	188
169	170
169	171
169	172
169	173
169	174
169	185
169	189
170	171
170	172
170	173
170	174
170	175
171	172
171	173
171	174
171	175
171	176
171	181
171	184
172	173
172	174
172	175
172	176
172	177
172	178
172	181
172	182
172	185
173	174
173	175
173	176
174	175
174	176
175	176
175	177
175	178
175	179
175	181
175	182
176	177
176	178
176	179
176	182
177	178
177	179
177	182
178	179
178	180
178	181
178	182
178	183
179	180
179	181
179	182
179	183
179	184
180	181
180	182
180	183
180	184
180	185
181	182
181	183
181	184
181	185
181	186
182	183
182	184
182	185
182	186
182	187
183	184
183	185
183	186
183	187
183	188
184	185
184	186
184	187
184	188
184	189
185	186
185	187
185	188
185	189
185	190
186	187
186	188
186	189
186	190
186	191
187	188
187	189
187	190
187	191
187	192
188	189
188	190
188	191
188	192
188	193
189	190
189	191
189	192
189	193
189	194
190	191
190	192
190	193
190	194
190	195
191	192
191	193
191	194
191	195
191	196
192	193
192	194
192	195
192	196
192	197
192	198
193	194
193	195
193	196
193	197
193	198
194	195
194	196
194	197
194	198
195	196
195	197
195	198
196	197
196	198
197	198
