314	315
314	316
314	317
315	316
315	317
316	317
316	318
317	318
317	319
318	319
318	320
318	331
319	320
319	321
320	321
320	322
320	323
320	324
320	328
320	331
320	332
321	322
321	323
322	323
322	324
322	325
322	326
322	327
322	328
322	329
323	324
323	325
323	327
323	328
323	329
323	330
323	332
324	325
324	326
324	328
324	329
325	326
325	327
325	328
325	329
325	330
326	327
326	328
326	329
326	330
326	331
327	328
327	329
327	330
327	331
327	332
328	329
328	330
328	331
328	332
328	333
329	330
329	331
329	332
329	333
330	331
330	332
330	333
331	332
331	333
332	333
