2	3
2	4
2	28
2	81
2	83
3	4
3	5
3	28
3	81
3	82
3	83
3	84
4	5
4	6
4	28
4	29
4	30
4	61
4	80
4	81
4	82
4	83
4	84
5	6
5	7
5	22
5	27
5	28
5	29
5	30
5	31
5	81
5	82
5	83
5	84
5	85
5	86
5	255
6	7
6	8
6	28
6	29
6	30
6	31
6	32
6	73
6	76
6	77
6	82
6	83
6	84
6	85
6	86
6	87
6	115
7	8
7	9
7	10
7	15
7	18
7	19
7	22
7	29
7	30
7	31
7	32
7	33
7	84
7	85
7	86
7	87
7	88
8	9
8	10
8	11
8	15
8	30
8	31
8	32
8	33
8	67
8	73
8	85
8	86
8	87
8	88
8	89
8	90
8	115
9	10
9	11
9	12
9	13
9	14
9	15
9	16
9	31
9	32
9	33
9	67
9	86
9	88
9	89
9	90
10	11
10	12
10	14
10	15
10	16
10	17
10	19
10	31
10	32
10	33
10	48
10	49
10	88
10	89
11	12
11	13
11	15
11	16
11	19
11	31
11	32
11	33
11	35
11	37
11	38
11	39
11	46
11	48
11	49
11	62
12	13
12	14
12	15
12	16
12	17
12	33
12	37
12	38
12	48
12	198
13	14
13	15
13	16
13	17
13	18
13	37
13	92
13	188
13	189
13	190
13	191
13	198
13	199
13	200
13	242
13	243
13	244
14	15
14	16
14	17
14	18
14	19
14	88
14	185
14	188
14	244
14	247
14	248
14	251
15	16
15	17
15	18
15	19
15	20
15	49
15	88
16	17
16	18
16	19
16	20
16	21
16	48
16	49
16	52
16	197
16	198
17	18
17	19
17	20
17	21
17	22
17	52
17	190
17	191
17	192
17	197
17	198
17	199
17	244
17	245
17	248
18	19
18	20
18	21
18	22
18	23
18	86
18	88
18	244
18	247
18	248
18	249
18	251
18	252
19	20
19	21
19	22
19	23
19	24
19	29
19	31
19	49
19	52
19	56
19	60
19	88
20	21
20	22
20	23
20	24
20	25
20	51
20	52
20	55
20	56
20	192
20	197
21	22
21	23
21	24
21	25
21	26
21	27
21	192
21	245
21	248
21	249
21	252
22	23
22	24
22	25
22	26
22	27
22	28
22	29
22	86
22	251
22	252
22	255
23	24
23	25
23	26
23	27
23	28
23	29
23	52
23	53
23	56
23	58
23	59
23	60
24	25
24	26
24	27
24	55
24	56
24	58
24	192
24	249
25	26
25	27
25	58
25	252
26	27
26	28
26	58
27	28
27	29
27	83
27	252
27	255
27	256
27	259
28	29
28	30
28	83
29	30
29	31
29	59
29	60
29	61
30	31
30	32
30	61
30	62
30	63
30	76
30	80
30	82
31	32
31	33
31	49
31	60
31	61
31	62
31	63
31	64
32	33
32	34
32	61
32	62
32	63
32	64
32	65
32	66
32	67
32	73
32	76
32	89
33	34
33	35
33	36
33	37
33	38
33	46
33	62
33	63
33	64
33	65
33	66
34	35
34	36
34	37
34	40
34	62
34	63
34	64
34	65
34	66
34	67
35	36
35	37
35	38
35	39
35	40
35	41
35	44
35	45
35	46
35	47
35	62
35	64
35	65
35	202
36	37
36	38
36	90
36	91
36	100
36	202
37	38
37	39
37	92
37	200
37	201
37	202
38	39
38	40
38	46
38	48
38	200
38	202
39	40
39	41
39	42
39	45
39	46
39	47
39	48
39	200
39	202
40	41
40	42
40	43
40	45
40	46
40	47
40	64
41	42
41	43
41	44
41	45
41	46
41	47
41	50
42	43
42	44
42	45
42	47
42	50
43	44
43	45
43	46
43	50
44	45
44	46
44	62
44	64
45	46
45	47
45	48
45	49
45	50
45	53
45	60
45	61
45	62
46	47
46	48
46	49
46	50
46	51
46	62
47	48
47	49
47	50
47	51
47	52
47	197
48	49
48	50
48	51
48	52
48	53
48	197
49	50
49	51
49	52
49	53
49	54
49	60
49	62
49	197
50	51
50	52
50	53
50	54
50	55
51	52
51	53
51	54
51	55
51	56
51	195
51	196
51	197
52	53
52	54
52	55
52	56
52	57
52	58
52	60
52	197
53	54
53	55
53	56
53	57
53	58
53	59
53	60
53	61
54	55
54	56
54	57
54	58
55	56
55	57
55	58
55	192
55	194
55	196
55	197
56	57
56	58
56	59
56	60
57	58
57	59
58	59
58	60
59	60
59	61
60	61
60	62
61	62
61	63
61	79
61	80
62	63
62	64
62	65
63	64
63	65
63	72
63	76
63	79
63	80
64	65
64	66
65	66
65	67
65	69
65	72
65	73
65	76
66	67
66	68
66	69
66	70
66	72
66	73
66	107
66	114
67	68
67	69
67	70
67	73
67	87
67	89
67	90
67	107
67	108
67	111
67	112
67	114
67	115
67	118
68	69
68	70
68	73
68	106
68	107
68	110
68	111
68	114
69	70
69	71
69	72
69	73
69	74
69	75
69	114
69	118
70	71
70	72
70	73
70	74
70	75
70	114
70	118
71	72
71	73
71	74
71	75
71	76
71	118
72	73
72	74
72	75
72	76
72	77
73	74
73	75
73	76
73	77
73	78
73	111
73	114
73	115
73	118
73	122
74	75
74	76
74	77
74	78
74	79
74	118
74	122
75	76
75	77
75	78
75	79
75	80
75	122
76	77
76	78
76	79
76	80
76	81
76	82
77	78
77	79
77	80
77	81
77	82
77	85
77	115
77	118
77	119
77	122
77	124
78	79
78	80
78	81
78	122
79	80
79	81
80	81
80	82
81	82
81	83
81	124
82	83
82	84
82	85
82	123
82	124
83	84
83	85
83	124
83	125
83	126
83	259
84	85
84	86
84	119
84	124
84	126
84	127
84	128
84	255
84	258
85	86
85	87
85	115
85	119
85	124
85	126
85	127
85	128
85	129
85	255
85	258
86	87
86	88
86	89
86	126
86	127
86	128
86	129
86	130
86	185
86	251
86	252
86	255
87	88
87	89
87	90
87	107
87	108
87	111
87	112
87	115
87	127
87	128
87	129
87	130
87	161
87	164
87	185
88	89
88	90
88	128
88	130
88	161
88	185
88	251
89	90
89	91
89	107
89	108
89	112
89	130
89	161
90	91
90	92
90	107
90	108
90	161
91	92
91	93
91	100
91	103
91	104
91	106
91	107
91	108
91	157
91	160
91	161
92	93
92	94
92	95
92	96
92	97
92	104
92	108
92	157
92	199
92	207
93	94
93	95
93	96
93	97
93	98
93	104
93	155
93	157
93	206
94	95
94	96
94	97
94	104
94	202
94	204
94	206
95	96
95	97
95	98
95	99
95	104
95	206
95	301
96	97
96	98
96	99
96	100
96	101
96	104
96	206
97	98
97	99
97	100
97	101
97	102
97	104
97	155
97	156
97	157
97	158
98	99
98	100
98	101
98	104
98	154
98	155
98	156
98	157
98	301
99	100
99	101
99	156
99	301
100	101
100	102
100	103
100	104
100	105
100	156
101	102
101	103
101	104
101	105
101	106
101	156
102	103
102	104
102	105
102	106
102	107
103	104
103	105
103	106
103	107
103	108
104	105
104	106
104	107
104	108
104	109
104	110
104	156
104	157
104	160
105	106
105	107
105	108
105	109
105	110
105	111
105	155
105	156
105	157
105	159
105	160
105	163
106	107
106	108
106	109
106	110
106	111
106	112
107	108
107	109
107	110
107	111
107	112
108	109
108	110
108	111
108	112
108	113
108	156
108	157
108	160
108	161
108	164
109	110
109	111
109	112
109	113
109	114
109	160
109	163
109	164
109	167
110	111
110	112
110	113
110	114
110	115
111	112
111	113
111	114
111	115
111	116
112	113
112	114
112	115
112	116
112	117
112	127
112	129
112	164
112	167
112	168
113	114
113	115
113	116
113	117
113	118
113	167
114	115
114	116
114	117
114	118
114	119
115	116
115	117
115	118
115	119
115	120
115	127
116	117
116	118
116	119
116	120
116	121
116	124
116	127
116	164
116	167
116	168
116	171
116	178
117	118
117	119
117	120
117	121
117	122
118	119
118	120
118	121
118	122
118	123
118	124
119	120
119	121
119	122
119	123
119	124
119	125
119	126
119	127
119	178
120	121
120	122
120	123
120	124
120	125
120	171
120	175
120	178
121	122
121	123
121	124
122	123
122	124
123	124
123	125
124	125
124	126
124	178
125	126
125	127
125	175
125	177
125	178
125	179
125	180
125	258
126	127
126	128
126	177
126	178
126	179
126	180
126	258
126	259
126	261
127	128
127	129
127	168
127	178
127	179
127	180
127	181
127	182
127	258
128	129
128	130
128	179
128	180
128	181
128	182
128	183
128	185
128	251
128	254
128	255
128	258
129	130
129	131
129	160
129	161
129	164
129	165
129	168
129	181
129	182
129	183
129	184
129	185
129	251
130	131
130	132
130	157
130	161
130	181
130	183
130	184
130	185
130	251
131	132
131	133
131	135
131	157
131	161
131	162
131	165
131	182
131	183
131	184
131	185
132	133
132	134
132	135
132	136
132	157
132	161
132	165
132	183
132	184
132	185
132	186
133	134
133	135
133	136
133	137
133	144
133	184
133	185
133	186
133	187
133	268
133	307
134	135
134	136
134	137
134	138
134	153
134	154
134	155
134	157
134	158
134	161
134	185
135	136
135	137
135	149
135	150
135	151
135	152
135	153
135	158
135	161
135	162
135	165
135	184
136	137
136	138
136	139
136	140
136	144
136	145
136	146
136	147
136	148
136	149
136	150
136	151
136	152
136	153
136	184
136	186
136	266
136	267
136	268
137	138
137	139
137	140
137	144
137	148
137	149
137	150
137	151
137	152
137	153
137	154
137	304
138	139
138	140
138	141
138	148
138	152
138	153
138	154
138	303
138	304
138	305
138	306
139	140
139	141
139	142
139	144
139	148
139	304
139	306
139	307
139	308
140	141
140	142
140	144
140	148
140	149
141	142
141	143
141	144
141	145
141	146
141	147
141	148
141	149
142	143
142	144
142	148
142	306
142	307
142	308
143	144
143	145
143	148
143	272
143	308
143	309
143	310
143	311
144	145
144	146
144	148
144	186
144	268
144	306
144	307
144	308
144	309
144	310
144	311
145	146
145	147
145	148
145	149
145	184
145	268
145	308
145	309
145	310
146	147
146	148
146	149
146	150
146	184
146	266
146	267
146	268
146	269
146	310
146	311
146	312
146	313
146	314
147	148
147	149
147	150
147	184
148	149
148	150
148	184
149	150
149	151
150	151
150	152
150	153
150	162
150	165
150	166
150	169
150	184
151	152
151	153
151	162
152	153
152	154
152	159
152	162
153	154
153	155
153	158
153	159
153	162
154	155
154	156
154	158
154	159
154	301
154	302
154	304
155	156
155	157
155	158
155	159
155	160
156	157
156	158
156	159
156	160
156	161
157	158
157	159
157	160
157	161
157	162
158	159
158	160
158	161
158	162
158	163
159	160
159	161
159	162
159	163
159	164
160	161
160	162
160	163
160	164
160	165
161	162
161	163
161	164
161	165
161	166
162	163
162	164
162	165
162	166
162	167
162	169
163	164
163	165
163	166
163	167
163	168
164	165
164	166
164	167
164	168
164	169
164	182
165	166
165	167
165	168
165	169
165	170
165	182
165	183
165	184
165	264
165	266
166	167
166	168
166	169
166	170
166	171
166	182
167	168
167	169
167	170
167	171
167	172
168	169
168	170
168	171
168	172
168	173
168	180
168	182
168	264
169	170
169	171
169	172
169	173
169	174
169	182
169	184
169	264
169	266
170	171
170	172
170	173
170	174
170	175
171	172
171	173
171	174
171	175
171	176
171	178
172	173
172	174
172	175
172	176
172	177
172	178
172	179
172	180
172	263
172	264
173	174
173	175
173	176
174	175
174	176
175	176
175	177
175	178
175	179
176	177
176	178
176	179
176	261
176	263
177	178
177	179
177	261
178	179
178	180
178	262
178	263
178	264
179	180
179	181
179	257
179	258
179	259
179	260
179	261
179	262
179	263
179	264
180	181
180	182
180	258
180	262
180	263
180	264
180	265
180	266
181	182
181	183
181	254
181	255
181	257
181	258
181	262
181	263
181	264
181	265
181	266
181	267
181	318
182	183
182	184
182	264
182	265
182	266
182	267
182	268
183	184
183	185
183	247
183	250
183	251
183	254
183	265
183	266
183	267
183	268
183	269
183	318
184	185
184	186
184	266
184	267
184	268
184	269
184	270
185	186
185	187
185	188
185	242
185	247
185	251
185	267
185	268
185	269
185	270
186	187
186	188
186	240
186	241
186	242
186	247
186	268
186	269
186	270
186	271
186	307
186	308
186	309
186	310
187	188
187	189
187	239
187	240
187	241
187	242
187	243
187	269
187	307
188	189
188	190
188	199
188	207
188	209
188	240
188	241
188	242
188	243
188	244
188	247
189	190
189	191
189	199
189	209
189	210
189	241
189	242
189	243
189	244
189	245
189	280
190	191
190	192
190	197
190	198
190	199
190	209
190	242
190	243
190	244
191	192
191	193
191	194
191	195
191	197
191	198
191	199
191	243
191	244
191	245
192	193
192	194
192	195
192	196
192	197
192	198
192	243
192	244
192	245
193	194
193	195
193	196
193	243
193	245
194	195
194	196
194	197
195	196
195	197
195	198
196	197
196	198
197	198
197	199
198	199
198	200
199	200
199	201
199	207
199	209
199	210
200	201
200	202
201	202
201	203
201	204
201	205
201	206
201	207
201	210
201	214
201	219
202	203
202	204
202	205
202	206
203	204
203	205
203	214
203	219
203	220
204	205
204	206
204	207
204	211
204	214
204	219
204	220
205	206
205	207
205	210
205	211
205	214
205	220
206	207
206	208
206	211
206	226
206	300
207	208
207	209
207	210
207	211
207	212
207	300
208	209
208	210
208	211
208	212
208	213
208	223
208	224
208	241
208	276
208	277
208	280
208	281
208	300
209	210
209	211
209	212
209	213
209	214
209	241
209	280
209	281
209	284
210	211
210	212
210	213
210	214
210	215
211	212
211	213
211	214
211	215
211	216
211	220
211	222
211	223
211	224
212	213
212	214
212	215
212	216
212	217
212	223
212	280
212	281
212	284
212	292
213	214
213	215
213	216
213	217
213	218
213	284
213	292
214	215
214	216
214	217
214	218
214	219
214	220
215	216
215	217
215	218
215	219
215	220
215	221
215	222
215	223
215	291
215	292
215	293
216	217
216	218
216	219
216	220
216	284
216	288
216	290
216	291
216	292
217	218
217	219
217	220
217	290
218	219
218	220
218	221
219	220
219	221
220	221
220	222
221	222
221	223
221	292
221	293
221	294
222	223
222	224
222	293
222	294
222	295
223	224
223	225
223	277
223	281
223	292
223	293
223	294
223	295
223	296
224	225
224	226
224	293
224	294
224	295
224	296
224	297
225	226
225	227
225	228
225	236
225	277
225	278
225	281
225	294
225	295
225	296
225	297
225	298
226	227
226	228
226	230
226	237
226	277
226	295
226	296
226	297
226	298
226	299
226	300
226	303
227	228
227	229
227	230
227	235
227	236
227	237
227	296
227	297
227	298
227	299
227	300
228	229
228	230
228	234
228	235
228	236
228	296
228	297
228	299
229	230
229	231
229	234
229	235
229	236
229	299
230	231
230	232
230	233
230	234
230	235
230	236
230	237
230	299
230	300
230	303
230	304
230	305
231	232
231	233
231	235
231	299
231	305
231	306
232	233
232	234
232	235
232	236
232	237
232	238
232	276
232	305
232	306
233	234
233	235
233	236
233	238
234	235
234	236
234	237
234	238
234	276
234	277
234	278
234	279
235	236
235	237
236	237
236	238
236	276
236	277
236	278
236	279
236	305
237	238
237	239
237	241
237	275
237	276
237	277
237	278
237	304
237	305
237	306
238	239
238	240
238	241
238	274
238	275
238	276
238	277
238	279
238	304
238	305
238	306
238	307
238	308
239	240
239	241
239	273
239	274
239	275
239	276
239	300
239	303
239	304
239	305
239	306
239	307
239	308
240	241
240	242
240	269
240	270
240	271
240	272
240	273
240	274
240	275
240	307
240	308
240	309
240	310
240	311
241	242
241	243
241	270
241	271
241	273
241	274
241	275
241	276
241	277
241	280
241	324
241	326
242	243
242	244
242	245
242	246
242	247
242	269
242	270
242	271
242	320
242	322
242	324
243	244
243	245
243	246
243	247
243	248
243	271
243	322
243	324
243	325
244	245
244	246
244	247
244	248
244	249
245	246
245	247
245	248
245	249
245	250
245	320
245	324
246	247
246	248
246	249
246	250
246	251
246	269
246	271
246	320
246	321
246	322
246	323
246	324
246	325
247	248
247	249
247	250
247	251
247	252
247	269
247	270
247	320
248	249
248	250
248	251
248	252
248	253
248	320
249	250
249	251
249	252
249	253
249	254
249	256
249	320
250	251
250	252
250	253
250	254
250	255
250	269
250	318
250	320
251	252
251	253
251	254
251	255
251	256
251	269
251	320
252	253
252	254
252	255
252	256
252	257
253	254
253	255
253	256
253	257
253	258
253	318
253	319
253	320
254	255
254	256
254	257
254	258
254	259
254	262
254	318
255	256
255	257
255	258
255	259
255	260
256	257
256	258
256	259
256	260
256	318
256	319
256	320
257	258
257	259
257	260
257	261
257	262
257	265
257	267
257	316
257	317
257	318
258	259
258	260
258	261
258	262
258	263
259	260
259	261
259	262
260	261
260	262
260	317
261	262
261	263
261	265
262	263
262	264
262	265
262	267
263	264
263	265
264	265
264	266
265	266
265	267
265	317
266	267
266	268
266	313
267	268
267	269
267	313
267	314
267	317
267	318
268	269
268	270
268	309
268	310
268	311
268	314
268	318
268	320
269	270
269	271
269	309
269	314
269	318
269	320
270	271
270	272
270	273
270	309
270	311
270	320
270	322
271	272
271	273
271	274
271	275
271	309
271	311
271	315
271	320
271	322
271	324
272	273
272	274
272	308
272	309
272	310
272	311
273	274
273	275
273	308
273	309
274	275
274	276
274	279
274	307
274	308
275	276
275	277
275	279
275	280
275	326
276	277
276	278
276	279
276	280
276	281
277	278
277	279
277	280
277	281
277	282
278	279
278	280
278	281
278	282
278	283
278	294
279	280
279	281
279	282
279	283
279	284
279	326
280	281
280	282
280	283
280	284
280	285
280	292
280	326
281	282
281	283
281	284
281	285
281	286
281	292
281	293
281	294
282	283
282	284
282	285
282	286
282	287
283	284
283	285
283	286
283	287
283	288
283	326
284	285
284	286
284	287
284	288
284	289
284	290
284	292
285	286
285	287
285	288
285	289
285	290
285	291
285	292
285	293
286	287
286	288
286	289
286	290
287	288
287	289
287	290
288	289
288	290
288	291
288	292
289	290
289	291
290	291
290	292
291	292
291	293
292	293
292	294
293	294
293	295
294	295
294	296
295	296
295	297
296	297
296	298
297	298
297	299
298	299
298	300
299	300
299	301
299	303
300	301
300	302
300	303
301	302
301	303
302	303
302	304
303	304
303	305
304	305
304	306
304	307
305	306
305	307
306	307
306	308
307	308
307	309
308	309
308	310
309	310
309	311
310	311
310	312
310	313
310	314
311	312
311	313
311	314
311	315
311	316
311	320
312	313
312	314
312	315
312	316
312	317
313	314
313	315
313	316
313	317
313	318
313	319
314	315
314	316
314	317
314	318
314	319
314	320
314	321
315	316
315	317
315	318
315	319
315	320
315	321
315	322
316	317
316	318
316	319
316	320
317	318
317	319
317	320
318	319
318	320
319	320
319	321
320	321
320	322
321	322
321	323
321	324
322	323
322	324
322	325
323	324
323	325
324	325
324	326
325	326
