130	131
130	132
130	247
130	248
130	254
130	255
130	287
130	288
130	291
131	132
131	133
131	134
131	135
131	162
131	254
131	255
131	287
131	288
131	291
131	292
132	133
132	134
132	137
132	156
132	160
132	161
132	162
132	254
132	255
132	258
132	284
132	287
132	288
133	134
133	135
133	137
133	138
133	156
133	159
133	160
133	161
133	162
133	288
133	292
134	135
134	136
134	137
134	138
134	288
134	292
135	136
135	137
135	138
135	139
135	291
135	292
135	295
135	296
136	137
136	138
136	139
136	292
136	295
136	296
137	138
137	139
137	155
137	159
137	160
137	292
138	139
138	140
138	144
138	145
138	146
138	152
138	155
138	156
138	159
138	292
138	296
139	140
139	141
139	142
139	143
139	144
139	145
139	146
139	155
139	296
140	141
140	142
140	143
140	144
140	145
140	146
140	155
141	142
141	143
141	144
141	146
142	143
142	144
143	144
143	145
144	145
144	146
145	146
145	147
145	292
145	296
145	297
146	147
146	148
146	149
146	151
146	152
146	155
146	289
146	293
146	296
146	297
147	148
147	149
147	289
147	297
148	149
148	150
148	151
148	152
148	153
148	289
149	150
149	151
149	152
149	153
149	154
149	282
149	283
149	285
149	286
149	289
150	151
150	152
150	153
150	154
150	155
151	152
151	153
151	154
151	155
151	156
152	153
152	154
152	155
152	156
152	157
152	285
152	286
152	288
152	289
152	290
152	292
153	154
153	155
153	156
153	157
153	158
153	258
153	278
153	281
153	282
153	285
154	155
154	156
154	157
154	158
154	159
155	156
155	157
155	158
155	159
156	157
156	158
156	159
156	160
156	161
156	258
156	281
156	282
156	284
156	285
156	288
156	289
156	292
157	158
157	159
157	161
157	278
158	159
158	160
158	161
159	160
159	161
160	161
160	162
161	162
161	163
161	258
162	163
162	164
162	255
162	258
163	164
163	255
163	259
164	255
164	256
164	259
210	211
210	212
210	213
210	214
210	215
210	251
210	252
210	256
211	212
211	213
211	214
211	215
211	216
211	251
212	213
212	214
212	215
212	216
212	217
212	243
213	214
213	215
213	216
213	217
213	218
213	243
213	246
213	251
213	252
214	215
214	216
214	217
214	218
214	219
214	243
214	251
214	252
214	256
215	216
215	217
215	218
215	219
215	220
216	217
216	218
216	219
216	220
216	221
216	240
216	241
216	242
216	243
217	218
217	219
217	220
217	221
217	222
217	243
217	252
217	253
217	256
217	257
217	258
217	260
217	261
217	280
218	219
218	220
218	221
218	222
218	223
218	260
219	220
219	221
219	222
219	223
219	224
219	225
220	221
220	222
220	223
220	224
220	225
220	226
220	228
220	238
220	239
220	240
220	241
220	243
220	280
221	222
221	223
221	224
221	225
221	226
221	257
221	260
221	261
221	264
221	277
221	280
222	223
222	224
222	225
222	264
223	224
223	225
223	226
223	227
224	225
224	226
224	227
224	228
224	238
224	239
224	240
224	276
225	226
225	227
225	228
225	229
225	239
225	260
225	261
225	264
225	273
225	276
225	277
225	280
225	281
226	227
226	228
226	229
226	269
226	272
226	273
226	274
226	276
226	277
227	228
227	229
227	230
227	231
227	232
227	239
227	273
227	276
228	229
228	230
228	231
228	232
228	233
228	239
228	240
228	241
228	276
228	277
228	279
228	280
228	281
228	283
229	230
229	231
229	232
229	233
229	272
229	275
229	276
229	279
230	231
230	232
230	233
230	234
230	276
231	232
231	233
231	234
231	235
231	237
231	238
231	239
231	240
232	233
232	234
232	235
232	239
232	240
232	279
232	283
233	234
233	235
234	235
234	236
234	237
234	238
234	239
235	236
235	237
235	238
236	237
236	238
237	238
237	239
237	240
238	239
238	240
239	240
239	241
240	241
240	242
240	243
240	280
241	242
241	243
241	244
241	280
242	243
242	244
242	245
242	246
243	244
243	245
243	246
243	247
243	248
243	252
243	257
243	280
244	245
244	246
244	247
244	248
244	249
245	246
245	247
245	248
245	249
245	250
245	251
246	247
246	248
246	249
246	250
246	251
246	252
246	253
247	248
247	249
247	250
247	251
247	252
247	253
247	254
247	257
247	280
247	284
247	287
248	249
248	250
248	251
248	287
249	250
249	251
249	252
250	251
250	252
250	253
251	252
251	253
251	256
252	253
252	254
252	256
252	257
253	254
253	255
253	256
253	257
253	258
254	255
254	256
254	257
254	258
254	259
254	284
254	287
254	288
255	256
255	257
255	258
255	259
255	260
256	257
256	258
256	259
256	260
256	261
257	258
257	259
257	260
257	261
257	262
257	280
257	284
258	259
258	260
258	261
258	262
258	263
258	278
258	280
258	281
258	282
258	284
258	285
259	260
259	261
259	262
259	263
259	264
260	261
260	262
260	263
260	264
260	265
261	262
261	263
261	264
261	265
261	266
261	277
261	278
261	280
261	281
261	284
262	263
262	264
262	265
262	266
262	267
262	277
262	278
262	281
263	264
263	265
263	266
263	267
263	268
264	265
264	266
264	267
264	268
264	277
265	266
265	267
265	268
265	269
265	273
265	274
265	275
265	277
265	278
265	281
266	267
266	268
266	269
266	274
266	277
267	268
267	269
267	274
268	269
268	270
268	271
268	273
268	274
268	277
269	270
269	271
269	273
269	274
270	271
270	272
270	273
270	274
270	275
271	272
271	273
271	274
271	275
271	276
272	273
272	274
272	275
272	276
272	277
273	274
273	275
273	276
273	277
273	278
274	275
274	276
274	277
274	278
274	279
275	276
275	277
275	278
275	279
275	280
276	277
276	278
276	279
276	280
276	281
277	278
277	279
277	280
277	281
277	282
278	279
278	280
278	281
278	282
278	283
279	280
279	281
279	282
279	283
279	284
280	281
280	282
280	283
280	284
280	285
281	282
281	283
281	284
281	285
281	286
282	283
282	284
282	285
282	286
282	287
283	284
283	285
283	286
283	287
283	288
284	285
284	286
284	287
284	288
284	289
285	286
285	287
285	288
285	289
285	290
286	287
286	288
286	289
286	290
286	291
287	288
287	289
287	290
287	291
287	292
288	289
288	290
288	291
288	292
288	293
289	290
289	291
289	292
289	293
289	294
290	291
290	292
290	293
290	294
290	295
291	292
291	293
291	294
291	295
291	296
292	293
292	294
292	295
292	296
292	297
293	294
293	295
293	296
293	297
294	295
294	296
294	297
295	296
295	297
296	297
