130	131
130	132
131	132
131	133
131	134
131	135
132	133
132	134
132	137
133	134
133	135
133	137
133	138
134	135
134	136
134	137
134	138
135	136
135	137
135	138
135	139
136	137
136	138
136	139
137	138
137	139
138	139
138	140
138	144
138	145
138	146
138	152
139	140
139	141
139	142
139	143
139	144
139	145
139	146
140	141
140	142
140	143
140	144
140	145
140	146
141	142
141	143
141	144
141	146
142	143
142	144
143	144
143	145
144	145
144	146
145	146
145	147
146	147
146	148
146	149
146	151
146	152
147	148
147	149
148	149
148	150
148	151
148	152
148	153
149	150
149	151
149	152
149	153
149	154
150	151
150	152
150	153
150	154
151	152
151	153
151	154
152	153
152	154
153	154
