2	3
2	4
2	5
2	30
2	31
2	32
3	4
3	5
3	7
3	30
3	31
3	32
3	230
3	233
3	234
3	237
3	238
3	239
4	5
4	6
4	7
4	8
4	27
4	28
4	29
4	31
4	32
4	33
4	34
4	89
4	233
4	234
4	236
4	237
4	238
5	6
5	7
5	31
5	32
5	33
6	7
6	8
6	32
6	33
6	34
6	88
6	140
7	8
7	9
7	32
7	33
7	34
7	35
7	88
7	89
7	140
7	141
7	142
7	236
7	237
7	238
8	9
8	10
8	33
8	34
8	35
8	83
8	84
8	85
8	86
8	87
8	88
8	89
8	90
8	140
9	10
9	11
9	28
9	33
9	34
9	35
9	36
9	37
9	84
9	87
9	88
9	89
9	90
9	91
10	11
10	12
10	34
10	35
10	36
10	37
10	38
10	61
10	63
10	76
10	77
10	80
10	84
10	87
10	89
10	90
10	91
10	92
10	129
11	12
11	13
11	14
11	21
11	24
11	25
11	26
11	28
11	35
11	36
11	37
11	38
11	89
11	90
11	91
11	93
12	13
12	14
12	21
12	36
12	37
12	38
12	65
12	67
12	90
12	91
12	92
12	93
12	94
12	129
13	14
13	15
13	16
13	19
13	21
13	38
13	91
13	93
13	94
14	15
14	16
14	19
14	21
14	22
14	25
14	37
14	38
14	39
14	40
14	44
14	48
14	51
14	55
14	93
14	94
15	16
15	17
15	19
15	21
15	22
15	40
15	44
15	47
15	48
15	51
16	17
16	18
16	19
16	22
16	44
16	47
16	51
16	55
17	18
17	19
17	22
17	23
17	47
17	51
17	55
17	225
18	19
18	20
18	21
18	22
18	23
18	51
18	195
18	225
18	226
19	20
19	21
19	22
19	23
19	24
19	93
19	225
20	21
20	22
20	23
20	24
20	25
20	93
20	147
20	192
20	195
20	225
20	228
20	229
21	22
21	23
21	24
21	25
21	26
21	55
21	91
21	93
21	147
22	23
22	24
22	25
22	26
22	27
22	51
22	55
22	225
23	24
23	25
23	26
23	27
23	28
23	55
23	225
23	226
23	228
23	229
23	230
24	25
24	26
24	27
24	28
24	29
24	35
24	91
24	93
24	145
24	147
24	225
24	228
24	229
24	230
24	232
24	233
25	26
25	27
25	28
25	29
25	30
25	35
25	37
25	55
26	27
26	28
26	29
26	30
26	31
26	35
26	55
27	28
27	29
27	30
27	31
27	32
27	225
27	226
27	229
27	230
27	233
28	29
28	30
28	31
28	32
28	33
28	34
28	35
28	89
28	91
28	229
28	232
28	233
28	236
29	30
29	31
29	32
29	33
29	34
29	35
29	54
29	55
29	56
29	57
30	31
30	32
30	33
30	226
30	230
30	233
31	32
31	33
31	230
31	233
32	33
32	34
33	34
33	35
33	55
33	89
34	35
34	36
34	55
34	56
34	57
34	58
34	61
34	84
35	36
35	37
35	55
35	56
35	57
35	58
35	61
35	84
36	37
36	38
36	57
36	61
36	62
36	63
36	80
36	84
37	38
37	39
37	48
37	51
37	52
37	53
37	55
37	57
37	61
37	62
37	63
37	64
37	76
38	39
38	40
38	48
38	61
38	62
38	63
38	64
38	65
38	67
38	76
39	40
39	41
39	42
39	44
39	45
39	48
39	49
39	62
39	63
39	64
39	65
39	66
40	41
40	42
40	44
40	48
40	63
40	65
40	66
40	67
40	72
41	42
41	43
41	44
41	45
41	65
41	66
42	43
42	44
42	45
42	46
42	64
43	44
43	45
43	46
43	47
44	45
44	46
44	47
44	48
44	49
45	46
45	47
45	48
45	49
45	50
45	62
46	47
46	48
46	49
46	50
46	51
47	48
47	49
47	50
47	51
47	52
48	49
48	50
48	51
48	52
48	53
48	55
48	62
49	50
49	51
49	52
49	53
49	54
49	57
49	58
49	59
49	60
49	62
50	51
50	52
50	53
50	54
50	55
51	52
51	53
51	54
51	55
51	56
52	53
52	54
52	55
52	56
52	57
52	58
52	59
52	62
53	54
53	55
53	56
53	57
53	58
53	59
54	55
54	56
54	57
55	56
55	57
56	57
56	58
56	61
57	58
57	59
57	61
57	62
58	59
58	60
58	61
58	62
58	83
58	84
59	60
59	61
59	62
59	63
60	61
60	62
60	63
60	83
61	62
61	63
61	80
61	83
61	84
62	63
62	64
63	64
63	65
63	75
63	76
63	79
63	80
63	83
64	65
64	66
64	72
64	73
64	75
64	76
65	66
65	67
65	69
65	72
65	73
65	76
65	129
66	67
66	68
66	69
66	70
66	72
66	73
66	121
67	68
67	69
67	70
67	73
67	92
67	94
67	120
67	121
67	124
67	125
67	128
67	129
68	69
68	70
68	73
68	120
68	121
68	125
69	70
69	71
69	72
69	73
69	74
70	71
70	72
70	73
70	74
70	75
70	124
70	128
71	72
71	73
71	74
71	75
71	76
72	73
72	74
72	75
72	76
72	77
73	74
73	75
73	76
73	77
73	78
73	124
73	125
73	128
73	129
73	132
74	75
74	76
74	77
74	78
74	79
74	132
75	76
75	77
75	78
75	79
75	80
76	77
76	78
76	79
76	80
76	81
77	78
77	79
77	80
77	81
77	82
77	87
77	90
77	128
77	129
77	132
77	133
77	136
78	79
78	80
78	81
78	82
79	80
79	81
79	82
79	83
79	84
80	81
80	82
80	83
80	84
80	85
80	87
80	136
81	82
81	83
81	84
81	85
81	136
82	83
82	84
83	84
83	85
84	85
84	86
84	87
84	136
85	86
85	87
85	136
85	140
86	87
86	88
86	136
86	137
86	140
87	88
87	89
87	90
87	133
87	136
87	137
87	138
87	140
87	142
88	89
88	90
88	136
88	137
88	140
88	141
88	142
88	143
88	144
88	236
89	90
89	91
89	137
89	142
89	143
89	144
89	145
89	233
89	236
89	237
90	91
90	92
90	126
90	129
90	130
90	133
90	137
90	143
90	144
90	145
90	146
90	236
91	92
91	93
91	129
91	143
91	144
91	145
91	146
91	147
91	232
91	236
92	93
92	94
92	121
92	122
92	123
92	124
92	125
92	126
92	129
92	145
92	146
92	147
92	169
93	94
93	95
93	145
93	146
93	147
94	95
94	96
94	121
94	122
94	123
94	125
94	147
94	162
94	166
95	96
95	97
95	121
95	122
95	162
95	166
96	97
96	98
96	99
96	102
96	117
96	118
96	119
96	121
96	122
96	162
97	98
97	99
97	100
97	101
97	102
97	114
97	117
97	118
97	122
97	161
97	162
98	99
98	100
98	101
98	102
98	114
98	117
98	118
99	100
99	101
99	102
99	103
100	101
100	102
100	103
100	104
100	109
100	110
100	111
100	160
101	102
101	103
101	104
101	106
101	109
101	110
101	111
101	112
101	114
101	115
101	158
101	159
101	160
101	161
102	103
102	104
102	109
102	158
102	159
102	160
102	161
102	162
103	104
103	105
103	109
103	158
103	160
104	105
104	106
104	109
104	157
104	158
104	160
105	106
105	107
105	108
105	109
105	110
105	158
105	160
106	107
106	108
106	109
106	110
106	159
106	160
106	161
106	162
106	164
107	108
107	109
107	110
108	109
108	110
108	111
109	110
109	111
109	160
110	111
110	112
110	115
110	160
110	161
110	164
111	112
111	113
111	114
111	115
111	116
111	161
112	113
112	114
112	115
112	116
112	117
113	114
113	115
113	116
113	117
113	118
114	115
114	116
114	117
114	118
114	119
114	161
115	116
115	117
115	118
115	119
115	120
115	161
115	164
115	165
116	117
116	118
116	119
116	120
116	121
117	118
117	119
117	120
117	121
117	122
118	119
118	120
118	121
118	122
118	123
118	161
118	162
118	165
119	120
119	121
119	122
119	123
119	124
119	125
119	161
119	164
119	165
119	166
119	168
120	121
120	122
120	123
120	124
120	125
120	126
121	122
121	123
121	124
121	125
121	126
122	123
122	124
122	125
122	126
122	146
122	147
122	162
122	165
122	166
122	169
123	124
123	125
123	126
123	127
123	128
123	165
123	166
123	168
123	169
124	125
124	126
124	127
124	128
124	129
124	131
125	126
125	127
125	128
125	129
125	130
126	127
126	128
126	129
126	130
126	131
126	144
126	145
126	146
126	169
126	172
126	173
126	176
126	187
126	188
127	128
127	129
127	130
127	131
127	132
127	169
127	172
127	173
127	176
128	129
128	130
128	131
128	132
128	133
129	130
129	131
129	132
129	133
129	134
129	137
129	144
130	131
130	132
130	133
130	134
130	135
130	137
130	144
130	176
130	180
131	132
131	133
131	134
131	135
131	176
132	133
132	134
132	135
132	136
133	134
133	135
133	136
133	137
133	138
134	135
134	136
134	137
134	138
134	179
134	180
134	183
135	136
135	137
135	138
135	139
136	137
136	138
136	140
137	138
137	139
137	140
137	141
137	142
137	143
137	144
137	183
137	185
138	139
138	140
138	141
138	183
138	185
139	140
139	141
139	142
139	183
140	141
140	142
140	183
140	238
141	142
141	143
141	183
141	184
141	185
141	186
141	238
142	143
142	144
142	184
142	185
142	186
142	187
143	144
143	145
143	184
143	185
143	186
143	187
143	188
143	235
143	236
143	237
144	145
144	146
144	176
144	180
144	185
144	186
144	187
144	188
144	189
144	235
144	236
145	146
145	147
145	186
145	187
145	188
145	189
145	190
145	228
145	231
145	232
145	233
145	235
145	236
146	147
146	148
146	166
146	169
146	173
146	188
146	189
146	190
146	191
147	148
147	149
147	166
147	169
147	188
147	189
147	190
147	191
147	228
148	149
148	150
148	152
148	153
148	159
148	166
148	167
148	169
148	170
148	189
148	190
148	191
148	192
148	247
149	150
149	151
149	152
149	153
149	156
149	159
149	166
149	170
149	190
149	191
149	192
149	193
149	194
149	213
149	249
149	254
150	151
150	152
150	153
150	154
150	155
150	156
150	159
150	170
150	191
150	192
150	249
150	251
150	254
150	255
151	152
151	153
151	154
151	155
151	156
151	159
151	163
151	164
151	166
152	153
152	154
152	159
152	162
152	163
152	164
152	166
152	167
152	168
152	170
153	154
153	155
153	163
153	167
153	170
153	191
153	247
153	249
154	155
154	156
154	254
154	255
154	256
154	257
155	156
155	157
156	157
156	158
156	159
156	160
156	254
157	158
157	159
157	160
158	159
158	160
159	160
159	161
159	162
159	163
159	166
160	161
160	162
160	163
160	164
160	165
161	162
161	163
161	164
161	165
161	166
162	163
162	164
162	165
162	166
162	167
163	164
163	165
163	166
163	167
163	168
164	165
164	166
164	167
164	168
164	169
165	166
165	167
165	168
165	169
165	170
166	167
166	168
166	169
166	170
166	171
167	168
167	169
167	170
167	171
167	172
167	174
168	169
168	170
168	171
168	172
168	173
169	170
169	171
169	172
169	173
169	174
170	171
170	172
170	173
170	174
170	175
170	189
170	191
170	247
170	249
171	172
171	173
171	174
171	175
171	176
171	247
172	173
172	174
172	175
172	176
172	177
172	187
173	174
173	175
173	176
173	177
173	178
173	187
173	188
173	189
173	245
173	246
173	247
174	175
174	176
174	177
174	178
174	179
174	187
174	245
174	247
175	176
175	177
175	178
175	179
175	180
176	177
176	178
176	179
176	180
176	181
176	185
176	187
177	178
177	179
177	180
177	181
177	182
177	185
177	186
177	187
177	188
177	244
177	245
177	246
178	179
178	180
178	181
178	182
178	244
179	180
179	181
179	182
179	183
180	181
180	182
180	183
180	184
180	185
180	186
180	187
181	182
181	183
181	184
181	185
181	186
181	244
182	183
182	184
182	185
183	184
183	185
184	185
184	186
185	186
185	187
185	244
186	187
186	188
186	234
186	235
186	236
186	237
186	238
186	239
186	240
186	241
186	242
186	243
186	244
186	245
187	188
187	189
187	243
187	244
187	245
187	246
188	189
188	190
188	235
188	236
188	240
188	243
188	244
188	245
188	246
188	247
189	190
189	191
189	235
189	246
189	247
189	248
189	249
190	191
190	192
190	228
190	231
190	232
190	235
190	246
190	247
190	248
190	249
190	250
191	192
191	193
191	228
191	247
191	248
191	249
191	250
191	251
192	193
192	194
192	195
192	223
192	228
192	248
192	249
192	250
192	251
193	194
193	195
193	223
193	228
193	250
193	251
193	254
194	195
194	196
194	210
194	213
194	222
194	223
194	224
194	251
194	254
195	196
195	197
195	210
195	222
195	223
195	224
195	225
195	228
196	197
196	210
196	222
196	223
197	210
208	209
208	210
208	211
208	212
209	210
209	211
209	212
209	213
210	211
210	212
210	213
210	214
210	215
210	222
211	212
211	213
211	214
211	215
211	216
212	213
212	214
212	215
212	216
212	217
212	254
213	214
213	215
213	216
213	217
213	221
213	222
213	254
214	215
214	216
214	217
214	218
214	219
214	220
214	221
214	222
215	216
215	217
215	218
215	220
216	217
216	218
216	219
216	220
216	254
216	257
216	258
216	259
217	218
217	219
217	220
217	221
217	222
217	251
217	252
217	253
217	254
217	257
218	219
218	220
218	221
218	251
218	252
218	253
218	254
218	255
218	256
218	257
219	220
219	221
219	227
219	252
219	253
220	221
220	222
220	252
221	222
221	223
221	224
221	227
221	251
221	252
222	223
222	224
222	227
222	251
223	224
223	225
223	227
223	228
223	250
223	251
223	252
224	225
224	226
224	227
224	228
224	229
224	250
225	226
225	227
225	228
225	229
225	230
226	227
226	228
226	229
226	230
226	231
227	228
227	229
227	230
227	231
227	232
227	250
228	229
228	230
228	231
228	232
228	233
228	250
229	230
229	231
229	232
229	233
229	234
230	231
230	232
230	233
230	234
230	235
231	232
231	233
231	234
231	235
231	236
231	248
231	250
232	233
232	234
232	235
232	236
232	237
232	248
232	250
233	234
233	235
233	236
233	237
234	235
234	236
234	237
234	238
234	239
234	240
234	243
234	248
235	236
235	237
235	240
235	243
235	246
235	248
236	237
236	238
236	240
237	238
237	239
237	240
237	241
238	239
238	240
238	241
238	242
239	240
239	241
239	242
239	243
240	241
240	242
240	243
240	244
241	242
241	243
242	243
242	244
243	244
243	245
243	246
244	245
244	246
245	246
245	247
246	247
246	248
247	248
247	249
248	249
248	250
249	250
249	251
249	252
249	255
250	251
250	252
250	253
251	252
251	253
251	254
251	255
251	256
252	253
252	254
253	254
253	255
253	256
253	257
254	255
254	256
254	257
254	258
255	256
255	257
256	257
256	258
257	258
257	259
258	259
