290	291
290	292
290	311
290	312
290	313
290	341
290	342
290	343
290	344
291	292
291	293
291	310
291	311
291	312
291	313
291	341
291	342
291	343
291	344
292	293
292	294
292	295
292	310
292	311
292	312
292	313
292	340
292	341
292	342
292	343
292	344
293	294
293	295
293	311
294	295
294	296
294	308
294	309
294	310
294	311
295	296
295	297
295	304
295	311
295	317
296	297
296	298
296	304
297	298
297	299
297	300
297	302
297	303
297	304
298	299
298	300
298	302
299	300
299	301
299	302
300	301
300	302
300	322
301	302
301	303
301	320
301	321
301	322
301	325
302	303
302	304
302	319
302	320
302	321
302	322
302	327
303	304
303	305
303	318
303	319
303	320
303	321
303	322
304	305
304	306
304	307
304	311
304	317
304	318
304	319
304	320
305	306
305	307
305	311
305	316
305	317
305	318
305	319
305	320
306	307
306	308
306	311
306	316
306	317
306	318
307	308
307	309
307	311
307	317
308	309
308	310
308	311
308	312
308	315
308	316
309	310
309	311
310	311
310	312
310	315
311	312
311	313
311	315
311	316
311	317
311	341
312	313
312	314
312	315
312	316
312	341
312	342
313	314
313	315
313	341
313	342
313	343
313	344
314	315
314	316
314	340
314	341
314	342
314	343
315	316
315	317
315	339
315	340
315	341
315	342
316	317
316	318
316	338
316	339
316	340
316	341
317	318
317	319
317	337
317	338
317	339
317	340
317	341
318	319
318	320
318	337
318	338
318	339
319	320
319	321
319	327
319	336
319	337
319	338
320	321
320	322
320	327
320	337
321	322
321	323
321	325
321	326
321	327
321	328
322	323
322	324
322	325
322	326
323	324
323	325
324	325
324	326
325	326
325	327
326	327
326	328
326	333
326	334
327	328
327	329
327	332
327	333
327	334
327	335
327	336
327	337
328	329
328	330
328	331
328	332
328	333
328	334
329	330
329	331
329	332
329	333
329	334
329	337
330	331
330	332
331	332
331	333
332	333
332	334
333	334
333	335
334	335
334	336
334	337
335	336
335	337
336	337
336	338
337	338
337	339
338	339
338	340
339	340
339	341
340	341
340	342
341	342
341	343
341	344
342	343
342	344
343	344
