237	229	46	19	0	221	20	15	0	46	19	0	28	0	0	0	111	58	0	0	213	17	15	0	20	15	0	19	0	0	0	52	50	0	0	46	19	0	6	0	0	0	21	14	0	0	28	0	0	0	111	58	0	0	205	16	15	0	17	15	0	18	0	0	0	47	50	0	0	20	15	0	4	0	0	0	6	10	0	0	19	0	0	0	52	50	0	0	46	19	0	3	0	0	0	15	4	0	0	6	0	0	0	21	14	0	0	28	0	0	0	111	58	0	0	197	15	15	0	16	15	0	18	0	0	0	44	50	0	0	17	15	0	4	0	0	0	6	10	0	0	18	0	0	0	47	50	0	0	20	15	0	0	0	0	0	2	0	0	0	4	0	0	0	6	10	0	0	19	0	0	0	52	50	0	0	46	19	0	7	0	0	0	14	0	0	0	3	0	0	0	15	4	0	0	6	0	0	0	21	14	0	0	28	0	0	0	111	58	0	0
216	209	52	14	0	202	32	6	0	52	14	0	46	0	0	0	141	34	0	0	195	28	6	0	32	6	0	37	0	0	0	93	18	0	0	52	14	0	23	0	0	0	22	18	0	0	46	0	0	0	141	34	0	0	188	25	6	0	28	6	0	32	0	0	0	82	18	0	0	32	6	0	17	0	0	0	9	6	0	0	37	0	0	0	93	18	0	0	52	14	0	16	0	0	0	16	12	0	0	23	0	0	0	22	18	0	0	46	0	0	0	141	34	0	0	181	21	6	0	25	6	0	26	0	0	0	71	18	0	0	28	6	0	11	0	0	0	9	6	0	0	32	0	0	0	82	18	0	0	32	6	0	7	0	0	0	5	0	0	0	17	0	0	0	9	6	0	0	37	0	0	0	93	18	0	0	52	14	0	15	0	0	0	11	12	0	0	16	0	0	0	16	12	0	0	23	0	0	0	22	18	0	0	46	0	0	0	141	34	0	0
328	317	66	45	0	306	37	30	0	66	45	0	55	23	0	0	171	111	0	0	295	33	28	0	37	30	0	46	21	0	0	109	76	0	0	66	45	0	25	14	0	0	27	21	0	0	55	23	0	0	171	111	0	0	284	30	25	0	33	28	0	41	21	0	0	98	70	0	0	37	30	0	19	14	0	0	14	8	0	0	46	21	0	0	109	76	0	0	66	45	0	13	12	0	0	20	12	0	0	25	14	0	0	27	21	0	0	55	23	0	0	171	111	0	0	273	27	18	0	30	25	0	35	18	0	0	87	61	0	0	33	28	0	13	14	0	0	14	7	0	0	41	21	0	0	98	70	0	0	37	30	0	7	0	0	0	7	0	0	0	19	14	0	0	14	8	0	0	46	21	0	0	109	76	0	0	66	45	0	18	12	0	0	11	12	0	0	13	12	0	0	20	12	0	0	25	14	0	0	27	21	0	0	55	23	0	0	171	111	0	0
433	418	85	86	0	403	41	58	0	85	86	0	50	104	0	0	200	264	0	0	388	36	56	0	41	58	0	37	96	0	0	111	175	0	0	85	86	0	36	16	0	0	36	30	0	0	50	104	0	0	200	264	0	0	373	31	56	0	36	56	0	32	96	0	0	99	168	0	0	41	58	0	20	16	0	0	14	16	0	0	37	96	0	0	111	175	0	0	85	86	0	16	0	0	0	20	38	0	0	36	16	0	0	36	30	0	0	50	104	0	0	200	264	0	0	358	27	52	0	31	56	0	26	96	0	0	82	168	0	0	36	56	0	14	16	0	0	14	16	0	0	32	96	0	0	99	168	0	0	41	58	0	7	0	0	0	5	18	0	0	20	16	0	0	14	16	0	0	37	96	0	0	111	175	0	0	85	86	0	22	16	0	0	19	12	0	0	16	0	0	0	20	38	0	0	36	16	0	0	36	30	0	0	50	104	0	0	200	264	0	0
386	373	81	59	0	360	44	36	0	81	59	0	77	27	0	0	194	158	0	0	347	36	36	0	44	36	0	49	27	0	0	127	90	0	0	81	59	0	33	0	0	0	24	42	0	0	77	27	0	0	194	158	0	0	334	32	36	0	36	36	0	41	27	0	0	107	90	0	0	44	36	0	22	0	0	0	14	18	0	0	49	27	0	0	127	90	0	0	81	59	0	16	0	0	0	17	16	0	0	33	0	0	0	24	42	0	0	77	27	0	0	194	158	0	0	321	28	36	0	32	36	0	35	27	0	0	93	90	0	0	36	36	0	16	0	0	0	14	18	0	0	41	27	0	0	107	90	0	0	44	36	0	7	0	0	0	7	0	0	0	22	0	0	0	14	18	0	0	49	27	0	0	127	90	0	0	81	59	0	26	0	0	0	11	12	0	0	16	0	0	0	17	16	0	0	33	0	0	0	24	42	0	0	77	27	0	0	194	158	0	0
396	383	76	41	20	370	53	20	0	76	41	20	80	29	0	0	198	87	40	0	357	48	9	0	53	20	0	61	9	0	0	157	60	0	0	76	41	20	40	18	0	0	27	0	20	0	80	29	0	0	198	87	40	0	344	44	0	0	48	9	0	54	0	0	0	142	27	0	0	53	20	0	31	0	0	0	27	0	0	0	61	9	0	0	157	60	0	0	76	41	20	15	0	4	0	11	0	20	0	40	18	0	0	27	0	20	0	80	29	0	0	198	87	40	0	331	39	0	0	44	0	0	47	0	0	0	128	0	0	0	48	9	0	25	0	0	0	27	0	0	0	54	0	0	0	142	27	0	0	53	20	0	9	0	0	0	11	0	0	0	31	0	0	0	27	0	0	0	61	9	0	0	157	60	0	0	76	41	20	20	0	8	0	4	0	0	0	15	0	4	0	11	0	20	0	40	18	0	0	27	0	20	0	80	29	0	0	198	87	40	0
602	581	118	175	16	560	67	137	0	118	175	16	82	262	0	0	293	524	32	0	539	61	104	0	67	137	0	61	192	0	0	186	451	0	0	118	175	16	42	182	0	0	44	28	32	0	82	262	0	0	293	524	32	0	518	55	75	0	61	104	0	55	132	0	0	166	344	0	0	67	137	0	23	124	0	0	33	24	0	0	61	192	0	0	186	451	0	0	118	175	16	10	131	4	0	21	52	32	0	42	182	0	0	44	28	32	0	82	262	0	0	293	524	32	0	497	53	43	0	55	75	0	54	68	0	0	150	245	0	0	61	104	0	23	62	0	0	33	20	0	0	55	132	0	0	166	344	0	0	67	137	0	10	69	0	0	14	46	0	0	23	124	0	0	33	24	0	0	61	192	0	0	186	451	0	0	118	175	16	26	86	8	0	14	0	48	0	10	131	4	0	21	52	32	0	42	182	0	0	44	28	32	0	82	262	0	0	293	524	32	0
482	465	101	107	12	448	62	74	0	101	107	12	95	132	0	0	246	291	36	0	431	51	70	0	62	74	0	54	120	0	0	171	240	0	0	101	107	12	51	40	0	0	44	70	0	0	95	132	0	0	246	291	36	0	414	44	70	0	51	70	0	46	120	0	0	141	230	0	0	62	74	0	30	40	0	0	28	58	0	0	54	120	0	0	171	240	0	0	101	107	12	16	0	4	0	17	24	0	0	51	40	0	0	44	70	0	0	95	132	0	0	246	291	36	0	397	39	64	0	44	70	0	39	120	0	0	118	230	0	0	51	70	0	24	40	0	0	28	50	0	0	46	120	0	0	141	230	0	0	62	74	0	10	0	0	0	11	20	0	0	30	40	0	0	28	58	0	0	54	120	0	0	171	240	0	0	101	107	12	22	42	8	0	18	0	0	0	16	0	4	0	17	24	0	0	51	40	0	0	44	70	0	0	95	132	0	0	246	291	36	0
386	373	82	53	8	360	55	23	0	82	53	8	89	0	0	0	211	116	40	0	347	48	22	0	55	23	0	64	0	0	0	160	56	0	0	82	53	8	43	11	0	0	31	11	0	0	89	0	0	0	211	116	40	0	334	44	22	0	48	22	0	56	0	0	0	141	55	0	0	55	23	0	32	11	0	0	30	11	0	0	64	0	0	0	160	56	0	0	82	53	8	16	0	0	0	13	0	0	0	43	11	0	0	31	11	0	0	89	0	0	0	211	116	40	0	321	40	17	0	44	22	0	50	0	0	0	127	55	0	0	48	22	0	26	11	0	0	30	11	0	0	56	0	0	0	141	55	0	0	55	23	0	10	0	0	0	13	0	0	0	32	11	0	0	30	11	0	0	64	0	0	0	160	56	0	0	82	53	8	15	30	4	0	4	0	0	0	16	0	0	0	13	0	0	0	43	11	0	0	31	11	0	0	89	0	0	0	211	116	40	0
442	427	85	82	4	412	51	39	0	85	82	4	59	105	0	0	226	183	20	0	397	48	19	0	51	39	0	53	15	0	0	154	84	0	0	85	82	4	37	25	0	0	30	0	12	0	59	105	0	0	226	183	20	0	382	45	14	0	48	19	0	48	0	0	0	144	29	0	0	51	39	0	31	0	0	0	29	0	0	0	53	15	0	0	154	84	0	0	85	82	4	16	0	0	0	11	0	4	0	37	25	0	0	30	0	12	0	59	105	0	0	226	183	20	0	367	42	14	0	45	14	0	42	0	0	0	133	14	0	0	48	19	0	25	0	0	0	29	0	0	0	48	0	0	0	144	29	0	0	51	39	0	10	0	0	0	11	0	0	0	31	0	0	0	29	0	0	0	53	15	0	0	154	84	0	0	85	82	4	20	0	0	0	4	0	0	0	16	0	0	0	11	0	4	0	37	25	0	0	30	0	12	0	59	105	0	0	226	183	20	0
487	469	102	110	35	451	59	91	0	102	110	35	81	114	40	0	255	337	35	60	433	46	82	0	59	91	0	46	102	0	0	160	273	0	0	102	110	35	50	98	30	0	38	99	0	0	81	114	40	0	255	337	35	60	415	39	80	0	46	82	0	34	100	0	0	124	246	0	0	59	91	0	32	90	0	0	28	90	0	0	46	102	0	0	160	273	0	0	102	110	35	15	20	24	0	10	42	0	0	50	98	30	0	38	99	0	0	81	114	40	0	255	337	35	60	397	30	79	0	39	80	0	20	100	0	0	109	240	0	0	46	82	0	16	90	0	0	28	90	0	0	34	100	0	0	124	246	0	0	59	91	0	7	20	0	0	8	40	0	0	32	90	0	0	28	90	0	0	46	102	0	0	160	273	0	0	102	110	35	7	9	36	0	6	44	0	0	15	20	24	0	10	42	0	0	50	98	30	0	38	99	0	0	81	114	40	0	255	337	35	60
293	283	52	17	27	273	32	9	0	52	17	27	39	0	24	0	144	60	27	44	263	28	9	0	32	9	0	27	0	0	0	90	36	0	0	52	17	27	18	0	14	0	24	18	0	0	39	0	24	0	144	60	27	44	253	28	9	0	28	9	0	27	0	0	0	81	36	0	0	32	9	0	18	0	0	0	23	18	0	0	27	0	0	0	90	36	0	0	52	17	27	3	0	0	0	8	0	0	0	18	0	14	0	24	18	0	0	39	0	24	0	144	60	27	44	243	25	9	0	28	9	0	27	0	0	0	81	36	0	0	28	9	0	18	0	0	0	23	18	0	0	27	0	0	0	81	36	0	0	32	9	0	3	0	0	0	8	0	0	0	18	0	0	0	23	18	0	0	27	0	0	0	90	36	0	0	52	17	27	1	0	20	0	4	0	0	0	3	0	0	0	8	0	0	0	18	0	14	0	24	18	0	0	39	0	24	0	144	60	27	44
359	346	74	47	26	333	44	44	0	74	47	26	70	24	31	0	199	133	0	40	320	35	41	0	44	44	0	39	24	0	0	128	124	0	0	74	47	26	38	27	21	0	31	54	0	0	70	24	31	0	199	133	0	40	307	30	40	0	35	41	0	33	24	0	0	103	121	0	0	44	44	0	22	24	0	0	21	48	0	0	39	24	0	0	128	124	0	0	74	47	26	9	8	24	0	11	16	0	0	38	27	21	0	31	54	0	0	70	24	31	0	199	133	0	40	294	25	40	0	30	40	0	27	24	0	0	92	120	0	0	35	41	0	18	24	0	0	21	48	0	0	33	24	0	0	103	121	0	0	44	44	0	5	8	0	0	9	16	0	0	22	24	0	0	21	48	0	0	39	24	0	0	128	124	0	0	74	47	26	5	0	36	0	10	0	0	0	9	8	24	0	11	16	0	0	38	27	21	0	31	54	0	0	70	24	31	0	199	133	0	40
336	324	57	48	11	312	32	28	0	57	48	11	28	19	15	0	156	119	33	12	300	29	27	0	32	28	0	17	18	0	0	91	73	0	0	57	48	11	13	9	5	0	19	18	0	0	28	19	15	0	156	119	33	12	288	29	27	0	29	27	0	17	18	0	0	85	72	0	0	32	28	0	13	9	0	0	18	18	0	0	17	18	0	0	91	73	0	0	57	48	11	3	0	0	0	6	0	0	0	13	9	5	0	19	18	0	0	28	19	15	0	156	119	33	12	276	28	27	0	29	27	0	17	18	0	0	85	72	0	0	29	27	0	13	9	0	0	18	18	0	0	17	18	0	0	85	72	0	0	32	28	0	3	0	0	0	6	0	0	0	13	9	0	0	18	18	0	0	17	18	0	0	91	73	0	0	57	48	11	1	0	6	0	4	0	0	0	3	0	0	0	6	0	0	0	13	9	5	0	19	18	0	0	28	19	15	0	156	119	33	12
347	335	55	41	11	323	31	11	0	55	41	11	28	0	15	0	161	101	55	12	311	29	11	0	31	11	0	20	0	0	0	92	11	0	0	55	41	11	14	0	5	0	20	6	0	0	28	0	15	0	161	101	55	12	299	29	11	0	29	11	0	20	0	0	0	89	11	0	0	31	11	0	14	0	0	0	20	0	0	0	20	0	0	0	92	11	0	0	55	41	11	3	0	0	0	6	0	0	0	14	0	5	0	20	6	0	0	28	0	15	0	161	101	55	12	287	28	11	0	29	11	0	20	0	0	0	89	11	0	0	29	11	0	14	0	0	0	20	0	0	0	20	0	0	0	89	11	0	0	31	11	0	3	0	0	0	6	0	0	0	14	0	0	0	20	0	0	0	20	0	0	0	92	11	0	0	55	41	11	2	0	6	0	4	0	0	0	3	0	0	0	6	0	0	0	14	0	5	0	20	6	0	0	28	0	15	0	161	101	55	12
345	333	49	27	45	321	23	0	22	49	27	45	26	0	41	59	122	90	135	38	309	19	0	0	23	0	22	15	0	30	0	67	0	66	0	49	27	45	7	0	30	0	6	0	0	40	26	0	41	59	122	90	135	38	297	17	0	0	19	0	0	9	0	0	0	62	0	0	0	23	0	22	3	0	24	0	4	0	0	0	15	0	30	0	67	0	66	0	49	27	45	3	0	20	0	4	0	0	0	7	0	30	0	6	0	0	40	26	0	41	59	122	90	135	38	285	16	0	0	17	0	0	7	0	0	0	57	0	0	0	19	0	0	0	0	0	0	2	0	0	0	9	0	0	0	62	0	0	0	23	0	22	1	0	16	0	3	0	0	0	3	0	24	0	4	0	0	0	15	0	30	0	67	0	66	0	49	27	45	3	0	10	0	0	0	0	0	3	0	20	0	4	0	0	0	7	0	30	0	6	0	0	40	26	0	41	59	122	90	135	38
439	423	69	75	41	407	32	39	13	69	75	41	39	0	30	41	151	247	164	57	391	28	39	0	32	39	13	28	0	21	0	89	130	52	0	69	75	41	17	0	30	0	15	0	0	20	39	0	30	41	151	247	164	57	375	26	39	0	28	39	0	22	0	0	0	84	130	0	0	32	39	13	13	0	24	0	13	0	0	0	28	0	21	0	89	130	52	0	69	75	41	5	0	20	0	8	0	0	0	17	0	30	0	15	0	0	20	39	0	30	41	151	247	164	57	359	24	39	0	26	39	0	20	0	0	0	79	130	0	0	28	39	0	10	0	0	0	11	0	0	0	22	0	0	0	84	130	0	0	32	39	13	3	0	16	0	7	0	0	0	13	0	24	0	13	0	0	0	28	0	21	0	89	130	52	0	69	75	41	3	0	19	0	4	0	0	0	5	0	20	0	8	0	0	0	17	0	30	0	15	0	0	20	39	0	30	41	151	247	164	57
321	309	45	43	22	297	15	32	5	45	43	22	8	32	10	25	114	128	22	22	285	14	32	0	15	32	5	3	32	5	0	41	104	5	0	45	43	22	1	0	0	0	2	0	0	4	8	32	10	25	114	128	22	22	273	14	32	0	14	32	0	3	32	0	0	41	104	0	0	15	32	5	1	0	0	0	2	0	0	0	3	32	5	0	41	104	5	0	45	43	22	0	0	0	0	0	0	0	0	1	0	0	0	2	0	0	4	8	32	10	25	114	128	22	22	261	14	32	0	14	32	0	3	32	0	0	41	104	0	0	14	32	0	1	0	0	0	2	0	0	0	3	32	0	0	41	104	0	0	15	32	5	0	0	0	0	0	0	0	0	1	0	0	0	2	0	0	0	3	32	5	0	41	104	5	0	45	43	22	1	0	0	0	0	0	0	0	0	0	0	0	0	0	0	0	1	0	0	0	2	0	0	4	8	32	10	25	114	128	22	22
230	222	32	12	12	214	14	0	0	32	12	12	12	0	0	0	82	30	24	22	206	13	0	0	14	0	0	7	0	0	0	41	0	0	0	32	12	12	1	0	0	0	2	0	0	0	12	0	0	0	82	30	24	22	198	13	0	0	13	0	0	7	0	0	0	41	0	0	0	14	0	0	1	0	0	0	2	0	0	0	7	0	0	0	41	0	0	0	32	12	12	0	0	0	0	0	0	0	0	1	0	0	0	2	0	0	0	12	0	0	0	82	30	24	22	190	13	0	0	13	0	0	7	0	0	0	41	0	0	0	13	0	0	1	0	0	0	2	0	0	0	7	0	0	0	41	0	0	0	14	0	0	0	0	0	0	0	0	0	0	1	0	0	0	2	0	0	0	7	0	0	0	41	0	0	0	32	12	12	1	0	0	0	0	0	0	0	0	0	0	0	0	0	0	0	1	0	0	0	2	0	0	0	12	0	0	0	82	30	24	22
357	344	48	58	6	331	14	27	0	48	58	6	7	36	0	0	97	178	30	11	318	14	22	0	14	27	0	7	11	0	0	41	99	0	0	48	58	6	0	0	0	0	2	0	6	0	7	36	0	0	97	178	30	11	305	14	22	0	14	22	0	7	11	0	0	41	99	0	0	14	27	0	0	0	0	0	0	0	0	0	7	11	0	0	41	99	0	0	48	58	6	0	0	0	0	1	0	0	0	0	0	0	0	2	0	6	0	7	36	0	0	97	178	30	11	292	14	21	0	14	22	0	7	11	0	0	41	99	0	0	14	22	0	0	0	0	0	0	0	0	0	7	11	0	0	41	99	0	0	14	27	0	0	0	0	0	0	0	0	0	0	0	0	0	0	0	0	0	7	11	0	0	41	99	0	0	48	58	6	0	10	0	0	0	0	0	0	0	0	0	0	1	0	0	0	0	0	0	0	2	0	6	0	7	36	0	0	97	178	30	11
417	402	37	36	73	387	19	0	38	37	36	73	14	0	48	61	69	12	219	104	372	15	0	29	19	0	38	6	0	37	40	54	0	114	35	37	36	73	3	0	38	59	5	0	0	0	14	0	48	61	69	12	219	104	357	14	0	4	15	0	29	4	0	31	0	43	0	87	0	19	0	38	0	0	34	0	1	0	0	0	6	0	37	40	54	0	114	35	37	36	73	1	0	12	12	4	0	0	40	3	0	38	59	5	0	0	0	14	0	48	61	69	12	219	104	342	14	0	0	14	0	4	4	0	4	0	38	0	12	0	15	0	29	0	0	30	0	0	0	0	0	4	0	31	0	43	0	87	0	19	0	38	1	0	10	0	2	0	0	0	0	0	34	0	1	0	0	0	6	0	37	40	54	0	114	35	37	36	73	3	0	0	0	0	0	0	0	1	0	12	12	4	0	0	40	3	0	38	59	5	0	0	0	14	0	48	61	69	12	219	104
424	408	50	81	35	392	22	39	10	50	81	35	22	26	41	20	93	157	175	92	376	18	39	8	22	39	10	12	26	30	16	63	117	50	35	50	81	35	7	0	24	16	5	16	0	0	22	26	41	20	93	157	175	92	360	16	39	0	18	39	8	8	26	24	0	49	117	40	0	22	39	10	2	0	20	0	3	0	0	0	12	26	30	16	63	117	50	35	50	81	35	8	0	12	0	7	8	0	16	7	0	24	16	5	16	0	0	22	26	41	20	93	157	175	92	344	16	39	0	16	39	0	8	26	0	0	43	117	0	0	18	39	8	2	0	16	0	3	0	0	0	8	26	24	0	49	117	40	0	22	39	10	8	0	10	0	6	0	0	0	2	0	20	0	3	0	0	0	12	26	30	16	63	117	50	35	50	81	35	13	0	0	0	4	0	0	0	8	0	12	0	7	8	0	16	7	0	24	16	5	16	0	0	22	26	41	20	93	157	175	92
306	295	29	18	36	284	15	0	0	29	18	36	8	0	5	0	52	0	72	126	273	15	0	0	15	0	0	8	0	0	0	45	0	0	40	29	18	36	0	0	0	0	2	0	0	0	8	0	5	0	52	0	72	126	262	15	0	0	15	0	0	8	0	0	0	45	0	0	0	15	0	0	0	0	0	0	0	0	0	0	8	0	0	0	45	0	0	40	29	18	36	0	0	0	0	1	0	0	0	0	0	0	0	2	0	0	0	8	0	5	0	52	0	72	126	251	15	0	0	15	0	0	8	0	0	0	45	0	0	0	15	0	0	0	0	0	0	0	0	0	0	8	0	0	0	45	0	0	0	15	0	0	0	0	0	0	0	0	0	0	0	0	0	0	0	0	0	0	8	0	0	0	45	0	0	40	29	18	36	1	0	0	0	0	0	0	0	0	0	0	0	1	0	0	0	0	0	0	0	2	0	0	0	8	0	5	0	52	0	72	126
292	281	28	37	14	270	10	18	0	28	37	14	3	9	5	0	41	42	42	47	259	10	18	0	10	18	0	3	9	0	0	28	36	0	13	28	37	14	0	0	0	0	2	0	0	0	3	9	5	0	41	42	42	47	248	10	18	0	10	18	0	3	9	0	0	28	36	0	0	10	18	0	0	0	0	0	0	0	0	0	3	9	0	0	28	36	0	13	28	37	14	0	0	0	0	1	0	0	0	0	0	0	0	2	0	0	0	3	9	5	0	41	42	42	47	237	10	18	0	10	18	0	3	9	0	0	28	36	0	0	10	18	0	0	0	0	0	0	0	0	0	3	9	0	0	28	36	0	0	10	18	0	0	0	0	0	0	0	0	0	0	0	0	0	0	0	0	0	3	9	0	0	28	36	0	13	28	37	14	1	0	0	0	0	0	0	0	0	0	0	0	1	0	0	0	0	0	0	0	2	0	0	0	3	9	5	0	41	42	42	47
194	187	22	10	5	180	8	0	0	22	10	5	4	0	5	0	29	0	10	6	173	8	0	0	8	0	0	4	0	0	0	22	0	0	0	22	10	5	0	0	0	0	2	0	0	0	4	0	5	0	29	0	10	6	166	8	0	0	8	0	0	4	0	0	0	22	0	0	0	8	0	0	0	0	0	0	0	0	0	0	4	0	0	0	22	0	0	0	22	10	5	0	0	0	0	1	0	0	0	0	0	0	0	2	0	0	0	4	0	5	0	29	0	10	6	159	8	0	0	8	0	0	4	0	0	0	22	0	0	0	8	0	0	0	0	0	0	0	0	0	0	4	0	0	0	22	0	0	0	8	0	0	0	0	0	0	0	0	0	0	0	0	0	0	0	0	0	0	4	0	0	0	22	0	0	0	22	10	5	1	0	0	0	0	0	0	0	0	0	0	0	1	0	0	0	0	0	0	0	2	0	0	0	4	0	5	0	29	0	10	6
317	305	34	21	56	293	19	11	27	34	21	56	25	0	76	31	100	30	56	122	281	14	11	25	19	11	27	11	0	70	27	55	0	27	48	34	21	56	4	0	30	20	6	0	0	0	25	0	76	31	100	30	56	122	269	13	11	23	14	11	25	9	0	66	23	34	0	25	37	19	11	27	2	0	28	16	3	0	0	0	11	0	70	27	55	0	27	48	34	21	56	8	0	0	16	10	0	0	0	4	0	30	20	6	0	0	0	25	0	76	31	100	30	56	122	257	13	11	8	13	11	23	9	0	62	4	33	0	23	4	14	11	25	2	0	26	0	3	0	0	0	9	0	66	23	34	0	25	37	19	11	27	8	0	0	0	8	0	0	0	2	0	28	16	3	0	0	0	11	0	70	27	55	0	27	48	34	21	56	12	0	0	28	4	0	0	16	8	0	0	16	10	0	0	0	4	0	30	20	6	0	0	0	25	0	76	31	100	30	56	122
208	200	31	17	22	192	19	7	12	31	17	22	20	0	28	24	82	39	44	35	184	16	7	10	19	7	12	14	0	24	20	49	14	24	10	31	17	22	4	0	14	20	10	0	0	0	20	0	28	24	82	39	44	35	176	15	7	8	16	7	10	12	0	20	16	35	14	20	8	19	7	12	2	0	12	16	6	0	0	0	14	0	24	20	49	14	24	10	31	17	22	8	0	0	16	10	0	0	0	4	0	14	20	10	0	0	0	20	0	28	24	82	39	44	35	168	15	7	0	15	7	8	12	0	16	0	34	14	16	0	16	7	10	2	0	10	0	6	0	0	0	12	0	20	16	35	14	20	8	19	7	12	8	0	0	0	6	0	0	0	2	0	12	16	6	0	0	0	14	0	24	20	49	14	24	10	31	17	22	16	0	0	0	4	0	0	16	8	0	0	16	10	0	0	0	4	0	14	20	10	0	0	0	20	0	28	24	82	39	44	35
341	327	59	79	22	313	26	59	12	59	79	22	25	82	28	24	118	207	44	35	299	22	47	10	26	59	12	20	62	24	20	57	159	24	10	59	79	22	28	24	14	20	40	24	44	0	25	82	28	24	118	207	44	35	285	18	36	8	22	47	10	14	48	20	16	44	112	20	8	26	59	12	16	12	12	16	16	18	24	0	20	62	24	20	57	159	24	10	59	79	22	8	48	0	16	11	28	22	0	28	24	14	20	40	24	44	0	25	82	28	24	118	207	44	35	271	14	26	0	18	36	8	6	36	16	0	34	86	16	0	22	47	10	4	8	10	0	16	12	20	0	14	48	20	16	44	112	20	8	26	59	12	4	34	0	0	3	20	12	0	16	12	12	16	16	18	24	0	20	62	24	20	57	159	24	10	59	79	22	17	52	0	0	12	32	0	16	8	48	0	16	11	28	22	0	28	24	14	20	40	24	44	0	25	82	28	24	118	207	44	35
216	208	10	0	50	200	9	0	5	10	0	50	4	0	0	25	25	0	0	163	192	9	0	0	9	0	5	4	0	0	0	22	0	0	48	10	0	50	0	0	0	0	0	0	0	6	4	0	0	25	25	0	0	163	184	9	0	0	9	0	0	4	0	0	0	22	0	0	37	9	0	5	0	0	0	0	0	0	0	0	4	0	0	0	22	0	0	48	10	0	50	0	0	0	0	0	0	0	0	0	0	0	0	0	0	0	6	4	0	0	25	25	0	0	163	176	8	0	0	9	0	0	4	0	0	0	22	0	0	4	9	0	0	0	0	0	0	0	0	0	0	4	0	0	0	22	0	0	37	9	0	5	0	0	0	0	0	0	0	0	0	0	0	0	0	0	0	0	4	0	0	0	22	0	0	48	10	0	50	0	0	10	0	0	0	0	0	0	0	0	0	0	0	0	0	0	0	0	0	0	0	0	6	4	0	0	25	25	0	0	163
237	228	10	8	40	219	7	8	0	10	8	40	3	0	0	0	23	0	0	163	210	7	8	0	7	8	0	3	0	0	0	15	0	0	48	10	8	40	0	0	0	0	0	0	0	0	3	0	0	0	23	0	0	163	201	7	8	0	7	8	0	3	0	0	0	15	0	0	37	7	8	0	0	0	0	0	0	0	0	0	3	0	0	0	15	0	0	48	10	8	40	0	0	0	0	0	0	0	0	0	0	0	0	0	0	0	0	3	0	0	0	23	0	0	163	192	7	8	0	7	8	0	3	0	0	0	15	0	0	4	7	8	0	0	0	0	0	0	0	0	0	3	0	0	0	15	0	0	37	7	8	0	0	0	0	0	0	0	0	0	0	0	0	0	0	0	0	0	3	0	0	0	15	0	0	48	10	8	40	0	0	0	0	0	0	0	0	0	0	0	0	0	0	0	0	0	0	0	0	0	0	0	0	3	0	0	0	23	0	0	163
333	320	38	39	38	307	15	9	36	38	39	38	16	27	27	16	79	75	114	0	294	14	0	35	15	9	36	12	0	25	15	32	9	108	0	38	39	38	4	0	0	7	20	0	38	0	16	27	27	16	79	75	114	0	281	14	0	35	14	0	35	12	0	25	15	31	0	105	0	15	9	36	4	0	0	7	13	0	36	0	12	0	25	15	32	9	108	0	38	39	38	2	0	0	0	9	0	0	0	4	0	0	7	20	0	38	0	16	27	27	16	79	75	114	0	268	12	0	35	14	0	35	12	0	25	15	31	0	105	0	14	0	35	4	0	0	7	13	0	35	0	12	0	25	15	31	0	105	0	15	9	36	0	0	0	0	1	0	0	0	4	0	0	7	13	0	36	0	12	0	25	15	32	9	108	0	38	39	38	14	0	0	0	10	24	0	0	2	0	0	0	9	0	0	0	4	0	0	7	20	0	38	0	16	27	27	16	79	75	114	0
332	319	31	44	44	306	8	8	43	31	44	44	9	32	57	8	60	68	176	0	293	4	0	43	8	8	43	0	0	55	8	11	8	172	0	31	44	44	0	0	31	0	14	0	44	0	9	32	57	8	60	68	176	0	280	4	0	43	4	0	43	0	0	55	8	4	0	172	0	8	8	43	0	0	31	0	7	0	43	0	0	0	55	8	11	8	172	0	31	44	44	0	0	0	0	8	0	0	0	0	0	31	0	14	0	44	0	9	32	57	8	60	68	176	0	267	4	0	35	4	0	43	0	0	55	8	4	0	172	0	4	0	43	0	0	31	0	3	0	43	0	0	0	55	8	4	0	172	0	8	8	43	0	0	0	0	0	0	0	0	0	0	31	0	7	0	43	0	0	0	55	8	11	8	172	0	31	44	44	8	0	0	51	12	0	0	0	0	0	0	0	8	0	0	0	0	0	31	0	14	0	44	0	9	32	57	8	60	68	176	0
205	197	17	15	23	189	4	0	22	17	15	23	7	0	27	8	27	15	69	0	181	2	0	22	4	0	22	0	0	25	8	3	0	66	0	17	15	23	0	0	0	0	0	0	0	0	7	0	27	8	27	15	69	0	173	2	0	22	2	0	22	0	0	25	8	1	0	66	0	4	0	22	0	0	0	0	0	0	0	0	0	0	25	8	3	0	66	0	17	15	23	0	0	0	0	2	0	0	0	0	0	0	0	0	0	0	0	7	0	27	8	27	15	69	0	165	2	0	22	2	0	22	0	0	25	8	1	0	66	0	2	0	22	0	0	0	0	0	0	0	0	0	0	25	8	1	0	66	0	4	0	22	0	0	0	0	0	0	0	0	0	0	0	0	0	0	0	0	0	0	25	8	3	0	66	0	17	15	23	0	0	0	0	6	0	0	0	0	0	0	0	2	0	0	0	0	0	0	0	0	0	0	0	7	0	27	8	27	15	69	0
335	322	51	30	64	309	23	0	40	51	30	64	25	0	73	58	120	110	192	100	296	18	0	37	23	0	40	10	0	60	51	45	0	120	51	51	30	64	12	0	24	31	29	0	0	0	25	0	73	58	120	110	192	100	283	16	0	35	18	0	37	10	0	58	45	37	0	111	45	23	0	40	2	0	20	27	13	0	0	0	10	0	60	51	45	0	120	51	51	30	64	8	0	0	20	16	20	0	0	12	0	24	31	29	0	0	0	25	0	73	58	120	110	192	100	270	13	0	30	16	0	35	10	0	56	39	31	0	105	39	18	0	37	0	0	20	23	6	0	0	0	10	0	58	45	37	0	111	45	23	0	40	3	0	0	16	2	0	0	0	2	0	20	27	13	0	0	0	10	0	60	51	45	0	120	51	51	30	64	18	0	25	37	20	0	0	0	8	0	0	20	16	20	0	0	12	0	24	31	29	0	0	0	25	0	73	58	120	110	192	100
262	251	41	42	26	240	16	28	14	41	42	26	17	28	25	42	93	100	52	44	229	11	28	12	16	28	14	6	28	14	36	36	49	28	24	41	42	26	12	0	4	24	33	27	0	0	17	28	25	42	93	100	52	44	218	9	28	10	11	28	12	6	28	12	30	29	49	24	20	16	28	14	2	0	0	20	8	21	0	0	6	28	14	36	36	49	28	24	41	42	26	8	0	0	20	14	10	0	0	12	0	4	24	33	27	0	0	17	28	25	42	93	100	52	44	207	6	24	8	9	28	10	6	28	10	24	23	49	20	16	11	28	12	0	0	0	16	3	21	0	0	6	28	12	30	29	49	24	20	16	28	14	3	0	0	16	4	0	0	0	2	0	0	20	8	21	0	0	6	28	14	36	36	49	28	24	41	42	26	14	20	25	16	18	0	0	0	8	0	0	20	14	10	0	0	12	0	4	24	33	27	0	0	17	28	25	42	93	100	52	44
336	322	27	44	57	308	10	24	19	27	44	57	8	0	41	56	56	32	114	169	294	10	24	18	10	24	19	8	0	20	52	29	12	38	141	27	44	57	14	0	0	8	30	0	0	0	8	0	41	56	56	32	114	169	280	8	24	18	10	24	18	8	0	20	52	29	12	36	137	10	24	19	4	0	0	8	10	0	0	0	8	0	20	52	29	12	38	141	27	44	57	2	0	0	0	5	0	0	0	14	0	0	8	30	0	0	0	8	0	41	56	56	32	114	169	266	6	24	18	8	24	18	8	0	20	52	23	12	36	135	10	24	18	4	0	0	8	10	0	0	0	8	0	20	52	29	12	36	137	10	24	19	0	0	0	0	1	0	0	0	4	0	0	8	10	0	0	0	8	0	20	52	29	12	38	141	27	44	57	10	0	0	0	16	20	0	0	2	0	0	0	5	0	0	0	14	0	0	8	30	0	0	0	8	0	41	56	56	32	114	169
414	397	77	80	83	380	44	30	58	77	80	83	66	0	94	98	160	200	415	90	363	34	20	50	44	30	58	35	0	88	80	104	90	290	54	77	80	83	35	100	10	50	52	90	0	22	66	0	94	98	160	200	415	90	346	26	0	48	34	20	50	27	0	84	76	79	60	250	49	44	30	58	20	0	10	44	23	0	0	12	35	0	88	80	104	90	290	54	77	80	83	12	0	59	24	8	20	166	0	35	100	10	50	52	90	0	22	66	0	94	98	160	200	415	90	329	15	0	45	26	0	48	13	0	84	72	54	0	240	45	34	20	50	8	0	10	38	23	0	0	10	27	0	84	76	79	60	250	49	44	30	58	3	0	53	20	2	0	116	0	20	0	10	44	23	0	0	12	35	0	88	80	104	90	290	54	77	80	83	13	0	28	29	16	60	0	0	12	0	59	24	8	20	166	0	35	100	10	50	52	90	0	22	66	0	94	98	160	200	415	90
125	120	6	0	25	115	2	0	9	6	0	25	0	0	8	27	5	0	0	67	110	2	0	9	2	0	9	0	0	0	27	1	0	0	65	6	0	25	0	0	0	0	0	0	0	0	0	0	8	27	5	0	0	67	105	2	0	9	2	0	9	0	0	0	27	1	0	0	65	2	0	9	0	0	0	0	0	0	0	0	0	0	0	27	1	0	0	65	6	0	25	0	0	0	0	0	0	0	0	0	0	0	0	0	0	0	0	0	0	8	27	5	0	0	67	100	2	0	9	2	0	9	0	0	0	27	1	0	0	65	2	0	9	0	0	0	0	0	0	0	0	0	0	0	27	1	0	0	65	2	0	9	0	0	0	0	0	0	0	0	0	0	0	0	0	0	0	0	0	0	0	27	1	0	0	65	6	0	25	0	0	0	0	4	0	0	0	0	0	0	0	0	0	0	0	0	0	0	0	0	0	0	0	0	0	8	27	5	0	0	67
361	346	62	62	50	331	39	26	14	62	62	50	58	0	47	28	126	102	200	172	316	29	26	10	39	26	14	33	0	24	20	90	39	56	133	62	62	50	34	0	0	0	39	102	0	22	58	0	47	28	126	102	200	172	301	23	26	10	29	26	10	27	0	20	20	66	39	40	127	39	26	14	20	0	0	0	22	39	0	12	33	0	24	20	90	39	56	133	62	62	50	12	0	12	0	8	18	0	0	34	0	0	0	39	102	0	22	58	0	47	28	126	102	200	172	286	12	18	10	23	26	10	13	0	20	20	47	39	40	123	29	26	10	8	0	0	0	20	39	0	10	27	0	20	20	66	39	40	127	39	26	14	3	0	8	0	4	0	0	0	20	0	0	0	22	39	0	12	33	0	24	20	90	39	56	133	62	62	50	5	72	28	0	16	54	0	0	12	0	12	0	8	18	0	0	34	0	0	0	39	102	0	22	58	0	47	28	126	102	200	172
174	167	19	6	22	160	10	0	0	19	6	22	8	0	17	0	35	6	22	105	153	10	0	0	10	0	0	8	0	0	0	24	0	0	101	19	6	22	4	0	0	0	17	0	0	0	8	0	17	0	35	6	22	105	146	10	0	0	10	0	0	8	0	0	0	24	0	0	100	10	0	0	4	0	0	0	10	0	0	0	8	0	0	0	24	0	0	101	19	6	22	2	0	0	0	3	0	0	0	4	0	0	0	17	0	0	0	8	0	17	0	35	6	22	105	139	8	0	0	10	0	0	8	0	0	0	24	0	0	100	10	0	0	4	0	0	0	10	0	0	0	8	0	0	0	24	0	0	100	10	0	0	0	0	0	0	1	0	0	0	4	0	0	0	10	0	0	0	8	0	0	0	24	0	0	101	19	6	22	10	0	0	0	10	12	0	0	2	0	0	0	3	0	0	0	4	0	0	0	17	0	0	0	8	0	17	0	35	6	22	105
311	298	57	12	88	285	46	0	50	57	12	88	72	0	11	86	131	0	88	190	272	32	0	39	46	0	50	43	0	10	48	114	0	50	91	57	12	88	40	0	51	31	25	0	0	44	72	0	11	86	131	0	88	190	259	30	0	39	32	0	39	37	0	10	48	79	0	39	78	46	0	50	38	0	28	31	25	0	0	43	43	0	10	48	114	0	50	91	57	12	88	13	0	0	0	5	0	0	0	40	0	51	31	25	0	0	44	72	0	11	86	131	0	88	190	246	22	0	39	30	0	39	29	0	10	48	75	0	39	76	32	0	39	26	0	28	31	25	0	0	43	37	0	10	48	79	0	39	78	46	0	50	7	0	0	0	5	0	0	0	38	0	28	31	25	0	0	43	43	0	10	48	114	0	50	91	57	12	88	5	0	18	0	4	0	0	0	13	0	0	0	5	0	0	0	40	0	51	31	25	0	0	44	72	0	11	86	131	0	88	190
427	408	86	123	54	389	53	70	30	86	123	54	63	161	11	54	180	328	216	133	370	43	34	28	53	70	30	50	17	10	48	132	218	120	72	86	123	54	40	0	51	20	25	0	216	0	63	161	11	54	180	328	216	133	351	41	34	28	43	34	28	44	17	10	48	108	119	112	60	53	70	30	38	0	28	20	25	0	120	0	50	17	10	48	132	218	120	72	86	123	54	13	0	0	0	5	0	0	0	40	0	51	20	25	0	216	0	63	161	11	54	180	328	216	133	332	33	34	28	41	34	28	36	17	10	48	104	119	112	58	43	34	28	26	0	28	20	25	0	112	0	44	17	10	48	108	119	112	60	53	70	30	7	0	0	0	5	0	0	0	38	0	28	20	25	0	120	0	50	17	10	48	132	218	120	72	86	123	54	5	0	18	0	4	0	0	0	13	0	0	0	5	0	0	0	40	0	51	20	25	0	216	0	63	161	11	54	180	328	216	133
412	393	86	140	38	374	59	116	16	86	140	38	70	157	11	22	177	235	38	133	355	39	77	14	59	116	16	44	106	10	18	144	209	16	72	86	140	38	24	162	58	8	34	134	114	0	70	157	11	22	177	235	38	133	336	35	56	10	39	77	14	37	56	10	10	90	132	14	60	59	116	16	22	128	32	0	24	116	48	0	44	106	10	18	144	209	16	72	86	140	38	9	67	24	0	12	17	76	22	24	162	58	8	34	134	114	0	70	157	11	22	177	235	38	133	317	31	25	10	35	56	10	37	0	10	10	83	94	10	58	39	77	14	22	32	28	0	17	85	42	0	37	56	10	10	90	132	14	60	59	116	16	7	33	18	0	12	17	32	12	22	128	32	0	24	116	48	0	44	106	10	18	144	209	16	72	86	140	38	23	24	18	0	11	0	152	0	9	67	24	0	12	17	76	22	24	162	58	8	34	134	114	0	70	157	11	22	177	235	38	133
320	306	57	63	48	292	36	27	36	57	63	48	47	56	20	18	142	134	192	83	278	26	13	36	36	27	36	28	0	19	18	99	73	144	58	57	63	48	18	0	60	0	5	0	96	0	47	56	20	18	142	134	192	83	264	26	13	36	26	13	36	28	0	19	18	74	52	144	50	36	27	36	18	0	37	0	5	0	72	0	28	0	19	18	99	73	144	58	57	63	48	4	0	0	0	3	0	0	0	18	0	60	0	5	0	96	0	47	56	20	18	142	134	192	83	250	26	13	36	26	13	36	28	0	19	18	74	52	144	48	26	13	36	18	0	37	0	5	0	72	0	28	0	19	18	74	52	144	50	36	27	36	4	0	0	0	3	0	0	0	18	0	37	0	5	0	72	0	28	0	19	18	99	73	144	58	57	63	48	0	0	0	0	4	0	0	0	4	0	0	0	3	0	0	0	18	0	60	0	5	0	96	0	47	56	20	18	142	134	192	83
329	314	75	74	47	299	49	58	9	75	74	47	82	80	0	27	173	218	47	212	284	33	54	0	49	58	9	36	72	0	0	122	194	9	91	75	74	47	41	36	20	0	28	73	0	38	82	80	0	27	173	218	47	212	269	30	52	0	33	54	0	29	72	0	0	84	180	0	78	49	58	9	37	36	0	0	22	67	0	36	36	72	0	0	122	194	9	91	75	74	47	11	16	0	0	7	13	0	0	41	36	20	0	28	73	0	38	82	80	0	27	173	218	47	212	254	24	34	0	30	52	0	21	68	0	0	77	172	0	76	33	54	0	25	36	0	0	19	63	0	35	29	72	0	0	84	180	0	78	49	58	9	7	0	0	0	6	11	0	0	37	36	0	0	22	67	0	36	36	72	0	0	122	194	9	91	75	74	47	6	16	18	0	5	0	94	0	11	16	0	0	7	13	0	0	41	36	20	0	28	73	0	38	82	80	0	27	173	218	47	212
321	306	63	63	49	291	29	36	28	63	63	49	30	0	106	53	156	150	147	102	276	29	36	27	29	36	28	30	0	47	49	82	96	84	66	63	63	49	18	0	0	10	5	0	0	0	30	0	106	53	156	150	147	102	261	29	36	27	29	36	27	30	0	45	49	82	96	81	64	29	36	28	18	0	0	10	5	0	0	0	30	0	47	49	82	96	84	66	63	63	49	4	0	0	0	3	0	0	0	18	0	0	10	5	0	0	0	30	0	106	53	156	150	147	102	246	29	36	27	29	36	27	30	0	45	49	82	96	81	64	29	36	27	18	0	0	10	5	0	0	0	30	0	45	49	82	96	81	64	29	36	28	4	0	0	0	3	0	0	0	18	0	0	10	5	0	0	0	30	0	47	49	82	96	84	66	63	63	49	0	0	0	0	4	0	0	0	4	0	0	0	3	0	0	0	18	0	0	10	5	0	0	0	30	0	106	53	156	150	147	102
218	208	40	29	19	198	11	9	19	40	29	19	5	0	27	0	79	96	95	0	188	11	9	19	11	9	19	5	0	27	0	28	36	95	0	40	29	19	0	0	0	0	0	0	0	0	5	0	27	0	79	96	95	0	178	11	9	19	11	9	19	5	0	27	0	28	36	95	0	11	9	19	0	0	0	0	0	0	0	0	5	0	27	0	28	36	95	0	40	29	19	0	0	0	0	0	0	0	0	0	0	0	0	0	0	0	0	5	0	27	0	79	96	95	0	168	11	9	18	11	9	19	5	0	27	0	28	36	95	0	11	9	19	0	0	0	0	0	0	0	0	5	0	27	0	28	36	95	0	11	9	19	0	0	0	0	0	0	0	0	0	0	0	0	0	0	0	0	5	0	27	0	28	36	95	0	40	29	19	0	0	0	10	0	0	0	0	0	0	0	0	0	0	0	0	0	0	0	0	0	0	0	0	5	0	27	0	79	96	95	0
369	350	101	130	43	331	53	110	0	101	130	43	64	216	71	0	255	384	0	275	312	46	92	0	53	110	0	39	176	0	0	146	326	0	141	101	130	43	37	152	14	0	30	50	0	0	64	216	71	0	255	384	0	275	293	37	88	0	46	92	0	28	160	0	0	126	268	0	117	53	110	0	17	144	0	0	25	44	0	0	39	176	0	0	146	326	0	141	101	130	43	22	32	44	0	6	24	0	0	37	152	14	0	30	50	0	0	64	216	71	0	255	384	0	275	274	31	88	0	37	88	0	18	160	0	0	105	256	0	113	46	92	0	13	144	0	0	21	40	0	0	28	160	0	0	126	268	0	117	53	110	0	8	32	0	0	6	24	0	0	17	144	0	0	25	44	0	0	39	176	0	0	146	326	0	141	101	130	43	10	0	16	0	5	38	0	0	22	32	44	0	6	24	0	0	37	152	14	0	30	50	0	0	64	216	71	0	255	384	0	275
180	171	46	23	16	162	24	20	0	46	23	16	24	15	50	0	118	53	0	102	153	24	20	0	24	20	0	24	15	0	0	70	45	0	66	46	23	16	18	0	0	0	5	0	0	0	24	15	50	0	118	53	0	102	144	24	20	0	24	20	0	24	15	0	0	70	45	0	64	24	20	0	18	0	0	0	5	0	0	0	24	15	0	0	70	45	0	66	46	23	16	4	0	0	0	3	0	0	0	18	0	0	0	5	0	0	0	24	15	50	0	118	53	0	102	135	24	20	0	24	20	0	24	15	0	0	70	45	0	64	24	20	0	18	0	0	0	5	0	0	0	24	15	0	0	70	45	0	64	24	20	0	4	0	0	0	3	0	0	0	18	0	0	0	5	0	0	0	24	15	0	0	70	45	0	66	46	23	16	0	0	0	0	4	0	0	0	4	0	0	0	3	0	0	0	18	0	0	0	5	0	0	0	24	15	50	0	118	53	0	102
273	260	60	56	16	247	27	30	0	60	56	16	27	20	50	0	136	154	64	102	234	27	30	0	27	30	0	27	20	0	0	75	90	0	66	60	56	16	18	0	0	0	5	0	0	0	27	20	50	0	136	154	64	102	221	27	30	0	27	30	0	27	20	0	0	75	90	0	64	27	30	0	18	0	0	0	5	0	0	0	27	20	0	0	75	90	0	66	60	56	16	4	0	0	0	3	0	0	0	18	0	0	0	5	0	0	0	27	20	50	0	136	154	64	102	208	27	30	0	27	30	0	27	20	0	0	75	90	0	64	27	30	0	18	0	0	0	5	0	0	0	27	20	0	0	75	90	0	64	27	30	0	4	0	0	0	3	0	0	0	18	0	0	0	5	0	0	0	27	20	0	0	75	90	0	66	60	56	16	0	0	0	0	4	0	0	0	4	0	0	0	3	0	0	0	18	0	0	0	5	0	0	0	27	20	50	0	136	154	64	102
391	373	40	65	111	355	18	0	101	40	65	111	14	0	56	58	53	78	555	19	337	14	0	75	18	0	101	6	0	54	11	35	0	505	19	40	65	111	4	0	32	102	22	0	0	92	14	0	56	58	53	78	555	19	319	14	0	61	14	0	75	6	0	37	10	32	0	375	19	18	0	101	4	0	28	46	10	0	0	46	6	0	54	11	35	0	505	19	40	65	111	3	0	0	41	1	0	0	83	4	0	32	102	22	0	0	92	14	0	56	58	53	78	555	19	301	13	0	57	14	0	61	6	0	31	10	32	0	305	19	14	0	75	0	0	0	44	1	0	0	42	6	0	37	10	32	0	375	19	18	0	101	1	0	0	35	1	0	0	58	4	0	28	46	10	0	0	46	6	0	54	11	35	0	505	19	40	65	111	0	0	8	42	0	0	0	0	3	0	0	41	1	0	0	83	4	0	32	102	22	0	0	92	14	0	56	58	53	78	555	19
417	398	42	18	153	379	24	0	121	42	18	153	16	0	16	112	74	36	153	84	360	20	0	85	24	0	121	8	0	14	36	56	0	121	47	42	18	153	4	0	32	130	14	0	0	140	16	0	16	112	74	36	153	84	341	20	0	73	20	0	85	8	0	0	35	53	0	85	46	24	0	121	4	0	28	73	10	0	0	82	8	0	14	36	56	0	121	47	42	18	153	3	0	0	18	1	0	0	83	4	0	32	130	14	0	0	140	16	0	16	112	74	36	153	84	322	19	0	73	20	0	73	8	0	0	35	53	0	73	46	20	0	85	0	0	0	73	1	0	0	78	8	0	0	35	53	0	85	46	24	0	121	1	0	0	18	1	0	0	58	4	0	28	73	10	0	0	82	8	0	14	36	56	0	121	47	42	18	153	0	0	8	0	0	0	0	0	3	0	0	18	1	0	0	83	4	0	32	130	14	0	0	140	16	0	16	112	74	36	153	84
348	332	33	48	76	316	13	0	63	33	48	76	7	0	49	27	45	48	304	35	300	13	0	62	13	0	63	7	0	49	27	29	0	252	19	33	48	76	0	0	0	8	8	0	0	0	7	0	49	27	45	48	304	35	284	13	0	60	13	0	62	7	0	46	27	29	0	248	19	13	0	63	0	0	0	6	0	0	0	0	7	0	49	27	29	0	252	19	33	48	76	0	0	0	12	0	0	0	0	0	0	0	8	8	0	0	0	7	0	49	27	45	48	304	35	268	13	0	58	13	0	60	7	0	40	27	29	0	240	19	13	0	62	0	0	0	4	0	0	0	0	7	0	46	27	29	0	248	19	13	0	63	0	0	0	8	0	0	0	0	0	0	0	6	0	0	0	0	7	0	49	27	29	0	252	19	33	48	76	0	0	0	8	0	0	0	0	0	0	0	12	0	0	0	0	0	0	0	8	8	0	0	0	7	0	49	27	45	48	304	35
308	293	48	58	51	278	22	36	23	48	58	51	14	24	16	71	75	133	102	84	263	18	36	0	22	36	23	6	24	14	0	47	108	46	47	48	58	51	4	0	32	0	14	0	0	140	14	24	16	71	75	133	102	84	248	18	36	0	18	36	0	6	24	0	0	44	108	0	46	22	36	23	4	0	28	0	10	0	0	82	6	24	14	0	47	108	46	47	48	58	51	3	0	0	0	1	0	0	0	4	0	32	0	14	0	0	140	14	24	16	71	75	133	102	84	233	17	36	0	18	36	0	6	24	0	0	44	108	0	46	18	36	0	0	0	0	0	1	0	0	78	6	24	0	0	44	108	0	46	22	36	23	1	0	0	0	1	0	0	0	4	0	28	0	10	0	0	82	6	24	14	0	47	108	46	47	48	58	51	0	0	8	0	0	0	0	0	3	0	0	0	1	0	0	0	4	0	32	0	14	0	0	140	14	24	16	71	75	133	102	84
268	255	32	47	32	242	16	22	9	32	47	32	7	11	0	36	56	38	96	84	229	16	22	0	16	22	9	7	11	0	0	42	22	27	47	32	47	32	0	0	0	0	4	0	0	54	7	11	0	36	56	38	96	84	216	16	22	0	16	22	0	7	11	0	0	42	22	0	46	16	22	9	0	0	0	0	0	0	0	30	7	11	0	0	42	22	27	47	32	47	32	0	0	0	0	0	0	0	0	0	0	0	0	4	0	0	54	7	11	0	36	56	38	96	84	203	16	22	0	16	22	0	7	11	0	0	42	22	0	46	16	22	0	0	0	0	0	0	0	0	28	7	11	0	0	42	22	0	46	16	22	9	0	0	0	0	0	0	0	0	0	0	0	0	0	0	0	30	7	11	0	0	42	22	27	47	32	47	32	0	0	0	0	0	0	0	0	0	0	0	0	0	0	0	0	0	0	0	0	4	0	0	54	7	11	0	36	56	38	96	84
252	240	12	0	88	228	6	0	50	12	0	88	3	0	0	53	7	0	0	219	216	6	0	50	6	0	50	3	0	0	53	7	0	0	173	12	0	88	0	0	0	0	12	0	0	0	3	0	0	53	7	0	0	219	204	6	0	49	6	0	50	3	0	0	51	7	0	0	137	6	0	50	0	0	0	0	0	0	0	0	3	0	0	53	7	0	0	173	12	0	88	0	0	0	8	0	0	0	0	0	0	0	0	12	0	0	0	3	0	0	53	7	0	0	219	192	6	0	47	6	0	49	3	0	0	47	7	0	0	121	6	0	50	0	0	0	0	0	0	0	0	3	0	0	51	7	0	0	137	6	0	50	0	0	0	6	0	0	0	0	0	0	0	0	0	0	0	0	3	0	0	53	7	0	0	173	12	0	88	0	0	0	12	0	0	0	0	0	0	0	8	0	0	0	0	0	0	0	0	12	0	0	0	3	0	0	53	7	0	0	219
229	218	19	18	50	207	13	0	23	19	18	50	6	0	14	18	21	0	100	187	196	9	0	23	13	0	23	6	0	14	18	18	0	46	164	19	18	50	0	0	0	0	15	36	0	0	6	0	14	18	21	0	100	187	185	9	0	22	9	0	23	6	0	14	16	10	0	46	137	13	0	23	0	0	0	0	4	0	0	0	6	0	14	18	18	0	46	164	19	18	50	3	0	0	8	4	0	0	0	0	0	0	0	15	36	0	0	6	0	14	18	21	0	100	187	174	9	0	18	9	0	22	6	0	14	12	10	0	44	121	9	0	23	0	0	0	0	1	0	0	0	6	0	14	16	10	0	46	137	13	0	23	3	0	0	6	4	0	0	0	0	0	0	0	4	0	0	0	6	0	14	18	18	0	46	164	19	18	50	12	0	0	22	3	0	0	0	3	0	0	8	4	0	0	0	0	0	0	0	15	36	0	0	6	0	14	18	21	0	100	187
208	198	25	16	42	188	15	0	24	25	16	42	6	0	58	42	29	0	84	111	178	11	0	23	15	0	24	6	0	46	39	23	0	48	101	25	16	42	4	0	0	7	25	32	0	0	6	0	58	42	29	0	84	111	168	10	0	15	11	0	23	6	0	42	16	15	0	46	75	15	0	24	0	0	0	0	5	0	0	0	6	0	46	39	23	0	48	101	25	16	42	4	0	11	8	5	0	0	38	4	0	0	7	25	32	0	0	6	0	58	42	29	0	84	111	158	10	0	11	10	0	15	6	0	14	12	13	0	30	61	11	0	23	0	0	0	0	2	0	0	0	6	0	42	16	15	0	46	75	15	0	24	4	0	8	6	5	0	0	16	0	0	0	0	5	0	0	0	6	0	46	39	23	0	48	101	25	16	42	12	0	0	22	3	0	0	0	4	0	11	8	5	0	0	38	4	0	0	7	25	32	0	0	6	0	58	42	29	0	84	111
294	279	30	58	72	264	17	36	8	30	58	72	7	24	44	24	32	60	144	423	249	13	36	7	17	36	8	7	24	32	21	29	60	16	317	30	58	72	4	0	0	7	22	40	0	0	7	24	44	24	32	60	144	423	234	12	36	0	13	36	7	7	24	28	0	21	60	14	222	17	36	8	0	0	0	0	5	0	0	0	7	24	32	21	29	60	16	317	30	58	72	4	0	11	0	5	0	0	38	4	0	0	7	22	40	0	0	7	24	44	24	32	60	144	423	219	12	36	0	12	36	0	7	24	0	0	19	60	0	194	13	36	7	0	0	0	0	2	0	0	0	7	24	28	0	21	60	14	222	17	36	8	4	0	8	0	5	0	0	16	0	0	0	0	5	0	0	0	7	24	32	21	29	60	16	317	30	58	72	12	0	0	0	3	0	0	0	4	0	11	0	5	0	0	38	4	0	0	7	22	40	0	0	7	24	44	24	32	60	144	423
182	173	14	8	43	164	8	8	0	14	8	43	5	0	0	0	16	0	0	270	155	8	8	0	8	8	0	5	0	0	0	16	0	0	196	14	8	43	0	0	0	0	12	0	0	0	5	0	0	0	16	0	0	270	146	8	8	0	8	8	0	5	0	0	0	16	0	0	137	8	8	0	0	0	0	0	0	0	0	0	5	0	0	0	16	0	0	196	14	8	43	0	0	0	0	0	0	0	0	0	0	0	0	12	0	0	0	5	0	0	0	16	0	0	270	137	8	8	0	8	8	0	5	0	0	0	16	0	0	121	8	8	0	0	0	0	0	0	0	0	0	5	0	0	0	16	0	0	137	8	8	0	0	0	0	0	0	0	0	0	0	0	0	0	0	0	0	0	5	0	0	0	16	0	0	196	14	8	43	0	0	0	0	0	0	0	0	0	0	0	0	0	0	0	0	0	0	0	0	12	0	0	0	5	0	0	0	16	0	0	270
198	188	28	9	62	178	23	9	31	28	9	62	15	0	0	36	53	18	0	164	168	13	0	28	23	9	31	7	0	0	30	40	18	0	55	28	9	62	2	0	13	24	11	9	62	0	15	0	0	36	53	18	0	164	158	12	0	27	13	0	28	6	0	0	28	18	0	0	53	23	9	31	0	0	11	21	9	9	31	0	7	0	0	30	40	18	0	55	28	9	62	4	0	0	7	8	9	0	0	2	0	13	24	11	9	62	0	15	0	0	36	53	18	0	164	148	12	0	16	12	0	27	6	0	0	14	15	0	0	37	13	0	28	0	0	8	0	2	0	28	0	6	0	0	28	18	0	0	53	23	9	31	4	0	0	0	8	9	0	0	0	0	11	21	9	9	31	0	7	0	0	30	40	18	0	55	28	9	62	21	0	0	36	7	0	0	38	4	0	0	7	8	9	0	0	2	0	13	24	11	9	62	0	15	0	0	36	53	18	0	164
253	240	53	46	44	227	36	16	40	53	46	44	25	48	18	36	128	89	132	0	214	22	0	37	36	16	40	5	0	18	30	88	24	120	0	53	46	44	5	0	31	24	21	19	88	0	25	48	18	36	128	89	132	0	201	21	0	35	22	0	37	4	0	18	28	56	0	111	0	36	16	40	3	0	29	21	15	8	80	0	5	0	18	30	88	24	120	0	53	46	44	4	0	0	15	11	11	0	0	5	0	31	24	21	19	88	0	25	48	18	36	128	89	132	0	188	21	0	16	21	0	35	4	0	16	14	53	0	105	0	22	0	37	3	0	26	0	5	0	74	0	4	0	18	28	56	0	111	0	36	16	40	4	0	0	0	10	8	0	0	3	0	29	21	15	8	80	0	5	0	18	30	88	24	120	0	53	46	44	26	0	0	36	7	0	0	85	4	0	0	15	11	11	0	0	5	0	31	24	21	19	88	0	25	48	18	36	128	89	132	0
265	250	41	75	40	235	27	71	11	41	75	40	28	40	0	22	96	94	0	164	220	17	50	8	27	71	11	15	40	0	16	67	92	0	55	41	75	40	16	0	13	24	16	25	120	0	28	40	0	22	96	94	0	164	205	14	47	7	17	50	8	12	40	0	14	39	50	0	53	27	71	11	8	0	11	21	12	24	33	0	15	40	0	16	67	92	0	55	41	75	40	13	21	0	7	9	21	0	0	16	0	13	24	16	25	120	0	28	40	0	22	96	94	0	164	190	11	35	0	14	47	7	6	28	0	0	29	41	0	37	17	50	8	5	0	8	0	5	10	24	0	12	40	0	14	39	50	0	53	27	71	11	4	21	0	0	9	21	0	0	8	0	11	21	12	24	33	0	15	40	0	16	67	92	0	55	41	75	40	15	84	0	0	7	21	0	38	13	21	0	7	9	21	0	0	16	0	13	24	16	25	120	0	28	40	0	22	96	94	0	164
196	185	46	39	13	174	30	39	11	46	39	13	40	0	0	22	111	46	0	0	163	18	24	8	30	39	11	17	0	0	16	75	46	0	0	46	39	13	16	0	13	24	18	18	39	0	40	0	0	22	111	46	0	0	152	15	24	7	18	24	8	14	0	0	14	44	16	0	0	30	39	11	8	0	11	21	13	18	33	0	17	0	0	16	75	46	0	0	46	39	13	16	0	0	7	10	15	0	0	16	0	13	24	18	18	39	0	40	0	0	22	111	46	0	0	141	12	15	0	15	24	7	8	0	0	0	34	16	0	0	18	24	8	5	0	8	0	5	8	24	0	14	0	0	14	44	16	0	0	30	39	11	7	0	0	0	10	15	0	0	8	0	11	21	13	18	33	0	17	0	0	16	75	46	0	0	46	39	13	18	45	0	0	7	15	0	38	16	0	0	7	10	15	0	0	16	0	13	24	18	18	39	0	40	0	0	22	111	46	0	0
217	205	50	51	9	193	28	26	9	50	51	9	20	30	18	0	140	115	45	0	181	19	20	9	28	26	9	4	0	18	0	77	79	45	0	50	51	9	5	0	18	0	22	11	18	0	20	30	18	0	140	115	45	0	169	18	20	8	19	20	9	3	0	18	0	55	70	45	0	28	26	9	3	0	18	0	14	3	18	0	4	0	18	0	77	79	45	0	50	51	9	0	0	0	8	8	8	0	0	5	0	18	0	22	11	18	0	20	30	18	0	140	115	45	0	157	18	20	0	18	20	8	3	0	16	0	52	70	40	0	19	20	9	3	0	18	0	8	0	18	0	3	0	18	0	55	70	45	0	28	26	9	0	0	0	0	5	3	0	0	3	0	18	0	14	3	18	0	4	0	18	0	77	79	45	0	50	51	9	14	0	0	0	8	0	0	47	0	0	0	8	8	8	0	0	5	0	18	0	22	11	18	0	20	30	18	0	140	115	45	0
170	161	30	8	34	152	17	0	21	30	8	34	7	0	44	18	90	8	34	53	143	16	0	21	17	0	21	3	0	18	18	56	0	21	49	30	8	34	3	0	0	0	12	0	0	0	7	0	44	18	90	8	34	53	134	16	0	21	16	0	21	3	0	18	18	55	0	21	46	17	0	21	3	0	0	0	5	0	0	0	3	0	18	18	56	0	21	49	30	8	34	0	0	0	0	4	0	0	0	3	0	0	0	12	0	0	0	7	0	44	18	90	8	34	53	125	16	0	20	16	0	21	3	0	18	16	55	0	21	43	16	0	21	3	0	0	0	5	0	0	0	3	0	18	18	55	0	21	46	17	0	21	0	0	0	0	0	0	0	0	3	0	0	0	5	0	0	0	3	0	18	18	56	0	21	49	30	8	34	5	0	0	8	0	0	0	0	0	0	0	0	4	0	0	0	3	0	0	0	12	0	0	0	7	0	44	18	90	8	34	53
114	108	24	0	15	102	15	0	12	24	0	15	7	0	6	0	70	0	0	9	96	14	0	12	15	0	12	3	0	0	0	49	0	0	9	24	0	15	3	0	0	0	7	0	0	0	7	0	6	0	70	0	0	9	90	14	0	12	14	0	12	3	0	0	0	48	0	0	9	15	0	12	3	0	0	0	4	0	0	0	3	0	0	0	49	0	0	9	24	0	15	0	0	0	0	2	0	0	0	3	0	0	0	7	0	0	0	7	0	6	0	70	0	0	9	84	14	0	12	14	0	12	3	0	0	0	48	0	0	8	14	0	12	3	0	0	0	4	0	0	0	3	0	0	0	48	0	0	9	15	0	12	0	0	0	0	0	0	0	0	3	0	0	0	4	0	0	0	3	0	0	0	49	0	0	9	24	0	15	3	0	0	0	0	0	0	0	0	0	0	0	2	0	0	0	3	0	0	0	7	0	0	0	7	0	6	0	70	0	0	9
272	256	69	90	22	240	32	58	9	69	90	22	33	28	44	18	187	287	88	53	224	29	48	9	32	58	9	22	0	18	18	108	199	36	49	69	90	22	7	36	0	0	24	26	22	0	33	28	44	18	187	287	88	53	208	28	48	9	29	48	9	21	0	18	18	98	180	36	46	32	58	9	5	36	0	0	11	12	9	0	22	0	18	18	108	199	36	49	69	90	22	0	0	0	0	7	7	0	0	7	36	0	0	24	26	22	0	33	28	44	18	187	287	88	53	192	28	45	8	28	48	9	21	0	18	16	95	180	36	43	29	48	9	5	36	0	0	10	12	9	0	21	0	18	18	98	180	36	46	32	58	9	0	0	0	0	3	0	0	0	5	36	0	0	11	12	9	0	22	0	18	18	108	199	36	49	69	90	22	15	33	0	8	9	0	0	0	0	0	0	0	7	7	0	0	7	36	0	0	24	26	22	0	33	28	44	18	187	287	88	53
202	190	51	44	11	178	23	32	0	51	44	11	23	0	22	0	140	142	22	53	166	21	32	0	23	32	0	15	0	0	0	74	112	0	49	51	44	11	6	0	0	0	20	8	0	0	23	0	22	0	140	142	22	53	154	21	32	0	21	32	0	15	0	0	0	69	112	0	46	23	32	0	6	0	0	0	8	8	0	0	15	0	0	0	74	112	0	49	51	44	11	0	0	0	0	6	0	0	0	6	0	0	0	20	8	0	0	23	0	22	0	140	142	22	53	142	21	32	0	21	32	0	15	0	0	0	69	112	0	43	21	32	0	6	0	0	0	8	8	0	0	15	0	0	0	69	112	0	46	23	32	0	0	0	0	0	1	0	0	0	6	0	0	0	8	8	0	0	15	0	0	0	74	112	0	49	51	44	11	17	0	0	0	7	0	0	0	0	0	0	0	6	0	0	0	6	0	0	0	20	8	0	0	23	0	22	0	140	142	22	53
146	137	40	23	3	128	19	20	0	40	23	3	12	15	6	0	99	63	0	9	119	16	20	0	19	20	0	3	15	0	0	50	60	0	9	40	23	3	3	0	0	0	16	13	0	0	12	15	6	0	99	63	0	9	110	16	20	0	16	20	0	3	15	0	0	45	60	0	9	19	20	0	3	0	0	0	8	10	0	0	3	15	0	0	50	60	0	9	40	23	3	1	0	0	0	3	0	0	0	3	0	0	0	16	13	0	0	12	15	6	0	99	63	0	9	101	16	20	0	16	20	0	3	15	0	0	45	60	0	8	16	20	0	3	0	0	0	8	10	0	0	3	15	0	0	45	60	0	9	19	20	0	1	0	0	0	0	0	0	0	3	0	0	0	8	10	0	0	3	15	0	0	50	60	0	9	40	23	3	7	0	0	0	5	0	0	0	1	0	0	0	3	0	0	0	3	0	0	0	16	13	0	0	12	15	6	0	99	63	0	9
299	282	85	57	85	265	55	28	68	85	57	85	72	41	23	61	222	201	170	22	248	47	13	30	55	28	68	47	13	16	18	155	110	136	9	85	57	85	30	26	32	70	25	28	85	168	72	41	23	61	222	201	170	22	231	42	0	28	47	13	30	41	0	16	18	131	39	60	9	55	28	68	22	0	32	62	18	13	68	102	47	13	16	18	155	110	136	9	85	57	85	23	0	32	22	10	0	85	0	30	26	32	70	25	28	85	168	72	41	23	61	222	201	170	22	214	31	0	25	42	0	28	31	0	16	18	115	0	56	9	47	13	30	18	0	32	50	14	0	30	90	41	0	16	18	131	39	60	9	55	28	68	9	0	32	16	10	0	68	0	22	0	32	62	18	13	68	102	47	13	16	18	155	110	136	9	85	57	85	25	0	43	24	11	15	0	0	23	0	32	22	10	0	85	0	30	26	32	70	25	28	85	168	72	41	23	61	222	201	170	22
238	224	81	60	28	210	52	20	19	81	60	28	68	35	23	22	231	141	140	22	196	45	13	17	52	20	19	51	0	16	18	167	59	95	9	81	60	28	33	0	32	18	24	7	28	0	68	35	23	22	231	141	140	22	182	41	13	17	45	13	17	44	0	16	18	141	52	85	9	52	20	19	23	0	32	18	17	0	19	0	51	0	16	18	167	59	95	9	81	60	28	16	0	8	0	10	0	0	0	33	0	32	18	24	7	28	0	68	35	23	22	231	141	140	22	168	38	13	17	41	13	17	38	0	16	18	128	52	85	9	45	13	17	20	0	32	18	14	0	17	0	44	0	16	18	141	52	85	9	52	20	19	7	0	8	0	10	0	0	0	23	0	32	18	17	0	19	0	51	0	16	18	167	59	95	9	81	60	28	25	0	0	0	14	0	0	0	16	0	8	0	10	0	0	0	33	0	32	18	24	7	28	0	68	35	23	22	231	141	140	22
259	244	74	38	60	229	46	26	31	74	38	60	60	0	23	39	204	139	60	67	214	37	26	8	46	26	31	34	0	16	0	135	91	31	30	74	38	60	24	0	32	0	21	25	0	106	60	0	23	39	204	139	60	67	199	32	26	8	37	26	8	27	0	16	0	104	91	8	30	46	26	31	14	0	32	0	12	13	0	71	34	0	16	0	135	91	31	30	74	38	60	12	0	15	0	4	0	0	0	24	0	32	0	21	25	0	106	60	0	23	39	204	139	60	67	184	22	24	8	32	26	8	17	0	16	0	88	91	8	30	37	26	8	11	0	32	0	9	13	0	62	27	0	16	0	104	91	8	30	46	26	31	3	0	15	0	3	0	0	0	14	0	32	0	12	13	0	71	34	0	16	0	135	91	31	30	74	38	60	19	24	43	0	10	0	0	0	12	0	15	0	4	0	0	0	24	0	32	0	21	25	0	106	60	0	23	39	204	139	60	67
290	272	104	125	20	254	59	89	20	104	125	20	79	162	16	0	269	361	60	0	236	48	68	8	59	89	20	49	120	16	0	164	268	60	0	104	125	20	25	133	32	0	35	56	20	53	79	162	16	0	269	361	60	0	218	43	42	8	48	68	8	42	83	16	0	126	187	24	0	59	89	20	14	74	32	0	19	40	20	22	49	120	16	0	164	268	60	0	104	125	20	21	95	15	0	21	30	40	0	25	133	32	0	35	56	20	53	79	162	16	0	269	361	60	0	200	34	17	8	43	42	8	37	31	16	0	114	113	24	0	48	68	8	13	44	32	0	15	30	8	16	42	83	16	0	126	187	24	0	59	89	20	11	27	15	0	15	27	40	0	14	74	32	0	19	40	20	22	49	120	16	0	164	268	60	0	104	125	20	27	31	43	0	23	27	60	0	21	95	15	0	21	30	40	0	25	133	32	0	35	56	20	53	79	162	16	0	269	361	60	0
262	245	100	109	13	228	54	73	0	100	109	13	58	129	7	0	271	365	52	33	211	48	70	0	54	73	0	38	120	0	0	151	272	0	9	100	109	13	36	30	0	0	46	29	0	0	58	129	7	0	271	365	52	33	194	44	70	0	48	70	0	35	120	0	0	133	260	0	9	54	73	0	23	30	0	0	25	20	0	0	38	120	0	0	151	272	0	9	100	109	13	27	0	0	0	20	13	0	0	36	30	0	0	46	29	0	0	58	129	7	0	271	365	52	33	177	39	58	0	44	70	0	28	120	0	0	121	260	0	9	48	70	0	20	30	0	0	23	20	0	0	35	120	0	0	133	260	0	9	54	73	0	9	0	0	0	10	10	0	0	23	30	0	0	25	20	0	0	38	120	0	0	151	272	0	9	100	109	13	29	72	0	0	31	26	0	0	27	0	0	0	20	13	0	0	36	30	0	0	46	29	0	0	58	129	7	0	271	365	52	33
268	251	84	85	57	234	49	40	8	84	85	57	58	55	75	32	224	254	228	206	217	44	30	8	49	40	8	46	15	32	32	147	120	32	138	84	85	57	21	0	39	0	19	10	57	0	58	55	75	32	224	254	228	206	200	41	30	8	44	30	8	40	15	32	32	132	90	32	63	49	40	8	18	0	8	0	15	0	8	0	46	15	32	32	147	120	32	138	83	85	57	14	0	21	0	12	0	0	0	21	0	39	0	19	10	57	0	58	55	75	32	220	254	228	206	183	34	30	8	41	30	8	37	15	32	32	128	90	32	61	44	30	8	15	0	8	0	13	0	8	0	40	15	32	32	132	90	32	63	48	40	8	8	0	0	0	12	0	0	0	18	0	8	0	15	0	8	0	46	15	32	32	143	120	32	138	82	85	57	6	0	49	0	12	10	0	0	14	0	21	0	12	0	0	0	21	0	39	0	19	10	57	0	57	55	75	32	217	254	228	206
172	161	56	26	30	150	33	18	13	56	26	30	43	0	70	32	162	44	30	41	139	31	18	13	33	18	13	35	0	47	32	105	36	13	19	56	26	30	12	0	12	0	12	0	0	0	43	0	70	32	162	44	30	41	128	31	18	13	31	18	13	35	0	47	32	99	36	13	17	33	18	13	12	0	8	0	9	0	0	0	35	0	47	32	105	36	13	19	55	26	30	4	0	0	0	8	0	0	0	12	0	12	0	12	0	0	0	43	0	70	32	158	44	30	41	117	28	18	13	31	18	13	35	0	47	32	99	36	13	17	31	18	13	12	0	8	0	9	0	0	0	35	0	47	32	99	36	13	17	32	18	13	4	0	0	0	8	0	0	0	12	0	8	0	9	0	0	0	35	0	47	32	101	36	13	19	53	26	30	4	0	18	0	9	0	0	0	4	0	0	0	8	0	0	0	12	0	12	0	12	0	0	0	42	0	70	32	152	44	30	41
206	192	79	61	31	178	48	47	7	79	61	31	59	58	14	28	217	191	31	61	164	43	45	0	48	47	7	43	54	0	0	143	166	7	39	79	61	31	31	18	14	0	20	20	0	22	59	58	14	28	217	191	31	61	150	38	45	0	43	45	0	35	54	0	0	128	162	0	25	48	47	7	18	18	0	0	11	18	0	9	43	54	0	0	143	166	7	39	77	61	31	12	0	21	0	12	19	0	0	31	18	14	0	20	20	0	22	59	58	14	28	209	191	31	61	136	30	44	0	38	45	0	31	54	0	0	121	162	0	25	43	45	0	16	18	0	0	11	18	0	9	35	54	0	0	128	162	0	25	46	47	7	6	0	0	0	8	18	0	0	18	18	0	0	11	18	0	9	43	54	0	0	135	166	7	39	74	61	31	5	8	58	0	18	9	0	0	12	0	21	0	12	19	0	0	31	18	14	0	20	20	0	22	57	58	14	28	200	191	31	61
250	232	98	120	33	214	58	92	0	98	120	33	79	140	27	0	255	313	66	146	196	48	85	0	58	92	0	54	126	0	0	165	238	0	107	97	120	33	37	81	27	0	25	63	0	0	79	140	27	0	252	313	66	146	178	40	81	0	48	85	0	37	121	0	0	137	226	0	55	57	92	0	21	72	0	0	13	50	0	0	54	126	0	0	162	238	0	107	95	120	33	25	43	21	0	12	54	0	0	37	81	27	0	25	63	0	0	79	140	27	0	244	313	66	146	160	32	78	0	40	81	0	27	120	0	0	124	221	0	53	47	85	0	12	70	0	0	11	50	0	0	37	121	0	0	134	226	0	55	55	92	0	12	40	0	0	8	50	0	0	21	72	0	0	13	50	0	0	54	126	0	0	154	238	0	107	92	120	33	10	26	25	0	19	40	0	0	25	43	21	0	12	54	0	0	37	81	27	0	25	63	0	0	77	140	27	0	235	313	66	146
161	150	48	41	7	139	26	24	0	48	41	7	25	16	7	0	121	89	21	28	128	25	24	0	26	24	0	21	16	0	0	77	56	0	19	48	41	7	9	0	0	0	9	0	0	0	25	16	7	0	121	89	21	28	117	25	24	0	25	24	0	21	16	0	0	74	56	0	17	26	24	0	9	0	0	0	7	0	0	0	21	16	0	0	77	56	0	19	47	41	7	4	0	0	0	7	0	0	0	9	0	0	0	9	0	0	0	25	16	7	0	117	89	21	28	106	25	24	0	25	24	0	21	16	0	0	74	56	0	17	25	24	0	9	0	0	0	7	0	0	0	21	16	0	0	74	56	0	17	25	24	0	4	0	0	0	7	0	0	0	9	0	0	0	7	0	0	0	21	16	0	0	73	56	0	19	46	41	7	4	0	0	0	6	0	0	0	4	0	0	0	7	0	0	0	9	0	0	0	9	0	0	0	24	16	7	0	114	89	21	28
268	251	42	52	103	234	15	0	90	42	52	103	10	0	75	29	83	130	412	57	217	14	0	86	15	0	90	5	0	63	21	42	0	360	8	42	52	103	1	0	0	32	4	0	0	0	10	0	75	29	83	130	412	57	200	14	0	86	14	0	86	5	0	59	21	40	0	344	8	15	0	90	1	0	0	32	2	0	0	0	5	0	63	21	42	0	360	8	42	52	103	7	0	0	0	3	0	0	0	1	0	0	32	4	0	0	0	10	0	75	29	83	130	412	57	183	13	0	86	14	0	86	5	0	59	21	40	0	344	8	14	0	86	0	0	0	32	0	0	0	0	5	0	59	21	40	0	344	8	15	0	90	2	0	0	0	2	0	0	0	1	0	0	32	2	0	0	0	5	0	63	21	42	0	360	8	42	52	103	1	0	0	0	1	0	0	0	7	0	0	0	3	0	0	0	1	0	0	32	4	0	0	0	10	0	75	29	83	130	412	57
242	226	55	42	83	210	32	28	36	55	42	83	29	14	24	64	143	99	83	158	194	31	28	25	32	28	36	24	14	12	21	93	84	36	28	55	42	83	10	0	0	32	9	0	0	28	29	14	24	64	143	99	83	158	178	31	28	25	31	28	25	24	14	8	21	91	84	25	21	32	28	36	10	0	0	32	9	0	0	19	24	14	12	21	93	84	36	28	54	42	83	11	0	0	0	9	0	0	0	10	0	0	32	9	0	0	28	29	14	24	64	139	99	83	158	162	28	28	25	31	28	25	24	14	8	21	91	84	25	21	31	28	25	9	0	0	32	7	0	0	17	24	14	8	21	91	84	25	21	31	28	36	6	0	0	0	9	0	0	0	10	0	0	32	9	0	0	19	24	14	12	21	89	84	36	28	53	42	83	2	0	16	0	5	0	0	0	11	0	0	0	9	0	0	0	10	0	0	32	9	0	0	28	28	14	24	64	136	99	83	158
189	177	34	27	47	165	14	0	39	34	27	47	10	0	24	29	70	54	141	7	153	13	0	35	14	0	39	5	0	22	21	38	0	117	0	34	27	47	1	0	0	32	2	0	0	0	10	0	24	29	70	54	141	7	141	13	0	35	13	0	35	5	0	18	21	36	0	105	0	14	0	39	1	0	0	32	2	0	0	0	5	0	22	21	38	0	117	0	34	27	47	7	0	0	0	2	0	0	0	1	0	0	32	2	0	0	0	10	0	24	29	70	54	141	7	129	12	0	35	13	0	35	5	0	18	21	36	0	105	0	13	0	35	0	0	0	32	0	0	0	0	5	0	18	21	36	0	105	0	14	0	39	2	0	0	0	2	0	0	0	1	0	0	32	2	0	0	0	5	0	22	21	38	0	117	0	34	27	47	1	0	0	0	1	0	0	0	7	0	0	0	2	0	0	0	1	0	0	32	2	0	0	0	10	0	24	29	70	54	141	7
271	252	74	124	57	233	32	72	32	74	124	57	35	77	59	71	151	334	285	90	214	27	62	8	32	72	32	25	32	39	16	84	205	160	8	74	124	57	20	14	30	32	22	28	57	105	35	77	59	71	151	334	285	90	195	24	55	8	27	62	8	20	32	8	16	71	182	40	8	32	72	32	11	9	21	32	11	18	32	88	25	32	39	16	84	205	160	8	74	124	57	16	75	10	0	16	29	0	0	20	14	30	32	22	28	57	105	35	77	59	71	151	334	285	90	176	21	45	8	24	55	8	18	30	8	16	65	151	40	8	27	62	8	8	0	0	32	8	0	8	38	20	32	8	16	71	182	40	8	32	72	32	9	30	7	0	11	24	0	0	11	9	21	32	11	18	32	88	25	32	39	16	84	205	160	8	74	124	57	9	15	18	0	13	15	57	0	16	75	10	0	16	29	0	0	20	14	30	32	22	28	57	105	35	77	59	71	151	334	285	90
153	142	37	36	15	131	13	24	0	37	36	15	11	0	10	0	79	74	30	64	120	12	24	0	13	24	0	6	0	0	0	37	56	0	8	37	36	15	1	0	0	0	2	0	0	0	11	0	10	0	79	74	30	64	109	12	24	0	12	24	0	6	0	0	0	35	56	0	8	13	24	0	1	0	0	0	2	0	0	0	6	0	0	0	37	56	0	8	37	36	15	7	0	0	0	2	0	0	0	1	0	0	0	2	0	0	0	11	0	10	0	79	74	30	64	98	11	24	0	12	24	0	6	0	0	0	35	56	0	8	12	24	0	0	0	0	0	0	0	0	0	6	0	0	0	35	56	0	8	13	24	0	2	0	0	0	2	0	0	0	1	0	0	0	2	0	0	0	6	0	0	0	37	56	0	8	37	36	15	1	0	0	0	1	0	0	0	7	0	0	0	2	0	0	0	1	0	0	0	2	0	0	0	11	0	10	0	79	74	30	64
282	263	30	48	161	244	11	0	118	30	48	161	8	0	94	150	45	0	483	207	225	10	0	101	11	0	118	5	0	82	97	35	0	354	161	30	48	161	4	0	11	71	8	0	0	57	8	0	94	150	45	0	483	207	206	8	0	73	10	0	101	4	0	73	61	32	0	303	129	11	0	118	0	0	10	16	0	0	0	8	5	0	82	97	35	0	354	161	30	48	161	2	0	20	70	5	0	0	105	4	0	11	71	8	0	0	57	8	0	94	150	45	0	483	207	187	8	0	73	8	0	73	4	0	40	61	22	0	219	129	10	0	101	0	0	7	16	0	0	0	8	4	0	73	61	32	0	303	129	11	0	118	2	0	10	70	2	0	0	88	0	0	10	16	0	0	0	8	5	0	82	97	35	0	354	161	30	48	161	1	0	0	0	2	0	0	0	2	0	20	70	5	0	0	105	4	0	11	71	8	0	0	57	8	0	94	150	45	0	483	207
208	194	24	24	85	180	10	0	45	24	24	85	3	0	32	32	32	0	170	222	166	10	0	45	10	0	45	3	0	23	32	28	0	90	161	24	24	85	1	0	0	0	4	0	0	0	3	0	32	32	32	0	170	222	152	9	0	45	10	0	45	3	0	23	32	28	0	90	129	10	0	45	0	0	0	0	0	0	0	0	3	0	23	32	28	0	90	161	24	24	85	2	0	9	0	3	0	0	0	1	0	0	0	4	0	0	0	3	0	32	32	32	0	170	222	138	9	0	45	9	0	45	3	0	23	32	23	0	90	129	10	0	45	0	0	0	0	0	0	0	0	3	0	23	32	28	0	90	129	10	0	45	2	0	0	0	1	0	0	0	0	0	0	0	0	0	0	0	3	0	23	32	28	0	90	161	24	24	85	1	0	0	0	1	0	0	0	2	0	9	0	3	0	0	0	1	0	0	0	4	0	0	0	3	0	32	32	32	0	170	222
178	165	34	51	33	152	14	22	10	34	51	33	15	11	42	10	59	70	132	160	139	11	22	7	14	22	10	8	11	30	7	43	55	40	122	34	51	33	7	0	11	21	11	14	0	0	15	11	42	10	59	70	132	160	126	8	22	0	11	22	7	5	11	21	0	31	55	28	94	14	22	10	1	0	10	0	3	0	0	0	8	11	30	7	43	55	40	122	34	51	33	7	0	20	0	8	7	0	20	7	0	11	21	11	14	0	0	15	11	42	10	59	70	132	160	113	8	22	0	8	22	0	5	11	0	0	20	55	0	94	11	22	7	1	0	7	0	3	0	0	0	5	11	21	0	31	55	28	94	14	22	10	7	0	10	0	6	0	0	20	1	0	10	0	3	0	0	0	8	11	30	7	43	55	40	122	34	51	33	9	0	0	0	6	0	0	0	7	0	20	0	8	7	0	20	7	0	11	21	11	14	0	0	15	11	42	10	59	70	132	160
158	147	28	19	50	136	11	10	0	28	19	50	4	0	9	0	39	40	50	305	125	11	10	0	11	10	0	4	0	0	0	30	40	0	197	28	19	50	1	0	0	0	4	0	0	0	4	0	9	0	39	40	50	305	114	10	10	0	11	10	0	4	0	0	0	30	40	0	154	11	10	0	0	0	0	0	0	0	0	0	4	0	0	0	30	40	0	197	28	19	50	2	0	9	0	3	0	0	0	1	0	0	0	4	0	0	0	4	0	9	0	39	40	50	305	103	10	10	0	10	10	0	4	0	0	0	25	40	0	154	11	10	0	0	0	0	0	0	0	0	0	4	0	0	0	30	40	0	154	11	10	0	2	0	0	0	1	0	0	0	0	0	0	0	0	0	0	0	4	0	0	0	30	40	0	197	28	19	50	1	0	0	0	1	0	0	0	2	0	9	0	3	0	0	0	1	0	0	0	4	0	0	0	4	0	9	0	39	40	50	305
117	109	18	15	9	101	7	0	0	18	15	9	3	0	9	0	25	0	27	57	93	7	0	0	7	0	0	3	0	0	0	21	0	0	32	18	15	9	1	0	0	0	4	0	0	0	3	0	9	0	25	0	27	57	85	6	0	0	7	0	0	3	0	0	0	21	0	0	8	7	0	0	0	0	0	0	0	0	0	0	3	0	0	0	21	0	0	32	18	15	9	2	0	9	0	3	0	0	0	1	0	0	0	4	0	0	0	3	0	9	0	25	0	27	57	77	6	0	0	6	0	0	3	0	0	0	16	0	0	8	7	0	0	0	0	0	0	0	0	0	0	3	0	0	0	21	0	0	8	7	0	0	2	0	0	0	1	0	0	0	0	0	0	0	0	0	0	0	3	0	0	0	21	0	0	32	18	15	9	1	0	0	0	1	0	0	0	2	0	9	0	3	0	0	0	1	0	0	0	4	0	0	0	3	0	9	0	25	0	27	57
154	143	3	0	94	132	3	0	41	3	0	94	1	0	0	45	9	0	0	338	121	3	0	41	3	0	41	1	0	0	45	9	0	0	173	3	0	94	0	0	0	0	0	0	0	0	1	0	0	45	9	0	0	338	110	3	0	41	3	0	41	1	0	0	45	9	0	0	153	3	0	41	0	0	0	0	0	0	0	0	1	0	0	45	9	0	0	173	3	0	94	0	0	0	0	0	0	0	0	0	0	0	0	0	0	0	0	1	0	0	45	9	0	0	338	99	3	0	38	3	0	41	1	0	0	42	9	0	0	118	3	0	41	0	0	0	0	0	0	0	0	1	0	0	45	9	0	0	153	3	0	41	0	0	0	0	0	0	0	0	0	0	0	0	0	0	0	0	1	0	0	45	9	0	0	173	3	0	94	0	0	0	21	0	0	0	0	0	0	0	0	0	0	0	0	0	0	0	0	0	0	0	0	1	0	0	45	9	0	0	338
126	117	5	0	59	108	3	0	18	5	0	59	3	0	0	10	15	0	0	288	99	2	0	18	3	0	18	1	0	0	10	10	0	0	173	5	0	59	0	0	0	0	0	0	0	0	3	0	0	10	15	0	0	288	90	2	0	18	2	0	18	1	0	0	10	5	0	0	153	3	0	18	0	0	0	0	0	0	0	0	1	0	0	10	10	0	0	173	5	0	59	0	0	0	0	1	0	0	0	0	0	0	0	0	0	0	0	3	0	0	10	15	0	0	288	81	2	0	12	2	0	18	1	0	0	7	5	0	0	118	2	0	18	0	0	0	0	0	0	0	0	1	0	0	10	5	0	0	153	3	0	18	0	0	0	0	1	0	0	0	0	0	0	0	0	0	0	0	1	0	0	10	10	0	0	173	5	0	59	0	0	0	36	1	0	0	0	0	0	0	0	1	0	0	0	0	0	0	0	0	0	0	0	3	0	0	10	15	0	0	288
140	130	16	0	60	120	11	0	29	16	0	60	13	0	13	32	47	0	0	203	110	7	0	28	11	0	29	6	0	11	30	34	0	0	128	16	0	60	3	0	13	10	3	0	0	0	13	0	13	32	47	0	0	203	100	6	0	25	7	0	28	4	0	10	24	15	0	0	108	11	0	29	1	0	11	7	3	0	0	0	6	0	11	30	34	0	0	128	16	0	60	5	0	0	21	6	0	0	0	3	0	13	10	3	0	0	0	13	0	13	32	47	0	0	203	90	6	0	12	6	0	25	4	0	7	7	14	0	0	73	7	0	28	1	0	10	0	3	0	0	0	4	0	10	24	15	0	0	108	11	0	29	5	0	0	0	6	0	0	0	1	0	11	7	3	0	0	0	6	0	11	30	34	0	0	128	16	0	60	8	0	0	36	6	0	0	20	5	0	0	21	6	0	0	0	3	0	13	10	3	0	0	0	13	0	13	32	47	0	0	203
122	113	26	20	32	104	13	6	29	26	20	32	13	12	13	32	75	70	64	0	95	10	0	28	13	6	29	8	0	11	30	31	30	58	0	26	20	32	8	0	13	10	11	0	32	0	13	12	13	32	75	70	64	0	86	8	0	25	10	0	28	6	0	10	24	17	0	56	0	13	6	29	1	0	11	7	4	0	29	0	8	0	11	30	31	30	58	0	26	20	32	10	0	0	21	11	8	0	0	8	0	13	10	11	0	32	0	13	12	13	32	75	70	64	0	77	7	0	12	8	0	25	5	0	7	7	14	0	50	0	10	0	28	1	0	10	0	4	0	28	0	6	0	10	24	17	0	56	0	13	6	29	5	0	0	0	5	6	0	0	1	0	11	7	4	0	29	0	8	0	11	30	31	30	58	0	26	20	32	12	0	0	36	14	8	0	20	10	0	0	21	11	8	0	0	8	0	13	10	11	0	32	0	13	12	13	32	75	70	64	0
164	150	56	76	34	136	29	57	20	56	76	34	30	64	13	67	126	192	68	33	122	23	44	10	29	57	20	24	40	11	20	65	142	40	10	55	76	34	21	19	27	10	33	27	68	57	30	64	13	67	123	192	68	33	108	19	34	7	23	44	10	15	27	10	14	42	91	20	7	28	57	20	13	7	20	7	11	21	40	32	24	40	11	20	62	142	40	10	55	76	34	22	41	0	21	15	34	34	0	21	19	27	10	33	27	68	57	30	64	13	67	123	192	68	33	94	15	26	0	19	34	7	8	21	7	0	34	73	14	0	22	44	10	7	5	10	0	11	15	20	8	15	27	10	14	39	91	20	7	28	57	20	11	31	0	0	5	26	20	0	13	7	20	7	11	21	40	32	24	40	11	20	62	142	40	10	55	76	34	23	52	0	0	19	32	0	20	22	41	0	21	15	34	34	0	21	19	27	10	33	27	68	57	30	64	13	67	123	192	68	33
166	153	50	30	68	140	22	0	54	50	30	68	22	0	62	39	131	110	204	66	127	18	0	52	22	0	54	11	0	43	33	38	0	162	49	50	30	68	9	0	15	22	29	10	0	0	22	0	62	39	131	110	204	66	114	17	0	51	18	0	52	11	0	41	30	29	0	156	38	22	0	54	4	0	10	20	14	0	0	0	11	0	43	33	38	0	162	49	50	30	68	16	0	0	10	18	10	0	0	9	0	15	22	29	10	0	0	22	0	62	39	131	110	204	66	101	14	0	43	17	0	51	10	0	40	21	27	0	153	32	18	0	52	3	0	10	14	11	0	0	0	11	0	41	30	29	0	156	38	22	0	54	5	0	0	7	4	0	0	0	4	0	10	20	14	0	0	0	11	0	43	33	38	0	162	49	50	30	68	26	0	5	57	28	20	0	0	16	0	0	10	18	10	0	0	9	0	15	22	29	10	0	0	22	0	62	39	131	110	204	66
172	158	54	49	45	144	24	13	45	54	49	45	25	0	35	0	128	134	180	0	130	18	13	45	24	13	45	12	0	35	0	42	26	180	0	54	49	45	8	0	22	0	33	35	0	0	25	0	35	0	128	134	180	0	116	17	13	45	18	13	45	12	0	35	0	27	26	180	0	24	13	45	3	0	22	0	14	26	0	0	12	0	35	0	42	26	180	0	54	49	45	11	0	0	0	13	9	0	0	8	0	22	0	33	35	0	0	25	0	35	0	128	134	180	0	102	15	13	40	17	13	45	11	0	35	0	25	26	180	0	18	13	45	3	0	22	0	14	26	0	0	12	0	35	0	27	26	180	0	24	13	45	2	0	0	0	2	0	0	0	3	0	22	0	14	26	0	0	12	0	35	0	42	26	180	0	54	49	45	22	0	0	35	26	18	0	0	11	0	0	0	13	9	0	0	8	0	22	0	33	35	0	0	25	0	35	0	128	134	180	0
163	150	49	44	48	137	23	8	48	49	44	48	18	32	35	0	111	112	192	0	124	19	0	48	23	8	48	12	0	35	0	42	32	192	0	49	44	48	3	0	22	0	30	16	48	0	18	32	35	0	111	112	192	0	111	19	0	48	19	0	48	12	0	35	0	34	0	192	0	23	8	48	3	0	22	0	19	0	48	0	12	0	35	0	42	32	192	0	49	44	48	7	0	0	0	8	0	0	0	3	0	22	0	30	16	48	0	18	32	35	0	111	112	192	0	98	18	0	42	19	0	48	12	0	35	0	34	0	192	0	19	0	48	3	0	22	0	19	0	48	0	12	0	35	0	34	0	192	0	23	8	48	3	0	0	0	1	0	0	0	3	0	22	0	19	0	48	0	12	0	35	0	42	32	192	0	49	44	48	22	0	0	47	23	8	0	0	7	0	0	0	8	0	0	0	3	0	22	0	30	16	48	0	18	32	35	0	111	112	192	0
107	98	29	23	25	89	16	8	25	29	23	25	16	0	5	0	63	20	75	0	80	12	8	25	16	8	25	9	0	5	0	30	0	75	0	29	23	25	0	0	12	0	17	10	0	0	16	0	5	0	63	20	75	0	71	12	8	25	12	8	25	9	0	5	0	22	0	75	0	16	8	25	0	0	12	0	13	0	0	0	9	0	5	0	30	0	75	0	29	23	25	2	0	0	0	1	0	0	0	0	0	12	0	17	10	0	0	16	0	5	0	63	20	75	0	62	12	8	24	12	8	25	9	0	5	0	22	0	75	0	12	8	25	0	0	12	0	13	0	0	0	9	0	5	0	22	0	75	0	16	8	25	2	0	0	0	0	0	0	0	0	0	12	0	13	0	0	0	9	0	5	0	30	0	75	0	29	23	25	10	0	0	11	13	0	0	0	2	0	0	0	1	0	0	0	0	0	12	0	17	10	0	0	16	0	5	0	63	20	75	0
99	90	37	28	11	81	14	18	0	37	28	11	9	12	16	0	89	60	22	66	72	12	18	0	14	18	0	7	12	0	0	24	24	0	49	37	28	11	9	0	5	0	31	8	0	0	9	12	16	0	89	60	22	66	63	11	18	0	12	18	0	7	12	0	0	21	24	0	38	14	18	0	4	0	0	0	11	6	0	0	7	12	0	0	24	24	0	49	37	28	11	15	0	0	0	17	4	0	0	9	0	5	0	31	8	0	0	9	12	16	0	89	60	22	66	54	8	14	0	11	18	0	6	12	0	0	19	24	0	32	12	18	0	3	0	0	0	8	6	0	0	7	12	0	0	21	24	0	38	14	18	0	4	0	0	0	5	0	0	0	4	0	0	0	11	6	0	0	7	12	0	0	24	24	0	49	37	28	11	18	16	5	0	19	8	0	0	15	0	0	0	17	4	0	0	9	0	5	0	31	8	0	0	9	12	16	0	89	60	22	66
106	95	34	42	21	84	19	33	5	34	42	21	27	26	8	15	73	71	21	73	73	14	28	5	19	33	5	10	21	0	15	41	49	5	73	34	42	21	3	0	0	0	10	29	21	0	27	26	8	15	73	71	21	73	62	14	27	5	14	28	5	10	21	0	15	32	49	5	73	19	33	5	3	0	0	0	8	28	5	0	10	21	0	15	41	49	5	73	33	42	21	3	6	0	0	2	0	0	0	3	0	0	0	10	29	21	0	27	26	8	15	69	71	21	73	51	12	23	5	14	27	5	10	18	0	15	32	44	5	73	14	28	5	3	0	0	0	8	28	5	0	10	21	0	15	32	49	5	73	18	33	5	3	5	0	0	2	0	0	0	3	0	0	0	8	28	5	0	10	21	0	15	37	49	5	73	31	42	21	6	23	0	0	12	12	0	0	3	6	0	0	2	0	0	0	3	0	0	0	10	29	21	0	26	26	8	15	64	71	21	73
216	197	93	95	102	178	61	34	71	93	95	102	88	17	68	68	204	244	510	124	159	50	29	56	61	34	71	59	17	63	43	136	51	355	99	91	95	102	46	60	38	53	43	72	0	66	88	17	68	68	198	244	510	124	140	42	12	49	50	29	56	46	12	58	41	112	41	280	97	59	34	71	34	0	38	42	25	0	0	49	59	17	63	43	130	51	355	99	88	95	102	32	60	47	67	19	48	102	0	46	60	38	53	43	72	0	66	86	17	68	68	189	244	510	124	121	29	0	36	42	12	49	34	0	58	40	93	12	245	96	48	29	56	26	0	38	30	25	0	0	38	46	12	58	41	106	41	280	97	56	34	71	14	0	45	20	7	0	71	0	34	0	38	42	25	0	0	49	57	17	63	43	121	51	355	99	85	95	102	31	0	54	34	27	60	102	57	32	60	47	67	19	48	102	0	44	60	38	53	42	72	0	66	81	17	68	68	179	244	510	124
159	144	57	67	45	129	34	45	10	57	67	45	32	42	21	30	131	104	90	186	114	31	36	10	34	45	10	27	24	10	30	71	48	20	172	57	67	45	20	0	0	0	37	24	45	0	32	42	21	30	131	104	90	186	99	30	35	10	31	36	10	27	24	10	30	68	48	20	170	34	45	10	15	0	0	0	25	24	10	0	27	24	10	30	71	48	20	172	56	67	45	19	11	0	0	11	0	0	0	20	0	0	0	37	24	45	0	32	42	21	30	127	104	90	186	84	23	31	10	30	35	10	26	22	10	30	66	46	20	169	31	36	10	15	0	0	0	25	24	10	0	27	24	10	30	68	48	20	170	33	45	10	4	9	0	0	3	0	0	0	15	0	0	0	25	24	10	0	27	24	10	30	67	48	20	172	55	67	45	22	40	0	0	22	49	0	0	19	11	0	0	11	0	0	0	20	0	0	0	37	24	45	0	31	42	21	30	124	104	90	186
186	168	83	108	51	150	53	69	15	81	108	51	63	39	28	40	173	209	204	172	132	41	66	10	51	69	15	44	39	15	30	111	99	60	147	78	108	51	35	42	0	0	40	129	0	34	61	39	28	40	164	209	204	172	114	34	61	10	39	66	10	33	39	10	30	87	93	40	145	48	69	15	19	39	0	0	23	78	0	20	42	39	15	30	102	99	60	147	77	108	51	28	49	7	0	15	53	0	0	35	42	0	0	40	129	0	34	61	39	28	40	160	209	204	172	96	23	40	10	32	61	10	23	27	10	30	71	79	40	144	36	66	10	13	39	0	0	21	78	0	10	31	39	10	30	78	93	40	145	47	69	15	12	13	5	0	8	17	0	0	19	39	0	0	23	78	0	20	42	39	15	30	98	99	60	147	74	108	51	23	108	29	0	27	45	51	0	28	49	7	0	15	53	0	0	33	42	0	0	39	129	0	34	60	39	28	40	151	209	204	172
109	98	48	38	22	87	29	28	0	48	38	22	42	28	8	0	97	79	22	118	76	22	28	0	29	28	0	20	28	0	0	51	63	0	118	48	38	22	12	0	0	0	29	35	0	0	42	28	8	0	97	79	22	118	65	22	28	0	22	28	0	20	28	0	0	41	63	0	118	29	28	0	12	0	0	0	21	35	0	0	20	28	0	0	51	63	0	118	48	38	22	13	0	0	0	9	0	0	0	12	0	0	0	29	35	0	0	42	28	8	0	97	79	22	118	54	18	26	0	22	28	0	20	28	0	0	41	63	0	118	22	28	0	12	0	0	0	21	35	0	0	20	28	0	0	41	63	0	118	29	28	0	3	0	0	0	5	0	0	0	12	0	0	0	21	35	0	0	20	28	0	0	51	63	0	118	48	38	22	24	12	0	0	18	18	0	0	13	0	0	0	9	0	0	0	12	0	0	0	29	35	0	0	42	28	8	0	97	79	22	118
199	180	90	74	112	161	61	18	68	90	74	112	80	0	56	90	198	174	448	219	142	53	18	54	61	18	68	61	0	38	49	145	90	272	101	88	74	112	45	0	23	66	28	0	0	48	80	0	56	90	192	174	448	219	123	46	18	54	53	18	54	48	0	38	49	125	90	216	81	59	18	68	35	0	10	66	27	0	0	48	61	0	38	49	139	90	272	101	81	74	112	25	0	32	0	7	0	0	0	45	0	23	66	28	0	0	48	78	0	56	90	168	174	448	219	104	34	18	54	46	18	54	39	0	38	49	113	90	216	74	51	18	54	29	0	10	66	27	0	0	48	48	0	38	49	119	90	216	81	52	18	68	15	0	10	0	7	0	0	0	35	0	10	66	27	0	0	48	59	0	38	49	115	90	272	101	69	74	112	20	0	41	0	15	28	0	0	25	0	32	0	7	0	0	0	43	0	23	66	26	0	0	48	69	0	56	90	131	174	448	219
175	155	99	154	41	135	58	128	17	92	154	41	64	177	22	24	190	320	41	153	116	48	91	15	54	128	17	48	126	20	20	131	294	17	86	84	135	41	34	138	32	10	34	60	123	0	59	177	22	24	172	263	41	153	97	40	57	10	44	91	15	41	48	20	10	107	210	15	66	46	109	17	25	96	17	0	19	48	51	0	43	126	20	20	113	237	17	86	79	135	41	16	122	59	0	11	17	123	34	34	138	32	10	34	60	123	0	55	177	22	24	155	263	41	153	78	32	35	10	36	57	10	38	0	20	10	93	135	10	59	36	72	15	25	36	15	0	17	36	45	0	36	48	20	10	89	153	15	66	41	109	17	10	88	31	0	11	17	51	20	25	96	17	0	19	48	51	0	39	126	20	20	96	237	17	86	68	135	41	15	54	27	0	13	16	82	0	16	122	59	0	11	17	123	34	30	138	32	10	31	60	123	0	49	177	22	24	121	263	41	153
171	153	95	114	42	135	56	61	19	95	114	42	66	122	42	19	212	284	210	153	117	50	40	19	56	61	19	57	32	38	19	142	165	95	86	86	114	42	40	40	23	0	24	0	84	0	66	122	42	19	192	284	210	153	100	44	32	19	50	40	19	46	16	38	19	127	120	95	66	51	61	19	35	0	10	0	21	0	38	0	57	32	38	19	131	165	95	86	74	97	42	23	0	32	0	7	0	42	0	40	40	23	0	24	0	84	0	60	122	42	19	153	216	210	153	84	34	31	19	44	32	19	37	16	38	19	116	112	95	59	45	40	19	29	0	10	0	21	0	38	0	46	16	38	19	116	120	95	66	42	45	19	15	0	10	0	7	0	19	0	35	0	10	0	21	0	38	0	51	32	38	19	100	101	95	86	68	81	42	14	15	27	0	11	16	0	0	23	0	32	0	7	0	42	0	38	40	23	0	23	0	84	0	52	106	42	19	134	168	210	153
156	138	92	117	36	120	56	89	0	91	117	36	86	138	9	0	208	268	72	220	102	42	80	0	55	89	0	46	120	0	0	128	234	0	96	88	117	36	36	90	12	0	27	73	0	0	86	138	9	0	199	268	72	220	84	35	74	0	41	80	0	34	120	0	0	96	210	0	76	52	89	0	26	90	0	0	21	70	0	0	46	120	0	0	119	234	0	96	84	117	36	19	48	21	0	12	15	0	0	36	90	12	0	27	73	0	0	84	138	9	0	186	268	72	220	66	24	46	0	34	74	0	25	108	0	0	82	196	0	69	38	80	0	20	90	0	0	21	70	0	0	34	120	0	0	87	210	0	76	48	89	0	15	0	0	0	10	13	0	0	26	90	0	0	21	70	0	0	44	120	0	0	106	234	0	96	70	117	36	13	32	48	0	16	31	108	0	18	48	21	0	12	15	0	0	32	90	12	0	23	73	0	0	78	138	9	0	143	268	72	220
140	121	97	147	12	102	50	109	0	92	147	12	72	188	0	0	229	399	48	102	84	41	94	0	48	109	0	49	148	0	0	131	313	0	71	79	129	12	43	108	12	0	16	34	12	0	69	188	0	0	198	345	48	102	68	32	90	0	39	94	0	31	140	0	0	104	272	0	56	40	93	0	24	100	0	0	12	30	0	0	46	148	0	0	110	265	0	71	64	97	12	22	40	12	0	2	40	0	0	41	108	12	0	16	34	12	0	57	156	0	0	145	265	48	102	54	23	86	0	30	90	0	22	140	0	0	85	260	0	49	32	80	0	16	100	0	0	12	30	0	0	28	140	0	0	86	230	0	56	32	65	0	10	40	0	0	2	40	0	0	22	100	0	0	12	30	0	0	38	120	0	0	78	195	0	71	48	69	12	11	36	0	0	9	30	0	0	18	40	12	0	2	40	0	0	30	80	12	0	12	20	12	0	46	100	0	0	97	167	48	102
173	154	62	87	99	135	31	34	67	61	87	99	29	17	80	53	147	240	396	166	116	29	34	65	30	34	67	26	17	56	48	84	119	268	87	52	87	99	13	0	22	19	4	0	0	0	28	17	80	53	129	240	396	166	98	29	34	65	28	34	65	26	17	55	48	82	119	260	73	25	34	67	13	0	11	19	4	0	0	0	25	17	56	48	75	119	268	87	40	69	99	6	0	0	0	4	0	0	0	13	0	22	19	4	0	0	0	22	17	80	53	90	168	396	166	81	27	34	65	28	34	65	26	17	55	48	82	119	260	73	23	34	65	13	0	10	19	4	0	0	0	25	17	55	48	73	119	260	73	16	17	67	6	0	0	0	4	0	0	0	13	0	11	19	4	0	0	0	19	17	56	48	44	51	268	87	34	52	99	5	0	0	0	2	0	0	0	6	0	0	0	4	0	0	0	11	0	22	19	3	0	0	0	14	0	80	53	71	117	396	166
104	93	45	10	70	82	32	10	30	45	10	70	37	0	35	53	123	30	0	202	71	30	10	28	32	10	30	34	0	11	48	92	30	0	87	44	10	70	22	0	22	19	11	0	0	0	37	0	35	53	120	30	0	202	60	27	10	28	30	10	28	34	0	10	48	90	30	0	73	31	10	30	22	0	11	19	11	0	0	0	34	0	11	48	89	30	0	87	34	10	70	6	0	24	0	5	0	0	0	22	0	22	19	11	0	0	0	35	0	35	53	88	30	0	202	50	23	10	28	27	10	28	28	0	10	48	83	30	0	73	29	10	28	22	0	10	19	11	0	0	0	34	0	10	48	87	30	0	73	24	10	30	6	0	0	0	5	0	0	0	22	0	11	19	11	0	0	0	32	0	11	48	65	30	0	87	28	0	70	5	0	16	0	3	0	0	0	6	0	24	0	5	0	0	0	20	0	22	19	10	0	0	0	26	0	35	53	69	0	0	202
124	109	69	59	60	94	43	55	14	69	59	60	52	45	45	23	176	175	0	243	79	38	52	0	43	55	14	41	42	0	0	109	158	0	104	63	59	60	29	32	32	0	21	10	0	66	52	45	45	23	161	175	0	243	65	31	50	0	38	52	0	35	40	0	0	100	148	0	88	41	55	14	23	30	0	0	20	10	0	15	41	42	0	0	103	158	0	104	54	45	60	12	20	57	0	6	0	0	0	29	32	32	0	21	10	0	66	50	45	45	23	133	119	0	243	52	24	30	0	31	50	0	24	40	0	0	86	140	0	83	36	52	0	23	30	0	0	20	10	0	15	35	40	0	0	94	148	0	88	35	42	14	12	20	14	0	6	0	0	0	23	30	0	0	20	10	0	15	39	42	0	0	83	106	0	104	42	32	60	11	0	56	0	4	0	120	0	12	20	57	0	6	0	0	0	27	32	32	0	19	10	0	66	42	32	45	23	97	80	0	243
98	86	53	43	27	74	27	27	0	53	43	27	26	18	21	0	136	125	54	166	62	26	27	0	27	27	0	24	18	0	0	79	90	0	87	42	43	27	13	0	8	0	4	0	0	0	26	18	21	0	114	125	54	166	52	26	27	0	26	27	0	24	18	0	0	78	90	0	73	23	27	0	13	0	0	0	4	0	0	0	24	18	0	0	71	90	0	87	31	23	27	6	0	0	0	4	0	0	0	13	0	8	0	4	0	0	0	20	18	21	0	78	55	54	166	43	24	27	0	26	27	0	24	18	0	0	78	90	0	73	22	27	0	13	0	0	0	4	0	0	0	24	18	0	0	70	90	0	73	15	9	0	6	0	0	0	4	0	0	0	13	0	0	0	4	0	0	0	18	18	0	0	43	27	0	87	25	14	27	5	0	0	0	2	0	0	0	6	0	0	0	4	0	0	0	11	0	8	0	3	0	0	0	13	0	21	0	59	28	54	166
83	72	42	41	8	61	13	24	0	40	41	8	9	16	16	0	83	105	40	42	51	12	24	0	12	24	0	7	16	0	0	34	64	0	19	30	31	8	0	0	8	0	0	0	0	0	8	16	16	0	64	95	40	42	43	12	24	0	11	24	0	7	16	0	0	33	64	0	19	9	16	0	0	0	0	0	0	0	0	0	6	16	0	0	29	56	0	19	25	15	8	0	0	0	0	0	0	0	0	0	0	8	0	0	0	0	0	6	0	16	0	45	39	40	42	35	12	24	0	11	24	0	7	16	0	0	33	64	0	19	8	16	0	0	0	0	0	0	0	0	0	6	16	0	0	28	56	0	19	4	0	0	0	0	0	0	0	0	0	0	0	0	0	0	0	0	0	0	4	0	0	0	10	0	0	19	22	15	8	1	0	0	0	0	0	0	0	0	0	0	0	0	0	0	0	0	0	8	0	0	0	0	0	2	0	16	0	36	39	40	42
151	134	41	30	135	117	20	0	108	39	30	135	15	0	89	113	69	45	270	107	100	18	0	84	18	0	108	9	0	79	59	45	0	216	67	32	30	135	4	0	18	93	11	0	0	83	12	0	89	113	56	45	270	107	83	18	0	70	16	0	84	9	0	39	57	45	0	168	65	11	0	108	4	0	16	30	4	0	0	36	6	0	79	59	32	0	216	67	27	30	135	8	0	0	25	1	0	0	102	4	0	18	93	11	0	0	83	8	0	89	113	37	45	270	107	66	16	0	70	16	0	70	9	0	25	57	45	0	140	65	9	0	84	0	0	0	30	0	0	0	34	6	0	39	57	32	0	168	65	6	0	108	2	0	0	25	1	0	0	71	4	0	16	30	4	0	0	36	2	0	79	59	13	0	216	67	25	30	135	1	0	18	0	0	0	0	0	8	0	0	25	1	0	0	102	4	0	18	93	11	0	0	83	6	0	89	113	31	45	270	107
89	79	26	9	40	69	13	0	16	25	9	40	8	0	0	8	50	9	40	134	59	13	0	16	12	0	16	8	0	0	8	34	0	16	67	21	9	40	0	0	0	0	3	0	0	0	7	0	0	8	44	9	40	134	49	13	0	16	12	0	16	8	0	0	8	34	0	16	65	8	0	16	0	0	0	0	0	0	0	0	7	0	0	8	28	0	16	67	15	9	40	0	0	0	0	0	0	0	0	0	0	0	0	3	0	0	0	3	0	0	8	22	9	40	134	39	13	0	16	12	0	16	8	0	0	8	34	0	16	65	8	0	16	0	0	0	0	0	0	0	0	7	0	0	8	28	0	16	65	2	0	16	0	0	0	0	0	0	0	0	0	0	0	0	0	0	0	0	3	0	0	8	6	0	16	67	13	9	40	0	0	0	0	0	0	0	0	0	0	0	0	0	0	0	0	0	0	0	0	3	0	0	0	0	0	0	8	16	9	40	134
122	108	31	40	58	94	12	0	55	28	40	58	7	0	57	0	40	50	232	8	80	12	0	54	9	0	55	7	0	57	0	21	0	220	0	22	40	58	0	0	0	9	11	0	0	0	4	0	57	0	30	50	232	8	66	12	0	51	9	0	54	7	0	54	0	21	0	216	0	3	0	55	0	0	0	7	0	0	0	0	4	0	57	0	11	0	220	0	19	40	58	0	0	0	29	0	0	0	0	0	0	0	9	11	0	0	0	0	0	57	0	19	50	232	8	52	12	0	49	9	0	51	7	0	47	0	21	0	204	0	3	0	54	0	0	0	5	0	0	0	0	4	0	54	0	11	0	216	0	0	0	55	0	0	0	25	0	0	0	0	0	0	0	7	0	0	0	0	0	0	57	0	0	0	220	0	19	40	58	0	0	0	10	0	0	0	0	0	0	0	29	0	0	0	0	0	0	0	9	11	0	0	0	0	0	57	0	19	50	232	8
121	105	56	71	54	89	30	39	21	49	71	54	29	26	40	68	102	148	162	134	75	28	39	0	27	39	21	23	26	32	0	73	104	63	67	39	43	54	14	0	18	0	17	0	0	95	26	26	40	68	81	92	162	134	62	28	39	0	25	39	0	23	26	0	0	73	104	0	65	21	13	21	14	0	16	0	7	0	0	36	20	26	32	0	61	52	63	67	31	30	54	12	0	0	0	5	0	0	0	14	0	18	0	17	0	0	95	22	0	40	68	54	40	162	134	49	22	39	0	25	39	0	23	26	0	0	73	104	0	65	19	13	0	10	0	0	0	3	0	0	34	20	26	0	0	61	52	0	65	13	0	21	6	0	0	0	5	0	0	0	14	0	16	0	7	0	0	36	16	0	32	0	34	0	63	67	26	30	54	1	0	54	0	2	0	0	0	12	0	0	0	5	0	0	0	12	0	18	0	16	0	0	95	14	0	40	68	38	40	162	134
90	78	35	42	25	67	17	20	8	32	31	25	13	10	27	8	56	38	75	107	57	15	20	0	15	10	8	7	10	24	0	37	10	24	67	26	21	25	4	0	18	0	14	0	0	41	11	0	27	8	44	28	75	107	47	15	20	0	13	10	0	7	10	0	0	37	10	0	65	9	0	8	4	0	16	0	4	0	0	17	5	0	24	0	25	0	24	67	22	21	25	8	0	0	0	1	0	0	0	4	0	18	0	14	0	0	41	7	0	27	8	29	28	75	107	37	13	20	0	13	10	0	7	10	0	0	37	10	0	65	7	0	0	0	0	0	0	0	0	0	15	5	0	0	0	25	0	0	65	5	0	8	2	0	0	0	1	0	0	0	4	0	16	0	4	0	0	17	1	0	24	0	10	0	24	67	21	21	25	0	0	18	0	0	0	0	0	8	0	0	0	1	0	0	0	4	0	18	0	14	0	0	41	6	0	27	8	26	28	75	107
135	118	29	16	154	101	20	0	92	24	16	154	8	0	24	139	39	0	154	312	84	17	0	84	15	0	92	8	0	18	124	39	0	92	208	17	16	154	4	0	0	76	20	48	0	0	3	0	24	139	24	0	154	312	67	15	0	59	12	0	84	8	0	16	75	33	0	84	154	8	0	92	0	0	0	22	2	0	0	0	3	0	18	124	24	0	92	208	15	16	154	5	0	24	102	5	0	0	83	4	0	0	76	20	48	0	0	1	0	24	139	16	0	154	312	50	14	0	43	10	0	59	8	0	0	58	26	0	59	137	5	0	84	0	0	0	20	0	0	0	0	3	0	16	75	18	0	84	154	6	0	92	5	0	18	37	5	0	0	36	0	0	0	22	2	0	0	0	1	0	18	124	16	0	92	208	14	16	154	6	0	15	39	2	0	0	102	5	0	24	102	5	0	0	83	4	0	0	76	20	48	0	0	0	0	24	139	13	0	154	312
63	55	13	7	27	47	5	0	16	11	7	27	2	0	6	10	6	0	27	58	39	4	0	16	3	0	16	2	0	6	10	6	0	16	55	9	7	27	0	0	0	0	17	7	0	0	0	0	6	10	2	0	27	58	31	4	0	15	2	0	16	2	0	6	9	4	0	16	54	1	0	16	0	0	0	0	0	0	0	0	0	0	6	10	2	0	16	55	9	7	27	0	0	0	9	1	0	0	0	0	0	0	0	17	7	0	0	0	0	6	10	2	0	27	58	23	4	0	11	2	0	15	2	0	6	7	4	0	15	51	0	0	16	0	0	0	0	0	0	0	0	0	0	6	9	0	0	16	54	1	0	16	0	0	0	7	1	0	0	0	0	0	0	0	0	0	0	0	0	0	6	10	2	0	16	55	9	7	27	0	0	0	22	0	0	0	0	0	0	0	9	1	0	0	0	0	0	0	0	17	7	0	0	0	0	6	10	2	0	27	58
85	74	29	24	42	63	18	0	38	24	24	42	4	0	69	37	32	0	126	0	52	12	0	37	13	0	38	4	0	63	34	30	0	114	0	20	24	42	7	0	0	8	24	48	0	0	0	0	69	37	22	0	126	0	41	9	0	24	7	0	37	4	0	61	9	19	0	111	0	9	0	38	0	0	0	0	2	0	0	0	0	0	63	34	20	0	114	0	20	24	42	5	0	37	45	8	0	0	41	7	0	0	8	24	48	0	0	0	0	69	37	22	0	126	0	30	9	0	11	4	0	24	4	0	33	7	10	0	72	0	3	0	37	0	0	0	0	0	0	0	0	0	0	61	9	9	0	111	0	9	0	38	5	0	31	7	8	0	0	17	0	0	0	0	2	0	0	0	0	0	63	34	20	0	114	0	20	24	42	8	0	0	22	3	0	0	51	5	0	37	45	8	0	0	41	7	0	0	8	24	48	0	0	0	0	69	37	22	0	126	0
91	77	28	53	54	64	16	33	9	20	40	54	5	22	24	27	30	44	108	272	53	12	33	8	12	22	9	5	22	18	24	30	44	18	192	15	18	54	4	0	0	8	19	36	0	0	2	0	24	27	19	0	108	272	42	10	33	0	8	22	8	5	22	16	0	22	44	16	138	7	0	9	0	0	0	0	2	0	0	0	2	0	18	24	19	0	18	192	14	18	54	5	0	24	0	6	0	0	41	4	0	0	8	19	36	0	0	0	0	24	27	15	0	108	272	31	10	33	0	6	22	0	5	22	0	0	15	44	0	121	3	0	8	0	0	0	0	0	0	0	0	2	0	16	0	11	0	16	138	6	0	9	5	0	18	0	6	0	0	17	0	0	0	0	2	0	0	0	0	0	18	24	15	0	18	192	14	18	54	6	0	0	0	2	0	0	0	5	0	24	0	6	0	0	41	4	0	0	8	19	36	0	0	0	0	24	27	15	0	108	272
64	55	21	15	27	47	14	8	0	17	7	27	7	0	0	0	22	0	27	137	39	11	8	0	10	0	0	7	0	0	0	22	0	0	84	11	7	27	0	0	0	0	16	21	0	0	2	0	0	0	10	0	27	137	31	11	8	0	7	0	0	7	0	0	0	16	0	0	54	4	0	0	0	0	0	0	2	0	0	0	2	0	0	0	10	0	0	84	10	7	27	3	0	0	0	4	0	0	0	0	0	0	0	16	21	0	0	0	0	0	0	6	0	27	137	23	11	8	0	7	0	0	7	0	0	0	16	0	0	51	1	0	0	0	0	0	0	0	0	0	0	2	0	0	0	4	0	0	54	3	0	0	3	0	0	0	4	0	0	0	0	0	0	0	2	0	0	0	0	0	0	0	6	0	0	84	10	7	27	6	0	0	0	2	0	0	0	3	0	0	0	4	0	0	0	0	0	0	0	16	21	0	0	0	0	0	0	6	0	27	137
75	64	28	10	71	53	22	10	41	24	10	71	14	0	20	61	60	20	0	123	42	9	0	38	18	10	41	4	0	20	52	42	20	0	63	19	10	71	2	0	74	27	5	0	71	0	10	0	20	61	47	20	0	123	31	8	0	35	5	0	38	4	0	20	49	13	0	0	61	13	10	41	0	0	67	24	2	0	41	0	0	0	20	52	29	20	0	63	19	10	71	5	0	0	24	9	10	0	0	2	0	74	27	5	0	71	0	10	0	20	61	47	20	0	123	20	8	0	15	4	0	35	4	0	16	21	10	0	0	39	0	0	38	0	0	61	0	0	0	38	0	0	0	20	49	0	0	0	61	13	10	41	5	0	0	0	9	10	0	0	0	0	67	24	2	0	41	0	0	0	20	52	29	20	0	63	17	10	71	8	0	0	36	5	0	0	77	5	0	0	24	9	10	0	0	0	0	74	27	4	0	71	0	10	0	20	61	41	20	0	123
85	72	40	40	56	59	20	18	55	36	40	56	27	36	58	13	82	87	112	0	46	6	0	55	16	18	55	2	0	58	13	36	27	110	0	34	40	56	2	0	44	0	7	9	112	0	25	36	58	13	76	87	112	0	33	5	0	52	2	0	55	2	0	58	13	6	0	110	0	14	18	55	0	0	43	0	2	0	110	0	0	0	58	13	30	27	110	0	34	40	56	4	0	0	27	12	11	0	0	2	0	44	0	7	9	112	0	25	36	58	13	76	87	112	0	20	4	0	37	1	0	52	2	0	52	9	3	0	104	0	0	0	55	0	0	43	0	0	0	110	0	0	0	58	13	0	0	110	0	14	18	55	3	0	0	9	10	9	0	0	0	0	43	0	2	0	110	0	0	0	58	13	30	27	110	0	30	40	56	8	0	0	60	7	11	0	36	3	0	0	27	12	11	0	0	0	0	44	0	5	9	112	0	25	36	58	13	64	87	112	0
80	67	37	55	24	54	13	15	24	35	55	24	14	75	55	0	84	110	120	0	41	4	0	24	11	15	24	0	0	55	0	24	35	120	0	33	55	24	6	0	30	0	6	10	72	0	14	75	55	0	78	110	120	0	28	2	0	21	2	0	24	0	0	55	0	6	0	120	0	9	15	24	0	0	30	0	0	0	72	0	0	0	55	0	18	35	120	0	33	55	24	1	0	0	22	6	20	0	0	6	0	30	0	6	10	72	0	14	75	55	0	78	110	120	0	15	1	0	11	0	0	21	0	0	48	0	0	0	105	0	0	0	24	0	0	30	0	0	0	72	0	0	0	55	0	0	0	120	0	9	15	24	0	0	0	5	3	10	0	0	0	0	30	0	0	0	72	0	0	0	55	0	18	35	120	0	24	55	24	2	0	0	11	6	10	0	36	0	0	0	22	6	20	0	0	0	0	30	0	3	10	72	0	14	75	55	0	53	110	120	0
82	67	33	65	69	54	22	63	25	25	39	69	21	24	0	49	68	90	0	277	42	12	36	22	17	39	25	11	24	0	40	44	90	0	139	18	27	69	13	0	44	27	4	18	207	0	16	0	0	49	50	54	0	277	30	8	33	21	7	12	22	5	24	0	37	18	36	0	129	10	27	25	2	0	37	24	0	18	75	0	6	0	0	40	26	54	0	139	16	27	69	6	27	0	8	5	36	0	0	11	0	44	27	4	18	207	0	10	0	0	49	41	54	0	277	18	6	27	9	3	9	21	2	18	0	9	7	27	0	83	0	0	22	0	0	31	0	0	0	66	0	0	0	0	37	0	0	0	129	8	27	25	2	27	0	0	5	36	0	0	0	0	37	24	0	18	75	0	0	0	0	40	17	54	0	139	10	27	69	2	54	0	36	2	18	0	41	2	27	0	8	5	36	0	0	0	0	44	27	1	18	207	0	4	0	0	49	23	54	0	277
46	38	24	17	8	31	14	17	0	21	10	8	21	0	0	0	48	15	0	42	24	5	7	0	11	10	0	2	0	0	0	24	15	0	38	19	10	8	2	0	0	0	7	0	16	0	19	0	0	0	42	15	0	42	17	4	7	0	2	0	0	2	0	0	0	6	0	0	37	9	10	0	0	0	0	0	2	0	0	0	0	0	0	0	18	15	0	38	19	10	8	4	0	0	0	8	5	0	0	2	0	0	0	7	0	16	0	19	0	0	0	42	15	0	42	10	3	5	0	1	0	0	2	0	0	0	3	0	0	24	0	0	0	0	0	0	0	0	0	0	0	0	0	0	0	0	0	0	37	9	10	0	3	0	0	0	8	5	0	0	0	0	0	0	2	0	0	0	0	0	0	0	18	15	0	38	16	10	8	6	10	0	0	4	5	0	0	3	0	0	0	8	5	0	0	0	0	0	0	5	0	16	0	19	0	0	0	32	15	0	42
54	45	13	0	43	36	2	0	34	13	0	43	4	0	15	33	34	0	0	24	27	0	0	34	2	0	34	0	0	0	33	4	0	0	24	13	0	43	0	0	0	0	0	0	0	0	4	0	15	33	34	0	0	24	18	0	0	34	0	0	34	0	0	0	33	0	0	0	24	2	0	34	0	0	0	0	0	0	0	0	0	0	0	33	4	0	0	24	13	0	43	0	0	0	0	5	0	0	0	0	0	0	0	0	0	0	0	4	0	15	33	34	0	0	24	9	0	0	32	0	0	34	0	0	0	31	0	0	0	21	0	0	34	0	0	0	0	0	0	0	0	0	0	0	33	0	0	0	24	2	0	34	0	0	0	0	0	0	0	0	0	0	0	0	0	0	0	0	0	0	0	33	4	0	0	24	11	0	43	0	0	0	17	4	0	0	0	0	0	0	0	5	0	0	0	0	0	0	0	0	0	0	0	4	0	15	33	30	0	0	24
76	63	26	22	67	50	5	0	46	25	22	67	6	0	82	63	70	66	134	80	37	2	0	46	4	0	46	1	0	40	63	11	0	92	79	25	22	67	1	0	10	0	2	0	0	0	6	0	82	63	70	66	134	80	24	1	0	46	1	0	46	0	0	40	63	4	0	92	79	4	0	46	0	0	10	0	0	0	0	0	1	0	40	63	11	0	92	79	24	22	67	1	0	10	0	7	0	0	0	1	0	10	0	2	0	0	0	6	0	82	63	66	66	134	80	11	0	0	32	0	0	46	0	0	40	55	0	0	92	73	1	0	46	0	0	10	0	0	0	0	0	0	0	40	63	4	0	92	79	3	0	46	0	0	10	0	0	0	0	0	0	0	10	0	0	0	0	0	1	0	40	63	7	0	92	79	15	22	67	0	0	0	33	5	11	0	60	0	0	10	0	7	0	0	0	1	0	10	0	0	0	0	0	5	0	82	63	40	66	134	80
46	38	17	7	23	30	3	7	17	17	7	23	6	0	25	7	50	14	0	24	22	1	0	17	3	7	17	1	0	10	7	9	14	0	24	17	7	23	1	0	10	0	0	0	23	0	6	0	25	7	50	14	0	24	14	0	0	17	1	0	17	0	0	10	7	4	0	0	24	3	7	17	0	0	10	0	0	0	17	0	1	0	10	7	9	14	0	24	14	7	23	0	0	10	0	5	0	0	0	1	0	10	0	0	0	23	0	6	0	25	7	40	14	0	24	7	0	0	6	0	0	17	0	0	10	6	0	0	0	21	1	0	17	0	0	10	0	0	0	17	0	0	0	10	7	4	0	0	24	2	7	17	0	0	10	0	0	0	0	0	0	0	10	0	0	0	17	0	1	0	10	7	5	14	0	24	12	0	23	0	0	0	6	4	0	0	60	0	0	10	0	5	0	0	0	1	0	10	0	0	0	23	0	5	0	25	7	35	0	0	24
66	54	30	39	27	42	4	7	10	29	39	27	0	28	72	30	79	106	108	80	30	3	0	10	3	7	10	0	0	30	30	8	14	40	79	27	39	27	6	0	0	0	4	0	27	0	0	28	72	30	73	106	108	80	18	1	0	10	2	0	10	0	0	30	30	6	0	40	79	1	7	10	0	0	0	0	0	0	10	0	0	0	30	30	2	14	40	79	25	39	27	1	0	0	0	5	14	0	0	6	0	0	0	4	0	27	0	0	28	72	30	67	106	108	80	7	0	0	8	0	0	10	0	0	30	24	0	0	40	73	0	0	10	0	0	0	0	0	0	10	0	0	0	30	30	0	0	40	79	1	7	10	0	0	0	0	0	0	0	0	0	0	0	0	0	0	10	0	0	0	30	30	2	14	40	79	12	28	27	0	0	0	16	5	7	0	0	0	0	0	0	5	14	0	0	0	0	0	0	0	0	27	0	0	28	72	30	29	84	108	80
40	33	18	10	5	26	4	0	0	17	10	5	4	0	15	0	47	25	10	24	19	2	0	0	3	0	0	0	0	0	0	7	0	0	24	16	10	5	4	0	0	0	2	0	0	0	4	0	15	0	44	25	10	24	12	1	0	0	1	0	0	0	0	0	0	3	0	0	24	2	0	0	0	0	0	0	0	0	0	0	0	0	0	0	4	0	0	24	16	10	5	1	0	0	0	4	5	0	0	4	0	0	0	2	0	0	0	4	0	15	0	44	25	10	24	5	0	0	0	0	0	0	0	0	0	0	0	0	0	21	0	0	0	0	0	0	0	0	0	0	0	0	0	0	0	0	0	0	24	2	0	0	0	0	0	0	0	0	0	0	0	0	0	0	0	0	0	0	0	0	0	0	4	0	0	24	9	10	5	0	0	0	0	3	5	0	0	0	0	0	0	4	5	0	0	0	0	0	0	0	0	0	0	4	0	15	0	25	25	10	24
80	63	42	44	111	46	17	16	95	34	44	111	27	0	27	69	103	132	222	27	30	12	14	49	12	16	95	13	0	20	20	37	48	190	10	26	28	111	17	28	20	102	5	14	0	228	22	0	27	69	80	84	222	27	14	5	0	45	7	14	49	5	0	20	20	20	42	98	10	4	0	95	2	0	20	93	0	0	0	145	8	0	20	20	14	0	190	10	16	28	111	4	0	36	49	0	0	111	0	15	28	20	102	5	14	0	228	10	0	27	69	47	84	222	27	0	0	0	41	0	0	45	0	0	20	20	0	0	90	10	0	0	49	0	0	20	87	0	0	0	139	0	0	20	20	0	0	98	10	0	0	95	0	0	36	40	0	0	95	0	0	0	20	93	0	0	0	145	0	0	20	20	0	0	190	10	0	0	111	0	0	23	36	0	0	0	0	0	0	36	49	0	0	111	0	0	0	20	102	0	0	0	228	0	0	27	69	0	0	222	27
75	59	44	55	90	43	15	0	68	42	55	90	26	0	39	46	127	165	450	94	27	9	0	63	13	0	68	11	0	30	40	41	0	340	56	34	55	90	19	0	32	60	5	11	0	0	23	0	39	46	104	165	450	94	11	2	0	60	7	0	63	3	0	30	40	20	0	315	56	5	0	68	2	0	30	54	0	0	0	0	8	0	30	40	18	0	340	56	14	55	90	4	0	27	36	0	0	0	0	17	0	32	60	5	11	0	0	11	0	39	46	41	165	450	94	0	0	0	56	0	0	60	0	0	30	40	0	0	300	56	0	0	63	0	0	30	48	0	0	0	0	0	0	30	40	0	0	315	56	0	0	68	0	0	27	27	0	0	0	0	0	0	30	54	0	0	0	0	0	0	30	40	0	0	340	56	0	0	90	0	0	0	36	0	0	0	0	0	0	27	36	0	0	0	0	0	0	32	60	0	0	0	0	0	0	39	46	0	0	450	94
70	55	37	27	83	41	16	14	51	33	13	83	27	0	27	69	99	52	83	99	27	11	14	20	12	0	51	13	0	20	20	37	0	51	56	25	13	83	19	0	20	30	5	13	0	157	22	0	27	69	76	52	83	99	13	4	13	20	7	0	20	5	0	20	20	20	0	20	56	4	0	51	2	0	20	30	0	0	0	104	8	0	20	20	14	0	51	56	17	13	83	3	13	19	0	0	0	0	0	17	0	20	30	5	13	0	157	10	0	27	69	49	52	83	99	0	0	0	19	0	0	20	0	0	20	20	0	0	20	56	0	0	20	0	0	20	30	0	0	0	101	0	0	20	20	0	0	20	56	0	0	51	0	0	19	0	0	0	0	0	0	0	20	30	0	0	0	104	0	0	20	20	0	0	51	56	0	0	83	0	0	23	9	0	0	83	0	0	0	19	0	0	0	0	0	0	0	20	30	0	0	0	157	0	0	27	69	0	0	83	99
55	40	49	83	19	26	10	50	19	38	69	19	12	123	20	0	110	217	57	0	15	7	27	10	7	39	19	4	63	20	0	20	126	57	0	24	36	19	8	72	20	0	5	6	38	69	10	90	20	0	73	129	57	0	6	3	6	10	4	18	10	2	18	20	0	12	48	30	0	2	12	19	0	12	20	0	0	0	38	25	2	36	20	0	5	54	57	0	14	18	19	1	18	19	0	0	0	57	0	8	54	20	0	5	6	38	69	4	36	20	0	43	48	57	0	0	0	0	9	0	0	10	0	0	20	0	0	0	30	0	0	0	10	0	0	20	0	0	0	20	22	0	0	20	0	0	0	30	0	0	0	19	0	0	19	0	0	0	57	0	0	0	20	0	0	0	38	25	0	0	20	0	0	0	57	0	0	0	19	0	0	18	9	0	0	19	0	0	0	19	0	0	0	57	0	0	0	20	0	0	0	38	69	0	0	20	0	0	0	57	0
53	41	35	39	22	29	9	11	5	30	39	22	19	0	7	25	91	110	88	32	18	6	7	0	7	11	5	9	0	0	0	23	33	20	10	25	28	22	13	28	0	0	4	7	0	24	16	0	7	25	77	77	88	32	7	2	0	0	4	7	0	3	0	0	0	11	21	0	10	2	0	5	2	0	0	0	0	0	0	24	6	0	0	0	9	0	20	10	12	28	22	4	0	0	0	0	0	22	0	11	28	0	0	4	7	0	24	6	0	7	25	35	77	88	32	0	0	0	0	0	0	0	0	0	0	0	0	0	0	10	0	0	0	0	0	0	0	0	0	0	24	0	0	0	0	0	0	0	10	0	0	5	0	0	0	0	0	0	5	0	0	0	0	0	0	0	0	24	0	0	0	0	0	0	20	10	0	0	22	0	0	0	0	0	0	0	0	0	0	0	0	0	0	22	0	0	0	0	0	0	0	0	24	0	0	7	25	0	0	88	32
57	42	30	36	97	27	3	0	74	30	36	97	6	0	92	52	85	96	291	112	12	0	0	72	3	0	74	0	0	83	50	9	0	222	73	19	36	97	0	0	21	20	0	0	0	0	6	0	92	52	61	96	291	112	0	0	0	72	0	0	72	0	0	81	50	0	0	216	63	0	0	74	0	0	10	20	0	0	0	0	0	0	83	50	0	0	222	73	0	0	97	0	0	0	0	0	0	0	0	0	0	21	20	0	0	0	0	0	0	92	52	0	0	291	112	0	0	0	71	0	0	72	0	0	81	50	0	0	216	60	0	0	72	0	0	10	20	0	0	0	0	0	0	81	50	0	0	216	63	0	0	74	0	0	0	0	0	0	0	0	0	0	10	20	0	0	0	0	0	0	83	50	0	0	222	73	0	0	0	0	0	0	15	0	0	0	0	0	0	0	0	0	0	0	0	0	0	0	20	0	0	0	0	0	0	0	52	0	0	0	112
54	39	39	54	65	24	8	10	10	34	54	65	11	40	40	40	92	172	260	325	10	2	0	10	6	10	10	3	0	20	40	17	30	40	238	15	40	65	2	0	53	0	0	0	65	0	8	40	40	40	46	130	260	325	0	0	0	10	0	0	10	0	0	20	40	0	0	40	142	0	0	10	0	0	10	0	0	0	10	0	0	0	20	40	0	0	40	238	0	0	65	0	0	19	0	0	0	0	0	0	0	53	0	0	0	65	0	0	0	40	40	0	0	260	325	0	0	0	10	0	0	10	0	0	20	40	0	0	40	135	0	0	10	0	0	10	0	0	0	10	0	0	0	20	40	0	0	40	142	0	0	10	0	0	0	0	0	0	0	0	0	0	10	0	0	0	10	0	0	0	20	40	0	0	40	238	0	0	0	0	0	0	0	0	0	0	0	0	0	0	0	0	0	0	0	0	0	0	0	0	0	0	0	0	0	0	40	0	0	0	325
42	31	27	18	42	20	6	0	14	26	18	42	13	0	12	28	76	54	84	131	9	1	0	0	5	0	14	3	0	0	0	14	0	28	92	15	18	42	2	0	25	0	0	0	0	50	10	0	12	28	48	54	84	131	0	0	0	0	0	0	0	0	0	0	0	0	0	0	73	0	0	14	0	0	0	0	0	0	0	27	0	0	0	0	0	0	28	92	0	0	42	0	0	6	0	0	0	0	0	0	0	25	0	0	0	0	50	0	0	12	28	0	0	84	131	0	0	0	0	0	0	0	0	0	0	0	0	0	0	70	0	0	0	0	0	0	0	0	0	0	27	0	0	0	0	0	0	0	73	0	0	14	0	0	0	0	0	0	0	0	0	0	0	0	0	0	0	27	0	0	0	0	0	0	28	92	0	0	0	0	0	0	0	0	0	0	0	0	0	0	0	0	0	0	0	0	0	0	0	0	0	0	50	0	0	0	28	0	0	0	131
38	28	28	16	38	18	7	0	0	27	16	38	13	0	12	0	79	48	76	242	8	1	0	0	6	0	0	3	0	0	0	17	0	0	187	15	16	38	2	0	39	0	0	0	0	0	10	0	12	0	48	48	76	242	0	0	0	0	0	0	0	0	0	0	0	0	0	0	122	0	0	0	0	0	0	0	0	0	0	0	0	0	0	0	0	0	0	187	0	0	38	0	0	6	0	0	0	0	0	0	0	39	0	0	0	0	0	0	0	12	0	0	0	76	242	0	0	0	0	0	0	0	0	0	0	0	0	0	0	115	0	0	0	0	0	0	0	0	0	0	0	0	0	0	0	0	0	0	122	0	0	0	0	0	0	0	0	0	0	0	0	0	0	0	0	0	0	0	0	0	0	0	0	0	0	187	0	0	0	0	0	0	0	0	0	0	0	0	0	0	0	0	0	0	0	0	0	0	0	0	0	0	0	0	0	0	0	0	0	0	242
32	23	24	20	11	14	1	0	0	24	20	11	4	0	0	0	61	60	44	90	5	0	0	0	1	0	0	0	0	0	0	3	0	0	68	11	20	11	0	0	0	0	0	0	0	0	4	0	0	0	33	60	44	90	0	0	0	0	0	0	0	0	0	0	0	0	0	0	63	0	0	0	0	0	0	0	0	0	0	0	0	0	0	0	0	0	0	68	0	0	11	0	0	0	0	0	0	0	0	0	0	0	0	0	0	0	0	0	0	0	0	0	0	44	90	0	0	0	0	0	0	0	0	0	0	0	0	0	0	60	0	0	0	0	0	0	0	0	0	0	0	0	0	0	0	0	0	0	63	0	0	0	0	0	0	0	0	0	0	0	0	0	0	0	0	0	0	0	0	0	0	0	0	0	0	68	0	0	0	0	0	0	0	0	0	0	0	0	0	0	0	0	0	0	0	0	0	0	0	0	0	0	0	0	0	0	0	0	0	0	90
50	32	30	56	127	14	1	0	96	20	56	127	3	0	87	101	44	126	508	162	0	0	0	85	0	0	96	0	0	66	74	0	0	384	84	0	0	127	0	0	9	52	0	0	0	19	0	0	87	101	0	0	508	162	0	0	0	83	0	0	85	0	0	44	72	0	0	340	82	0	0	96	0	0	6	50	0	0	0	19	0	0	66	74	0	0	384	84	0	0	0	0	0	0	20	0	0	0	0	0	0	0	52	0	0	0	19	0	0	0	101	0	0	0	162	0	0	0	83	0	0	83	0	0	44	72	0	0	332	82	0	0	85	0	0	0	50	0	0	0	10	0	0	44	72	0	0	340	82	0	0	0	0	0	0	20	0	0	0	0	0	0	0	50	0	0	0	19	0	0	0	74	0	0	0	84	0	0	0	0	0	0	0	0	0	0	0	0	0	0	20	0	0	0	0	0	0	0	52	0	0	0	19	0	0	0	0	0	0	0	0
32	21	18	10	60	10	0	0	14	17	10	60	0	0	26	28	39	10	60	253	0	0	0	10	0	0	14	0	0	14	20	0	0	14	98	0	0	60	0	0	0	40	0	0	0	0	0	0	26	28	0	0	60	253	0	0	0	10	0	0	10	0	0	10	20	0	0	10	82	0	0	14	0	0	0	40	0	0	0	0	0	0	14	20	0	0	14	98	0	0	0	0	0	0	0	0	0	0	0	0	0	0	40	0	0	0	0	0	0	0	28	0	0	0	253	0	0	0	10	0	0	10	0	0	10	20	0	0	10	82	0	0	10	0	0	0	40	0	0	0	0	0	0	10	20	0	0	10	82	0	0	0	0	0	0	0	0	0	0	0	0	0	0	40	0	0	0	0	0	0	0	20	0	0	0	98	0	0	0	0	0	0	0	0	0	0	0	0	0	0	0	0	0	0	0	0	0	0	40	0	0	0	0	0	0	0	0	0	0	0	0
30	19	19	24	35	8	0	0	17	14	24	35	0	0	8	9	30	40	105	108	0	0	0	17	0	0	17	0	0	8	9	0	0	51	74	0	0	35	0	0	0	0	0	0	0	0	0	0	8	9	0	0	105	108	0	0	0	17	0	0	17	0	0	8	9	0	0	51	72	0	0	17	0	0	0	0	0	0	0	0	0	0	8	9	0	0	51	74	0	0	0	0	0	0	0	0	0	0	0	0	0	0	0	0	0	0	0	0	0	0	9	0	0	0	108	0	0	0	17	0	0	17	0	0	8	9	0	0	51	72	0	0	17	0	0	0	0	0	0	0	0	0	0	8	9	0	0	51	72	0	0	0	0	0	0	0	0	0	0	0	0	0	0	0	0	0	0	0	0	0	0	9	0	0	0	74	0	0	0	0	0	0	0	0	0	0	0	0	0	0	0	0	0	0	0	0	0	0	0	0	0	0	0	0	0	0	0	0	0	0	0
37	23	29	45	41	9	1	0	6	15	45	41	3	0	37	18	32	117	205	156	0	0	0	0	0	0	6	0	0	18	0	0	0	30	24	0	0	41	0	0	9	0	0	0	0	19	0	0	37	18	0	0	205	156	0	0	0	0	0	0	0	0	0	0	0	0	0	0	10	0	0	6	0	0	6	0	0	0	0	19	0	0	18	0	0	0	30	24	0	0	0	0	0	0	0	0	0	0	0	0	0	0	0	0	0	0	19	0	0	0	18	0	0	0	156	0	0	0	0	0	0	0	0	0	0	0	0	0	0	10	0	0	0	0	0	0	0	0	0	0	10	0	0	0	0	0	0	0	10	0	0	0	0	0	0	0	0	0	0	0	0	0	0	0	0	0	0	19	0	0	0	0	0	0	0	24	0	0	0	0	0	0	0	0	0	0	0	0	0	0	0	0	0	0	0	0	0	0	0	0	0	0	19	0	0	0	0	0	0	0	0
24	15	20	18	15	6	0	0	0	14	18	15	0	0	10	0	31	36	45	76	0	0	0	0	0	0	0	0	0	0	0	0	0	0	10	0	0	15	0	0	0	0	0	0	0	0	0	0	10	0	0	0	45	76	0	0	0	0	0	0	0	0	0	0	0	0	0	0	10	0	0	0	0	0	0	0	0	0	0	0	0	0	0	0	0	0	0	10	0	0	0	0	0	0	0	0	0	0	0	0	0	0	0	0	0	0	0	0	0	0	0	0	0	0	76	0	0	0	0	0	0	0	0	0	0	0	0	0	0	10	0	0	0	0	0	0	0	0	0	0	0	0	0	0	0	0	0	0	10	0	0	0	0	0	0	0	0	0	0	0	0	0	0	0	0	0	0	0	0	0	0	0	0	0	0	10	0	0	0	0	0	0	0	0	0	0	0	0	0	0	0	0	0	0	0	0	0	0	0	0	0	0	0	0	0	0	0	0	0	0	0
35	16	14	48	157	0	0	0	117	0	0	157	0	0	46	103	0	0	471	203	0	0	0	96	0	0	117	0	0	44	53	0	0	351	119	0	0	0	0	0	0	102	0	0	0	65	0	0	0	103	0	0	0	203	0	0	0	60	0	0	96	0	0	41	33	0	0	288	102	0	0	0	0	0	0	20	0	0	0	10	0	0	0	53	0	0	0	119	0	0	0	0	0	0	101	0	0	0	152	0	0	0	102	0	0	0	65	0	0	0	0	0	0	0	0	0	0	0	60	0	0	60	0	0	29	33	0	0	180	100	0	0	0	0	0	0	20	0	0	0	10	0	0	0	33	0	0	0	102	0	0	0	0	0	0	101	0	0	0	119	0	0	0	20	0	0	0	10	0	0	0	0	0	0	0	0	0	0	0	0	0	0	0	0	0	0	0	0	0	0	101	0	0	0	152	0	0	0	0	0	0	0	0	0	0	0	0	0	0	0	0
25	12	14	12	82	0	0	0	42	0	0	82	0	0	21	29	0	0	82	218	0	0	0	42	0	0	42	0	0	21	29	0	0	42	119	0	0	0	0	0	0	0	0	0	0	0	0	0	0	29	0	0	0	218	0	0	0	42	0	0	42	0	0	21	29	0	0	42	102	0	0	0	0	0	0	0	0	0	0	0	0	0	0	29	0	0	0	119	0	0	0	0	0	0	0	0	0	0	0	0	0	0	0	0	0	0	0	0	0	0	0	0	0	0	0	0	0	0	42	0	0	42	0	0	21	29	0	0	42	100	0	0	0	0	0	0	0	0	0	0	0	0	0	0	29	0	0	0	102	0	0	0	0	0	0	0	0	0	0	0	0	0	0	0	0	0	0	0	0	0	0	0	0	0	0	0	0	0	0	0	0	0	0	0	0	0	0	0	0	0	0	0	0	0	0	0	0	0	0	0	0	0	0	0	0	0	0	0	0	0	0
21	10	13	10	58	0	0	0	9	0	0	58	0	0	11	18	0	0	58	278	0	0	0	6	0	0	9	0	0	9	12	0	0	9	133	0	0	0	0	0	0	18	0	0	0	0	0	0	0	18	0	0	0	278	0	0	0	0	0	0	6	0	0	6	0	0	0	6	112	0	0	0	0	0	0	0	0	0	0	0	0	0	0	12	0	0	0	133	0	0	0	0	0	0	0	0	0	0	19	0	0	0	18	0	0	0	0	0	0	0	0	0	0	0	0	0	0	0	0	0	0	0	0	0	0	0	0	0	0	110	0	0	0	0	0	0	0	0	0	0	0	0	0	0	0	0	0	0	112	0	0	0	0	0	0	0	0	0	0	19	0	0	0	0	0	0	0	0	0	0	0	0	0	0	0	0	0	0	0	0	0	0	0	0	0	0	0	0	0	0	0	0	0	0	19	0	0	0	0	0	0	0	0	0	0	0	0	0	0	0	0
20	8	10	32	40	0	0	0	9	0	0	40	0	0	11	18	0	0	160	183	0	0	0	6	0	0	9	0	0	9	12	0	0	36	102	0	0	0	0	0	0	18	0	0	0	0	0	0	0	18	0	0	0	183	0	0	0	0	0	0	6	0	0	6	0	0	0	24	85	0	0	0	0	0	0	0	0	0	0	0	0	0	0	12	0	0	0	102	0	0	0	0	0	0	0	0	0	0	19	0	0	0	18	0	0	0	0	0	0	0	0	0	0	0	0	0	0	0	0	0	0	0	0	0	0	0	0	0	0	83	0	0	0	0	0	0	0	0	0	0	0	0	0	0	0	0	0	0	85	0	0	0	0	0	0	0	0	0	0	19	0	0	0	0	0	0	0	0	0	0	0	0	0	0	0	0	0	0	0	0	0	0	0	0	0	0	0	0	0	0	0	0	0	0	19	0	0	0	0	0	0	0	0	0	0	0	0	0	0	0	0
14	5	9	20	9	0	0	0	0	0	0	9	0	0	0	0	0	0	36	41	0	0	0	0	0	0	0	0	0	0	0	0	0	0	6	0	0	0	0	0	0	0	0	0	0	0	0	0	0	0	0	0	0	41	0	0	0	0	0	0	0	0	0	0	0	0	0	0	0	0	0	0	0	0	0	0	0	0	0	0	0	0	0	0	0	0	0	6	0	0	0	0	0	0	0	0	0	0	0	0	0	0	0	0	0	0	0	0	0	0	0	0	0	0	0	0	0	0	0	0	0	0	0	0	0	0	0	0	0	0	0	0	0	0	0	0	0	0	0	0	0	0	0	0	0	0	0	0	0	0	0	0	0	0	0	0	0	0	0	0	0	0	0	0	0	0	0	0	0	0	0	0	0	0	0	0	0	0	0	0	0	0	0	0	0	0	0	0	0	0	0	0	0	0	0	0	0	0	0	0	0	0	0	0	0	0	0	0	0	0	0
12	0	0	0	96	0	0	0	41	0	0	0	0	0	0	44	0	0	0	346	0	0	0	41	0	0	0	0	0	0	44	0	0	0	177	0	0	0	0	0	0	0	0	0	0	0	0	0	0	0	0	0	0	0	0	0	0	41	0	0	0	0	0	0	44	0	0	0	150	0	0	0	0	0	0	0	0	0	0	0	0	0	0	0	0	0	0	0	0	0	0	0	0	0	0	0	0	0	0	0	0	0	0	0	0	0	0	0	0	0	0	0	0	0	0	0	0	0	38	0	0	0	0	0	0	41	0	0	0	102	0	0	0	0	0	0	0	0	0	0	0	0	0	0	0	0	0	0	0	0	0	0	0	0	0	0	0	0	0	0	0	0	0	0	0	0	0	0	0	0	0	0	0	0	0	0	0	0	0	0	0	0	27	0	0	0	0	0	0	0	0	0	0	0	0	0	0	0	0	0	0	0	0	0	0	0	0	0	0	0	0
11	0	0	0	77	0	0	0	44	0	0	0	0	0	0	45	0	0	0	206	0	0	0	42	0	0	0	0	0	0	39	0	0	0	126	0	0	0	0	0	0	18	0	0	0	0	0	0	0	0	0	0	0	0	0	0	0	38	0	0	0	0	0	0	30	0	0	0	102	0	0	0	0	0	0	12	0	0	0	0	0	0	0	0	0	0	0	0	0	0	0	0	0	0	31	0	0	0	0	0	0	0	0	0	0	0	0	0	0	0	0	0	0	0	0	0	0	0	14	0	0	0	0	0	0	9	0	0	0	60	0	0	0	0	0	0	0	0	0	0	0	0	0	0	0	0	0	0	0	0	0	0	0	0	0	0	0	0	0	0	0	0	0	0	0	0	0	0	0	0	0	0	0	0	0	0	0	0	0	0	0	0	37	0	0	0	102	0	0	0	0	0	0	0	0	0	0	0	0	0	0	0	0	0	0	0	0	0	0	0	0
7	0	0	0	29	0	0	0	0	0	0	0	0	0	0	0	0	0	0	206	0	0	0	0	0	0	0	0	0	0	0	0	0	0	126	0	0	0	0	0	0	0	0	0	0	0	0	0	0	0	0	0	0	0	0	0	0	0	0	0	0	0	0	0	0	0	0	0	102	0	0	0	0	0	0	0	0	0	0	0	0	0	0	0	0	0	0	0	0	0	0	0	0	0	0	0	0	0	0	0	0	0	0	0	0	0	0	0	0	0	0	0	0	0	0	0	0	0	0	0	0	0	0	0	0	0	0	0	0	60	0	0	0	0	0	0	0	0	0	0	0	0	0	0	0	0	0	0	0	0	0	0	0	0	0	0	0	0	0	0	0	0	0	0	0	0	0	0	0	0	0	0	0	0	0	0	0	0	0	0	0	0	0	0	0	0	0	0	0	0	0	0	0	0	0	0	0	0	0	0	0	0	0	0	0	0	0	0	0	0	0
6	0	0	0	13	0	0	0	0	0	0	0	0	0	0	0	0	0	0	49	0	0	0	0	0	0	0	0	0	0	0	0	0	0	9	0	0	0	0	0	0	0	0	0	0	0	0	0	0	0	0	0	0	0	0	0	0	0	0	0	0	0	0	0	0	0	0	0	6	0	0	0	0	0	0	0	0	0	0	0	0	0	0	0	0	0	0	0	0	0	0	0	0	0	0	0	0	0	0	0	0	0	0	0	0	0	0	0	0	0	0	0	0	0	0	0	0	0	0	0	0	0	0	0	0	0	0	0	0	0	0	0	0	0	0	0	0	0	0	0	0	0	0	0	0	0	0	0	0	0	0	0	0	0	0	0	0	0	0	0	0	0	0	0	0	0	0	0	0	0	0	0	0	0	0	0	0	0	0	0	0	0	0	0	0	0	0	0	0	0	0	0	0	0	0	0	0	0	0	0	0	0	0	0	0	0	0	0	0	0	0
3	0	0	0	0	0	0	0	0	0	0	0	0	0	0	0	0	0	0	0	0	0	0	0	0	0	0	0	0	0	0	0	0	0	0	0	0	0	0	0	0	0	0	0	0	0	0	0	0	0	0	0	0	0	0	0	0	0	0	0	0	0	0	0	0	0	0	0	0	0	0	0	0	0	0	0	0	0	0	0	0	0	0	0	0	0	0	0	0	0	0	0	0	0	0	0	0	0	0	0	0	0	0	0	0	0	0	0	0	0	0	0	0	0	0	0	0	0	0	0	0	0	0	0	0	0	0	0	0	0	0	0	0	0	0	0	0	0	0	0	0	0	0	0	0	0	0	0	0	0	0	0	0	0	0	0	0	0	0	0	0	0	0	0	0	0	0	0	0	0	0	0	0	0	0	0	0	0	0	0	0	0	0	0	0	0	0	0	0	0	0	0	0	0	0	0	0	0	0	0	0	0	0	0	0	0	0	0	0	0	0
