96	92	14	0	0	88	0	0	0	14	0	0	0	0	0	0	38	0	0	0	84	0	0	0	0	0	0	0	0	0	0	0	0	0	0	14	0	0	0	0	0	0	0	0	0	0	0	0	0	0	38	0	0	0	80	0	0	0	0	0	0	0	0	0	0	0	0	0	0	0	0	0	0	0	0	0	0	0	0	0	0	0	0	0	0	0	0	0	14	0	0	0	0	0	0	0	0	0	0	0	0	0	0	0	0	0	0	0	0	0	0	38	0	0	0	76	0	0	0	0	0	0	0	0	0	0	0	0	0	0	0	0	0	0	0	0	0	0	0	0	0	0	0	0	0	0	0	0	0	0	0	0	0	0	0	0	0	0	0	0	0	0	0	0	0	0	0	0	0	0	0	0	0	0	0	0	14	0	0	0	0	0	0	0	0	0	0	0	0	0	0	0	0	0	0	0	0	0	0	0	0	0	0	0	0	0	0	38	0	0	0
142	136	19	8	0	130	3	0	0	19	8	0	1	0	0	0	44	16	0	0	124	3	0	0	3	0	0	1	0	0	0	3	0	0	0	19	8	0	0	0	0	0	2	0	0	0	1	0	0	0	44	16	0	0	118	3	0	0	3	0	0	1	0	0	0	3	0	0	0	3	0	0	0	0	0	0	2	0	0	0	1	0	0	0	3	0	0	0	19	8	0	0	0	0	0	0	0	0	0	0	0	0	0	2	0	0	0	1	0	0	0	44	16	0	0	112	3	0	0	3	0	0	1	0	0	0	3	0	0	0	3	0	0	0	0	0	0	2	0	0	0	1	0	0	0	3	0	0	0	3	0	0	0	0	0	0	0	0	0	0	0	0	0	0	2	0	0	0	1	0	0	0	3	0	0	0	19	8	0	0	0	0	0	0	0	0	0	0	0	0	0	0	0	0	0	0	0	0	0	2	0	0	0	1	0	0	0	44	16	0	0
165	158	21	12	0	151	3	0	0	21	12	0	1	0	0	0	47	28	0	0	144	3	0	0	3	0	0	1	0	0	0	3	0	0	0	21	12	0	0	0	0	0	2	0	0	0	1	0	0	0	47	28	0	0	137	3	0	0	3	0	0	1	0	0	0	3	0	0	0	3	0	0	0	0	0	0	2	0	0	0	1	0	0	0	3	0	0	0	21	12	0	0	0	0	0	0	0	0	0	0	0	0	0	2	0	0	0	1	0	0	0	47	28	0	0	130	3	0	0	3	0	0	1	0	0	0	3	0	0	0	3	0	0	0	0	0	0	2	0	0	0	1	0	0	0	3	0	0	0	3	0	0	0	0	0	0	0	0	0	0	0	0	0	0	2	0	0	0	1	0	0	0	3	0	0	0	21	12	0	0	0	0	0	0	0	0	0	0	0	0	0	0	0	0	0	0	0	0	0	2	0	0	0	1	0	0	0	47	28	0	0
188	180	24	16	0	172	3	0	0	24	16	0	1	0	0	0	53	44	0	0	164	3	0	0	3	0	0	1	0	0	0	3	0	0	0	24	16	0	0	0	0	0	2	0	0	0	1	0	0	0	53	44	0	0	156	3	0	0	3	0	0	1	0	0	0	3	0	0	0	3	0	0	0	0	0	0	2	0	0	0	1	0	0	0	3	0	0	0	24	16	0	0	0	0	0	0	0	0	0	0	0	0	0	2	0	0	0	1	0	0	0	53	44	0	0	148	3	0	0	3	0	0	1	0	0	0	3	0	0	0	3	0	0	0	0	0	0	2	0	0	0	1	0	0	0	3	0	0	0	3	0	0	0	0	0	0	0	0	0	0	0	0	0	0	2	0	0	0	1	0	0	0	3	0	0	0	24	16	0	0	0	0	0	0	0	0	0	0	0	0	0	0	0	0	0	0	0	0	0	2	0	0	0	1	0	0	0	53	44	0	0
211	202	31	20	0	193	6	0	0	31	20	0	1	0	0	0	69	64	0	0	184	6	0	0	6	0	0	1	0	0	0	9	0	0	0	31	20	0	0	0	0	0	4	0	0	0	1	0	0	0	69	64	0	0	175	6	0	0	6	0	0	1	0	0	0	9	0	0	0	6	0	0	0	0	0	0	4	0	0	0	1	0	0	0	9	0	0	0	31	20	0	0	0	0	0	0	0	0	0	0	0	0	0	4	0	0	0	1	0	0	0	69	64	0	0	166	6	0	0	6	0	0	1	0	0	0	9	0	0	0	6	0	0	0	0	0	0	4	0	0	0	1	0	0	0	9	0	0	0	6	0	0	0	0	0	0	0	0	0	0	0	0	0	0	4	0	0	0	1	0	0	0	9	0	0	0	31	20	0	0	0	0	0	0	0	0	0	0	0	0	0	0	0	0	0	0	0	0	0	4	0	0	0	1	0	0	0	69	64	0	0
244	233	31	26	16	222	12	10	0	31	26	16	7	0	0	0	64	42	32	0	211	11	10	0	12	10	0	6	0	0	0	22	10	0	0	31	26	16	0	0	0	0	5	10	0	0	7	0	0	0	64	42	32	0	200	11	10	0	11	10	0	6	0	0	0	21	10	0	0	12	10	0	0	0	0	0	5	10	0	0	6	0	0	0	22	10	0	0	31	26	16	0	0	0	0	2	0	0	0	0	0	0	0	5	10	0	0	7	0	0	0	64	42	32	0	189	11	10	0	11	10	0	6	0	0	0	21	10	0	0	11	10	0	0	0	0	0	5	10	0	0	6	0	0	0	21	10	0	0	12	10	0	0	0	0	0	1	0	0	0	0	0	0	0	5	10	0	0	6	0	0	0	22	10	0	0	31	26	16	6	0	0	0	4	0	0	0	0	0	0	0	2	0	0	0	0	0	0	0	5	10	0	0	7	0	0	0	64	42	32	0
259	247	27	37	16	235	8	20	0	27	37	16	2	10	0	0	55	45	32	0	223	7	20	0	8	20	0	1	10	0	0	14	20	0	0	27	37	16	0	0	0	0	4	10	0	0	2	10	0	0	55	45	32	0	211	7	20	0	7	20	0	1	10	0	0	13	20	0	0	8	20	0	0	0	0	0	4	10	0	0	1	10	0	0	14	20	0	0	27	37	16	0	0	0	0	1	0	0	0	0	0	0	0	4	10	0	0	2	10	0	0	55	45	32	0	199	7	20	0	7	20	0	1	10	0	0	13	20	0	0	7	20	0	0	0	0	0	4	10	0	0	1	10	0	0	13	20	0	0	8	20	0	0	0	0	0	0	0	0	0	0	0	0	0	4	10	0	0	1	10	0	0	14	20	0	0	27	37	16	0	0	0	0	2	0	0	0	0	0	0	0	1	0	0	0	0	0	0	0	4	10	0	0	2	10	0	0	55	45	32	0
227	217	29	21	12	207	10	0	0	29	21	12	5	0	0	0	59	42	36	0	197	10	0	0	10	0	0	5	0	0	0	17	0	0	0	29	21	12	0	0	0	0	5	0	0	0	5	0	0	0	59	42	36	0	187	10	0	0	10	0	0	5	0	0	0	17	0	0	0	10	0	0	0	0	0	0	5	0	0	0	5	0	0	0	17	0	0	0	29	21	12	0	0	0	0	3	0	0	0	0	0	0	0	5	0	0	0	5	0	0	0	59	42	36	0	177	10	0	0	10	0	0	5	0	0	0	17	0	0	0	10	0	0	0	0	0	0	5	0	0	0	5	0	0	0	17	0	0	0	10	0	0	0	0	0	0	1	0	0	0	0	0	0	0	5	0	0	0	5	0	0	0	17	0	0	0	29	21	12	6	0	0	0	6	0	0	0	0	0	0	0	3	0	0	0	0	0	0	0	5	0	0	0	5	0	0	0	59	42	36	0
226	216	38	24	8	206	16	0	0	38	24	8	14	0	0	0	84	60	32	0	196	16	0	0	16	0	0	14	0	0	0	36	0	0	0	38	24	8	2	0	0	0	12	0	0	0	14	0	0	0	84	60	32	0	186	16	0	0	16	0	0	14	0	0	0	36	0	0	0	16	0	0	2	0	0	0	12	0	0	0	14	0	0	0	36	0	0	0	38	24	8	0	0	0	0	7	0	0	0	2	0	0	0	12	0	0	0	14	0	0	0	84	60	32	0	176	16	0	0	16	0	0	14	0	0	0	36	0	0	0	16	0	0	2	0	0	0	12	0	0	0	14	0	0	0	36	0	0	0	16	0	0	0	0	0	0	4	0	0	0	2	0	0	0	12	0	0	0	14	0	0	0	36	0	0	0	38	24	8	10	0	0	0	11	0	0	0	0	0	0	0	7	0	0	0	2	0	0	0	12	0	0	0	14	0	0	0	84	60	32	0
273	260	50	55	4	247	18	30	0	50	55	4	21	0	0	0	112	135	20	0	234	16	30	0	18	30	0	15	0	0	0	38	60	0	0	50	55	4	2	0	0	0	12	20	0	0	21	0	0	0	112	135	20	0	221	16	30	0	16	30	0	15	0	0	0	36	60	0	0	18	30	0	2	0	0	0	11	20	0	0	15	0	0	0	38	60	0	0	50	55	4	0	0	0	0	10	0	0	0	2	0	0	0	12	20	0	0	21	0	0	0	112	135	20	0	208	16	30	0	16	30	0	15	0	0	0	36	60	0	0	16	30	0	2	0	0	0	11	20	0	0	15	0	0	0	36	60	0	0	18	30	0	0	0	0	0	4	0	0	0	2	0	0	0	11	20	0	0	15	0	0	0	38	60	0	0	50	55	4	10	0	0	0	16	0	0	0	0	0	0	0	10	0	0	0	2	0	0	0	12	20	0	0	21	0	0	0	112	135	20	0
219	209	31	9	34	199	16	0	0	31	9	34	14	0	0	0	72	9	34	56	189	16	0	0	16	0	0	14	0	0	0	36	0	0	0	31	9	34	2	0	0	0	16	0	0	0	14	0	0	0	72	9	34	56	179	16	0	0	16	0	0	14	0	0	0	36	0	0	0	16	0	0	2	0	0	0	12	0	0	0	14	0	0	0	36	0	0	0	31	9	34	0	0	0	0	11	0	0	0	2	0	0	0	16	0	0	0	14	0	0	0	72	9	34	56	169	16	0	0	16	0	0	14	0	0	0	36	0	0	0	16	0	0	2	0	0	0	12	0	0	0	14	0	0	0	36	0	0	0	16	0	0	0	0	0	0	4	0	0	0	2	0	0	0	12	0	0	0	14	0	0	0	36	0	0	0	31	9	34	10	0	0	0	16	0	0	0	0	0	0	0	11	0	0	0	2	0	0	0	16	0	0	0	14	0	0	0	72	9	34	56
305	290	50	72	26	275	24	44	0	50	72	26	19	44	0	0	122	138	78	40	260	23	44	0	24	44	0	18	44	0	0	64	88	0	0	50	72	26	12	0	0	0	43	13	0	0	19	44	0	0	122	138	78	40	245	21	44	0	23	44	0	18	44	0	0	63	88	0	0	24	44	0	5	0	0	0	18	11	0	0	18	44	0	0	64	88	0	0	50	72	26	13	0	0	0	24	19	0	0	12	0	0	0	43	13	0	0	19	44	0	0	122	138	78	40	230	17	38	0	21	44	0	15	44	0	0	55	88	0	0	23	44	0	5	0	0	0	18	11	0	0	18	44	0	0	63	88	0	0	24	44	0	1	0	0	0	11	11	0	0	5	0	0	0	18	11	0	0	18	44	0	0	64	88	0	0	50	72	26	10	48	0	0	16	35	0	0	13	0	0	0	24	19	0	0	12	0	0	0	43	13	0	0	19	44	0	0	122	138	78	40
218	208	35	16	26	198	19	0	0	35	16	26	18	0	0	0	82	24	52	40	188	19	0	0	19	0	0	18	0	0	0	44	0	0	0	35	16	26	5	0	0	0	19	0	0	0	18	0	0	0	82	24	52	40	178	18	0	0	19	0	0	18	0	0	0	44	0	0	0	19	0	0	3	0	0	0	12	0	0	0	18	0	0	0	44	0	0	0	35	16	26	4	0	0	0	14	8	0	0	5	0	0	0	19	0	0	0	18	0	0	0	82	24	52	40	168	16	0	0	18	0	0	16	0	0	0	40	0	0	0	19	0	0	3	0	0	0	12	0	0	0	18	0	0	0	44	0	0	0	19	0	0	0	0	0	0	6	0	0	0	3	0	0	0	12	0	0	0	18	0	0	0	44	0	0	0	35	16	26	12	0	0	0	15	16	0	0	4	0	0	0	14	8	0	0	5	0	0	0	19	0	0	0	18	0	0	0	82	24	52	40
311	295	69	95	11	279	29	62	0	69	95	11	48	96	0	0	175	287	44	12	263	22	60	0	29	62	0	20	90	0	0	75	197	0	0	69	95	11	16	20	0	0	36	76	0	0	48	96	0	0	175	287	44	12	247	18	60	0	22	60	0	13	90	0	0	54	190	0	0	29	62	0	4	20	0	0	11	70	0	0	20	90	0	0	75	197	0	0	69	95	11	15	0	0	0	22	37	0	0	16	20	0	0	36	76	0	0	48	96	0	0	175	287	44	12	231	13	56	0	18	60	0	9	90	0	0	41	190	0	0	22	60	0	3	20	0	0	11	70	0	0	13	90	0	0	54	190	0	0	29	62	0	1	0	0	0	8	30	0	0	4	20	0	0	11	70	0	0	20	90	0	0	75	197	0	0	69	95	11	11	24	0	0	14	34	0	0	15	0	0	0	22	37	0	0	16	20	0	0	36	76	0	0	48	96	0	0	175	287	44	12
215	205	51	25	5	195	26	0	0	51	25	5	29	0	0	0	135	75	25	4	185	25	0	0	26	0	0	24	0	0	0	73	0	0	0	51	25	5	18	0	0	0	41	5	0	0	29	0	0	0	135	75	25	4	175	22	0	0	25	0	0	22	0	0	0	69	0	0	0	26	0	0	6	0	0	0	18	0	0	0	24	0	0	0	73	0	0	0	51	25	5	17	0	0	0	23	15	0	0	18	0	0	0	41	5	0	0	29	0	0	0	135	75	25	4	165	17	0	0	22	0	0	18	0	0	0	58	0	0	0	25	0	0	5	0	0	0	18	0	0	0	22	0	0	0	69	0	0	0	26	0	0	1	0	0	0	11	0	0	0	6	0	0	0	18	0	0	0	24	0	0	0	73	0	0	0	51	25	5	15	0	0	0	14	25	0	0	17	0	0	0	23	15	0	0	18	0	0	0	41	5	0	0	29	0	0	0	135	75	25	4
209	199	46	9	36	189	30	0	0	46	9	36	40	0	0	0	134	18	36	102	179	26	0	0	30	0	0	29	0	0	0	90	0	0	0	46	9	36	20	0	0	0	37	27	0	0	40	0	0	0	134	18	36	102	169	22	0	0	26	0	0	24	0	0	0	75	0	0	0	30	0	0	6	0	0	0	17	0	0	0	29	0	0	0	90	0	0	0	46	9	36	18	0	0	0	21	9	0	0	20	0	0	0	37	27	0	0	40	0	0	0	134	18	36	102	159	14	0	0	22	0	0	20	0	0	0	61	0	0	0	26	0	0	5	0	0	0	17	0	0	0	24	0	0	0	75	0	0	0	30	0	0	2	0	0	0	13	0	0	0	6	0	0	0	17	0	0	0	29	0	0	0	90	0	0	0	46	9	36	10	0	22	0	6	0	0	0	18	0	0	0	21	9	0	0	20	0	0	0	37	27	0	0	40	0	0	0	134	18	36	102
276	262	58	61	27	248	32	41	0	58	61	27	43	42	0	0	162	127	54	68	234	27	38	0	32	41	0	29	40	0	0	101	90	0	0	58	61	27	26	26	0	0	52	35	0	0	43	42	0	0	162	127	54	68	220	21	26	0	27	38	0	22	36	0	0	81	82	0	0	32	41	0	6	10	0	0	17	10	0	0	29	40	0	0	101	90	0	0	58	61	27	18	32	0	0	28	38	27	0	26	26	0	0	52	35	0	0	43	42	0	0	162	127	54	68	206	14	8	0	21	26	0	18	16	0	0	61	40	0	0	27	38	0	4	8	0	0	17	10	0	0	22	36	0	0	81	82	0	0	32	41	0	3	0	0	0	13	20	0	0	6	10	0	0	17	10	0	0	29	40	0	0	101	90	0	0	58	61	27	8	16	22	0	10	11	54	0	18	32	0	0	28	38	27	0	26	26	0	0	52	35	0	0	43	42	0	0	162	127	54	68
269	255	73	67	19	241	39	43	0	73	67	19	69	33	0	0	190	222	57	42	227	29	41	0	39	43	0	35	31	0	0	113	161	0	0	73	67	19	31	21	0	0	40	86	0	0	69	33	0	0	190	222	57	42	213	21	37	0	29	41	0	23	30	0	0	78	153	0	0	39	43	0	5	20	0	0	12	60	0	0	35	31	0	0	113	161	0	0	73	67	19	18	31	0	0	24	45	0	0	31	21	0	0	40	86	0	0	69	33	0	0	190	222	57	42	199	13	27	0	21	37	0	17	27	0	0	52	141	0	0	29	41	0	3	20	0	0	12	60	0	0	23	30	0	0	78	153	0	0	39	43	0	2	10	0	0	12	30	0	0	5	20	0	0	12	60	0	0	35	31	0	0	113	161	0	0	73	67	19	7	21	22	0	9	10	19	0	18	31	0	0	24	45	0	0	31	21	0	0	40	86	0	0	69	33	0	0	190	222	57	42
223	212	61	34	11	201	35	10	0	61	34	11	63	0	0	0	157	102	44	16	190	26	10	0	35	10	0	29	0	0	0	113	30	0	0	61	34	11	29	0	0	0	40	52	0	0	63	0	0	0	157	102	44	16	179	19	6	0	26	10	0	22	0	0	0	79	30	0	0	35	10	0	7	0	0	0	16	10	0	0	29	0	0	0	113	30	0	0	61	34	11	18	24	0	0	21	32	0	0	29	0	0	0	40	52	0	0	63	0	0	0	157	102	44	16	168	13	0	0	19	6	0	16	0	0	0	55	18	0	0	26	10	0	5	0	0	0	16	10	0	0	22	0	0	0	79	30	0	0	35	10	0	3	0	0	0	12	20	0	0	7	0	0	0	16	10	0	0	29	0	0	0	113	30	0	0	61	34	11	10	0	6	0	5	10	11	0	18	24	0	0	21	32	0	0	29	0	0	0	40	52	0	0	63	0	0	0	157	102	44	16
277	263	62	70	5	249	22	36	0	62	70	5	38	67	0	0	142	228	25	5	235	15	20	0	22	36	0	12	30	0	0	70	112	0	0	62	70	5	9	60	0	0	34	35	5	0	38	67	0	0	142	228	25	5	221	12	5	0	15	20	0	9	10	0	0	45	55	0	0	22	36	0	3	5	0	0	10	0	0	0	12	30	0	0	70	112	0	0	62	70	5	14	25	0	0	26	10	10	0	9	60	0	0	34	35	5	0	38	67	0	0	142	228	25	5	207	8	0	0	12	5	0	7	0	0	0	35	10	0	0	15	20	0	3	0	0	0	10	0	0	0	9	10	0	0	45	55	0	0	22	36	0	3	0	0	0	11	0	0	0	3	5	0	0	10	0	0	0	12	30	0	0	70	112	0	0	62	70	5	10	0	0	0	11	0	5	0	14	25	0	0	26	10	10	0	9	60	0	0	34	35	5	0	38	67	0	0	142	228	25	5
329	311	72	112	35	293	29	83	0	72	112	35	46	117	5	0	159	340	70	98	275	21	54	0	29	83	0	21	57	0	0	85	267	0	0	72	112	35	13	18	18	0	34	14	105	0	46	117	5	0	159	340	70	98	257	13	44	0	21	54	0	15	30	0	0	55	162	0	0	29	83	0	4	0	0	0	12	11	0	0	21	57	0	0	85	267	0	0	72	112	35	5	14	34	0	30	28	35	0	13	18	18	0	34	14	105	0	46	117	5	0	159	340	70	98	239	10	39	0	13	44	0	10	28	0	0	32	132	0	0	21	54	0	2	0	0	0	12	9	0	0	15	30	0	0	55	162	0	0	29	83	0	2	11	0	0	12	22	0	0	4	0	0	0	12	11	0	0	21	57	0	0	85	267	0	0	72	112	35	20	61	15	0	20	14	0	0	5	14	34	0	30	28	35	0	13	18	18	0	34	14	105	0	46	117	5	0	159	340	70	98
229	217	49	37	26	205	27	21	0	49	37	26	49	0	5	0	116	63	52	62	193	16	19	0	27	21	0	18	0	0	0	87	63	0	0	49	37	26	13	16	18	0	17	10	0	0	49	0	5	0	116	63	52	62	181	8	10	0	16	19	0	9	0	0	0	46	57	0	0	27	21	0	4	0	0	0	9	10	0	0	18	0	0	0	87	63	0	0	49	37	26	5	10	34	0	14	20	26	0	13	16	18	0	17	10	0	0	49	0	5	0	116	63	52	62	169	5	10	0	8	10	0	4	0	0	0	23	30	0	0	16	19	0	2	0	0	0	9	8	0	0	9	0	0	0	46	57	0	0	27	21	0	2	10	0	0	9	20	0	0	4	0	0	0	9	10	0	0	18	0	0	0	87	63	0	0	49	37	26	5	0	15	0	7	10	0	0	5	10	34	0	14	20	26	0	13	16	18	0	17	10	0	0	49	0	5	0	116	63	52	62
197	187	36	21	18	177	21	0	0	36	21	18	38	0	5	0	88	0	54	35	167	12	0	0	21	0	0	10	0	0	0	70	0	0	0	36	21	18	7	0	10	0	9	0	0	0	38	0	5	0	88	0	54	35	157	7	0	0	12	0	0	5	0	0	0	38	0	0	0	21	0	0	2	0	0	0	9	0	0	0	10	0	0	0	70	0	0	0	36	21	18	3	0	18	0	9	0	0	0	7	0	10	0	9	0	0	0	38	0	5	0	88	0	54	35	147	6	0	0	7	0	0	4	0	0	0	24	0	0	0	12	0	0	2	0	0	0	9	0	0	0	5	0	0	0	38	0	0	0	21	0	0	3	0	0	0	9	0	0	0	2	0	0	0	9	0	0	0	10	0	0	0	70	0	0	0	36	21	18	5	0	7	0	4	0	0	0	3	0	18	0	9	0	0	0	7	0	10	0	9	0	0	0	38	0	5	0	88	0	54	35
287	272	52	74	11	257	20	24	0	52	74	11	23	120	5	0	118	184	55	16	242	15	0	0	20	24	0	15	0	0	0	56	84	0	0	52	74	11	5	0	10	0	11	0	44	0	23	120	5	0	118	184	55	16	227	11	0	0	15	0	0	10	0	0	0	38	0	0	0	20	24	0	0	0	0	0	6	0	0	0	15	0	0	0	56	84	0	0	52	74	11	2	0	11	0	22	0	0	0	5	0	10	0	11	0	44	0	23	120	5	0	118	184	55	16	212	11	0	0	11	0	0	10	0	0	0	27	0	0	0	15	0	0	0	0	0	0	6	0	0	0	10	0	0	0	38	0	0	0	20	24	0	2	0	0	0	9	0	0	0	0	0	0	0	6	0	0	0	15	0	0	0	56	84	0	0	52	74	11	25	0	0	0	18	0	0	0	2	0	11	0	22	0	0	0	5	0	10	0	11	0	44	0	23	120	5	0	118	184	55	16
195	185	34	25	5	175	16	0	0	34	25	5	35	0	5	0	80	25	25	5	165	7	0	0	16	0	0	7	0	0	0	52	0	0	0	34	25	5	5	0	10	0	2	0	0	0	35	0	5	0	80	25	25	5	155	4	0	0	7	0	0	2	0	0	0	20	0	0	0	16	0	0	0	0	0	0	2	0	0	0	7	0	0	0	52	0	0	0	34	25	5	2	0	5	0	4	0	0	0	5	0	10	0	2	0	0	0	35	0	5	0	80	25	25	5	145	4	0	0	4	0	0	2	0	0	0	12	0	0	0	7	0	0	0	0	0	0	2	0	0	0	2	0	0	0	20	0	0	0	16	0	0	2	0	0	0	4	0	0	0	0	0	0	0	2	0	0	0	7	0	0	0	52	0	0	0	34	25	5	5	0	0	0	2	0	0	0	2	0	5	0	4	0	0	0	5	0	10	0	2	0	0	0	35	0	5	0	80	25	25	5
186	176	41	24	30	166	18	0	5	41	24	30	23	0	71	25	112	78	120	51	156	16	0	0	18	0	5	18	0	10	0	47	0	20	0	41	24	30	3	0	19	0	11	0	0	5	23	0	71	25	112	78	120	51	146	16	0	0	16	0	0	18	0	0	0	42	0	0	0	18	0	5	3	0	5	0	7	0	0	0	18	0	10	0	47	0	20	0	41	24	30	1	0	0	0	16	0	0	0	3	0	19	0	11	0	0	5	23	0	71	25	112	78	120	51	136	16	0	0	16	0	0	18	0	0	0	42	0	0	0	16	0	0	3	0	0	0	6	0	0	0	18	0	0	0	42	0	0	0	18	0	5	1	0	0	0	5	0	0	0	3	0	5	0	7	0	0	0	18	0	10	0	47	0	20	0	41	24	30	25	0	0	0	15	0	0	0	1	0	0	0	16	0	0	0	3	0	19	0	11	0	0	5	23	0	71	25	112	78	120	51
133	126	13	0	35	119	6	0	0	13	0	35	5	0	51	0	43	0	0	95	112	4	0	0	6	0	0	2	0	0	0	18	0	0	0	13	0	35	0	0	17	0	2	0	0	0	5	0	51	0	43	0	0	95	105	4	0	0	4	0	0	2	0	0	0	12	0	0	0	6	0	0	0	0	0	0	2	0	0	0	2	0	0	0	18	0	0	0	13	0	35	2	0	0	0	4	0	0	0	0	0	17	0	2	0	0	0	5	0	51	0	43	0	0	95	98	4	0	0	4	0	0	2	0	0	0	12	0	0	0	4	0	0	0	0	0	0	0	0	0	0	2	0	0	0	12	0	0	0	6	0	0	2	0	0	0	4	0	0	0	0	0	0	0	2	0	0	0	2	0	0	0	18	0	0	0	13	0	35	5	0	0	0	2	0	0	0	2	0	0	0	4	0	0	0	0	0	17	0	2	0	0	0	5	0	51	0	43	0	0	95
133	126	7	0	26	119	2	0	0	7	0	26	0	0	24	0	22	0	0	60	112	1	0	0	2	0	0	0	0	0	0	6	0	0	0	7	0	26	0	0	8	0	1	0	0	0	0	0	24	0	22	0	0	60	105	1	0	0	1	0	0	0	0	0	0	3	0	0	0	2	0	0	0	0	0	0	1	0	0	0	0	0	0	0	6	0	0	0	7	0	26	1	0	0	0	2	0	0	0	0	0	8	0	1	0	0	0	0	0	24	0	22	0	0	60	98	1	0	0	1	0	0	0	0	0	0	3	0	0	0	1	0	0	0	0	0	0	0	0	0	0	0	0	0	0	3	0	0	0	2	0	0	1	0	0	0	2	0	0	0	0	0	0	0	1	0	0	0	0	0	0	0	6	0	0	0	7	0	26	0	0	0	0	1	0	0	0	1	0	0	0	2	0	0	0	0	0	8	0	1	0	0	0	0	0	24	0	22	0	0	60
133	126	9	0	18	119	0	0	0	9	0	18	0	0	24	0	29	0	0	34	112	0	0	0	0	0	0	0	0	0	0	0	0	0	0	9	0	18	0	0	0	0	0	0	0	0	0	0	24	0	29	0	0	34	105	0	0	0	0	0	0	0	0	0	0	0	0	0	0	0	0	0	0	0	0	0	0	0	0	0	0	0	0	0	0	0	0	0	9	0	18	0	0	0	0	0	0	0	0	0	0	0	0	0	0	0	0	0	0	24	0	29	0	0	34	98	0	0	0	0	0	0	0	0	0	0	0	0	0	0	0	0	0	0	0	0	0	0	0	0	0	0	0	0	0	0	0	0	0	0	0	0	0	0	0	0	0	0	0	0	0	0	0	0	0	0	0	0	0	0	0	0	0	0	0	0	9	0	18	0	0	0	0	0	0	0	0	0	0	0	0	0	0	0	0	0	0	0	0	0	0	0	0	0	0	24	0	29	0	0	34
113	107	11	5	11	101	1	0	0	11	5	11	0	0	24	0	31	10	11	16	95	1	0	0	1	0	0	0	0	0	0	1	0	0	0	11	5	11	0	0	0	0	1	0	0	0	0	0	24	0	31	10	11	16	89	1	0	0	1	0	0	0	0	0	0	1	0	0	0	1	0	0	0	0	0	0	1	0	0	0	0	0	0	0	1	0	0	0	11	5	11	0	0	0	0	0	0	0	0	0	0	0	0	1	0	0	0	0	0	24	0	31	10	11	16	83	1	0	0	1	0	0	0	0	0	0	1	0	0	0	1	0	0	0	0	0	0	1	0	0	0	0	0	0	0	1	0	0	0	1	0	0	0	0	0	0	0	0	0	0	0	0	0	0	1	0	0	0	0	0	0	0	1	0	0	0	11	5	11	0	0	0	0	1	0	0	0	0	0	0	0	0	0	0	0	0	0	0	0	1	0	0	0	0	0	24	0	31	10	11	16
230	217	59	36	49	204	33	0	35	59	36	49	45	0	42	58	141	90	196	30	191	30	0	13	33	0	35	36	0	39	5	89	0	140	5	59	36	49	29	0	10	41	35	18	0	46	45	0	42	58	141	90	196	30	178	25	0	0	30	0	13	31	0	21	0	79	0	52	0	33	0	35	11	0	10	0	8	0	0	0	36	0	39	5	89	0	140	5	59	36	49	17	0	0	0	26	45	0	32	29	0	10	41	35	18	0	46	45	0	42	58	141	90	196	30	165	20	0	0	25	0	0	23	0	0	0	60	0	0	0	30	0	13	8	0	8	0	8	0	0	0	31	0	21	0	79	0	52	0	33	0	35	4	0	0	0	9	0	0	0	11	0	10	0	8	0	0	0	36	0	39	5	89	0	140	5	59	36	49	28	0	11	0	18	36	0	0	17	0	0	0	26	45	0	32	29	0	10	41	35	18	0	46	45	0	42	58	141	90	196	30
159	150	42	18	22	141	22	0	16	42	18	22	26	0	11	40	99	36	66	0	132	21	0	5	22	0	16	23	0	10	5	57	0	48	0	42	18	22	12	0	0	25	24	6	0	11	26	0	11	40	99	36	66	0	123	19	0	0	21	0	5	21	0	5	0	52	0	15	0	22	0	16	6	0	0	0	7	0	0	0	23	0	10	5	57	0	48	0	42	18	22	7	0	0	0	20	12	0	5	12	0	0	25	24	6	0	11	26	0	11	40	99	36	66	0	114	17	0	0	19	0	0	19	0	0	0	45	0	0	0	21	0	5	5	0	0	0	7	0	0	0	21	0	5	0	52	0	15	0	22	0	16	3	0	0	0	6	0	0	0	6	0	0	0	7	0	0	0	23	0	10	5	57	0	48	0	42	18	22	22	0	0	0	16	12	0	0	7	0	0	0	20	12	0	5	12	0	0	25	24	6	0	11	26	0	11	40	99	36	66	0
190	179	40	26	33	168	21	10	15	40	26	33	22	0	11	48	100	34	66	41	157	20	10	0	21	10	15	21	0	9	0	54	10	30	5	40	26	33	5	0	0	0	17	10	0	46	22	0	11	48	100	34	66	41	146	20	10	0	20	10	0	21	0	0	0	51	10	0	0	21	10	15	5	0	0	0	6	10	0	0	21	0	9	0	54	10	30	5	40	26	33	5	0	0	0	22	0	0	0	5	0	0	0	17	10	0	46	22	0	11	48	100	34	66	41	135	18	10	0	20	10	0	21	0	0	0	51	10	0	0	20	10	0	5	0	0	0	6	10	0	0	21	0	0	0	51	10	0	0	21	10	15	3	0	0	0	6	0	0	0	5	0	0	0	6	10	0	0	21	0	9	0	54	10	30	5	40	26	33	24	0	11	0	18	8	0	0	5	0	0	0	22	0	0	0	5	0	0	0	17	10	0	46	22	0	11	48	100	34	66	41
287	269	78	115	28	251	37	72	15	78	115	28	46	96	11	48	182	289	140	30	233	33	72	0	37	72	15	35	96	9	0	103	168	75	5	78	115	28	43	0	0	0	62	46	0	46	46	96	11	48	182	289	140	30	215	24	72	0	33	72	0	30	96	0	0	87	168	0	0	37	72	15	11	0	0	0	10	24	0	0	35	96	9	0	103	168	75	5	78	115	28	29	0	0	0	30	78	0	0	43	0	0	0	62	46	0	46	46	96	11	48	182	289	140	30	197	15	52	0	24	72	0	15	96	0	0	55	168	0	0	33	72	0	8	0	0	0	10	24	0	0	30	96	0	0	87	168	0	0	37	72	15	4	0	0	0	11	36	0	0	11	0	0	0	10	24	0	0	35	96	9	0	103	168	75	5	78	115	28	9	140	11	0	17	71	0	0	29	0	0	0	30	78	0	0	43	0	0	0	62	46	0	46	46	96	11	48	182	289	140	30
192	179	50	63	6	166	15	45	0	50	63	6	20	62	0	0	124	174	12	30	153	12	42	0	15	45	0	11	56	0	0	34	135	0	5	50	63	6	2	21	0	0	18	21	0	0	20	62	0	0	124	174	12	30	140	12	42	0	12	42	0	11	56	0	0	25	126	0	0	15	45	0	2	21	0	0	4	21	0	0	11	56	0	0	34	135	0	5	50	63	6	4	0	0	0	24	0	0	0	2	21	0	0	18	21	0	0	20	62	0	0	124	174	12	30	127	11	42	0	12	42	0	11	56	0	0	25	126	0	0	12	42	0	2	21	0	0	4	21	0	0	11	56	0	0	25	126	0	0	15	45	0	3	0	0	0	6	0	0	0	2	21	0	0	4	21	0	0	11	56	0	0	34	135	0	5	50	63	6	22	0	0	0	19	5	0	0	4	0	0	0	24	0	0	0	2	21	0	0	18	21	0	0	20	62	0	0	124	174	12	30
236	222	59	24	70	208	39	0	32	59	24	70	67	0	33	32	141	48	140	138	194	32	0	31	39	0	32	40	0	32	30	106	0	64	81	59	24	70	38	0	0	10	36	60	0	0	67	0	33	32	141	48	140	138	180	25	0	24	32	0	31	30	0	32	18	81	0	62	18	39	0	32	11	0	0	5	8	0	0	0	40	0	32	30	106	0	64	81	59	24	70	21	0	0	41	18	12	0	0	38	0	0	10	36	60	0	0	67	0	33	32	141	48	140	138	166	16	0	8	25	0	24	21	0	30	0	56	0	48	0	32	0	31	8	0	0	0	8	0	0	0	30	0	32	18	81	0	62	18	39	0	32	4	0	0	0	12	0	0	0	11	0	0	5	8	0	0	0	40	0	32	30	106	0	64	81	59	24	70	7	0	28	24	9	0	0	32	21	0	0	41	18	12	0	0	38	0	0	10	36	60	0	0	67	0	33	32	141	48	140	138
218	204	80	66	18	190	49	35	11	80	66	18	81	11	22	0	192	159	90	28	176	37	30	11	49	35	11	45	11	22	0	127	90	55	15	80	66	18	40	30	0	0	41	60	0	0	81	11	22	0	192	159	90	28	162	27	19	11	37	30	11	32	6	22	0	90	70	55	0	49	35	11	8	0	0	0	12	0	0	0	45	11	22	0	127	90	55	15	80	66	18	22	30	0	0	24	48	18	0	40	30	0	0	41	60	0	0	81	11	22	0	192	159	90	28	148	17	12	8	27	19	11	18	0	22	0	57	31	55	0	37	30	11	5	0	0	0	12	0	0	0	32	6	22	0	90	70	55	0	49	35	11	4	0	0	0	15	33	11	0	8	0	0	0	12	0	0	0	45	11	22	0	127	90	55	15	80	66	18	14	12	28	24	15	24	18	0	22	30	0	0	24	48	18	0	40	30	0	0	41	60	0	0	81	11	22	0	192	159	90	28
325	305	82	108	87	285	46	62	61	82	108	87	72	105	51	43	211	302	261	99	265	34	42	57	46	62	61	38	58	50	37	128	211	183	66	82	108	87	30	94	30	34	48	104	87	0	72	105	51	43	211	302	261	99	245	25	13	31	34	42	57	26	26	50	8	86	123	171	18	46	62	61	7	13	30	0	9	0	61	0	38	58	50	37	128	211	183	66	82	108	87	18	39	34	61	31	26	174	61	30	94	30	34	48	104	87	0	72	105	51	43	211	302	261	99	225	15	0	6	25	13	31	17	0	45	0	56	26	93	0	34	42	57	5	0	30	0	9	0	57	0	26	26	50	8	86	123	171	18	46	62	61	4	0	31	0	17	0	122	0	7	13	30	0	9	0	61	0	38	58	50	37	128	211	183	66	82	108	87	15	0	56	24	18	0	87	57	18	39	34	61	31	26	174	61	30	94	30	34	48	104	87	0	72	105	51	43	211	302	261	99
223	208	59	68	35	193	35	56	0	59	68	35	47	34	0	0	144	115	35	138	178	32	54	0	35	56	0	39	34	0	0	97	112	0	81	59	68	35	41	22	0	0	54	11	0	0	47	34	0	0	144	115	35	138	163	23	50	0	32	54	0	34	32	0	0	84	107	0	18	35	56	0	9	20	0	0	10	10	0	0	39	34	0	0	97	112	0	81	59	68	35	23	40	0	0	23	30	0	0	41	22	0	0	54	11	0	0	47	34	0	0	144	115	35	138	148	13	39	0	23	50	0	19	29	0	0	52	98	0	0	32	54	0	6	20	0	0	10	10	0	0	34	32	0	0	84	107	0	18	35	56	0	1	30	0	0	10	30	0	0	9	20	0	0	10	10	0	0	39	34	0	0	97	112	0	81	58	68	35	7	19	28	0	9	20	35	0	23	40	0	0	23	30	0	0	41	22	0	0	54	11	0	0	47	34	0	0	143	115	35	138
261	244	90	111	16	227	50	72	0	90	111	16	69	148	0	0	220	304	64	77	210	39	49	0	50	72	0	41	100	0	0	129	219	0	50	90	111	16	30	125	0	0	46	70	16	0	69	148	0	0	220	304	64	77	193	31	22	0	39	49	0	31	56	0	0	95	133	0	13	50	72	0	5	42	0	0	14	14	0	0	41	100	0	0	129	219	0	50	90	111	16	21	58	0	0	32	54	48	0	30	125	0	0	46	70	16	0	69	148	0	0	220	304	64	77	176	22	6	0	31	22	0	22	12	0	0	70	40	0	0	39	49	0	4	18	0	0	14	11	0	0	31	56	0	0	95	133	0	13	50	72	0	6	6	0	0	16	33	0	0	5	42	0	0	14	14	0	0	41	100	0	0	129	219	0	50	90	111	16	26	24	28	0	22	28	32	0	21	58	0	0	32	54	48	0	30	125	0	0	46	70	16	0	69	148	0	0	220	304	64	77
206	192	54	46	55	178	35	34	41	54	46	55	62	22	16	22	148	82	55	34	164	21	24	41	35	34	41	27	12	10	22	98	70	41	11	54	46	55	10	0	24	0	7	12	55	0	62	22	16	22	148	82	55	34	150	16	24	41	21	24	41	12	12	10	22	51	60	41	11	35	34	41	3	0	0	0	6	12	41	0	27	12	10	22	98	70	41	11	53	46	55	1	0	18	0	10	0	0	0	10	0	24	0	7	12	55	0	62	22	16	22	143	82	55	34	136	15	24	41	16	24	41	10	12	10	22	38	60	41	11	21	24	41	0	0	0	0	6	12	41	0	12	12	10	22	51	60	41	11	34	34	41	0	0	0	0	10	0	0	0	3	0	0	0	6	12	41	0	27	12	10	22	93	70	41	11	53	46	55	8	0	6	0	7	0	0	0	1	0	18	0	10	0	0	0	10	0	24	0	7	12	55	0	62	22	16	22	143	82	55	34
208	195	53	0	93	182	38	0	42	53	0	93	61	0	41	54	147	0	0	226	169	22	0	41	38	0	42	27	0	20	52	97	0	0	104	53	0	93	13	0	50	10	6	0	0	0	61	0	41	54	147	0	0	226	156	15	0	41	22	0	41	10	0	20	52	47	0	0	99	38	0	42	5	0	0	10	6	0	0	0	27	0	20	52	97	0	0	104	53	0	93	4	0	40	0	13	0	0	0	13	0	50	10	6	0	0	0	61	0	41	54	147	0	0	226	143	13	0	39	15	0	41	7	0	20	48	29	0	0	66	22	0	41	2	0	0	8	6	0	0	0	10	0	20	52	47	0	0	99	38	0	42	3	0	0	0	13	0	0	0	5	0	0	10	6	0	0	0	27	0	20	52	97	0	0	104	53	0	93	6	0	15	16	8	0	0	0	4	0	40	0	13	0	0	0	13	0	50	10	6	0	0	0	61	0	41	54	147	0	0	226
209	195	56	60	27	181	31	20	20	56	60	27	44	35	22	10	139	130	135	18	167	21	13	20	31	20	20	20	0	20	10	77	20	100	11	56	60	27	5	0	6	0	6	0	27	0	44	35	22	10	139	130	135	18	153	18	13	20	21	13	20	11	0	20	10	47	13	100	11	31	20	20	0	0	0	0	6	0	20	0	20	0	20	10	77	20	100	11	56	60	27	0	0	6	0	7	0	0	0	5	0	6	0	6	0	27	0	44	35	22	10	139	130	135	18	139	18	13	20	18	13	20	11	0	20	10	39	13	100	11	21	13	20	0	0	0	0	6	0	20	0	11	0	20	10	47	13	100	11	31	20	20	0	0	0	0	7	0	0	0	0	0	0	0	6	0	20	0	20	0	20	10	77	20	100	11	56	60	27	7	0	0	0	5	0	0	0	0	0	6	0	7	0	0	0	5	0	6	0	6	0	27	0	44	35	22	10	139	130	135	18
311	290	84	149	59	269	42	84	20	84	149	59	46	270	52	20	215	388	236	191	248	30	30	20	42	84	20	31	50	30	20	108	198	80	104	84	149	59	9	40	61	0	16	0	295	0	46	270	52	20	215	388	236	191	227	25	20	20	30	30	20	19	0	30	20	70	40	80	99	42	84	20	5	0	10	0	12	0	100	0	31	50	30	20	108	198	80	104	84	149	59	4	0	31	0	22	0	59	0	9	40	61	0	16	0	295	0	46	270	52	20	215	388	236	191	206	24	20	17	25	20	20	17	0	30	17	57	20	80	66	30	30	20	2	0	10	0	12	0	100	0	19	0	30	20	70	40	80	99	42	84	20	3	0	0	0	12	0	20	0	5	0	10	0	12	0	100	0	31	50	30	20	108	198	80	104	84	149	59	26	0	6	21	19	0	0	0	4	0	31	0	22	0	59	0	9	40	61	0	16	0	295	0	46	270	52	20	215	388	236	191
226	209	89	106	25	192	46	89	0	89	106	25	76	93	19	0	240	308	25	121	175	30	67	0	46	89	0	37	69	0	0	128	250	0	72	89	106	25	23	7	50	0	20	36	75	0	76	93	19	0	240	308	25	121	158	21	60	0	30	67	0	21	48	0	0	74	177	0	68	46	89	0	5	0	0	0	11	36	0	0	37	69	0	0	128	250	0	72	88	106	25	10	0	31	0	16	45	25	0	23	7	50	0	20	36	75	0	76	93	19	0	235	308	25	121	141	18	56	0	21	60	0	13	48	0	0	50	156	0	42	30	67	0	2	0	0	0	11	36	0	0	21	48	0	0	74	177	0	68	45	89	0	3	0	0	0	9	36	0	0	5	0	0	0	11	36	0	0	37	69	0	0	123	250	0	72	88	106	25	23	44	6	0	15	22	0	0	10	0	31	0	16	45	25	0	23	7	50	0	20	36	75	0	76	93	19	0	235	308	25	121
127	118	31	15	38	109	12	8	10	31	15	38	12	0	67	10	69	15	38	141	100	11	8	10	12	8	10	7	0	0	10	26	8	10	81	31	15	38	0	0	10	0	3	0	0	0	12	0	67	10	69	15	38	141	91	11	8	10	11	8	10	7	0	0	10	24	8	10	81	12	8	10	0	0	0	0	3	0	0	0	7	0	0	10	26	8	10	81	31	15	38	0	0	0	0	0	0	0	0	0	0	10	0	3	0	0	0	12	0	67	10	69	15	38	141	82	11	8	10	11	8	10	7	0	0	10	24	8	10	81	11	8	10	0	0	0	0	3	0	0	0	7	0	0	10	24	8	10	81	12	8	10	0	0	0	0	0	0	0	0	0	0	0	0	3	0	0	0	7	0	0	10	26	8	10	81	31	15	38	2	0	0	0	1	0	0	0	0	0	0	0	0	0	0	0	0	0	10	0	3	0	0	0	12	0	67	10	69	15	38	141
133	124	35	14	31	115	13	0	11	35	14	31	11	0	57	33	76	21	62	86	106	12	0	10	13	0	11	6	0	0	30	24	0	22	40	35	14	31	0	0	10	10	2	0	0	0	11	0	57	33	76	21	62	86	97	12	0	10	12	0	10	6	0	0	30	22	0	20	40	13	0	11	0	0	0	10	2	0	0	0	6	0	0	30	24	0	22	40	35	14	31	0	0	0	0	0	0	0	0	0	0	10	10	2	0	0	0	11	0	57	33	76	21	62	86	88	12	0	10	12	0	10	6	0	0	30	22	0	20	40	12	0	10	0	0	0	10	2	0	0	0	6	0	0	30	22	0	20	40	13	0	11	0	0	0	0	0	0	0	0	0	0	0	10	2	0	0	0	6	0	0	30	24	0	22	40	35	14	31	2	0	0	0	2	0	0	0	0	0	0	0	0	0	0	0	0	0	10	10	2	0	0	0	11	0	57	33	76	21	62	86
235	219	70	55	76	203	30	0	41	70	55	76	34	0	152	107	166	165	380	111	187	25	0	20	30	0	41	18	0	55	40	66	0	205	40	70	55	76	5	0	53	20	11	0	0	103	34	0	152	107	166	165	380	111	171	24	0	20	25	0	20	16	0	10	40	54	0	100	40	30	0	41	2	0	25	20	11	0	0	61	18	0	55	40	66	0	205	40	70	55	76	3	0	10	0	18	0	0	0	5	0	53	20	11	0	0	103	34	0	152	107	166	165	380	111	155	24	0	20	24	0	20	16	0	10	40	53	0	100	40	25	0	20	2	0	0	20	11	0	0	57	16	0	10	40	54	0	100	40	30	0	41	3	0	6	0	9	0	0	0	2	0	25	20	11	0	0	61	18	0	55	40	66	0	205	40	70	55	76	25	0	0	0	17	0	0	0	3	0	10	0	18	0	0	0	5	0	53	20	11	0	0	103	34	0	152	107	166	165	380	111
139	129	39	29	17	119	12	9	0	39	29	17	11	0	57	0	84	59	68	86	109	11	9	0	12	9	0	6	0	0	0	24	9	0	40	39	29	17	0	0	10	0	4	0	0	0	11	0	57	0	84	59	68	86	99	11	9	0	11	9	0	6	0	0	0	22	9	0	40	12	9	0	0	0	0	0	4	0	0	0	6	0	0	0	24	9	0	40	39	29	17	0	0	0	0	7	0	0	0	0	0	10	0	4	0	0	0	11	0	57	0	84	59	68	86	89	11	9	0	11	9	0	6	0	0	0	22	9	0	40	11	9	0	0	0	0	0	4	0	0	0	6	0	0	0	22	9	0	40	12	9	0	0	0	0	0	1	0	0	0	0	0	0	0	4	0	0	0	6	0	0	0	24	9	0	40	39	29	17	6	0	0	0	9	0	0	0	0	0	0	0	7	0	0	0	0	0	10	0	4	0	0	0	11	0	57	0	84	59	68	86
133	123	30	31	7	113	9	16	0	30	31	7	6	0	7	0	61	46	21	27	103	9	16	0	9	16	0	6	0	0	0	19	16	0	20	30	31	7	0	0	0	0	2	0	0	0	6	0	7	0	61	46	21	27	93	9	16	0	9	16	0	6	0	0	0	19	16	0	20	9	16	0	0	0	0	0	2	0	0	0	6	0	0	0	19	16	0	20	30	31	7	0	0	0	0	3	0	0	0	0	0	0	0	2	0	0	0	6	0	7	0	61	46	21	27	83	9	16	0	9	16	0	6	0	0	0	19	16	0	20	9	16	0	0	0	0	0	2	0	0	0	6	0	0	0	19	16	0	20	9	16	0	0	0	0	0	0	0	0	0	0	0	0	0	2	0	0	0	6	0	0	0	19	16	0	20	30	31	7	2	0	0	0	5	0	0	0	0	0	0	0	3	0	0	0	0	0	0	0	2	0	0	0	6	0	7	0	61	46	21	27
221	205	48	39	102	189	24	0	74	48	39	102	20	0	83	78	100	78	306	100	173	23	0	56	24	0	74	18	0	76	30	53	0	222	41	48	39	102	11	0	11	74	22	0	0	59	20	0	83	78	100	78	306	100	157	20	0	34	23	0	56	18	0	55	10	52	0	168	20	24	0	74	2	0	10	10	12	0	0	20	18	0	76	30	53	0	222	41	48	39	102	10	0	0	34	15	39	0	103	11	0	11	74	22	0	0	59	20	0	83	78	100	78	306	100	141	17	0	31	20	0	34	12	0	28	10	43	0	102	20	23	0	56	2	0	6	10	11	0	0	20	18	0	55	10	52	0	168	20	24	0	74	3	0	0	31	4	0	0	61	2	0	10	10	12	0	0	20	18	0	76	30	53	0	222	41	48	39	102	21	0	0	33	14	39	0	0	10	0	0	34	15	39	0	103	11	0	11	74	22	0	0	59	20	0	83	78	100	78	306	100
215	199	61	59	77	183	33	15	54	61	59	77	31	0	72	73	138	129	308	93	167	30	15	25	33	15	54	25	0	64	19	84	30	216	41	61	59	77	14	0	11	93	32	30	0	84	31	0	72	73	138	129	308	93	151	26	15	0	30	15	25	23	0	31	0	74	30	100	20	33	15	54	3	0	10	0	16	30	0	20	25	0	64	19	84	30	216	41	61	59	77	14	0	0	0	23	48	0	121	14	0	11	93	32	30	0	84	31	0	72	73	138	129	308	93	135	22	11	0	26	15	0	17	0	0	0	62	30	0	20	30	15	25	3	0	6	0	15	30	0	20	23	0	31	0	74	30	100	20	33	15	54	4	0	0	0	5	15	0	72	3	0	10	0	16	30	0	20	25	0	64	19	84	30	216	41	61	59	77	25	44	0	0	17	44	0	0	14	0	0	0	23	48	0	121	14	0	11	93	32	30	0	84	31	0	72	73	138	129	308	93
226	207	70	129	44	188	27	83	27	70	129	44	29	78	44	57	160	342	220	76	169	23	81	6	27	83	27	19	78	37	6	71	223	135	41	70	129	44	12	32	11	24	42	42	0	84	29	78	44	57	160	342	220	76	150	19	78	0	23	81	6	17	78	12	0	58	217	30	20	27	83	27	1	26	10	0	15	39	0	20	19	78	37	6	71	223	135	41	70	129	44	11	39	0	0	22	37	0	16	12	32	11	24	42	42	0	84	29	78	44	57	160	342	220	76	131	15	63	0	19	78	0	11	78	0	0	46	208	0	20	23	81	6	1	26	6	0	14	39	0	20	17	78	12	0	58	217	30	20	27	83	27	1	39	0	0	5	13	0	0	1	26	10	0	15	39	0	20	19	78	37	6	71	223	135	41	70	129	44	13	120	0	0	15	32	0	0	11	39	0	0	22	37	0	16	12	32	11	24	42	42	0	84	29	78	44	57	160	342	220	76
237	218	57	89	80	199	25	70	34	57	89	80	19	84	22	92	130	235	80	169	180	23	70	0	25	70	34	11	84	17	0	58	210	34	62	57	89	80	2	0	0	0	14	30	0	166	19	84	22	92	130	235	80	169	161	23	70	0	23	70	0	11	84	0	0	50	210	0	40	25	70	34	2	0	0	0	11	28	0	81	11	84	17	0	58	210	34	62	56	89	80	4	0	0	0	16	0	0	0	2	0	0	0	14	30	0	166	19	84	22	92	125	235	80	169	142	22	68	0	23	70	0	11	84	0	0	50	210	0	40	23	70	0	2	0	0	0	11	28	0	81	11	84	0	0	50	210	0	40	24	70	34	3	0	0	0	4	0	0	0	2	0	0	0	11	28	0	81	11	84	17	0	53	210	34	62	56	89	80	24	26	0	0	14	13	0	0	4	0	0	0	16	0	0	0	2	0	0	0	14	30	0	166	19	84	22	92	125	235	80	169
160	148	35	29	42	136	17	11	10	35	29	42	12	0	14	40	74	38	84	131	124	17	11	0	17	11	10	12	0	10	0	39	11	20	52	35	29	42	2	0	0	0	14	0	0	59	12	0	14	40	74	38	84	131	112	17	11	0	17	11	0	12	0	0	0	39	11	0	30	17	11	10	2	0	0	0	9	0	0	20	12	0	10	0	39	11	20	52	35	29	42	4	0	0	0	13	0	0	0	2	0	0	0	14	0	0	59	12	0	14	40	74	38	84	131	100	16	11	0	17	11	0	12	0	0	0	39	11	0	30	17	11	0	2	0	0	0	9	0	0	20	12	0	0	0	39	11	0	30	17	11	10	3	0	0	0	3	0	0	0	2	0	0	0	9	0	0	20	12	0	10	0	39	11	20	52	35	29	42	21	0	0	0	12	9	0	0	4	0	0	0	13	0	0	0	2	0	0	0	14	0	0	59	12	0	14	40	74	38	84	131
193	178	40	26	121	163	24	0	69	40	26	121	20	0	38	152	87	26	242	265	148	20	0	63	24	0	69	16	0	35	127	59	0	138	165	40	26	121	13	0	0	66	34	52	0	0	20	0	38	152	87	26	242	265	133	16	0	46	20	0	63	13	0	34	59	48	0	126	87	24	0	69	3	0	0	19	14	0	0	0	16	0	35	127	59	0	138	165	40	26	121	15	0	0	63	9	13	0	59	13	0	0	66	34	52	0	0	20	0	38	152	87	26	242	265	118	8	0	21	16	0	46	7	0	30	14	37	0	92	34	20	0	63	3	0	0	0	14	0	0	0	13	0	34	59	48	0	126	87	24	0	69	5	0	0	0	6	0	0	20	3	0	0	19	14	0	0	0	16	0	35	127	59	0	138	165	40	26	121	6	0	35	49	4	0	0	103	15	0	0	63	9	13	0	59	13	0	0	66	34	52	0	0	20	0	38	152	87	26	242	265
139	128	40	28	36	117	23	0	27	40	28	36	24	0	24	15	100	42	144	44	106	17	0	27	23	0	27	16	0	24	15	61	0	108	27	40	28	36	13	0	0	0	29	42	0	0	24	0	24	15	100	42	144	44	95	13	0	27	17	0	27	13	0	24	15	44	0	108	6	23	0	27	3	0	0	0	12	0	0	0	16	0	24	15	61	0	108	27	40	28	36	15	0	0	0	8	7	0	0	13	0	0	0	29	42	0	0	24	0	24	15	100	42	144	44	84	6	0	21	13	0	27	7	0	24	14	33	0	108	0	17	0	27	3	0	0	0	12	0	0	0	13	0	24	15	44	0	108	6	23	0	27	5	0	0	0	5	0	0	0	3	0	0	0	12	0	0	0	16	0	24	15	61	0	108	27	40	28	36	6	0	24	49	4	0	0	0	15	0	0	0	8	7	0	0	13	0	0	0	29	42	0	0	24	0	24	15	100	42	144	44
151	139	42	21	66	127	25	11	12	42	21	66	26	0	24	0	100	32	66	345	115	22	11	12	25	11	12	21	0	24	0	70	22	12	199	42	21	66	14	0	0	0	35	32	0	0	26	0	24	0	100	32	66	345	103	18	10	12	22	11	12	19	0	24	0	58	22	12	87	25	11	12	3	0	0	0	12	22	0	0	21	0	24	0	70	22	12	199	42	21	66	13	10	0	0	8	11	0	0	14	0	0	0	35	32	0	0	26	0	24	0	100	32	66	345	91	9	0	7	18	10	12	13	0	24	0	46	20	12	34	22	11	12	3	0	0	0	12	22	0	0	19	0	24	0	58	22	12	87	25	11	12	4	0	0	0	4	11	0	0	3	0	0	0	12	22	0	0	21	0	24	0	70	22	12	199	42	21	66	3	0	61	35	2	0	66	0	13	10	0	0	8	11	0	0	14	0	0	0	35	32	0	0	26	0	24	0	100	32	66	345
240	220	65	117	91	200	36	75	52	65	117	91	32	90	48	68	158	225	273	223	180	29	66	50	36	75	52	23	90	45	62	95	180	156	155	65	117	91	8	108	0	17	50	96	0	0	32	90	48	68	158	225	273	223	160	25	24	33	29	66	50	18	72	44	24	72	153	150	87	36	75	52	3	0	0	6	17	30	0	0	23	90	45	62	95	180	156	155	65	117	91	18	72	20	63	21	30	273	25	8	108	0	17	50	96	0	0	32	90	48	68	158	225	273	223	140	11	0	7	25	24	33	16	0	39	0	62	36	99	34	29	66	50	3	0	0	0	17	30	0	0	18	72	44	24	72	153	150	87	36	75	52	5	0	20	0	9	15	156	0	3	0	0	6	17	30	0	0	23	90	45	62	95	180	156	155	64	117	91	16	0	101	35	4	30	182	69	18	72	20	63	21	30	273	25	8	108	0	17	50	96	0	0	32	90	48	68	157	225	273	223
137	125	46	48	19	113	24	29	0	46	48	19	30	9	0	0	121	109	57	121	101	16	28	0	24	29	0	17	9	0	0	66	87	0	81	46	48	19	14	10	0	0	31	58	0	0	30	9	0	0	121	109	57	121	89	11	24	0	16	28	0	12	9	0	0	40	84	0	31	24	29	0	2	9	0	0	11	27	0	0	17	9	0	0	66	87	0	81	46	48	19	11	27	0	0	9	15	0	0	14	10	0	0	31	58	0	0	30	9	0	0	121	109	57	121	77	4	15	0	11	24	0	6	6	0	0	26	75	0	0	16	28	0	2	9	0	0	11	27	0	0	12	9	0	0	40	84	0	31	24	29	0	4	9	0	0	5	9	0	0	2	9	0	0	11	27	0	0	17	9	0	0	66	87	0	81	46	48	19	3	18	35	0	4	0	19	0	11	27	0	0	9	15	0	0	14	10	0	0	31	58	0	0	30	9	0	0	121	109	57	121
189	173	42	29	108	157	22	14	53	42	29	108	26	14	14	86	121	115	108	333	141	10	0	50	22	14	53	12	0	14	80	57	42	53	160	42	29	108	2	0	65	33	14	0	108	0	26	14	14	86	121	115	108	333	125	4	0	49	10	0	50	1	0	14	78	23	0	50	152	22	14	53	1	0	27	30	10	0	53	0	12	0	14	80	57	42	53	160	42	29	108	2	0	51	10	8	0	0	0	2	0	65	33	14	0	108	0	26	14	14	86	121	115	108	333	109	3	0	44	4	0	49	0	0	14	69	13	0	49	118	10	0	50	1	0	27	18	10	0	50	0	1	0	14	78	23	0	50	152	22	14	53	2	0	10	6	4	0	0	0	1	0	27	30	10	0	53	0	12	0	14	80	57	42	53	160	42	29	108	3	0	6	33	8	0	0	0	2	0	51	10	8	0	0	0	2	0	65	33	14	0	108	0	26	14	14	86	121	115	108	333
127	116	34	31	30	105	10	7	19	34	31	30	15	21	14	48	100	107	90	36	94	3	0	19	10	7	19	3	0	14	48	28	21	57	27	34	31	30	1	0	7	0	7	0	30	0	15	21	14	48	100	107	90	36	83	2	0	19	3	0	19	0	0	14	48	8	0	57	27	10	7	19	0	0	7	0	3	0	19	0	3	0	14	48	28	21	57	27	34	31	30	1	0	0	0	5	0	0	0	1	0	7	0	7	0	30	0	15	21	14	48	100	107	90	36	72	2	0	19	2	0	19	0	0	14	48	6	0	57	27	3	0	19	0	0	7	0	3	0	19	0	0	0	14	48	8	0	57	27	10	7	19	1	0	0	0	1	0	0	0	0	0	7	0	3	0	19	0	3	0	14	48	28	21	57	27	34	31	30	3	0	0	0	8	0	0	0	1	0	0	0	5	0	0	0	1	0	7	0	7	0	30	0	15	21	14	48	100	107	90	36
125	114	38	35	7	103	11	5	7	38	35	7	13	25	14	0	105	110	35	0	92	4	0	7	11	5	7	3	0	14	0	29	15	35	0	38	35	7	1	0	7	0	7	0	7	0	13	25	14	0	105	110	35	0	81	3	0	7	4	0	7	0	0	14	0	9	0	35	0	11	5	7	0	0	7	0	3	0	7	0	3	0	14	0	29	15	35	0	38	35	7	1	0	0	0	5	0	0	0	1	0	7	0	7	0	7	0	13	25	14	0	105	110	35	0	70	3	0	7	3	0	7	0	0	14	0	7	0	35	0	4	0	7	0	0	7	0	3	0	7	0	0	0	14	0	9	0	35	0	11	5	7	1	0	0	0	1	0	0	0	0	0	7	0	3	0	7	0	3	0	14	0	29	15	35	0	37	35	7	3	0	0	0	8	0	0	0	1	0	0	0	5	0	0	0	1	0	7	0	7	0	7	0	13	25	14	0	104	110	35	0
152	138	51	60	38	124	23	46	0	51	60	38	29	51	0	0	150	175	38	267	110	14	21	0	23	46	0	15	24	0	0	65	121	0	148	51	60	38	3	8	36	0	21	24	114	0	29	51	0	0	150	175	38	267	96	10	12	0	14	21	0	7	0	0	0	35	55	0	140	23	46	0	1	0	0	0	8	18	0	0	15	24	0	0	65	121	0	148	51	60	38	9	12	30	0	14	12	38	0	3	8	36	0	21	24	114	0	29	51	0	0	150	175	38	267	82	7	9	0	10	12	0	6	0	0	0	27	36	0	106	14	21	0	1	0	0	0	8	16	0	0	7	0	0	0	35	55	0	140	23	46	0	1	9	0	0	5	9	0	0	1	0	0	0	8	18	0	0	15	24	0	0	65	121	0	148	50	60	38	10	27	6	0	8	18	0	0	9	12	30	0	14	12	38	0	3	8	36	0	21	24	114	0	29	51	0	0	149	175	38	267
105	96	35	15	25	87	17	7	0	35	15	25	22	7	0	0	104	59	25	146	78	8	0	0	17	7	0	10	0	0	0	46	21	0	79	35	15	25	2	0	36	0	12	0	25	0	22	7	0	0	104	59	25	146	69	4	0	0	8	0	0	1	0	0	0	20	0	0	77	17	7	0	1	0	0	0	8	0	0	0	10	0	0	0	46	21	0	79	35	15	25	2	0	30	0	7	0	0	0	2	0	36	0	12	0	25	0	22	7	0	0	104	59	25	146	60	3	0	0	4	0	0	0	0	0	0	13	0	0	60	8	0	0	1	0	0	0	8	0	0	0	1	0	0	0	20	0	0	77	17	7	0	2	0	0	0	3	0	0	0	1	0	0	0	8	0	0	0	10	0	0	0	46	21	0	79	35	15	25	3	0	6	0	8	0	0	0	2	0	30	0	7	0	0	0	2	0	36	0	12	0	25	0	22	7	0	0	104	59	25	146
97	88	26	14	22	79	5	0	7	26	14	22	2	0	22	21	60	28	44	37	70	5	0	7	5	0	7	2	0	7	21	10	0	14	26	26	14	22	0	0	0	0	6	0	0	0	2	0	22	21	60	28	44	37	61	5	0	7	5	0	7	2	0	7	21	10	0	14	26	5	0	7	0	0	0	0	2	0	0	0	2	0	7	21	10	0	14	26	26	14	22	0	0	0	0	4	0	0	0	0	0	0	0	6	0	0	0	2	0	22	21	60	28	44	37	52	5	0	7	5	0	7	2	0	7	21	10	0	14	26	5	0	7	0	0	0	0	2	0	0	0	2	0	7	21	10	0	14	26	5	0	7	0	0	0	0	0	0	0	0	0	0	0	0	2	0	0	0	2	0	7	21	10	0	14	26	24	14	22	2	0	0	0	6	0	0	0	0	0	0	0	4	0	0	0	0	0	0	0	6	0	0	0	2	0	22	21	58	28	44	37
117	106	36	28	22	95	11	0	7	36	28	22	7	0	22	21	82	70	88	37	84	11	0	7	11	0	7	7	0	7	21	25	0	28	26	36	28	22	0	0	0	0	15	0	0	0	7	0	22	21	82	70	88	37	73	11	0	7	11	0	7	7	0	7	21	25	0	28	26	11	0	7	0	0	0	0	4	0	0	0	7	0	7	21	25	0	28	26	36	28	22	8	0	0	0	12	0	0	0	0	0	0	0	15	0	0	0	7	0	22	21	82	70	88	37	62	9	0	7	11	0	7	7	0	7	21	25	0	28	26	11	0	7	0	0	0	0	4	0	0	0	7	0	7	21	25	0	28	26	11	0	7	0	0	0	0	3	0	0	0	0	0	0	0	4	0	0	0	7	0	7	21	25	0	28	26	33	28	22	12	0	0	0	6	14	0	0	8	0	0	0	12	0	0	0	0	0	0	0	15	0	0	0	7	0	22	21	79	70	88	37
154	139	56	59	41	124	20	14	0	56	59	41	19	0	57	0	134	177	205	208	109	18	14	0	20	14	0	13	0	0	0	51	42	0	79	56	59	41	5	0	8	0	22	14	0	0	19	0	57	0	134	177	205	208	94	18	14	0	18	14	0	13	0	0	0	47	42	0	76	20	14	0	5	0	0	0	6	14	0	0	13	0	0	0	51	42	0	79	52	59	41	25	0	0	0	20	0	0	0	5	0	8	0	22	14	0	0	19	0	57	0	124	177	205	208	79	14	14	0	18	14	0	13	0	0	0	47	42	0	75	18	14	0	5	0	0	0	4	14	0	0	13	0	0	0	47	42	0	76	16	14	0	7	0	0	0	7	0	0	0	5	0	0	0	6	14	0	0	13	0	0	0	41	42	0	79	45	59	41	20	0	0	0	8	36	0	0	25	0	0	0	20	0	0	0	5	0	8	0	22	14	0	0	13	0	57	0	112	177	205	208
75	68	25	10	5	61	7	0	0	25	10	5	3	0	5	0	56	15	10	7	54	7	0	0	7	0	0	3	0	0	0	14	0	0	7	25	10	5	0	0	0	0	5	0	0	0	3	0	5	0	56	15	10	7	47	7	0	0	7	0	0	3	0	0	0	14	0	0	7	7	0	0	0	0	0	0	3	0	0	0	3	0	0	0	14	0	0	7	25	10	5	0	0	0	0	1	0	0	0	0	0	0	0	5	0	0	0	3	0	5	0	56	15	10	7	40	7	0	0	7	0	0	3	0	0	0	14	0	0	7	7	0	0	0	0	0	0	3	0	0	0	3	0	0	0	14	0	0	7	7	0	0	0	0	0	0	0	0	0	0	0	0	0	0	3	0	0	0	3	0	0	0	14	0	0	7	22	10	5	4	0	0	0	6	0	0	0	0	0	0	0	1	0	0	0	0	0	0	0	5	0	0	0	3	0	5	0	53	15	10	7
89	80	27	23	5	71	6	8	0	27	23	5	3	0	5	0	60	38	15	7	62	6	8	0	6	8	0	3	0	0	0	13	8	0	7	27	23	5	0	0	0	0	9	0	0	0	3	0	5	0	60	38	15	7	53	6	8	0	6	8	0	3	0	0	0	13	8	0	7	6	8	0	0	0	0	0	3	0	0	0	3	0	0	0	13	8	0	7	26	23	5	0	0	0	0	5	0	0	0	0	0	0	0	9	0	0	0	3	0	5	0	58	38	15	7	45	6	8	0	6	8	0	3	0	0	0	13	8	0	7	6	8	0	0	0	0	0	3	0	0	0	3	0	0	0	13	8	0	7	6	8	0	0	0	0	0	0	0	0	0	0	0	0	0	3	0	0	0	3	0	0	0	13	8	0	7	24	15	5	4	0	0	0	6	0	0	0	0	0	0	0	5	0	0	0	0	0	0	0	9	0	0	0	3	0	5	0	56	30	15	7
187	168	51	48	119	149	29	0	78	51	48	119	32	0	51	95	141	96	357	90	130	25	0	30	29	0	78	22	0	50	14	87	0	234	14	50	48	119	16	0	0	68	24	64	0	208	32	0	51	95	138	96	357	90	111	21	0	17	25	0	30	14	0	35	14	69	0	90	14	28	0	78	5	0	0	31	5	0	0	79	22	0	50	14	84	0	234	14	46	48	119	28	0	0	10	21	64	0	91	16	0	0	68	24	64	0	208	31	0	51	95	125	96	357	90	92	16	0	17	21	0	17	14	0	10	14	58	0	51	14	24	0	30	5	0	0	31	5	0	0	76	14	0	35	14	66	0	90	14	24	0	78	9	0	0	10	10	0	0	52	5	0	0	31	5	0	0	79	21	0	50	14	71	0	234	14	42	48	119	22	0	9	0	9	0	0	0	28	0	0	10	21	64	0	91	16	0	0	68	24	64	0	208	28	0	51	95	118	96	357	90
127	113	43	45	53	99	20	24	27	43	45	53	21	12	42	0	111	79	106	73	85	17	24	23	20	24	27	14	12	42	0	57	48	54	7	43	45	53	7	0	0	47	22	32	0	0	21	12	42	0	111	79	106	73	71	16	24	10	17	24	23	12	12	35	0	46	48	46	7	20	24	27	5	0	0	10	4	12	0	0	14	12	42	0	57	48	54	7	38	45	53	24	0	0	10	19	10	0	91	7	0	0	47	22	32	0	0	21	12	42	0	99	79	106	73	58	12	22	10	16	24	10	12	12	10	0	43	48	20	7	17	24	23	5	0	0	10	4	12	0	0	12	12	35	0	46	48	46	7	16	24	27	6	0	0	10	6	0	0	52	5	0	0	10	4	12	0	0	14	12	42	0	47	48	54	7	32	32	53	15	20	0	0	4	0	0	0	24	0	0	10	19	10	0	91	7	0	0	47	22	32	0	0	15	12	42	0	88	66	106	73
138	122	67	84	40	106	32	48	23	67	84	40	41	48	39	8	185	220	160	63	90	26	48	12	32	48	23	24	48	38	0	101	132	92	7	64	84	40	28	0	0	36	29	54	0	38	41	48	39	8	178	220	160	63	74	19	40	0	26	48	12	16	48	24	0	76	132	48	7	29	48	23	5	0	0	0	4	12	0	0	24	48	38	0	94	132	92	7	55	84	40	28	64	0	0	20	68	0	91	28	0	0	36	29	54	0	38	34	48	39	8	148	220	160	63	58	14	16	0	19	40	0	10	32	0	0	55	104	0	7	23	48	12	5	0	0	0	4	12	0	0	16	48	24	0	69	132	48	7	20	48	23	9	0	0	0	7	36	0	52	5	0	0	0	4	12	0	0	17	48	38	0	64	132	92	7	48	84	40	15	64	9	0	7	24	80	0	28	64	0	0	20	68	0	91	28	0	0	36	29	54	0	38	28	48	39	8	136	220	160	63
123	109	39	45	42	95	17	33	8	39	45	42	14	22	9	8	94	78	42	95	81	16	33	0	17	33	8	11	22	8	0	46	66	8	14	39	45	42	5	0	0	0	23	11	0	38	14	22	9	8	94	78	42	95	67	16	33	0	16	33	0	11	22	0	0	44	66	0	14	17	33	8	5	0	0	0	4	11	0	0	11	22	8	0	46	66	8	14	34	45	42	25	0	0	0	20	0	0	0	5	0	0	0	23	11	0	38	14	22	9	8	82	78	42	95	54	11	31	0	16	33	0	11	22	0	0	44	66	0	14	16	33	0	5	0	0	0	4	11	0	0	11	22	0	0	44	66	0	14	13	33	8	6	0	0	0	6	0	0	0	5	0	0	0	4	11	0	0	11	22	8	0	36	66	8	14	26	32	42	15	20	9	0	4	0	0	0	25	0	0	0	20	0	0	0	5	0	0	0	23	11	0	38	8	22	9	8	70	65	42	95
125	108	75	112	9	91	28	81	0	75	112	9	39	71	0	0	198	345	45	41	74	22	76	0	28	81	0	22	66	0	0	87	252	0	0	64	112	9	23	56	0	0	26	37	0	0	39	71	0	0	175	345	45	41	60	15	60	0	22	76	0	14	60	0	0	62	236	0	0	25	81	0	0	50	0	0	4	10	0	0	22	66	0	0	80	252	0	0	54	70	9	19	110	0	0	18	50	0	0	23	56	0	0	26	37	0	0	32	71	0	0	143	233	45	41	47	11	45	0	15	60	0	8	50	0	0	41	185	0	0	19	76	0	0	50	0	0	4	10	0	0	14	60	0	0	55	236	0	0	19	42	0	3	60	0	0	7	30	0	0	0	50	0	0	4	10	0	0	15	66	0	0	58	148	0	0	49	57	9	18	25	0	0	7	20	18	0	19	110	0	0	18	50	0	0	23	56	0	0	26	37	0	0	29	32	0	0	136	181	45	41
134	119	51	14	119	104	30	0	65	51	14	119	40	0	38	69	150	56	119	263	89	24	0	65	30	0	65	22	0	38	69	96	0	65	136	50	14	119	18	0	0	0	9	14	0	0	40	0	38	69	147	56	119	263	74	15	0	61	24	0	65	14	0	38	58	70	0	65	65	29	0	65	5	0	0	0	4	0	0	0	22	0	38	69	93	0	65	136	45	14	119	9	0	39	47	10	0	0	0	18	0	0	0	9	14	0	0	39	0	38	69	129	56	119	263	59	9	0	41	15	0	61	8	0	38	20	42	0	61	27	23	0	65	5	0	0	0	4	0	0	0	14	0	38	58	67	0	65	65	24	0	65	9	0	13	10	10	0	0	0	5	0	0	0	4	0	0	0	21	0	38	69	75	0	65	136	42	14	119	6	0	51	73	9	0	0	91	9	0	39	47	10	0	0	0	18	0	0	0	9	14	0	0	36	0	38	69	123	56	119	263
171	151	67	83	129	131	31	47	84	66	83	129	36	94	47	72	194	315	258	221	111	27	15	83	30	47	84	22	30	47	69	97	186	168	128	62	83	129	18	30	0	8	12	15	258	0	34	94	47	72	183	315	258	221	91	17	0	68	26	15	83	16	0	47	36	80	45	166	65	26	47	84	6	0	0	0	3	0	168	0	20	30	47	69	86	186	168	128	56	83	129	9	0	60	64	19	0	129	38	17	30	0	8	12	15	258	0	31	94	47	72	160	315	258	221	71	13	0	30	16	0	68	10	0	44	0	49	0	136	27	22	15	83	6	0	0	0	3	0	166	0	14	0	47	36	69	45	166	65	20	47	84	9	0	31	0	10	0	84	0	5	0	0	0	3	0	168	0	17	30	47	69	63	186	168	128	54	83	129	14	0	31	95	20	0	0	176	9	0	60	64	19	0	129	38	17	30	0	8	12	15	258	0	28	94	47	72	155	315	258	221
123	108	62	63	51	93	27	23	38	61	63	51	37	36	66	0	174	216	204	49	78	22	14	38	26	23	38	23	0	66	0	86	115	152	23	52	63	51	17	0	0	0	7	9	51	0	35	36	66	0	151	216	204	49	64	14	14	38	21	14	38	15	0	66	0	65	70	152	12	22	23	38	6	0	0	0	2	0	38	0	21	0	66	0	75	115	152	23	47	49	51	9	0	26	0	14	0	0	0	16	0	0	0	7	9	51	0	32	36	66	0	133	146	204	49	50	11	13	36	13	14	38	9	0	66	0	40	70	152	0	17	14	38	6	0	0	0	2	0	38	0	13	0	66	0	54	70	152	12	17	9	38	9	0	0	0	10	0	0	0	5	0	0	0	2	0	38	0	18	0	66	0	57	45	152	23	46	49	51	13	13	21	24	15	0	0	0	9	0	26	0	14	0	0	0	16	0	0	0	7	9	51	0	29	36	66	0	129	146	204	49
112	99	54	40	44	86	26	0	39	52	40	44	37	0	80	0	154	96	220	9	73	20	0	39	24	0	39	19	0	80	0	85	0	195	0	49	40	44	19	0	0	0	7	8	0	0	35	0	80	0	146	96	220	9	60	13	0	39	18	0	39	11	0	80	0	59	0	195	0	21	0	39	6	0	0	0	1	0	0	0	17	0	80	0	77	0	195	0	43	40	44	9	0	23	0	7	0	0	0	18	0	0	0	7	8	0	0	32	0	80	0	123	96	220	9	47	12	0	32	11	0	39	9	0	80	0	38	0	195	0	15	0	39	6	0	0	0	1	0	0	0	9	0	80	0	51	0	195	0	15	0	39	9	0	13	0	7	0	0	0	5	0	0	0	1	0	0	0	14	0	80	0	54	0	195	0	42	40	44	9	0	5	64	7	0	0	0	9	0	23	0	7	0	0	0	18	0	0	0	7	8	0	0	29	0	80	0	119	96	220	9
124	107	76	108	29	90	31	74	0	72	108	29	37	117	0	0	209	365	87	168	74	27	51	0	30	74	0	25	57	0	0	98	263	0	101	59	92	29	21	63	0	0	12	7	58	0	35	117	0	0	177	317	87	168	59	18	27	0	26	51	0	23	15	0	0	81	176	0	42	22	59	0	6	0	0	0	2	0	0	0	23	57	0	0	78	218	0	101	50	77	29	17	36	26	0	16	48	87	0	20	63	0	0	12	7	58	0	24	102	0	0	144	242	87	168	44	10	22	0	17	27	0	8	12	0	0	49	105	0	17	18	36	0	6	0	0	0	2	0	0	0	21	15	0	0	61	131	0	42	13	44	0	6	30	0	0	6	40	0	0	5	0	0	0	2	0	0	0	12	42	0	0	45	143	0	101	49	77	29	9	56	21	0	15	60	0	0	17	36	26	0	16	48	87	0	20	63	0	0	12	7	58	0	21	102	0	0	140	242	87	168
119	104	27	14	118	89	12	0	87	25	14	118	15	0	23	88	77	14	118	124	74	8	0	87	10	0	87	5	0	0	88	34	0	87	77	22	14	118	1	0	21	0	0	0	0	0	13	0	23	88	69	14	118	124	59	8	0	87	6	0	87	5	0	0	88	23	0	87	77	7	0	87	1	0	0	0	0	0	0	0	3	0	0	88	26	0	87	77	19	14	118	3	0	0	0	5	0	0	0	0	0	21	0	0	0	0	0	10	0	23	88	54	14	118	124	44	8	0	87	6	0	87	5	0	0	88	23	0	87	77	3	0	87	1	0	0	0	0	0	0	0	3	0	0	88	15	0	87	77	4	0	87	3	0	0	0	4	0	0	0	0	0	0	0	0	0	0	0	0	0	0	88	11	0	87	77	19	14	118	9	0	0	0	8	0	0	0	3	0	0	0	5	0	0	0	0	0	21	0	0	0	0	0	10	0	23	88	54	14	118	124
95	83	21	11	77	71	8	0	55	19	11	77	8	0	9	67	55	11	77	95	59	6	0	55	6	0	55	4	0	0	67	21	0	55	77	17	11	77	1	0	16	0	0	0	0	0	6	0	9	67	50	11	77	95	47	6	0	55	4	0	55	4	0	0	67	15	0	55	77	4	0	55	1	0	13	0	0	0	0	0	2	0	0	67	16	0	55	77	15	11	77	0	0	0	0	1	0	0	0	0	0	16	0	0	0	0	0	4	0	9	67	40	11	77	95	35	6	0	55	4	0	55	4	0	0	67	15	0	55	77	2	0	55	1	0	13	0	0	0	0	0	2	0	0	67	10	0	55	77	2	0	55	0	0	0	0	0	0	0	0	0	0	13	0	0	0	0	0	0	0	0	67	6	0	55	77	15	11	77	4	0	0	0	3	0	0	0	0	0	0	0	1	0	0	0	0	0	16	0	0	0	0	0	4	0	9	67	40	11	77	95
130	113	46	64	95	96	18	12	36	42	64	95	15	48	53	76	124	192	380	372	79	12	0	36	14	12	36	7	0	0	76	46	36	144	226	37	64	95	1	0	62	0	3	0	95	0	11	48	53	76	110	192	380	372	62	12	0	36	8	0	36	7	0	0	76	29	0	144	225	9	12	36	1	0	22	0	0	0	36	0	3	0	0	76	32	36	144	226	34	64	95	3	0	0	0	15	0	0	0	0	0	62	0	3	0	95	0	8	48	53	76	95	192	380	372	45	12	0	33	8	0	36	7	0	0	73	29	0	144	206	3	0	36	1	0	22	0	0	0	36	0	3	0	0	76	15	0	144	225	6	12	36	3	0	0	0	4	0	0	0	0	0	22	0	0	0	36	0	0	0	0	76	17	36	144	226	34	64	95	16	0	0	18	22	0	0	0	3	0	0	0	15	0	0	0	0	0	62	0	3	0	95	0	8	48	53	76	95	192	380	372
93	78	45	73	39	64	13	45	0	37	59	39	15	46	53	0	108	179	117	253	52	8	44	0	10	33	0	3	44	0	0	33	110	0	161	29	35	39	0	11	36	0	0	0	0	0	13	22	53	0	87	119	117	253	41	8	44	0	5	33	0	3	44	0	0	19	110	0	160	7	11	0	0	11	0	0	0	0	0	0	1	22	0	0	24	55	0	161	27	24	39	3	0	0	0	10	0	0	0	0	0	36	0	0	0	0	0	12	0	53	0	77	64	117	253	30	8	41	0	5	33	0	3	44	0	0	19	110	0	145	2	11	0	0	11	0	0	0	0	0	0	1	22	0	0	10	55	0	160	5	0	0	3	0	0	0	4	0	0	0	0	0	0	0	0	0	0	0	0	0	0	0	14	0	0	161	27	24	39	13	24	0	0	17	0	0	0	3	0	0	0	10	0	0	0	0	0	36	0	0	0	0	0	12	0	53	0	77	64	117	253
62	53	25	23	8	45	9	8	0	22	15	8	10	0	0	0	56	35	24	44	37	8	8	0	6	0	0	6	0	0	0	19	0	0	39	18	15	8	1	0	0	0	0	0	0	0	6	0	0	0	45	35	24	44	29	8	8	0	5	0	0	6	0	0	0	16	0	0	39	2	0	0	1	0	0	0	0	0	0	0	2	0	0	0	8	0	0	39	17	15	8	0	0	0	0	3	0	0	0	0	0	0	0	0	0	0	0	4	0	0	0	40	35	24	44	21	8	8	0	5	0	0	6	0	0	0	16	0	0	39	1	0	0	1	0	0	0	0	0	0	0	2	0	0	0	5	0	0	39	1	0	0	0	0	0	0	0	0	0	0	0	0	0	0	0	0	0	0	0	0	0	0	3	0	0	39	17	15	8	9	0	0	0	10	0	0	0	0	0	0	0	3	0	0	0	0	0	0	0	0	0	0	0	4	0	0	0	40	35	24	44
73	62	43	28	39	51	16	0	22	41	28	39	12	0	59	51	113	70	156	95	40	16	0	0	14	0	22	12	0	36	0	44	0	88	36	32	28	39	13	0	0	0	7	0	0	158	10	0	59	51	89	70	156	95	29	12	0	0	14	0	0	12	0	0	0	44	0	0	36	5	0	22	0	0	0	0	0	0	0	84	10	0	36	0	20	0	88	36	27	28	39	14	0	0	0	13	28	0	0	13	0	0	0	7	0	0	158	0	0	59	51	69	70	156	95	18	6	0	0	10	0	0	3	0	0	0	29	0	0	36	5	0	0	0	0	0	0	0	0	0	83	10	0	0	0	20	0	0	36	0	0	22	0	0	0	0	0	0	0	0	0	0	0	0	0	0	0	84	0	0	36	0	0	0	88	36	27	28	39	14	0	10	0	21	35	0	0	14	0	0	0	13	28	0	0	13	0	0	0	7	0	0	158	0	0	59	51	69	70	156	95
95	80	55	59	60	65	21	14	31	49	59	60	16	0	59	87	134	177	300	134	51	21	14	0	18	14	31	16	0	36	0	57	42	155	36	38	45	60	14	0	0	0	10	0	0	209	12	0	59	87	107	135	300	134	37	17	14	0	18	14	0	16	0	0	0	57	42	0	36	7	0	31	1	0	0	0	0	0	0	122	12	0	36	0	30	0	155	36	31	45	60	19	0	0	0	14	36	0	0	13	0	0	0	10	0	0	209	0	0	59	87	77	135	300	134	23	8	9	0	14	14	0	7	0	0	0	42	42	0	36	7	0	0	1	0	0	0	0	0	0	121	12	0	0	0	30	0	0	36	0	0	31	0	0	0	0	0	0	0	0	0	0	0	0	0	0	0	122	0	0	36	0	0	0	155	36	31	45	60	9	45	31	0	20	54	0	0	19	0	0	0	14	36	0	0	13	0	0	0	10	0	0	209	0	0	59	87	77	135	300	134
69	59	31	9	50	49	14	0	0	27	9	50	9	0	12	0	75	9	50	337	39	14	0	0	10	0	0	9	0	0	0	32	0	0	178	19	9	50	2	0	0	0	0	0	0	0	5	0	12	0	53	9	50	337	29	13	0	0	10	0	0	9	0	0	0	32	0	0	178	2	0	0	1	0	0	0	0	0	0	0	5	0	0	0	10	0	0	178	17	9	50	3	0	0	0	10	9	0	0	1	0	0	0	0	0	0	0	0	0	12	0	43	9	50	337	19	9	0	0	9	0	0	6	0	0	0	27	0	0	178	2	0	0	1	0	0	0	0	0	0	0	5	0	0	0	10	0	0	178	0	0	0	0	0	0	0	0	0	0	0	0	0	0	0	0	0	0	0	0	0	0	0	0	0	0	178	17	9	50	11	0	8	0	18	27	0	0	3	0	0	0	10	9	0	0	1	0	0	0	0	0	0	0	0	0	12	0	43	9	50	337
65	53	32	43	25	43	11	27	0	27	23	25	7	18	12	0	74	48	50	142	34	11	27	0	9	9	0	7	18	0	0	29	27	0	36	20	14	25	2	0	0	0	1	0	0	0	5	0	12	0	55	21	50	142	25	10	27	0	9	9	0	7	18	0	0	29	27	0	36	2	0	0	1	0	0	0	0	0	0	0	5	0	0	0	10	0	0	36	18	14	25	3	0	0	0	10	7	0	0	1	0	0	0	1	0	0	0	0	0	12	0	45	21	50	142	16	6	25	0	8	9	0	4	18	0	0	24	27	0	36	2	0	0	1	0	0	0	0	0	0	0	5	0	0	0	10	0	0	36	0	0	0	0	0	0	0	0	0	0	0	0	0	0	0	0	0	0	0	0	0	0	0	0	0	0	36	18	14	25	9	14	8	0	18	21	0	0	3	0	0	0	10	7	0	0	1	0	0	0	1	0	0	0	0	0	12	0	45	21	50	142
61	51	36	29	5	41	10	9	0	30	29	5	5	0	0	0	76	82	20	8	32	10	9	0	7	9	0	5	0	0	0	20	27	0	0	24	20	5	1	0	0	0	7	0	0	0	3	0	0	0	61	55	20	8	23	9	9	0	7	9	0	5	0	0	0	20	27	0	0	1	0	0	0	0	0	0	0	0	0	0	3	0	0	0	5	0	0	0	23	20	5	8	0	0	0	12	5	0	0	1	0	0	0	7	0	0	0	0	0	0	0	56	55	20	8	14	5	5	0	6	9	0	2	0	0	0	15	27	0	0	1	0	0	0	0	0	0	0	0	0	0	3	0	0	0	5	0	0	0	0	0	0	0	0	0	0	0	0	0	0	0	0	0	0	0	0	0	0	0	0	0	0	0	0	0	0	23	20	5	7	20	0	0	17	20	0	0	8	0	0	0	12	5	0	0	1	0	0	0	7	0	0	0	0	0	0	0	56	55	20	8
105	87	46	45	132	69	22	0	103	46	45	132	29	0	34	102	115	135	396	104	51	18	0	83	22	0	103	15	0	34	44	62	0	309	53	36	45	132	21	0	10	93	10	45	0	95	29	0	34	102	92	135	396	104	33	9	0	47	18	0	83	10	0	34	0	51	0	249	0	12	0	103	0	0	10	35	0	0	0	36	15	0	34	44	39	0	309	53	25	45	132	16	0	42	117	2	15	0	158	21	0	10	93	10	45	0	95	17	0	34	102	57	135	396	104	15	0	0	31	9	0	47	0	0	21	0	22	0	141	0	8	0	83	0	0	10	35	0	0	0	36	10	0	34	0	28	0	249	0	1	0	103	0	0	40	57	0	0	0	84	0	0	10	35	0	0	0	36	3	0	34	44	4	0	309	53	15	45	132	0	0	26	27	0	0	0	49	16	0	42	117	2	15	0	158	16	0	10	93	9	45	0	95	1	0	34	102	36	135	396	104
87	69	55	107	50	51	16	65	32	51	107	50	23	78	34	20	117	293	200	99	35	12	53	29	16	65	32	9	78	34	14	45	182	128	53	34	75	50	9	108	10	21	10	27	0	0	23	78	34	20	81	229	200	99	22	6	18	13	12	53	29	4	54	34	0	34	142	116	0	9	39	32	0	0	10	0	0	0	0	0	9	78	34	14	29	130	128	53	26	36	50	8	72	42	57	2	9	150	29	9	108	10	21	10	27	0	0	17	0	34	20	56	99	200	99	9	0	0	0	6	18	13	0	0	21	0	15	36	52	0	5	27	29	0	0	10	0	0	0	0	0	4	54	34	0	18	90	116	0	1	0	32	0	0	40	0	0	0	96	0	0	0	10	0	0	0	0	0	3	0	34	14	4	0	128	53	14	36	50	0	0	21	0	0	0	100	49	8	72	42	57	2	9	150	29	4	108	10	21	9	27	0	0	1	0	34	20	34	99	200	99
74	59	41	57	49	44	13	44	10	31	57	49	9	33	0	20	82	161	49	179	32	13	43	7	11	44	10	9	33	0	14	32	143	10	53	19	21	49	12	10	0	21	10	0	0	0	7	33	0	20	53	65	49	179	21	9	30	0	11	43	7	9	30	0	0	32	138	7	0	4	11	10	0	0	0	0	0	0	0	0	7	33	0	14	15	55	10	53	15	10	49	13	30	12	0	3	0	49	29	12	10	0	21	10	0	0	0	0	0	0	20	38	10	49	179	10	2	0	0	7	30	0	2	0	0	0	17	80	0	0	4	10	7	0	0	0	0	0	0	0	0	7	30	0	0	15	50	7	0	0	0	10	0	0	10	0	0	0	10	0	0	0	0	0	0	0	0	0	0	0	0	14	0	0	10	53	14	10	49	0	0	33	0	0	0	147	0	13	30	12	0	3	0	49	29	12	10	0	21	10	0	0	0	0	0	0	20	37	10	49	179
58	48	33	16	28	38	16	0	0	31	16	28	14	0	0	0	79	32	56	129	28	15	0	0	14	0	0	11	0	0	0	39	0	0	53	22	16	28	13	0	0	0	9	8	0	0	12	0	0	0	57	32	56	129	18	11	0	0	13	0	0	11	0	0	0	37	0	0	0	5	0	0	0	0	0	0	0	0	0	0	9	0	0	0	17	0	0	53	17	16	28	16	0	0	0	3	0	0	0	13	0	0	0	9	8	0	0	3	0	0	0	40	32	56	129	8	2	0	0	9	0	0	2	0	0	0	22	0	0	0	4	0	0	0	0	0	0	0	0	0	0	9	0	0	0	15	0	0	0	0	0	0	0	0	0	0	0	0	0	0	0	0	0	0	0	0	0	0	0	0	0	0	0	0	0	53	13	16	28	0	0	21	0	0	0	0	0	16	0	0	0	3	0	0	0	13	0	0	0	9	8	0	0	0	0	0	0	34	32	56	129
63	51	39	41	14	39	15	11	0	38	41	14	24	0	0	0	85	89	70	65	28	12	11	0	15	11	0	11	0	0	0	41	11	0	31	30	30	14	18	0	0	0	8	18	0	0	24	0	0	0	66	78	70	65	17	7	6	0	12	11	0	9	0	0	0	34	11	0	0	7	0	0	0	0	0	0	0	0	0	0	11	0	0	0	22	0	0	31	23	30	14	11	30	0	0	2	6	0	0	18	0	0	0	8	18	0	0	13	0	0	0	44	78	70	65	6	0	0	0	7	6	0	0	0	0	0	18	6	0	0	4	0	0	0	0	0	0	0	0	0	0	9	0	0	0	15	0	0	0	0	0	0	0	0	0	0	0	0	0	0	0	0	0	0	0	0	0	0	0	0	0	0	0	0	0	31	10	30	14	0	0	14	0	0	0	14	0	11	30	0	0	2	6	0	0	13	0	0	0	7	18	0	0	0	0	0	0	25	78	70	65
80	63	32	55	101	46	12	13	59	32	55	101	21	39	35	44	64	97	303	224	29	4	0	59	12	13	59	8	0	33	44	29	26	177	135	26	55	101	5	0	63	0	1	0	101	0	21	39	35	44	55	97	303	224	13	0	0	59	4	0	59	0	0	33	44	6	0	177	112	8	13	59	0	0	30	0	0	0	59	0	8	0	33	44	23	26	177	135	13	39	101	0	0	24	0	0	0	0	0	5	0	63	0	1	0	101	0	13	39	35	44	20	65	303	224	0	0	0	47	0	0	59	0	0	33	26	0	0	177	60	0	0	59	0	0	30	0	0	0	59	0	0	0	33	44	0	0	177	112	0	0	59	0	0	0	0	0	0	0	0	0	0	30	0	0	0	59	0	0	0	33	44	0	0	177	135	0	0	101	0	0	0	87	0	0	0	0	0	0	24	0	0	0	0	0	0	0	63	0	0	0	101	0	0	0	35	44	0	0	303	224
38	30	18	12	17	22	5	0	11	18	12	17	15	0	11	0	30	6	34	14	14	2	0	11	5	0	11	2	0	11	0	9	0	22	0	16	12	17	5	0	0	0	1	0	0	0	15	0	11	0	28	6	34	14	6	0	0	11	2	0	11	0	0	11	0	2	0	22	0	3	0	11	0	0	0	0	0	0	0	0	2	0	11	0	7	0	22	0	12	12	17	0	0	6	0	0	0	0	0	5	0	0	0	1	0	0	0	13	0	11	0	19	6	34	14	0	0	0	10	0	0	11	0	0	11	0	0	0	22	0	0	0	11	0	0	0	0	0	0	0	0	0	0	11	0	0	0	22	0	0	0	11	0	0	0	0	0	0	0	0	0	0	0	0	0	0	0	0	0	0	11	0	0	0	22	0	0	0	17	0	0	0	10	0	0	0	0	0	0	6	0	0	0	0	0	0	0	0	0	0	0	0	0	0	0	11	0	0	0	34	14
54	43	27	10	62	32	14	0	12	27	10	62	24	0	0	24	56	10	62	273	21	7	0	12	14	0	12	11	0	0	24	36	0	12	145	20	10	62	5	0	37	0	1	0	0	0	24	0	0	24	42	10	62	273	10	0	0	12	7	0	12	0	0	0	24	14	0	12	119	7	0	12	0	0	0	0	0	0	0	0	11	0	0	24	22	0	12	145	12	10	62	0	0	54	0	0	0	0	0	5	0	37	0	1	0	0	0	13	0	0	24	18	10	62	273	0	0	0	8	0	0	12	0	0	0	16	0	0	12	60	0	0	12	0	0	0	0	0	0	0	0	0	0	0	24	0	0	12	119	0	0	12	0	0	0	0	0	0	0	0	0	0	0	0	0	0	0	0	0	0	0	24	0	0	12	145	0	0	62	0	0	0	32	0	0	0	0	0	0	54	0	0	0	0	0	0	0	37	0	0	0	0	0	0	0	0	24	0	0	62	273
63	48	33	73	30	33	8	26	0	32	73	30	14	94	0	0	63	151	150	196	19	3	7	0	8	26	0	6	14	0	0	19	47	0	135	23	59	30	0	35	27	0	0	7	60	0	14	94	0	0	48	137	150	196	7	0	0	0	3	7	0	0	0	0	0	5	7	0	112	4	14	0	0	0	0	0	0	0	0	0	6	14	0	0	12	35	0	135	8	35	30	0	0	24	0	0	0	30	0	0	35	27	0	0	7	60	0	3	70	0	0	8	77	150	196	0	0	0	0	0	0	0	0	0	0	0	0	0	0	60	0	0	0	0	0	0	0	0	0	0	0	0	0	0	0	0	0	0	112	0	0	0	0	0	0	0	0	0	0	0	0	0	0	0	0	0	0	0	0	0	0	0	0	0	0	135	0	0	30	0	0	0	0	0	0	0	0	0	0	24	0	0	0	30	0	0	0	27	0	0	0	60	0	0	0	0	0	0	0	150	196
38	30	22	12	15	22	10	0	0	22	12	15	21	0	0	0	43	6	30	64	14	4	0	0	10	0	0	8	0	0	0	23	0	0	32	18	12	15	5	0	27	0	1	0	0	0	21	0	0	0	37	6	30	64	6	0	0	0	4	0	0	0	0	0	0	6	0	0	29	6	0	0	0	0	0	0	0	0	0	0	8	0	0	0	17	0	0	32	11	12	15	0	0	24	0	0	0	0	0	5	0	27	0	1	0	0	0	13	0	0	0	18	6	30	64	0	0	0	0	0	0	0	0	0	0	0	0	0	0	13	0	0	0	0	0	0	0	0	0	0	0	0	0	0	0	0	0	0	29	0	0	0	0	0	0	0	0	0	0	0	0	0	0	0	0	0	0	0	0	0	0	0	0	0	0	32	0	0	15	0	0	0	0	0	0	0	0	0	0	24	0	0	0	0	0	0	0	27	0	0	0	0	0	0	0	0	0	0	0	30	64
51	38	17	12	76	25	2	0	31	17	12	76	7	0	27	34	39	24	76	225	12	0	0	31	2	0	31	0	0	0	34	3	0	31	82	13	12	76	0	0	7	0	0	0	0	0	7	0	27	34	33	24	76	225	0	0	0	31	0	0	31	0	0	0	34	0	0	31	82	0	0	31	0	0	0	0	0	0	0	0	0	0	0	34	0	0	31	82	0	0	76	0	0	0	0	0	0	0	0	0	0	7	0	0	0	0	0	0	0	27	34	0	0	76	225	0	0	0	31	0	0	31	0	0	0	34	0	0	31	82	0	0	31	0	0	0	0	0	0	0	0	0	0	0	34	0	0	31	82	0	0	31	0	0	0	0	0	0	0	0	0	0	0	0	0	0	0	0	0	0	0	34	0	0	31	82	0	0	0	0	0	0	0	0	0	0	0	0	0	0	0	0	0	0	0	0	0	0	0	0	0	0	0	0	0	0	34	0	0	0	225
40	29	25	28	33	18	2	0	12	25	28	33	7	0	66	12	53	70	132	131	7	0	0	10	2	0	12	0	0	36	10	3	0	48	59	13	28	33	0	0	7	20	0	0	0	0	7	0	66	12	33	70	132	131	0	0	0	10	0	0	10	0	0	30	10	0	0	40	59	0	0	12	0	0	0	20	0	0	0	0	0	0	36	10	0	0	48	59	0	0	33	0	0	0	0	0	0	0	0	0	0	7	20	0	0	0	0	0	0	66	12	0	0	132	131	0	0	0	10	0	0	10	0	0	30	10	0	0	40	59	0	0	10	0	0	0	20	0	0	0	0	0	0	30	10	0	0	40	59	0	0	12	0	0	0	0	0	0	0	0	0	0	0	20	0	0	0	0	0	0	36	10	0	0	48	59	0	0	0	0	0	0	0	0	0	0	0	0	0	0	0	0	0	0	0	0	0	0	20	0	0	0	0	0	0	0	12	0	0	0	131
32	24	16	0	32	16	2	0	0	16	0	32	7	0	27	0	38	0	0	163	8	0	0	0	2	0	0	0	0	0	0	3	0	0	70	14	0	32	0	0	7	0	0	0	0	0	7	0	27	0	35	0	0	163	0	0	0	0	0	0	0	0	0	0	0	0	0	0	70	0	0	0	0	0	0	0	0	0	0	0	0	0	0	0	0	0	0	70	0	0	32	0	0	0	0	0	0	0	0	0	0	7	0	0	0	0	0	0	0	27	0	0	0	0	163	0	0	0	0	0	0	0	0	0	0	0	0	0	0	70	0	0	0	0	0	0	0	0	0	0	0	0	0	0	0	0	0	0	70	0	0	0	0	0	0	0	0	0	0	0	0	0	0	0	0	0	0	0	0	0	0	0	0	0	0	70	0	0	0	0	0	0	0	0	0	0	0	0	0	0	0	0	0	0	0	0	0	0	0	0	0	0	0	0	0	0	0	0	0	0	163
23	17	15	5	7	11	2	0	0	15	5	7	7	0	14	0	36	5	7	30	5	0	0	0	2	0	0	0	0	0	0	3	0	0	0	12	5	7	0	0	7	0	0	0	0	0	7	0	14	0	32	5	7	30	0	0	0	0	0	0	0	0	0	0	0	0	0	0	0	0	0	0	0	0	0	0	0	0	0	0	0	0	0	0	0	0	0	0	0	0	7	0	0	0	0	0	0	0	0	0	0	7	0	0	0	0	0	0	0	14	0	0	0	7	30	0	0	0	0	0	0	0	0	0	0	0	0	0	0	0	0	0	0	0	0	0	0	0	0	0	0	0	0	0	0	0	0	0	0	0	0	0	0	0	0	0	0	0	0	0	0	0	0	0	0	0	0	0	0	0	0	0	0	0	0	0	0	0	0	0	0	0	0	0	0	0	0	0	0	0	0	0	0	0	0	0	0	0	0	0	0	0	0	0	0	0	0	0	0	0	30
37	26	26	35	7	15	1	5	0	24	35	7	2	25	14	0	48	95	35	30	5	0	0	0	1	5	0	0	0	0	0	1	10	0	0	8	25	7	0	0	7	0	0	0	7	0	2	25	14	0	18	75	35	30	0	0	0	0	0	0	0	0	0	0	0	0	0	0	0	0	0	0	0	0	0	0	0	0	0	0	0	0	0	0	0	0	0	0	0	0	7	0	0	0	0	0	0	0	0	0	0	7	0	0	0	7	0	0	0	14	0	0	0	35	30	0	0	0	0	0	0	0	0	0	0	0	0	0	0	0	0	0	0	0	0	0	0	0	0	0	0	0	0	0	0	0	0	0	0	0	0	0	0	0	0	0	0	0	0	0	0	0	0	0	0	0	0	0	0	0	0	0	0	0	0	0	0	0	0	0	0	0	0	0	0	0	0	0	0	0	0	0	0	0	0	0	0	0	0	0	0	0	0	0	0	0	0	0	0	0	30
26	17	16	8	31	8	0	0	13	15	8	31	0	0	5	13	30	8	31	47	0	0	0	12	0	0	13	0	0	0	12	0	0	13	12	0	0	31	0	0	0	12	0	0	0	0	0	0	5	13	0	0	31	47	0	0	0	10	0	0	12	0	0	0	10	0	0	12	10	0	0	13	0	0	0	10	0	0	0	0	0	0	0	12	0	0	13	12	0	0	0	0	0	0	20	0	0	0	0	0	0	0	12	0	0	0	0	0	0	0	13	0	0	0	47	0	0	0	10	0	0	10	0	0	0	10	0	0	10	10	0	0	12	0	0	0	10	0	0	0	0	0	0	0	10	0	0	12	10	0	0	0	0	0	0	20	0	0	0	0	0	0	0	10	0	0	0	0	0	0	0	12	0	0	0	12	0	0	0	0	0	0	0	0	0	0	0	0	0	0	20	0	0	0	0	0	0	0	12	0	0	0	0	0	0	0	0	0	0	0	0
37	24	20	22	79	11	0	0	46	17	22	79	0	0	43	87	33	33	158	116	0	0	0	21	0	0	46	0	0	33	12	0	0	92	43	0	0	79	0	0	0	48	0	0	0	131	0	0	43	87	0	0	158	116	0	0	0	10	0	0	21	0	0	18	10	0	0	42	41	0	0	46	0	0	0	10	0	0	0	59	0	0	33	12	0	0	92	43	0	0	0	0	0	0	20	0	0	0	50	0	0	0	48	0	0	0	131	0	0	0	87	0	0	0	116	0	0	0	10	0	0	10	0	0	0	10	0	0	20	41	0	0	21	0	0	0	10	0	0	0	59	0	0	18	10	0	0	42	41	0	0	0	0	0	0	20	0	0	0	32	0	0	0	10	0	0	0	59	0	0	0	12	0	0	0	43	0	0	0	0	0	0	0	0	0	0	0	0	0	0	20	0	0	0	50	0	0	0	48	0	0	0	131	0	0	0	0	0	0	0	0
43	27	32	55	83	11	1	0	77	19	55	83	2	0	101	13	39	132	415	7	0	0	0	71	0	0	77	0	0	96	12	0	0	385	0	0	0	83	0	0	11	58	0	0	0	0	0	0	101	13	0	0	415	7	0	0	0	47	0	0	71	0	0	85	10	0	0	355	0	0	0	77	0	0	11	10	0	0	0	0	0	0	96	12	0	0	385	0	0	0	0	0	0	0	56	0	0	0	99	0	0	0	58	0	0	0	0	0	0	0	13	0	0	0	7	0	0	0	41	0	0	47	0	0	34	10	0	0	235	0	0	0	71	0	0	11	10	0	0	0	0	0	0	85	10	0	0	355	0	0	0	0	0	0	0	50	0	0	0	42	0	0	0	10	0	0	0	0	0	0	0	12	0	0	0	0	0	0	0	0	0	0	57	0	0	0	0	0	0	0	56	0	0	0	99	0	0	0	58	0	0	0	0	0	0	0	0	0	0	0	0
30	19	21	24	37	8	0	0	20	16	24	37	0	0	43	35	31	40	111	40	0	0	0	9	0	0	20	0	0	33	0	0	0	60	12	0	0	37	0	0	0	36	0	0	0	30	0	0	43	35	0	0	111	40	0	0	0	0	0	0	9	0	0	18	0	0	0	27	10	0	0	20	0	0	0	0	0	0	0	0	0	0	33	0	0	0	60	12	0	0	0	0	0	0	0	0	0	0	50	0	0	0	36	0	0	0	30	0	0	0	35	0	0	0	40	0	0	0	0	0	0	0	0	0	0	0	0	0	0	10	0	0	9	0	0	0	0	0	0	0	0	0	0	18	0	0	0	27	10	0	0	0	0	0	0	0	0	0	0	32	0	0	0	0	0	0	0	0	0	0	0	0	0	0	0	12	0	0	0	0	0	0	0	0	0	0	0	0	0	0	0	0	0	0	50	0	0	0	36	0	0	0	30	0	0	0	0	0	0	0	0
26	16	20	24	12	6	0	0	0	12	24	12	0	0	5	0	23	48	48	40	0	0	0	0	0	0	0	0	0	0	0	0	0	0	12	0	0	12	0	0	0	0	0	0	0	0	0	0	5	0	0	0	48	40	0	0	0	0	0	0	0	0	0	0	0	0	0	0	10	0	0	0	0	0	0	0	0	0	0	0	0	0	0	0	0	0	0	12	0	0	0	0	0	0	0	0	0	0	0	0	0	0	0	0	0	0	0	0	0	0	0	0	0	0	40	0	0	0	0	0	0	0	0	0	0	0	0	0	0	10	0	0	0	0	0	0	0	0	0	0	0	0	0	0	0	0	0	0	10	0	0	0	0	0	0	0	0	0	0	0	0	0	0	0	0	0	0	0	0	0	0	0	0	0	0	12	0	0	0	0	0	0	0	0	0	0	0	0	0	0	0	0	0	0	0	0	0	0	0	0	0	0	0	0	0	0	0	0	0	0	0
29	13	12	39	105	0	0	0	82	0	0	105	0	0	30	76	0	0	315	95	0	0	0	82	0	0	82	0	0	29	76	0	0	246	77	0	0	0	0	0	0	0	0	0	0	0	0	0	0	76	0	0	0	95	0	0	0	77	0	0	82	0	0	29	63	0	0	246	71	0	0	0	0	0	0	0	0	0	0	0	0	0	0	76	0	0	0	77	0	0	0	0	0	0	46	0	0	0	0	0	0	0	0	0	0	0	0	0	0	0	0	0	0	0	0	0	0	0	44	0	0	77	0	0	29	23	0	0	231	47	0	0	0	0	0	0	0	0	0	0	0	0	0	0	63	0	0	0	71	0	0	0	0	0	0	0	0	0	0	0	0	0	0	0	0	0	0	0	0	0	0	0	0	0	0	0	0	0	0	0	0	0	115	0	0	0	99	0	0	0	46	0	0	0	0	0	0	0	0	0	0	0	0	0	0	0	0	0	0	0	0
18	8	11	16	37	0	0	0	11	0	0	37	0	0	12	11	0	0	74	132	0	0	0	11	0	0	11	0	0	11	11	0	0	22	97	0	0	0	0	0	0	0	0	0	0	0	0	0	0	11	0	0	0	132	0	0	0	11	0	0	11	0	0	11	11	0	0	22	80	0	0	0	0	0	0	0	0	0	0	0	0	0	0	11	0	0	0	97	0	0	0	0	0	0	0	0	0	0	0	0	0	0	0	0	0	0	0	0	0	0	0	0	0	0	0	0	0	0	11	0	0	11	0	0	11	11	0	0	22	47	0	0	0	0	0	0	0	0	0	0	0	0	0	0	11	0	0	0	80	0	0	0	0	0	0	0	0	0	0	0	0	0	0	0	0	0	0	0	0	0	0	0	0	0	0	0	0	0	0	0	0	0	0	0	0	0	0	0	0	0	0	0	0	0	0	0	0	0	0	0	0	0	0	0	0	0	0	0	0	0	0
27	13	11	13	97	0	0	0	47	0	0	97	0	0	0	74	0	0	97	242	0	0	0	42	0	0	47	0	0	0	64	0	0	47	156	0	0	0	0	0	0	35	0	0	0	0	0	0	0	74	0	0	0	242	0	0	0	25	0	0	42	0	0	0	37	0	0	42	113	0	0	0	0	0	0	0	0	0	0	0	0	0	0	64	0	0	0	156	0	0	0	0	0	0	76	0	0	0	30	0	0	0	35	0	0	0	0	0	0	0	0	0	0	0	0	0	0	0	0	0	0	25	0	0	0	0	0	0	25	67	0	0	0	0	0	0	0	0	0	0	0	0	0	0	37	0	0	0	113	0	0	0	0	0	0	0	0	0	0	0	0	0	0	0	0	0	0	0	0	0	0	0	0	0	0	0	0	0	0	0	0	0	0	0	0	0	113	0	0	0	76	0	0	0	30	0	0	0	0	0	0	0	0	0	0	0	0	0	0	0	0
16	6	8	24	23	0	0	0	11	0	0	23	0	0	0	11	0	0	92	83	0	0	0	11	0	0	11	0	0	0	11	0	0	44	77	0	0	0	0	0	0	0	0	0	0	0	0	0	0	11	0	0	0	83	0	0	0	10	0	0	11	0	0	0	10	0	0	44	71	0	0	0	0	0	0	0	0	0	0	0	0	0	0	11	0	0	0	77	0	0	0	0	0	0	10	0	0	0	0	0	0	0	0	0	0	0	0	0	0	0	0	0	0	0	0	0	0	0	0	0	0	10	0	0	0	0	0	0	40	47	0	0	0	0	0	0	0	0	0	0	0	0	0	0	10	0	0	0	71	0	0	0	0	0	0	0	0	0	0	0	0	0	0	0	0	0	0	0	0	0	0	0	0	0	0	0	0	0	0	0	0	0	0	0	0	0	49	0	0	0	10	0	0	0	0	0	0	0	0	0	0	0	0	0	0	0	0	0	0	0	0
20	9	10	18	46	0	0	0	5	0	0	46	0	0	0	25	0	0	92	211	0	0	0	0	0	0	5	0	0	0	0	0	0	10	143	0	0	0	0	0	0	0	0	0	0	7	0	0	0	25	0	0	0	211	0	0	0	0	0	0	0	0	0	0	0	0	0	0	101	0	0	0	0	0	0	0	0	0	0	0	0	0	0	0	0	0	0	143	0	0	0	0	0	0	0	0	0	0	0	0	0	0	0	0	0	0	7	0	0	0	0	0	0	0	0	0	0	0	0	0	0	0	0	0	0	0	0	0	0	57	0	0	0	0	0	0	0	0	0	0	0	0	0	0	0	0	0	0	101	0	0	0	0	0	0	0	0	0	0	0	0	0	0	0	0	0	0	0	0	0	0	0	0	0	0	0	0	0	0	0	0	0	0	0	0	0	0	0	0	0	0	0	0	0	0	0	0	0	0	0	0	0	0	0	0	0	0	0	0	0	0
10	0	0	0	60	0	0	0	21	0	0	0	0	0	0	33	0	0	0	211	0	0	0	20	0	0	0	0	0	0	31	0	0	0	109	0	0	0	0	0	0	11	0	0	0	0	0	0	0	0	0	0	0	0	0	0	0	20	0	0	0	0	0	0	31	0	0	0	104	0	0	0	0	0	0	11	0	0	0	0	0	0	0	0	0	0	0	0	0	0	0	0	0	0	0	0	0	0	0	0	0	0	0	0	0	0	0	0	0	0	0	0	0	0	0	0	0	0	20	0	0	0	0	0	0	31	0	0	0	98	0	0	0	0	0	0	11	0	0	0	0	0	0	0	0	0	0	0	0	0	0	0	0	0	0	0	0	0	0	0	0	0	0	0	0	0	0	0	0	0	0	0	0	0	0	0	0	0	0	0	0	0	0	0	0	0	0	0	0	0	0	0	0	0	0	0	0	0	0	0	0	0	0	0	0	0	0	0	0	0	0
6	0	0	0	18	0	0	0	17	0	0	0	0	0	0	9	0	0	0	0	0	0	0	17	0	0	0	0	0	0	9	0	0	0	0	0	0	0	0	0	0	0	0	0	0	0	0	0	0	0	0	0	0	0	0	0	0	17	0	0	0	0	0	0	9	0	0	0	0	0	0	0	0	0	0	0	0	0	0	0	0	0	0	0	0	0	0	0	0	0	0	0	0	0	0	0	0	0	0	0	0	0	0	0	0	0	0	0	0	0	0	0	0	0	0	0	0	0	17	0	0	0	0	0	0	9	0	0	0	0	0	0	0	0	0	0	0	0	0	0	0	0	0	0	0	0	0	0	0	0	0	0	0	0	0	0	0	0	0	0	0	0	0	0	0	0	0	0	0	0	0	0	0	0	0	0	0	0	0	0	0	0	0	0	0	0	0	0	0	0	0	0	0	0	0	0	0	0	0	0	0	0	0	0	0	0	0	0	0	0	0
9	0	0	0	49	0	0	0	0	0	0	0	0	0	0	0	0	0	0	308	0	0	0	0	0	0	0	0	0	0	0	0	0	0	156	0	0	0	0	0	0	0	0	0	0	0	0	0	0	0	0	0	0	0	0	0	0	0	0	0	0	0	0	0	0	0	0	0	146	0	0	0	0	0	0	0	0	0	0	0	0	0	0	0	0	0	0	0	0	0	0	0	0	0	0	0	0	0	0	0	0	0	0	0	0	0	0	0	0	0	0	0	0	0	0	0	0	0	0	0	0	0	0	0	0	0	0	0	0	123	0	0	0	0	0	0	0	0	0	0	0	0	0	0	0	0	0	0	0	0	0	0	0	0	0	0	0	0	0	0	0	0	0	0	0	0	0	0	0	0	0	0	0	0	0	0	0	0	0	0	0	0	0	0	0	0	0	0	0	0	0	0	0	0	0	0	0	0	0	0	0	0	0	0	0	0	0	0	0	0	0
6	0	0	0	19	0	0	0	0	0	0	0	0	0	0	0	0	0	0	128	0	0	0	0	0	0	0	0	0	0	0	0	0	0	93	0	0	0	0	0	0	0	0	0	0	0	0	0	0	0	0	0	0	0	0	0	0	0	0	0	0	0	0	0	0	0	0	0	93	0	0	0	0	0	0	0	0	0	0	0	0	0	0	0	0	0	0	0	0	0	0	0	0	0	0	0	0	0	0	0	0	0	0	0	0	0	0	0	0	0	0	0	0	0	0	0	0	0	0	0	0	0	0	0	0	0	0	0	0	87	0	0	0	0	0	0	0	0	0	0	0	0	0	0	0	0	0	0	0	0	0	0	0	0	0	0	0	0	0	0	0	0	0	0	0	0	0	0	0	0	0	0	0	0	0	0	0	0	0	0	0	0	0	0	0	0	0	0	0	0	0	0	0	0	0	0	0	0	0	0	0	0	0	0	0	0	0	0	0	0	0
5	0	0	0	6	0	0	0	0	0	0	0	0	0	0	0	0	0	0	23	0	0	0	0	0	0	0	0	0	0	0	0	0	0	11	0	0	0	0	0	0	0	0	0	0	0	0	0	0	0	0	0	0	0	0	0	0	0	0	0	0	0	0	0	0	0	0	0	11	0	0	0	0	0	0	0	0	0	0	0	0	0	0	0	0	0	0	0	0	0	0	0	0	0	0	0	0	0	0	0	0	0	0	0	0	0	0	0	0	0	0	0	0	0	0	0	0	0	0	0	0	0	0	0	0	0	0	0	0	10	0	0	0	0	0	0	0	0	0	0	0	0	0	0	0	0	0	0	0	0	0	0	0	0	0	0	0	0	0	0	0	0	0	0	0	0	0	0	0	0	0	0	0	0	0	0	0	0	0	0	0	0	0	0	0	0	0	0	0	0	0	0	0	0	0	0	0	0	0	0	0	0	0	0	0	0	0	0	0	0	0
