88	82	38	13	0	76	22	11	0	38	13	0	19	6	0	0	106	45	0	0	70	22	11	0	22	11	0	19	6	0	0	64	40	0	0	33	13	0	3	0	0	0	1	0	0	0	19	6	0	0	96	45	0	0	66	22	11	0	22	11	0	19	6	0	0	64	40	0	0	22	11	0	3	0	0	0	0	0	0	0	19	6	0	0	64	40	0	0	23	5	0	0	0	0	0	0	0	0	0	3	0	0	0	0	0	0	0	19	6	0	0	69	25	0	0	63	22	11	0	22	11	0	19	6	0	0	64	40	0	0	22	11	0	3	0	0	0	0	0	0	0	19	6	0	0	64	40	0	0	17	5	0	0	0	0	0	0	0	0	0	3	0	0	0	0	0	0	0	19	6	0	0	52	25	0	0	17	2	0	9	0	0	0	4	0	0	0	0	0	0	0	0	0	0	0	3	0	0	0	0	0	0	0	11	0	0	0	47	10	0	0
201	190	69	46	0	179	39	38	0	69	46	0	35	26	0	0	163	154	0	0	168	39	38	0	39	38	0	35	26	0	0	95	135	0	0	58	46	0	9	0	0	0	5	0	0	0	35	26	0	0	140	154	0	0	160	39	38	0	39	38	0	35	26	0	0	95	135	0	0	38	38	0	9	0	0	0	0	0	0	0	35	26	0	0	94	135	0	0	44	22	0	6	0	0	0	4	0	0	0	9	0	0	0	4	0	0	0	34	26	0	0	101	74	0	0	153	37	38	0	39	38	0	35	26	0	0	95	135	0	0	38	38	0	9	0	0	0	0	0	0	0	35	26	0	0	94	135	0	0	29	17	0	0	0	0	0	0	0	0	0	9	0	0	0	0	0	0	0	34	26	0	0	70	65	0	0	37	15	0	18	0	0	0	10	0	0	0	6	0	0	0	4	0	0	0	9	0	0	0	4	0	0	0	25	5	0	0	76	39	0	0
273	257	77	106	0	241	38	95	0	77	106	0	28	110	0	0	192	304	0	0	225	38	93	0	38	95	0	28	104	0	0	100	276	0	0	76	106	0	7	20	0	0	5	0	0	0	28	110	0	0	190	304	0	0	210	38	93	0	38	93	0	28	104	0	0	100	274	0	0	38	95	0	7	20	0	0	0	0	0	0	28	104	0	0	100	276	0	0	56	91	0	10	0	0	0	5	0	0	0	7	20	0	0	3	0	0	0	28	110	0	0	138	289	0	0	198	35	89	0	38	93	0	28	104	0	0	100	274	0	0	38	93	0	7	20	0	0	0	0	0	0	28	104	0	0	100	274	0	0	28	83	0	0	0	0	0	0	0	0	0	7	20	0	0	0	0	0	0	28	104	0	0	72	264	0	0	41	55	0	18	32	0	0	11	8	0	0	10	0	0	0	5	0	0	0	7	20	0	0	3	0	0	0	19	74	0	0	91	169	0	0
451	433	85	139	0	415	51	113	0	85	139	0	39	138	0	0	177	263	0	0	397	50	107	0	51	113	0	36	120	0	0	127	227	0	0	78	139	0	10	36	0	0	8	3	0	0	39	138	0	0	162	263	0	0	381	49	101	0	50	107	0	35	120	0	0	126	227	0	0	50	113	0	7	36	0	0	0	0	0	0	36	120	0	0	126	227	0	0	63	107	0	8	18	0	0	7	3	0	0	10	36	0	0	7	3	0	0	38	138	0	0	119	167	0	0	366	46	86	0	49	101	0	33	102	0	0	123	206	0	0	49	107	0	5	36	0	0	0	0	0	0	35	120	0	0	125	227	0	0	38	83	0	1	0	0	0	0	0	0	0	7	36	0	0	0	0	0	0	35	120	0	0	89	137	0	0	54	92	0	11	27	0	0	5	9	0	0	8	18	0	0	7	3	0	0	10	36	0	0	7	3	0	0	25	108	0	0	88	122	0	0
305	293	65	55	0	281	47	43	0	65	55	0	45	0	0	0	140	94	0	0	269	46	43	0	47	43	0	42	0	0	0	108	76	0	0	58	55	0	14	0	0	0	7	3	0	0	45	0	0	0	125	94	0	0	259	45	43	0	46	43	0	41	0	0	0	107	76	0	0	46	43	0	11	0	0	0	0	0	0	0	42	0	0	0	107	76	0	0	50	35	0	14	0	0	0	7	3	0	0	14	0	0	0	7	3	0	0	44	0	0	0	98	34	0	0	249	40	43	0	45	43	0	39	0	0	0	104	76	0	0	45	43	0	9	0	0	0	0	0	0	0	41	0	0	0	106	76	0	0	38	23	0	1	0	0	0	0	0	0	0	11	0	0	0	0	0	0	0	41	0	0	0	80	16	0	0	45	35	0	20	0	0	0	5	9	0	0	14	0	0	0	7	3	0	0	14	0	0	0	7	3	0	0	36	0	0	0	80	34	0	0
267	257	55	29	10	247	42	16	0	54	29	10	43	8	0	0	107	67	20	0	238	39	16	0	42	16	0	36	8	0	0	85	48	0	0	47	20	10	16	0	0	0	5	12	0	0	43	8	0	0	92	58	20	0	230	34	16	0	39	16	0	31	8	0	0	79	48	0	0	40	8	0	9	0	0	0	0	0	0	0	36	8	0	0	82	40	0	0	38	12	10	8	0	6	0	4	12	0	0	16	0	0	0	5	12	0	0	41	0	0	0	60	18	20	0	222	28	16	0	34	16	0	23	8	0	0	66	48	0	0	37	8	0	7	0	0	0	0	0	0	0	31	8	0	0	76	40	0	0	31	0	0	1	0	0	0	0	0	0	0	9	0	0	0	0	0	0	0	34	0	0	0	50	0	0	0	36	12	10	7	0	9	0	0	0	0	0	8	0	6	0	4	12	0	0	16	0	0	0	5	12	0	0	36	0	0	0	52	18	20	0
371	359	51	45	6	347	39	35	0	51	45	6	37	28	0	0	92	34	6	0	335	36	35	0	39	35	0	30	28	0	0	79	21	0	0	50	45	6	16	0	0	0	7	12	0	0	37	28	0	0	91	34	6	0	323	31	34	0	36	35	0	25	28	0	0	73	21	0	0	38	35	0	9	0	0	0	0	0	0	0	30	28	0	0	78	21	0	0	44	45	6	13	6	6	0	6	12	0	0	16	0	0	0	7	12	0	0	36	28	0	0	69	34	6	0	311	23	24	0	31	34	0	17	24	0	0	60	19	0	0	35	35	0	7	0	0	0	0	0	0	0	25	28	0	0	72	21	0	0	32	35	0	1	0	0	0	0	0	0	0	9	0	0	0	0	0	0	0	29	28	0	0	56	21	0	0	43	45	6	5	24	9	0	2	0	6	0	13	6	6	0	6	12	0	0	16	0	0	0	7	12	0	0	34	28	0	0	66	34	6	0
444	429	69	86	6	414	47	60	0	69	86	6	47	69	0	0	127	177	18	0	399	45	48	0	47	60	0	43	44	0	0	94	143	0	0	58	86	6	10	46	0	0	7	12	6	0	47	69	0	0	104	177	18	0	385	41	35	0	45	48	0	39	30	0	0	89	124	0	0	41	60	0	6	21	0	0	0	0	0	0	43	44	0	0	83	143	0	0	47	72	6	7	45	6	0	6	12	6	0	10	46	0	0	7	12	6	0	38	69	0	0	67	107	18	0	371	34	20	0	41	35	0	33	12	0	0	79	94	0	0	39	48	0	6	6	0	0	0	0	0	0	39	30	0	0	78	124	0	0	30	46	0	0	6	0	0	0	0	0	0	6	21	0	0	0	0	0	0	34	44	0	0	46	73	0	0	43	72	6	6	18	9	0	0	0	12	0	7	45	6	0	6	12	6	0	10	46	0	0	7	12	6	0	30	69	0	0	54	107	18	0
160	155	28	4	3	150	21	4	0	28	4	3	13	0	0	0	49	4	0	0	145	20	4	0	21	4	0	10	0	0	0	40	4	0	0	27	4	3	6	0	0	0	6	0	0	0	13	0	0	0	48	4	0	0	140	19	4	0	20	4	0	9	0	0	0	39	4	0	0	20	4	0	3	0	0	0	0	0	0	0	10	0	0	0	39	4	0	0	23	4	3	8	0	0	0	6	0	0	0	6	0	0	0	6	0	0	0	12	0	0	0	32	4	0	0	135	16	4	0	19	4	0	7	0	0	0	36	4	0	0	19	4	0	1	0	0	0	0	0	0	0	9	0	0	0	38	4	0	0	16	4	0	1	0	0	0	0	0	0	0	3	0	0	0	0	0	0	0	9	0	0	0	23	4	0	0	23	4	3	7	0	0	0	1	0	0	0	8	0	0	0	6	0	0	0	6	0	0	0	6	0	0	0	12	0	0	0	32	4	0	0
245	237	28	23	0	229	16	16	0	28	23	0	20	12	0	0	37	26	0	0	221	13	16	0	16	16	0	13	12	0	0	27	20	0	0	28	23	0	10	0	0	0	5	4	0	0	20	12	0	0	37	26	0	0	213	10	10	0	13	16	0	8	12	0	0	21	20	0	0	16	16	0	3	0	0	0	0	0	0	0	13	12	0	0	27	20	0	0	27	23	0	8	12	0	0	4	4	0	0	10	0	0	0	5	4	0	0	20	12	0	0	32	26	0	0	205	7	2	0	10	10	0	6	6	0	0	15	10	0	0	13	16	0	1	0	0	0	0	0	0	0	8	12	0	0	21	20	0	0	15	16	0	1	0	0	0	0	0	0	0	3	0	0	0	0	0	0	0	13	12	0	0	22	20	0	0	26	23	0	7	4	0	0	0	0	0	0	8	12	0	0	4	4	0	0	10	0	0	0	5	4	0	0	20	12	0	0	29	26	0	0
404	391	51	54	20	378	35	32	0	51	54	20	31	64	6	0	97	99	40	22	365	33	14	0	35	32	0	28	28	0	0	75	62	0	0	42	54	20	3	28	6	0	1	7	40	0	31	64	6	0	80	99	40	22	352	27	0	0	33	14	0	26	0	0	0	71	21	0	0	26	32	0	1	0	0	0	0	0	0	0	28	28	0	0	58	62	0	0	33	54	20	1	0	24	0	0	0	40	0	3	28	6	0	1	7	40	0	20	64	6	0	48	99	40	22	339	21	0	0	27	0	0	17	0	0	0	60	0	0	0	24	14	0	0	0	0	0	0	0	0	0	26	0	0	0	54	21	0	0	17	32	0	0	0	0	0	0	0	0	0	1	0	0	0	0	0	0	0	17	28	0	0	26	62	0	0	30	54	20	0	0	32	0	0	0	0	0	1	0	24	0	0	0	40	0	3	28	6	0	1	7	40	0	14	64	6	0	38	99	40	22
230	220	35	29	12	210	19	21	0	32	29	12	20	14	6	0	69	65	12	16	202	16	21	0	19	21	0	15	14	0	0	45	56	0	0	20	13	12	7	0	6	0	2	0	0	0	20	14	6	0	44	41	12	16	195	12	21	0	16	21	0	9	14	0	0	37	56	0	0	12	7	0	1	0	0	0	0	0	0	0	15	14	0	0	32	35	0	0	16	6	12	1	0	12	0	0	0	0	0	7	0	6	0	2	0	0	0	13	0	6	0	27	6	12	16	188	11	21	0	12	21	0	7	14	0	0	30	56	0	0	9	7	0	0	0	0	0	0	0	0	0	9	14	0	0	24	35	0	0	8	0	0	0	0	0	0	0	0	0	0	1	0	0	0	0	0	0	0	8	0	0	0	15	0	0	0	16	6	12	0	0	6	0	0	0	0	0	1	0	12	0	0	0	0	0	7	0	6	0	2	0	0	0	13	0	6	0	27	6	12	16
223	216	32	6	8	209	24	0	0	32	6	8	24	0	6	0	64	6	8	6	202	21	0	0	24	0	0	19	0	0	0	52	0	0	0	24	6	8	7	0	6	0	2	0	0	0	24	0	6	0	49	6	8	6	195	14	0	0	21	0	0	13	0	0	0	44	0	0	0	16	0	0	1	0	0	0	0	0	0	0	19	0	0	0	37	0	0	0	20	6	8	1	0	18	0	0	0	0	0	7	0	6	0	2	0	0	0	16	0	6	0	32	6	8	6	188	12	0	0	14	0	0	8	0	0	0	32	0	0	0	13	0	0	0	0	0	0	0	0	0	0	13	0	0	0	29	0	0	0	12	0	0	0	0	0	0	0	0	0	0	1	0	0	0	0	0	0	0	11	0	0	0	20	0	0	0	20	6	8	0	0	8	0	0	0	0	0	1	0	18	0	0	0	0	0	7	0	6	0	2	0	0	0	16	0	6	0	32	6	8	6
192	185	28	14	0	178	18	6	0	26	14	0	20	0	0	0	54	24	0	0	172	15	6	0	18	6	0	14	0	0	0	40	12	0	0	17	8	0	4	0	0	0	1	4	0	0	20	0	0	0	37	12	0	0	166	13	6	0	15	6	0	10	0	0	0	34	12	0	0	9	0	0	0	0	0	0	0	0	0	0	14	0	0	0	23	0	0	0	13	8	0	0	0	0	0	0	0	0	0	4	0	0	0	1	4	0	0	10	0	0	0	23	12	0	0	160	13	6	0	13	6	0	10	0	0	0	31	12	0	0	6	0	0	0	0	0	0	0	0	0	0	10	0	0	0	17	0	0	0	5	0	0	0	0	0	0	0	0	0	0	0	0	0	0	0	0	0	0	4	0	0	0	9	0	0	0	13	8	0	0	0	0	0	0	0	0	0	0	0	0	0	0	0	0	0	4	0	0	0	1	4	0	0	10	0	0	0	23	12	0	0
131	125	17	11	0	119	9	8	0	14	11	0	8	0	0	0	32	15	0	0	115	9	8	0	9	8	0	8	0	0	0	24	12	0	0	8	3	0	0	0	0	0	1	0	0	0	8	0	0	0	20	3	0	0	111	9	8	0	9	8	0	8	0	0	0	24	12	0	0	3	0	0	0	0	0	0	0	0	0	0	8	0	0	0	12	0	0	0	5	3	0	0	0	0	0	0	0	0	0	0	0	0	0	1	0	0	0	0	0	0	0	8	3	0	0	107	9	8	0	9	8	0	8	0	0	0	24	12	0	0	3	0	0	0	0	0	0	0	0	0	0	8	0	0	0	12	0	0	0	0	0	0	0	0	0	0	0	0	0	0	0	0	0	0	0	0	0	0	0	0	0	0	0	0	0	0	5	3	0	0	0	0	0	0	0	0	0	0	0	0	0	0	0	0	0	0	0	0	0	1	0	0	0	0	0	0	0	8	3	0	0
321	306	53	65	35	291	26	50	6	46	65	35	23	60	23	18	106	181	35	40	279	21	50	0	26	50	6	15	60	6	0	59	140	6	0	29	29	35	1	0	32	0	0	0	0	6	23	60	23	18	69	97	35	40	269	20	50	0	21	50	0	13	60	0	0	51	140	0	0	16	20	6	0	0	12	0	0	0	0	0	15	60	6	0	39	70	6	0	21	9	35	0	0	9	0	0	0	0	0	1	0	32	0	0	0	0	6	16	0	23	18	45	27	35	40	259	20	50	0	20	50	0	13	60	0	0	51	140	0	0	11	20	0	0	0	0	0	0	0	0	0	13	60	0	0	31	70	0	0	8	0	6	0	0	6	0	0	0	0	0	0	0	12	0	0	0	0	0	8	0	6	0	15	0	6	0	19	9	35	0	0	0	0	0	0	0	0	0	0	9	0	0	0	0	0	1	0	32	0	0	0	0	6	10	0	23	18	38	27	35	40
282	270	50	49	11	258	25	33	0	46	49	11	31	30	14	0	115	96	22	20	248	23	27	0	25	33	0	27	18	0	0	67	60	0	0	37	29	11	2	0	14	0	0	0	11	0	31	30	14	0	93	56	22	20	239	23	27	0	23	27	0	27	18	0	0	64	54	0	0	18	15	0	2	0	0	0	0	0	0	0	27	18	0	0	50	24	0	0	29	20	11	0	0	0	0	0	0	0	0	2	0	14	0	0	0	11	0	22	12	14	0	72	38	22	20	230	23	27	0	23	27	0	27	18	0	0	64	54	0	0	16	9	0	2	0	0	0	0	0	0	0	27	18	0	0	47	18	0	0	10	6	0	0	0	0	0	0	0	0	0	2	0	0	0	0	0	0	0	18	0	0	0	29	6	0	0	23	20	11	0	0	0	0	0	0	0	0	0	0	0	0	0	0	0	0	2	0	14	0	0	0	11	0	12	12	14	0	55	38	22	20
163	154	41	27	0	145	17	20	0	33	27	0	22	15	0	0	85	66	0	0	139	16	20	0	17	20	0	20	15	0	0	44	50	0	0	26	9	0	2	0	0	0	0	0	0	0	22	15	0	0	69	18	0	0	134	16	20	0	16	20	0	20	15	0	0	43	50	0	0	12	5	0	2	0	0	0	0	0	0	0	20	15	0	0	33	10	0	0	21	4	0	0	0	0	0	0	0	0	0	2	0	0	0	0	0	0	0	14	0	0	0	56	8	0	0	129	16	20	0	16	20	0	20	15	0	0	43	50	0	0	11	5	0	2	0	0	0	0	0	0	0	20	15	0	0	32	10	0	0	7	0	0	0	0	0	0	0	0	0	0	2	0	0	0	0	0	0	0	12	0	0	0	20	0	0	0	17	4	0	0	0	0	0	0	0	0	0	0	0	0	0	0	0	0	0	2	0	0	0	0	0	0	0	10	0	0	0	46	8	0	0
247	238	50	24	0	229	29	8	0	50	24	0	34	0	0	0	125	56	0	0	220	28	8	0	29	8	0	32	0	0	0	79	16	0	0	40	24	0	4	0	0	0	0	0	0	0	34	0	0	0	101	56	0	0	212	28	8	0	28	8	0	32	0	0	0	78	16	0	0	21	8	0	4	0	0	0	0	0	0	0	32	0	0	0	60	16	0	0	31	16	0	0	0	0	0	0	0	0	0	4	0	0	0	0	0	0	0	23	0	0	0	78	40	0	0	204	28	8	0	28	8	0	32	0	0	0	78	16	0	0	20	8	0	4	0	0	0	0	0	0	0	32	0	0	0	59	16	0	0	12	0	0	0	0	0	0	0	0	0	0	4	0	0	0	0	0	0	0	21	0	0	0	37	0	0	0	24	16	0	0	0	0	0	0	0	0	0	0	0	0	0	0	0	0	0	4	0	0	0	0	0	0	0	12	0	0	0	58	40	0	0
272	257	61	85	0	242	18	58	0	61	85	0	16	104	0	0	138	245	0	0	227	17	56	0	18	58	0	14	96	0	0	46	172	0	0	54	85	0	2	16	0	0	2	0	0	0	16	104	0	0	121	245	0	0	213	17	56	0	17	56	0	14	96	0	0	45	168	0	0	13	58	0	2	16	0	0	0	0	0	0	14	96	0	0	34	172	0	0	37	71	0	0	0	0	0	0	0	0	0	2	16	0	0	0	0	0	0	11	104	0	0	85	217	0	0	203	17	56	0	17	56	0	14	96	0	0	45	168	0	0	12	56	0	2	16	0	0	0	0	0	0	14	96	0	0	33	168	0	0	6	48	0	0	0	0	0	0	0	0	0	2	16	0	0	0	0	0	0	9	96	0	0	18	152	0	0	25	31	0	0	0	0	0	0	0	0	0	0	0	0	0	0	0	0	0	2	16	0	0	0	0	0	0	4	64	0	0	50	117	0	0
434	415	73	109	47	396	33	70	22	73	109	47	38	84	62	23	152	281	141	46	377	29	70	12	33	70	22	27	84	50	6	83	210	66	6	60	109	47	4	0	28	18	2	0	0	20	38	84	62	23	122	281	141	46	361	29	70	3	29	70	12	27	84	30	0	83	210	36	0	28	70	22	4	0	27	0	0	0	0	0	27	84	50	6	72	210	66	6	44	61	47	0	0	0	9	0	0	0	6	4	0	28	18	0	0	0	20	30	84	62	23	80	153	141	46	347	29	70	0	29	70	3	27	84	9	0	83	210	9	0	24	70	12	4	0	24	0	0	0	0	0	27	84	30	0	72	210	36	0	19	28	22	0	0	0	0	0	0	0	0	4	0	27	0	0	0	0	0	19	84	50	6	46	98	66	6	36	33	47	0	0	0	0	0	0	0	0	0	0	0	9	0	0	0	6	4	0	28	18	0	0	0	20	23	0	62	23	58	55	141	46
343	328	57	77	13	313	24	46	6	57	77	13	31	35	18	0	115	193	52	0	298	21	44	6	24	46	6	22	33	18	0	61	136	24	0	55	77	13	2	22	18	0	1	0	0	0	31	35	18	0	110	193	52	0	284	21	44	3	21	44	6	22	33	18	0	61	132	24	0	24	46	6	2	22	18	0	0	0	0	0	22	33	18	0	61	136	24	0	45	63	13	0	0	0	9	0	0	0	0	2	22	18	0	0	0	0	0	31	35	18	0	86	165	52	0	271	21	44	0	21	44	3	22	33	9	0	61	132	12	0	21	44	6	2	22	18	0	0	0	0	0	22	33	18	0	61	132	24	0	17	33	6	0	0	0	0	0	0	0	0	2	22	18	0	0	0	0	0	22	33	18	0	43	110	24	0	29	50	13	0	0	0	0	0	0	0	0	0	0	0	9	0	0	0	0	2	22	18	0	0	0	0	0	19	22	18	0	41	126	52	0
328	317	44	18	26	306	25	0	7	44	18	26	26	0	24	14	95	27	52	11	295	25	0	0	25	0	7	26	0	14	0	69	0	14	0	39	18	26	4	0	0	0	0	0	0	20	26	0	24	14	83	27	52	11	284	25	0	0	25	0	0	26	0	0	0	69	0	0	0	20	0	7	4	0	0	0	0	0	0	0	26	0	14	0	57	0	14	0	31	18	26	0	0	0	0	0	0	0	0	4	0	0	0	0	0	0	20	21	0	24	14	65	27	52	11	273	25	0	0	25	0	0	26	0	0	0	69	0	0	0	20	0	0	4	0	0	0	0	0	0	0	26	0	0	0	57	0	0	0	12	0	7	0	0	0	0	0	0	0	0	4	0	0	0	0	0	0	0	21	0	14	0	39	0	14	0	23	18	26	0	0	0	0	0	0	0	0	0	0	0	0	0	0	0	0	4	0	0	0	0	0	0	20	10	0	24	14	42	27	52	11
209	202	32	6	7	195	17	0	0	32	6	7	21	0	0	0	74	6	7	0	188	17	0	0	17	0	0	21	0	0	0	50	0	0	0	32	6	7	4	0	0	0	0	0	0	0	21	0	0	0	74	6	7	0	181	17	0	0	17	0	0	21	0	0	0	50	0	0	0	17	0	0	4	0	0	0	0	0	0	0	21	0	0	0	50	0	0	0	26	6	7	0	0	0	0	0	0	0	0	4	0	0	0	0	0	0	0	21	0	0	0	60	6	7	0	174	17	0	0	17	0	0	21	0	0	0	50	0	0	0	17	0	0	4	0	0	0	0	0	0	0	21	0	0	0	50	0	0	0	11	0	0	0	0	0	0	0	0	0	0	4	0	0	0	0	0	0	0	21	0	0	0	36	0	0	0	19	6	7	0	0	0	0	0	0	0	0	0	0	0	0	0	0	0	0	4	0	0	0	0	0	0	0	10	0	0	0	40	6	7	0
295	285	39	25	3	275	20	0	0	39	25	3	23	0	0	0	77	45	15	0	265	20	0	0	20	0	0	23	0	0	0	61	0	0	0	39	25	3	4	0	0	0	0	0	0	0	23	0	0	0	77	45	15	0	255	20	0	0	20	0	0	23	0	0	0	61	0	0	0	20	0	0	4	0	0	0	0	0	0	0	23	0	0	0	61	0	0	0	34	25	3	0	0	0	0	0	0	0	0	4	0	0	0	0	0	0	0	23	0	0	0	65	45	15	0	245	20	0	0	20	0	0	23	0	0	0	61	0	0	0	20	0	0	4	0	0	0	0	0	0	0	23	0	0	0	61	0	0	0	15	0	0	0	0	0	0	0	0	0	0	4	0	0	0	0	0	0	0	23	0	0	0	49	0	0	0	25	25	3	0	0	0	0	0	0	0	0	0	0	0	0	0	0	0	0	4	0	0	0	0	0	0	0	12	0	0	0	39	45	15	0
408	393	32	38	66	378	17	14	29	32	38	66	13	0	39	40	58	42	132	89	363	17	14	26	17	14	29	13	0	32	35	52	42	58	35	32	38	66	2	0	0	23	1	0	0	0	13	0	39	40	58	42	132	89	348	17	14	14	17	14	26	13	0	31	18	52	42	52	18	17	14	29	2	0	0	6	0	0	0	0	13	0	32	35	52	42	58	35	22	38	66	0	0	0	22	0	0	0	20	2	0	0	23	0	0	0	0	13	0	39	40	31	42	132	89	334	17	14	3	17	14	14	13	0	26	6	52	42	28	6	17	14	26	2	0	0	0	0	0	0	0	13	0	31	18	52	42	52	18	10	14	29	0	0	0	0	0	0	0	0	2	0	0	6	0	0	0	0	13	0	32	35	31	42	58	35	17	24	66	0	0	0	9	0	0	0	6	0	0	0	22	0	0	0	20	2	0	0	23	0	0	0	0	4	0	39	40	15	0	132	89
302	289	34	48	31	276	14	30	6	34	48	31	11	20	24	12	65	106	62	63	263	14	30	6	14	30	6	11	20	18	12	40	100	12	28	34	48	31	2	0	0	0	1	0	0	0	11	20	24	12	65	106	62	63	250	14	30	6	14	30	6	11	20	18	12	40	100	12	18	14	30	6	2	0	0	0	0	0	0	0	11	20	18	12	40	100	12	28	25	48	31	0	0	0	0	0	0	0	0	2	0	0	0	0	0	0	0	11	20	24	12	43	106	62	63	238	14	30	3	14	30	6	11	20	18	6	40	100	12	6	14	30	6	2	0	0	0	0	0	0	0	11	20	18	12	40	100	12	18	8	30	6	0	0	0	0	0	0	0	0	2	0	0	0	0	0	0	0	11	20	18	12	24	100	12	28	13	36	31	0	0	0	9	0	0	0	0	0	0	0	0	0	0	0	0	2	0	0	0	0	0	0	0	2	20	24	12	8	70	62	63
259	250	22	14	20	241	12	0	6	22	14	20	7	0	24	12	35	0	40	16	232	12	0	6	12	0	6	7	0	18	12	35	0	12	6	22	14	20	2	0	0	0	0	0	0	0	7	0	24	12	35	0	40	16	223	12	0	6	12	0	6	7	0	18	12	35	0	12	6	12	0	6	2	0	0	0	0	0	0	0	7	0	18	12	35	0	12	6	19	14	20	0	0	0	0	0	0	0	0	2	0	0	0	0	0	0	0	7	0	24	12	27	0	40	16	214	12	0	3	12	0	6	7	0	18	6	35	0	12	3	12	0	6	2	0	0	0	0	0	0	0	7	0	18	12	35	0	12	6	9	0	6	0	0	0	0	0	0	0	0	2	0	0	0	0	0	0	0	7	0	18	12	27	0	12	6	15	14	20	0	0	0	9	0	0	0	0	0	0	0	0	0	0	0	0	2	0	0	0	0	0	0	0	4	0	24	12	15	0	40	16
288	278	18	16	27	268	5	0	21	18	16	27	2	0	43	10	19	0	54	3	258	5	0	20	5	0	21	2	0	42	9	18	0	42	0	18	16	27	0	0	0	9	0	0	0	0	2	0	43	10	19	0	54	3	248	5	0	14	5	0	20	2	0	41	6	18	0	40	0	5	0	21	0	0	0	6	0	0	0	0	2	0	42	9	18	0	42	0	17	16	27	0	0	0	28	0	0	0	0	0	0	0	9	0	0	0	0	2	0	43	10	14	0	54	3	238	5	0	0	5	0	14	2	0	32	0	18	0	28	0	5	0	20	0	0	0	0	0	0	0	0	2	0	41	6	18	0	40	0	4	0	21	0	0	0	0	0	0	0	0	0	0	0	6	0	0	0	0	2	0	42	9	13	0	42	0	15	16	27	0	0	0	0	0	0	0	12	0	0	0	28	0	0	0	0	0	0	0	9	0	0	0	0	2	0	43	10	8	0	54	3
376	363	25	12	61	350	16	0	19	25	12	61	13	0	4	30	46	0	61	96	337	16	0	11	16	0	19	13	0	4	14	46	0	19	35	23	12	61	2	0	0	14	0	0	0	11	13	0	4	30	42	0	61	96	324	16	0	2	16	0	11	13	0	4	0	46	0	11	18	14	0	19	2	0	0	0	0	0	0	0	13	0	4	14	42	0	19	35	18	12	61	0	0	0	4	0	0	0	20	2	0	0	14	0	0	0	11	11	0	4	30	30	0	61	96	311	16	0	0	16	0	2	13	0	2	0	46	0	2	6	14	0	11	2	0	0	0	0	0	0	0	13	0	4	0	42	0	11	18	9	0	19	0	0	0	0	0	0	0	0	2	0	0	0	0	0	0	0	11	0	4	14	30	0	19	35	13	12	61	0	0	0	0	0	0	0	0	0	0	0	4	0	0	0	20	2	0	0	14	0	0	0	11	4	0	4	30	14	0	61	96
308	297	26	0	65	286	25	0	26	26	0	65	15	0	0	31	75	0	0	144	275	25	0	24	25	0	26	15	0	0	25	75	0	0	62	26	0	65	2	0	0	12	0	0	0	0	15	0	0	31	75	0	0	144	264	25	0	24	25	0	24	15	0	0	25	75	0	0	58	25	0	26	2	0	0	12	0	0	0	0	15	0	0	25	75	0	0	62	21	0	65	0	0	0	0	0	0	0	0	2	0	0	12	0	0	0	0	15	0	0	31	62	0	0	144	253	25	0	23	25	0	24	15	0	0	24	75	0	0	40	25	0	24	2	0	0	12	0	0	0	0	15	0	0	25	75	0	0	58	20	0	26	0	0	0	0	0	0	0	0	2	0	0	12	0	0	0	0	15	0	0	25	62	0	0	62	15	0	65	4	0	0	6	3	0	0	0	0	0	0	0	0	0	0	0	2	0	0	12	0	0	0	0	10	0	0	31	43	0	0	144
214	205	28	14	23	196	20	14	19	28	14	23	14	0	0	31	74	35	0	0	187	20	14	17	20	14	19	14	0	0	25	62	35	0	0	28	14	23	2	0	0	12	1	0	0	0	14	0	0	31	74	35	0	0	178	20	14	17	20	14	17	14	0	0	25	62	35	0	0	20	14	19	2	0	0	12	0	0	0	0	14	0	0	25	62	35	0	0	25	14	23	4	0	0	0	3	0	0	0	2	0	0	12	1	0	0	0	14	0	0	31	67	35	0	0	169	19	14	16	20	14	17	14	0	0	24	62	35	0	0	20	14	17	2	0	0	12	0	0	0	0	14	0	0	25	62	35	0	0	17	14	19	0	0	0	0	0	0	0	0	2	0	0	12	0	0	0	0	14	0	0	25	55	35	0	0	20	14	23	8	0	0	6	2	7	0	0	4	0	0	0	3	0	0	0	2	0	0	12	1	0	0	0	9	0	0	31	52	35	0	0
250	239	34	31	23	228	22	24	22	34	31	23	15	0	0	7	94	80	23	0	217	22	24	22	22	24	22	15	0	0	7	66	80	22	0	34	31	23	2	0	0	0	4	0	0	0	15	0	0	7	94	80	23	0	206	22	24	22	22	24	22	15	0	0	7	66	80	22	0	22	24	22	2	0	0	0	0	0	0	0	15	0	0	7	66	80	22	0	31	31	23	4	0	0	0	6	0	0	0	2	0	0	0	4	0	0	0	15	0	0	7	87	80	23	0	195	21	24	21	22	24	22	15	0	0	6	66	80	22	0	22	24	22	2	0	0	0	0	0	0	0	15	0	0	7	66	80	22	0	19	24	22	0	0	0	0	0	0	0	0	2	0	0	0	0	0	0	0	15	0	0	7	59	80	22	0	27	31	23	8	0	0	6	2	8	0	0	4	0	0	0	6	0	0	0	2	0	0	0	4	0	0	0	12	0	0	7	75	80	23	0
308	297	11	0	86	286	11	0	30	11	0	86	4	0	0	65	33	0	0	205	275	11	0	27	11	0	30	4	0	0	57	33	0	0	81	11	0	86	0	0	0	22	0	0	0	0	4	0	0	65	33	0	0	205	264	11	0	26	11	0	27	4	0	0	55	33	0	0	69	11	0	30	0	0	0	21	0	0	0	0	4	0	0	57	33	0	0	81	8	0	86	0	0	0	9	0	0	0	0	0	0	0	22	0	0	0	0	4	0	0	65	22	0	0	205	253	11	0	20	11	0	26	4	0	0	42	33	0	0	42	11	0	27	0	0	0	18	0	0	0	0	4	0	0	55	33	0	0	69	8	0	30	0	0	0	6	0	0	0	0	0	0	0	21	0	0	0	0	4	0	0	57	22	0	0	81	5	0	86	0	0	0	28	1	0	0	0	0	0	0	9	0	0	0	0	0	0	0	22	0	0	0	0	2	0	0	65	13	0	0	205
128	122	18	12	0	116	11	8	0	18	12	0	3	0	0	0	50	24	0	0	110	11	8	0	11	8	0	3	0	0	0	33	24	0	0	18	12	0	0	0	0	0	3	0	0	0	3	0	0	0	50	24	0	0	104	11	8	0	11	8	0	3	0	0	0	33	24	0	0	11	8	0	0	0	0	0	0	0	0	0	3	0	0	0	33	24	0	0	18	12	0	0	0	0	0	3	0	0	0	0	0	0	0	3	0	0	0	3	0	0	0	50	24	0	0	98	11	8	0	11	8	0	3	0	0	0	33	24	0	0	11	8	0	0	0	0	0	0	0	0	0	3	0	0	0	33	24	0	0	11	8	0	0	0	0	0	0	0	0	0	0	0	0	0	0	0	0	0	3	0	0	0	33	24	0	0	18	12	0	0	0	0	0	2	0	0	0	0	0	0	0	3	0	0	0	0	0	0	0	3	0	0	0	3	0	0	0	50	24	0	0
145	137	19	19	9	129	7	16	0	19	19	9	0	12	0	0	53	56	0	23	121	7	16	0	7	16	0	0	12	0	0	22	48	0	22	19	19	9	0	0	0	0	4	0	0	0	0	12	0	0	53	56	0	23	113	7	16	0	7	16	0	0	12	0	0	22	48	0	22	7	16	0	0	0	0	0	0	0	0	0	0	12	0	0	22	48	0	22	19	19	9	0	0	0	0	6	0	0	0	0	0	0	0	4	0	0	0	0	12	0	0	53	56	0	23	105	7	16	0	7	16	0	0	12	0	0	22	48	0	22	7	16	0	0	0	0	0	0	0	0	0	0	12	0	0	22	48	0	22	7	16	0	0	0	0	0	0	0	0	0	0	0	0	0	0	0	0	0	0	12	0	0	22	48	0	22	19	19	9	0	0	0	0	4	0	0	0	0	0	0	0	6	0	0	0	0	0	0	0	4	0	0	0	0	12	0	0	53	56	0	23
126	120	14	8	2	114	6	8	0	14	8	2	3	0	0	0	36	24	0	0	108	6	8	0	6	8	0	3	0	0	0	18	24	0	0	14	8	2	0	0	0	0	3	0	0	0	3	0	0	0	36	24	0	0	102	6	8	0	6	8	0	3	0	0	0	18	24	0	0	6	8	0	0	0	0	0	0	0	0	0	3	0	0	0	18	24	0	0	14	8	2	0	0	0	0	3	0	0	0	0	0	0	0	3	0	0	0	3	0	0	0	36	24	0	0	96	6	8	0	6	8	0	3	0	0	0	18	24	0	0	6	8	0	0	0	0	0	0	0	0	0	3	0	0	0	18	24	0	0	6	8	0	0	0	0	0	0	0	0	0	0	0	0	0	0	0	0	0	3	0	0	0	18	24	0	0	14	8	2	0	0	0	0	0	0	0	0	0	0	0	0	3	0	0	0	0	0	0	0	3	0	0	0	3	0	0	0	36	24	0	0
108	104	11	0	0	100	6	0	0	11	0	0	3	0	0	0	20	0	0	0	96	6	0	0	6	0	0	3	0	0	0	18	0	0	0	11	0	0	0	0	0	0	0	0	0	0	3	0	0	0	20	0	0	0	92	6	0	0	6	0	0	3	0	0	0	18	0	0	0	6	0	0	0	0	0	0	0	0	0	0	3	0	0	0	18	0	0	0	11	0	0	0	0	0	0	0	0	0	0	0	0	0	0	0	0	0	0	3	0	0	0	20	0	0	0	88	6	0	0	6	0	0	3	0	0	0	18	0	0	0	6	0	0	0	0	0	0	0	0	0	0	3	0	0	0	18	0	0	0	6	0	0	0	0	0	0	0	0	0	0	0	0	0	0	0	0	0	0	3	0	0	0	18	0	0	0	11	0	0	0	0	0	0	0	0	0	0	0	0	0	0	0	0	0	0	0	0	0	0	0	0	0	0	3	0	0	0	20	0	0	0
133	128	6	6	0	123	2	0	0	6	6	0	0	0	0	0	8	3	0	0	118	2	0	0	2	0	0	0	0	0	0	6	0	0	0	6	6	0	0	0	0	0	0	0	0	0	0	0	0	0	8	3	0	0	113	2	0	0	2	0	0	0	0	0	0	6	0	0	0	2	0	0	0	0	0	0	0	0	0	0	0	0	0	0	6	0	0	0	6	6	0	0	0	0	0	0	0	0	0	0	0	0	0	0	0	0	0	0	0	0	0	8	3	0	0	108	2	0	0	2	0	0	0	0	0	0	6	0	0	0	2	0	0	0	0	0	0	0	0	0	0	0	0	0	0	6	0	0	0	2	0	0	0	0	0	0	0	0	0	0	0	0	0	0	0	0	0	0	0	0	0	0	6	0	0	0	6	6	0	0	0	0	0	0	0	0	0	0	0	0	0	0	0	0	0	0	0	0	0	0	0	0	0	0	0	0	0	8	3	0	0
132	127	3	6	0	122	0	0	0	3	6	0	0	0	0	0	2	2	0	0	117	0	0	0	0	0	0	0	0	0	0	0	0	0	0	3	6	0	0	0	0	0	0	0	0	0	0	0	0	0	2	2	0	0	112	0	0	0	0	0	0	0	0	0	0	0	0	0	0	0	0	0	0	0	0	0	0	0	0	0	0	0	0	0	0	0	0	0	3	6	0	0	0	0	0	0	0	0	0	0	0	0	0	0	0	0	0	0	0	0	0	2	2	0	0	107	0	0	0	0	0	0	0	0	0	0	0	0	0	0	0	0	0	0	0	0	0	0	0	0	0	0	0	0	0	0	0	0	0	0	0	0	0	0	0	0	0	0	0	0	0	0	0	0	0	0	0	0	0	0	0	0	0	0	0	0	3	6	0	0	0	0	0	0	0	0	0	0	0	0	0	0	0	0	0	0	0	0	0	0	0	0	0	0	0	0	0	2	2	0	0
104	100	1	0	5	96	0	0	0	1	0	5	0	0	0	0	1	0	0	0	92	0	0	0	0	0	0	0	0	0	0	0	0	0	0	1	0	5	0	0	0	0	0	0	0	0	0	0	0	0	1	0	0	0	88	0	0	0	0	0	0	0	0	0	0	0	0	0	0	0	0	0	0	0	0	0	0	0	0	0	0	0	0	0	0	0	0	0	1	0	5	0	0	0	0	0	0	0	0	0	0	0	0	0	0	0	0	0	0	0	0	1	0	0	0	84	0	0	0	0	0	0	0	0	0	0	0	0	0	0	0	0	0	0	0	0	0	0	0	0	0	0	0	0	0	0	0	0	0	0	0	0	0	0	0	0	0	0	0	0	0	0	0	0	0	0	0	0	0	0	0	0	0	0	0	0	1	0	5	0	0	0	0	0	0	0	0	0	0	0	0	0	0	0	0	0	0	0	0	0	0	0	0	0	0	0	0	1	0	0	0
181	174	4	6	5	167	0	0	0	4	6	5	0	0	0	0	3	6	5	0	160	0	0	0	0	0	0	0	0	0	0	0	0	0	0	4	6	5	0	0	0	0	0	0	0	0	0	0	0	0	3	6	5	0	153	0	0	0	0	0	0	0	0	0	0	0	0	0	0	0	0	0	0	0	0	0	0	0	0	0	0	0	0	0	0	0	0	0	4	6	5	0	0	0	0	0	0	0	0	0	0	0	0	0	0	0	0	0	0	0	0	3	6	5	0	146	0	0	0	0	0	0	0	0	0	0	0	0	0	0	0	0	0	0	0	0	0	0	0	0	0	0	0	0	0	0	0	0	0	0	0	0	0	0	0	0	0	0	0	0	0	0	0	0	0	0	0	0	0	0	0	0	0	0	0	0	4	6	5	0	0	0	0	0	0	0	0	0	0	0	0	0	0	0	0	0	0	0	0	0	0	0	0	0	0	0	0	3	6	5	0
104	100	2	0	2	96	0	0	0	2	0	2	0	0	0	0	2	0	0	0	92	0	0	0	0	0	0	0	0	0	0	0	0	0	0	2	0	2	0	0	0	0	0	0	0	0	0	0	0	0	2	0	0	0	88	0	0	0	0	0	0	0	0	0	0	0	0	0	0	0	0	0	0	0	0	0	0	0	0	0	0	0	0	0	0	0	0	0	2	0	2	0	0	0	0	0	0	0	0	0	0	0	0	0	0	0	0	0	0	0	0	2	0	0	0	84	0	0	0	0	0	0	0	0	0	0	0	0	0	0	0	0	0	0	0	0	0	0	0	0	0	0	0	0	0	0	0	0	0	0	0	0	0	0	0	0	0	0	0	0	0	0	0	0	0	0	0	0	0	0	0	0	0	0	0	0	2	0	2	0	0	0	0	0	0	0	0	0	0	0	0	0	0	0	0	0	0	0	0	0	0	0	0	0	0	0	0	2	0	0	0
103	99	4	3	0	95	0	0	0	4	3	0	0	0	0	0	3	3	0	0	91	0	0	0	0	0	0	0	0	0	0	0	0	0	0	4	3	0	0	0	0	0	0	0	0	0	0	0	0	0	3	3	0	0	87	0	0	0	0	0	0	0	0	0	0	0	0	0	0	0	0	0	0	0	0	0	0	0	0	0	0	0	0	0	0	0	0	0	4	3	0	0	0	0	0	0	0	0	0	0	0	0	0	0	0	0	0	0	0	0	0	3	3	0	0	83	0	0	0	0	0	0	0	0	0	0	0	0	0	0	0	0	0	0	0	0	0	0	0	0	0	0	0	0	0	0	0	0	0	0	0	0	0	0	0	0	0	0	0	0	0	0	0	0	0	0	0	0	0	0	0	0	0	0	0	0	4	3	0	0	0	0	0	0	0	0	0	0	0	0	0	0	0	0	0	0	0	0	0	0	0	0	0	0	0	0	0	3	3	0	0
102	98	4	4	0	94	0	0	0	4	4	0	0	0	0	0	2	4	0	0	90	0	0	0	0	0	0	0	0	0	0	0	0	0	0	4	4	0	0	0	0	0	0	0	0	0	0	0	0	0	2	4	0	0	86	0	0	0	0	0	0	0	0	0	0	0	0	0	0	0	0	0	0	0	0	0	0	0	0	0	0	0	0	0	0	0	0	0	4	4	0	0	0	0	0	0	0	0	0	0	0	0	0	0	0	0	0	0	0	0	0	2	4	0	0	82	0	0	0	0	0	0	0	0	0	0	0	0	0	0	0	0	0	0	0	0	0	0	0	0	0	0	0	0	0	0	0	0	0	0	0	0	0	0	0	0	0	0	0	0	0	0	0	0	0	0	0	0	0	0	0	0	0	0	0	0	4	4	0	0	0	0	0	0	0	0	0	0	0	0	0	0	0	0	0	0	0	0	0	0	0	0	0	0	0	0	0	2	4	0	0
174	167	4	6	11	160	0	0	0	4	6	11	0	0	0	0	0	0	11	5	153	0	0	0	0	0	0	0	0	0	0	0	0	0	0	4	6	11	0	0	0	0	0	0	0	0	0	0	0	0	0	0	11	5	146	0	0	0	0	0	0	0	0	0	0	0	0	0	0	0	0	0	0	0	0	0	0	0	0	0	0	0	0	0	0	0	0	0	4	6	11	0	0	0	0	0	0	0	0	0	0	0	0	0	0	0	0	0	0	0	0	0	0	11	5	139	0	0	0	0	0	0	0	0	0	0	0	0	0	0	0	0	0	0	0	0	0	0	0	0	0	0	0	0	0	0	0	0	0	0	0	0	0	0	0	0	0	0	0	0	0	0	0	0	0	0	0	0	0	0	0	0	0	0	0	0	4	6	11	0	0	0	0	0	0	0	0	0	0	0	0	0	0	0	0	0	0	0	0	0	0	0	0	0	0	0	0	0	0	11	5
124	119	4	4	2	114	0	0	0	4	4	2	0	0	0	0	0	0	2	0	109	0	0	0	0	0	0	0	0	0	0	0	0	0	0	4	4	2	0	0	0	0	0	0	0	0	0	0	0	0	0	0	2	0	104	0	0	0	0	0	0	0	0	0	0	0	0	0	0	0	0	0	0	0	0	0	0	0	0	0	0	0	0	0	0	0	0	0	4	4	2	0	0	0	0	0	0	0	0	0	0	0	0	0	0	0	0	0	0	0	0	0	0	2	0	99	0	0	0	0	0	0	0	0	0	0	0	0	0	0	0	0	0	0	0	0	0	0	0	0	0	0	0	0	0	0	0	0	0	0	0	0	0	0	0	0	0	0	0	0	0	0	0	0	0	0	0	0	0	0	0	0	0	0	0	0	4	4	2	0	0	0	0	0	0	0	0	0	0	0	0	0	0	0	0	0	0	0	0	0	0	0	0	0	0	0	0	0	0	2	0
124	119	6	4	0	114	0	0	0	6	4	0	0	0	0	0	0	0	0	0	109	0	0	0	0	0	0	0	0	0	0	0	0	0	0	6	4	0	0	0	0	0	0	0	0	0	0	0	0	0	0	0	0	0	104	0	0	0	0	0	0	0	0	0	0	0	0	0	0	0	0	0	0	0	0	0	0	0	0	0	0	0	0	0	0	0	0	0	6	4	0	0	0	0	0	0	0	0	0	0	0	0	0	0	0	0	0	0	0	0	0	0	0	0	0	99	0	0	0	0	0	0	0	0	0	0	0	0	0	0	0	0	0	0	0	0	0	0	0	0	0	0	0	0	0	0	0	0	0	0	0	0	0	0	0	0	0	0	0	0	0	0	0	0	0	0	0	0	0	0	0	0	0	0	0	0	6	4	0	0	0	0	0	0	0	0	0	0	0	0	0	0	0	0	0	0	0	0	0	0	0	0	0	0	0	0	0	0	0	0	0
148	142	5	8	0	136	0	0	0	5	8	0	0	0	0	0	0	0	0	0	130	0	0	0	0	0	0	0	0	0	0	0	0	0	0	5	8	0	0	0	0	0	0	0	0	0	0	0	0	0	0	0	0	0	124	0	0	0	0	0	0	0	0	0	0	0	0	0	0	0	0	0	0	0	0	0	0	0	0	0	0	0	0	0	0	0	0	0	5	8	0	0	0	0	0	0	0	0	0	0	0	0	0	0	0	0	0	0	0	0	0	0	0	0	0	118	0	0	0	0	0	0	0	0	0	0	0	0	0	0	0	0	0	0	0	0	0	0	0	0	0	0	0	0	0	0	0	0	0	0	0	0	0	0	0	0	0	0	0	0	0	0	0	0	0	0	0	0	0	0	0	0	0	0	0	0	5	8	0	0	0	0	0	0	0	0	0	0	0	0	0	0	0	0	0	0	0	0	0	0	0	0	0	0	0	0	0	0	0	0	0
98	94	3	4	0	90	0	0	0	3	4	0	0	0	0	0	0	0	0	0	86	0	0	0	0	0	0	0	0	0	0	0	0	0	0	3	4	0	0	0	0	0	0	0	0	0	0	0	0	0	0	0	0	0	82	0	0	0	0	0	0	0	0	0	0	0	0	0	0	0	0	0	0	0	0	0	0	0	0	0	0	0	0	0	0	0	0	0	3	4	0	0	0	0	0	0	0	0	0	0	0	0	0	0	0	0	0	0	0	0	0	0	0	0	0	78	0	0	0	0	0	0	0	0	0	0	0	0	0	0	0	0	0	0	0	0	0	0	0	0	0	0	0	0	0	0	0	0	0	0	0	0	0	0	0	0	0	0	0	0	0	0	0	0	0	0	0	0	0	0	0	0	0	0	0	0	3	4	0	0	0	0	0	0	0	0	0	0	0	0	0	0	0	0	0	0	0	0	0	0	0	0	0	0	0	0	0	0	0	0	0
192	184	1	0	20	176	0	0	0	1	0	20	0	0	0	0	1	0	0	13	168	0	0	0	0	0	0	0	0	0	0	0	0	0	0	1	0	20	0	0	0	0	0	0	0	0	0	0	0	0	1	0	0	13	160	0	0	0	0	0	0	0	0	0	0	0	0	0	0	0	0	0	0	0	0	0	0	0	0	0	0	0	0	0	0	0	0	0	1	0	20	0	0	0	0	0	0	0	0	0	0	0	0	0	0	0	0	0	0	0	0	1	0	0	13	152	0	0	0	0	0	0	0	0	0	0	0	0	0	0	0	0	0	0	0	0	0	0	0	0	0	0	0	0	0	0	0	0	0	0	0	0	0	0	0	0	0	0	0	0	0	0	0	0	0	0	0	0	0	0	0	0	0	0	0	0	1	0	20	0	0	0	0	0	0	0	0	0	0	0	0	0	0	0	0	0	0	0	0	0	0	0	0	0	0	0	0	1	0	0	13
120	115	1	0	6	110	0	0	0	1	0	6	0	0	0	0	1	0	0	0	105	0	0	0	0	0	0	0	0	0	0	0	0	0	0	1	0	6	0	0	0	0	0	0	0	0	0	0	0	0	1	0	0	0	100	0	0	0	0	0	0	0	0	0	0	0	0	0	0	0	0	0	0	0	0	0	0	0	0	0	0	0	0	0	0	0	0	0	1	0	6	0	0	0	0	0	0	0	0	0	0	0	0	0	0	0	0	0	0	0	0	1	0	0	0	95	0	0	0	0	0	0	0	0	0	0	0	0	0	0	0	0	0	0	0	0	0	0	0	0	0	0	0	0	0	0	0	0	0	0	0	0	0	0	0	0	0	0	0	0	0	0	0	0	0	0	0	0	0	0	0	0	0	0	0	0	1	0	6	0	0	0	0	0	0	0	0	0	0	0	0	0	0	0	0	0	0	0	0	0	0	0	0	0	0	0	0	1	0	0	0
96	92	3	0	0	88	0	0	0	3	0	0	0	0	0	0	5	0	0	0	84	0	0	0	0	0	0	0	0	0	0	0	0	0	0	3	0	0	0	0	0	0	0	0	0	0	0	0	0	0	5	0	0	0	80	0	0	0	0	0	0	0	0	0	0	0	0	0	0	0	0	0	0	0	0	0	0	0	0	0	0	0	0	0	0	0	0	0	3	0	0	0	0	0	0	0	0	0	0	0	0	0	0	0	0	0	0	0	0	0	0	5	0	0	0	76	0	0	0	0	0	0	0	0	0	0	0	0	0	0	0	0	0	0	0	0	0	0	0	0	0	0	0	0	0	0	0	0	0	0	0	0	0	0	0	0	0	0	0	0	0	0	0	0	0	0	0	0	0	0	0	0	0	0	0	0	3	0	0	0	0	0	0	0	0	0	0	0	0	0	0	0	0	0	0	0	0	0	0	0	0	0	0	0	0	0	0	5	0	0	0
119	114	3	4	0	109	0	0	0	3	4	0	0	0	0	0	4	4	0	0	104	0	0	0	0	0	0	0	0	0	0	0	0	0	0	3	4	0	0	0	0	0	0	0	0	0	0	0	0	0	4	4	0	0	99	0	0	0	0	0	0	0	0	0	0	0	0	0	0	0	0	0	0	0	0	0	0	0	0	0	0	0	0	0	0	0	0	0	3	4	0	0	0	0	0	0	0	0	0	0	0	0	0	0	0	0	0	0	0	0	0	4	4	0	0	94	0	0	0	0	0	0	0	0	0	0	0	0	0	0	0	0	0	0	0	0	0	0	0	0	0	0	0	0	0	0	0	0	0	0	0	0	0	0	0	0	0	0	0	0	0	0	0	0	0	0	0	0	0	0	0	0	0	0	0	0	3	4	0	0	0	0	0	0	0	0	0	0	0	0	0	0	0	0	0	0	0	0	0	0	0	0	0	0	0	0	0	4	4	0	0
94	90	5	4	0	86	0	0	0	5	4	0	0	0	0	0	3	8	0	0	82	0	0	0	0	0	0	0	0	0	0	0	0	0	0	5	4	0	0	0	0	0	0	0	0	0	0	0	0	0	3	8	0	0	78	0	0	0	0	0	0	0	0	0	0	0	0	0	0	0	0	0	0	0	0	0	0	0	0	0	0	0	0	0	0	0	0	0	5	4	0	0	0	0	0	0	0	0	0	0	0	0	0	0	0	0	0	0	0	0	0	3	8	0	0	74	0	0	0	0	0	0	0	0	0	0	0	0	0	0	0	0	0	0	0	0	0	0	0	0	0	0	0	0	0	0	0	0	0	0	0	0	0	0	0	0	0	0	0	0	0	0	0	0	0	0	0	0	0	0	0	0	0	0	0	0	5	4	0	0	0	0	0	0	0	0	0	0	0	0	0	0	0	0	0	0	0	0	0	0	0	0	0	0	0	0	0	3	8	0	0
137	131	12	5	6	125	1	0	0	12	5	6	5	0	0	0	5	0	6	0	119	0	0	0	1	0	0	0	0	0	0	0	0	0	0	12	5	6	0	0	0	0	0	0	0	0	5	0	0	0	5	0	6	0	113	0	0	0	0	0	0	0	0	0	0	0	0	0	0	1	0	0	0	0	0	0	0	0	0	0	0	0	0	0	0	0	0	0	12	5	6	0	0	0	0	0	0	0	0	0	0	0	0	0	0	0	0	5	0	0	0	5	0	6	0	107	0	0	0	0	0	0	0	0	0	0	0	0	0	0	0	0	0	0	0	0	0	0	0	0	0	0	0	0	0	0	0	0	0	1	0	0	0	0	0	0	0	0	0	0	0	0	0	0	0	0	0	0	0	0	0	0	0	0	0	0	12	5	6	0	0	0	0	0	0	0	0	0	0	0	0	0	0	0	0	0	0	0	0	0	0	0	0	5	0	0	0	5	0	6	0
181	173	17	15	2	165	1	0	0	17	15	2	5	0	0	0	6	10	6	0	157	0	0	0	1	0	0	0	0	0	0	0	0	0	0	17	15	2	0	0	0	0	0	0	0	0	5	0	0	0	6	10	6	0	149	0	0	0	0	0	0	0	0	0	0	0	0	0	0	1	0	0	0	0	0	0	0	0	0	0	0	0	0	0	0	0	0	0	17	15	2	0	0	0	0	0	0	0	0	0	0	0	0	0	0	0	0	5	0	0	0	6	10	6	0	141	0	0	0	0	0	0	0	0	0	0	0	0	0	0	0	0	0	0	0	0	0	0	0	0	0	0	0	0	0	0	0	0	0	1	0	0	0	0	0	0	0	0	0	0	0	0	0	0	0	0	0	0	0	0	0	0	0	0	0	0	17	15	2	0	0	0	0	0	0	0	0	0	0	0	0	0	0	0	0	0	0	0	0	0	0	0	0	5	0	0	0	6	10	6	0
223	213	15	29	0	203	0	4	0	15	29	0	0	20	0	0	5	12	0	0	193	0	0	0	0	4	0	0	0	0	0	0	0	0	0	15	29	0	0	0	0	0	0	0	0	0	0	20	0	0	5	12	0	0	183	0	0	0	0	0	0	0	0	0	0	0	0	0	0	0	4	0	0	0	0	0	0	0	0	0	0	0	0	0	0	0	0	0	15	29	0	0	0	0	0	0	0	0	0	0	0	0	0	0	0	0	0	0	20	0	0	5	12	0	0	173	0	0	0	0	0	0	0	0	0	0	0	0	0	0	0	0	0	0	0	0	0	0	0	0	0	0	0	0	0	0	0	0	0	0	4	0	0	0	0	0	0	0	0	0	0	0	0	0	0	0	0	0	0	0	0	0	0	0	0	0	15	29	0	0	0	0	0	0	0	0	0	0	0	0	0	0	0	0	0	0	0	0	0	0	0	0	0	0	20	0	0	5	12	0	0
158	151	15	12	0	144	1	0	0	15	12	0	5	0	0	0	8	0	0	0	137	0	0	0	1	0	0	0	0	0	0	0	0	0	0	15	12	0	0	0	0	0	0	0	0	0	5	0	0	0	8	0	0	0	130	0	0	0	0	0	0	0	0	0	0	0	0	0	0	1	0	0	0	0	0	0	0	0	0	0	0	0	0	0	0	0	0	0	15	12	0	0	0	0	0	0	0	0	0	0	0	0	0	0	0	0	0	5	0	0	0	8	0	0	0	123	0	0	0	0	0	0	0	0	0	0	0	0	0	0	0	0	0	0	0	0	0	0	0	0	0	0	0	0	0	0	0	0	0	1	0	0	0	0	0	0	0	0	0	0	0	0	0	0	0	0	0	0	0	0	0	0	0	0	0	0	15	12	0	0	0	0	0	0	0	0	0	0	0	0	0	0	0	0	0	0	0	0	0	0	0	0	0	5	0	0	0	8	0	0	0
179	171	15	15	0	163	1	0	0	15	15	0	5	0	0	0	5	9	0	0	155	0	0	0	1	0	0	0	0	0	0	0	0	0	0	15	15	0	0	0	0	0	0	0	0	0	5	0	0	0	5	9	0	0	147	0	0	0	0	0	0	0	0	0	0	0	0	0	0	1	0	0	0	0	0	0	0	0	0	0	0	0	0	0	0	0	0	0	15	15	0	0	0	0	0	0	0	0	0	0	0	0	0	0	0	0	0	5	0	0	0	5	9	0	0	139	0	0	0	0	0	0	0	0	0	0	0	0	0	0	0	0	0	0	0	0	0	0	0	0	0	0	0	0	0	0	0	0	0	1	0	0	0	0	0	0	0	0	0	0	0	0	0	0	0	0	0	0	0	0	0	0	0	0	0	0	15	15	0	0	0	0	0	0	0	0	0	0	0	0	0	0	0	0	0	0	0	0	0	0	0	0	0	5	0	0	0	5	9	0	0
154	147	1	0	21	140	0	0	0	1	0	21	0	0	4	0	0	0	0	8	133	0	0	0	0	0	0	0	0	0	0	0	0	0	0	1	0	21	0	0	0	0	0	0	0	0	0	0	4	0	0	0	0	8	126	0	0	0	0	0	0	0	0	0	0	0	0	0	0	0	0	0	0	0	0	0	0	0	0	0	0	0	0	0	0	0	0	0	1	0	21	0	0	0	0	0	0	0	0	0	0	0	0	0	0	0	0	0	0	4	0	0	0	0	8	119	0	0	0	0	0	0	0	0	0	0	0	0	0	0	0	0	0	0	0	0	0	0	0	0	0	0	0	0	0	0	0	0	0	0	0	0	0	0	0	0	0	0	0	0	0	0	0	0	0	0	0	0	0	0	0	0	0	0	0	0	1	0	21	0	0	0	0	0	0	0	0	0	0	0	0	0	0	0	0	0	0	0	0	0	0	0	0	0	0	4	0	0	0	0	8
176	168	4	0	16	160	0	0	0	4	0	16	0	0	4	0	0	0	0	2	152	0	0	0	0	0	0	0	0	0	0	0	0	0	0	4	0	16	0	0	0	0	0	0	0	0	0	0	4	0	0	0	0	2	144	0	0	0	0	0	0	0	0	0	0	0	0	0	0	0	0	0	0	0	0	0	0	0	0	0	0	0	0	0	0	0	0	0	4	0	16	0	0	0	0	0	0	0	0	0	0	0	0	0	0	0	0	0	0	4	0	0	0	0	2	136	0	0	0	0	0	0	0	0	0	0	0	0	0	0	0	0	0	0	0	0	0	0	0	0	0	0	0	0	0	0	0	0	0	0	0	0	0	0	0	0	0	0	0	0	0	0	0	0	0	0	0	0	0	0	0	0	0	0	0	0	4	0	16	0	0	0	0	0	0	0	0	0	0	0	0	0	0	0	0	0	0	0	0	0	0	0	0	0	0	4	0	0	0	0	2
152	145	2	10	12	138	0	0	0	2	10	12	0	0	4	0	0	0	24	2	131	0	0	0	0	0	0	0	0	0	0	0	0	0	0	2	10	12	0	0	0	0	0	0	0	0	0	0	4	0	0	0	24	2	124	0	0	0	0	0	0	0	0	0	0	0	0	0	0	0	0	0	0	0	0	0	0	0	0	0	0	0	0	0	0	0	0	0	2	10	12	0	0	0	0	0	0	0	0	0	0	0	0	0	0	0	0	0	0	4	0	0	0	24	2	117	0	0	0	0	0	0	0	0	0	0	0	0	0	0	0	0	0	0	0	0	0	0	0	0	0	0	0	0	0	0	0	0	0	0	0	0	0	0	0	0	0	0	0	0	0	0	0	0	0	0	0	0	0	0	0	0	0	0	0	0	2	10	12	0	0	0	0	0	0	0	0	0	0	0	0	0	0	0	0	0	0	0	0	0	0	0	0	0	0	4	0	0	0	24	2
132	126	2	0	11	120	0	0	0	2	0	11	0	0	4	0	0	0	0	0	114	0	0	0	0	0	0	0	0	0	0	0	0	0	0	2	0	11	0	0	0	0	0	0	0	0	0	0	4	0	0	0	0	0	108	0	0	0	0	0	0	0	0	0	0	0	0	0	0	0	0	0	0	0	0	0	0	0	0	0	0	0	0	0	0	0	0	0	2	0	11	0	0	0	0	0	0	0	0	0	0	0	0	0	0	0	0	0	0	4	0	0	0	0	0	102	0	0	0	0	0	0	0	0	0	0	0	0	0	0	0	0	0	0	0	0	0	0	0	0	0	0	0	0	0	0	0	0	0	0	0	0	0	0	0	0	0	0	0	0	0	0	0	0	0	0	0	0	0	0	0	0	0	0	0	0	2	0	11	0	0	0	0	0	0	0	0	0	0	0	0	0	0	0	0	0	0	0	0	0	0	0	0	0	0	4	0	0	0	0	0
131	125	3	5	7	119	0	0	0	3	5	7	0	0	4	0	0	0	7	0	113	0	0	0	0	0	0	0	0	0	0	0	0	0	0	3	5	7	0	0	0	0	0	0	0	0	0	0	4	0	0	0	7	0	107	0	0	0	0	0	0	0	0	0	0	0	0	0	0	0	0	0	0	0	0	0	0	0	0	0	0	0	0	0	0	0	0	0	3	5	7	0	0	0	0	0	0	0	0	0	0	0	0	0	0	0	0	0	0	4	0	0	0	7	0	101	0	0	0	0	0	0	0	0	0	0	0	0	0	0	0	0	0	0	0	0	0	0	0	0	0	0	0	0	0	0	0	0	0	0	0	0	0	0	0	0	0	0	0	0	0	0	0	0	0	0	0	0	0	0	0	0	0	0	0	0	3	5	7	0	0	0	0	0	0	0	0	0	0	0	0	0	0	0	0	0	0	0	0	0	0	0	0	0	0	4	0	0	0	7	0
105	100	3	0	19	95	0	0	4	3	0	19	0	0	0	20	1	0	0	19	90	0	0	0	0	0	4	0	0	0	0	0	0	0	0	3	0	19	0	0	0	0	0	0	0	0	0	0	0	20	1	0	0	19	85	0	0	0	0	0	0	0	0	0	0	0	0	0	0	0	0	4	0	0	0	0	0	0	0	0	0	0	0	0	0	0	0	0	3	0	19	0	0	0	0	0	0	0	0	0	0	0	0	0	0	0	0	0	0	0	20	1	0	0	19	80	0	0	0	0	0	0	0	0	0	0	0	0	0	0	0	0	0	0	0	0	0	0	0	0	0	0	0	0	0	0	0	0	0	0	0	4	0	0	0	0	0	0	0	0	0	0	0	0	0	0	0	0	0	0	0	0	0	0	0	0	3	0	19	0	0	0	0	0	0	0	0	0	0	0	0	0	0	0	0	0	0	0	0	0	0	0	0	0	0	0	20	1	0	0	19
84	80	4	0	5	76	0	0	0	4	0	5	0	0	0	0	1	0	0	12	72	0	0	0	0	0	0	0	0	0	0	0	0	0	0	4	0	5	0	0	0	0	0	0	0	0	0	0	0	0	1	0	0	12	68	0	0	0	0	0	0	0	0	0	0	0	0	0	0	0	0	0	0	0	0	0	0	0	0	0	0	0	0	0	0	0	0	0	4	0	5	0	0	0	0	0	0	0	0	0	0	0	0	0	0	0	0	0	0	0	0	1	0	0	12	64	0	0	0	0	0	0	0	0	0	0	0	0	0	0	0	0	0	0	0	0	0	0	0	0	0	0	0	0	0	0	0	0	0	0	0	0	0	0	0	0	0	0	0	0	0	0	0	0	0	0	0	0	0	0	0	0	0	0	0	0	4	0	5	0	0	0	0	0	0	0	0	0	0	0	0	0	0	0	0	0	0	0	0	0	0	0	0	0	0	0	0	1	0	0	12
144	137	9	12	0	130	5	0	0	9	12	0	6	0	0	0	14	4	0	0	123	5	0	0	5	0	0	6	0	0	0	13	0	0	0	9	12	0	1	0	0	0	0	0	0	0	6	0	0	0	14	4	0	0	116	5	0	0	5	0	0	6	0	0	0	13	0	0	0	5	0	0	1	0	0	0	0	0	0	0	6	0	0	0	13	0	0	0	9	12	0	0	0	0	0	0	0	0	0	1	0	0	0	0	0	0	0	6	0	0	0	14	4	0	0	109	5	0	0	5	0	0	6	0	0	0	13	0	0	0	5	0	0	1	0	0	0	0	0	0	0	6	0	0	0	13	0	0	0	5	0	0	0	0	0	0	0	0	0	0	1	0	0	0	0	0	0	0	6	0	0	0	13	0	0	0	9	12	0	0	0	0	0	0	0	0	0	0	0	0	0	0	0	0	0	1	0	0	0	0	0	0	0	6	0	0	0	14	4	0	0
83	79	5	3	0	75	0	0	0	5	3	0	0	0	0	0	1	0	0	0	71	0	0	0	0	0	0	0	0	0	0	0	0	0	0	5	3	0	0	0	0	0	0	0	0	0	0	0	0	0	1	0	0	0	67	0	0	0	0	0	0	0	0	0	0	0	0	0	0	0	0	0	0	0	0	0	0	0	0	0	0	0	0	0	0	0	0	0	5	3	0	0	0	0	0	0	0	0	0	0	0	0	0	0	0	0	0	0	0	0	0	1	0	0	0	63	0	0	0	0	0	0	0	0	0	0	0	0	0	0	0	0	0	0	0	0	0	0	0	0	0	0	0	0	0	0	0	0	0	0	0	0	0	0	0	0	0	0	0	0	0	0	0	0	0	0	0	0	0	0	0	0	0	0	0	0	5	3	0	0	0	0	0	0	0	0	0	0	0	0	0	0	0	0	0	0	0	0	0	0	0	0	0	0	0	0	0	1	0	0	0
82	78	9	4	0	74	5	0	0	9	4	0	6	0	0	0	14	0	0	0	70	5	0	0	5	0	0	6	0	0	0	13	0	0	0	9	4	0	1	0	0	0	0	0	0	0	6	0	0	0	14	0	0	0	66	5	0	0	5	0	0	6	0	0	0	13	0	0	0	5	0	0	1	0	0	0	0	0	0	0	6	0	0	0	13	0	0	0	9	4	0	0	0	0	0	0	0	0	0	1	0	0	0	0	0	0	0	6	0	0	0	14	0	0	0	62	5	0	0	5	0	0	6	0	0	0	13	0	0	0	5	0	0	1	0	0	0	0	0	0	0	6	0	0	0	13	0	0	0	5	0	0	0	0	0	0	0	0	0	0	1	0	0	0	0	0	0	0	6	0	0	0	13	0	0	0	9	4	0	0	0	0	0	0	0	0	0	0	0	0	0	0	0	0	0	1	0	0	0	0	0	0	0	6	0	0	0	14	0	0	0
100	95	6	0	9	90	5	0	0	6	0	9	6	0	0	0	14	0	0	0	85	5	0	0	5	0	0	6	0	0	0	13	0	0	0	6	0	9	1	0	0	0	0	0	0	0	6	0	0	0	14	0	0	0	80	5	0	0	5	0	0	6	0	0	0	13	0	0	0	5	0	0	1	0	0	0	0	0	0	0	6	0	0	0	13	0	0	0	6	0	9	0	0	0	0	0	0	0	0	1	0	0	0	0	0	0	0	6	0	0	0	14	0	0	0	75	5	0	0	5	0	0	6	0	0	0	13	0	0	0	5	0	0	1	0	0	0	0	0	0	0	6	0	0	0	13	0	0	0	5	0	0	0	0	0	0	0	0	0	0	1	0	0	0	0	0	0	0	6	0	0	0	13	0	0	0	6	0	9	0	0	0	0	0	0	0	0	0	0	0	0	0	0	0	0	1	0	0	0	0	0	0	0	6	0	0	0	14	0	0	0
165	155	20	32	6	145	5	26	0	20	32	6	6	33	0	0	38	81	0	0	135	5	25	0	5	26	0	6	30	0	0	16	67	0	0	20	32	6	0	5	0	0	1	0	0	0	6	33	0	0	38	81	0	0	125	5	25	0	5	25	0	6	30	0	0	16	65	0	0	5	26	0	0	5	0	0	1	0	0	0	6	30	0	0	16	67	0	0	20	32	6	0	0	0	0	1	0	0	0	0	5	0	0	1	0	0	0	6	33	0	0	38	81	0	0	115	5	25	0	5	25	0	6	30	0	0	16	65	0	0	5	25	0	0	5	0	0	1	0	0	0	6	30	0	0	16	65	0	0	5	26	0	0	0	0	0	1	0	0	0	0	5	0	0	1	0	0	0	6	30	0	0	16	67	0	0	20	32	6	0	0	0	0	0	0	0	0	0	0	0	0	1	0	0	0	0	5	0	0	1	0	0	0	6	33	0	0	38	81	0	0
119	113	19	5	4	107	14	0	0	19	5	4	16	0	0	0	46	5	4	0	101	13	0	0	14	0	0	13	0	0	0	36	0	0	0	19	5	4	1	0	0	0	1	0	0	0	16	0	0	0	46	5	4	0	95	13	0	0	13	0	0	13	0	0	0	35	0	0	0	14	0	0	1	0	0	0	1	0	0	0	13	0	0	0	36	0	0	0	19	5	4	0	0	0	0	1	0	0	0	1	0	0	0	1	0	0	0	16	0	0	0	46	5	4	0	89	13	0	0	13	0	0	13	0	0	0	35	0	0	0	13	0	0	1	0	0	0	1	0	0	0	13	0	0	0	35	0	0	0	14	0	0	0	0	0	0	1	0	0	0	1	0	0	0	1	0	0	0	13	0	0	0	36	0	0	0	19	5	4	0	0	0	0	0	0	0	0	0	0	0	0	1	0	0	0	1	0	0	0	1	0	0	0	16	0	0	0	46	5	4	0
137	128	34	29	0	119	13	20	0	34	29	0	16	24	0	0	74	82	0	0	110	11	20	0	13	20	0	9	24	0	0	30	64	0	0	34	29	0	5	0	0	0	2	4	0	0	16	24	0	0	74	82	0	0	101	10	20	0	11	20	0	8	24	0	0	27	64	0	0	13	20	0	1	0	0	0	0	4	0	0	9	24	0	0	30	64	0	0	34	29	0	0	0	0	0	0	4	0	0	5	0	0	0	2	4	0	0	16	24	0	0	74	82	0	0	92	10	20	0	10	20	0	8	24	0	0	24	64	0	0	11	20	0	1	0	0	0	0	4	0	0	8	24	0	0	27	64	0	0	13	20	0	0	0	0	0	0	4	0	0	1	0	0	0	0	4	0	0	9	24	0	0	30	64	0	0	33	29	0	1	0	0	0	2	0	0	0	0	0	0	0	0	4	0	0	5	0	0	0	2	4	0	0	16	24	0	0	72	82	0	0
126	119	30	17	0	112	16	8	0	30	17	0	14	6	0	0	63	39	0	0	105	16	6	0	16	8	0	14	0	0	0	38	20	0	0	30	17	0	3	0	0	0	5	0	0	0	14	6	0	0	63	39	0	0	98	16	6	0	16	6	0	14	0	0	0	38	18	0	0	16	8	0	3	0	0	0	2	0	0	0	14	0	0	0	38	20	0	0	30	17	0	1	0	0	0	2	0	0	0	3	0	0	0	5	0	0	0	14	6	0	0	63	39	0	0	91	16	6	0	16	6	0	14	0	0	0	38	18	0	0	16	6	0	3	0	0	0	2	0	0	0	14	0	0	0	38	18	0	0	16	8	0	1	0	0	0	2	0	0	0	3	0	0	0	2	0	0	0	14	0	0	0	38	20	0	0	30	17	0	0	0	0	0	0	0	0	0	1	0	0	0	2	0	0	0	3	0	0	0	5	0	0	0	14	6	0	0	63	39	0	0
172	162	38	24	10	152	19	16	0	38	24	10	15	8	2	0	82	31	10	4	142	19	16	0	19	16	0	15	8	0	0	43	24	0	0	38	24	10	3	0	0	0	7	0	0	0	15	8	2	0	82	31	10	4	132	19	16	0	19	16	0	15	8	0	0	43	24	0	0	19	16	0	3	0	0	0	2	0	0	0	15	8	0	0	43	24	0	0	38	24	10	1	0	0	0	2	0	0	0	3	0	0	0	7	0	0	0	15	8	2	0	82	31	10	4	122	19	16	0	19	16	0	15	8	0	0	43	24	0	0	19	16	0	3	0	0	0	2	0	0	0	15	8	0	0	43	24	0	0	19	16	0	1	0	0	0	2	0	0	0	3	0	0	0	2	0	0	0	15	8	0	0	43	24	0	0	38	24	10	0	0	0	0	0	0	0	0	1	0	0	0	2	0	0	0	3	0	0	0	7	0	0	0	15	8	2	0	82	31	10	4
162	152	40	33	2	142	18	21	0	40	33	2	12	14	2	0	85	52	4	0	132	18	21	0	18	21	0	12	14	0	0	37	35	0	0	40	33	2	4	0	0	0	6	0	0	0	12	14	2	0	85	52	4	0	122	18	21	0	18	21	0	12	14	0	0	37	35	0	0	18	21	0	4	0	0	0	1	0	0	0	12	14	0	0	37	35	0	0	40	33	2	1	0	0	0	1	0	0	0	4	0	0	0	6	0	0	0	12	14	2	0	85	52	4	0	112	18	21	0	18	21	0	12	14	0	0	37	35	0	0	18	21	0	4	0	0	0	1	0	0	0	12	14	0	0	37	35	0	0	18	21	0	1	0	0	0	1	0	0	0	4	0	0	0	1	0	0	0	12	14	0	0	37	35	0	0	39	33	2	0	0	0	0	2	0	0	0	1	0	0	0	1	0	0	0	4	0	0	0	6	0	0	0	12	14	2	0	80	52	4	0
196	185	63	35	2	174	34	10	0	63	35	2	43	0	2	0	144	105	10	0	163	31	10	0	34	10	0	30	0	0	0	66	30	0	0	63	35	2	8	0	0	0	12	15	0	0	43	0	2	0	144	105	10	0	152	31	10	0	31	10	0	30	0	0	0	63	30	0	0	34	10	0	8	0	0	0	4	0	0	0	30	0	0	0	66	30	0	0	63	35	2	7	0	0	0	10	0	0	0	8	0	0	0	12	15	0	0	43	0	2	0	144	105	10	0	141	31	10	0	31	10	0	30	0	0	0	63	30	0	0	31	10	0	8	0	0	0	3	0	0	0	30	0	0	0	63	30	0	0	34	10	0	7	0	0	0	7	0	0	0	8	0	0	0	4	0	0	0	30	0	0	0	66	30	0	0	63	35	2	18	0	0	0	11	0	0	0	7	0	0	0	10	0	0	0	8	0	0	0	12	15	0	0	43	0	2	0	144	105	10	0
161	151	40	35	0	141	17	21	0	40	35	0	12	14	0	0	89	61	0	0	131	17	21	0	17	21	0	12	14	0	0	34	35	0	0	40	35	0	4	0	0	0	8	0	0	0	12	14	0	0	89	61	0	0	121	17	21	0	17	21	0	12	14	0	0	34	35	0	0	17	21	0	4	0	0	0	1	0	0	0	12	14	0	0	34	35	0	0	40	35	0	1	0	0	0	2	0	0	0	4	0	0	0	8	0	0	0	12	14	0	0	89	61	0	0	111	17	21	0	17	21	0	12	14	0	0	34	35	0	0	17	21	0	4	0	0	0	1	0	0	0	12	14	0	0	34	35	0	0	17	21	0	1	0	0	0	1	0	0	0	4	0	0	0	1	0	0	0	12	14	0	0	34	35	0	0	39	35	0	0	0	0	0	5	0	0	0	1	0	0	0	2	0	0	0	4	0	0	0	8	0	0	0	12	14	0	0	84	61	0	0
158	149	48	24	0	140	27	8	0	48	24	0	34	0	0	0	114	40	0	0	131	25	8	0	27	8	0	26	0	0	0	54	0	0	0	48	24	0	6	0	0	0	10	8	0	0	34	0	0	0	114	40	0	0	122	25	8	0	25	8	0	26	0	0	0	51	0	0	0	27	8	0	6	0	0	0	3	0	0	0	26	0	0	0	54	0	0	0	48	24	0	5	0	0	0	8	0	0	0	6	0	0	0	10	8	0	0	34	0	0	0	114	40	0	0	113	25	8	0	25	8	0	26	0	0	0	51	0	0	0	25	8	0	6	0	0	0	2	0	0	0	26	0	0	0	51	0	0	0	27	8	0	5	0	0	0	6	0	0	0	6	0	0	0	3	0	0	0	26	0	0	0	54	0	0	0	48	24	0	16	0	0	0	6	0	0	0	5	0	0	0	8	0	0	0	6	0	0	0	10	8	0	0	34	0	0	0	114	40	0	0
249	233	64	74	30	217	37	59	2	64	74	30	44	61	0	6	154	156	30	14	201	33	56	0	37	59	2	27	57	0	0	78	127	2	0	64	74	30	9	34	0	0	12	11	0	0	44	61	0	6	154	156	30	14	185	32	55	0	33	56	0	26	55	0	0	73	123	0	0	37	59	2	5	33	0	0	4	11	0	0	27	57	0	0	78	127	2	0	64	74	30	6	11	0	0	14	11	0	0	9	34	0	0	12	11	0	0	44	61	0	6	154	156	30	14	169	32	55	0	32	55	0	26	55	0	0	70	121	0	0	33	56	0	5	33	0	0	3	11	0	0	26	55	0	0	73	123	0	0	37	59	2	6	11	0	0	7	11	0	0	5	33	0	0	4	11	0	0	27	57	0	0	78	127	2	0	62	74	30	22	0	0	0	15	0	0	0	6	11	0	0	14	11	0	0	9	34	0	0	12	11	0	0	44	61	0	6	147	156	30	14
218	204	57	61	18	190	31	41	0	57	61	18	38	42	0	0	131	126	36	4	176	28	40	0	31	41	0	25	40	0	0	66	72	0	0	57	61	18	7	10	0	0	13	0	0	0	38	42	0	0	131	126	36	4	162	28	40	0	28	40	0	25	40	0	0	63	70	0	0	31	41	0	7	10	0	0	5	0	0	0	25	40	0	0	66	72	0	0	57	61	18	7	0	0	0	19	0	0	0	7	10	0	0	13	0	0	0	38	42	0	0	131	126	36	4	148	28	40	0	28	40	0	25	40	0	0	63	70	0	0	28	40	0	7	10	0	0	4	0	0	0	25	40	0	0	63	70	0	0	31	41	0	7	0	0	0	8	0	0	0	7	10	0	0	5	0	0	0	25	40	0	0	66	72	0	0	56	61	18	21	0	0	0	13	0	0	0	7	0	0	0	19	0	0	0	7	10	0	0	13	0	0	0	38	42	0	0	126	126	36	4
177	167	65	21	13	157	42	0	0	65	21	13	67	0	0	0	148	77	39	2	147	37	0	0	42	0	0	44	0	0	0	90	0	0	0	65	21	13	23	0	0	0	15	14	0	0	67	0	0	0	148	77	39	2	137	36	0	0	37	0	0	42	0	0	0	82	0	0	0	42	0	0	18	0	0	0	9	0	0	0	44	0	0	0	90	0	0	0	65	21	13	30	0	0	0	22	7	0	0	23	0	0	0	15	14	0	0	67	0	0	0	148	77	39	2	127	33	0	0	36	0	0	39	0	0	0	80	0	0	0	37	0	0	12	0	0	0	6	0	0	0	42	0	0	0	82	0	0	0	42	0	0	15	0	0	0	11	0	0	0	18	0	0	0	9	0	0	0	44	0	0	0	90	0	0	0	65	21	13	41	0	0	0	9	21	0	0	30	0	0	0	22	7	0	0	23	0	0	0	15	14	0	0	67	0	0	0	148	77	39	2
293	274	98	142	9	255	51	98	0	98	142	9	63	200	0	0	226	364	36	2	236	46	84	0	51	98	0	41	144	0	0	124	228	0	0	98	142	9	37	24	0	0	25	36	18	0	63	200	0	0	226	364	36	2	217	40	80	0	46	84	0	35	144	0	0	115	204	0	0	51	98	0	19	24	0	0	14	18	0	0	41	144	0	0	124	228	0	0	98	142	9	31	40	0	0	27	60	0	0	37	24	0	0	25	36	18	0	63	200	0	0	226	364	36	2	198	37	64	0	40	80	0	32	128	0	0	98	192	0	0	46	84	0	13	24	0	0	11	12	0	0	35	144	0	0	115	204	0	0	51	98	0	16	24	0	0	10	36	0	0	19	24	0	0	14	18	0	0	41	144	0	0	124	228	0	0	97	142	9	43	128	0	0	14	18	0	0	31	40	0	0	27	60	0	0	37	24	0	0	25	36	18	0	63	200	0	0	224	364	36	2
239	223	97	99	5	207	55	65	0	97	99	5	79	75	0	0	228	248	25	2	191	50	58	0	55	65	0	57	48	0	0	134	141	0	0	97	99	5	27	23	0	0	29	21	5	0	79	75	0	0	228	248	25	2	175	48	56	0	50	58	0	54	46	0	0	124	138	0	0	55	65	0	18	23	0	0	16	11	0	0	57	48	0	0	134	141	0	0	97	99	5	39	22	0	0	39	16	0	0	27	23	0	0	29	21	5	0	79	75	0	0	228	248	25	2	159	43	54	0	48	56	0	51	44	0	0	119	133	0	0	50	58	0	12	22	0	0	13	11	0	0	54	46	0	0	124	138	0	0	55	65	0	18	22	0	0	14	11	0	0	18	23	0	0	16	11	0	0	57	48	0	0	134	141	0	0	94	99	5	60	21	0	0	14	41	0	0	39	22	0	0	39	16	0	0	27	23	0	0	29	21	5	0	79	75	0	0	219	248	25	2
205	192	79	41	36	179	53	23	0	79	41	36	73	0	17	0	171	56	72	75	166	50	23	0	53	23	0	59	0	0	0	125	56	0	2	79	41	36	29	0	0	0	23	11	0	0	73	0	17	0	171	56	72	75	153	47	23	0	50	23	0	56	0	0	0	118	56	0	0	53	23	0	20	0	0	0	15	11	0	0	59	0	0	0	125	56	0	2	79	41	36	35	0	0	0	30	20	0	0	29	0	0	0	23	11	0	0	73	0	17	0	171	56	72	75	140	42	20	0	47	23	0	53	0	0	0	110	56	0	0	50	23	0	14	0	0	0	13	11	0	0	56	0	0	0	118	56	0	0	53	23	0	16	0	0	0	10	11	0	0	20	0	0	0	15	11	0	0	59	0	0	0	125	56	0	2	78	41	36	48	29	12	0	8	0	0	0	35	0	0	0	30	20	0	0	29	0	0	0	23	11	0	0	73	0	17	0	169	56	72	75
200	188	78	32	26	176	54	0	0	78	32	26	69	0	17	0	168	40	104	45	164	51	0	0	54	0	0	56	0	0	0	135	0	0	0	78	32	26	32	0	0	0	27	8	0	0	69	0	17	0	168	40	104	45	152	46	0	0	51	0	0	51	0	0	0	128	0	0	0	54	0	0	18	0	0	0	20	0	0	0	56	0	0	0	135	0	0	0	78	32	26	34	0	0	0	29	32	0	0	32	0	0	0	27	8	0	0	69	0	17	0	168	40	104	45	140	41	0	0	46	0	0	48	0	0	0	114	0	0	0	51	0	0	12	0	0	0	17	0	0	0	51	0	0	0	128	0	0	0	54	0	0	15	0	0	0	10	0	0	0	18	0	0	0	20	0	0	0	56	0	0	0	135	0	0	0	78	32	26	50	0	12	0	6	0	0	0	34	0	0	0	29	32	0	0	32	0	0	0	27	8	0	0	69	0	17	0	168	40	104	45
335	312	123	212	18	289	69	150	0	123	212	18	73	316	17	0	276	496	90	27	266	64	121	0	69	150	0	59	218	0	0	183	371	0	0	123	212	18	43	163	0	0	38	63	36	0	73	316	17	0	276	496	90	27	243	57	91	0	64	121	0	53	165	0	0	173	300	0	0	69	150	0	24	90	0	0	23	41	0	0	59	218	0	0	183	371	0	0	123	212	18	21	201	0	0	31	70	18	0	43	163	0	0	38	63	36	0	73	316	17	0	276	496	90	27	220	54	50	0	57	91	0	53	84	0	0	156	225	0	0	64	121	0	24	28	0	0	22	21	0	0	53	165	0	0	173	300	0	0	69	150	0	13	56	0	0	10	29	0	0	24	90	0	0	23	41	0	0	59	218	0	0	183	371	0	0	118	212	18	34	140	12	0	7	7	54	0	21	201	0	0	31	70	18	0	43	163	0	0	38	63	36	0	73	316	17	0	267	496	90	27
251	232	115	142	11	213	66	106	0	115	142	11	95	81	17	0	262	356	55	14	194	59	104	0	66	106	0	65	78	0	0	174	290	0	0	115	142	11	53	30	0	0	39	59	0	0	95	81	17	0	262	356	55	14	175	50	99	0	59	104	0	56	78	0	0	157	286	0	0	66	106	0	26	27	0	0	21	50	0	0	65	78	0	0	174	290	0	0	115	142	11	45	64	0	0	33	77	0	0	53	30	0	0	39	59	0	0	95	81	17	0	262	356	55	14	156	42	82	0	50	99	0	53	72	0	0	131	271	0	0	59	104	0	20	26	0	0	18	50	0	0	56	78	0	0	157	286	0	0	66	106	0	16	61	0	0	9	50	0	0	26	27	0	0	21	50	0	0	65	78	0	0	174	290	0	0	110	142	11	40	139	12	0	5	32	0	0	45	64	0	0	33	77	0	0	53	30	0	0	39	59	0	0	95	81	17	0	252	356	55	14
194	179	77	83	5	164	41	54	0	77	83	5	60	81	5	0	159	163	20	5	149	34	54	0	41	54	0	31	81	0	0	107	126	0	0	77	83	5	29	0	0	0	27	47	0	0	60	81	5	0	159	163	20	5	134	29	54	0	34	54	0	26	81	0	0	90	126	0	0	41	54	0	15	0	0	0	15	36	0	0	31	81	0	0	107	126	0	0	77	83	5	30	0	0	0	24	20	0	0	29	0	0	0	27	47	0	0	60	81	5	0	159	163	20	5	119	26	54	0	29	54	0	23	81	0	0	76	126	0	0	34	54	0	9	0	0	0	12	36	0	0	26	81	0	0	90	126	0	0	41	54	0	15	0	0	0	9	0	0	0	15	0	0	0	15	36	0	0	31	81	0	0	107	126	0	0	77	83	5	42	0	0	0	6	0	0	0	30	0	0	0	24	20	0	0	29	0	0	0	27	47	0	0	60	81	5	0	159	163	20	5
180	168	66	21	45	156	51	21	6	66	21	45	63	0	14	24	160	41	0	96	144	49	21	0	51	21	6	58	0	0	0	136	41	0	0	66	21	45	35	0	7	0	29	0	0	9	63	0	14	24	160	41	0	96	132	41	11	0	49	21	0	52	0	0	0	132	41	0	0	51	21	6	20	0	0	0	22	0	0	0	58	0	0	0	136	41	0	0	66	21	45	23	0	41	0	16	0	45	0	35	0	7	0	29	0	0	9	63	0	14	24	160	41	0	96	120	29	11	0	41	11	0	32	0	0	0	108	11	0	0	49	21	0	16	0	0	0	20	0	0	0	52	0	0	0	132	41	0	0	51	21	6	11	0	12	0	10	0	6	0	20	0	0	0	22	0	0	0	58	0	0	0	136	41	0	0	66	21	45	11	0	89	0	2	0	0	0	23	0	41	0	16	0	45	0	35	0	7	0	29	0	0	9	63	0	14	24	160	41	0	96
240	223	99	102	36	206	66	72	6	99	102	36	88	57	14	24	235	309	108	60	189	60	54	0	66	72	6	69	24	0	0	176	254	18	0	99	102	36	40	87	7	0	33	57	36	9	88	57	14	24	235	309	108	60	172	52	30	0	60	54	0	64	0	0	0	164	207	0	0	66	72	6	28	15	0	0	22	38	6	0	69	24	0	0	176	254	18	0	99	102	36	23	0	41	0	13	16	108	0	40	87	7	0	33	57	36	9	88	57	14	24	235	309	108	60	155	41	30	0	52	30	0	44	0	0	0	144	135	0	0	60	54	0	24	15	0	0	21	30	0	0	64	0	0	0	164	207	0	0	66	72	6	11	0	12	0	9	0	18	0	28	15	0	0	22	38	6	0	69	24	0	0	176	254	18	0	98	102	36	10	0	80	0	2	0	0	0	23	0	41	0	13	16	108	0	40	87	7	0	33	57	36	9	88	57	14	24	234	309	108	60
135	126	39	8	45	117	34	8	5	39	8	45	37	0	14	25	92	8	0	96	108	33	8	0	34	8	5	35	0	0	0	85	8	0	0	39	8	45	14	0	7	0	17	0	0	5	37	0	14	25	92	8	0	96	99	29	8	0	33	8	0	32	0	0	0	83	8	0	0	34	8	5	8	0	0	0	14	0	0	0	35	0	0	0	85	8	0	0	39	8	45	15	0	21	0	9	0	0	0	14	0	7	0	17	0	0	5	37	0	14	25	92	8	0	96	90	21	8	0	29	8	0	20	0	0	0	71	8	0	0	33	8	0	4	0	0	0	13	0	0	0	32	0	0	0	83	8	0	0	34	8	5	7	0	0	0	7	0	0	0	8	0	0	0	14	0	0	0	35	0	0	0	85	8	0	0	39	8	45	9	0	59	0	4	0	0	0	15	0	21	0	9	0	0	0	14	0	7	0	17	0	0	5	37	0	14	25	92	8	0	96
173	161	71	37	26	149	54	20	0	71	37	26	66	10	14	0	181	77	52	60	137	49	20	0	54	20	0	49	10	0	0	152	60	0	0	71	37	26	39	0	7	0	32	28	0	0	66	10	14	0	181	77	52	60	125	42	20	0	49	20	0	43	10	0	0	141	60	0	0	54	20	0	24	0	0	0	22	20	0	0	49	10	0	0	152	60	0	0	71	37	26	23	0	21	0	14	0	0	0	39	0	7	0	32	28	0	0	66	10	14	0	181	77	52	60	113	35	20	0	42	20	0	31	10	0	0	120	60	0	0	49	20	0	20	0	0	0	20	20	0	0	43	10	0	0	141	60	0	0	54	20	0	11	0	0	0	8	0	0	0	24	0	0	0	22	20	0	0	49	10	0	0	152	60	0	0	71	37	26	10	0	40	0	2	0	0	0	23	0	21	0	14	0	0	0	39	0	7	0	32	28	0	0	66	10	14	0	181	77	52	60
211	192	103	148	13	173	59	116	0	103	148	13	74	153	14	0	262	412	52	29	154	50	105	0	59	116	0	45	138	0	0	171	338	0	0	103	148	13	46	116	7	0	33	66	0	0	74	153	14	0	262	412	52	29	135	38	95	0	50	105	0	34	120	0	0	147	303	0	0	59	116	0	16	110	0	0	15	50	0	0	45	138	0	0	171	338	0	0	103	148	13	13	80	21	0	9	40	0	0	46	116	7	0	33	66	0	0	74	153	14	0	262	412	52	29	116	32	87	0	38	95	0	22	120	0	0	115	280	0	0	50	105	0	12	110	0	0	13	50	0	0	34	120	0	0	147	303	0	0	59	116	0	5	60	0	0	5	30	0	0	16	110	0	0	15	50	0	0	45	138	0	0	171	338	0	0	97	148	13	7	27	40	0	2	0	13	0	13	80	21	0	9	40	0	0	46	116	7	0	33	66	0	0	74	153	14	0	251	412	52	29
187	172	82	73	33	157	50	55	7	82	73	33	65	16	20	35	200	229	66	75	142	39	44	0	50	55	7	43	0	7	0	137	199	14	6	82	73	33	28	33	60	0	22	38	33	18	65	16	20	35	200	229	66	75	127	32	44	0	39	44	0	29	0	0	0	112	165	0	0	50	55	7	18	33	21	0	12	22	7	0	43	0	7	0	137	199	14	6	82	73	33	6	0	53	0	4	0	0	0	28	33	60	0	22	38	33	18	65	16	20	35	200	229	66	75	112	32	44	0	32	44	0	29	0	0	0	100	165	0	0	39	44	0	18	33	0	0	12	22	0	0	29	0	0	0	112	165	0	0	50	55	7	6	0	28	0	4	0	0	0	18	33	21	0	12	22	7	0	43	0	7	0	137	199	14	6	80	73	33	3	0	0	0	0	0	0	0	6	0	53	0	4	0	0	0	28	33	60	0	22	38	33	18	65	16	20	35	198	229	66	75
216	197	79	142	25	178	43	108	7	79	142	25	43	151	20	35	204	321	75	49	159	34	92	0	43	108	7	32	118	7	0	126	265	21	6	79	142	25	22	81	60	0	21	14	25	18	43	151	20	35	204	321	75	49	140	29	78	0	34	92	0	20	104	0	0	105	235	0	0	43	108	7	18	39	21	0	12	0	7	0	32	118	7	0	126	265	21	6	78	142	25	6	0	53	0	4	0	50	0	22	81	60	0	21	14	25	18	43	151	20	35	203	321	75	49	122	29	78	0	29	78	0	20	104	0	0	95	221	0	0	34	92	0	18	39	0	0	12	0	0	0	20	104	0	0	105	235	0	0	43	108	7	6	0	28	0	4	0	14	0	18	39	21	0	12	0	7	0	32	118	7	0	126	265	21	6	72	124	25	3	0	0	0	0	0	0	0	6	0	53	0	4	0	50	0	22	81	60	0	21	14	25	18	43	151	20	35	193	303	75	49
138	126	68	42	21	114	38	38	0	68	42	21	44	31	8	0	171	149	0	75	102	31	35	0	38	38	0	26	28	0	0	114	136	0	6	68	42	21	24	21	24	0	22	14	0	0	44	31	8	0	171	149	0	75	90	28	35	0	31	35	0	24	28	0	0	95	126	0	0	38	38	0	18	21	0	0	11	14	0	0	26	28	0	0	114	136	0	6	68	42	21	6	0	5	0	3	0	0	0	24	21	24	0	22	14	0	0	44	31	8	0	171	149	0	75	78	28	35	0	28	35	0	24	28	0	0	91	126	0	0	31	35	0	18	21	0	0	11	14	0	0	24	28	0	0	95	126	0	0	38	38	0	6	0	0	0	3	0	0	0	18	21	0	0	11	14	0	0	26	28	0	0	114	136	0	6	67	42	21	3	0	0	0	0	0	0	0	6	0	5	0	3	0	0	0	24	21	24	0	22	14	0	0	44	31	8	0	170	149	0	75
140	128	59	50	5	116	34	32	0	59	50	5	35	24	0	0	149	130	15	13	104	30	32	0	34	32	0	27	24	0	0	94	104	0	0	59	50	5	26	0	0	0	15	10	0	0	35	24	0	0	149	130	15	13	92	27	32	0	30	32	0	25	24	0	0	88	104	0	0	34	32	0	20	0	0	0	9	0	0	0	27	24	0	0	94	104	0	0	59	50	5	6	0	5	0	3	0	0	0	26	0	0	0	15	10	0	0	35	24	0	0	149	130	15	13	80	27	32	0	27	32	0	25	24	0	0	84	104	0	0	30	32	0	20	0	0	0	9	0	0	0	25	24	0	0	88	104	0	0	34	32	0	6	0	0	0	3	0	0	0	20	0	0	0	9	0	0	0	27	24	0	0	94	104	0	0	55	50	5	3	0	0	0	0	0	0	0	6	0	5	0	3	0	0	0	26	0	0	0	15	10	0	0	35	24	0	0	144	130	15	13
108	100	43	19	0	92	27	7	0	43	19	0	26	0	0	0	108	44	0	0	84	23	7	0	27	7	0	18	0	0	0	74	28	0	0	43	19	0	15	0	0	0	10	8	0	0	26	0	0	0	108	44	0	0	76	21	7	0	23	7	0	16	0	0	0	68	28	0	0	27	7	0	9	0	0	0	4	0	0	0	18	0	0	0	74	28	0	0	43	19	0	0	0	0	0	0	0	0	0	15	0	0	0	10	8	0	0	26	0	0	0	108	44	0	0	68	21	7	0	21	7	0	16	0	0	0	66	28	0	0	23	7	0	9	0	0	0	4	0	0	0	16	0	0	0	68	28	0	0	27	7	0	0	0	0	0	0	0	0	0	9	0	0	0	4	0	0	0	18	0	0	0	74	28	0	0	41	19	0	0	0	0	0	0	0	0	0	0	0	0	0	0	0	0	0	15	0	0	0	10	8	0	0	26	0	0	0	106	44	0	0
95	88	15	12	5	81	2	0	5	15	12	5	5	0	15	0	28	20	15	0	74	0	0	5	2	0	5	0	0	15	0	2	0	15	0	15	12	5	0	0	5	0	0	0	0	0	5	0	15	0	28	20	15	0	67	0	0	5	0	0	5	0	0	15	0	0	0	15	0	2	0	5	0	0	5	0	0	0	0	0	0	0	15	0	2	0	15	0	15	12	5	0	0	0	0	0	0	0	0	0	0	5	0	0	0	0	0	5	0	15	0	28	20	15	0	60	0	0	5	0	0	5	0	0	15	0	0	0	15	0	0	0	5	0	0	5	0	0	0	0	0	0	0	15	0	0	0	15	0	2	0	5	0	0	0	0	0	0	0	0	0	0	5	0	0	0	0	0	0	0	15	0	2	0	15	0	15	12	5	0	0	0	0	0	0	0	0	0	0	0	0	0	0	0	0	0	0	5	0	0	0	0	0	5	0	15	0	28	20	15	0
178	165	48	32	49	152	27	10	20	48	32	49	27	20	90	48	120	60	98	63	139	20	0	7	27	10	20	12	0	60	14	74	0	40	14	48	32	49	7	0	70	35	5	0	49	36	27	20	90	48	120	60	98	63	126	20	0	0	20	0	7	12	0	21	0	64	0	14	0	27	10	20	7	0	48	0	5	0	20	6	12	0	60	14	74	0	40	14	48	32	49	0	0	0	0	1	0	0	18	7	0	70	35	5	0	49	36	27	20	90	48	120	60	98	63	113	20	0	0	20	0	0	12	0	0	0	64	0	0	0	20	0	7	7	0	28	0	4	0	7	0	12	0	21	0	64	0	14	0	27	10	20	0	0	0	0	1	0	0	0	7	0	48	0	5	0	20	6	12	0	60	14	74	0	40	14	46	32	49	0	0	0	0	0	0	0	0	0	0	0	0	1	0	0	18	7	0	70	35	5	0	49	36	27	20	90	48	118	60	98	63
132	121	31	34	24	110	18	25	0	31	34	24	15	16	15	0	77	49	24	63	99	15	18	0	18	25	0	11	9	0	0	51	27	0	14	31	34	24	6	0	14	0	2	0	24	0	15	16	15	0	77	49	24	63	88	15	18	0	15	18	0	11	9	0	0	49	27	0	0	18	25	0	6	0	0	0	2	0	0	0	11	9	0	0	51	27	0	14	30	34	24	0	0	0	0	0	0	0	0	6	0	14	0	2	0	24	0	15	16	15	0	76	49	24	63	78	15	18	0	15	18	0	11	9	0	0	49	27	0	0	15	18	0	6	0	0	0	2	0	0	0	11	9	0	0	49	27	0	0	18	25	0	0	0	0	0	0	0	0	0	6	0	0	0	2	0	0	0	11	9	0	0	51	27	0	14	27	24	24	0	0	0	0	0	0	0	0	0	0	0	0	0	0	0	0	6	0	14	0	2	0	24	0	15	16	15	0	72	39	24	63
111	103	29	7	16	95	17	0	0	29	7	16	17	0	7	0	63	21	16	30	87	13	0	0	17	0	0	12	0	0	0	39	0	0	7	29	7	16	3	0	14	0	0	0	0	0	17	0	7	0	63	21	16	30	79	13	0	0	13	0	0	12	0	0	0	37	0	0	0	17	0	0	3	0	0	0	0	0	0	0	12	0	0	0	39	0	0	7	29	7	16	0	0	0	0	0	0	0	0	3	0	14	0	0	0	0	0	17	0	7	0	63	21	16	30	71	13	0	0	13	0	0	12	0	0	0	37	0	0	0	13	0	0	3	0	0	0	0	0	0	0	12	0	0	0	37	0	0	0	17	0	0	0	0	0	0	0	0	0	0	3	0	0	0	0	0	0	0	12	0	0	0	39	0	0	7	27	7	16	0	0	0	0	0	0	0	0	0	0	0	0	0	0	0	0	3	0	14	0	0	0	0	0	17	0	7	0	61	21	16	30
82	76	14	8	0	70	4	0	0	14	8	0	4	0	0	0	24	12	0	0	64	2	0	0	4	0	0	1	0	0	0	3	0	0	0	14	8	0	0	0	0	0	0	0	0	0	4	0	0	0	24	12	0	0	58	2	0	0	2	0	0	1	0	0	0	3	0	0	0	4	0	0	0	0	0	0	0	0	0	0	1	0	0	0	3	0	0	0	14	8	0	0	0	0	0	0	0	0	0	0	0	0	0	0	0	0	0	4	0	0	0	24	12	0	0	52	2	0	0	2	0	0	1	0	0	0	3	0	0	0	2	0	0	0	0	0	0	0	0	0	0	1	0	0	0	3	0	0	0	4	0	0	0	0	0	0	0	0	0	0	0	0	0	0	0	0	0	0	1	0	0	0	3	0	0	0	13	8	0	0	0	0	0	0	0	0	0	0	0	0	0	0	0	0	0	0	0	0	0	0	0	0	0	4	0	0	0	23	12	0	0
102	94	12	12	10	86	0	0	5	12	12	10	0	0	6	5	19	12	20	5	78	0	0	5	0	0	5	0	0	5	5	0	0	10	5	12	12	10	0	0	0	0	0	0	0	0	0	0	6	5	19	12	20	5	70	0	0	5	0	0	5	0	0	5	5	0	0	10	5	0	0	5	0	0	0	0	0	0	0	0	0	0	5	5	0	0	10	5	12	12	10	0	0	0	0	0	0	0	0	0	0	0	0	0	0	0	0	0	0	6	5	19	12	20	5	62	0	0	5	0	0	5	0	0	5	5	0	0	10	5	0	0	5	0	0	0	0	0	0	0	0	0	0	5	5	0	0	10	5	0	0	5	0	0	0	0	0	0	0	0	0	0	0	0	0	0	0	0	0	0	5	5	0	0	10	5	12	12	10	0	0	0	0	0	0	0	0	0	0	0	0	0	0	0	0	0	0	0	0	0	0	0	0	0	0	6	5	19	12	20	5
140	129	26	24	45	118	5	0	42	26	24	45	4	0	114	30	59	32	135	0	107	4	0	37	5	0	42	0	0	109	25	18	0	126	0	26	24	45	1	0	12	48	5	0	0	0	4	0	114	30	59	32	135	0	96	4	0	22	4	0	37	0	0	101	12	15	0	111	0	5	0	42	1	0	12	14	2	0	0	0	0	0	109	25	18	0	126	0	26	24	45	0	0	0	55	2	0	0	36	1	0	12	48	5	0	0	0	4	0	114	30	59	32	135	0	85	4	0	11	4	0	22	0	0	73	5	15	0	66	0	4	0	37	1	0	12	0	2	0	0	0	0	0	101	12	15	0	111	0	5	0	42	0	0	0	12	0	0	0	6	1	0	12	14	2	0	0	0	0	0	109	25	18	0	126	0	26	24	45	0	0	0	24	0	0	0	18	0	0	0	55	2	0	0	36	1	0	12	48	5	0	0	0	4	0	114	30	59	32	135	0
218	201	37	42	85	184	16	0	45	37	42	85	9	0	103	67	85	56	255	94	167	16	0	25	16	0	45	9	0	75	25	50	0	135	25	37	42	85	7	0	0	48	6	0	0	58	9	0	103	67	85	56	255	94	150	16	0	12	16	0	25	9	0	53	12	50	0	75	12	16	0	45	7	0	0	14	4	0	0	14	9	0	75	25	50	0	135	25	37	42	85	0	0	0	35	1	0	0	36	7	0	0	48	6	0	0	58	9	0	103	67	85	56	255	94	133	16	0	5	16	0	12	9	0	33	5	50	0	36	5	16	0	25	7	0	0	0	4	0	0	0	9	0	53	12	50	0	75	12	16	0	45	0	0	0	0	0	0	0	6	7	0	0	14	4	0	0	14	9	0	75	25	50	0	135	25	35	42	85	0	0	0	0	0	0	0	18	0	0	0	35	1	0	0	36	7	0	0	48	6	0	0	58	9	0	103	67	83	56	255	94
153	141	27	27	59	129	6	0	47	27	27	59	4	0	118	25	58	36	177	49	117	5	0	42	6	0	47	0	0	104	20	19	0	141	20	27	27	59	1	0	12	48	5	0	0	0	4	0	118	25	58	36	177	49	105	5	0	17	5	0	42	0	0	96	7	16	0	126	7	6	0	47	1	0	12	14	2	0	0	0	0	0	104	20	19	0	141	20	27	27	59	0	0	0	55	2	0	0	81	1	0	12	48	5	0	0	0	4	0	118	25	58	36	177	49	93	5	0	6	5	0	17	0	0	68	0	16	0	51	0	5	0	42	1	0	12	0	2	0	0	0	0	0	96	7	16	0	126	7	6	0	47	0	0	0	12	0	0	0	12	1	0	12	14	2	0	0	0	0	0	104	20	19	0	141	20	27	27	59	0	0	0	24	0	0	0	18	0	0	0	55	2	0	0	81	1	0	12	48	5	0	0	0	4	0	118	25	58	36	177	49
78	72	11	0	8	66	0	0	0	11	0	8	0	0	0	0	14	0	0	5	60	0	0	0	0	0	0	0	0	0	0	0	0	0	5	11	0	8	0	0	0	0	0	0	0	0	0	0	0	0	14	0	0	5	54	0	0	0	0	0	0	0	0	0	0	0	0	0	5	0	0	0	0	0	0	0	0	0	0	0	0	0	0	0	0	0	0	5	11	0	8	0	0	0	0	0	0	0	0	0	0	0	0	0	0	0	0	0	0	0	0	14	0	0	5	48	0	0	0	0	0	0	0	0	0	0	0	0	0	5	0	0	0	0	0	0	0	0	0	0	0	0	0	0	0	0	0	0	5	0	0	0	0	0	0	0	0	0	0	0	0	0	0	0	0	0	0	0	0	0	0	0	0	0	0	5	11	0	8	0	0	0	0	0	0	0	0	0	0	0	0	0	0	0	0	0	0	0	0	0	0	0	0	0	0	0	0	14	0	0	5
166	152	25	24	82	138	6	0	37	25	24	82	6	0	22	87	61	60	164	199	124	5	0	35	6	0	37	2	0	20	81	16	0	74	139	25	24	82	4	0	0	19	3	0	0	0	6	0	22	87	61	60	164	199	110	4	0	33	5	0	35	1	0	20	75	14	0	70	109	6	0	37	0	0	0	17	0	0	0	0	2	0	20	81	16	0	74	139	25	24	82	0	0	0	24	0	0	0	0	4	0	0	19	3	0	0	0	6	0	22	87	61	60	164	199	96	4	0	26	4	0	33	1	0	20	56	11	0	66	56	5	0	35	0	0	0	12	0	0	0	0	1	0	20	75	14	0	70	109	6	0	37	0	0	0	14	0	0	0	0	0	0	0	17	0	0	0	0	2	0	20	81	16	0	74	139	24	24	82	1	0	0	55	2	0	0	0	0	0	0	24	0	0	0	0	4	0	0	19	3	0	0	0	6	0	22	87	59	60	164	199
204	185	60	110	80	166	25	60	75	60	110	80	22	76	33	69	141	297	320	0	147	21	45	74	25	60	75	15	28	31	66	68	152	300	0	60	110	80	4	44	33	14	6	11	80	0	22	76	33	69	141	297	320	0	128	17	34	72	21	45	74	11	17	31	60	61	118	296	0	25	60	75	3	0	33	12	3	0	75	0	15	28	31	66	68	152	300	0	57	110	80	9	0	44	24	6	0	80	0	4	44	33	14	6	11	80	0	22	76	33	69	134	297	320	0	110	10	33	57	17	34	72	6	17	31	41	51	85	288	0	21	45	74	2	0	33	7	3	0	74	0	11	17	31	60	61	118	296	0	24	60	75	3	0	44	14	3	0	75	0	3	0	33	12	3	0	75	0	15	28	31	66	64	152	300	0	49	92	80	4	16	55	113	8	32	0	0	9	0	44	24	6	0	80	0	4	44	33	14	6	11	80	0	21	76	33	69	109	261	320	0
103	94	35	20	4	85	10	0	4	35	20	4	12	0	8	0	77	60	20	0	76	8	0	4	10	0	4	3	0	8	0	32	0	20	0	35	20	4	4	0	0	0	2	4	0	0	12	0	8	0	77	60	20	0	67	7	0	4	8	0	4	2	0	8	0	27	0	20	0	10	0	4	0	0	0	0	0	0	0	0	3	0	8	0	32	0	20	0	34	20	4	0	0	0	0	0	0	0	0	4	0	0	0	2	4	0	0	12	0	8	0	73	60	20	0	58	7	0	4	7	0	4	2	0	8	0	24	0	20	0	8	0	4	0	0	0	0	0	0	0	0	2	0	8	0	27	0	20	0	9	0	4	0	0	0	0	0	0	0	0	0	0	0	0	0	0	0	0	3	0	8	0	28	0	20	0	30	20	4	1	0	0	0	4	0	0	0	0	0	0	0	0	0	0	0	4	0	0	0	2	4	0	0	11	0	8	0	59	60	20	0
144	132	23	0	100	120	14	0	54	23	0	100	15	0	14	106	64	0	0	199	108	13	0	33	14	0	54	11	0	12	73	36	0	0	139	23	0	100	7	0	0	35	2	0	0	73	15	0	14	106	64	0	0	199	96	12	0	24	13	0	33	10	0	12	60	34	0	0	109	14	0	54	3	0	0	12	0	0	0	20	11	0	12	73	36	0	0	139	23	0	100	0	0	0	24	0	0	0	25	7	0	0	35	2	0	0	73	15	0	14	106	64	0	0	199	84	12	0	17	12	0	24	10	0	12	41	31	0	0	56	13	0	33	3	0	0	7	0	0	0	7	10	0	12	60	34	0	0	109	14	0	54	0	0	0	14	0	0	0	7	3	0	0	12	0	0	0	20	11	0	12	73	36	0	0	139	20	0	100	1	0	0	55	2	0	0	0	0	0	0	24	0	0	0	25	7	0	0	35	2	0	0	73	15	0	14	106	60	0	0	199
171	156	52	38	94	141	29	14	57	52	38	94	37	0	14	79	137	138	188	189	126	27	14	53	29	14	57	28	0	12	73	83	42	114	134	52	38	94	20	0	0	35	10	12	0	0	37	0	14	79	137	138	188	189	111	25	14	40	27	14	53	27	0	12	60	78	42	106	104	29	14	57	16	0	0	12	8	0	0	0	28	0	12	73	83	42	114	134	52	38	94	9	0	11	44	6	0	0	25	20	0	0	35	10	12	0	0	37	0	14	79	137	138	188	189	96	19	14	23	25	14	40	24	0	12	41	72	42	80	51	27	14	53	16	0	0	7	8	0	0	0	27	0	12	60	78	42	106	104	29	14	57	9	0	11	14	6	0	0	7	16	0	0	12	8	0	0	0	28	0	12	73	83	42	114	134	45	38	94	2	0	60	85	6	0	0	13	9	0	11	44	6	0	0	25	20	0	0	35	10	12	0	0	37	0	14	79	121	138	188	189
108	98	22	16	34	88	8	0	4	22	16	34	8	0	11	12	44	0	68	166	78	6	0	4	8	0	4	2	0	0	12	27	0	8	116	22	16	34	0	0	11	0	0	0	0	0	8	0	11	12	44	0	68	166	68	6	0	4	6	0	4	2	0	0	12	21	0	8	113	8	0	4	0	0	0	0	0	0	0	0	2	0	0	12	27	0	8	116	21	16	34	0	0	0	0	0	0	0	0	0	0	11	0	0	0	0	0	8	0	11	12	40	0	68	166	58	6	0	4	6	0	4	2	0	0	12	21	0	8	109	6	0	4	0	0	0	0	0	0	0	0	2	0	0	12	21	0	8	113	7	0	4	0	0	0	0	0	0	0	0	0	0	0	0	0	0	0	0	2	0	0	12	23	0	8	116	17	16	34	1	0	0	0	4	0	0	0	0	0	0	0	0	0	0	0	0	0	11	0	0	0	0	0	7	0	11	12	26	0	68	166
217	197	36	51	124	177	12	0	77	36	51	124	12	0	91	79	67	34	372	260	157	8	0	75	12	0	77	2	0	78	71	39	0	231	173	36	51	124	0	0	33	24	0	0	0	0	12	0	91	79	67	34	372	260	137	8	0	75	8	0	75	2	0	78	71	29	0	225	166	12	0	77	0	0	21	24	0	0	0	0	2	0	78	71	39	0	231	173	35	51	124	0	0	0	0	0	0	0	0	0	0	33	24	0	0	0	0	12	0	91	79	63	34	372	260	117	8	0	75	8	0	75	2	0	78	71	29	0	225	149	8	0	75	0	0	21	24	0	0	0	0	2	0	78	71	29	0	225	166	11	0	77	0	0	0	0	0	0	0	0	0	0	21	24	0	0	0	0	2	0	78	71	35	0	231	173	30	51	124	1	0	0	0	6	0	0	0	0	0	0	0	0	0	0	0	0	0	33	24	0	0	0	0	11	0	91	79	44	34	372	260
144	129	46	73	27	114	14	33	0	46	73	27	9	35	11	0	107	204	135	178	99	13	26	0	14	33	0	8	0	0	0	46	112	0	136	46	73	27	1	0	11	0	2	0	27	0	9	35	11	0	107	204	135	178	84	13	26	0	13	26	0	8	0	0	0	43	91	0	131	14	33	0	1	0	0	0	0	0	0	0	8	0	0	0	46	112	0	136	37	73	27	6	0	0	0	3	0	0	0	1	0	11	0	1	0	27	0	9	35	11	0	84	204	135	178	71	11	26	0	13	26	0	8	0	0	0	43	91	0	116	13	26	0	1	0	0	0	0	0	0	0	8	0	0	0	43	91	0	131	12	33	0	0	0	0	0	0	0	0	0	1	0	0	0	0	0	0	0	8	0	0	0	41	112	0	136	31	47	27	9	0	0	0	10	24	0	0	6	0	0	0	3	0	0	0	1	0	11	0	1	0	27	0	6	35	11	0	63	113	135	178
93	83	29	29	15	73	6	16	0	29	29	15	7	8	11	0	58	76	30	84	63	4	16	0	6	16	0	1	8	0	0	18	72	0	79	25	29	15	0	0	11	0	1	0	0	0	7	8	11	0	50	76	30	84	54	4	16	0	4	16	0	1	8	0	0	12	72	0	78	6	16	0	0	0	0	0	0	0	0	0	1	8	0	0	18	72	0	79	20	20	15	0	0	0	0	0	0	0	0	0	0	11	0	0	0	0	0	7	8	11	0	35	40	30	84	46	4	16	0	4	16	0	1	8	0	0	12	72	0	76	4	16	0	0	0	0	0	0	0	0	0	1	8	0	0	12	72	0	78	6	8	0	0	0	0	0	0	0	0	0	0	0	0	0	0	0	0	0	1	8	0	0	18	40	0	79	17	12	15	1	0	0	0	4	0	0	0	0	0	0	0	0	0	0	0	0	0	11	0	0	0	0	0	7	0	11	0	26	0	30	84
85	77	20	15	4	69	6	0	0	20	15	4	6	0	0	0	42	10	12	4	61	5	0	0	6	0	0	1	0	0	0	24	0	0	4	20	15	4	0	0	0	0	0	0	0	0	6	0	0	0	42	10	12	4	53	5	0	0	5	0	0	1	0	0	0	21	0	0	4	6	0	0	0	0	0	0	0	0	0	0	1	0	0	0	24	0	0	4	19	15	4	0	0	0	0	0	0	0	0	0	0	0	0	0	0	0	0	6	0	0	0	38	10	12	4	45	5	0	0	5	0	0	1	0	0	0	21	0	0	4	5	0	0	0	0	0	0	0	0	0	0	1	0	0	0	21	0	0	4	5	0	0	0	0	0	0	0	0	0	0	0	0	0	0	0	0	0	0	1	0	0	0	20	0	0	4	15	15	4	0	0	0	0	4	0	0	0	0	0	0	0	0	0	0	0	0	0	0	0	0	0	0	0	5	0	0	0	21	10	12	4
121	106	58	79	21	91	21	45	14	58	79	21	17	46	26	0	165	232	105	27	76	21	44	14	21	45	14	17	44	19	0	72	133	70	0	57	79	21	2	11	0	0	7	0	0	0	17	46	26	0	163	232	105	27	62	21	44	14	21	44	14	17	44	19	0	72	132	70	0	21	45	14	2	11	0	0	0	0	0	0	17	44	19	0	72	133	70	0	44	65	21	10	0	0	0	12	0	0	0	2	11	0	0	6	0	0	0	17	46	26	0	129	218	105	27	50	18	39	14	21	44	14	17	44	19	0	72	132	70	0	21	44	14	2	11	0	0	0	0	0	0	17	44	19	0	72	132	70	0	15	33	14	0	0	0	0	0	0	0	0	2	11	0	0	0	0	0	0	17	44	19	0	56	121	70	0	30	41	21	11	30	0	0	8	18	0	0	10	0	0	0	12	0	0	0	2	11	0	0	6	0	0	0	9	22	26	0	83	134	105	27
96	86	33	24	11	76	12	0	4	33	24	11	7	0	19	0	93	60	44	27	66	12	0	4	12	0	4	7	0	12	0	39	0	16	0	33	24	11	1	0	0	0	3	0	0	0	7	0	19	0	93	60	44	27	56	12	0	4	12	0	4	7	0	12	0	39	0	16	0	12	0	4	1	0	0	0	0	0	0	0	7	0	12	0	39	0	16	0	32	24	11	10	0	0	0	9	0	0	0	1	0	0	0	3	0	0	0	7	0	19	0	92	60	44	27	46	9	0	4	12	0	4	7	0	12	0	39	0	16	0	12	0	4	1	0	0	0	0	0	0	0	7	0	12	0	39	0	16	0	11	0	4	0	0	0	0	0	0	0	0	1	0	0	0	0	0	0	0	7	0	12	0	38	0	16	0	25	24	11	12	0	0	0	7	18	0	0	10	0	0	0	9	0	0	0	1	0	0	0	3	0	0	0	5	0	19	0	69	60	44	27
140	126	14	0	100	112	5	0	52	14	0	100	1	0	31	44	43	0	0	204	98	5	0	51	5	0	52	1	0	22	43	21	0	0	81	14	0	100	0	0	0	11	0	0	0	0	1	0	31	44	43	0	0	204	84	5	0	51	5	0	51	1	0	21	43	21	0	0	79	5	0	52	0	0	0	11	0	0	0	0	1	0	22	43	21	0	0	81	13	0	100	0	0	0	0	0	0	0	0	0	0	0	11	0	0	0	0	1	0	31	44	39	0	0	204	70	5	0	51	5	0	51	1	0	21	43	21	0	0	79	5	0	51	0	0	0	11	0	0	0	0	1	0	21	43	21	0	0	79	4	0	52	0	0	0	0	0	0	0	0	0	0	0	11	0	0	0	0	1	0	22	43	17	0	0	81	9	0	100	0	0	0	0	7	0	0	0	0	0	0	0	0	0	0	0	0	0	0	11	0	0	0	0	0	0	31	44	22	0	0	204
152	136	37	41	96	120	12	15	59	37	41	96	9	0	70	80	100	140	192	155	104	11	15	46	12	15	59	7	0	57	35	34	75	118	77	37	41	96	1	0	12	22	3	0	0	80	9	0	70	80	100	140	192	155	88	11	15	46	11	15	46	7	0	43	35	33	75	92	75	12	15	59	1	0	12	22	0	0	0	75	7	0	57	35	34	75	118	77	31	41	96	6	0	0	0	6	0	0	0	1	0	12	22	2	0	0	80	9	0	70	80	84	140	192	155	73	9	15	46	11	15	46	7	0	43	35	33	75	92	75	11	15	46	1	0	11	22	0	0	0	74	7	0	43	35	33	75	92	75	11	15	59	0	0	0	0	0	0	0	0	1	0	12	22	0	0	0	75	7	0	57	35	33	75	118	77	25	26	96	9	0	0	0	12	26	0	0	6	0	0	0	6	0	0	0	1	0	12	22	2	0	0	80	7	0	70	80	66	65	192	155
80	72	12	0	43	64	5	0	0	12	0	43	1	0	7	0	39	0	0	204	56	5	0	0	5	0	0	1	0	0	0	21	0	0	81	12	0	43	0	0	0	0	0	0	0	0	1	0	7	0	39	0	0	204	48	5	0	0	5	0	0	1	0	0	0	21	0	0	79	5	0	0	0	0	0	0	0	0	0	0	1	0	0	0	21	0	0	81	11	0	43	0	0	0	0	0	0	0	0	0	0	0	0	0	0	0	0	1	0	7	0	35	0	0	204	40	5	0	0	5	0	0	1	0	0	0	21	0	0	79	5	0	0	0	0	0	0	0	0	0	0	1	0	0	0	21	0	0	79	4	0	0	0	0	0	0	0	0	0	0	0	0	0	0	0	0	0	0	1	0	0	0	17	0	0	81	7	0	43	0	0	0	0	7	0	0	0	0	0	0	0	0	0	0	0	0	0	0	0	0	0	0	0	0	0	7	0	18	0	0	204
143	127	39	15	77	111	24	0	62	39	15	77	21	0	0	16	118	15	77	32	95	24	0	62	24	0	62	21	0	0	16	77	0	62	18	39	15	77	3	0	0	0	8	0	0	0	21	0	0	16	118	15	77	32	79	24	0	62	24	0	62	21	0	0	16	77	0	62	18	24	0	62	3	0	0	0	0	0	0	0	21	0	0	16	77	0	62	18	30	15	77	10	0	0	0	12	0	0	0	3	0	0	0	8	0	0	0	21	0	0	16	94	15	77	32	63	18	0	62	24	0	62	21	0	0	16	77	0	62	18	24	0	62	3	0	0	0	0	0	0	0	21	0	0	16	77	0	62	18	15	0	62	0	0	0	0	0	0	0	0	3	0	0	0	0	0	0	0	21	0	0	16	53	0	62	18	21	15	77	7	0	22	0	0	0	0	0	10	0	0	0	12	0	0	0	3	0	0	0	8	0	0	0	11	0	0	16	65	15	77	32
122	107	45	63	35	92	17	26	22	45	63	35	21	13	0	7	114	179	140	32	77	16	26	22	17	26	22	18	13	0	7	54	78	88	18	45	63	35	12	0	0	0	13	9	0	0	21	13	0	7	114	179	140	32	62	13	22	22	16	26	22	15	13	0	7	50	78	88	18	17	26	22	3	0	0	0	0	0	0	0	18	13	0	7	54	78	88	18	41	63	35	6	36	0	0	9	27	0	0	12	0	0	0	13	9	0	0	21	13	0	7	109	179	140	32	48	8	9	22	13	22	22	15	9	0	7	41	62	88	18	16	26	22	3	0	0	0	0	0	0	0	15	13	0	7	50	78	88	18	15	26	22	0	0	0	0	0	0	0	0	3	0	0	0	0	0	0	0	18	13	0	7	52	78	88	18	31	49	35	3	36	22	0	0	0	35	0	6	36	0	0	9	27	0	0	12	0	0	0	13	9	0	0	16	13	0	7	80	151	140	32
121	107	41	45	27	93	15	0	20	41	45	27	23	0	0	4	94	144	135	21	79	12	0	20	15	0	20	10	0	0	4	44	0	100	14	41	45	27	10	0	0	0	13	27	0	0	23	0	0	4	94	144	135	21	65	9	0	20	12	0	20	7	0	0	4	36	0	100	14	15	0	20	1	0	0	0	0	0	0	0	10	0	0	4	44	0	100	14	40	45	27	10	0	0	0	9	27	0	0	10	0	0	0	13	27	0	0	23	0	0	4	93	144	135	21	51	5	0	20	9	0	20	7	0	0	4	27	0	100	14	12	0	20	1	0	0	0	0	0	0	0	7	0	0	4	36	0	100	14	14	0	20	0	0	0	0	0	0	0	0	1	0	0	0	0	0	0	0	10	0	0	4	43	0	100	14	36	45	27	7	0	6	0	0	0	0	0	10	0	0	0	9	27	0	0	10	0	0	0	13	27	0	0	21	0	0	4	82	144	135	21
115	102	32	22	71	89	14	0	40	32	22	71	13	0	13	64	91	44	142	128	76	13	0	38	14	0	40	10	0	12	60	45	0	80	77	32	22	71	10	0	0	22	9	11	0	0	13	0	13	64	91	44	142	128	63	10	0	36	13	0	38	7	0	12	57	41	0	76	64	14	0	40	1	0	0	21	0	0	0	0	10	0	12	60	45	0	80	77	31	22	71	10	0	0	22	9	33	0	0	10	0	0	22	9	11	0	0	13	0	13	64	90	44	142	128	50	6	0	36	10	0	36	7	0	11	57	32	0	72	64	13	0	38	1	0	0	21	0	0	0	0	7	0	12	57	41	0	76	64	13	0	40	0	0	0	22	0	0	0	0	1	0	0	21	0	0	0	0	10	0	12	60	44	0	80	77	26	22	71	7	0	6	0	0	0	0	0	10	0	0	22	9	33	0	0	10	0	0	22	9	11	0	0	11	0	13	64	74	44	142	128
137	120	49	77	79	103	17	42	47	49	77	79	15	28	52	62	127	207	237	128	86	15	42	36	17	42	47	9	28	51	23	52	126	141	77	49	77	79	11	0	13	44	14	11	0	27	15	28	52	62	127	207	237	128	69	12	36	22	15	42	36	6	28	51	11	47	126	108	64	17	42	47	2	0	13	0	0	0	0	0	9	28	51	23	52	126	141	77	46	77	79	7	66	0	33	12	33	0	80	11	0	13	44	14	11	0	27	15	28	52	62	123	207	237	128	53	8	11	22	12	36	22	6	22	44	11	38	105	66	64	15	42	36	1	0	13	0	0	0	0	0	6	28	51	11	47	126	108	64	16	42	47	0	0	0	33	0	0	0	75	2	0	13	0	0	0	0	0	9	28	51	23	51	126	141	77	32	61	79	4	33	35	0	0	0	158	0	7	66	0	33	12	33	0	80	11	0	13	44	14	11	0	27	13	28	52	62	84	175	237	128
119	104	42	14	115	89	19	0	57	42	14	115	34	0	51	39	94	42	115	289	74	11	0	56	19	0	57	12	0	50	37	56	0	57	191	42	14	115	12	0	30	12	12	28	0	0	34	0	51	39	94	42	115	289	59	2	0	56	11	0	56	3	0	50	37	32	0	56	178	19	0	57	0	0	30	12	0	0	0	0	12	0	50	37	56	0	57	191	42	14	115	0	0	65	0	0	0	0	0	12	0	30	12	12	28	0	0	34	0	51	39	94	42	115	289	44	0	0	51	2	0	56	0	0	50	33	4	0	56	162	11	0	56	0	0	30	11	0	0	0	0	3	0	50	37	32	0	56	178	19	0	57	0	0	33	0	0	0	0	0	0	0	30	12	0	0	0	0	12	0	50	37	56	0	57	191	40	14	115	0	0	20	53	0	0	0	0	0	0	65	0	0	0	0	0	12	0	30	12	12	28	0	0	34	0	51	39	90	42	115	289
122	105	50	85	64	88	15	49	23	50	85	64	28	69	24	13	110	248	192	212	71	8	30	23	15	49	23	9	30	23	13	43	157	69	129	50	85	64	3	90	30	0	10	20	64	0	28	69	24	13	110	248	192	212	54	2	0	23	8	30	23	3	0	23	13	23	90	69	116	15	49	23	0	0	30	0	0	0	23	0	9	30	23	13	43	157	69	129	50	85	64	0	0	65	0	0	0	192	0	3	90	30	0	10	20	64	0	28	69	24	13	110	248	192	212	37	0	0	20	2	0	23	0	0	23	11	4	0	69	100	8	30	23	0	0	30	0	0	0	23	0	3	0	23	13	23	90	69	116	15	49	23	0	0	33	0	0	0	69	0	0	0	30	0	0	0	23	0	9	30	23	13	43	157	69	129	39	85	64	0	0	20	31	0	0	0	0	0	0	65	0	0	0	192	0	3	90	30	0	10	20	64	0	28	69	24	13	86	248	192	212
143	124	49	94	85	105	19	24	75	49	94	85	24	120	68	13	115	164	425	27	86	6	0	75	19	24	75	9	0	67	13	61	48	375	20	49	94	85	12	0	99	0	12	24	170	0	24	120	68	13	115	164	425	27	67	0	0	75	6	0	75	0	0	67	13	17	0	375	20	19	24	75	0	0	99	0	0	0	150	0	9	0	67	13	61	48	375	20	49	94	85	0	0	34	0	0	0	0	0	12	0	99	0	12	24	170	0	24	120	68	13	115	164	425	27	48	0	0	72	0	0	75	0	0	67	11	0	0	375	20	6	0	75	0	0	99	0	0	0	150	0	0	0	67	13	17	0	375	20	19	24	75	0	0	33	0	0	0	0	0	0	0	99	0	0	0	150	0	9	0	67	13	61	48	375	20	49	94	85	0	0	0	31	0	0	0	0	0	0	34	0	0	0	0	0	12	0	99	0	12	24	170	0	24	120	68	13	115	164	425	27
84	73	30	28	27	62	10	0	9	30	28	27	23	0	27	0	61	35	108	62	51	5	0	9	10	0	9	4	0	27	0	29	0	36	42	30	28	27	9	0	0	0	10	14	0	0	23	0	27	0	61	35	108	62	40	1	0	9	5	0	9	1	0	27	0	15	0	36	42	10	0	9	0	0	0	0	0	0	0	0	4	0	27	0	29	0	36	42	30	28	27	0	0	9	0	0	0	0	0	9	0	0	0	10	14	0	0	23	0	27	0	61	35	108	62	29	0	0	9	1	0	9	0	0	27	0	2	0	36	42	5	0	9	0	0	0	0	0	0	0	0	1	0	27	0	15	0	36	42	10	0	9	0	0	0	0	0	0	0	0	0	0	0	0	0	0	0	0	4	0	27	0	29	0	36	42	29	28	27	0	0	9	0	0	0	0	0	0	0	9	0	0	0	0	0	9	0	0	0	10	14	0	0	23	0	27	0	59	35	108	62
77	67	30	21	29	57	13	0	0	30	21	29	25	0	0	0	67	28	87	141	47	8	0	0	13	0	0	6	0	0	0	38	0	0	89	30	21	29	9	0	0	0	8	14	0	0	25	0	0	0	67	28	87	141	37	2	0	0	8	0	0	3	0	0	0	24	0	0	78	13	0	0	0	0	0	0	0	0	0	0	6	0	0	0	38	0	0	89	30	21	29	0	0	31	0	0	0	0	0	9	0	0	0	8	14	0	0	25	0	0	0	67	28	87	141	27	0	0	0	2	0	0	0	0	0	0	4	0	0	64	8	0	0	0	0	0	0	0	0	0	0	3	0	0	0	24	0	0	78	13	0	0	0	0	0	0	0	0	0	0	0	0	0	0	0	0	0	0	6	0	0	0	38	0	0	89	28	21	29	0	0	20	0	0	0	0	0	0	0	31	0	0	0	0	0	9	0	0	0	8	14	0	0	25	0	0	0	63	28	87	141
83	71	12	11	78	59	3	0	52	12	11	78	6	0	24	79	25	0	78	112	47	0	0	51	3	0	52	0	0	0	76	9	0	52	84	12	11	78	0	0	17	13	0	0	0	0	6	0	24	79	25	0	78	112	35	0	0	51	0	0	51	0	0	0	76	0	0	51	84	3	0	52	0	0	14	13	0	0	0	0	0	0	0	76	9	0	52	84	12	11	78	0	0	0	0	0	0	0	0	0	0	17	13	0	0	0	0	6	0	24	79	25	0	78	112	23	0	0	51	0	0	51	0	0	0	76	0	0	51	84	0	0	51	0	0	13	13	0	0	0	0	0	0	0	76	0	0	51	84	3	0	52	0	0	0	0	0	0	0	0	0	0	14	13	0	0	0	0	0	0	0	76	9	0	52	84	12	11	78	0	0	0	0	0	0	0	0	0	0	0	0	0	0	0	0	0	0	17	13	0	0	0	0	6	0	24	79	25	0	78	112
105	89	28	61	75	73	5	22	19	28	61	75	9	66	73	57	67	150	225	320	57	0	0	19	5	22	19	0	0	30	57	14	66	57	164	28	61	75	0	0	56	0	0	0	150	0	9	66	73	57	67	150	225	320	41	0	0	19	0	0	19	0	0	30	57	0	0	57	163	5	22	19	0	0	20	0	0	0	38	0	0	0	30	57	14	66	57	164	28	61	75	0	0	0	0	0	0	0	0	0	0	56	0	0	0	150	0	9	66	73	57	67	150	225	320	25	0	0	19	0	0	19	0	0	30	57	0	0	57	163	0	0	19	0	0	20	0	0	0	38	0	0	0	30	57	0	0	57	163	5	22	19	0	0	0	0	0	0	0	0	0	0	20	0	0	0	38	0	0	0	30	57	14	66	57	164	22	61	75	0	0	0	0	0	0	0	0	0	0	0	0	0	0	0	0	0	0	56	0	0	0	150	0	9	66	73	57	53	150	225	320
56	48	12	0	38	40	2	0	9	12	0	38	6	0	24	27	22	0	0	141	32	0	0	9	2	0	9	0	0	0	27	6	0	0	84	12	0	38	0	0	0	0	0	0	0	0	6	0	24	27	22	0	0	141	24	0	0	9	0	0	9	0	0	0	27	0	0	0	84	2	0	9	0	0	0	0	0	0	0	0	0	0	0	27	6	0	0	84	12	0	38	0	0	0	0	0	0	0	0	0	0	0	0	0	0	0	0	6	0	24	27	22	0	0	141	16	0	0	9	0	0	9	0	0	0	27	0	0	0	84	0	0	9	0	0	0	0	0	0	0	0	0	0	0	27	0	0	0	84	2	0	9	0	0	0	0	0	0	0	0	0	0	0	0	0	0	0	0	0	0	0	27	6	0	0	84	12	0	38	0	0	0	0	0	0	0	0	0	0	0	0	0	0	0	0	0	0	0	0	0	0	0	0	6	0	24	27	22	0	0	141
67	57	22	21	30	47	5	0	7	22	21	30	9	0	58	7	54	42	90	149	37	0	0	7	5	0	7	0	0	21	7	15	0	21	98	22	21	30	0	0	30	0	0	0	0	0	9	0	58	7	54	42	90	149	27	0	0	7	0	0	7	0	0	21	7	0	0	21	98	5	0	7	0	0	0	0	0	0	0	0	0	0	21	7	15	0	21	98	22	21	30	0	0	0	0	0	0	0	0	0	0	30	0	0	0	0	0	9	0	58	7	54	42	90	149	17	0	0	7	0	0	7	0	0	21	7	0	0	21	98	0	0	7	0	0	0	0	0	0	0	0	0	0	21	7	0	0	21	98	5	0	7	0	0	0	0	0	0	0	0	0	0	0	0	0	0	0	0	0	0	21	7	15	0	21	98	22	21	30	0	0	0	0	0	0	0	0	0	0	0	0	0	0	0	0	0	0	30	0	0	0	0	0	9	0	58	7	54	42	90	149
62	53	15	8	36	44	5	0	0	15	8	36	9	0	34	0	35	0	36	205	35	0	0	0	5	0	0	0	0	0	0	15	0	0	107	15	8	36	0	0	30	0	0	0	0	0	9	0	34	0	35	0	36	205	26	0	0	0	0	0	0	0	0	0	0	0	0	0	107	5	0	0	0	0	0	0	0	0	0	0	0	0	0	0	15	0	0	107	15	8	36	0	0	0	0	0	0	0	0	0	0	30	0	0	0	0	0	9	0	34	0	35	0	36	205	17	0	0	0	0	0	0	0	0	0	0	0	0	0	107	0	0	0	0	0	0	0	0	0	0	0	0	0	0	0	0	0	0	107	5	0	0	0	0	0	0	0	0	0	0	0	0	0	0	0	0	0	0	0	0	0	0	15	0	0	107	15	8	36	0	0	0	0	0	0	0	0	0	0	0	0	0	0	0	0	0	0	30	0	0	0	0	0	9	0	34	0	35	0	36	205
80	66	26	40	79	52	1	0	77	26	40	79	2	0	62	21	58	110	316	0	38	0	0	71	1	0	77	0	0	60	17	1	0	308	0	26	40	79	0	0	13	63	0	0	0	0	2	0	62	21	58	110	316	0	24	0	0	71	0	0	71	0	0	54	17	0	0	284	0	1	0	77	0	0	13	63	0	0	0	0	0	0	60	17	1	0	308	0	26	40	79	0	0	0	0	0	0	0	0	0	0	13	63	0	0	0	0	2	0	62	21	58	110	316	0	10	0	0	71	0	0	71	0	0	54	17	0	0	284	0	0	0	71	0	0	13	63	0	0	0	0	0	0	54	17	0	0	284	0	1	0	77	0	0	0	0	0	0	0	0	0	0	13	63	0	0	0	0	0	0	60	17	1	0	308	0	14	40	79	0	0	0	0	0	0	0	0	0	0	0	0	0	0	0	0	0	0	13	63	0	0	0	0	2	0	62	21	34	110	316	0
64	53	19	18	53	42	0	0	33	19	18	53	0	0	50	21	47	36	106	105	31	0	0	28	0	0	33	0	0	26	17	0	0	66	26	19	18	53	0	0	0	48	0	0	0	0	0	0	50	21	47	36	106	105	20	0	0	28	0	0	28	0	0	20	17	0	0	56	26	0	0	33	0	0	0	48	0	0	0	0	0	0	26	17	0	0	66	26	19	18	53	0	0	0	0	0	0	0	0	0	0	0	48	0	0	0	0	0	0	50	21	47	36	106	105	9	0	0	28	0	0	28	0	0	20	17	0	0	56	26	0	0	28	0	0	0	48	0	0	0	0	0	0	20	17	0	0	56	26	0	0	33	0	0	0	0	0	0	0	0	0	0	0	48	0	0	0	0	0	0	26	17	0	0	66	26	15	18	53	0	0	0	0	0	0	0	0	0	0	0	0	0	0	0	0	0	0	0	48	0	0	0	0	0	0	50	21	40	36	106	105
98	81	31	52	104	64	1	0	76	31	52	104	2	0	123	111	73	143	416	105	47	0	0	49	1	0	76	0	0	90	17	1	0	304	26	31	52	104	0	0	13	48	0	0	0	149	2	0	123	111	73	143	416	105	30	0	0	49	0	0	49	0	0	54	17	0	0	196	26	1	0	76	0	0	13	48	0	0	0	98	0	0	90	17	1	0	304	26	31	52	104	0	0	0	0	0	0	0	0	0	0	13	48	0	0	0	149	2	0	123	111	73	143	416	105	13	0	0	49	0	0	49	0	0	54	17	0	0	196	26	0	0	49	0	0	13	48	0	0	0	98	0	0	54	17	0	0	196	26	1	0	76	0	0	0	0	0	0	0	0	0	0	13	48	0	0	0	98	0	0	90	17	1	0	304	26	19	52	104	0	0	0	0	0	0	0	0	0	0	0	0	0	0	0	0	0	0	13	48	0	0	0	149	2	0	123	111	49	143	416	105
51	42	21	18	21	33	1	0	21	21	18	21	2	0	34	0	47	42	63	0	24	0	0	21	1	0	21	0	0	34	0	1	0	63	0	21	18	21	0	0	13	0	0	0	0	0	2	0	34	0	47	42	63	0	15	0	0	21	0	0	21	0	0	34	0	0	0	63	0	1	0	21	0	0	13	0	0	0	0	0	0	0	34	0	1	0	63	0	21	18	21	0	0	0	0	0	0	0	0	0	0	13	0	0	0	0	0	2	0	34	0	47	42	63	0	6	0	0	21	0	0	21	0	0	34	0	0	0	63	0	0	0	21	0	0	13	0	0	0	0	0	0	0	34	0	0	0	63	0	1	0	21	0	0	0	0	0	0	0	0	0	0	13	0	0	0	0	0	0	0	34	0	1	0	63	0	13	18	21	0	0	0	0	0	0	0	0	0	0	0	0	0	0	0	0	0	0	13	0	0	0	0	0	2	0	34	0	33	42	63	0
48	40	11	0	54	32	0	0	12	11	0	54	0	0	22	60	28	0	0	219	24	0	0	0	0	0	12	0	0	0	0	0	0	0	78	11	0	54	0	0	0	0	0	0	0	85	0	0	22	60	28	0	0	219	16	0	0	0	0	0	0	0	0	0	0	0	0	0	77	0	0	12	0	0	0	0	0	0	0	75	0	0	0	0	0	0	0	78	11	0	54	0	0	0	0	0	0	0	0	0	0	0	0	0	0	0	85	0	0	22	60	28	0	0	219	8	0	0	0	0	0	0	0	0	0	0	0	0	0	77	0	0	0	0	0	0	0	0	0	0	75	0	0	0	0	0	0	0	77	0	0	12	0	0	0	0	0	0	0	0	0	0	0	0	0	0	0	75	0	0	0	0	0	0	0	78	11	0	54	0	0	0	0	0	0	0	0	0	0	0	0	0	0	0	0	0	0	0	0	0	0	0	85	0	0	22	60	28	0	0	219
81	64	36	52	107	47	3	0	80	36	52	107	9	0	111	46	83	130	428	183	30	0	0	66	3	0	80	0	0	111	10	4	0	320	153	36	52	107	0	0	29	30	2	0	0	75	9	0	111	46	83	130	428	183	13	0	0	49	0	0	66	0	0	111	0	0	0	264	120	3	0	80	0	0	29	0	0	0	0	19	0	0	111	10	4	0	320	153	23	52	107	0	0	0	69	0	0	0	64	0	0	29	30	0	0	0	75	9	0	111	46	59	130	428	183	0	0	0	22	0	0	49	0	0	104	0	0	0	196	120	0	0	66	0	0	29	0	0	0	0	19	0	0	111	0	0	0	264	120	0	0	80	0	0	0	0	0	0	0	23	0	0	29	0	0	0	0	19	0	0	111	10	0	0	320	153	0	0	107	0	0	0	46	0	0	0	114	0	0	0	69	0	0	0	64	0	0	29	30	0	0	0	75	0	0	111	46	0	0	428	183
60	47	38	40	39	34	3	0	39	38	40	39	8	0	83	0	89	120	195	0	21	0	0	39	3	0	39	0	0	83	0	5	0	195	0	38	40	39	0	0	29	0	3	0	0	0	8	0	83	0	89	120	195	0	8	0	0	39	0	0	39	0	0	83	0	0	0	195	0	3	0	39	0	0	29	0	0	0	0	0	0	0	83	0	5	0	195	0	20	40	39	0	0	0	0	0	0	0	0	0	0	29	0	0	0	0	0	8	0	83	0	49	120	195	0	0	0	0	37	0	0	39	0	0	83	0	0	0	195	0	0	0	39	0	0	29	0	0	0	0	0	0	0	83	0	0	0	195	0	0	0	39	0	0	0	0	0	0	0	0	0	0	29	0	0	0	0	0	0	0	83	0	0	0	195	0	0	0	39	0	0	0	16	0	0	0	0	0	0	0	0	0	0	0	0	0	0	29	0	0	0	0	0	0	0	83	0	0	0	195	0
73	58	21	26	104	43	1	0	59	21	26	104	1	0	21	88	49	52	208	257	28	0	0	44	1	0	59	0	0	21	49	2	0	118	207	21	26	104	0	0	11	43	1	0	0	75	1	0	21	88	49	52	208	257	13	0	0	31	0	0	44	0	0	21	30	0	0	88	169	1	0	59	0	0	11	10	0	0	0	19	0	0	21	49	2	0	118	207	16	26	104	0	0	0	30	0	0	0	64	0	0	11	43	0	0	0	75	1	0	21	88	40	52	208	257	0	0	0	31	0	0	31	0	0	21	30	0	0	62	169	0	0	44	0	0	11	10	0	0	0	19	0	0	21	30	0	0	88	169	0	0	59	0	0	0	30	0	0	0	23	0	0	11	10	0	0	0	19	0	0	21	49	0	0	118	207	0	0	104	0	0	0	0	0	0	0	0	0	0	0	30	0	0	0	64	0	0	11	43	0	0	0	75	0	0	21	88	0	0	208	257
87	69	22	45	161	51	0	0	125	22	45	161	0	0	47	94	47	90	483	204	33	0	0	120	0	0	125	0	0	44	88	0	0	375	174	22	45	161	0	0	0	60	1	0	0	0	0	0	47	94	47	90	483	204	15	0	0	101	0	0	120	0	0	44	69	0	0	360	141	0	0	125	0	0	0	24	0	0	0	0	0	0	44	88	0	0	375	174	16	45	161	0	0	0	105	0	0	0	64	0	0	0	60	0	0	0	0	0	0	47	94	37	90	483	204	0	0	0	88	0	0	101	0	0	41	69	0	0	303	141	0	0	120	0	0	0	23	0	0	0	0	0	0	44	69	0	0	360	141	0	0	125	0	0	0	69	0	0	0	23	0	0	0	24	0	0	0	0	0	0	44	88	0	0	375	174	0	0	161	0	0	0	29	0	0	0	79	0	0	0	105	0	0	0	64	0	0	0	60	0	0	0	0	0	0	47	94	0	0	483	204
63	50	19	22	74	37	0	0	30	19	22	74	0	0	25	63	41	33	148	257	24	0	0	30	0	0	30	0	0	22	63	0	0	60	207	19	22	74	0	0	0	0	0	0	0	0	0	0	25	63	41	33	148	257	11	0	0	30	0	0	30	0	0	22	63	0	0	60	169	0	0	30	0	0	0	0	0	0	0	0	0	0	22	63	0	0	60	207	16	22	74	0	0	0	0	0	0	0	0	0	0	0	0	0	0	0	0	0	0	25	63	37	33	148	257	0	0	0	30	0	0	30	0	0	22	63	0	0	60	169	0	0	30	0	0	0	0	0	0	0	0	0	0	22	63	0	0	60	169	0	0	30	0	0	0	0	0	0	0	0	0	0	0	0	0	0	0	0	0	0	22	63	0	0	60	207	0	0	74	0	0	0	0	0	0	0	0	0	0	0	0	0	0	0	0	0	0	0	0	0	0	0	0	0	0	25	63	0	0	148	257
63	46	34	60	78	29	1	0	67	33	60	78	3	0	59	31	74	180	390	39	12	0	0	67	0	0	67	0	0	56	31	0	0	335	39	18	60	78	0	0	0	0	2	12	0	0	0	0	59	31	41	180	390	39	0	0	0	67	0	0	67	0	0	56	31	0	0	335	39	0	0	67	0	0	0	0	0	0	0	0	0	0	56	31	0	0	335	39	0	0	78	0	0	0	0	0	0	0	0	0	0	0	0	0	0	0	0	0	0	59	31	0	0	390	39	0	0	0	67	0	0	67	0	0	56	31	0	0	335	39	0	0	67	0	0	0	0	0	0	0	0	0	0	56	31	0	0	335	39	0	0	67	0	0	0	0	0	0	0	0	0	0	0	0	0	0	0	0	0	0	56	31	0	0	335	39	0	0	0	0	0	0	0	0	0	0	0	0	0	0	0	0	0	0	0	0	0	0	0	0	0	0	0	0	0	0	31	0	0	0	39
66	49	19	30	142	32	0	0	86	19	30	142	0	0	34	105	43	45	284	381	15	0	0	86	0	0	86	0	0	29	105	0	0	172	274	16	30	142	0	0	0	0	3	0	0	0	0	0	34	105	36	45	284	381	0	0	0	86	0	0	86	0	0	29	105	0	0	172	255	0	0	86	0	0	0	0	0	0	0	0	0	0	29	105	0	0	172	274	0	0	142	0	0	0	0	0	0	0	0	0	0	0	0	0	0	0	0	0	0	34	105	0	0	284	381	0	0	0	79	0	0	86	0	0	29	95	0	0	172	219	0	0	86	0	0	0	0	0	0	0	0	0	0	29	105	0	0	172	255	0	0	86	0	0	0	0	0	0	0	0	0	0	0	0	0	0	0	0	0	0	29	105	0	0	172	274	0	0	0	0	0	0	69	0	0	0	0	0	0	0	0	0	0	0	0	0	0	0	0	0	0	0	0	0	0	0	105	0	0	0	381
69	51	27	45	139	33	1	0	82	26	45	139	3	0	107	78	61	90	417	411	15	0	0	82	0	0	82	0	0	101	78	0	0	246	303	20	45	139	0	0	0	0	2	15	0	0	0	0	107	78	48	90	417	411	0	0	0	82	0	0	82	0	0	101	78	0	0	246	269	0	0	82	0	0	0	0	0	0	0	0	0	0	101	78	0	0	246	303	0	0	139	0	0	0	0	0	0	0	0	0	0	0	0	0	0	0	0	0	0	107	78	0	0	417	411	0	0	0	82	0	0	82	0	0	101	78	0	0	246	220	0	0	82	0	0	0	0	0	0	0	0	0	0	101	78	0	0	246	269	0	0	82	0	0	0	0	0	0	0	0	0	0	0	0	0	0	0	0	0	0	101	78	0	0	246	303	0	0	0	0	0	0	0	0	0	0	0	0	0	0	0	0	0	0	0	0	0	0	0	0	0	0	0	0	0	0	78	0	0	0	411
51	38	16	12	98	25	0	0	33	16	12	98	0	0	10	57	38	12	98	485	12	0	0	30	0	0	33	0	0	8	51	0	0	33	333	15	12	98	0	0	0	39	3	0	0	0	0	0	10	57	36	12	98	485	0	0	0	30	0	0	30	0	0	8	51	0	0	30	299	0	0	33	0	0	0	39	0	0	0	0	0	0	8	51	0	0	33	333	0	0	98	0	0	0	0	0	0	0	0	0	0	0	39	0	0	0	0	0	0	10	57	0	0	98	485	0	0	0	30	0	0	30	0	0	8	51	0	0	30	250	0	0	30	0	0	0	39	0	0	0	0	0	0	8	51	0	0	30	299	0	0	33	0	0	0	0	0	0	0	0	0	0	0	39	0	0	0	0	0	0	8	51	0	0	33	333	0	0	0	0	0	0	0	0	0	0	0	0	0	0	0	0	0	0	0	0	0	0	39	0	0	0	0	0	0	0	57	0	0	0	485
44	32	26	32	45	20	1	0	22	25	32	45	3	0	52	16	56	80	180	146	8	0	0	22	0	0	22	0	0	50	16	0	0	88	119	15	32	45	0	0	0	0	2	8	0	0	0	0	52	16	35	80	180	146	0	0	0	22	0	0	22	0	0	50	16	0	0	88	105	0	0	22	0	0	0	0	0	0	0	0	0	0	50	16	0	0	88	119	0	0	45	0	0	0	0	0	0	0	0	0	0	0	0	0	0	0	0	0	0	52	16	0	0	180	146	0	0	0	22	0	0	22	0	0	50	16	0	0	88	88	0	0	22	0	0	0	0	0	0	0	0	0	0	50	16	0	0	88	105	0	0	22	0	0	0	0	0	0	0	0	0	0	0	0	0	0	0	0	0	0	50	16	0	0	88	119	0	0	0	0	0	0	0	0	0	0	0	0	0	0	0	0	0	0	0	0	0	0	0	0	0	0	0	0	0	0	16	0	0	0	146
50	33	17	16	145	16	1	0	73	14	16	145	3	0	0	113	31	32	145	502	0	0	0	70	0	0	73	0	0	0	105	0	0	73	290	0	0	145	0	0	0	31	0	0	0	0	0	0	0	113	0	0	145	502	0	0	0	70	0	0	70	0	0	0	105	0	0	70	287	0	0	73	0	0	0	31	0	0	0	0	0	0	0	105	0	0	73	290	0	0	0	0	0	0	0	0	0	0	0	0	0	0	31	0	0	0	0	0	0	0	113	0	0	0	502	0	0	0	70	0	0	70	0	0	0	105	0	0	70	287	0	0	70	0	0	0	31	0	0	0	0	0	0	0	105	0	0	70	287	0	0	0	0	0	0	0	0	0	0	0	0	0	0	31	0	0	0	0	0	0	0	105	0	0	0	290	0	0	0	0	0	0	0	0	0	0	0	0	0	0	0	0	0	0	0	0	0	0	31	0	0	0	0	0	0	0	0	0	0	0	0
35	22	20	36	41	9	1	0	18	11	36	41	3	0	0	18	25	72	164	123	0	0	0	18	0	0	18	0	0	0	18	0	0	72	89	0	0	41	0	0	0	0	0	0	0	0	0	0	0	18	0	0	164	123	0	0	0	18	0	0	18	0	0	0	18	0	0	72	89	0	0	18	0	0	0	0	0	0	0	0	0	0	0	18	0	0	72	89	0	0	0	0	0	0	0	0	0	0	0	0	0	0	0	0	0	0	0	0	0	0	18	0	0	0	123	0	0	0	18	0	0	18	0	0	0	18	0	0	72	89	0	0	18	0	0	0	0	0	0	0	0	0	0	0	18	0	0	72	89	0	0	0	0	0	0	0	0	0	0	0	0	0	0	0	0	0	0	0	0	0	0	18	0	0	0	89	0	0	0	0	0	0	0	0	0	0	0	0	0	0	0	0	0	0	0	0	0	0	0	0	0	0	0	0	0	0	0	0	0	0	0
49	31	29	65	101	13	1	0	85	16	65	101	3	0	52	50	32	156	505	78	0	0	0	85	0	0	85	0	0	52	50	0	0	425	67	0	0	101	0	0	0	0	0	0	0	0	0	0	52	50	0	0	505	78	0	0	0	85	0	0	85	0	0	52	50	0	0	425	67	0	0	85	0	0	0	0	0	0	0	0	0	0	52	50	0	0	425	67	0	0	0	0	0	0	0	0	0	0	0	0	0	0	0	0	0	0	0	0	0	0	50	0	0	0	78	0	0	0	85	0	0	85	0	0	52	50	0	0	425	67	0	0	85	0	0	0	0	0	0	0	0	0	0	52	50	0	0	425	67	0	0	0	0	0	0	0	0	0	0	0	0	0	0	0	0	0	0	0	0	0	0	50	0	0	0	67	0	0	0	0	0	0	0	0	0	0	0	0	0	0	0	0	0	0	0	0	0	0	0	0	0	0	0	0	0	0	0	0	0	0	0
49	32	27	30	126	15	1	0	69	21	30	126	3	0	63	81	47	75	252	404	0	0	0	65	0	0	69	0	0	63	71	0	0	138	257	0	0	126	0	0	0	38	0	0	0	0	0	0	63	81	0	0	252	404	0	0	0	65	0	0	65	0	0	63	71	0	0	130	257	0	0	69	0	0	0	38	0	0	0	0	0	0	63	71	0	0	138	257	0	0	0	0	0	0	0	0	0	0	0	0	0	0	38	0	0	0	0	0	0	0	81	0	0	0	404	0	0	0	65	0	0	65	0	0	63	71	0	0	130	257	0	0	65	0	0	0	38	0	0	0	0	0	0	63	71	0	0	130	257	0	0	0	0	0	0	0	0	0	0	0	0	0	0	38	0	0	0	0	0	0	0	71	0	0	0	257	0	0	0	0	0	0	0	0	0	0	0	0	0	0	0	0	0	0	0	0	0	0	38	0	0	0	0	0	0	0	0	0	0	0	0
28	17	18	31	35	7	0	7	0	12	21	35	0	21	0	0	27	42	105	262	0	0	0	0	0	0	0	0	0	0	0	0	0	0	171	0	0	35	0	0	0	0	0	0	35	0	0	0	0	0	0	0	105	262	0	0	0	0	0	0	0	0	0	0	0	0	0	0	171	0	0	0	0	0	0	0	0	0	0	0	0	0	0	0	0	0	0	171	0	0	0	0	0	0	0	0	0	0	0	0	0	0	0	0	0	0	0	0	0	0	0	0	0	0	262	0	0	0	0	0	0	0	0	0	0	0	0	0	0	171	0	0	0	0	0	0	0	0	0	0	0	0	0	0	0	0	0	0	171	0	0	0	0	0	0	0	0	0	0	0	0	0	0	0	0	0	0	0	0	0	0	0	0	0	0	171	0	0	0	0	0	0	0	0	0	0	0	0	0	0	0	0	0	0	0	0	0	0	0	0	0	0	0	0	0	0	0	0	0	0	0
21	10	12	10	50	0	0	0	19	0	0	50	0	0	7	15	0	0	50	177	0	0	0	19	0	0	19	0	0	0	15	0	0	19	103	0	0	0	0	0	0	0	0	0	0	0	0	0	0	15	0	0	0	177	0	0	0	19	0	0	19	0	0	0	15	0	0	19	103	0	0	0	0	0	0	0	0	0	0	0	0	0	0	15	0	0	0	103	0	0	0	0	0	0	0	0	0	0	0	0	0	0	0	0	0	0	0	0	0	0	0	0	0	0	0	0	0	0	19	0	0	19	0	0	0	15	0	0	19	103	0	0	0	0	0	0	0	0	0	0	0	0	0	0	15	0	0	0	103	0	0	0	0	0	0	0	0	0	0	0	0	0	0	0	0	0	0	0	0	0	0	0	0	0	0	0	0	0	0	0	0	0	0	0	0	0	0	0	0	0	0	0	0	0	0	0	0	0	0	0	0	0	0	0	0	0	0	0	0	0	0
26	12	10	24	68	0	0	0	41	0	0	68	0	0	0	41	0	0	136	142	0	0	0	41	0	0	41	0	0	0	41	0	0	82	103	0	0	0	0	0	0	0	0	0	0	0	0	0	0	41	0	0	0	142	0	0	0	41	0	0	41	0	0	0	41	0	0	82	103	0	0	0	0	0	0	0	0	0	0	0	0	0	0	41	0	0	0	103	0	0	0	0	0	0	0	0	0	0	0	0	0	0	0	0	0	0	0	0	0	0	0	0	0	0	0	0	0	0	41	0	0	41	0	0	0	41	0	0	82	103	0	0	0	0	0	0	0	0	0	0	0	0	0	0	41	0	0	0	103	0	0	0	0	0	0	0	0	0	0	0	0	0	0	0	0	0	0	0	0	0	0	0	0	0	0	0	0	0	0	0	0	0	0	0	0	0	0	0	0	0	0	0	0	0	0	0	0	0	0	0	0	0	0	0	0	0	0	0	0	0	0
26	12	11	24	88	0	0	0	24	0	0	88	0	0	7	34	0	0	176	448	0	0	0	24	0	0	24	0	0	0	34	0	0	48	245	0	0	0	0	0	0	0	0	0	0	0	0	0	0	34	0	0	0	448	0	0	0	24	0	0	24	0	0	0	34	0	0	48	238	0	0	0	0	0	0	0	0	0	0	0	0	0	0	34	0	0	0	245	0	0	0	0	0	0	0	0	0	0	0	0	0	0	0	0	0	0	0	0	0	0	0	0	0	0	0	0	0	0	24	0	0	24	0	0	0	34	0	0	48	238	0	0	0	0	0	0	0	0	0	0	0	0	0	0	34	0	0	0	238	0	0	0	0	0	0	0	0	0	0	0	0	0	0	0	0	0	0	0	0	0	0	0	0	0	0	0	0	0	0	0	0	0	0	0	0	0	0	0	0	0	0	0	0	0	0	0	0	0	0	0	0	0	0	0	0	0	0	0	0	0	0
21	9	10	27	56	0	0	0	10	0	0	56	0	0	7	20	0	0	168	303	0	0	0	10	0	0	10	0	0	0	20	0	0	30	172	0	0	0	0	0	0	0	0	0	0	0	0	0	0	20	0	0	0	303	0	0	0	10	0	0	10	0	0	0	20	0	0	30	168	0	0	0	0	0	0	0	0	0	0	0	0	0	0	20	0	0	0	172	0	0	0	0	0	0	0	0	0	0	0	0	0	0	0	0	0	0	0	0	0	0	0	0	0	0	0	0	0	0	10	0	0	10	0	0	0	20	0	0	30	168	0	0	0	0	0	0	0	0	0	0	0	0	0	0	20	0	0	0	168	0	0	0	0	0	0	0	0	0	0	0	0	0	0	0	0	0	0	0	0	0	0	0	0	0	0	0	0	0	0	0	0	0	0	0	0	0	0	0	0	0	0	0	0	0	0	0	0	0	0	0	0	0	0	0	0	0	0	0	0	0	0
16	6	8	24	19	0	0	0	5	0	0	19	0	0	0	5	0	0	76	101	0	0	0	5	0	0	5	0	0	0	5	0	0	20	85	0	0	0	0	0	0	0	0	0	0	0	0	0	0	5	0	0	0	101	0	0	0	5	0	0	5	0	0	0	5	0	0	20	85	0	0	0	0	0	0	0	0	0	0	0	0	0	0	5	0	0	0	85	0	0	0	0	0	0	0	0	0	0	0	0	0	0	0	0	0	0	0	0	0	0	0	0	0	0	0	0	0	0	5	0	0	5	0	0	0	5	0	0	20	85	0	0	0	0	0	0	0	0	0	0	0	0	0	0	5	0	0	0	85	0	0	0	0	0	0	0	0	0	0	0	0	0	0	0	0	0	0	0	0	0	0	0	0	0	0	0	0	0	0	0	0	0	0	0	0	0	0	0	0	0	0	0	0	0	0	0	0	0	0	0	0	0	0	0	0	0	0	0	0	0	0
8	0	0	0	37	0	0	0	7	0	0	0	0	0	0	21	0	0	0	163	0	0	0	0	0	0	0	0	0	0	0	0	0	0	39	0	0	0	0	0	0	0	0	0	0	35	0	0	0	0	0	0	0	0	0	0	0	0	0	0	0	0	0	0	0	0	0	0	39	0	0	0	0	0	0	0	0	0	0	0	0	0	0	0	0	0	0	0	0	0	0	0	0	0	0	0	0	0	0	0	0	0	0	0	0	0	0	0	0	0	0	0	0	0	0	0	0	0	0	0	0	0	0	0	0	0	0	0	0	39	0	0	0	0	0	0	0	0	0	0	0	0	0	0	0	0	0	0	0	0	0	0	0	0	0	0	0	0	0	0	0	0	0	0	0	0	0	0	0	0	0	0	0	0	0	0	0	0	0	0	0	0	0	0	0	0	0	0	0	0	0	0	0	0	0	0	0	0	0	0	0	0	0	0	0	0	0	0	0	0	0
9	0	0	0	49	0	0	0	0	0	0	0	0	0	0	0	0	0	0	281	0	0	0	0	0	0	0	0	0	0	0	0	0	0	99	0	0	0	0	0	0	0	0	0	0	0	0	0	0	0	0	0	0	0	0	0	0	0	0	0	0	0	0	0	0	0	0	0	99	0	0	0	0	0	0	0	0	0	0	0	0	0	0	0	0	0	0	0	0	0	0	0	0	0	0	0	0	0	0	0	0	0	0	0	0	0	0	0	0	0	0	0	0	0	0	0	0	0	0	0	0	0	0	0	0	0	0	0	0	99	0	0	0	0	0	0	0	0	0	0	0	0	0	0	0	0	0	0	0	0	0	0	0	0	0	0	0	0	0	0	0	0	0	0	0	0	0	0	0	0	0	0	0	0	0	0	0	0	0	0	0	0	0	0	0	0	0	0	0	0	0	0	0	0	0	0	0	0	0	0	0	0	0	0	0	0	0	0	0	0	0
6	0	0	0	15	0	0	0	0	0	0	0	0	0	0	0	0	0	0	75	0	0	0	0	0	0	0	0	0	0	0	0	0	0	15	0	0	0	0	0	0	0	0	0	0	0	0	0	0	0	0	0	0	0	0	0	0	0	0	0	0	0	0	0	0	0	0	0	15	0	0	0	0	0	0	0	0	0	0	0	0	0	0	0	0	0	0	0	0	0	0	0	0	0	0	0	0	0	0	0	0	0	0	0	0	0	0	0	0	0	0	0	0	0	0	0	0	0	0	0	0	0	0	0	0	0	0	0	0	15	0	0	0	0	0	0	0	0	0	0	0	0	0	0	0	0	0	0	0	0	0	0	0	0	0	0	0	0	0	0	0	0	0	0	0	0	0	0	0	0	0	0	0	0	0	0	0	0	0	0	0	0	0	0	0	0	0	0	0	0	0	0	0	0	0	0	0	0	0	0	0	0	0	0	0	0	0	0	0	0	0
6	0	0	0	18	0	0	0	0	0	0	0	0	0	0	0	0	0	0	87	0	0	0	0	0	0	0	0	0	0	0	0	0	0	46	0	0	0	0	0	0	0	0	0	0	0	0	0	0	0	0	0	0	0	0	0	0	0	0	0	0	0	0	0	0	0	0	0	46	0	0	0	0	0	0	0	0	0	0	0	0	0	0	0	0	0	0	0	0	0	0	0	0	0	0	0	0	0	0	0	0	0	0	0	0	0	0	0	0	0	0	0	0	0	0	0	0	0	0	0	0	0	0	0	0	0	0	0	0	46	0	0	0	0	0	0	0	0	0	0	0	0	0	0	0	0	0	0	0	0	0	0	0	0	0	0	0	0	0	0	0	0	0	0	0	0	0	0	0	0	0	0	0	0	0	0	0	0	0	0	0	0	0	0	0	0	0	0	0	0	0	0	0	0	0	0	0	0	0	0	0	0	0	0	0	0	0	0	0	0	0
4	0	0	0	0	0	0	0	0	0	0	0	0	0	0	0	0	0	0	0	0	0	0	0	0	0	0	0	0	0	0	0	0	0	0	0	0	0	0	0	0	0	0	0	0	0	0	0	0	0	0	0	0	0	0	0	0	0	0	0	0	0	0	0	0	0	0	0	0	0	0	0	0	0	0	0	0	0	0	0	0	0	0	0	0	0	0	0	0	0	0	0	0	0	0	0	0	0	0	0	0	0	0	0	0	0	0	0	0	0	0	0	0	0	0	0	0	0	0	0	0	0	0	0	0	0	0	0	0	0	0	0	0	0	0	0	0	0	0	0	0	0	0	0	0	0	0	0	0	0	0	0	0	0	0	0	0	0	0	0	0	0	0	0	0	0	0	0	0	0	0	0	0	0	0	0	0	0	0	0	0	0	0	0	0	0	0	0	0	0	0	0	0	0	0	0	0	0	0	0	0	0	0	0	0	0	0	0	0	0	0
