108	103	16	6	0	98	1	0	0	16	6	0	0	0	0	0	44	15	0	0	93	1	0	0	1	0	0	0	0	0	0	5	0	0	0	16	6	0	0	0	0	0	11	0	0	0	0	0	0	0	44	15	0	0	88	1	0	0	1	0	0	0	0	0	0	5	0	0	0	1	0	0	0	0	0	0	3	0	0	0	0	0	0	0	5	0	0	0	16	6	0	0	0	0	0	8	0	0	0	0	0	0	0	11	0	0	0	0	0	0	0	44	15	0	0	83	1	0	0	1	0	0	0	0	0	0	5	0	0	0	1	0	0	0	0	0	0	3	0	0	0	0	0	0	0	5	0	0	0	1	0	0	0	0	0	0	1	0	0	0	0	0	0	0	3	0	0	0	0	0	0	0	5	0	0	0	16	6	0	5	0	0	0	14	0	0	0	0	0	0	0	8	0	0	0	0	0	0	0	11	0	0	0	0	0	0	0	44	15	0	0
130	124	26	8	0	118	9	0	0	26	8	0	4	0	0	0	74	12	0	0	112	9	0	0	9	0	0	4	0	0	0	32	0	0	0	26	8	0	0	0	0	0	16	0	0	0	4	0	0	0	74	12	0	0	106	9	0	0	9	0	0	4	0	0	0	32	0	0	0	9	0	0	0	0	0	0	9	0	0	0	4	0	0	0	32	0	0	0	26	8	0	9	0	0	0	11	0	0	0	0	0	0	0	16	0	0	0	4	0	0	0	74	12	0	0	100	6	0	0	9	0	0	4	0	0	0	32	0	0	0	9	0	0	0	0	0	0	9	0	0	0	4	0	0	0	32	0	0	0	9	0	0	3	0	0	0	4	0	0	0	0	0	0	0	9	0	0	0	4	0	0	0	32	0	0	0	26	8	0	13	0	0	0	16	12	0	0	9	0	0	0	11	0	0	0	0	0	0	0	16	0	0	0	4	0	0	0	74	12	0	0
151	144	32	12	0	137	13	0	0	32	12	0	5	0	0	0	90	24	0	0	130	13	0	0	13	0	0	5	0	0	0	43	0	0	0	32	12	0	2	0	0	0	23	0	0	0	5	0	0	0	90	24	0	0	123	13	0	0	13	0	0	5	0	0	0	43	0	0	0	13	0	0	2	0	0	0	12	0	0	0	5	0	0	0	43	0	0	0	32	12	0	17	0	0	0	16	0	0	0	2	0	0	0	23	0	0	0	5	0	0	0	90	24	0	0	116	8	0	0	13	0	0	5	0	0	0	43	0	0	0	13	0	0	2	0	0	0	12	0	0	0	5	0	0	0	43	0	0	0	13	0	0	5	0	0	0	6	0	0	0	2	0	0	0	12	0	0	0	5	0	0	0	43	0	0	0	32	12	0	13	0	0	0	14	20	0	0	17	0	0	0	16	0	0	0	2	0	0	0	23	0	0	0	5	0	0	0	90	24	0	0
210	200	49	29	0	190	18	9	0	49	29	0	24	0	0	0	132	105	0	0	180	15	9	0	18	9	0	9	0	0	0	52	45	0	0	49	29	0	12	0	0	0	31	27	0	0	24	0	0	0	132	105	0	0	170	13	9	0	15	9	0	6	0	0	0	44	45	0	0	18	9	0	2	0	0	0	9	27	0	0	9	0	0	0	52	45	0	0	49	29	0	22	0	0	0	21	13	0	0	12	0	0	0	31	27	0	0	24	0	0	0	132	105	0	0	160	7	4	0	13	9	0	5	0	0	0	39	45	0	0	15	9	0	2	0	0	0	9	27	0	0	6	0	0	0	44	45	0	0	18	9	0	5	0	0	0	6	9	0	0	2	0	0	0	9	27	0	0	9	0	0	0	52	45	0	0	49	29	0	8	20	0	0	14	24	0	0	22	0	0	0	21	13	0	0	12	0	0	0	31	27	0	0	24	0	0	0	132	105	0	0
216	205	48	44	0	194	13	28	0	48	44	0	19	28	0	0	122	147	0	0	183	10	28	0	13	28	0	4	28	0	0	38	105	0	0	48	44	0	7	0	0	0	25	21	0	0	19	28	0	0	122	147	0	0	172	9	28	0	10	28	0	1	28	0	0	30	105	0	0	13	28	0	2	0	0	0	9	21	0	0	4	28	0	0	38	105	0	0	48	44	0	17	0	0	0	19	7	0	0	7	0	0	0	25	21	0	0	19	28	0	0	122	147	0	0	161	4	20	0	9	28	0	1	28	0	0	28	105	0	0	10	28	0	2	0	0	0	9	21	0	0	1	28	0	0	30	105	0	0	13	28	0	5	0	0	0	5	7	0	0	2	0	0	0	9	21	0	0	4	28	0	0	38	105	0	0	48	44	0	5	24	0	0	17	15	0	0	17	0	0	0	19	7	0	0	7	0	0	0	25	21	0	0	19	28	0	0	122	147	0	0
209	199	38	9	18	189	22	0	0	38	9	18	21	0	0	0	113	18	18	0	179	19	0	0	22	0	0	15	0	0	0	66	0	0	0	38	9	18	13	0	0	0	36	27	0	0	21	0	0	0	113	18	18	0	169	15	0	0	19	0	0	6	0	0	0	57	0	0	0	22	0	0	2	0	0	0	17	0	0	0	15	0	0	0	66	0	0	0	38	9	18	25	0	0	0	23	27	0	0	13	0	0	0	36	27	0	0	21	0	0	0	113	18	18	0	159	6	0	0	15	0	0	5	0	0	0	46	0	0	0	19	0	0	2	0	0	0	17	0	0	0	6	0	0	0	57	0	0	0	22	0	0	8	0	0	0	11	0	0	0	2	0	0	0	17	0	0	0	15	0	0	0	66	0	0	0	38	9	18	3	0	10	0	3	0	0	0	25	0	0	0	23	27	0	0	13	0	0	0	36	27	0	0	21	0	0	0	113	18	18	0
227	216	53	28	10	205	29	0	0	53	28	10	34	0	0	0	137	91	40	0	194	24	0	0	29	0	0	21	0	0	0	84	0	0	0	53	28	10	14	0	0	0	34	35	0	0	34	0	0	0	137	91	40	0	183	20	0	0	24	0	0	12	0	0	0	69	0	0	0	29	0	0	3	0	0	0	17	0	0	0	21	0	0	0	84	0	0	0	53	28	10	26	0	0	0	23	21	0	0	14	0	0	0	34	35	0	0	34	0	0	0	137	91	40	0	172	11	0	0	20	0	0	11	0	0	0	58	0	0	0	24	0	0	3	0	0	0	17	0	0	0	12	0	0	0	69	0	0	0	29	0	0	9	0	0	0	11	0	0	0	3	0	0	0	17	0	0	0	21	0	0	0	84	0	0	0	53	28	10	8	0	10	0	5	0	0	0	26	0	0	0	23	21	0	0	14	0	0	0	34	35	0	0	34	0	0	0	137	91	40	0
273	259	58	59	15	245	29	43	0	58	59	15	47	0	0	0	149	158	30	0	231	22	43	0	29	43	0	24	0	0	0	81	126	0	0	58	59	15	20	0	0	0	33	62	0	0	47	0	0	0	149	158	30	0	217	16	34	0	22	43	0	12	0	0	0	61	126	0	0	29	43	0	3	0	0	0	14	30	0	0	24	0	0	0	81	126	0	0	58	59	15	17	78	0	0	21	44	0	0	20	0	0	0	33	62	0	0	47	0	0	0	149	158	30	0	203	10	10	0	16	34	0	11	0	0	0	46	100	0	0	22	43	0	3	0	0	0	14	30	0	0	12	0	0	0	61	126	0	0	29	43	0	6	30	0	0	9	20	0	0	3	0	0	0	14	30	0	0	24	0	0	0	81	126	0	0	58	59	15	8	0	10	0	4	0	45	0	17	78	0	0	21	44	0	0	20	0	0	0	33	62	0	0	47	0	0	0	149	158	30	0
270	256	61	66	11	242	30	44	0	61	66	11	46	12	0	0	153	178	33	0	228	23	42	0	30	44	0	23	12	0	0	84	120	0	0	61	66	11	18	20	0	0	34	58	0	0	46	12	0	0	153	178	33	0	214	17	34	0	23	42	0	11	10	0	0	64	114	0	0	30	44	0	1	20	0	0	14	30	0	0	23	12	0	0	84	120	0	0	61	66	11	18	62	0	0	22	41	0	0	18	20	0	0	34	58	0	0	46	12	0	0	153	178	33	0	200	10	20	0	17	34	0	10	10	0	0	49	92	0	0	23	42	0	1	20	0	0	14	30	0	0	11	10	0	0	64	114	0	0	30	44	0	7	20	0	0	9	20	0	0	1	20	0	0	14	30	0	0	23	12	0	0	84	120	0	0	61	66	11	8	0	10	0	5	0	22	0	18	62	0	0	22	41	0	0	18	20	0	0	34	58	0	0	46	12	0	0	153	178	33	0
240	228	65	46	4	216	33	20	0	65	46	4	44	10	0	0	150	131	20	0	204	27	15	0	33	20	0	26	10	0	0	83	40	0	0	65	46	4	10	25	0	0	34	30	0	0	44	10	0	0	150	131	20	0	192	23	5	0	27	15	0	17	5	0	0	65	25	0	0	33	20	0	3	0	0	0	15	0	0	0	26	10	0	0	83	40	0	0	65	46	4	24	25	0	0	25	26	4	0	10	25	0	0	34	30	0	0	44	10	0	0	150	131	20	0	180	16	0	0	23	5	0	17	0	0	0	55	5	0	0	27	15	0	3	0	0	0	15	0	0	0	17	5	0	0	65	25	0	0	33	20	0	9	0	0	0	10	10	0	0	3	0	0	0	15	0	0	0	26	10	0	0	83	40	0	0	65	46	4	14	0	4	0	6	10	4	0	24	25	0	0	25	26	4	0	10	25	0	0	34	30	0	0	44	10	0	0	150	131	20	0
337	319	77	110	36	301	38	77	0	77	110	36	57	153	0	0	170	281	72	58	283	29	44	0	38	77	0	26	81	0	0	92	203	0	0	77	110	36	13	54	5	0	17	70	108	0	57	153	0	0	170	281	72	58	265	19	14	0	29	44	0	18	0	0	0	65	106	0	0	38	77	0	3	0	0	0	8	55	0	0	26	81	0	0	92	203	0	0	77	110	36	13	42	43	0	16	56	108	0	13	54	5	0	17	70	108	0	57	153	0	0	170	281	72	58	247	17	11	0	19	14	0	18	0	0	0	40	28	0	0	29	44	0	3	0	0	0	8	45	0	0	18	0	0	0	65	106	0	0	38	77	0	6	33	0	0	7	44	0	0	3	0	0	0	8	55	0	0	26	81	0	0	92	203	0	0	77	110	36	11	33	0	0	8	22	0	0	13	42	43	0	16	56	108	0	13	54	5	0	17	70	108	0	57	153	0	0	170	281	72	58
286	270	65	88	27	254	34	64	0	65	88	27	38	85	0	0	144	177	54	40	238	28	55	0	34	64	0	22	66	0	0	87	158	0	0	65	88	27	8	11	5	0	18	0	27	0	38	85	0	0	144	177	54	40	222	19	54	0	28	55	0	12	66	0	0	69	132	0	0	34	64	0	2	11	0	0	12	0	0	0	22	66	0	0	87	158	0	0	65	88	27	11	10	43	0	14	0	0	0	8	11	5	0	18	0	27	0	38	85	0	0	144	177	54	40	206	18	49	0	19	54	0	12	63	0	0	44	129	0	0	28	55	0	2	11	0	0	12	0	0	0	12	66	0	0	69	132	0	0	34	64	0	8	8	0	0	10	0	0	0	2	11	0	0	12	0	0	0	22	66	0	0	87	158	0	0	65	88	27	15	46	0	0	11	10	0	0	11	10	43	0	14	0	0	0	8	11	5	0	18	0	27	0	38	85	0	0	144	177	54	40
216	205	51	28	19	194	31	0	0	51	28	19	45	0	0	0	117	42	76	25	183	24	0	0	31	0	0	27	0	0	0	76	0	0	0	51	28	19	9	0	5	0	9	0	0	0	45	0	0	0	117	42	76	25	172	18	0	0	24	0	0	17	0	0	0	55	0	0	0	31	0	0	3	0	0	0	9	0	0	0	27	0	0	0	76	0	0	0	51	28	19	6	0	19	0	8	0	0	0	9	0	5	0	9	0	0	0	45	0	0	0	117	42	76	25	161	18	0	0	18	0	0	17	0	0	0	40	0	0	0	24	0	0	3	0	0	0	9	0	0	0	17	0	0	0	55	0	0	0	31	0	0	6	0	0	0	8	0	0	0	3	0	0	0	9	0	0	0	27	0	0	0	76	0	0	0	51	28	19	11	0	0	0	9	0	0	0	6	0	19	0	8	0	0	0	9	0	5	0	9	0	0	0	45	0	0	0	117	42	76	25
233	221	60	41	12	209	33	6	0	60	41	12	44	30	0	0	133	99	60	14	197	27	0	0	33	6	0	31	0	0	0	75	18	0	0	60	41	12	7	0	5	0	10	0	12	0	44	30	0	0	133	99	60	14	185	23	0	0	27	0	0	21	0	0	0	57	0	0	0	33	6	0	1	0	0	0	7	0	0	0	31	0	0	0	75	18	0	0	60	41	12	7	0	5	0	9	0	0	0	7	0	5	0	10	0	12	0	44	30	0	0	133	99	60	14	173	22	0	0	23	0	0	21	0	0	0	48	0	0	0	27	0	0	1	0	0	0	7	0	0	0	21	0	0	0	57	0	0	0	33	6	0	4	0	0	0	6	0	0	0	1	0	0	0	7	0	0	0	31	0	0	0	75	18	0	0	60	41	12	19	0	0	0	10	11	0	0	7	0	5	0	9	0	0	0	7	0	5	0	10	0	12	0	44	30	0	0	133	99	60	14
294	277	69	110	5	260	31	71	0	69	110	5	39	124	0	0	153	215	25	4	243	24	66	0	31	71	0	24	99	0	0	76	136	0	0	69	110	5	10	0	5	0	13	11	5	0	39	124	0	0	153	215	25	4	226	19	66	0	24	66	0	13	99	0	0	53	121	0	0	31	71	0	2	0	0	0	7	11	0	0	24	99	0	0	76	136	0	0	69	110	5	9	0	5	0	9	11	0	0	10	0	5	0	13	11	5	0	39	124	0	0	153	215	25	4	209	17	63	0	19	66	0	12	99	0	0	42	121	0	0	24	66	0	1	0	0	0	7	11	0	0	13	99	0	0	53	121	0	0	31	71	0	4	0	0	0	6	11	0	0	2	0	0	0	7	11	0	0	24	99	0	0	76	136	0	0	69	110	5	20	30	0	0	16	21	0	0	9	0	5	0	9	11	0	0	10	0	5	0	13	11	5	0	39	124	0	0	153	215	25	4
198	187	46	19	35	176	23	18	0	46	19	35	28	9	46	0	112	56	0	99	165	20	18	0	23	18	0	19	9	0	0	53	54	0	0	46	19	35	1	0	27	0	8	0	0	0	28	9	46	0	112	56	0	99	154	20	18	0	20	18	0	19	9	0	0	45	54	0	0	23	18	0	1	0	0	0	7	0	0	0	19	9	0	0	53	54	0	0	46	19	35	4	0	0	0	5	0	0	0	1	0	27	0	8	0	0	0	28	9	46	0	112	56	0	99	143	19	18	0	20	18	0	19	9	0	0	45	54	0	0	20	18	0	1	0	0	0	2	0	0	0	19	9	0	0	45	54	0	0	23	18	0	3	0	0	0	5	0	0	0	1	0	0	0	7	0	0	0	19	9	0	0	53	54	0	0	46	19	35	18	0	8	0	14	0	0	0	4	0	0	0	5	0	0	0	1	0	27	0	8	0	0	0	28	9	46	0	112	56	0	99
224	212	45	32	27	200	22	0	0	45	32	27	24	0	38	0	104	88	108	72	188	19	0	0	22	0	0	15	0	0	0	46	0	0	0	45	32	27	0	0	27	0	16	0	0	0	24	0	38	0	104	88	108	72	176	19	0	0	19	0	0	15	0	0	0	38	0	0	0	22	0	0	0	0	0	0	7	0	0	0	15	0	0	0	46	0	0	0	45	32	27	10	0	0	0	15	0	0	0	0	0	27	0	16	0	0	0	24	0	38	0	104	88	108	72	164	17	0	0	19	0	0	15	0	0	0	38	0	0	0	19	0	0	0	0	0	0	2	0	0	0	15	0	0	0	38	0	0	0	22	0	0	3	0	0	0	5	0	0	0	0	0	0	0	7	0	0	0	15	0	0	0	46	0	0	0	45	32	27	14	0	0	0	7	16	0	0	10	0	0	0	15	0	0	0	0	0	27	0	16	0	0	0	24	0	38	0	104	88	108	72
165	156	35	8	26	147	19	8	0	35	8	26	20	0	19	0	85	16	0	63	138	19	8	0	19	8	0	20	0	0	0	42	16	0	0	35	8	26	1	0	0	0	2	0	0	0	20	0	19	0	85	16	0	63	129	19	8	0	19	8	0	20	0	0	0	42	16	0	0	19	8	0	1	0	0	0	2	0	0	0	20	0	0	0	42	16	0	0	35	8	26	1	0	0	0	1	0	0	0	1	0	0	0	2	0	0	0	20	0	19	0	85	16	0	63	120	18	8	0	19	8	0	20	0	0	0	42	16	0	0	19	8	0	1	0	0	0	2	0	0	0	20	0	0	0	42	16	0	0	19	8	0	0	0	0	0	1	0	0	0	1	0	0	0	2	0	0	0	20	0	0	0	42	16	0	0	35	8	26	11	0	8	0	12	0	0	0	1	0	0	0	1	0	0	0	1	0	0	0	2	0	0	0	20	0	19	0	85	16	0	63
182	172	31	23	18	162	14	9	0	31	23	18	14	0	11	0	73	46	36	36	152	14	9	0	14	9	0	14	0	0	0	30	18	0	0	31	23	18	0	0	0	0	5	0	0	0	14	0	11	0	73	46	36	36	142	14	9	0	14	9	0	14	0	0	0	30	18	0	0	14	9	0	0	0	0	0	2	0	0	0	14	0	0	0	30	18	0	0	31	23	18	0	0	0	0	5	0	0	0	0	0	0	0	5	0	0	0	14	0	11	0	73	46	36	36	132	14	9	0	14	9	0	14	0	0	0	30	18	0	0	14	9	0	0	0	0	0	2	0	0	0	14	0	0	0	30	18	0	0	14	9	0	0	0	0	0	1	0	0	0	0	0	0	0	2	0	0	0	14	0	0	0	30	18	0	0	31	23	18	8	0	0	0	11	0	0	0	0	0	0	0	5	0	0	0	0	0	0	0	5	0	0	0	14	0	11	0	73	46	36	36
270	254	50	89	11	238	15	55	0	50	89	11	15	44	11	0	114	224	55	17	222	14	55	0	15	55	0	11	44	0	0	32	121	0	0	50	89	11	0	0	0	0	17	12	0	0	15	44	11	0	114	224	55	17	206	14	55	0	14	55	0	11	44	0	0	30	121	0	0	15	55	0	0	0	0	0	1	11	0	0	11	44	0	0	32	121	0	0	50	89	11	7	0	0	0	16	0	0	0	0	0	0	0	17	12	0	0	15	44	11	0	114	224	55	17	190	12	50	0	14	55	0	11	44	0	0	30	121	0	0	14	55	0	0	0	0	0	1	11	0	0	11	44	0	0	30	121	0	0	15	55	0	0	0	0	0	2	0	0	0	0	0	0	0	1	11	0	0	11	44	0	0	32	121	0	0	50	89	11	10	30	0	0	16	12	0	0	7	0	0	0	16	0	0	0	0	0	0	0	17	12	0	0	15	44	11	0	114	224	55	17
276	260	49	62	66	244	24	28	38	49	62	66	30	14	43	89	109	94	198	38	228	21	28	5	24	28	38	23	14	37	0	55	28	114	0	49	62	66	6	0	0	25	21	33	0	80	30	14	43	89	109	94	198	38	212	17	25	0	21	28	5	19	14	5	0	44	28	15	0	24	28	38	1	0	0	0	3	0	0	0	23	14	37	0	55	28	114	0	49	62	66	7	33	10	0	18	33	0	4	6	0	0	25	21	33	0	80	30	14	43	89	109	94	198	38	196	8	11	0	17	25	0	16	11	0	0	35	22	0	0	21	28	5	1	0	0	0	3	0	0	0	19	14	5	0	44	28	15	0	24	28	38	0	0	8	0	2	0	0	0	1	0	0	0	3	0	0	0	23	14	37	0	55	28	114	0	49	62	66	0	33	77	0	2	0	66	0	7	33	10	0	18	33	0	4	6	0	0	25	21	33	0	80	30	14	43	89	109	94	198	38
178	168	35	16	32	158	15	0	9	35	16	32	13	0	33	18	80	24	64	56	148	13	0	0	15	0	9	9	0	27	0	32	0	18	0	35	16	32	5	0	0	0	20	16	0	36	13	0	33	18	80	24	64	56	138	10	0	0	13	0	0	5	0	0	0	25	0	0	0	15	0	9	0	0	0	0	2	0	0	0	9	0	27	0	32	0	18	0	35	16	32	10	0	0	0	16	24	0	0	5	0	0	0	20	16	0	36	13	0	33	18	80	24	64	56	128	6	0	0	10	0	0	5	0	0	0	19	0	0	0	13	0	0	0	0	0	0	2	0	0	0	5	0	0	0	25	0	0	0	15	0	9	0	0	0	0	1	0	0	0	0	0	0	0	2	0	0	0	9	0	27	0	32	0	18	0	35	16	32	3	0	17	0	1	0	0	0	10	0	0	0	16	24	0	0	5	0	0	0	20	16	0	36	13	0	33	18	80	24	64	56
208	196	41	39	25	184	14	11	9	41	39	25	16	0	33	18	87	92	100	38	172	11	11	0	14	11	9	9	0	27	0	32	22	36	0	41	39	25	5	0	0	0	20	21	0	36	16	0	33	18	87	92	100	38	160	8	7	0	11	11	0	5	0	0	0	21	22	0	0	14	11	9	0	0	0	0	2	0	0	0	9	0	27	0	32	22	36	0	41	39	25	6	28	0	0	16	21	0	0	5	0	0	0	20	21	0	36	16	0	33	18	87	92	100	38	148	5	0	0	8	7	0	5	0	0	0	15	14	0	0	11	11	0	0	0	0	0	2	0	0	0	5	0	0	0	21	22	0	0	14	11	9	0	0	0	0	1	0	0	0	0	0	0	0	2	0	0	0	9	0	27	0	32	22	36	0	41	39	25	3	0	17	0	1	0	25	0	6	28	0	0	16	21	0	0	5	0	0	0	20	21	0	36	16	0	33	18	87	92	100	38
160	151	29	14	21	142	11	0	0	29	14	21	8	0	0	0	63	28	42	56	133	10	0	0	11	0	0	5	0	0	0	23	0	0	0	29	14	21	1	0	0	0	15	7	0	0	8	0	0	0	63	28	42	56	124	9	0	0	10	0	0	5	0	0	0	19	0	0	0	11	0	0	0	0	0	0	1	0	0	0	5	0	0	0	23	0	0	0	29	14	21	7	0	0	0	13	7	0	0	1	0	0	0	15	7	0	0	8	0	0	0	63	28	42	56	115	6	0	0	9	0	0	5	0	0	0	17	0	0	0	10	0	0	0	0	0	0	1	0	0	0	5	0	0	0	19	0	0	0	11	0	0	0	0	0	0	0	0	0	0	0	0	0	0	1	0	0	0	5	0	0	0	23	0	0	0	29	14	21	3	0	6	0	0	0	0	0	7	0	0	0	13	7	0	0	1	0	0	0	15	7	0	0	8	0	0	0	63	28	42	56
175	165	44	25	6	155	18	0	0	44	25	6	34	0	0	0	91	75	30	11	145	12	0	0	18	0	0	12	0	0	0	42	0	0	0	44	25	6	10	0	0	0	11	30	0	0	34	0	0	0	91	75	30	11	135	8	0	0	12	0	0	5	0	0	0	23	0	0	0	18	0	0	0	0	0	0	2	0	0	0	12	0	0	0	42	0	0	0	44	25	6	7	0	0	0	11	20	0	0	10	0	0	0	11	30	0	0	34	0	0	0	91	75	30	11	125	5	0	0	8	0	0	5	0	0	0	15	0	0	0	12	0	0	0	0	0	0	2	0	0	0	5	0	0	0	23	0	0	0	18	0	0	0	0	0	0	1	0	0	0	0	0	0	0	2	0	0	0	12	0	0	0	42	0	0	0	44	25	6	3	0	6	0	1	0	0	0	7	0	0	0	11	20	0	0	10	0	0	0	11	30	0	0	34	0	0	0	91	75	30	11
200	188	31	32	29	176	12	0	17	31	32	29	29	0	14	0	67	48	116	31	164	6	0	17	12	0	17	7	0	14	0	31	0	68	9	31	32	29	10	0	0	0	1	0	0	0	29	0	14	0	67	48	116	31	152	0	0	15	6	0	17	0	0	14	0	12	0	68	0	12	0	17	0	0	0	0	1	0	0	0	7	0	14	0	31	0	68	9	31	32	29	0	0	17	16	1	0	0	0	10	0	0	0	1	0	0	0	29	0	14	0	67	48	116	31	140	0	0	3	0	0	15	0	0	14	0	0	0	60	0	6	0	17	0	0	0	0	1	0	0	0	0	0	14	0	12	0	68	0	12	0	17	0	0	10	0	1	0	0	0	0	0	0	0	1	0	0	0	7	0	14	0	31	0	68	9	31	32	29	0	0	0	12	1	0	0	15	0	0	17	16	1	0	0	0	10	0	0	0	1	0	0	0	29	0	14	0	67	48	116	31
309	290	45	113	55	271	12	45	47	45	113	55	12	195	14	33	96	266	275	6	252	8	10	45	12	45	47	5	30	14	27	32	110	235	0	45	113	55	5	50	10	18	5	0	165	0	12	195	14	33	96	266	275	6	233	2	0	31	8	10	45	0	0	14	0	18	20	225	0	12	45	47	0	0	10	0	1	0	141	0	5	30	14	27	32	110	235	0	45	113	55	0	0	34	37	7	0	55	36	5	50	10	18	5	0	165	0	12	195	14	33	96	266	275	6	214	2	0	7	2	0	31	0	0	14	0	6	0	155	0	8	10	45	0	0	10	0	1	0	135	0	0	0	14	0	18	20	225	0	12	45	47	0	0	31	0	1	0	47	0	0	0	10	0	1	0	141	0	5	30	14	27	32	110	235	0	45	113	55	1	0	0	32	6	0	0	26	0	0	34	37	7	0	55	36	5	50	10	18	5	0	165	0	12	195	14	33	96	266	275	6
251	236	34	27	83	221	16	14	41	34	27	83	31	0	0	43	71	54	83	150	206	9	13	39	16	14	41	9	0	0	37	38	28	41	56	34	27	83	9	13	10	18	2	0	0	0	31	0	0	43	71	54	83	150	191	1	0	20	9	13	39	1	0	0	5	16	26	39	5	16	14	41	0	0	10	0	1	0	0	0	9	0	0	37	38	28	41	56	34	27	83	0	0	52	62	1	0	83	36	9	13	10	18	2	0	0	0	31	0	0	43	71	54	83	150	176	0	0	0	1	0	20	0	0	0	0	0	0	20	0	9	13	39	0	0	10	0	1	0	0	0	1	0	0	5	16	26	39	5	16	14	41	0	0	31	0	1	0	41	0	0	0	10	0	1	0	0	0	9	0	0	37	38	28	41	56	34	27	83	0	0	11	0	1	0	0	30	0	0	52	62	1	0	83	36	9	13	10	18	2	0	0	0	31	0	0	43	71	54	83	150
243	228	41	66	45	213	14	40	11	41	66	45	26	80	0	33	81	156	90	129	198	9	18	9	14	40	11	6	36	0	27	31	107	22	56	41	66	45	9	36	0	18	6	13	90	0	26	80	0	33	81	156	90	129	183	3	0	0	9	18	9	2	0	0	0	14	36	18	5	14	40	11	1	0	0	0	1	11	22	0	6	36	0	27	31	107	22	56	41	66	45	2	0	32	0	6	13	90	36	9	36	0	18	6	13	90	0	26	80	0	33	81	156	90	129	168	1	0	0	3	0	0	0	0	0	0	2	0	0	0	9	18	9	0	0	0	0	1	9	18	0	2	0	0	0	14	36	18	5	14	40	11	0	0	11	0	1	11	22	0	1	0	0	0	1	11	22	0	6	36	0	27	31	107	22	56	41	66	45	0	0	11	0	4	13	0	0	2	0	32	0	6	13	90	36	9	36	0	18	6	13	90	0	26	80	0	33	81	156	90	129
199	187	32	35	30	175	12	8	0	32	35	30	27	24	0	0	64	76	90	118	163	7	0	0	12	8	0	8	0	0	0	27	32	0	47	32	35	30	10	0	0	0	3	0	30	0	27	24	0	0	64	76	90	118	151	1	0	0	7	0	0	1	0	0	0	12	0	0	5	12	8	0	0	0	0	0	1	0	0	0	8	0	0	0	27	32	0	47	32	35	30	0	0	18	0	5	0	0	0	10	0	0	0	3	0	30	0	27	24	0	0	64	76	90	118	139	0	0	0	1	0	0	0	0	0	0	0	0	0	0	7	0	0	0	0	0	0	1	0	0	0	1	0	0	0	12	0	0	5	12	8	0	0	0	0	0	1	0	0	0	0	0	0	0	1	0	0	0	8	0	0	0	27	32	0	47	32	35	30	0	0	11	0	2	0	0	0	0	0	18	0	5	0	0	0	10	0	0	0	3	0	30	0	27	24	0	0	64	76	90	118
143	134	17	8	35	125	2	0	7	17	8	35	3	0	38	14	43	8	35	114	116	1	0	7	2	0	7	0	0	0	14	6	0	7	64	17	8	35	0	0	10	0	0	0	0	0	3	0	38	14	43	8	35	114	107	1	0	7	1	0	7	0	0	0	14	4	0	7	62	2	0	7	0	0	0	0	0	0	0	0	0	0	0	14	6	0	7	64	17	8	35	0	0	0	0	1	0	0	0	0	0	10	0	0	0	0	0	3	0	38	14	43	8	35	114	98	1	0	7	1	0	7	0	0	0	14	4	0	7	46	1	0	7	0	0	0	0	0	0	0	0	0	0	0	14	4	0	7	62	2	0	7	0	0	0	0	0	0	0	0	0	0	0	0	0	0	0	0	0	0	0	14	6	0	7	64	17	8	35	1	0	0	0	3	0	0	0	0	0	0	0	1	0	0	0	0	0	10	0	0	0	0	0	3	0	38	14	43	8	35	114
171	160	40	30	19	149	16	0	7	40	30	19	26	0	30	14	85	90	95	55	138	15	0	7	16	0	7	23	0	0	14	38	0	35	47	40	30	19	12	0	10	0	6	0	0	0	26	0	30	14	85	90	95	55	127	14	0	7	15	0	7	23	0	0	14	36	0	35	45	16	0	7	7	0	0	0	1	0	0	0	23	0	0	14	38	0	35	47	40	30	19	16	0	0	0	13	6	0	0	12	0	10	0	6	0	0	0	26	0	30	14	85	90	95	55	116	11	0	7	14	0	7	20	0	0	14	31	0	35	31	15	0	7	7	0	0	0	1	0	0	0	23	0	0	14	36	0	35	45	16	0	7	1	0	0	0	4	0	0	0	7	0	0	0	1	0	0	0	23	0	0	14	38	0	35	47	40	30	19	25	0	0	0	5	18	0	0	16	0	0	0	13	6	0	0	12	0	10	0	6	0	0	0	26	0	30	14	85	90	95	55
174	163	25	18	48	152	5	0	0	25	18	48	7	0	56	0	60	45	96	242	141	1	0	0	5	0	0	0	0	0	0	12	0	0	116	25	18	48	0	0	41	0	3	0	0	0	7	0	56	0	60	45	96	242	130	1	0	0	1	0	0	0	0	0	0	4	0	0	110	5	0	0	0	0	0	0	1	0	0	0	0	0	0	0	12	0	0	116	25	18	48	0	0	0	0	6	0	0	0	0	0	41	0	3	0	0	0	7	0	56	0	60	45	96	242	119	1	0	0	1	0	0	0	0	0	0	4	0	0	66	1	0	0	0	0	0	0	0	0	0	0	0	0	0	0	4	0	0	110	5	0	0	0	0	0	0	1	0	0	0	0	0	0	0	1	0	0	0	0	0	0	0	12	0	0	116	25	18	48	1	0	0	0	5	0	0	0	0	0	0	0	6	0	0	0	0	0	41	0	3	0	0	0	7	0	56	0	60	45	96	242
143	134	21	8	35	125	4	0	0	21	8	35	7	0	56	0	54	8	35	159	116	1	0	0	4	0	0	0	0	0	0	10	0	0	75	21	8	35	0	0	28	0	1	0	0	0	7	0	56	0	54	8	35	159	107	1	0	0	1	0	0	0	0	0	0	4	0	0	71	4	0	0	0	0	0	0	1	0	0	0	0	0	0	0	10	0	0	75	21	8	35	0	0	0	0	2	0	0	0	0	0	28	0	1	0	0	0	7	0	56	0	54	8	35	159	98	1	0	0	1	0	0	0	0	0	0	4	0	0	46	1	0	0	0	0	0	0	0	0	0	0	0	0	0	0	4	0	0	71	4	0	0	0	0	0	0	1	0	0	0	0	0	0	0	1	0	0	0	0	0	0	0	10	0	0	75	21	8	35	1	0	0	0	4	0	0	0	0	0	0	0	2	0	0	0	0	0	28	0	1	0	0	0	7	0	56	0	54	8	35	159
126	118	21	12	18	110	6	0	0	21	12	18	7	0	30	0	50	18	36	84	102	5	0	0	6	0	0	4	0	0	0	16	0	0	64	21	12	18	0	0	10	0	0	0	0	0	7	0	30	0	50	18	36	84	94	5	0	0	5	0	0	4	0	0	0	14	0	0	62	6	0	0	0	0	0	0	0	0	0	0	4	0	0	0	16	0	0	64	21	12	18	0	0	0	0	1	0	0	0	0	0	10	0	0	0	0	0	7	0	30	0	50	18	36	84	86	5	0	0	5	0	0	4	0	0	0	14	0	0	46	5	0	0	0	0	0	0	0	0	0	0	4	0	0	0	14	0	0	62	6	0	0	0	0	0	0	0	0	0	0	0	0	0	0	0	0	0	0	4	0	0	0	16	0	0	64	21	12	18	5	0	0	0	3	0	0	0	0	0	0	0	1	0	0	0	0	0	10	0	0	0	0	0	7	0	30	0	50	18	36	84
186	173	46	39	55	160	20	12	42	46	39	55	30	0	82	68	100	69	165	19	147	18	12	21	20	12	42	25	0	73	0	50	24	126	7	46	39	55	15	0	11	20	11	9	0	100	30	0	82	68	100	69	165	19	134	16	12	20	18	12	21	24	0	43	0	43	24	63	7	20	12	42	8	0	11	20	2	0	0	58	25	0	73	0	50	24	126	7	46	39	55	18	0	0	10	17	9	0	0	15	0	11	20	11	9	0	100	30	0	82	68	100	69	165	19	121	12	12	18	16	12	20	20	0	40	0	36	24	60	7	18	12	21	7	0	11	20	2	0	0	54	24	0	43	0	43	24	63	7	20	12	42	1	0	0	8	5	0	0	0	8	0	11	20	2	0	0	58	25	0	73	0	50	24	126	7	46	39	55	27	0	0	16	8	9	0	0	18	0	0	10	17	9	0	0	15	0	11	20	11	9	0	100	30	0	82	68	100	69	165	19
191	178	50	36	52	165	28	0	27	50	36	52	37	0	37	92	116	72	208	67	152	26	0	0	28	0	27	32	0	28	0	75	0	108	7	50	36	52	30	0	0	0	11	18	0	130	37	0	37	92	116	72	208	67	139	21	0	0	26	0	0	28	0	0	0	65	0	0	7	28	0	27	14	0	0	0	4	0	0	58	32	0	28	0	75	0	108	7	50	36	52	26	0	0	0	18	36	0	0	30	0	0	0	11	18	0	130	37	0	37	92	116	72	208	67	126	17	0	0	21	0	0	24	0	0	0	51	0	0	7	26	0	0	13	0	0	0	4	0	0	54	28	0	0	0	65	0	0	7	28	0	27	9	0	0	0	12	0	0	0	14	0	0	0	4	0	0	58	32	0	28	0	75	0	108	7	50	36	52	35	0	0	0	11	9	0	0	26	0	0	0	18	36	0	0	30	0	0	0	11	18	0	130	37	0	37	92	116	72	208	67
174	162	36	21	52	150	16	11	10	36	21	52	23	0	15	50	78	54	52	155	138	16	11	0	16	11	10	23	0	10	0	39	44	10	14	36	21	52	12	0	0	0	6	0	0	55	23	0	15	50	78	54	52	155	126	15	11	0	16	11	0	23	0	0	0	39	44	0	14	16	11	10	7	0	0	0	1	0	0	47	23	0	10	0	39	44	10	14	36	21	52	16	0	0	0	13	0	0	0	12	0	0	0	6	0	0	55	23	0	15	50	78	54	52	155	114	12	10	0	15	11	0	20	0	0	0	34	44	0	14	16	11	0	7	0	0	0	1	0	0	45	23	0	0	0	39	44	0	14	16	11	10	1	0	0	0	4	0	0	0	7	0	0	0	1	0	0	47	23	0	10	0	39	44	10	14	36	21	52	26	10	0	0	8	0	0	0	16	0	0	0	13	0	0	0	12	0	0	0	6	0	0	55	23	0	15	50	78	54	52	155
156	144	44	48	12	132	18	32	0	44	48	12	20	32	0	0	98	102	24	37	120	18	32	0	18	32	0	20	32	0	0	47	80	0	7	44	48	12	12	0	0	0	11	0	0	0	20	32	0	0	98	102	24	37	108	17	32	0	18	32	0	20	32	0	0	47	80	0	7	18	32	0	7	0	0	0	3	0	0	0	20	32	0	0	47	80	0	7	40	48	12	16	0	0	0	16	0	0	0	12	0	0	0	11	0	0	0	20	32	0	0	86	102	24	37	96	14	28	0	17	32	0	17	32	0	0	42	80	0	7	18	32	0	7	0	0	0	3	0	0	0	20	32	0	0	47	80	0	7	14	32	0	1	0	0	0	4	0	0	0	7	0	0	0	3	0	0	0	20	32	0	0	35	80	0	7	39	48	12	23	24	0	0	12	0	0	0	16	0	0	0	16	0	0	0	12	0	0	0	9	0	0	0	19	32	0	0	84	102	24	37
239	220	71	142	6	201	29	98	0	71	142	6	18	218	0	0	147	301	30	19	182	26	86	0	29	98	0	13	194	0	0	81	212	0	7	71	142	6	30	98	0	0	25	24	0	0	18	218	0	0	147	301	30	19	163	18	65	0	26	86	0	9	175	0	0	70	177	0	7	29	98	0	7	70	0	0	12	11	0	0	13	194	0	0	81	212	0	7	71	142	6	24	85	0	0	31	64	6	0	30	98	0	0	25	24	0	0	18	218	0	0	147	301	30	19	144	15	30	0	18	65	0	8	100	0	0	53	105	0	7	26	86	0	6	50	0	0	11	10	0	0	9	175	0	0	70	177	0	7	29	98	0	12	10	0	0	15	40	0	0	7	70	0	0	12	11	0	0	13	194	0	0	81	212	0	7	71	142	6	19	100	0	0	14	25	18	0	24	85	0	0	31	64	6	0	30	98	0	0	25	24	0	0	18	218	0	0	147	301	30	19
278	258	48	36	165	238	29	0	129	48	36	165	41	0	59	90	112	72	330	125	218	25	0	121	29	0	129	32	0	58	71	78	0	258	69	48	36	165	25	0	5	81	7	18	0	0	41	0	59	90	112	72	330	125	198	18	0	74	25	0	121	25	0	58	21	61	0	242	21	29	0	129	14	0	0	0	4	0	0	0	32	0	58	71	78	0	258	69	48	36	165	11	0	15	153	13	0	0	183	25	0	5	81	7	18	0	0	41	0	59	90	112	72	330	125	178	11	0	51	18	0	74	12	0	55	20	43	0	148	20	25	0	121	9	0	0	0	4	0	0	0	25	0	58	21	61	0	242	21	29	0	129	9	0	0	83	13	0	0	99	14	0	0	0	4	0	0	0	32	0	58	71	78	0	258	69	48	36	165	14	0	32	53	14	0	0	91	11	0	15	153	13	0	0	183	25	0	5	81	7	18	0	0	41	0	59	90	112	72	330	125
171	158	47	32	51	145	28	22	11	47	32	51	37	0	12	11	116	77	51	177	132	25	22	11	28	22	11	32	0	11	11	74	77	11	79	46	32	51	25	0	5	0	17	0	0	0	37	0	12	11	115	77	51	177	119	18	22	11	25	22	11	25	0	11	11	59	77	11	21	27	22	11	14	0	0	0	4	0	0	0	32	0	11	11	73	77	11	79	46	32	51	11	0	15	0	19	0	0	0	25	0	5	0	17	0	0	0	37	0	12	11	115	77	51	177	106	10	20	10	18	22	11	12	0	11	10	41	77	11	20	24	22	11	9	0	0	0	4	0	0	0	25	0	11	11	58	77	11	21	27	22	11	9	0	0	0	12	0	0	0	14	0	0	0	4	0	0	0	32	0	11	11	73	77	11	79	46	32	51	12	20	42	10	10	0	0	0	11	0	15	0	19	0	0	0	25	0	5	0	17	0	0	0	37	0	12	11	115	77	51	177
187	173	53	49	48	159	24	13	42	53	49	48	37	0	98	11	122	128	192	6	145	20	13	42	24	13	42	28	0	97	11	62	65	168	0	52	49	48	25	0	5	0	15	9	0	0	37	0	98	11	121	128	192	6	131	13	13	42	20	13	42	21	0	97	11	45	65	168	0	23	13	42	14	0	0	0	4	0	0	0	28	0	97	11	61	65	168	0	52	49	48	11	0	15	0	17	0	0	0	25	0	5	0	15	9	0	0	37	0	98	11	121	128	192	6	117	8	9	35	13	13	42	8	0	97	10	27	65	168	0	19	13	42	9	0	0	0	4	0	0	0	21	0	97	11	44	65	168	0	23	13	42	9	0	0	0	13	0	0	0	14	0	0	0	4	0	0	0	28	0	97	11	61	65	168	0	52	49	48	10	36	20	50	20	0	0	0	11	0	15	0	17	0	0	0	25	0	5	0	15	9	0	0	37	0	98	11	121	128	192	6
185	171	50	54	47	157	26	32	22	50	54	47	33	41	33	22	113	115	94	113	143	22	20	20	26	32	22	26	20	33	18	69	67	44	69	50	54	47	24	29	5	18	11	22	47	0	33	41	33	22	113	115	94	113	129	15	9	11	22	20	20	20	9	33	0	56	18	40	21	26	32	22	13	9	0	0	6	12	22	0	26	20	33	18	69	67	44	69	50	54	47	19	18	15	0	23	12	47	45	24	29	5	18	11	22	47	0	33	41	33	22	113	115	94	113	115	9	0	10	15	9	11	8	0	33	0	39	0	22	20	22	20	20	9	0	0	0	5	11	20	0	20	9	33	0	56	18	40	21	26	32	22	9	0	0	0	15	11	22	11	13	9	0	0	6	12	22	0	26	20	33	18	69	67	44	69	50	54	47	14	0	20	10	14	22	47	0	19	18	15	0	23	12	47	45	24	29	5	18	11	22	47	0	33	41	33	22	113	115	94	113
202	185	71	113	14	168	31	85	0	71	113	14	42	97	0	0	154	332	42	58	151	26	64	0	31	85	0	34	70	0	0	81	262	0	27	70	113	14	25	114	5	0	26	31	14	0	42	97	0	0	153	332	42	58	134	15	38	0	26	64	0	25	40	0	0	60	190	0	0	30	85	0	12	54	0	0	11	22	0	0	34	70	0	0	80	262	0	27	70	113	14	19	78	15	0	30	75	42	0	25	114	5	0	26	31	14	0	42	97	0	0	153	332	42	58	117	6	30	0	15	38	0	4	36	0	0	32	123	0	0	25	64	0	5	36	0	0	11	19	0	0	25	40	0	0	59	190	0	0	30	85	0	5	66	0	0	15	67	0	0	12	54	0	0	11	22	0	0	34	70	0	0	80	262	0	27	70	113	14	7	54	20	0	19	38	0	0	19	78	15	0	30	75	42	0	25	114	5	0	26	31	14	0	42	97	0	0	153	332	42	58
180	166	27	24	83	152	15	0	60	27	24	83	17	0	6	89	73	36	166	62	138	11	0	59	15	0	60	10	0	0	86	45	0	120	42	27	24	83	6	0	18	11	9	0	0	0	17	0	6	89	73	36	166	62	124	11	0	59	11	0	59	10	0	0	86	36	0	118	42	15	0	60	6	0	0	11	7	0	0	0	10	0	0	86	45	0	120	42	27	24	83	15	0	0	0	17	0	0	0	6	0	18	11	9	0	0	0	17	0	6	89	73	36	166	62	110	4	0	59	11	0	59	10	0	0	86	36	0	118	42	11	0	59	0	0	0	11	6	0	0	0	10	0	0	86	36	0	118	42	15	0	60	6	0	0	0	9	0	0	0	6	0	0	11	7	0	0	0	10	0	0	86	45	0	120	42	27	24	83	6	0	21	0	20	48	0	0	15	0	0	0	17	0	0	0	6	0	18	11	9	0	0	0	17	0	6	89	73	36	166	62
156	144	25	0	93	132	13	0	36	25	0	93	13	0	15	58	68	0	0	325	120	8	0	36	13	0	36	5	0	0	58	36	0	0	204	25	0	93	7	0	27	0	3	0	0	0	13	0	15	58	68	0	0	325	108	7	0	36	8	0	36	4	0	0	58	25	0	0	194	13	0	36	6	0	0	0	3	0	0	0	5	0	0	58	36	0	0	204	25	0	93	8	0	9	0	9	0	0	0	7	0	27	0	3	0	0	0	13	0	15	58	68	0	0	325	96	2	0	33	7	0	36	4	0	0	55	25	0	0	138	8	0	36	0	0	0	0	2	0	0	0	4	0	0	58	25	0	0	194	13	0	36	6	0	0	0	9	0	0	0	6	0	0	0	3	0	0	0	5	0	0	58	36	0	0	204	25	0	93	2	0	41	33	22	0	0	0	8	0	9	0	9	0	0	0	7	0	27	0	3	0	0	0	13	0	15	58	68	0	0	325
103	95	13	7	35	87	3	0	22	13	7	35	4	0	0	44	34	7	35	48	79	2	0	22	3	0	22	0	0	0	44	12	0	22	42	13	7	35	0	0	0	0	1	0	0	0	4	0	0	44	34	7	35	48	71	2	0	22	2	0	22	0	0	0	44	10	0	22	42	3	0	22	0	0	0	0	0	0	0	0	0	0	0	44	12	0	22	42	13	7	35	1	0	0	0	5	0	0	0	0	0	0	0	1	0	0	0	4	0	0	44	34	7	35	48	63	0	0	22	2	0	22	0	0	0	44	10	0	22	42	2	0	22	0	0	0	0	0	0	0	0	0	0	0	44	10	0	22	42	3	0	22	0	0	0	0	1	0	0	0	0	0	0	0	0	0	0	0	0	0	0	44	12	0	22	42	13	7	35	0	0	9	0	17	7	0	0	1	0	0	0	5	0	0	0	0	0	0	0	1	0	0	0	4	0	0	44	34	7	35	48
176	162	41	49	54	148	19	9	11	41	49	54	15	36	15	11	97	134	216	274	134	15	0	11	19	9	11	11	0	0	11	52	18	44	193	41	49	54	9	0	27	0	15	0	54	0	15	36	15	11	97	134	216	274	120	13	0	11	15	0	11	10	0	0	11	43	0	44	183	19	9	11	6	0	0	0	10	0	11	0	11	0	0	11	52	18	44	193	41	49	54	25	0	9	0	33	13	0	0	9	0	27	0	15	0	54	0	15	36	15	11	97	134	216	274	106	4	0	11	13	0	11	10	0	0	11	42	0	44	127	15	0	11	0	0	0	0	9	0	11	0	10	0	0	11	43	0	44	183	19	9	11	6	0	0	0	11	9	0	0	6	0	0	0	10	0	11	0	11	0	0	11	52	18	44	193	41	49	54	6	0	21	0	24	54	0	0	25	0	9	0	33	13	0	0	9	0	27	0	15	0	54	0	15	36	15	11	97	134	216	274
88	81	22	12	0	74	9	0	0	22	12	0	11	0	0	0	50	24	0	0	67	8	0	0	9	0	0	7	0	0	0	25	0	0	0	22	12	0	0	0	0	0	8	0	0	0	11	0	0	0	50	24	0	0	60	8	0	0	8	0	0	7	0	0	0	23	0	0	0	9	0	0	0	0	0	0	5	0	0	0	7	0	0	0	25	0	0	0	22	12	0	10	0	0	0	15	0	0	0	0	0	0	0	8	0	0	0	11	0	0	0	50	24	0	0	53	3	0	0	8	0	0	7	0	0	0	23	0	0	0	8	0	0	0	0	0	0	5	0	0	0	7	0	0	0	23	0	0	0	9	0	0	0	0	0	0	2	0	0	0	0	0	0	0	5	0	0	0	7	0	0	0	25	0	0	0	22	12	0	7	0	0	0	17	20	0	0	10	0	0	0	15	0	0	0	0	0	0	0	8	0	0	0	11	0	0	0	50	24	0	0
167	152	70	66	39	137	34	26	25	70	66	39	43	0	77	36	137	174	195	54	122	27	26	5	34	26	25	28	0	57	0	87	78	125	11	70	66	39	30	0	51	25	30	21	0	61	43	0	77	36	137	174	195	54	107	15	16	0	27	26	5	19	0	15	0	74	78	25	11	34	26	25	4	0	49	0	21	13	0	22	28	0	57	0	87	78	125	11	70	66	39	26	80	28	0	44	77	0	6	30	0	51	25	30	21	0	61	43	0	77	36	137	174	195	54	92	6	0	0	15	16	0	7	0	0	0	42	48	0	11	27	26	5	2	0	20	0	19	13	0	20	19	0	15	0	74	78	25	11	34	26	25	8	0	22	0	13	13	0	0	4	0	49	0	21	13	0	22	28	0	57	0	87	78	125	11	70	66	39	8	0	18	0	11	16	78	0	26	80	28	0	44	77	0	6	30	0	51	25	30	21	0	61	43	0	77	36	137	174	195	54
115	105	38	17	32	95	17	9	0	38	17	32	20	0	9	0	87	53	32	172	85	16	9	0	17	9	0	19	0	0	0	49	45	0	93	38	17	32	8	0	0	0	16	8	0	0	20	0	9	0	87	53	32	172	75	12	8	0	16	9	0	15	0	0	0	44	45	0	92	17	9	0	4	0	0	0	12	0	0	0	19	0	0	0	49	45	0	93	38	17	32	25	8	0	0	31	32	0	0	8	0	0	0	16	8	0	0	20	0	9	0	87	53	32	172	65	4	0	0	12	8	0	7	0	0	0	31	40	0	92	16	9	0	2	0	0	0	12	0	0	0	15	0	0	0	44	45	0	92	17	9	0	4	0	0	0	7	0	0	0	4	0	0	0	12	0	0	0	19	0	0	0	49	45	0	93	38	17	32	8	0	0	0	9	16	32	0	25	8	0	0	31	32	0	0	8	0	0	0	16	8	0	0	20	0	9	0	87	53	32	172
144	130	50	65	25	116	20	45	0	50	65	25	41	54	9	0	105	138	50	137	102	14	45	0	20	45	0	17	54	0	0	61	117	0	71	49	65	25	13	0	0	0	12	52	0	0	41	54	9	0	104	138	50	137	88	9	39	0	14	45	0	9	54	0	0	39	117	0	70	19	45	0	4	0	0	0	7	45	0	0	17	54	0	0	60	117	0	71	49	65	25	20	42	0	0	31	37	0	0	13	0	0	0	12	52	0	0	41	54	9	0	104	138	50	137	74	3	14	0	9	39	0	1	42	0	0	24	91	0	70	13	45	0	2	0	0	0	7	45	0	0	9	54	0	0	38	117	0	70	19	45	0	4	0	0	0	7	9	0	0	4	0	0	0	7	45	0	0	17	54	0	0	60	117	0	71	49	65	25	5	28	0	0	9	14	75	0	20	42	0	0	31	37	0	0	13	0	0	0	12	52	0	0	41	54	9	0	104	138	50	137
104	95	41	20	9	86	20	0	0	41	20	9	20	0	9	0	83	45	36	54	77	19	0	0	20	0	0	19	0	0	0	56	0	0	11	41	20	9	14	0	0	0	21	5	0	0	20	0	9	0	83	45	36	54	68	13	0	0	19	0	0	15	0	0	0	51	0	0	11	20	0	0	4	0	0	0	14	0	0	0	19	0	0	0	56	0	0	11	41	20	9	26	0	0	0	31	30	0	0	14	0	0	0	21	5	0	0	20	0	9	0	83	45	36	54	59	4	0	0	13	0	0	7	0	0	0	36	0	0	11	19	0	0	2	0	0	0	14	0	0	0	15	0	0	0	51	0	0	11	20	0	0	4	0	0	0	9	0	0	0	4	0	0	0	14	0	0	0	19	0	0	0	56	0	0	11	41	20	9	8	0	0	0	9	10	0	0	26	0	0	0	31	30	0	0	14	0	0	0	21	5	0	0	20	0	9	0	83	45	36	54
108	98	39	32	4	88	17	16	0	39	32	4	19	8	0	0	82	65	12	0	78	16	16	0	17	16	0	18	8	0	0	50	40	0	0	39	32	4	10	0	0	0	19	5	0	0	19	8	0	0	82	65	12	0	68	11	13	0	16	16	0	14	8	0	0	45	40	0	0	17	16	0	4	0	0	0	13	0	0	0	18	8	0	0	50	40	0	0	39	32	4	23	15	0	0	30	25	0	0	10	0	0	0	19	5	0	0	19	8	0	0	82	65	12	0	58	3	5	0	11	13	0	6	5	0	0	31	25	0	0	16	16	0	2	0	0	0	13	0	0	0	14	8	0	0	45	40	0	0	17	16	0	4	0	0	0	8	0	0	0	4	0	0	0	13	0	0	0	18	8	0	0	50	40	0	0	39	32	4	5	15	0	0	9	10	4	0	23	15	0	0	30	25	0	0	10	0	0	0	19	5	0	0	19	8	0	0	82	65	12	0
149	135	41	35	64	121	25	13	39	41	35	64	24	0	56	66	80	13	128	52	107	19	11	25	25	13	39	18	0	51	25	71	13	78	25	41	35	64	19	22	31	36	20	24	0	54	24	0	56	66	80	13	128	52	93	6	0	5	19	11	25	9	0	49	5	52	11	50	5	25	13	39	4	0	28	0	15	13	0	11	18	0	51	25	71	13	78	25	41	35	64	10	0	41	25	13	13	64	61	19	22	31	36	20	24	0	54	24	0	56	66	80	13	128	52	79	3	0	0	6	0	5	0	0	20	0	13	0	10	0	19	11	25	2	0	22	0	14	11	0	11	9	0	49	5	52	11	50	5	25	13	39	8	0	18	0	13	13	39	22	4	0	28	0	15	13	0	11	18	0	51	25	71	13	78	25	41	35	64	1	0	5	0	1	0	0	6	10	0	41	25	13	13	64	61	19	22	31	36	20	24	0	54	24	0	56	66	80	13	128	52
136	123	40	44	34	110	23	12	19	40	44	34	23	0	44	19	80	44	136	48	97	17	8	16	23	12	19	17	0	40	16	66	12	76	25	40	44	34	17	32	31	18	19	20	0	0	23	0	44	19	80	44	136	48	84	5	0	5	17	8	16	8	0	40	5	47	8	64	5	23	12	19	4	0	28	0	15	12	0	0	17	0	40	16	66	12	76	25	40	44	34	10	0	36	25	13	12	34	14	17	32	31	18	19	20	0	0	23	0	44	19	80	44	136	48	71	3	0	0	5	0	5	0	0	20	0	13	0	20	0	17	8	16	2	0	22	0	14	8	0	0	8	0	40	5	47	8	64	5	23	12	19	8	0	18	0	13	12	19	0	4	0	28	0	15	12	0	0	17	0	40	16	66	12	76	25	40	44	34	1	0	0	0	4	0	0	6	10	0	36	25	13	12	34	14	17	32	31	18	19	20	0	0	23	0	44	19	80	44	136	48
122	109	47	58	19	96	22	40	10	47	58	19	43	0	44	10	88	120	57	39	83	14	34	10	22	40	10	17	0	40	10	59	120	30	25	46	58	19	22	36	11	0	20	51	0	0	43	0	44	10	86	120	57	39	70	3	18	5	14	34	10	8	0	40	5	34	102	30	5	21	40	10	4	0	10	0	10	45	0	0	17	0	40	10	57	120	30	25	46	58	19	6	36	16	25	13	29	38	0	22	36	11	0	20	51	0	0	43	0	44	10	86	120	57	39	57	1	18	0	3	18	5	0	0	20	0	7	54	15	0	13	34	10	2	0	10	0	9	30	0	0	8	0	40	5	32	102	30	5	21	40	10	4	36	0	0	11	29	20	0	4	0	10	0	10	45	0	0	17	0	40	10	57	120	30	25	40	58	19	1	0	0	0	1	0	0	6	6	36	16	25	11	29	38	0	20	36	11	0	14	51	0	0	43	0	44	10	73	120	57	39
180	161	70	119	43	142	34	96	9	70	119	43	43	150	0	9	147	327	43	109	123	26	78	6	34	96	9	20	128	0	6	92	289	9	25	67	119	43	26	94	20	18	30	72	43	0	43	150	0	9	143	327	43	109	104	8	32	0	26	78	6	9	80	0	0	64	217	6	5	31	96	9	2	44	18	0	16	66	9	0	20	128	0	6	88	289	9	25	67	119	43	8	68	70	0	18	66	172	14	26	94	20	18	30	72	43	0	43	150	0	9	143	327	43	109	85	4	11	0	8	32	0	0	0	0	0	10	74	0	0	23	78	6	1	22	12	0	16	60	6	0	9	80	0	0	60	217	6	5	31	96	9	6	44	18	0	13	62	36	0	2	44	18	0	16	66	9	0	20	128	0	6	88	289	9	25	64	119	43	1	11	19	0	3	12	86	0	8	68	70	0	17	66	172	14	23	94	20	18	25	72	43	0	43	150	0	9	137	327	43	109
108	98	34	16	25	88	24	0	0	34	16	25	20	0	0	0	68	0	50	77	78	22	0	0	24	0	0	19	0	0	0	64	0	0	25	34	16	25	20	0	0	0	23	8	0	0	20	0	0	0	68	0	50	77	68	8	0	0	22	0	0	15	0	0	0	58	0	0	5	24	0	0	4	0	0	0	20	0	0	0	19	0	0	0	64	0	0	25	34	16	25	10	0	42	0	13	0	0	0	20	0	0	0	23	8	0	0	20	0	0	0	68	0	50	77	58	3	0	0	8	0	0	0	0	0	0	13	0	0	0	22	0	0	2	0	0	0	19	0	0	0	15	0	0	0	58	0	0	5	24	0	0	8	0	0	0	13	0	0	0	4	0	0	0	20	0	0	0	19	0	0	0	64	0	0	25	34	16	25	1	0	19	0	1	0	0	0	10	0	42	0	13	0	0	0	20	0	0	0	23	8	0	0	20	0	0	0	68	0	50	77
106	95	32	28	41	84	16	0	30	32	28	41	8	0	30	33	71	63	164	34	73	14	0	29	16	0	30	8	0	27	30	38	0	120	19	30	28	41	5	0	8	10	16	0	0	0	8	0	30	33	69	63	164	34	62	14	0	29	14	0	29	8	0	26	30	36	0	116	16	14	0	30	5	0	0	10	8	0	0	0	8	0	27	30	36	0	120	19	24	28	41	13	0	0	0	13	0	0	0	5	0	8	10	16	0	0	0	6	0	30	33	49	63	164	34	51	11	0	21	14	0	29	8	0	26	15	36	0	116	5	12	0	29	5	0	0	5	6	0	0	0	8	0	26	30	34	0	116	16	8	0	30	3	0	0	0	4	0	0	0	5	0	0	10	8	0	0	0	6	0	27	30	16	0	120	19	21	28	41	7	0	0	47	6	21	0	0	13	0	0	0	13	0	0	0	3	0	8	10	10	0	0	0	3	0	30	33	43	63	164	34
73	64	35	27	8	55	14	14	8	35	27	8	11	7	16	0	79	73	32	0	46	12	14	8	14	14	8	7	7	16	0	33	42	32	0	27	27	8	5	0	0	0	12	14	0	0	11	7	16	0	68	73	32	0	38	12	14	8	12	14	8	7	7	16	0	30	42	32	0	10	14	8	5	0	0	0	4	14	0	0	7	7	16	0	28	42	32	0	20	19	8	13	0	0	0	11	0	0	0	5	0	0	0	12	14	0	0	5	7	16	0	43	41	32	0	31	9	14	6	12	14	8	7	7	16	0	30	42	32	0	10	14	8	5	0	0	0	4	14	0	0	7	7	16	0	28	42	32	0	5	7	8	3	0	0	0	2	0	0	0	5	0	0	0	4	14	0	0	5	7	16	0	12	14	32	0	18	12	8	7	0	0	12	6	9	0	0	13	0	0	0	11	0	0	0	3	0	0	0	8	0	0	0	3	0	16	0	39	27	32	0
80	72	16	0	57	64	14	0	11	16	0	57	12	0	24	33	42	0	0	185	56	5	0	10	14	0	11	8	0	11	30	35	0	0	77	16	0	57	4	0	71	10	14	0	0	0	12	0	24	33	42	0	0	185	48	3	0	10	5	0	10	0	0	10	30	13	0	0	57	14	0	11	2	0	0	10	14	0	0	0	8	0	11	30	35	0	0	77	16	0	57	8	0	20	0	11	0	0	0	4	0	71	10	14	0	0	0	12	0	24	33	42	0	0	185	40	3	0	5	3	0	10	0	0	10	15	8	0	0	15	5	0	10	2	0	0	5	0	0	0	0	0	0	10	30	13	0	0	57	14	0	11	8	0	0	0	11	0	0	0	2	0	0	10	14	0	0	0	8	0	11	30	35	0	0	77	16	0	57	1	0	0	25	1	0	0	0	8	0	20	0	11	0	0	0	4	0	71	10	14	0	0	0	12	0	24	33	42	0	0	185
98	88	14	9	60	78	8	9	23	14	9	60	2	0	14	45	32	9	0	142	68	3	0	21	8	9	23	1	0	11	41	20	9	0	68	14	9	60	1	0	31	21	7	9	60	0	2	0	14	45	32	9	0	142	58	2	0	19	3	0	21	0	0	10	39	8	0	0	51	8	9	23	0	0	0	19	7	9	23	0	1	0	11	41	20	9	0	68	14	9	60	4	0	0	18	6	9	0	0	1	0	31	21	7	9	60	0	2	0	14	45	32	9	0	142	48	2	0	5	2	0	19	0	0	10	15	6	0	0	15	3	0	21	0	0	0	5	0	0	21	0	0	0	10	39	8	0	0	51	8	9	23	4	0	0	0	6	9	0	0	0	0	0	19	7	9	23	0	1	0	11	41	20	9	0	68	14	9	60	0	0	0	25	3	0	0	47	4	0	0	18	6	9	0	0	1	0	31	21	7	9	60	0	2	0	14	45	32	9	0	142
70	63	17	0	28	56	8	0	11	17	0	28	1	0	14	33	40	0	0	53	49	4	0	10	8	0	11	1	0	11	30	20	0	0	29	17	0	28	0	0	20	10	9	0	0	0	1	0	14	33	40	0	0	53	42	4	0	10	4	0	10	1	0	10	30	12	0	0	26	8	0	11	0	0	0	10	9	0	0	0	1	0	11	30	20	0	0	29	16	0	28	4	0	0	0	5	0	0	0	0	0	20	10	9	0	0	0	1	0	14	33	36	0	0	53	35	4	0	5	4	0	10	1	0	10	15	12	0	0	10	4	0	10	0	0	0	5	2	0	0	0	1	0	10	30	12	0	0	26	7	0	11	4	0	0	0	5	0	0	0	0	0	0	10	9	0	0	0	1	0	11	30	16	0	0	29	15	0	28	0	0	0	25	6	0	0	0	4	0	0	0	5	0	0	0	0	0	20	10	7	0	0	0	0	0	14	33	34	0	0	53
72	62	34	21	20	52	12	21	8	34	21	20	8	0	0	16	74	56	0	49	42	12	21	8	12	21	8	8	0	0	16	29	56	0	38	23	21	20	5	0	0	0	21	0	0	0	8	0	0	16	62	56	0	49	35	12	21	8	12	21	8	8	0	0	16	29	56	0	37	9	21	8	5	0	0	0	6	0	0	0	8	0	0	16	26	56	0	38	20	0	20	13	0	0	0	15	0	0	0	5	0	0	0	21	0	0	0	6	0	0	16	50	0	0	49	28	9	21	8	12	21	8	8	0	0	16	29	56	0	37	9	21	8	5	0	0	0	6	0	0	0	8	0	0	16	26	56	0	37	6	0	8	3	0	0	0	2	0	0	0	5	0	0	0	6	0	0	0	6	0	0	16	14	0	0	38	17	0	20	7	0	0	0	4	0	0	0	13	0	0	0	15	0	0	0	3	0	0	0	15	0	0	0	3	0	0	16	44	0	0	49
115	102	39	22	74	89	22	0	58	39	22	74	16	0	26	72	96	33	148	49	76	20	0	52	22	0	58	13	0	26	60	55	0	116	38	35	22	74	12	0	0	63	22	22	0	0	16	0	26	72	92	33	148	49	63	17	0	50	20	0	52	10	0	20	56	47	0	104	37	18	0	58	7	0	0	57	8	0	0	0	13	0	26	60	51	0	116	38	29	22	74	17	0	0	19	17	33	0	0	12	0	0	63	22	22	0	0	14	0	26	72	72	33	148	49	50	13	0	46	17	0	50	8	0	18	56	40	0	100	37	16	0	52	6	0	0	48	8	0	0	0	10	0	20	56	43	0	104	37	12	0	58	5	0	0	16	6	0	0	0	7	0	0	57	8	0	0	0	11	0	26	60	31	0	116	38	25	22	74	8	0	0	28	5	11	0	0	17	0	0	19	17	33	0	0	9	0	0	63	14	22	0	0	11	0	26	72	64	33	148	49
114	100	61	53	48	86	29	13	47	60	53	48	50	0	70	10	131	141	240	0	73	20	13	34	29	13	47	16	0	66	0	75	13	235	0	56	40	48	19	0	22	30	21	56	0	43	50	0	70	10	127	128	240	0	60	16	13	33	20	13	34	9	0	20	0	45	13	170	0	25	0	47	9	0	20	27	6	0	0	9	16	0	66	0	71	0	235	0	51	40	48	21	0	0	9	22	32	0	0	19	0	22	30	21	56	0	43	48	0	70	10	111	128	240	0	47	11	13	25	16	13	33	7	0	18	0	36	13	165	0	16	0	34	6	0	0	18	6	0	0	6	9	0	20	0	41	0	170	0	20	0	47	5	0	0	6	8	0	0	0	9	0	20	27	6	0	0	9	14	0	66	0	55	0	235	0	48	40	48	9	0	11	64	6	8	0	0	21	0	0	9	22	32	0	0	16	0	22	30	15	56	0	43	46	0	70	10	105	128	240	0
97	83	52	72	10	69	22	50	0	51	72	10	19	41	0	0	113	173	30	49	56	17	47	0	22	50	0	9	38	0	0	52	128	0	38	40	59	10	11	29	0	0	24	40	0	0	19	41	0	0	98	160	30	49	44	13	39	0	17	47	0	6	36	0	0	37	119	0	37	15	38	0	4	27	0	0	6	18	0	0	9	38	0	0	43	116	0	38	33	47	10	9	54	0	0	17	27	0	0	11	29	0	0	24	40	0	0	14	29	0	0	73	112	30	49	33	11	24	0	13	39	0	4	30	0	0	28	99	0	37	12	36	0	3	27	0	0	6	18	0	0	6	36	0	0	31	108	0	37	10	27	0	3	18	0	0	5	9	0	0	4	27	0	0	6	18	0	0	8	27	0	0	27	72	0	38	24	36	10	6	18	0	0	5	6	20	0	9	54	0	0	15	27	0	0	7	18	0	0	12	18	0	0	12	18	0	0	54	90	30	49
100	86	53	70	10	72	23	43	0	52	70	10	20	33	0	0	110	169	40	49	59	18	41	0	23	43	0	10	31	0	0	56	96	0	38	41	57	10	12	21	0	0	21	40	0	0	20	33	0	0	95	156	40	49	47	14	36	0	18	41	0	7	30	0	0	41	91	0	37	16	31	0	5	20	0	0	6	20	0	0	10	31	0	0	47	84	0	38	34	45	10	12	34	0	0	16	28	0	0	12	21	0	0	21	40	0	0	15	21	0	0	70	108	40	49	36	11	26	0	14	36	0	5	26	0	0	32	82	0	37	13	30	0	4	20	0	0	6	20	0	0	7	30	0	0	35	80	0	37	11	20	0	4	10	0	0	5	10	0	0	5	20	0	0	6	20	0	0	9	20	0	0	31	40	0	38	29	34	10	5	24	0	0	5	6	10	0	12	34	0	0	15	28	0	0	8	10	0	0	12	18	0	0	13	10	0	0	60	86	40	49
138	120	54	48	114	102	30	31	80	50	48	114	40	31	24	37	103	113	114	142	84	24	15	61	26	31	80	15	15	22	36	65	92	80	105	44	48	114	20	15	0	82	9	0	114	60	40	31	24	37	96	113	114	142	66	14	0	18	20	15	61	9	0	20	20	44	30	61	86	20	31	80	7	0	0	0	6	0	80	23	15	15	22	36	58	92	80	105	42	48	114	7	0	48	70	13	17	114	160	20	15	0	82	9	0	114	60	38	31	24	37	88	113	114	142	48	11	0	9	10	0	18	4	0	0	18	19	0	18	83	14	15	61	6	0	0	0	6	0	61	21	9	0	20	20	37	30	61	86	18	31	80	5	0	29	27	8	16	80	77	7	0	0	0	6	0	80	23	13	15	22	36	50	92	80	105	37	48	114	10	0	12	9	5	0	0	39	7	0	48	70	12	17	114	160	15	15	0	82	0	0	114	60	36	31	24	37	78	113	114	142
131	114	45	60	80	97	22	0	63	43	60	80	38	0	50	37	85	84	400	58	80	15	0	62	20	0	63	12	0	48	36	50	0	315	47	39	60	80	16	0	0	10	4	0	0	0	38	0	50	37	81	84	400	58	63	9	0	38	13	0	62	5	0	46	20	25	0	310	34	16	0	63	4	0	0	0	4	0	0	0	12	0	48	36	46	0	315	47	38	60	80	5	0	18	107	7	0	0	43	16	0	0	10	4	0	0	0	37	0	50	37	77	84	400	58	46	7	0	9	7	0	38	2	0	19	18	12	0	190	33	9	0	62	3	0	0	0	4	0	0	0	5	0	46	20	21	0	310	34	15	0	63	3	0	11	27	7	0	0	9	4	0	0	0	4	0	0	0	11	0	48	36	42	0	315	47	36	60	80	2	0	6	9	2	0	0	100	5	0	18	107	7	0	0	43	14	0	0	10	0	0	0	0	36	0	50	37	73	84	400	58
93	80	47	47	29	67	26	20	9	42	47	29	39	24	18	0	85	64	87	68	55	20	12	9	22	20	9	16	0	18	0	56	44	27	47	38	35	29	17	0	0	0	6	0	29	0	39	24	18	0	81	52	87	68	43	13	12	7	16	12	9	9	0	18	0	35	12	27	34	18	8	9	7	0	0	0	6	0	9	0	16	0	18	0	52	32	27	47	36	35	29	7	0	18	14	11	0	0	0	17	0	0	0	6	0	29	0	37	24	18	0	73	52	87	68	31	10	11	0	9	12	7	4	0	14	0	18	12	21	33	12	0	9	6	0	0	0	6	0	9	0	9	0	18	0	31	0	27	34	16	8	9	5	0	0	0	7	0	0	0	7	0	0	0	6	0	9	0	14	0	18	0	44	32	27	47	33	35	29	9	11	12	0	5	0	0	25	7	0	18	14	11	0	0	0	14	0	0	0	0	0	29	0	35	24	18	0	67	52	87	68
128	110	57	109	38	92	20	45	29	51	109	38	11	212	42	11	102	259	190	48	74	17	8	25	14	45	29	5	32	40	10	34	130	145	47	47	109	38	11	40	0	28	5	0	152	0	11	212	42	11	97	259	190	48	56	10	0	7	11	8	25	2	0	38	0	22	16	125	34	10	45	29	2	0	0	0	2	0	116	0	5	32	40	10	29	130	145	47	47	109	38	4	0	30	14	18	17	38	62	11	40	0	28	5	0	152	0	11	212	42	11	97	259	190	48	38	9	0	0	4	0	7	0	0	14	0	5	0	35	33	7	8	25	1	0	0	0	2	0	100	0	2	0	38	0	17	16	125	34	10	45	29	2	0	29	0	6	13	29	19	2	0	0	0	2	0	116	0	5	32	40	10	29	130	145	47	44	109	38	20	0	0	0	10	0	0	25	4	0	30	14	17	17	38	62	8	40	0	28	0	0	152	0	11	212	42	11	91	259	190	48
108	92	60	82	43	76	31	58	11	53	82	43	44	64	24	11	111	156	86	142	61	23	43	10	25	58	11	16	40	22	10	59	130	22	105	44	67	43	21	61	0	10	10	28	43	0	40	64	24	11	99	141	86	142	46	14	21	0	17	43	10	11	18	20	0	35	81	20	86	16	43	11	5	21	0	0	4	24	11	0	12	40	22	10	47	115	22	105	40	67	43	9	42	30	0	11	36	86	43	21	61	0	10	10	28	43	0	34	64	24	11	82	141	86	142	32	10	11	0	8	21	0	4	0	0	0	16	30	0	83	10	29	10	5	11	0	0	4	22	10	0	7	18	20	0	26	67	20	86	14	43	11	3	22	11	0	5	33	22	9	5	21	0	0	4	24	11	0	10	40	22	10	39	115	22	105	33	53	43	9	11	12	0	3	24	43	0	3	42	30	0	9	36	86	43	11	47	0	10	0	0	43	0	32	64	24	11	69	113	86	142
63	54	21	0	49	45	8	0	9	19	0	49	8	0	49	27	52	0	0	190	36	5	0	9	6	0	9	2	0	0	27	11	0	0	112	17	0	49	2	0	26	0	2	0	0	0	8	0	49	27	50	0	0	190	27	4	0	9	3	0	9	0	0	0	27	4	0	0	106	4	0	9	1	0	0	0	2	0	0	0	2	0	0	27	9	0	0	112	17	0	49	2	0	9	0	4	0	0	0	2	0	26	0	2	0	0	0	8	0	49	27	50	0	0	190	18	4	0	7	2	0	9	0	0	0	21	2	0	0	52	1	0	9	1	0	0	0	2	0	0	0	0	0	0	27	2	0	0	106	4	0	9	2	0	0	0	4	0	0	0	1	0	0	0	2	0	0	0	2	0	0	27	9	0	0	112	16	0	49	2	0	0	14	2	0	0	0	2	0	9	0	4	0	0	0	1	0	26	0	0	0	0	0	8	0	49	27	48	0	0	190
70	60	17	0	65	50	5	0	29	15	0	65	4	0	40	83	42	0	0	147	40	3	0	28	3	0	29	0	0	0	79	5	0	0	101	14	0	65	0	0	24	11	0	0	0	0	4	0	40	83	41	0	0	147	30	3	0	27	1	0	28	0	0	0	75	1	0	0	96	2	0	29	0	0	12	10	0	0	0	0	0	0	0	79	4	0	0	101	14	0	65	0	0	0	10	2	0	0	0	0	0	24	11	0	0	0	0	4	0	40	83	41	0	0	147	20	3	0	12	1	0	27	0	0	0	26	1	0	0	52	0	0	28	0	0	11	0	0	0	0	0	0	0	0	75	0	0	0	96	2	0	29	0	0	0	0	2	0	0	0	0	0	12	10	0	0	0	0	0	0	0	79	4	0	0	101	14	0	65	1	0	0	29	0	0	0	43	0	0	0	10	2	0	0	0	0	0	24	11	0	0	0	0	4	0	40	83	41	0	0	147
79	67	29	35	36	55	8	0	12	23	35	36	4	0	32	48	54	105	180	118	43	6	0	11	2	0	12	0	0	0	44	4	0	60	92	23	35	36	0	0	24	11	0	0	0	0	4	0	32	48	54	105	180	118	31	6	0	10	0	0	11	0	0	0	40	0	0	55	87	2	0	12	0	0	12	10	0	0	0	0	0	0	0	44	4	0	60	92	23	35	36	0	0	0	10	14	0	0	0	0	0	24	11	0	0	0	0	4	0	32	48	54	105	180	118	19	6	0	0	0	0	10	0	0	0	0	0	0	50	45	0	0	11	0	0	11	0	0	0	0	0	0	0	0	40	0	0	55	87	2	0	12	0	0	0	0	2	0	0	0	0	0	12	10	0	0	0	0	0	0	0	44	4	0	60	92	23	35	36	18	0	0	0	8	0	0	43	0	0	0	10	14	0	0	0	0	0	24	11	0	0	0	0	4	0	32	48	54	105	180	118
71	59	26	29	52	49	9	20	0	24	9	52	9	0	64	0	63	36	52	304	39	5	20	0	7	0	0	2	0	0	0	13	0	0	192	22	9	52	2	0	41	0	2	0	0	0	9	0	64	0	61	36	52	304	29	4	20	0	3	0	0	0	0	0	0	4	0	0	167	5	0	0	1	0	0	0	2	0	0	0	2	0	0	0	11	0	0	192	22	9	52	2	0	9	0	9	0	0	0	2	0	41	0	2	0	0	0	9	0	64	0	61	36	52	304	19	4	20	0	2	0	0	0	0	0	0	2	0	0	70	1	0	0	1	0	0	0	2	0	0	0	0	0	0	0	2	0	0	167	5	0	0	2	0	0	0	5	0	0	0	1	0	0	0	2	0	0	0	2	0	0	0	11	0	0	192	21	9	52	10	0	0	0	5	0	0	0	2	0	9	0	9	0	0	0	1	0	41	0	0	0	0	0	9	0	64	0	59	36	52	304
48	41	14	6	20	34	3	0	0	12	6	20	4	0	32	0	35	6	20	118	27	2	0	0	1	0	0	0	0	0	0	2	0	0	92	12	6	20	0	0	8	0	0	0	0	0	4	0	32	0	35	6	20	118	20	2	0	0	0	0	0	0	0	0	0	0	0	0	87	1	0	0	0	0	0	0	0	0	0	0	0	0	0	0	2	0	0	92	12	6	20	0	0	0	0	1	0	0	0	0	0	8	0	0	0	0	0	4	0	32	0	35	6	20	118	13	2	0	0	0	0	0	0	0	0	0	0	0	0	45	0	0	0	0	0	0	0	0	0	0	0	0	0	0	0	0	0	0	87	1	0	0	0	0	0	0	1	0	0	0	0	0	0	0	0	0	0	0	0	0	0	0	2	0	0	92	12	6	20	0	0	0	0	0	0	0	0	0	0	0	0	1	0	0	0	0	0	8	0	0	0	0	0	4	0	32	0	35	6	20	118
82	66	38	68	67	52	14	28	40	31	40	67	7	0	51	97	59	90	268	88	38	13	28	0	7	0	40	5	0	41	0	11	0	160	12	25	40	67	12	0	11	0	13	0	0	224	2	0	51	97	50	90	268	88	24	9	28	0	6	0	0	5	0	0	0	9	0	0	11	1	0	40	1	0	9	0	2	0	0	129	0	0	41	0	2	0	160	12	25	40	67	11	0	0	0	16	40	0	0	12	0	11	0	13	0	0	224	2	0	51	97	50	90	268	88	10	4	20	0	2	0	0	0	0	0	0	2	0	0	10	0	0	0	0	0	0	0	0	0	0	105	0	0	0	0	0	0	0	11	1	0	40	0	0	0	0	0	0	0	0	1	0	9	0	2	0	0	129	0	0	41	0	2	0	160	12	15	40	67	10	80	22	0	7	30	0	0	2	0	0	0	13	40	0	0	0	0	11	0	0	0	0	224	2	0	51	97	32	90	268	88
47	39	20	7	26	31	4	0	8	16	7	26	0	0	13	40	35	7	26	56	23	4	0	0	0	0	8	0	0	8	0	0	0	8	12	16	7	26	0	0	0	0	2	0	0	38	0	0	13	40	35	7	26	56	15	4	0	0	0	0	0	0	0	0	0	0	0	0	11	0	0	8	0	0	0	0	0	0	0	29	0	0	8	0	0	0	8	12	16	7	26	0	0	0	0	13	0	0	0	0	0	0	0	2	0	0	38	0	0	13	40	35	7	26	56	7	4	0	0	0	0	0	0	0	0	0	0	0	0	10	0	0	0	0	0	0	0	0	0	0	25	0	0	0	0	0	0	0	11	0	0	8	0	0	0	0	0	0	0	0	0	0	0	0	0	0	0	29	0	0	8	0	0	0	8	12	15	7	26	18	0	0	0	8	0	0	0	0	0	0	0	13	0	0	0	0	0	0	0	0	0	0	38	0	0	13	40	33	7	26	56
51	42	28	18	20	33	9	0	8	22	18	20	4	0	13	40	44	36	60	36	24	9	0	0	3	0	8	4	0	8	0	5	0	24	12	19	18	20	8	0	0	0	8	0	0	38	0	0	13	40	39	36	60	36	15	6	0	0	3	0	0	4	0	0	0	5	0	0	11	0	0	8	0	0	0	0	0	0	0	29	0	0	8	0	0	0	24	12	19	18	20	6	0	0	0	12	18	0	0	8	0	0	0	8	0	0	38	0	0	13	40	39	36	60	36	6	4	0	0	0	0	0	0	0	0	0	0	0	0	10	0	0	0	0	0	0	0	0	0	0	25	0	0	0	0	0	0	0	11	0	0	8	0	0	0	0	0	0	0	0	0	0	0	0	0	0	0	29	0	0	8	0	0	0	24	12	13	18	20	18	0	0	0	6	12	0	0	0	0	0	0	10	18	0	0	0	0	0	0	0	0	0	38	0	0	13	40	28	36	60	36
63	50	33	52	20	39	9	22	8	28	30	20	5	0	13	40	53	78	100	36	28	9	22	0	4	0	8	5	0	8	0	7	0	40	12	24	30	20	11	0	0	0	14	0	0	38	0	0	13	40	46	78	100	36	17	5	22	0	4	0	0	5	0	0	0	7	0	0	11	0	0	8	0	0	0	0	0	0	0	29	0	0	8	0	0	0	40	12	24	30	20	9	0	0	0	13	24	0	0	11	0	0	0	14	0	0	38	0	0	13	40	46	78	100	36	6	2	12	0	0	0	0	0	0	0	0	0	0	0	10	0	0	0	0	0	0	0	0	0	0	25	0	0	0	0	0	0	0	11	0	0	8	0	0	0	0	0	0	0	0	0	0	0	0	0	0	0	29	0	0	8	0	0	0	40	12	11	30	20	8	60	0	0	5	18	0	0	0	0	0	0	9	24	0	0	0	0	0	0	0	0	0	38	0	0	13	40	21	78	100	36
40	33	21	10	7	26	5	0	0	17	10	7	0	0	0	0	37	15	14	36	19	5	0	0	1	0	0	0	0	0	0	2	0	0	12	16	10	7	2	0	0	0	5	0	0	0	0	0	0	0	35	15	14	36	12	4	0	0	1	0	0	0	0	0	0	2	0	0	11	0	0	0	0	0	0	0	0	0	0	0	0	0	0	0	0	0	0	12	16	10	7	0	0	0	0	12	5	0	0	2	0	0	0	5	0	0	0	0	0	0	0	35	15	14	36	5	4	0	0	0	0	0	0	0	0	0	0	0	0	10	0	0	0	0	0	0	0	0	0	0	0	0	0	0	0	0	0	0	11	0	0	0	0	0	0	0	0	0	0	0	0	0	0	0	0	0	0	0	0	0	0	0	0	0	0	12	13	10	7	18	0	0	0	8	0	0	0	0	0	0	0	11	5	0	0	0	0	0	0	0	0	0	0	0	0	0	0	29	15	14	36
85	67	39	47	121	49	19	17	88	29	47	121	16	0	31	79	66	94	242	114	32	14	15	78	11	17	88	8	0	30	56	21	34	176	56	20	30	121	14	30	19	105	17	45	0	0	10	0	31	79	53	60	242	114	15	7	0	33	6	15	78	5	0	28	0	8	30	156	0	2	0	88	0	0	19	24	0	0	0	0	2	0	30	56	8	0	176	56	14	30	121	9	0	31	108	3	15	121	195	12	30	19	105	17	45	0	0	2	0	31	79	27	60	242	114	0	0	0	20	0	0	33	0	0	12	0	0	0	66	0	0	0	78	0	0	19	22	0	0	0	0	0	0	28	0	0	0	156	0	0	0	88	0	0	30	62	0	0	88	120	0	0	19	24	0	0	0	0	0	0	30	56	0	0	176	56	0	0	121	0	0	32	11	0	0	0	20	0	0	31	108	0	0	121	195	0	0	19	105	0	0	0	0	0	0	31	79	0	0	242	114
51	40	34	28	26	29	15	0	20	28	28	26	14	0	9	0	70	63	104	20	18	11	0	20	9	0	20	7	0	9	0	17	0	80	8	20	28	26	14	0	9	0	13	21	0	0	8	0	9	0	57	63	104	20	7	5	0	15	5	0	20	5	0	9	0	8	0	80	0	1	0	20	0	0	9	0	0	0	0	0	1	0	9	0	4	0	80	8	10	28	26	9	0	9	36	3	7	0	0	12	0	9	0	13	21	0	0	1	0	9	0	18	63	104	20	0	0	0	9	0	0	15	0	0	6	0	0	0	60	0	0	0	20	0	0	9	0	0	0	0	0	0	0	9	0	0	0	80	0	0	0	20	0	0	9	18	0	0	0	0	0	0	9	0	0	0	0	0	0	0	9	0	0	0	80	8	0	0	26	0	0	12	0	0	0	0	10	0	0	9	36	0	0	0	0	0	0	9	0	0	0	0	0	0	0	9	0	0	0	104	20
58	43	31	72	34	30	12	44	11	22	46	34	8	44	12	11	55	73	102	107	19	9	38	9	6	22	11	2	44	11	9	10	33	33	56	16	24	34	8	48	0	18	13	24	0	0	6	0	12	11	45	40	102	107	8	5	16	0	3	16	9	1	32	9	0	5	24	27	0	0	0	11	0	0	0	0	0	0	0	0	0	0	11	9	0	0	33	56	11	24	34	3	48	12	0	3	8	68	43	6	48	0	18	13	24	0	0	0	0	12	11	22	40	102	107	0	0	0	0	0	0	0	0	0	0	0	0	0	0	0	0	0	9	0	0	0	0	0	0	0	0	0	0	9	0	0	0	27	0	0	0	11	0	0	11	0	0	0	22	11	0	0	0	0	0	0	0	0	0	0	11	9	0	0	33	56	0	0	34	0	0	32	0	0	0	68	0	0	0	12	0	0	0	68	43	0	0	0	18	0	0	0	0	0	0	12	11	0	0	102	107
49	39	27	9	34	29	13	0	0	20	9	34	9	0	0	0	42	18	34	140	19	11	0	0	6	0	0	5	0	0	0	10	0	0	64	14	9	34	11	0	0	0	12	18	0	0	4	0	0	0	32	18	34	140	9	7	0	0	4	0	0	5	0	0	0	7	0	0	0	0	0	0	0	0	0	0	0	0	0	0	0	0	0	0	0	0	0	64	12	9	34	9	0	0	0	4	0	0	0	11	0	0	0	12	18	0	0	0	0	0	0	23	18	34	140	0	0	0	0	0	0	0	0	0	0	0	0	0	0	0	0	0	0	0	0	0	0	0	0	0	0	0	0	0	0	0	0	0	0	0	0	0	0	0	0	0	0	0	0	0	0	0	0	0	0	0	0	0	0	0	0	0	0	0	0	64	0	0	34	0	0	32	0	0	0	0	0	0	0	0	0	0	0	0	0	0	0	0	0	0	0	0	0	0	0	0	0	0	0	34	140
45	34	30	37	16	24	13	18	0	21	27	16	11	9	0	0	53	48	48	87	15	10	15	0	6	9	0	5	9	0	0	10	18	0	48	15	18	16	10	18	0	0	11	18	0	0	6	0	0	0	43	30	48	87	6	6	6	0	3	6	0	4	6	0	0	5	12	0	0	0	0	0	0	0	0	0	0	0	0	0	0	0	0	0	0	0	0	48	10	18	16	6	18	0	0	3	6	16	0	8	18	0	0	11	18	0	0	0	0	0	0	20	30	48	87	0	0	0	0	0	0	0	0	0	0	0	0	0	0	0	0	0	0	0	0	0	0	0	0	0	0	0	0	0	0	0	0	0	0	0	0	0	0	0	0	0	0	0	0	0	0	0	0	0	0	0	0	0	0	0	0	0	0	0	0	48	0	0	16	0	0	32	0	0	0	16	0	0	0	0	0	0	0	16	0	0	0	0	0	0	0	0	0	0	0	0	0	0	0	48	87
62	45	37	56	88	28	12	26	38	30	56	88	10	52	29	52	74	162	176	231	13	4	0	37	8	26	38	6	0	26	50	12	39	76	119	13	26	88	2	0	73	11	0	0	176	0	4	52	29	52	46	117	176	231	0	0	0	35	0	0	37	0	0	26	46	0	0	74	107	0	0	38	0	0	31	9	0	0	76	0	0	0	26	50	0	0	76	119	0	0	88	0	0	22	18	0	0	0	0	0	0	73	11	0	0	176	0	0	0	29	52	0	0	176	231	0	0	0	19	0	0	35	0	0	26	18	0	0	70	48	0	0	37	0	0	30	0	0	0	74	0	0	0	26	46	0	0	74	107	0	0	38	0	0	0	0	0	0	0	0	0	0	31	9	0	0	76	0	0	0	26	50	0	0	76	119	0	0	0	0	0	0	42	0	0	0	43	0	0	0	18	0	0	0	0	0	0	0	11	0	0	0	0	0	0	0	52	0	0	0	231
37	26	27	33	36	16	9	16	0	22	23	36	9	23	0	0	52	81	72	197	7	3	7	0	6	7	0	5	7	0	0	10	14	0	119	7	14	36	0	14	37	0	0	0	36	0	4	14	0	0	26	63	72	197	0	0	0	0	0	0	0	0	0	0	0	0	0	0	107	0	0	0	0	0	0	0	0	0	0	0	0	0	0	0	0	0	0	119	0	0	36	0	0	22	0	0	0	36	0	0	0	37	0	0	0	36	0	0	0	0	0	0	0	72	197	0	0	0	0	0	0	0	0	0	0	0	0	0	0	48	0	0	0	0	0	0	0	0	0	0	0	0	0	0	0	0	0	0	107	0	0	0	0	0	0	0	0	0	0	0	0	0	0	0	0	0	0	0	0	0	0	0	0	0	0	119	0	0	0	0	0	0	0	0	0	0	0	0	0	0	0	0	0	0	0	0	0	0	0	0	0	0	0	0	0	0	0	0	0	0	197
31	23	26	7	21	15	10	0	0	22	7	21	12	0	0	0	58	35	21	76	7	4	0	0	6	0	0	6	0	0	0	10	0	0	31	11	7	21	2	0	22	0	0	0	0	0	6	0	0	0	38	35	21	76	0	0	0	0	0	0	0	0	0	0	0	0	0	0	29	0	0	0	0	0	0	0	0	0	0	0	0	0	0	0	0	0	0	31	0	0	21	0	0	22	0	0	0	0	0	0	0	22	0	0	0	0	0	0	0	0	0	0	0	21	76	0	0	0	0	0	0	0	0	0	0	0	0	0	0	15	0	0	0	0	0	0	0	0	0	0	0	0	0	0	0	0	0	0	29	0	0	0	0	0	0	0	0	0	0	0	0	0	0	0	0	0	0	0	0	0	0	0	0	0	0	31	0	0	0	0	0	0	0	0	0	0	0	0	0	0	0	0	0	0	0	0	0	0	0	0	0	0	0	0	0	0	0	0	0	0	76
32	23	24	20	7	14	4	0	0	23	20	7	7	0	0	0	53	60	28	26	5	1	0	0	3	0	0	1	0	0	0	5	0	0	20	8	20	7	2	0	0	0	0	0	0	0	6	0	0	0	31	60	28	26	0	0	0	0	0	0	0	0	0	0	0	0	0	0	20	0	0	0	0	0	0	0	0	0	0	0	0	0	0	0	0	0	0	20	0	0	7	0	0	0	0	0	0	0	0	0	0	0	0	0	0	0	0	0	0	0	0	0	0	28	26	0	0	0	0	0	0	0	0	0	0	0	0	0	0	15	0	0	0	0	0	0	0	0	0	0	0	0	0	0	0	0	0	0	20	0	0	0	0	0	0	0	0	0	0	0	0	0	0	0	0	0	0	0	0	0	0	0	0	0	0	20	0	0	0	0	0	0	0	0	0	0	0	0	0	0	0	0	0	0	0	0	0	0	0	0	0	0	0	0	0	0	0	0	0	0	26
21	15	17	9	0	9	2	0	0	17	9	0	4	0	0	0	40	24	0	0	3	0	0	0	2	0	0	0	0	0	0	3	0	0	0	7	9	0	0	0	0	0	0	0	0	0	4	0	0	0	26	24	0	0	0	0	0	0	0	0	0	0	0	0	0	0	0	0	0	0	0	0	0	0	0	0	0	0	0	0	0	0	0	0	0	0	0	0	0	0	0	0	0	0	0	0	0	0	0	0	0	0	0	0	0	0	0	0	0	0	0	0	0	0	0	0	0	0	0	0	0	0	0	0	0	0	0	0	0	0	0	0	0	0	0	0	0	0	0	0	0	0	0	0	0	0	0	0	0	0	0	0	0	0	0	0	0	0	0	0	0	0	0	0	0	0	0	0	0	0	0	0	0	0	0	0	0	0	0	0	0	0	0	0	0	0	0	0	0	0	0	0	0	0	0	0	0	0	0	0	0	0	0	0	0	0	0	0	0	0	0
41	26	23	44	64	11	1	0	36	16	44	64	1	0	57	29	21	66	256	131	0	0	0	33	0	0	36	0	0	22	26	0	0	144	38	0	0	64	0	0	7	28	0	0	0	0	0	0	57	29	0	0	256	131	0	0	0	33	0	0	33	0	0	19	26	0	0	132	37	0	0	36	0	0	0	28	0	0	0	0	0	0	22	26	0	0	144	38	0	0	0	0	0	0	0	0	0	0	0	0	0	0	28	0	0	0	0	0	0	0	29	0	0	0	131	0	0	0	33	0	0	33	0	0	19	26	0	0	132	35	0	0	33	0	0	0	28	0	0	0	0	0	0	19	26	0	0	132	37	0	0	0	0	0	0	0	0	0	0	0	0	0	0	28	0	0	0	0	0	0	0	26	0	0	0	38	0	0	0	0	0	0	0	0	0	0	0	0	0	0	0	0	0	0	0	0	0	0	28	0	0	0	0	0	0	0	0	0	0	0	0
23	15	14	7	15	7	0	0	7	14	7	15	0	0	0	0	20	0	15	7	0	0	0	7	0	0	7	0	0	0	0	0	0	7	0	0	0	15	0	0	0	0	0	0	0	0	0	0	0	0	0	0	15	7	0	0	0	7	0	0	7	0	0	0	0	0	0	7	0	0	0	7	0	0	0	0	0	0	0	0	0	0	0	0	0	0	7	0	0	0	0	0	0	0	0	0	0	0	0	0	0	0	0	0	0	0	0	0	0	0	0	0	0	0	7	0	0	0	7	0	0	7	0	0	0	0	0	0	7	0	0	0	7	0	0	0	0	0	0	0	0	0	0	0	0	0	0	7	0	0	0	0	0	0	0	0	0	0	0	0	0	0	0	0	0	0	0	0	0	0	0	0	0	0	0	0	0	0	0	0	0	0	0	0	0	0	0	0	0	0	0	0	0	0	0	0	0	0	0	0	0	0	0	0	0	0	0	0	0	0	0
21	13	15	15	7	5	0	0	7	12	15	7	0	0	0	0	17	15	21	0	0	0	0	7	0	0	7	0	0	0	0	0	0	21	0	0	0	7	0	0	0	0	0	0	0	0	0	0	0	0	0	0	21	0	0	0	0	7	0	0	7	0	0	0	0	0	0	21	0	0	0	7	0	0	0	0	0	0	0	0	0	0	0	0	0	0	21	0	0	0	0	0	0	0	0	0	0	0	0	0	0	0	0	0	0	0	0	0	0	0	0	0	0	0	0	0	0	0	7	0	0	7	0	0	0	0	0	0	21	0	0	0	7	0	0	0	0	0	0	0	0	0	0	0	0	0	0	21	0	0	0	0	0	0	0	0	0	0	0	0	0	0	0	0	0	0	0	0	0	0	0	0	0	0	0	0	0	0	0	0	0	0	0	0	0	0	0	0	0	0	0	0	0	0	0	0	0	0	0	0	0	0	0	0	0	0	0	0	0	0	0
37	23	24	45	35	9	1	0	0	13	45	35	1	0	33	0	15	90	175	152	0	0	0	0	0	0	0	0	0	0	0	0	0	0	38	0	0	35	0	0	7	0	0	0	0	0	0	0	33	0	0	0	175	152	0	0	0	0	0	0	0	0	0	0	0	0	0	0	37	0	0	0	0	0	0	0	0	0	0	0	0	0	0	0	0	0	0	38	0	0	0	0	0	0	0	0	0	0	0	0	0	0	0	0	0	0	0	0	0	0	0	0	0	0	152	0	0	0	0	0	0	0	0	0	0	0	0	0	0	35	0	0	0	0	0	0	0	0	0	0	0	0	0	0	0	0	0	0	37	0	0	0	0	0	0	0	0	0	0	0	0	0	0	0	0	0	0	0	0	0	0	0	0	0	0	38	0	0	0	0	0	0	0	0	0	0	0	0	0	0	0	0	0	0	0	0	0	0	0	0	0	0	0	0	0	0	0	0	0	0	0
22	14	14	12	8	6	0	0	0	13	12	8	0	0	0	0	19	6	16	7	0	0	0	0	0	0	0	0	0	0	0	0	0	0	0	0	0	8	0	0	0	0	0	0	0	0	0	0	0	0	0	0	16	7	0	0	0	0	0	0	0	0	0	0	0	0	0	0	0	0	0	0	0	0	0	0	0	0	0	0	0	0	0	0	0	0	0	0	0	0	0	0	0	0	0	0	0	0	0	0	0	0	0	0	0	0	0	0	0	0	0	0	0	0	7	0	0	0	0	0	0	0	0	0	0	0	0	0	0	0	0	0	0	0	0	0	0	0	0	0	0	0	0	0	0	0	0	0	0	0	0	0	0	0	0	0	0	0	0	0	0	0	0	0	0	0	0	0	0	0	0	0	0	0	0	0	0	0	0	0	0	0	0	0	0	0	0	0	0	0	0	0	0	0	0	0	0	0	0	0	0	0	0	0	0	0	0	0	0	0	0
31	15	11	15	123	0	0	0	88	0	0	123	0	0	22	50	0	0	123	114	0	0	0	69	0	0	88	0	0	22	22	0	0	88	43	0	0	0	0	0	0	60	0	0	0	88	0	0	0	50	0	0	0	114	0	0	0	56	0	0	69	0	0	16	19	0	0	69	40	0	0	0	0	0	0	31	0	0	0	38	0	0	0	22	0	0	0	43	0	0	0	0	0	0	52	0	0	0	34	0	0	0	60	0	0	0	88	0	0	0	0	0	0	0	0	0	0	0	54	0	0	56	0	0	0	19	0	0	56	40	0	0	0	0	0	0	30	0	0	0	37	0	0	0	19	0	0	0	40	0	0	0	0	0	0	50	0	0	0	11	0	0	0	31	0	0	0	38	0	0	0	0	0	0	0	0	0	0	0	0	0	0	22	0	0	0	0	0	0	0	52	0	0	0	34	0	0	0	0	0	0	0	0	0	0	0	0	0	0	0	0
26	12	12	24	86	0	0	0	57	0	0	86	0	0	40	40	0	0	172	106	0	0	0	29	0	0	57	0	0	38	0	0	0	114	43	0	0	0	0	0	0	72	0	0	0	124	0	0	0	40	0	0	0	106	0	0	0	0	0	0	29	0	0	22	0	0	0	58	40	0	0	0	0	0	0	0	0	0	0	38	0	0	0	0	0	0	0	43	0	0	0	0	0	0	0	0	0	0	171	0	0	0	72	0	0	0	124	0	0	0	0	0	0	0	0	0	0	0	0	0	0	0	0	0	0	0	0	0	0	40	0	0	0	0	0	0	0	0	0	0	37	0	0	0	0	0	0	0	40	0	0	0	0	0	0	0	0	0	0	99	0	0	0	0	0	0	0	38	0	0	0	0	0	0	0	0	0	0	0	0	0	0	0	0	0	0	0	0	0	0	0	0	0	0	171	0	0	0	0	0	0	0	0	0	0	0	0	0	0	0	0
18	9	10	0	38	0	0	0	0	0	0	38	0	0	0	0	0	0	0	129	0	0	0	0	0	0	0	0	0	0	0	0	0	0	50	0	0	0	0	0	0	0	0	0	0	0	0	0	0	0	0	0	0	129	0	0	0	0	0	0	0	0	0	0	0	0	0	0	47	0	0	0	0	0	0	0	0	0	0	0	0	0	0	0	0	0	0	50	0	0	0	0	0	0	0	0	0	0	0	0	0	0	0	0	0	0	0	0	0	0	0	0	0	0	0	0	0	0	0	0	0	0	0	0	0	0	0	0	0	47	0	0	0	0	0	0	0	0	0	0	0	0	0	0	0	0	0	0	47	0	0	0	0	0	0	0	0	0	0	0	0	0	0	0	0	0	0	0	0	0	0	0	0	0	0	0	0	0	0	0	0	0	0	0	0	0	0	0	0	0	0	0	0	0	0	0	0	0	0	0	0	0	0	0	0	0	0	0	0	0	0
15	6	7	18	20	0	0	0	0	0	0	20	0	0	0	0	0	0	60	99	0	0	0	0	0	0	0	0	0	0	0	0	0	0	36	0	0	0	0	0	0	0	0	0	0	0	0	0	0	0	0	0	0	99	0	0	0	0	0	0	0	0	0	0	0	0	0	0	33	0	0	0	0	0	0	0	0	0	0	0	0	0	0	0	0	0	0	36	0	0	0	0	0	0	0	0	0	0	0	0	0	0	0	0	0	0	0	0	0	0	0	0	0	0	0	0	0	0	0	0	0	0	0	0	0	0	0	0	0	33	0	0	0	0	0	0	0	0	0	0	0	0	0	0	0	0	0	0	33	0	0	0	0	0	0	0	0	0	0	0	0	0	0	0	0	0	0	0	0	0	0	0	0	0	0	0	0	0	0	0	0	0	0	0	0	0	0	0	0	0	0	0	0	0	0	0	0	0	0	0	0	0	0	0	0	0	0	0	0	0	0
14	5	6	20	9	0	0	0	0	0	0	9	0	0	0	0	0	0	36	35	0	0	0	0	0	0	0	0	0	0	0	0	0	0	0	0	0	0	0	0	0	0	0	0	0	0	0	0	0	0	0	0	0	35	0	0	0	0	0	0	0	0	0	0	0	0	0	0	0	0	0	0	0	0	0	0	0	0	0	0	0	0	0	0	0	0	0	0	0	0	0	0	0	0	0	0	0	0	0	0	0	0	0	0	0	0	0	0	0	0	0	0	0	0	0	0	0	0	0	0	0	0	0	0	0	0	0	0	0	0	0	0	0	0	0	0	0	0	0	0	0	0	0	0	0	0	0	0	0	0	0	0	0	0	0	0	0	0	0	0	0	0	0	0	0	0	0	0	0	0	0	0	0	0	0	0	0	0	0	0	0	0	0	0	0	0	0	0	0	0	0	0	0	0	0	0	0	0	0	0	0	0	0	0	0	0	0	0	0	0	0
7	0	0	0	21	0	0	0	10	0	0	0	0	0	0	0	0	0	0	29	0	0	0	10	0	0	0	0	0	0	0	0	0	0	0	0	0	0	0	0	0	0	0	0	0	0	0	0	0	0	0	0	0	0	0	0	0	10	0	0	0	0	0	0	0	0	0	0	0	0	0	0	0	0	0	0	0	0	0	0	0	0	0	0	0	0	0	0	0	0	0	0	0	0	0	0	0	0	0	0	0	0	0	0	0	0	0	0	0	0	0	0	0	0	0	0	0	0	10	0	0	0	0	0	0	0	0	0	0	0	0	0	0	0	0	0	0	0	0	0	0	0	0	0	0	0	0	0	0	0	0	0	0	0	0	0	0	0	0	0	0	0	0	0	0	0	0	0	0	0	0	0	0	0	0	0	0	0	0	0	0	0	0	0	0	0	0	0	0	0	0	0	0	0	0	0	0	0	0	0	0	0	0	0	0	0	0	0	0	0	0
9	0	0	0	53	0	0	0	46	0	0	0	0	0	0	22	0	0	0	9	0	0	0	46	0	0	0	0	0	0	22	0	0	0	0	0	0	0	0	0	0	0	0	0	0	0	0	0	0	0	0	0	0	0	0	0	0	43	0	0	0	0	0	0	16	0	0	0	0	0	0	0	0	0	0	0	0	0	0	0	0	0	0	0	0	0	0	0	0	0	0	0	0	0	24	0	0	0	0	0	0	0	0	0	0	0	0	0	0	0	0	0	0	0	0	0	0	0	26	0	0	0	0	0	0	0	0	0	0	0	0	0	0	0	0	0	0	0	0	0	0	0	0	0	0	0	0	0	0	0	0	0	0	0	0	0	0	0	0	0	0	0	0	0	0	0	0	0	0	0	0	0	0	0	0	0	0	0	0	0	0	0	70	0	0	0	34	0	0	0	0	0	0	0	0	0	0	0	0	0	0	0	0	0	0	0	0	0	0	0	0
13	0	0	0	96	0	0	0	54	0	0	0	0	0	0	40	0	0	0	238	0	0	0	52	0	0	0	0	0	0	38	0	0	0	145	0	0	0	0	0	0	14	0	0	0	0	0	0	0	0	0	0	0	0	0	0	0	39	0	0	0	0	0	0	22	0	0	0	98	0	0	0	0	0	0	0	0	0	0	0	0	0	0	0	0	0	0	0	0	0	0	0	0	0	42	0	0	0	36	0	0	0	0	0	0	0	0	0	0	0	0	0	0	0	0	0	0	0	16	0	0	0	0	0	0	0	0	0	0	56	0	0	0	0	0	0	0	0	0	0	0	0	0	0	0	0	0	0	0	0	0	0	0	0	0	0	0	0	0	0	0	0	0	0	0	0	0	0	0	0	0	0	0	0	0	0	0	0	0	0	0	0	70	0	0	0	50	0	0	0	0	0	0	0	0	0	0	0	0	0	0	0	0	0	0	0	0	0	0	0	0
7	0	0	0	23	0	0	0	0	0	0	0	0	0	0	0	0	0	0	115	0	0	0	0	0	0	0	0	0	0	0	0	0	0	57	0	0	0	0	0	0	0	0	0	0	0	0	0	0	0	0	0	0	0	0	0	0	0	0	0	0	0	0	0	0	0	0	0	29	0	0	0	0	0	0	0	0	0	0	0	0	0	0	0	0	0	0	0	0	0	0	0	0	0	0	0	0	0	0	0	0	0	0	0	0	0	0	0	0	0	0	0	0	0	0	0	0	0	0	0	0	0	0	0	0	0	0	0	0	0	0	0	0	0	0	0	0	0	0	0	0	0	0	0	0	0	0	0	0	0	0	0	0	0	0	0	0	0	0	0	0	0	0	0	0	0	0	0	0	0	0	0	0	0	0	0	0	0	0	0	0	0	0	0	0	0	0	0	0	0	0	0	0	0	0	0	0	0	0	0	0	0	0	0	0	0	0	0	0	0	0
4	0	0	0	0	0	0	0	0	0	0	0	0	0	0	0	0	0	0	0	0	0	0	0	0	0	0	0	0	0	0	0	0	0	0	0	0	0	0	0	0	0	0	0	0	0	0	0	0	0	0	0	0	0	0	0	0	0	0	0	0	0	0	0	0	0	0	0	0	0	0	0	0	0	0	0	0	0	0	0	0	0	0	0	0	0	0	0	0	0	0	0	0	0	0	0	0	0	0	0	0	0	0	0	0	0	0	0	0	0	0	0	0	0	0	0	0	0	0	0	0	0	0	0	0	0	0	0	0	0	0	0	0	0	0	0	0	0	0	0	0	0	0	0	0	0	0	0	0	0	0	0	0	0	0	0	0	0	0	0	0	0	0	0	0	0	0	0	0	0	0	0	0	0	0	0	0	0	0	0	0	0	0	0	0	0	0	0	0	0	0	0	0	0	0	0	0	0	0	0	0	0	0	0	0	0	0	0	0	0	0
