123	112	49	47	0	101	24	39	0	49	47	0	16	22	0	0	98	116	0	0	90	23	36	0	24	39	0	11	16	0	0	59	99	0	0	41	47	0	0	6	0	0	0	2	0	0	16	22	0	0	90	116	0	0	82	23	36	0	23	36	0	11	16	0	0	56	96	0	0	24	39	0	0	6	0	0	0	2	0	0	11	16	0	0	59	99	0	0	30	23	0	0	0	0	0	0	0	0	0	0	6	0	0	0	2	0	0	16	22	0	0	64	52	0	0	74	23	36	0	23	36	0	11	16	0	0	56	96	0	0	23	36	0	0	6	0	0	0	2	0	0	11	16	0	0	56	96	0	0	13	15	0	0	0	0	0	0	0	0	0	0	6	0	0	0	2	0	0	11	16	0	0	33	35	0	0	26	23	0	0	0	0	0	4	0	0	0	0	0	0	0	0	0	0	0	0	6	0	0	0	2	0	0	8	22	0	0	51	52	0	0
157	147	61	36	0	137	39	31	0	61	36	0	31	5	0	0	127	91	0	0	127	39	31	0	39	31	0	31	5	0	0	81	86	0	0	49	36	0	7	0	0	0	8	0	0	0	31	5	0	0	115	91	0	0	120	39	31	0	39	31	0	31	5	0	0	81	86	0	0	35	31	0	7	0	0	0	1	0	0	0	31	5	0	0	77	86	0	0	38	15	0	2	0	0	0	2	0	0	0	7	0	0	0	8	0	0	0	25	5	0	0	90	35	0	0	113	38	31	0	39	31	0	31	5	0	0	81	86	0	0	35	31	0	7	0	0	0	1	0	0	0	31	5	0	0	77	86	0	0	24	10	0	0	0	0	0	0	0	0	0	7	0	0	0	1	0	0	0	25	5	0	0	52	30	0	0	34	15	0	4	0	0	0	10	0	0	0	2	0	0	0	2	0	0	0	6	0	0	0	8	0	0	0	18	5	0	0	76	35	0	0
206	192	66	79	0	178	37	73	0	66	79	0	25	54	0	0	158	185	0	0	164	37	73	0	37	73	0	25	54	0	0	90	174	0	0	61	79	0	7	0	0	0	8	0	0	0	25	54	0	0	153	185	0	0	152	37	73	0	37	73	0	25	54	0	0	90	174	0	0	35	73	0	7	0	0	0	1	0	0	0	25	54	0	0	88	174	0	0	44	55	0	6	0	0	0	6	0	0	0	7	0	0	0	8	0	0	0	23	54	0	0	114	149	0	0	142	35	73	0	37	73	0	25	54	0	0	90	174	0	0	35	73	0	7	0	0	0	1	0	0	0	25	54	0	0	88	174	0	0	25	53	0	0	0	0	0	1	0	0	0	7	0	0	0	1	0	0	0	23	54	0	0	65	144	0	0	40	35	0	12	0	0	0	11	8	0	0	6	0	0	0	6	0	0	0	6	0	0	0	8	0	0	0	20	14	0	0	100	79	0	0
270	255	70	97	0	240	41	81	0	69	97	0	36	71	0	0	147	185	0	0	226	39	77	0	41	81	0	28	64	0	0	97	164	0	0	62	83	0	11	27	0	0	7	6	0	0	36	71	0	0	140	171	0	0	213	38	75	0	39	77	0	26	64	0	0	95	163	0	0	36	68	0	7	27	0	0	1	0	0	0	28	64	0	0	92	151	0	0	47	70	0	14	6	0	0	8	3	0	0	11	27	0	0	7	6	0	0	29	58	0	0	103	145	0	0	201	35	68	0	38	75	0	24	60	0	0	91	155	0	0	34	65	0	3	27	0	0	0	0	0	0	26	64	0	0	90	151	0	0	25	56	0	2	0	0	0	1	0	0	0	7	27	0	0	1	0	0	0	21	52	0	0	65	127	0	0	40	58	0	12	12	0	0	8	17	0	0	14	6	0	0	8	3	0	0	9	15	0	0	7	6	0	0	20	46	0	0	76	97	0	0
228	217	68	42	0	206	47	26	0	67	42	0	51	9	0	0	110	73	0	0	196	42	26	0	47	26	0	28	9	0	0	81	27	0	0	56	32	0	16	0	0	0	7	15	0	0	51	9	0	0	99	63	0	0	187	41	26	0	42	26	0	26	9	0	0	77	27	0	0	38	17	0	12	0	0	0	2	0	0	0	28	9	0	0	72	18	0	0	48	23	0	20	0	0	0	12	3	0	0	16	0	0	0	7	15	0	0	46	0	0	0	79	45	0	0	178	36	26	0	41	26	0	24	9	0	0	73	27	0	0	33	17	0	5	0	0	0	0	0	0	0	26	9	0	0	68	18	0	0	30	8	0	2	0	0	0	0	0	0	0	12	0	0	0	2	0	0	0	23	0	0	0	52	0	0	0	45	23	0	11	0	0	0	8	12	0	0	20	0	0	0	12	3	0	0	15	0	0	0	7	15	0	0	41	0	0	0	68	45	0	0
209	197	60	43	10	185	36	32	0	58	43	10	42	32	0	0	81	83	10	0	175	31	32	0	36	32	0	19	32	0	0	54	72	0	0	43	23	10	16	0	0	0	5	0	0	0	42	32	0	0	66	63	10	0	167	29	32	0	31	32	0	17	32	0	0	50	72	0	0	28	16	0	12	0	0	0	2	0	0	0	19	32	0	0	46	56	0	0	38	7	10	18	0	3	0	11	0	0	0	16	0	0	0	5	0	0	0	40	0	0	0	54	7	10	0	159	23	32	0	29	32	0	13	32	0	0	42	72	0	0	23	16	0	5	0	0	0	0	0	0	0	17	32	0	0	42	56	0	0	23	0	0	2	0	0	0	0	0	0	0	12	0	0	0	2	0	0	0	17	0	0	0	34	0	0	0	37	7	10	7	0	6	0	5	0	0	0	18	0	3	0	11	0	0	0	15	0	0	0	5	0	0	0	39	0	0	0	50	7	10	0
378	361	71	113	6	344	44	75	0	70	113	6	49	118	0	0	103	159	24	0	328	39	54	0	44	75	0	28	56	0	0	73	104	0	0	58	97	6	13	76	0	0	4	16	12	0	49	118	0	0	91	143	24	0	312	35	38	0	39	54	0	27	32	0	0	67	70	0	0	32	59	0	9	34	0	0	1	6	0	0	28	56	0	0	61	88	0	0	50	97	6	8	68	3	0	8	18	6	0	13	76	0	0	4	16	12	0	39	118	0	0	70	143	24	0	296	30	22	0	35	38	0	23	12	0	0	59	34	0	0	27	38	0	6	6	0	0	0	0	0	0	27	32	0	0	55	54	0	0	24	59	0	0	12	0	0	0	0	0	0	9	34	0	0	1	6	0	0	18	56	0	0	40	88	0	0	46	97	6	3	24	6	0	4	6	12	0	8	68	3	0	8	18	6	0	10	76	0	0	4	16	12	0	33	118	0	0	53	143	24	0
175	167	42	17	3	159	27	7	0	41	17	3	37	0	0	0	53	12	6	0	152	22	7	0	27	7	0	14	0	0	0	33	7	0	0	33	10	3	12	0	0	0	5	0	0	0	37	0	0	0	45	5	6	0	145	19	7	0	22	7	0	12	0	0	0	29	7	0	0	19	0	0	8	0	0	0	2	0	0	0	14	0	0	0	25	0	0	0	30	10	3	18	0	0	0	9	10	0	0	12	0	0	0	5	0	0	0	32	0	0	0	36	5	6	0	138	14	7	0	19	7	0	8	0	0	0	22	7	0	0	14	0	0	1	0	0	0	0	0	0	0	12	0	0	0	21	0	0	0	16	0	0	2	0	0	0	0	0	0	0	8	0	0	0	2	0	0	0	9	0	0	0	16	0	0	0	30	10	3	7	0	0	0	3	5	0	0	18	0	0	0	9	10	0	0	12	0	0	0	5	0	0	0	32	0	0	0	36	5	6	0
238	228	46	32	3	218	28	16	0	46	32	3	41	8	0	0	57	33	9	0	208	22	16	0	28	16	0	14	8	0	0	37	8	0	0	37	32	3	16	0	0	0	5	5	0	0	41	8	0	0	48	33	9	0	198	18	13	0	22	16	0	11	8	0	0	30	8	0	0	19	16	0	8	0	0	0	2	0	0	0	14	8	0	0	28	8	0	0	34	32	3	15	15	0	0	8	15	0	0	16	0	0	0	5	5	0	0	36	8	0	0	39	33	9	0	188	14	5	0	18	13	0	7	5	0	0	22	5	0	0	13	16	0	1	0	0	0	0	0	0	0	11	8	0	0	21	8	0	0	16	16	0	2	0	0	0	0	0	0	0	8	0	0	0	2	0	0	0	9	8	0	0	19	8	0	0	34	32	3	4	15	0	0	3	5	3	0	15	15	0	0	8	15	0	0	16	0	0	0	5	5	0	0	36	8	0	0	39	33	9	0
343	325	54	124	3	307	29	84	0	50	124	3	31	75	0	0	64	129	15	0	293	25	66	0	29	84	0	17	0	0	0	40	79	0	0	40	68	3	13	30	0	0	4	15	9	0	31	75	0	0	54	73	15	0	279	21	61	0	25	66	0	14	0	0	0	34	66	0	0	19	28	0	5	15	0	0	1	5	0	0	17	0	0	0	30	23	0	0	36	68	3	13	25	0	0	8	15	0	0	13	30	0	0	4	15	9	0	24	75	0	0	42	73	15	0	265	17	56	0	21	61	0	10	0	0	0	26	61	0	0	15	10	0	1	0	0	0	0	0	0	0	14	0	0	0	24	10	0	0	15	28	0	2	0	0	0	0	0	0	0	5	15	0	0	1	5	0	0	10	0	0	0	18	23	0	0	36	68	3	7	0	0	0	3	5	3	0	13	25	0	0	8	15	0	0	13	30	0	0	4	15	9	0	24	75	0	0	42	73	15	0
239	229	34	9	28	219	22	0	0	34	9	28	18	0	27	0	39	0	28	25	209	20	0	0	22	0	0	12	0	0	0	31	0	0	0	26	9	28	12	0	6	0	3	0	0	0	18	0	27	0	31	0	28	25	199	13	0	0	20	0	0	9	0	0	0	24	0	0	0	14	0	0	1	0	0	0	0	0	0	0	12	0	0	0	23	0	0	0	24	9	28	2	0	22	0	0	0	0	0	12	0	6	0	3	0	0	0	14	0	27	0	24	0	28	25	189	10	0	0	13	0	0	4	0	0	0	15	0	0	0	12	0	0	0	0	0	0	0	0	0	0	9	0	0	0	16	0	0	0	12	0	0	0	0	0	0	0	0	0	0	1	0	0	0	0	0	0	0	8	0	0	0	16	0	0	0	24	9	28	0	0	11	0	0	0	0	0	2	0	22	0	0	0	0	0	12	0	6	0	3	0	0	0	14	0	27	0	24	0	28	25
254	243	31	26	21	232	15	24	0	31	26	21	12	16	27	0	27	24	0	15	221	13	24	0	15	24	0	6	16	0	0	19	24	0	0	25	26	21	12	0	6	0	3	0	0	0	12	16	27	0	21	24	0	15	210	8	8	0	13	24	0	3	16	0	0	12	24	0	0	9	24	0	1	0	0	0	0	0	0	0	6	16	0	0	13	24	0	0	25	26	21	2	0	22	0	0	0	42	0	12	0	6	0	3	0	0	0	12	16	27	0	21	24	0	15	199	6	0	0	8	8	0	0	0	0	0	6	0	0	0	7	24	0	0	0	0	0	0	0	0	0	3	16	0	0	6	24	0	0	9	24	0	0	0	0	0	0	0	0	0	1	0	0	0	0	0	0	0	6	16	0	0	13	24	0	0	25	26	21	0	0	11	0	0	0	21	0	2	0	22	0	0	0	42	0	12	0	6	0	3	0	0	0	12	16	27	0	21	24	0	15
303	290	41	51	16	277	24	18	0	41	51	16	14	39	27	0	48	73	64	12	264	22	7	0	24	18	0	10	7	0	0	30	32	0	0	30	51	16	8	28	6	0	2	7	16	0	14	39	27	0	37	73	64	12	251	16	0	0	22	7	0	8	0	0	0	25	7	0	0	13	18	0	1	0	0	0	0	0	0	0	10	7	0	0	19	32	0	0	28	51	16	2	0	22	0	0	0	16	0	8	28	6	0	2	7	16	0	11	39	27	0	31	73	64	12	238	13	0	0	16	0	0	3	0	0	0	17	0	0	0	11	7	0	0	0	0	0	0	0	0	0	8	0	0	0	14	7	0	0	11	18	0	0	0	0	0	0	0	0	0	1	0	0	0	0	0	0	0	7	7	0	0	13	32	0	0	28	51	16	0	0	11	0	0	0	0	0	2	0	22	0	0	0	16	0	8	28	6	0	2	7	16	0	11	39	27	0	31	73	64	12
167	160	27	6	11	153	15	0	0	27	6	11	13	0	27	0	28	0	11	9	146	13	0	0	15	0	0	7	0	0	0	20	0	0	0	22	6	11	12	0	6	0	3	0	0	0	13	0	27	0	23	0	11	9	139	7	0	0	13	0	0	4	0	0	0	13	0	0	0	10	0	0	1	0	0	0	0	0	0	0	7	0	0	0	15	0	0	0	22	6	11	2	0	17	0	0	0	0	0	12	0	6	0	3	0	0	0	13	0	27	0	23	0	11	9	132	5	0	0	7	0	0	0	0	0	0	5	0	0	0	8	0	0	0	0	0	0	0	0	0	0	4	0	0	0	8	0	0	0	10	0	0	0	0	0	0	0	0	0	0	1	0	0	0	0	0	0	0	7	0	0	0	15	0	0	0	22	6	11	0	0	6	0	0	0	0	0	2	0	17	0	0	0	0	0	12	0	6	0	3	0	0	0	13	0	27	0	23	0	11	9
166	159	22	10	5	152	13	0	0	22	10	5	7	0	15	0	21	0	10	3	145	12	0	0	13	0	0	3	0	0	0	15	0	0	0	15	10	5	7	0	0	0	2	0	0	0	7	0	15	0	14	0	10	3	138	8	0	0	12	0	0	2	0	0	0	12	0	0	0	6	0	0	0	0	0	0	0	0	0	0	3	0	0	0	8	0	0	0	15	10	5	0	0	5	0	0	0	0	0	7	0	0	0	2	0	0	0	7	0	15	0	14	0	10	3	131	7	0	0	8	0	0	0	0	0	0	7	0	0	0	5	0	0	0	0	0	0	0	0	0	0	2	0	0	0	5	0	0	0	6	0	0	0	0	0	0	0	0	0	0	0	0	0	0	0	0	0	0	3	0	0	0	8	0	0	0	15	10	5	0	0	0	0	0	0	0	0	0	0	5	0	0	0	0	0	7	0	0	0	2	0	0	0	7	0	15	0	14	0	10	3
184	176	21	0	47	168	17	0	11	21	0	47	9	0	17	49	33	0	0	60	160	12	0	0	17	0	11	4	0	6	0	19	0	0	0	11	0	47	1	0	37	0	0	0	0	9	9	0	17	49	23	0	0	60	152	11	0	0	12	0	0	2	0	0	0	13	0	0	0	7	0	11	0	0	17	0	0	0	0	0	4	0	6	0	9	0	0	0	10	0	47	0	0	10	0	0	0	0	0	1	0	37	0	0	0	0	9	7	0	17	49	20	0	0	60	144	11	0	0	11	0	0	2	0	0	0	13	0	0	0	2	0	0	0	0	0	0	0	0	0	0	2	0	0	0	3	0	0	0	6	0	11	0	0	6	0	0	0	0	0	0	0	17	0	0	0	0	0	2	0	6	0	6	0	0	0	10	0	47	0	0	0	0	0	0	0	0	0	0	10	0	0	0	0	0	1	0	37	0	0	0	0	9	7	0	17	49	20	0	0	60
233	220	43	55	27	207	21	37	11	41	55	27	12	34	17	49	71	110	54	16	196	17	30	0	21	37	11	9	20	6	0	35	57	22	0	28	33	27	3	0	37	0	0	0	27	9	12	34	17	49	58	88	54	16	186	16	30	0	17	30	0	7	20	0	0	30	50	0	0	11	17	11	2	0	17	0	0	0	11	0	9	20	6	0	25	37	22	0	24	23	27	0	0	10	0	0	0	0	0	3	0	37	0	0	0	27	9	9	14	17	49	47	58	54	16	176	16	30	0	16	30	0	7	20	0	0	30	50	0	0	7	10	0	2	0	0	0	0	0	0	0	7	20	0	0	20	30	0	0	7	7	11	0	0	6	0	0	0	0	0	2	0	17	0	0	0	11	0	6	0	6	0	14	7	22	0	22	23	27	0	0	0	0	0	0	0	0	0	0	10	0	0	0	0	0	1	0	37	0	0	0	27	9	5	14	17	49	38	58	54	16
144	135	20	18	22	126	12	18	5	17	18	22	6	0	7	25	30	18	0	21	120	9	18	0	12	18	5	3	0	0	0	16	18	0	0	10	0	22	0	0	17	0	0	0	0	3	6	0	7	25	23	0	0	21	114	9	18	0	9	18	0	3	0	0	0	13	18	0	0	5	0	5	0	0	5	0	0	0	0	0	3	0	0	0	9	0	0	0	8	0	22	0	0	0	0	0	0	0	0	0	0	17	0	0	0	0	3	3	0	7	25	17	0	0	21	108	9	18	0	9	18	0	3	0	0	0	13	18	0	0	2	0	0	0	0	0	0	0	0	0	0	3	0	0	0	6	0	0	0	3	0	5	0	0	0	0	0	0	0	0	0	0	5	0	0	0	0	0	0	0	0	0	3	0	0	0	8	0	22	0	0	0	0	0	0	0	0	0	0	0	0	0	0	0	0	0	0	17	0	0	0	0	3	3	0	7	25	17	0	0	21
141	133	34	21	7	125	18	12	0	33	21	7	24	6	7	0	74	41	14	16	118	16	12	0	18	12	0	21	6	0	0	43	24	0	0	25	14	7	7	0	7	0	2	0	0	0	24	6	7	0	66	34	14	16	112	16	12	0	16	12	0	21	6	0	0	41	24	0	0	13	6	0	7	0	0	0	2	0	0	0	21	6	0	0	38	18	0	0	22	8	7	1	0	0	0	0	0	0	0	7	0	7	0	2	0	0	0	22	0	7	0	57	16	14	16	106	16	12	0	16	12	0	21	6	0	0	41	24	0	0	11	6	0	7	0	0	0	2	0	0	0	21	6	0	0	36	18	0	0	10	0	0	1	0	0	0	0	0	0	0	7	0	0	0	2	0	0	0	19	0	0	0	29	0	0	0	18	8	7	0	0	0	0	0	0	0	0	1	0	0	0	0	0	0	0	7	0	7	0	2	0	0	0	18	0	7	0	45	16	14	16
159	151	47	17	0	143	25	7	0	47	17	0	33	0	0	0	101	51	0	0	135	24	7	0	25	7	0	31	0	0	0	73	21	0	0	40	17	0	10	0	0	0	6	0	0	0	33	0	0	0	94	51	0	0	128	24	7	0	24	7	0	31	0	0	0	72	21	0	0	21	7	0	10	0	0	0	6	0	0	0	31	0	0	0	69	21	0	0	35	10	0	1	0	0	0	0	0	0	0	10	0	0	0	6	0	0	0	28	0	0	0	80	30	0	0	121	24	7	0	24	7	0	31	0	0	0	72	21	0	0	20	7	0	10	0	0	0	6	0	0	0	31	0	0	0	68	21	0	0	16	0	0	1	0	0	0	0	0	0	0	10	0	0	0	6	0	0	0	26	0	0	0	55	0	0	0	28	10	0	0	0	0	0	0	0	0	0	1	0	0	0	0	0	0	0	8	0	0	0	6	0	0	0	20	0	0	0	55	30	0	0
276	259	64	100	26	242	29	62	15	63	100	26	35	76	41	20	121	226	104	27	226	25	60	11	29	62	15	27	72	30	12	74	182	60	11	54	84	26	9	24	27	24	6	0	0	0	35	76	41	20	112	210	104	27	212	25	60	3	25	60	11	27	72	22	0	74	180	44	0	25	48	15	9	24	25	0	6	0	0	0	27	72	30	12	70	168	60	11	40	56	26	1	0	0	6	0	0	0	6	9	24	27	24	6	0	0	0	32	48	41	20	74	140	104	27	200	25	60	0	25	60	3	27	72	6	0	74	180	12	0	21	48	11	9	24	21	0	6	0	0	0	27	72	22	0	70	168	44	0	20	24	15	1	0	0	0	0	0	0	0	9	24	25	0	6	0	0	0	24	48	30	12	57	108	60	11	33	32	26	0	0	0	0	1	0	0	0	1	0	0	6	0	0	0	6	8	0	27	24	6	0	0	0	26	0	41	20	50	32	104	27
239	228	44	24	24	217	27	0	7	44	24	24	32	0	18	28	94	24	72	34	206	27	0	0	27	0	7	32	0	7	0	81	0	21	11	40	24	24	10	0	0	0	6	0	0	16	32	0	18	28	90	24	72	34	195	27	0	0	27	0	0	32	0	0	0	81	0	0	0	23	0	7	10	0	0	0	6	0	0	0	32	0	7	0	77	0	21	11	33	24	24	1	0	0	0	0	0	0	0	10	0	0	0	6	0	0	16	27	0	18	28	71	24	72	34	184	27	0	0	27	0	0	32	0	0	0	81	0	0	0	23	0	0	10	0	0	0	6	0	0	0	32	0	0	0	77	0	0	0	16	0	7	1	0	0	0	0	0	0	0	10	0	0	0	6	0	0	0	27	0	7	0	58	0	21	11	25	24	24	0	0	0	0	0	0	0	0	1	0	0	0	0	0	0	0	8	0	0	0	6	0	0	16	18	0	18	28	42	24	72	34
193	177	59	96	6	161	15	71	0	59	96	6	18	161	0	0	136	293	6	7	145	13	64	0	15	71	0	10	137	0	0	45	234	0	0	54	96	6	3	52	0	0	4	14	0	0	18	161	0	0	131	293	6	7	130	13	63	0	13	64	0	10	133	0	0	40	213	0	0	13	71	0	3	49	0	0	4	14	0	0	10	137	0	0	43	234	0	0	38	81	6	0	7	0	0	0	0	0	0	3	52	0	0	4	14	0	0	15	161	0	0	91	248	6	7	119	13	63	0	13	63	0	10	133	0	0	40	210	0	0	11	64	0	3	49	0	0	4	14	0	0	10	133	0	0	38	213	0	0	9	60	0	0	7	0	0	0	0	0	0	3	49	0	0	4	14	0	0	7	137	0	0	32	201	0	0	22	37	6	0	0	0	0	0	0	0	0	0	7	0	0	0	0	0	0	1	52	0	0	4	14	0	0	11	117	0	0	42	116	6	7
163	154	41	25	2	145	20	14	0	41	25	2	35	7	0	0	99	57	4	0	136	18	14	0	20	14	0	27	7	0	0	64	49	0	0	40	25	2	10	0	0	0	4	14	0	0	35	7	0	0	98	57	4	0	127	18	14	0	18	14	0	27	7	0	0	59	49	0	0	19	14	0	10	0	0	0	4	14	0	0	27	7	0	0	63	49	0	0	36	25	2	1	0	0	0	0	0	0	0	10	0	0	0	4	14	0	0	33	7	0	0	87	57	4	0	118	18	14	0	18	14	0	27	7	0	0	59	49	0	0	17	14	0	10	0	0	0	4	14	0	0	27	7	0	0	58	49	0	0	15	14	0	1	0	0	0	0	0	0	0	10	0	0	0	4	14	0	0	25	7	0	0	52	49	0	0	24	25	2	0	0	0	0	0	0	0	0	1	0	0	0	0	0	0	0	8	0	0	0	4	14	0	0	25	7	0	0	49	57	4	0
230	217	48	58	2	204	21	31	0	48	58	2	35	21	0	0	106	151	10	0	191	19	30	0	21	31	0	27	20	0	0	66	114	0	0	47	58	2	9	10	0	0	4	20	0	0	35	21	0	0	105	151	10	0	178	19	30	0	19	30	0	27	20	0	0	61	110	0	0	20	31	0	9	10	0	0	4	20	0	0	27	20	0	0	65	114	0	0	38	58	2	1	0	0	0	0	0	0	0	9	10	0	0	4	20	0	0	33	21	0	0	82	151	10	0	166	19	30	0	19	30	0	27	20	0	0	61	110	0	0	18	30	0	9	10	0	0	4	20	0	0	27	20	0	0	60	110	0	0	15	31	0	1	0	0	0	0	0	0	0	9	10	0	0	4	20	0	0	25	20	0	0	52	114	0	0	26	46	2	0	0	0	0	0	0	0	0	1	0	0	0	0	0	0	0	7	10	0	0	4	20	0	0	24	21	0	0	44	103	10	0
236	223	27	41	40	210	13	22	17	27	41	40	10	11	31	17	50	68	80	52	197	13	22	15	13	22	17	10	11	27	15	38	66	34	22	22	41	40	4	0	0	20	2	0	0	0	10	11	31	17	45	68	80	52	185	13	22	11	13	22	15	10	11	25	11	38	66	30	11	10	22	17	4	0	0	12	2	0	0	0	10	11	27	15	35	66	34	22	15	29	40	0	0	0	24	0	0	0	0	4	0	0	20	2	0	0	0	7	11	31	17	28	44	80	52	174	13	22	3	13	22	11	10	11	21	3	38	66	22	3	10	22	15	4	0	0	0	2	0	0	0	10	11	25	11	35	66	30	11	7	11	17	0	0	0	0	0	0	0	0	4	0	0	12	2	0	0	0	7	11	27	15	28	44	34	22	11	18	40	0	0	0	6	1	0	0	6	0	0	0	24	0	0	0	0	1	0	0	20	2	0	0	0	2	0	31	17	11	0	80	52
167	159	22	7	19	151	14	0	5	22	7	19	11	0	18	5	43	0	19	28	143	14	0	5	14	0	5	11	0	15	5	43	0	5	15	20	7	19	4	0	0	0	2	0	0	0	11	0	18	5	41	0	19	28	135	14	0	5	14	0	5	11	0	15	5	43	0	5	11	12	0	5	4	0	0	0	2	0	0	0	11	0	15	5	41	0	5	15	16	7	19	0	0	0	0	0	0	0	0	4	0	0	0	2	0	0	0	8	0	18	5	32	0	19	28	127	14	0	3	14	0	5	11	0	15	3	43	0	5	3	12	0	5	4	0	0	0	2	0	0	0	11	0	15	5	41	0	5	11	8	0	5	0	0	0	0	0	0	0	0	4	0	0	0	2	0	0	0	8	0	15	5	32	0	5	15	11	7	19	0	0	0	6	1	0	0	0	0	0	0	0	0	0	0	0	1	0	0	0	2	0	0	0	2	0	18	5	11	0	19	28
314	299	28	14	89	284	20	0	59	28	14	89	12	0	29	37	49	0	89	54	269	20	0	43	20	0	59	12	0	28	17	49	0	59	22	20	14	89	3	0	0	78	4	0	0	27	12	0	29	37	41	0	89	54	254	20	0	16	20	0	43	12	0	26	6	49	0	43	11	12	0	59	3	0	0	27	4	0	0	11	12	0	28	17	41	0	59	22	16	14	89	0	0	0	64	0	0	0	37	3	0	0	78	4	0	0	27	8	0	29	37	31	0	89	54	239	20	0	0	20	0	16	12	0	11	0	49	0	16	3	12	0	43	3	0	0	0	4	0	0	0	12	0	26	6	41	0	43	11	8	0	59	0	0	0	0	0	0	0	0	3	0	0	27	4	0	0	11	8	0	28	17	31	0	59	22	12	14	89	0	0	0	0	0	0	0	12	0	0	0	64	0	0	0	37	1	0	0	78	4	0	0	27	3	0	29	37	14	0	89	54
166	158	10	12	13	150	5	0	8	10	12	13	3	0	8	0	17	0	26	2	142	5	0	8	5	0	8	3	0	8	0	17	0	16	0	10	12	13	1	0	0	0	2	0	0	0	3	0	8	0	17	0	26	2	134	5	0	0	5	0	8	3	0	8	0	17	0	16	0	5	0	8	1	0	0	0	2	0	0	0	3	0	8	0	17	0	16	0	9	12	13	0	0	0	0	0	0	0	21	1	0	0	0	2	0	0	0	3	0	8	0	15	0	26	2	126	5	0	0	5	0	0	3	0	0	0	17	0	0	0	5	0	8	1	0	0	0	2	0	0	0	3	0	8	0	17	0	16	0	4	0	8	0	0	0	0	0	0	0	0	1	0	0	0	2	0	0	0	3	0	8	0	15	0	16	0	7	12	13	0	0	0	0	0	0	0	0	0	0	0	0	0	0	0	21	1	0	0	0	2	0	0	0	2	0	8	0	7	0	26	2
189	180	27	0	32	171	21	0	0	27	0	32	29	0	0	0	69	0	0	60	162	21	0	0	21	0	0	29	0	0	0	69	0	0	22	26	0	32	10	0	0	0	6	0	0	0	29	0	0	0	68	0	0	60	153	21	0	0	21	0	0	29	0	0	0	69	0	0	11	20	0	0	10	0	0	0	6	0	0	0	29	0	0	0	68	0	0	22	22	0	32	1	0	0	0	0	0	0	0	10	0	0	0	6	0	0	0	27	0	0	0	58	0	0	60	144	21	0	0	21	0	0	29	0	0	0	69	0	0	3	20	0	0	10	0	0	0	6	0	0	0	29	0	0	0	68	0	0	11	16	0	0	1	0	0	0	0	0	0	0	10	0	0	0	6	0	0	0	27	0	0	0	58	0	0	22	14	0	32	0	0	0	0	0	0	0	0	1	0	0	0	0	0	0	0	8	0	0	0	6	0	0	0	18	0	0	0	29	0	0	60
140	133	18	0	27	126	17	0	10	18	0	27	10	0	0	12	50	0	0	53	119	17	0	9	17	0	10	10	0	0	10	50	0	0	25	17	0	27	1	0	0	5	0	0	0	0	10	0	0	12	49	0	0	53	112	17	0	9	17	0	9	10	0	0	10	50	0	0	23	16	0	10	1	0	0	5	0	0	0	0	10	0	0	10	49	0	0	25	13	0	27	0	0	0	0	1	0	0	0	1	0	0	5	0	0	0	0	9	0	0	12	42	0	0	53	105	17	0	9	17	0	9	10	0	0	10	50	0	0	11	16	0	9	1	0	0	5	0	0	0	0	10	0	0	10	49	0	0	23	12	0	10	0	0	0	0	1	0	0	0	1	0	0	5	0	0	0	0	9	0	0	10	42	0	0	25	9	0	27	0	0	0	0	3	0	0	0	0	0	0	0	1	0	0	0	0	0	0	5	0	0	0	0	3	0	0	12	27	0	0	53
137	129	28	13	12	121	19	12	10	28	13	12	10	6	0	12	75	45	0	0	113	19	12	9	19	12	10	10	6	0	10	60	42	0	0	27	13	12	4	0	0	5	1	0	0	0	10	6	0	12	74	45	0	0	105	18	12	9	19	12	9	10	6	0	10	60	42	0	0	18	12	10	1	0	0	5	0	0	0	0	10	6	0	10	59	42	0	0	24	13	12	4	0	0	0	3	7	0	0	4	0	0	5	1	0	0	0	9	6	0	12	69	45	0	0	97	17	12	9	18	12	9	10	6	0	10	55	42	0	0	18	12	9	1	0	0	5	0	0	0	0	10	6	0	10	59	42	0	0	15	12	10	0	0	0	0	0	6	0	0	1	0	0	5	0	0	0	0	9	6	0	10	54	42	0	0	19	13	12	8	0	0	0	3	6	0	0	4	0	0	0	3	7	0	0	3	0	0	5	1	0	0	0	4	6	0	12	51	45	0	0
117	110	22	14	4	103	15	10	4	22	14	4	10	0	0	0	62	30	4	0	96	15	10	4	15	10	4	10	0	0	0	45	30	4	0	22	14	4	0	0	0	0	0	0	0	0	10	0	0	0	62	30	4	0	89	15	10	4	15	10	4	10	0	0	0	45	30	4	0	15	10	4	0	0	0	0	0	0	0	0	10	0	0	0	45	30	4	0	20	14	4	0	0	0	0	4	0	0	0	0	0	0	0	0	0	0	0	10	0	0	0	59	30	4	0	82	15	10	4	15	10	4	10	0	0	0	45	30	4	0	15	10	4	0	0	0	0	0	0	0	0	10	0	0	0	45	30	4	0	13	10	4	0	0	0	0	1	0	0	0	0	0	0	0	0	0	0	0	10	0	0	0	42	30	4	0	18	14	4	0	0	0	0	3	0	0	0	0	0	0	0	4	0	0	0	0	0	0	0	0	0	0	0	6	0	0	0	52	30	4	0
220	209	11	0	86	198	11	0	43	11	0	86	5	0	0	62	28	0	0	161	187	11	0	41	11	0	43	5	0	0	58	28	0	0	89	8	0	86	1	0	0	17	0	0	0	0	5	0	0	62	25	0	0	161	176	11	0	39	11	0	41	5	0	0	54	28	0	0	71	8	0	43	1	0	0	15	0	0	0	0	5	0	0	58	25	0	0	89	5	0	86	0	0	0	20	1	0	0	0	1	0	0	17	0	0	0	0	3	0	0	62	19	0	0	161	165	11	0	24	11	0	39	5	0	0	27	28	0	0	32	8	0	41	1	0	0	11	0	0	0	0	5	0	0	54	25	0	0	71	5	0	43	0	0	0	12	1	0	0	0	1	0	0	15	0	0	0	0	3	0	0	58	19	0	0	89	3	0	86	0	0	0	39	2	0	0	21	0	0	0	20	1	0	0	0	0	0	0	17	0	0	0	0	1	0	0	62	11	0	0	161
77	72	15	8	0	67	8	6	0	15	8	0	4	0	0	0	42	18	0	0	62	8	6	0	8	6	0	4	0	0	0	25	18	0	0	15	8	0	0	0	0	0	0	0	0	0	4	0	0	0	42	18	0	0	57	8	6	0	8	6	0	4	0	0	0	25	18	0	0	8	6	0	0	0	0	0	0	0	0	0	4	0	0	0	25	18	0	0	15	8	0	0	0	0	0	4	0	0	0	0	0	0	0	0	0	0	0	4	0	0	0	42	18	0	0	52	8	6	0	8	6	0	4	0	0	0	25	18	0	0	8	6	0	0	0	0	0	0	0	0	0	4	0	0	0	25	18	0	0	8	6	0	0	0	0	0	1	0	0	0	0	0	0	0	0	0	0	0	4	0	0	0	25	18	0	0	15	8	0	0	0	0	0	2	0	0	0	0	0	0	0	4	0	0	0	0	0	0	0	0	0	0	0	4	0	0	0	42	18	0	0
75	69	16	11	6	63	4	8	0	16	11	6	0	6	0	0	43	32	0	4	57	4	8	0	4	8	0	0	6	0	0	12	24	0	4	16	11	6	0	0	0	0	0	0	0	0	0	6	0	0	43	32	0	4	51	4	8	0	4	8	0	0	6	0	0	12	24	0	4	4	8	0	0	0	0	0	0	0	0	0	0	6	0	0	12	24	0	4	16	11	6	0	0	0	0	5	0	0	0	0	0	0	0	0	0	0	0	0	6	0	0	43	32	0	4	45	4	8	0	4	8	0	0	6	0	0	12	24	0	4	4	8	0	0	0	0	0	0	0	0	0	0	6	0	0	12	24	0	4	4	8	0	0	0	0	0	0	0	0	0	0	0	0	0	0	0	0	0	0	6	0	0	12	24	0	4	16	11	6	0	0	0	0	4	0	0	0	0	0	0	0	5	0	0	0	0	0	0	0	0	0	0	0	0	6	0	0	43	32	0	4
134	125	31	29	0	116	10	20	0	31	29	0	6	15	0	0	67	41	0	0	107	10	20	0	10	20	0	6	15	0	0	22	30	0	0	31	29	0	2	0	0	0	2	0	0	0	6	15	0	0	67	41	0	0	98	10	20	0	10	20	0	6	15	0	0	22	30	0	0	10	20	0	2	0	0	0	2	0	0	0	6	15	0	0	22	30	0	0	31	29	0	0	0	0	0	2	0	0	0	2	0	0	0	2	0	0	0	6	15	0	0	67	41	0	0	89	10	20	0	10	20	0	6	15	0	0	22	30	0	0	10	20	0	2	0	0	0	2	0	0	0	6	15	0	0	22	30	0	0	10	20	0	0	0	0	0	2	0	0	0	2	0	0	0	2	0	0	0	6	15	0	0	22	30	0	0	31	29	0	0	0	0	0	1	0	0	0	0	0	0	0	2	0	0	0	2	0	0	0	2	0	0	0	6	15	0	0	67	41	0	0
121	114	36	15	0	107	19	6	0	36	15	0	17	0	0	0	78	18	0	0	100	19	6	0	19	6	0	17	0	0	0	41	0	0	0	36	15	0	3	0	0	0	3	0	0	0	17	0	0	0	78	18	0	0	93	19	6	0	19	6	0	17	0	0	0	41	0	0	0	19	6	0	3	0	0	0	3	0	0	0	17	0	0	0	41	0	0	0	36	15	0	0	0	0	0	4	0	0	0	3	0	0	0	3	0	0	0	17	0	0	0	78	18	0	0	86	19	6	0	19	6	0	17	0	0	0	41	0	0	0	19	6	0	3	0	0	0	3	0	0	0	17	0	0	0	41	0	0	0	19	6	0	0	0	0	0	4	0	0	0	3	0	0	0	3	0	0	0	17	0	0	0	41	0	0	0	36	15	0	3	0	0	0	0	0	0	0	0	0	0	0	4	0	0	0	3	0	0	0	3	0	0	0	17	0	0	0	78	18	0	0
152	143	54	27	0	134	26	14	0	54	27	0	27	7	0	0	116	90	0	0	125	25	14	0	26	14	0	23	7	0	0	55	56	0	0	54	27	0	11	0	0	0	4	7	0	0	27	7	0	0	116	90	0	0	116	24	14	0	25	14	0	22	7	0	0	53	56	0	0	26	14	0	7	0	0	0	3	7	0	0	23	7	0	0	55	56	0	0	54	27	0	2	0	0	0	4	7	0	0	11	0	0	0	4	7	0	0	27	7	0	0	116	90	0	0	107	24	14	0	24	14	0	22	7	0	0	50	56	0	0	25	14	0	7	0	0	0	3	7	0	0	22	7	0	0	53	56	0	0	26	14	0	2	0	0	0	4	7	0	0	7	0	0	0	3	7	0	0	23	7	0	0	55	56	0	0	54	27	0	4	0	0	0	2	0	0	0	2	0	0	0	4	7	0	0	11	0	0	0	4	7	0	0	27	7	0	0	116	90	0	0
190	178	59	52	0	166	25	34	0	59	52	0	25	26	0	0	130	133	0	0	154	24	32	0	25	34	0	21	24	0	0	55	82	0	0	59	52	0	9	16	0	0	4	8	0	0	25	26	0	0	130	133	0	0	142	23	32	0	24	32	0	20	24	0	0	53	80	0	0	25	34	0	5	16	0	0	3	8	0	0	21	24	0	0	55	82	0	0	59	52	0	2	0	0	0	4	8	0	0	9	16	0	0	4	8	0	0	25	26	0	0	130	133	0	0	130	23	32	0	23	32	0	20	24	0	0	50	80	0	0	24	32	0	5	16	0	0	3	8	0	0	20	24	0	0	53	80	0	0	25	34	0	2	0	0	0	4	8	0	0	5	16	0	0	3	8	0	0	21	24	0	0	55	82	0	0	59	52	0	4	0	0	0	3	0	0	0	2	0	0	0	4	8	0	0	9	16	0	0	4	8	0	0	25	26	0	0	130	133	0	0
190	178	42	37	12	166	24	27	0	42	37	12	21	18	0	0	97	40	12	0	154	24	27	0	24	27	0	21	18	0	0	56	36	0	0	42	37	12	7	0	0	0	4	0	0	0	21	18	0	0	97	40	12	0	142	24	27	0	24	27	0	21	18	0	0	56	36	0	0	24	27	0	7	0	0	0	4	0	0	0	21	18	0	0	56	36	0	0	42	37	12	2	0	0	0	7	0	0	0	7	0	0	0	4	0	0	0	21	18	0	0	97	40	12	0	130	24	27	0	24	27	0	21	18	0	0	56	36	0	0	24	27	0	7	0	0	0	4	0	0	0	21	18	0	0	56	36	0	0	24	27	0	2	0	0	0	5	0	0	0	7	0	0	0	4	0	0	0	21	18	0	0	56	36	0	0	42	37	12	4	0	0	0	3	0	0	0	2	0	0	0	7	0	0	0	7	0	0	0	4	0	0	0	21	18	0	0	97	40	12	0
178	168	48	16	12	158	32	0	0	48	16	12	23	0	0	0	104	24	24	0	148	32	0	0	32	0	0	23	0	0	0	69	0	0	0	48	16	12	7	0	0	0	6	0	0	0	23	0	0	0	104	24	24	0	138	32	0	0	32	0	0	23	0	0	0	69	0	0	0	32	0	0	7	0	0	0	5	0	0	0	23	0	0	0	69	0	0	0	48	16	12	6	0	0	0	8	0	0	0	7	0	0	0	6	0	0	0	23	0	0	0	104	24	24	0	128	32	0	0	32	0	0	23	0	0	0	69	0	0	0	32	0	0	7	0	0	0	5	0	0	0	23	0	0	0	69	0	0	0	32	0	0	6	0	0	0	7	0	0	0	7	0	0	0	5	0	0	0	23	0	0	0	69	0	0	0	48	16	12	16	0	0	0	4	0	0	0	6	0	0	0	8	0	0	0	7	0	0	0	6	0	0	0	23	0	0	0	104	24	24	0
249	233	62	90	9	217	31	61	0	62	90	9	20	84	0	0	142	198	27	0	201	30	60	0	31	61	0	16	80	0	0	77	134	0	0	62	90	9	10	10	0	0	7	11	0	0	20	84	0	0	142	198	27	0	185	28	60	0	30	60	0	15	80	0	0	75	130	0	0	31	61	0	6	10	0	0	4	10	0	0	16	80	0	0	77	134	0	0	62	90	9	9	0	0	0	10	22	0	0	10	10	0	0	7	11	0	0	20	84	0	0	142	198	27	0	169	28	57	0	28	60	0	15	80	0	0	69	130	0	0	30	60	0	6	10	0	0	4	10	0	0	15	80	0	0	75	130	0	0	31	61	0	9	0	0	0	7	20	0	0	6	10	0	0	4	10	0	0	16	80	0	0	77	134	0	0	62	90	9	15	21	0	0	10	0	0	0	9	0	0	0	10	22	0	0	10	10	0	0	7	11	0	0	20	84	0	0	142	198	27	0
234	218	68	97	6	202	31	67	0	68	97	6	23	70	0	0	159	255	24	0	186	30	63	0	31	67	0	19	66	0	0	77	187	0	0	68	97	6	7	42	0	0	8	10	0	0	23	70	0	0	159	255	24	0	170	29	61	0	30	63	0	18	62	0	0	75	177	0	0	31	67	0	3	42	0	0	4	10	0	0	19	66	0	0	77	187	0	0	68	97	6	10	20	0	0	15	10	0	0	7	42	0	0	8	10	0	0	23	70	0	0	159	255	24	0	154	28	60	0	29	61	0	18	60	0	0	72	172	0	0	30	63	0	3	40	0	0	4	10	0	0	18	62	0	0	75	177	0	0	31	67	0	7	20	0	0	8	10	0	0	3	42	0	0	4	10	0	0	19	66	0	0	77	187	0	0	67	97	6	19	10	0	0	13	13	0	0	10	20	0	0	15	10	0	0	7	42	0	0	8	10	0	0	23	70	0	0	156	255	24	0
183	172	56	35	3	161	30	10	0	56	35	3	22	0	0	0	120	90	15	0	150	30	10	0	30	10	0	22	0	0	0	72	20	0	0	56	35	3	7	0	0	0	8	0	0	0	22	0	0	0	120	90	15	0	139	30	10	0	30	10	0	22	0	0	0	72	20	0	0	30	10	0	7	0	0	0	4	0	0	0	22	0	0	0	72	20	0	0	56	35	3	9	0	0	0	11	0	0	0	7	0	0	0	8	0	0	0	22	0	0	0	120	90	15	0	128	30	10	0	30	10	0	22	0	0	0	72	20	0	0	30	10	0	7	0	0	0	4	0	0	0	22	0	0	0	72	20	0	0	30	10	0	9	0	0	0	8	0	0	0	7	0	0	0	4	0	0	0	22	0	0	0	72	20	0	0	56	35	3	17	0	0	0	10	0	0	0	9	0	0	0	11	0	0	0	7	0	0	0	8	0	0	0	22	0	0	0	120	90	15	0
153	144	41	0	34	135	27	0	0	41	0	34	19	0	0	0	91	0	0	42	126	27	0	0	27	0	0	19	0	0	0	64	0	0	0	41	0	34	5	0	0	0	6	0	0	0	19	0	0	0	91	0	0	42	117	27	0	0	27	0	0	19	0	0	0	64	0	0	0	27	0	0	5	0	0	0	3	0	0	0	19	0	0	0	64	0	0	0	41	0	34	9	0	0	0	10	0	0	0	5	0	0	0	6	0	0	0	19	0	0	0	91	0	0	42	108	26	0	0	27	0	0	19	0	0	0	64	0	0	0	27	0	0	5	0	0	0	3	0	0	0	19	0	0	0	64	0	0	0	27	0	0	9	0	0	0	7	0	0	0	5	0	0	0	3	0	0	0	19	0	0	0	64	0	0	0	41	0	34	14	0	7	0	10	0	0	0	9	0	0	0	10	0	0	0	5	0	0	0	6	0	0	0	19	0	0	0	91	0	0	42
241	225	65	83	26	209	39	59	0	65	83	26	37	0	0	0	154	159	78	30	193	37	59	0	39	59	0	30	0	0	0	103	111	0	0	65	83	26	17	0	0	0	9	19	0	0	37	0	0	0	154	159	78	30	177	34	55	0	37	59	0	28	0	0	0	100	111	0	0	39	59	0	10	0	0	0	4	11	0	0	30	0	0	0	103	111	0	0	65	83	26	16	44	0	0	17	30	0	0	17	0	0	0	9	19	0	0	37	0	0	0	154	159	78	30	161	30	43	0	34	55	0	26	0	0	0	92	99	0	0	37	59	0	8	0	0	0	3	11	0	0	28	0	0	0	100	111	0	0	39	59	0	7	44	0	0	8	22	0	0	10	0	0	0	4	11	0	0	30	0	0	0	103	111	0	0	64	83	26	6	96	7	0	11	31	0	0	16	44	0	0	17	30	0	0	17	0	0	0	9	19	0	0	37	0	0	0	151	159	78	30
205	190	70	78	18	175	38	54	0	70	78	18	31	30	0	0	152	216	54	18	160	37	54	0	38	54	0	28	30	0	0	97	166	0	0	70	78	18	17	0	0	0	12	7	0	0	31	30	0	0	152	216	54	18	145	34	51	0	37	54	0	27	30	0	0	96	166	0	0	38	54	0	10	0	0	0	5	0	0	0	28	30	0	0	97	166	0	0	70	78	18	19	33	0	0	17	29	0	0	17	0	0	0	12	7	0	0	31	30	0	0	152	216	54	18	130	29	50	0	34	51	0	23	30	0	0	85	154	0	0	37	54	0	8	0	0	0	4	0	0	0	27	30	0	0	96	166	0	0	38	54	0	8	30	0	0	8	20	0	0	10	0	0	0	5	0	0	0	28	30	0	0	97	166	0	0	64	78	18	16	10	7	0	8	35	0	0	19	33	0	0	17	29	0	0	17	0	0	0	12	7	0	0	31	30	0	0	136	216	54	18
158	148	49	27	11	138	29	9	0	49	27	11	19	0	0	0	105	66	33	9	128	29	9	0	29	9	0	19	0	0	0	75	36	0	0	49	27	11	8	0	0	0	9	0	0	0	19	0	0	0	105	66	33	9	118	29	9	0	29	9	0	19	0	0	0	75	36	0	0	29	9	0	8	0	0	0	3	0	0	0	19	0	0	0	75	36	0	0	49	27	11	11	0	0	0	14	0	0	0	8	0	0	0	9	0	0	0	19	0	0	0	105	66	33	9	108	29	9	0	29	9	0	19	0	0	0	75	36	0	0	29	9	0	8	0	0	0	3	0	0	0	19	0	0	0	75	36	0	0	29	9	0	11	0	0	0	7	0	0	0	8	0	0	0	3	0	0	0	19	0	0	0	75	36	0	0	49	27	11	14	0	0	0	11	0	0	0	11	0	0	0	14	0	0	0	8	0	0	0	9	0	0	0	19	0	0	0	105	66	33	9
165	155	56	25	5	145	37	0	0	56	25	5	33	0	0	0	110	50	25	3	135	36	0	0	37	0	0	30	0	0	0	87	0	0	0	56	25	5	15	0	0	0	11	5	0	0	33	0	0	0	110	50	25	3	125	35	0	0	36	0	0	29	0	0	0	86	0	0	0	37	0	0	12	0	0	0	5	0	0	0	30	0	0	0	87	0	0	0	56	25	5	16	0	0	0	17	5	0	0	15	0	0	0	11	5	0	0	33	0	0	0	110	50	25	3	115	33	0	0	35	0	0	27	0	0	0	84	0	0	0	36	0	0	10	0	0	0	4	0	0	0	29	0	0	0	86	0	0	0	37	0	0	10	0	0	0	7	0	0	0	12	0	0	0	5	0	0	0	30	0	0	0	87	0	0	0	56	25	5	13	0	0	0	8	10	0	0	16	0	0	0	17	5	0	0	15	0	0	0	11	5	0	0	33	0	0	0	110	50	25	3
173	160	55	48	26	147	36	36	0	55	48	26	32	36	0	0	98	94	26	60	134	35	36	0	36	36	0	29	36	0	0	80	90	0	0	55	48	26	15	0	0	0	11	0	0	0	32	36	0	0	98	94	26	60	121	34	36	0	35	36	0	28	36	0	0	79	90	0	0	36	36	0	12	0	0	0	5	0	0	0	29	36	0	0	80	90	0	0	55	48	26	16	0	0	0	15	0	0	0	15	0	0	0	11	0	0	0	32	36	0	0	98	94	26	60	108	28	36	0	34	36	0	26	36	0	0	77	90	0	0	35	36	0	10	0	0	0	4	0	0	0	28	36	0	0	79	90	0	0	36	36	0	10	0	0	0	7	0	0	0	12	0	0	0	5	0	0	0	29	36	0	0	80	90	0	0	55	48	26	1	0	32	0	4	0	0	0	16	0	0	0	15	0	0	0	15	0	0	0	11	0	0	0	32	36	0	0	98	94	26	60
213	198	67	80	20	183	50	53	0	67	80	20	46	53	0	0	136	109	60	49	168	48	41	0	50	53	0	44	27	0	0	119	83	0	0	67	80	20	14	41	0	0	10	17	20	0	46	53	0	0	136	109	60	49	153	45	28	0	48	41	0	42	14	0	0	117	70	0	0	50	53	0	12	14	0	0	5	7	0	0	44	27	0	0	119	83	0	0	67	80	20	10	42	0	0	14	26	20	0	14	41	0	0	10	17	20	0	46	53	0	0	136	109	60	49	138	41	14	0	45	28	0	42	0	0	0	114	56	0	0	48	41	0	12	0	0	0	5	0	0	0	42	14	0	0	117	70	0	0	50	53	0	10	0	0	0	7	11	0	0	12	14	0	0	5	7	0	0	44	27	0	0	119	83	0	0	62	80	20	2	0	32	0	5	0	40	0	10	42	0	0	14	26	20	0	14	41	0	0	10	17	20	0	46	53	0	0	124	109	60	49
192	177	73	75	26	162	48	55	0	73	75	26	49	45	0	0	153	199	52	60	147	45	52	0	48	55	0	42	42	0	0	111	178	0	0	73	75	26	20	32	0	0	12	20	0	0	49	45	0	0	153	199	52	60	132	40	50	0	45	52	0	39	40	0	0	103	168	0	0	48	55	0	11	30	0	0	5	10	0	0	42	42	0	0	111	178	0	0	73	75	26	16	20	0	0	12	36	0	0	20	32	0	0	12	20	0	0	49	45	0	0	153	199	52	60	117	33	50	0	40	50	0	35	40	0	0	92	160	0	0	45	52	0	9	30	0	0	4	10	0	0	39	40	0	0	103	168	0	0	48	55	0	8	20	0	0	6	20	0	0	11	30	0	0	5	10	0	0	42	42	0	0	111	178	0	0	67	75	26	1	0	32	0	3	10	0	0	16	20	0	0	12	36	0	0	20	32	0	0	12	20	0	0	49	45	0	0	138	199	52	60
147	136	51	39	11	125	36	25	0	51	39	11	43	17	0	0	92	56	22	16	114	34	24	0	36	25	0	39	16	0	0	80	48	0	0	51	39	11	18	8	0	0	10	6	0	0	43	17	0	0	92	56	22	16	103	31	24	0	34	24	0	36	16	0	0	77	48	0	0	36	25	0	13	8	0	0	5	0	0	0	39	16	0	0	80	48	0	0	51	39	11	9	0	0	0	10	12	0	0	18	8	0	0	10	6	0	0	43	17	0	0	92	56	22	16	92	29	24	0	31	24	0	34	16	0	0	75	48	0	0	34	24	0	11	8	0	0	4	0	0	0	36	16	0	0	77	48	0	0	36	25	0	3	0	0	0	4	0	0	0	13	8	0	0	5	0	0	0	39	16	0	0	80	48	0	0	50	39	11	0	0	0	0	1	0	0	0	9	0	0	0	10	12	0	0	18	8	0	0	10	6	0	0	43	17	0	0	90	56	22	16
161	146	59	87	5	131	32	63	0	59	87	5	37	118	0	0	113	175	10	5	116	28	57	0	32	63	0	27	102	0	0	70	141	0	0	59	87	5	13	44	0	0	9	23	0	0	37	118	0	0	113	175	10	5	101	25	56	0	28	57	0	24	98	0	0	61	129	0	0	32	63	0	8	42	0	0	3	15	0	0	27	102	0	0	70	141	0	0	59	87	5	8	7	0	0	10	10	0	0	13	44	0	0	9	23	0	0	37	118	0	0	113	175	10	5	86	23	56	0	25	56	0	22	98	0	0	59	126	0	0	28	57	0	6	42	0	0	2	14	0	0	24	98	0	0	61	129	0	0	32	63	0	2	7	0	0	4	0	0	0	8	42	0	0	3	15	0	0	27	102	0	0	70	141	0	0	54	87	5	0	0	0	0	1	0	0	0	8	7	0	0	10	10	0	0	13	44	0	0	9	23	0	0	37	118	0	0	104	175	10	5
130	119	46	31	34	108	37	28	0	46	31	34	42	21	7	0	102	38	0	88	97	35	28	0	37	28	0	40	21	0	0	89	35	0	0	46	31	34	16	0	7	0	7	0	0	0	42	21	7	0	102	38	0	88	86	31	28	0	35	28	0	36	21	0	0	85	35	0	0	37	28	0	12	0	0	0	4	0	0	0	40	21	0	0	89	35	0	0	46	31	34	3	0	14	0	4	0	0	0	16	0	7	0	7	0	0	0	42	21	7	0	102	38	0	88	75	31	28	0	31	28	0	36	21	0	0	85	35	0	0	35	28	0	12	0	0	0	4	0	0	0	36	21	0	0	85	35	0	0	37	28	0	3	0	0	0	4	0	0	0	12	0	0	0	4	0	0	0	40	21	0	0	89	35	0	0	45	31	34	0	0	0	0	1	0	0	0	3	0	14	0	4	0	0	0	16	0	7	0	7	0	0	0	42	21	7	0	100	38	0	88
187	170	64	110	26	153	37	91	0	64	110	26	36	128	7	0	138	251	26	62	136	34	80	0	37	91	0	31	113	0	0	83	216	0	0	64	110	26	15	36	7	0	7	18	26	0	36	128	7	0	138	251	26	62	119	30	66	0	34	80	0	29	99	0	0	80	198	0	0	37	91	0	10	22	0	0	3	11	0	0	31	113	0	0	83	216	0	0	62	110	26	3	0	14	0	4	9	52	0	15	36	7	0	7	18	26	0	36	128	7	0	135	251	26	62	103	30	66	0	30	66	0	29	99	0	0	77	198	0	0	34	80	0	10	22	0	0	3	11	0	0	29	99	0	0	80	198	0	0	37	91	0	3	0	0	0	3	8	0	0	10	22	0	0	3	11	0	0	31	113	0	0	83	216	0	0	50	94	26	1	0	0	0	2	0	0	0	3	0	14	0	4	9	52	0	15	36	7	0	7	18	26	0	36	128	7	0	108	219	26	62
124	113	46	41	7	102	25	28	0	46	41	7	23	21	7	0	91	106	14	20	91	22	28	0	25	28	0	20	21	0	0	47	91	0	0	46	41	7	9	0	7	0	6	5	0	0	23	21	7	0	91	106	14	20	80	17	28	0	22	28	0	16	21	0	0	43	91	0	0	25	28	0	2	0	0	0	1	0	0	0	20	21	0	0	47	91	0	0	46	41	7	0	0	14	0	2	0	0	0	9	0	7	0	6	5	0	0	23	21	7	0	91	106	14	20	69	17	28	0	17	28	0	16	21	0	0	43	91	0	0	22	28	0	2	0	0	0	1	0	0	0	16	21	0	0	43	91	0	0	25	28	0	0	0	0	0	2	0	0	0	2	0	0	0	1	0	0	0	20	21	0	0	47	91	0	0	33	41	7	0	0	0	0	0	0	0	0	0	0	14	0	2	0	0	0	9	0	7	0	6	5	0	0	23	21	7	0	61	106	14	20
118	107	38	46	0	96	17	34	0	38	46	0	21	21	0	0	74	98	0	0	85	14	31	0	17	34	0	15	21	0	0	38	77	0	0	38	46	0	4	9	0	0	4	6	0	0	21	21	0	0	74	98	0	0	74	12	28	0	14	31	0	13	21	0	0	36	77	0	0	17	34	0	2	0	0	0	1	0	0	0	15	21	0	0	38	77	0	0	36	46	0	0	0	0	0	1	0	0	0	4	9	0	0	4	6	0	0	21	21	0	0	71	98	0	0	64	12	28	0	12	28	0	13	21	0	0	36	77	0	0	14	31	0	2	0	0	0	1	0	0	0	13	21	0	0	36	77	0	0	17	34	0	0	0	0	0	1	0	0	0	2	0	0	0	1	0	0	0	15	21	0	0	38	77	0	0	25	36	0	0	0	0	0	0	0	0	0	0	0	0	0	1	0	0	0	4	9	0	0	4	6	0	0	21	21	0	0	45	78	0	0
67	61	21	13	0	55	10	8	0	21	13	0	7	4	0	0	43	24	0	0	49	9	8	0	10	8	0	6	4	0	0	24	20	0	0	21	13	0	3	0	0	0	3	2	0	0	7	4	0	0	43	24	0	0	43	8	8	0	9	8	0	6	4	0	0	24	20	0	0	10	8	0	0	0	0	0	0	0	0	0	6	4	0	0	24	20	0	0	19	13	0	0	0	0	0	0	0	0	0	3	0	0	0	3	2	0	0	7	4	0	0	40	24	0	0	38	8	8	0	8	8	0	6	4	0	0	24	20	0	0	9	8	0	0	0	0	0	0	0	0	0	6	4	0	0	24	20	0	0	10	8	0	0	0	0	0	0	0	0	0	0	0	0	0	0	0	0	0	6	4	0	0	24	20	0	0	15	8	0	0	0	0	0	0	0	0	0	0	0	0	0	0	0	0	0	3	0	0	0	3	2	0	0	7	4	0	0	30	14	0	0
137	127	33	17	27	117	23	8	7	33	17	27	24	8	17	21	63	16	27	33	107	17	0	0	23	8	7	16	0	7	0	51	0	7	0	33	17	27	2	0	37	0	1	0	27	20	24	8	17	21	63	16	27	33	97	17	0	0	17	0	0	16	0	0	0	51	0	0	0	23	8	7	2	0	14	0	1	0	7	0	16	0	7	0	51	0	7	0	33	17	27	0	0	0	0	3	0	0	0	2	0	37	0	1	0	27	20	24	8	17	21	63	16	27	33	87	17	0	0	17	0	0	16	0	0	0	51	0	0	0	17	0	0	2	0	0	0	1	0	0	0	16	0	0	0	51	0	0	0	23	8	7	0	0	0	0	2	0	0	0	2	0	14	0	1	0	7	0	16	0	7	0	51	0	7	0	30	17	27	0	0	0	0	0	0	0	0	0	0	0	0	3	0	0	0	2	0	37	0	1	0	27	20	24	8	17	21	57	16	27	33
70	65	18	0	10	60	13	0	0	18	0	10	12	0	0	0	37	0	0	7	55	10	0	0	13	0	0	7	0	0	0	29	0	0	0	18	0	10	0	0	3	0	0	0	0	0	12	0	0	0	37	0	0	7	50	10	0	0	10	0	0	7	0	0	0	29	0	0	0	13	0	0	0	0	0	0	0	0	0	0	7	0	0	0	29	0	0	0	18	0	10	0	0	0	0	0	0	0	0	0	0	3	0	0	0	0	0	12	0	0	0	37	0	0	7	45	10	0	0	10	0	0	7	0	0	0	29	0	0	0	10	0	0	0	0	0	0	0	0	0	0	7	0	0	0	29	0	0	0	13	0	0	0	0	0	0	0	0	0	0	0	0	0	0	0	0	0	0	7	0	0	0	29	0	0	0	16	0	10	0	0	0	0	0	0	0	0	0	0	0	0	0	0	0	0	0	0	3	0	0	0	0	0	12	0	0	0	33	0	0	7
134	124	18	29	3	114	6	5	0	18	29	3	4	20	0	0	18	30	12	0	104	4	0	0	6	5	0	3	0	0	0	11	0	0	0	18	29	3	0	0	3	0	0	0	3	0	4	20	0	0	18	30	12	0	94	4	0	0	4	0	0	3	0	0	0	11	0	0	0	6	5	0	0	0	0	0	0	0	0	0	3	0	0	0	11	0	0	0	18	29	3	0	0	0	0	2	0	0	0	0	0	3	0	0	0	3	0	4	20	0	0	18	30	12	0	84	4	0	0	4	0	0	3	0	0	0	11	0	0	0	4	0	0	0	0	0	0	0	0	0	0	3	0	0	0	11	0	0	0	6	5	0	0	0	0	0	0	0	0	0	0	0	0	0	0	0	0	0	3	0	0	0	11	0	0	0	17	29	3	0	0	0	0	0	0	0	0	0	0	0	0	2	0	0	0	0	0	3	0	0	0	3	0	4	20	0	0	16	30	12	0
68	63	12	6	0	58	2	0	0	12	6	0	5	0	0	0	9	6	0	0	53	0	0	0	2	0	0	0	0	0	0	0	0	0	0	12	6	0	0	0	0	0	0	0	0	0	5	0	0	0	9	6	0	0	48	0	0	0	0	0	0	0	0	0	0	0	0	0	0	2	0	0	0	0	0	0	0	0	0	0	0	0	0	0	0	0	0	0	12	6	0	0	0	0	0	1	0	0	0	0	0	0	0	0	0	0	0	5	0	0	0	9	6	0	0	43	0	0	0	0	0	0	0	0	0	0	0	0	0	0	0	0	0	0	0	0	0	0	0	0	0	0	0	0	0	0	0	0	0	2	0	0	0	0	0	0	0	0	0	0	0	0	0	0	0	0	0	0	0	0	0	0	0	0	0	0	12	6	0	0	0	0	0	0	0	0	0	0	0	0	0	1	0	0	0	0	0	0	0	0	0	0	0	5	0	0	0	9	6	0	0
67	62	8	6	0	57	1	0	0	8	6	0	4	0	0	0	8	2	0	0	52	0	0	0	1	0	0	0	0	0	0	0	0	0	0	8	6	0	0	0	0	0	0	0	0	0	4	0	0	0	8	2	0	0	47	0	0	0	0	0	0	0	0	0	0	0	0	0	0	1	0	0	0	0	0	0	0	0	0	0	0	0	0	0	0	0	0	0	8	6	0	0	0	0	0	0	0	0	0	0	0	0	0	0	0	0	0	4	0	0	0	8	2	0	0	42	0	0	0	0	0	0	0	0	0	0	0	0	0	0	0	0	0	0	0	0	0	0	0	0	0	0	0	0	0	0	0	0	0	1	0	0	0	0	0	0	0	0	0	0	0	0	0	0	0	0	0	0	0	0	0	0	0	0	0	0	8	6	0	0	0	0	0	0	0	0	0	0	0	0	0	0	0	0	0	0	0	0	0	0	0	0	0	4	0	0	0	8	2	0	0
114	105	13	18	15	96	3	0	10	13	18	15	4	0	45	0	23	12	45	3	87	2	0	10	3	0	10	0	0	40	0	11	0	30	0	13	18	15	0	0	10	0	1	0	0	0	4	0	45	0	23	12	45	3	78	1	0	10	2	0	10	0	0	40	0	7	0	30	0	3	0	10	0	0	10	0	0	0	0	0	0	0	40	0	11	0	30	0	13	18	15	0	0	0	0	3	6	0	0	0	0	10	0	1	0	0	0	4	0	45	0	23	12	45	3	69	1	0	7	1	0	10	0	0	40	0	4	0	30	0	2	0	10	0	0	10	0	0	0	0	0	0	0	40	0	7	0	30	0	3	0	10	0	0	0	0	0	0	0	0	0	0	10	0	0	0	0	0	0	0	40	0	11	0	30	0	13	18	15	1	0	0	21	1	0	0	0	0	0	0	0	3	6	0	0	0	0	10	0	1	0	0	0	4	0	45	0	23	12	45	3
128	118	19	16	35	108	9	0	17	19	16	35	9	0	51	17	31	0	70	30	98	9	0	7	9	0	17	9	0	34	7	29	0	34	7	19	16	35	2	0	0	21	1	0	0	26	9	0	51	17	31	0	70	30	88	8	0	0	9	0	7	9	0	14	0	29	0	14	0	9	0	17	2	0	0	0	1	0	0	0	9	0	34	7	29	0	34	7	19	16	35	0	0	0	0	3	8	0	20	2	0	0	21	1	0	0	26	9	0	51	17	31	0	70	30	78	8	0	0	8	0	0	9	0	0	0	26	0	0	0	9	0	7	2	0	0	0	1	0	0	0	9	0	14	0	29	0	14	0	9	0	17	0	0	0	0	0	0	0	0	2	0	0	0	1	0	0	0	9	0	34	7	29	0	34	7	18	16	35	1	0	0	0	1	0	0	0	0	0	0	0	3	8	0	20	2	0	0	21	1	0	0	26	9	0	51	17	29	0	70	30
91	84	7	0	10	77	0	0	0	7	0	10	0	0	5	0	2	0	0	3	70	0	0	0	0	0	0	0	0	0	0	0	0	0	0	7	0	10	0	0	0	0	0	0	0	0	0	0	5	0	2	0	0	3	63	0	0	0	0	0	0	0	0	0	0	0	0	0	0	0	0	0	0	0	0	0	0	0	0	0	0	0	0	0	0	0	0	0	7	0	10	0	0	0	0	2	0	0	0	0	0	0	0	0	0	0	0	0	0	5	0	2	0	0	3	56	0	0	0	0	0	0	0	0	0	0	0	0	0	0	0	0	0	0	0	0	0	0	0	0	0	0	0	0	0	0	0	0	0	0	0	0	0	0	0	0	0	0	0	0	0	0	0	0	0	0	0	0	0	0	0	0	0	0	0	0	7	0	10	0	0	0	0	0	0	0	0	0	0	0	0	2	0	0	0	0	0	0	0	0	0	0	0	0	0	5	0	2	0	0	3
90	83	6	6	7	76	0	0	0	6	6	7	0	0	5	0	2	0	7	3	69	0	0	0	0	0	0	0	0	0	0	0	0	0	0	6	6	7	0	0	0	0	0	0	0	0	0	0	5	0	2	0	7	3	62	0	0	0	0	0	0	0	0	0	0	0	0	0	0	0	0	0	0	0	0	0	0	0	0	0	0	0	0	0	0	0	0	0	6	6	7	0	0	0	0	2	0	0	0	0	0	0	0	0	0	0	0	0	0	5	0	2	0	7	3	55	0	0	0	0	0	0	0	0	0	0	0	0	0	0	0	0	0	0	0	0	0	0	0	0	0	0	0	0	0	0	0	0	0	0	0	0	0	0	0	0	0	0	0	0	0	0	0	0	0	0	0	0	0	0	0	0	0	0	0	0	6	6	7	0	0	0	0	0	0	0	0	0	0	0	0	2	0	0	0	0	0	0	0	0	0	0	0	0	0	5	0	2	0	7	3
52	48	4	0	2	44	0	0	0	4	0	2	0	0	0	0	2	0	0	0	40	0	0	0	0	0	0	0	0	0	0	0	0	0	0	4	0	2	0	0	0	0	0	0	0	0	0	0	0	0	2	0	0	0	36	0	0	0	0	0	0	0	0	0	0	0	0	0	0	0	0	0	0	0	0	0	0	0	0	0	0	0	0	0	0	0	0	0	4	0	2	0	0	0	0	1	0	0	0	0	0	0	0	0	0	0	0	0	0	0	0	2	0	0	0	32	0	0	0	0	0	0	0	0	0	0	0	0	0	0	0	0	0	0	0	0	0	0	0	0	0	0	0	0	0	0	0	0	0	0	0	0	0	0	0	0	0	0	0	0	0	0	0	0	0	0	0	0	0	0	0	0	0	0	0	0	4	0	2	0	0	0	0	0	0	0	0	0	0	0	0	1	0	0	0	0	0	0	0	0	0	0	0	0	0	0	0	2	0	0	0
171	156	46	63	47	141	18	22	46	46	63	47	16	49	26	10	113	185	188	0	126	13	9	46	18	22	46	9	9	25	10	50	57	184	0	46	63	47	2	36	36	0	1	9	47	0	16	49	26	10	113	185	188	0	111	9	0	46	13	9	46	5	0	25	10	39	27	184	0	18	22	46	2	0	36	0	0	0	46	0	9	9	25	10	50	57	184	0	42	63	47	3	0	31	0	3	0	47	0	2	36	36	0	1	9	47	0	16	49	26	10	101	185	188	0	96	7	0	43	9	0	46	3	0	25	10	28	0	184	0	13	9	46	0	0	36	0	0	0	46	0	5	0	25	10	39	27	184	0	14	22	46	0	0	31	0	0	0	46	0	2	0	36	0	0	0	46	0	9	9	25	10	38	57	184	0	40	63	47	4	0	10	24	6	14	0	0	3	0	31	0	3	0	47	0	2	36	36	0	1	9	47	0	14	49	26	10	95	185	188	0
156	143	23	0	87	130	16	0	59	23	0	87	17	0	11	57	71	0	0	57	117	15	0	41	16	0	59	13	0	10	27	48	0	0	27	23	0	87	6	0	0	26	2	0	0	30	17	0	11	57	71	0	0	57	104	12	0	28	15	0	41	12	0	10	17	46	0	0	17	16	0	59	2	0	0	7	1	0	0	7	13	0	10	27	48	0	0	27	23	0	87	0	0	11	21	0	0	0	26	6	0	0	26	2	0	0	30	17	0	11	57	71	0	0	57	91	12	0	18	12	0	28	12	0	10	10	37	0	0	10	15	0	41	2	0	0	0	1	0	0	0	12	0	10	17	46	0	0	17	16	0	59	0	0	11	0	0	0	0	0	2	0	0	7	1	0	0	7	13	0	10	27	48	0	0	27	21	0	87	1	0	0	24	3	0	0	20	0	0	11	21	0	0	0	26	6	0	0	26	2	0	0	30	17	0	11	57	67	0	0	57
134	122	31	21	57	110	12	21	40	31	21	57	15	0	11	29	93	74	0	50	98	11	21	38	12	21	40	11	0	10	27	37	74	0	27	31	21	57	6	0	0	17	3	0	0	0	15	0	11	29	93	74	0	50	86	9	11	28	11	21	38	10	0	10	17	35	74	0	17	12	21	40	2	0	0	7	1	0	0	0	11	0	10	27	37	74	0	27	31	21	57	3	0	11	21	3	0	57	26	6	0	0	17	3	0	0	0	15	0	11	29	93	74	0	50	74	8	10	18	9	11	28	10	0	10	10	29	44	0	10	11	21	38	2	0	0	0	1	0	0	0	10	0	10	17	35	74	0	17	12	21	40	0	0	11	0	0	0	40	0	2	0	0	7	1	0	0	0	11	0	10	27	37	74	0	27	25	21	57	3	10	0	24	3	10	0	20	3	0	11	21	3	0	57	26	6	0	0	17	3	0	0	0	15	0	11	29	78	74	0	50
106	97	21	14	28	88	5	0	21	21	14	28	5	0	11	10	54	42	56	15	79	4	0	21	5	0	21	1	0	10	10	15	0	42	10	21	14	28	4	0	0	0	2	0	0	0	5	0	11	10	54	42	56	15	70	1	0	21	4	0	21	0	0	10	10	13	0	42	10	5	0	21	0	0	0	0	0	0	0	0	1	0	10	10	15	0	42	10	21	14	28	0	0	11	0	0	0	0	0	4	0	0	0	2	0	0	0	5	0	11	10	54	42	56	15	61	1	0	18	1	0	21	0	0	10	10	4	0	42	10	4	0	21	0	0	0	0	0	0	0	0	0	0	10	10	13	0	42	10	5	0	21	0	0	11	0	0	0	0	0	0	0	0	0	0	0	0	0	1	0	10	10	15	0	42	10	21	14	28	1	0	0	24	3	0	0	0	0	0	11	0	0	0	0	0	4	0	0	0	2	0	0	0	5	0	11	10	54	42	56	15
91	83	32	15	0	75	10	0	0	32	15	0	12	0	0	0	68	48	0	0	67	8	0	0	10	0	0	3	0	0	0	30	0	0	0	32	15	0	4	0	0	0	1	3	0	0	12	0	0	0	68	48	0	0	59	6	0	0	8	0	0	2	0	0	0	25	0	0	0	10	0	0	0	0	0	0	0	0	0	0	3	0	0	0	30	0	0	0	28	15	0	0	0	0	0	0	0	0	0	4	0	0	0	1	3	0	0	12	0	0	0	56	48	0	0	51	6	0	0	6	0	0	2	0	0	0	19	0	0	0	8	0	0	0	0	0	0	0	0	0	0	2	0	0	0	25	0	0	0	6	0	0	0	0	0	0	0	0	0	0	0	0	0	0	0	0	0	0	3	0	0	0	18	0	0	0	27	15	0	1	0	0	0	3	0	0	0	0	0	0	0	0	0	0	0	4	0	0	0	1	3	0	0	10	0	0	0	53	48	0	0
146	130	49	88	14	114	12	46	2	49	88	14	6	61	13	0	95	236	70	47	98	10	39	2	12	46	2	3	26	4	0	31	138	10	46	43	88	14	0	0	11	0	0	0	14	0	6	61	13	0	89	236	70	47	84	10	39	2	10	39	2	3	26	4	0	27	117	10	46	12	46	2	0	0	2	0	0	0	2	0	3	26	4	0	31	138	10	46	33	60	14	3	0	0	0	3	0	0	0	0	0	11	0	0	0	14	0	6	61	13	0	66	152	70	47	71	9	39	2	10	39	2	3	26	4	0	27	117	10	46	10	39	2	0	0	2	0	0	0	2	0	3	26	4	0	27	117	10	46	5	20	2	0	0	0	0	0	0	0	0	0	0	2	0	0	0	2	0	3	26	4	0	14	60	10	46	31	47	14	3	0	0	0	7	12	0	0	3	0	0	0	3	0	0	0	0	0	11	0	0	0	14	0	4	35	13	0	60	113	70	47
103	92	32	32	14	81	9	18	2	32	32	14	10	0	13	0	56	54	28	47	70	6	18	2	9	18	2	2	0	4	0	24	54	4	46	26	32	14	0	0	11	0	0	0	0	0	10	0	13	0	50	54	28	47	61	6	18	2	6	18	2	2	0	4	0	17	54	4	46	9	18	2	0	0	2	0	0	0	0	0	2	0	4	0	24	54	4	46	21	14	14	0	0	0	0	0	0	0	0	0	0	11	0	0	0	0	0	10	0	13	0	36	0	28	47	52	6	18	2	6	18	2	2	0	4	0	17	54	4	46	6	18	2	0	0	2	0	0	0	0	0	2	0	4	0	17	54	4	46	4	0	2	0	0	0	0	0	0	0	0	0	0	2	0	0	0	0	0	2	0	4	0	10	0	4	46	20	14	14	0	0	0	0	2	0	0	0	0	0	0	0	0	0	0	0	0	0	11	0	0	0	0	0	8	0	13	0	33	0	28	47
96	87	27	18	5	78	10	0	2	27	18	5	9	0	4	0	54	12	15	0	69	8	0	2	10	0	2	2	0	4	0	27	0	6	0	27	18	5	0	0	2	0	0	0	0	0	9	0	4	0	54	12	15	0	60	8	0	2	8	0	2	2	0	4	0	23	0	6	0	10	0	2	0	0	2	0	0	0	0	0	2	0	4	0	27	0	6	0	20	18	5	0	0	0	0	0	0	0	0	0	0	2	0	0	0	0	0	9	0	4	0	34	12	15	0	51	8	0	2	8	0	2	2	0	4	0	23	0	6	0	8	0	2	0	0	2	0	0	0	0	0	2	0	4	0	23	0	6	0	3	0	2	0	0	0	0	0	0	0	0	0	0	2	0	0	0	0	0	2	0	4	0	7	0	6	0	19	18	5	0	0	0	0	2	0	0	0	0	0	0	0	0	0	0	0	0	0	2	0	0	0	0	0	7	0	4	0	31	12	15	0
161	146	31	44	56	131	7	0	31	31	44	56	8	0	42	59	55	66	224	75	116	5	0	30	7	0	31	2	0	31	55	21	0	124	67	31	44	56	0	0	9	10	0	0	0	0	8	0	42	59	55	66	224	75	101	5	0	30	5	0	30	2	0	31	55	15	0	120	67	7	0	31	0	0	0	10	0	0	0	0	2	0	31	55	21	0	124	67	27	44	56	0	0	0	0	0	0	0	0	0	0	9	10	0	0	0	0	8	0	42	59	43	66	224	75	86	5	0	30	5	0	30	2	0	31	55	15	0	120	67	5	0	30	0	0	0	10	0	0	0	0	2	0	31	55	15	0	120	67	3	0	31	0	0	0	0	0	0	0	0	0	0	0	10	0	0	0	0	2	0	31	55	9	0	124	67	26	44	56	0	0	0	0	5	0	0	0	0	0	0	0	0	0	0	0	0	0	9	10	0	0	0	0	6	0	42	59	40	66	224	75
97	88	22	14	19	79	7	0	0	22	14	19	8	0	9	0	42	0	38	75	70	5	0	0	7	0	0	2	0	0	0	21	0	0	67	22	14	19	0	0	9	0	0	0	0	0	8	0	9	0	42	0	38	75	61	5	0	0	5	0	0	2	0	0	0	15	0	0	67	7	0	0	0	0	0	0	0	0	0	0	2	0	0	0	21	0	0	67	18	14	19	0	0	0	0	0	0	0	0	0	0	9	0	0	0	0	0	8	0	9	0	30	0	38	75	52	5	0	0	5	0	0	2	0	0	0	15	0	0	67	5	0	0	0	0	0	0	0	0	0	0	2	0	0	0	15	0	0	67	3	0	0	0	0	0	0	0	0	0	0	0	0	0	0	0	0	0	0	2	0	0	0	9	0	0	67	17	14	19	0	0	0	0	2	0	0	0	0	0	0	0	0	0	0	0	0	0	9	0	0	0	0	0	6	0	9	0	27	0	38	75
100	90	16	0	49	80	8	0	7	16	0	49	2	0	12	11	42	0	0	108	70	8	0	7	8	0	7	2	0	2	11	23	0	0	37	16	0	49	0	0	0	0	0	0	0	0	2	0	12	11	42	0	0	108	60	8	0	7	8	0	7	2	0	2	11	23	0	0	36	8	0	7	0	0	0	0	0	0	0	0	2	0	2	11	23	0	0	37	9	0	49	0	0	0	0	0	0	0	0	0	0	0	0	0	0	0	0	2	0	12	11	22	0	0	108	50	8	0	7	8	0	7	2	0	2	11	23	0	0	36	8	0	7	0	0	0	0	0	0	0	0	2	0	2	11	23	0	0	36	1	0	7	0	0	0	0	0	0	0	0	0	0	0	0	0	0	0	0	2	0	2	11	3	0	0	37	8	0	49	0	0	0	0	4	0	0	0	0	0	0	0	0	0	0	0	0	0	0	0	0	0	0	0	0	0	12	11	19	0	0	108
115	101	50	65	24	87	18	33	14	50	65	24	9	22	31	6	127	159	120	14	73	18	33	14	18	33	14	9	22	21	6	54	66	70	2	47	65	24	0	0	0	0	0	0	0	0	9	22	31	6	124	159	120	14	61	18	33	14	18	33	14	9	22	21	6	54	66	70	2	18	33	14	0	0	0	0	0	0	0	0	9	22	21	6	54	66	70	2	34	41	24	7	0	0	0	11	0	0	0	0	0	0	0	0	0	0	0	9	22	31	6	93	123	120	14	50	16	33	14	18	33	14	9	22	21	6	54	66	70	2	18	33	14	0	0	0	0	0	0	0	0	9	22	21	6	54	66	70	2	8	11	14	0	0	0	0	0	0	0	0	0	0	0	0	0	0	0	0	9	22	21	6	29	33	70	2	28	30	24	11	0	0	0	9	12	0	0	7	0	0	0	11	0	0	0	0	0	0	0	0	0	0	0	3	0	31	6	73	90	120	14
116	104	35	32	31	92	12	0	13	35	32	31	9	0	35	0	96	80	124	70	80	11	0	12	12	0	13	7	0	28	0	36	0	52	33	35	32	31	0	0	11	10	0	0	0	0	9	0	35	0	96	80	124	70	68	11	0	12	11	0	12	7	0	26	0	34	0	48	32	12	0	13	0	0	11	10	0	0	0	0	7	0	28	0	36	0	52	33	31	32	31	7	0	0	0	8	0	0	0	0	0	11	10	0	0	0	0	9	0	35	0	87	80	124	70	56	9	0	12	11	0	12	7	0	26	0	34	0	48	32	11	0	12	0	0	10	10	0	0	0	0	7	0	26	0	34	0	48	32	8	0	13	0	0	0	0	0	0	0	0	0	0	11	10	0	0	0	0	7	0	28	0	27	0	52	33	26	32	31	11	0	0	0	8	16	0	0	7	0	0	0	8	0	0	0	0	0	11	10	0	0	0	0	5	0	35	0	71	80	124	70
120	108	13	0	69	96	5	0	29	13	0	69	2	0	16	14	35	0	0	108	84	5	0	28	5	0	29	2	0	9	13	15	0	0	37	13	0	69	0	0	0	8	0	0	0	0	2	0	16	14	35	0	0	108	72	5	0	28	5	0	28	2	0	9	13	15	0	0	36	5	0	29	0	0	0	8	0	0	0	0	2	0	9	13	15	0	0	37	9	0	69	0	0	0	0	0	0	0	0	0	0	0	8	0	0	0	0	2	0	16	14	23	0	0	108	60	5	0	28	5	0	28	2	0	9	13	15	0	0	36	5	0	28	0	0	0	8	0	0	0	0	2	0	9	13	15	0	0	36	1	0	29	0	0	0	0	0	0	0	0	0	0	0	8	0	0	0	0	2	0	9	13	3	0	0	37	8	0	69	0	0	0	0	4	0	0	0	0	0	0	0	0	0	0	0	0	0	0	8	0	0	0	0	0	0	16	14	20	0	0	108
138	124	28	24	73	110	9	0	43	28	24	73	7	0	51	50	73	60	146	75	96	8	0	32	9	0	43	5	0	40	13	24	0	86	35	28	24	73	0	0	11	18	0	0	0	47	7	0	51	50	73	60	146	75	82	8	0	32	8	0	32	5	0	29	13	22	0	64	34	9	0	43	0	0	11	18	0	0	0	46	5	0	40	13	24	0	86	35	24	24	73	3	0	0	0	5	0	0	0	0	0	11	18	0	0	0	47	7	0	51	50	64	60	146	75	68	7	0	32	8	0	32	5	0	29	13	22	0	64	34	8	0	32	0	0	10	18	0	0	0	46	5	0	29	13	22	0	64	34	5	0	43	0	0	0	0	0	0	0	0	0	0	11	18	0	0	0	46	5	0	40	13	15	0	86	35	21	24	73	3	0	0	0	9	12	0	0	3	0	0	0	5	0	0	0	0	0	11	18	0	0	0	47	3	0	51	50	55	60	146	75
116	103	34	12	46	90	18	0	27	34	12	46	9	0	0	24	91	24	46	55	77	18	0	24	18	0	27	9	0	0	18	51	0	27	27	34	12	46	0	0	0	6	1	0	0	0	9	0	0	24	91	24	46	55	64	18	0	24	18	0	24	9	0	0	18	51	0	24	26	18	0	27	0	0	0	6	0	0	0	0	9	0	0	18	51	0	27	27	24	12	46	7	0	0	0	11	0	0	0	0	0	0	6	1	0	0	0	9	0	0	24	69	24	46	55	51	16	0	24	18	0	24	9	0	0	18	51	0	24	26	18	0	24	0	0	0	6	0	0	0	0	9	0	0	18	51	0	24	26	8	0	27	0	0	0	0	0	0	0	0	0	0	0	6	0	0	0	0	9	0	0	18	29	0	27	27	18	12	46	11	0	0	0	4	0	0	0	7	0	0	0	11	0	0	0	0	0	0	6	1	0	0	0	3	0	0	24	49	24	46	55
126	110	51	77	39	94	16	39	24	51	77	39	11	26	6	7	126	262	156	55	78	16	39	24	16	39	24	11	26	6	7	47	156	96	27	50	77	39	8	0	0	0	4	0	0	0	11	26	6	7	125	262	156	55	62	13	35	24	16	39	24	11	26	6	7	47	156	96	26	15	39	24	1	0	0	0	0	0	0	0	11	26	6	7	46	156	96	27	38	77	39	5	36	0	0	9	27	0	0	8	0	0	0	4	0	0	0	10	26	6	7	101	262	156	55	48	11	18	24	13	35	24	9	18	6	7	33	136	96	26	15	39	24	1	0	0	0	0	0	0	0	11	26	6	7	46	156	96	26	10	39	24	0	0	0	0	0	0	0	0	1	0	0	0	0	0	0	0	10	26	6	7	38	156	96	27	27	49	39	3	72	0	0	3	9	39	0	5	36	0	0	9	27	0	0	7	0	0	0	4	0	0	0	3	26	6	7	66	164	156	55
112	99	37	40	17	86	12	0	10	37	40	17	7	0	0	2	89	120	85	24	73	12	0	10	12	0	10	7	0	0	2	42	0	50	14	37	40	17	7	0	0	0	5	0	0	0	7	0	0	2	89	120	85	24	60	9	0	10	12	0	10	7	0	0	2	42	0	50	14	12	0	10	0	0	0	0	0	0	0	0	7	0	0	2	42	0	50	14	35	40	17	9	0	0	0	8	24	0	0	7	0	0	0	5	0	0	0	7	0	0	2	86	120	85	24	47	6	0	10	9	0	10	5	0	0	2	28	0	50	14	12	0	10	0	0	0	0	0	0	0	0	7	0	0	2	42	0	50	14	10	0	10	0	0	0	0	0	0	0	0	0	0	0	0	0	0	0	0	7	0	0	2	39	0	50	14	30	40	17	11	0	0	0	3	8	0	0	9	0	0	0	8	24	0	0	7	0	0	0	5	0	0	0	5	0	0	2	70	120	85	24
106	94	29	20	53	82	11	0	22	29	20	53	7	0	13	42	81	40	106	128	70	11	0	22	11	0	22	7	0	11	42	37	0	44	70	29	20	53	4	0	0	0	2	0	0	0	7	0	13	42	81	40	106	128	58	9	0	21	11	0	22	7	0	11	40	37	0	44	58	11	0	22	0	0	0	0	0	0	0	0	7	0	11	42	37	0	44	70	27	20	53	9	0	0	10	9	20	0	0	4	0	0	0	2	0	0	0	7	0	13	42	78	40	106	128	46	6	0	21	9	0	21	5	0	10	40	28	0	42	58	11	0	22	0	0	0	0	0	0	0	0	7	0	11	40	37	0	44	58	9	0	22	0	0	0	10	0	0	0	0	0	0	0	0	0	0	0	0	7	0	11	42	34	0	44	70	22	20	53	11	0	0	0	3	10	0	0	9	0	0	10	9	20	0	0	4	0	0	0	2	0	0	0	5	0	13	42	62	40	106	128
150	132	45	72	100	114	15	32	66	45	72	100	8	16	43	70	121	206	300	128	96	15	32	55	15	32	66	8	16	41	31	52	112	198	70	45	72	100	7	0	0	36	3	0	0	14	8	16	43	70	121	206	300	128	78	12	29	31	15	32	55	8	16	41	20	52	112	165	58	15	32	66	0	0	0	0	0	0	0	2	8	16	41	31	52	112	198	70	38	72	100	9	39	0	54	10	39	0	104	7	0	0	36	3	0	0	14	8	16	43	70	106	206	300	128	61	8	13	31	12	29	31	6	13	40	20	38	100	93	58	15	32	55	0	0	0	0	0	0	0	2	8	16	41	20	52	112	165	58	11	32	66	0	0	0	54	0	0	0	86	0	0	0	0	0	0	0	2	8	16	41	31	43	112	198	70	29	55	100	8	39	20	0	4	13	100	0	9	39	0	54	10	39	0	104	7	0	0	36	3	0	0	14	4	16	43	70	80	155	300	128
90	78	30	35	37	66	9	11	6	30	35	37	8	0	0	6	76	87	111	156	54	8	8	6	9	11	6	5	0	0	6	36	55	18	100	30	35	37	4	24	0	0	5	8	0	0	8	0	0	6	76	87	111	156	42	4	0	6	8	8	6	5	0	0	6	31	40	18	89	9	11	6	0	0	0	0	0	0	0	0	5	0	0	6	36	55	18	100	30	35	37	2	0	22	0	0	0	37	0	4	24	0	0	5	8	0	0	8	0	0	6	76	87	111	156	30	0	0	6	4	0	6	0	0	0	6	13	0	18	65	8	8	6	0	0	0	0	0	0	0	0	5	0	0	6	31	40	18	89	9	11	6	0	0	0	0	0	0	6	0	0	0	0	0	0	0	0	0	5	0	0	6	36	55	18	100	21	35	37	0	0	31	0	0	0	0	0	2	0	22	0	0	0	37	0	4	24	0	0	5	8	0	0	8	0	0	6	48	87	111	156
110	96	27	24	88	82	11	0	33	27	24	88	8	0	0	36	71	36	176	255	68	10	0	31	11	0	33	5	0	0	32	45	0	66	149	27	24	88	7	0	0	22	5	12	0	0	8	0	0	36	71	36	176	255	54	4	0	31	10	0	31	5	0	0	32	40	0	62	135	11	0	33	0	0	0	22	0	0	0	0	5	0	0	32	45	0	66	149	27	24	88	2	0	33	0	0	0	0	0	7	0	0	22	5	12	0	0	8	0	0	36	71	36	176	255	40	0	0	30	4	0	31	0	0	0	30	13	0	62	110	10	0	31	0	0	0	20	0	0	0	0	5	0	0	32	40	0	62	135	11	0	33	0	0	10	0	0	0	0	0	0	0	0	22	0	0	0	0	5	0	0	32	45	0	66	149	23	24	88	0	0	31	10	0	0	0	0	2	0	33	0	0	0	0	0	7	0	0	22	5	12	0	0	8	0	0	36	58	36	176	255
108	93	40	58	61	78	10	36	20	40	58	61	8	24	10	10	99	190	122	209	63	8	32	20	10	36	20	4	24	10	10	40	144	40	122	40	58	61	4	40	10	0	6	10	0	0	8	24	10	10	99	190	122	209	48	3	10	20	8	32	20	3	20	10	10	32	126	40	111	10	36	20	0	0	10	0	0	0	0	0	4	24	10	10	40	144	40	122	37	58	61	0	20	43	0	0	0	122	0	4	40	10	0	6	10	0	0	8	24	10	10	93	190	122	209	34	0	0	20	3	10	20	0	0	10	10	10	30	40	86	8	32	20	0	0	10	0	0	0	0	0	3	20	10	10	32	126	40	111	10	36	20	0	0	20	0	0	0	40	0	0	0	10	0	0	0	0	0	4	24	10	10	40	144	40	122	25	44	61	0	0	31	0	0	0	61	0	0	20	43	0	0	0	122	0	4	40	10	0	6	10	0	0	8	24	10	10	58	148	122	209
116	101	37	44	62	86	14	0	53	37	44	62	20	0	50	10	77	66	248	17	71	7	0	53	14	0	53	7	0	50	10	42	0	212	10	37	44	62	10	0	46	0	8	11	0	0	20	0	50	10	77	66	248	17	56	1	0	53	7	0	53	2	0	50	10	28	0	212	10	14	0	53	0	0	46	0	1	0	0	0	7	0	50	10	42	0	212	10	37	44	62	2	0	28	0	0	0	0	0	10	0	46	0	8	11	0	0	20	0	50	10	77	66	248	17	41	0	0	53	1	0	53	0	0	50	10	3	0	212	10	7	0	53	0	0	46	0	0	0	0	0	2	0	50	10	28	0	212	10	14	0	53	0	0	27	0	0	0	0	0	0	0	46	0	1	0	0	0	7	0	50	10	42	0	212	10	36	44	62	0	0	0	0	0	0	0	0	2	0	28	0	0	0	0	0	10	0	46	0	8	11	0	0	20	0	50	10	74	66	248	17
84	73	27	28	26	62	8	0	9	27	28	26	7	0	18	0	59	42	104	56	51	7	0	9	8	0	9	4	0	18	0	34	0	36	34	27	28	26	7	0	0	0	5	7	0	0	7	0	18	0	59	42	104	56	40	3	0	9	7	0	9	4	0	18	0	29	0	36	34	8	0	9	0	0	0	0	0	0	0	0	4	0	18	0	34	0	36	34	27	28	26	2	0	9	0	0	0	0	0	7	0	0	0	5	7	0	0	7	0	18	0	59	42	104	56	29	0	0	9	3	0	9	0	0	18	0	10	0	36	34	7	0	9	0	0	0	0	0	0	0	0	4	0	18	0	29	0	36	34	8	0	9	0	0	0	0	0	0	0	0	0	0	0	0	0	0	0	0	4	0	18	0	34	0	36	34	24	28	26	0	0	18	0	0	0	0	0	2	0	9	0	0	0	0	0	7	0	0	0	5	7	0	0	7	0	18	0	49	42	104	56
63	54	10	0	49	45	2	0	9	10	0	49	3	0	0	18	16	0	0	213	36	0	0	9	2	0	9	0	0	0	18	10	0	0	101	10	0	49	0	0	8	0	1	0	0	0	3	0	0	18	16	0	0	213	27	0	0	9	0	0	9	0	0	0	18	0	0	0	99	2	0	9	0	0	0	0	0	0	0	0	0	0	0	18	10	0	0	101	10	0	49	0	0	0	0	0	0	0	0	0	0	8	0	1	0	0	0	3	0	0	18	16	0	0	213	18	0	0	9	0	0	9	0	0	0	18	0	0	0	99	0	0	9	0	0	0	0	0	0	0	0	0	0	0	18	0	0	0	99	2	0	9	0	0	0	0	0	0	0	0	0	0	0	0	0	0	0	0	0	0	0	18	10	0	0	101	10	0	49	0	0	0	0	0	0	0	0	0	0	0	0	0	0	0	0	0	0	8	0	1	0	0	0	3	0	0	18	16	0	0	213
82	70	16	20	53	58	2	0	31	16	20	53	7	0	62	33	23	0	106	88	46	0	0	31	2	0	31	0	0	57	33	8	0	62	62	16	20	53	0	0	8	0	2	0	0	0	7	0	62	33	23	0	106	88	34	0	0	31	0	0	31	0	0	57	33	0	0	62	62	2	0	31	0	0	7	0	0	0	0	0	0	0	57	33	8	0	62	62	16	20	53	0	0	0	0	0	0	0	0	0	0	8	0	2	0	0	0	7	0	62	33	23	0	106	88	22	0	0	31	0	0	31	0	0	57	33	0	0	62	62	0	0	31	0	0	7	0	0	0	0	0	0	0	57	33	0	0	62	62	2	0	31	0	0	0	0	0	0	0	0	0	0	7	0	0	0	0	0	0	0	57	33	8	0	62	62	16	20	53	0	0	0	0	0	0	0	0	0	0	0	0	0	0	0	0	0	0	8	0	2	0	0	0	7	0	62	33	23	0	106	88
100	85	28	47	68	70	7	11	17	28	47	68	10	33	44	27	68	136	204	274	55	1	0	17	7	11	17	2	0	38	27	25	55	51	121	28	47	68	0	0	48	0	1	11	68	0	10	33	44	27	68	136	204	274	40	0	0	17	1	0	17	0	0	38	27	3	0	51	119	7	11	17	0	0	17	0	0	0	17	0	2	0	38	27	25	55	51	121	28	47	68	0	0	10	0	0	0	0	0	0	0	48	0	1	11	68	0	10	33	44	27	68	136	204	274	25	0	0	17	0	0	17	0	0	38	27	0	0	51	119	1	0	17	0	0	17	0	0	0	17	0	0	0	38	27	3	0	51	119	7	11	17	0	0	0	0	0	0	0	0	0	0	17	0	0	0	17	0	2	0	38	27	25	55	51	121	21	47	68	0	0	0	0	0	0	0	0	0	0	10	0	0	0	0	0	0	0	48	0	1	11	68	0	10	33	44	27	49	136	204	274
62	53	12	8	36	44	5	0	0	12	8	36	5	0	0	0	28	0	36	186	35	1	0	0	5	0	0	2	0	0	0	22	0	0	88	12	8	36	0	0	28	0	1	0	0	0	5	0	0	0	28	0	36	186	26	0	0	0	1	0	0	0	0	0	0	3	0	0	88	5	0	0	0	0	0	0	0	0	0	0	2	0	0	0	22	0	0	88	12	8	36	0	0	10	0	0	0	0	0	0	0	28	0	1	0	0	0	5	0	0	0	28	0	36	186	17	0	0	0	0	0	0	0	0	0	0	0	0	0	88	1	0	0	0	0	0	0	0	0	0	0	0	0	0	0	3	0	0	88	5	0	0	0	0	0	0	0	0	0	0	0	0	0	0	0	0	0	0	2	0	0	0	22	0	0	88	11	8	36	0	0	0	0	0	0	0	0	0	0	10	0	0	0	0	0	0	0	28	0	1	0	0	0	5	0	0	0	25	0	36	186
40	34	7	8	0	28	1	0	0	7	8	0	3	0	0	0	11	0	0	0	22	0	0	0	1	0	0	0	0	0	0	5	0	0	0	7	8	0	0	0	0	0	1	0	0	0	3	0	0	0	11	0	0	0	16	0	0	0	0	0	0	0	0	0	0	0	0	0	0	1	0	0	0	0	0	0	0	0	0	0	0	0	0	0	5	0	0	0	7	8	0	0	0	0	0	0	0	0	0	0	0	0	0	1	0	0	0	3	0	0	0	11	0	0	0	10	0	0	0	0	0	0	0	0	0	0	0	0	0	0	0	0	0	0	0	0	0	0	0	0	0	0	0	0	0	0	0	0	0	1	0	0	0	0	0	0	0	0	0	0	0	0	0	0	0	0	0	0	0	0	0	0	5	0	0	0	7	8	0	0	0	0	0	0	0	0	0	0	0	0	0	0	0	0	0	0	0	0	0	1	0	0	0	3	0	0	0	11	0	0	0
58	47	37	38	24	36	7	10	24	37	38	24	20	40	38	0	104	115	96	0	25	1	0	24	7	10	24	4	0	38	0	20	25	96	0	37	38	24	3	0	38	0	0	0	48	0	20	40	38	0	104	115	96	0	14	0	0	24	1	0	24	0	0	38	0	3	0	96	0	7	10	24	0	0	38	0	0	0	48	0	4	0	38	0	20	25	96	0	31	38	24	0	0	7	0	0	0	0	0	3	0	38	0	0	0	48	0	20	40	38	0	90	115	96	0	5	0	0	24	0	0	24	0	0	38	0	0	0	96	0	1	0	24	0	0	38	0	0	0	48	0	0	0	38	0	3	0	96	0	6	10	24	0	0	7	0	0	0	0	0	0	0	38	0	0	0	48	0	4	0	38	0	17	25	96	0	11	20	24	0	0	0	0	0	0	0	0	0	0	7	0	0	0	0	0	3	0	38	0	0	0	48	0	16	40	38	0	36	70	96	0
42	35	4	0	42	28	0	0	24	4	0	42	0	0	10	32	13	0	0	53	21	0	0	22	0	0	24	0	0	8	29	0	0	0	31	4	0	42	0	0	0	15	0	0	0	0	0	0	10	32	13	0	0	53	14	0	0	22	0	0	22	0	0	7	29	0	0	0	31	0	0	24	0	0	0	15	0	0	0	0	0	0	8	29	0	0	0	31	4	0	42	0	0	0	0	0	0	0	0	0	0	0	15	0	0	0	0	0	0	10	32	13	0	0	53	7	0	0	22	0	0	22	0	0	7	29	0	0	0	31	0	0	22	0	0	0	15	0	0	0	0	0	0	7	29	0	0	0	31	0	0	24	0	0	0	0	0	0	0	0	0	0	0	15	0	0	0	0	0	0	8	29	0	0	0	31	4	0	42	0	0	0	0	0	0	0	0	0	0	0	0	0	0	0	0	0	0	0	15	0	0	0	0	0	0	10	32	13	0	0	53
75	62	30	30	60	49	4	0	45	30	30	60	14	0	88	35	87	100	180	68	36	0	0	42	4	0	45	0	0	74	31	8	0	135	17	30	30	60	0	0	11	27	0	0	0	0	14	0	88	35	87	100	180	68	23	0	0	42	0	0	42	0	0	71	31	0	0	126	17	4	0	45	0	0	11	27	0	0	0	0	0	0	74	31	8	0	135	17	30	30	60	0	0	0	0	0	0	0	0	0	0	11	27	0	0	0	0	14	0	88	35	87	100	180	68	10	0	0	42	0	0	42	0	0	71	31	0	0	126	17	0	0	42	0	0	11	27	0	0	0	0	0	0	71	31	0	0	126	17	4	0	45	0	0	0	0	0	0	0	0	0	0	11	27	0	0	0	0	0	0	74	31	8	0	135	17	16	30	60	0	0	0	0	0	0	0	0	0	0	0	0	0	0	0	0	0	0	11	27	0	0	0	0	14	0	88	35	55	100	180	68
54	45	9	0	51	36	1	0	15	9	0	51	3	0	21	23	28	0	0	157	27	0	0	14	1	0	15	0	0	8	21	1	0	0	48	9	0	51	0	0	0	7	0	0	0	0	3	0	21	23	28	0	0	157	18	0	0	14	0	0	14	0	0	7	21	0	0	0	48	1	0	15	0	0	0	7	0	0	0	0	0	0	8	21	1	0	0	48	9	0	51	0	0	0	0	0	0	0	0	0	0	0	7	0	0	0	0	3	0	21	23	28	0	0	157	9	0	0	14	0	0	14	0	0	7	21	0	0	0	48	0	0	14	0	0	0	7	0	0	0	0	0	0	7	21	0	0	0	48	1	0	15	0	0	0	0	0	0	0	0	0	0	0	7	0	0	0	0	0	0	8	21	1	0	0	48	8	0	51	0	0	0	0	0	0	0	0	0	0	0	0	0	0	0	0	0	0	0	7	0	0	0	0	3	0	21	23	27	0	0	157
55	45	25	27	32	35	3	6	19	25	27	32	11	18	54	16	72	63	96	68	25	0	0	18	3	6	19	0	0	41	14	7	6	57	17	25	27	32	0	0	11	7	0	0	32	0	11	18	54	16	72	63	96	68	15	0	0	18	0	0	18	0	0	40	14	0	0	54	17	3	6	19	0	0	11	7	0	0	19	0	0	0	41	14	7	6	57	17	24	27	32	0	0	0	0	0	0	0	0	0	0	11	7	0	0	32	0	11	18	54	16	71	63	96	68	6	0	0	18	0	0	18	0	0	40	14	0	0	54	17	0	0	18	0	0	11	7	0	0	18	0	0	0	40	14	0	0	54	17	3	6	19	0	0	0	0	0	0	0	0	0	0	11	7	0	0	19	0	0	0	41	14	7	6	57	17	12	18	32	0	0	0	0	0	0	0	0	0	0	0	0	0	0	0	0	0	0	11	7	0	0	32	0	11	18	54	16	42	54	96	68
52	41	24	24	45	30	1	0	31	24	24	45	4	0	66	24	60	64	135	56	19	0	0	31	1	0	31	0	0	45	24	3	0	93	43	24	24	45	0	0	8	0	0	0	0	0	4	0	66	24	60	64	135	56	8	0	0	31	0	0	31	0	0	45	24	0	0	93	42	1	0	31	0	0	7	0	0	0	0	0	0	0	45	24	3	0	93	43	15	24	45	0	0	0	0	0	0	0	0	0	0	8	0	0	0	0	0	4	0	66	24	38	64	135	56	0	0	0	31	0	0	31	0	0	45	24	0	0	93	42	0	0	31	0	0	7	0	0	0	0	0	0	0	45	24	0	0	93	42	0	0	31	0	0	0	0	0	0	0	0	0	0	7	0	0	0	0	0	0	0	45	24	0	0	93	43	0	0	45	0	0	0	0	0	0	0	0	0	0	0	0	0	0	0	0	0	0	8	0	0	0	0	0	0	0	66	24	0	0	135	56
67	53	29	33	61	39	1	0	36	29	33	61	4	0	72	36	70	88	183	116	25	0	0	36	1	0	36	0	0	50	36	3	0	108	88	29	33	61	0	0	8	0	0	0	0	0	4	0	72	36	70	88	183	116	11	0	0	36	0	0	36	0	0	50	36	0	0	108	84	1	0	36	0	0	7	0	0	0	0	0	0	0	50	36	3	0	108	88	20	33	61	0	0	0	0	0	0	0	0	0	0	8	0	0	0	0	0	4	0	72	36	48	88	183	116	0	0	0	36	0	0	36	0	0	50	36	0	0	108	84	0	0	36	0	0	7	0	0	0	0	0	0	0	50	36	0	0	108	84	0	0	36	0	0	0	0	0	0	0	0	0	0	7	0	0	0	0	0	0	0	50	36	0	0	108	88	0	0	61	0	0	0	0	0	0	0	0	0	0	0	0	0	0	0	0	0	0	8	0	0	0	0	0	0	0	72	36	0	0	183	116
60	47	32	40	63	34	1	0	54	32	40	63	4	0	80	40	81	120	315	24	21	0	0	38	1	0	54	0	0	66	7	3	0	270	24	32	40	63	0	0	8	44	0	0	0	68	4	0	80	40	81	120	315	24	8	0	0	16	0	0	38	0	0	64	7	0	0	190	24	1	0	54	0	0	7	0	0	0	0	17	0	0	66	7	3	0	270	24	16	40	63	0	0	0	36	0	0	0	98	0	0	8	44	0	0	0	68	4	0	80	40	43	120	315	24	0	0	0	7	0	0	16	0	0	46	7	0	0	80	24	0	0	38	0	0	7	0	0	0	0	17	0	0	64	7	0	0	190	24	0	0	54	0	0	0	0	0	0	0	26	0	0	7	0	0	0	0	17	0	0	66	7	0	0	270	24	0	0	63	0	0	0	0	0	0	0	39	0	0	0	36	0	0	0	98	0	0	8	44	0	0	0	68	0	0	80	40	0	0	315	24
76	60	24	48	112	44	0	0	98	24	48	112	0	0	41	42	57	120	448	60	28	0	0	95	0	0	98	0	0	39	41	0	0	392	45	24	48	112	0	0	0	32	0	0	0	0	0	0	41	42	57	120	448	60	12	0	0	77	0	0	95	0	0	37	39	0	0	380	42	0	0	98	0	0	0	10	0	0	0	0	0	0	39	41	0	0	392	45	14	48	112	0	0	0	92	0	0	0	61	0	0	0	32	0	0	0	0	0	0	41	42	37	120	448	60	0	0	0	62	0	0	77	0	0	24	39	0	0	308	42	0	0	95	0	0	0	10	0	0	0	0	0	0	37	39	0	0	380	42	0	0	98	0	0	0	50	0	0	0	20	0	0	0	10	0	0	0	0	0	0	39	41	0	0	392	45	0	0	112	0	0	0	20	0	0	0	100	0	0	0	92	0	0	0	61	0	0	0	32	0	0	0	0	0	0	41	42	0	0	448	60
67	53	26	33	63	39	0	0	35	26	33	63	0	0	36	69	61	66	189	116	25	0	0	33	0	0	35	0	0	18	61	0	0	105	88	26	33	63	0	0	0	16	0	0	0	0	0	0	36	69	61	66	189	116	11	0	0	32	0	0	33	0	0	18	57	0	0	99	84	0	0	35	0	0	0	14	0	0	0	0	0	0	18	61	0	0	105	88	20	33	63	0	0	0	7	0	0	0	0	0	0	0	16	0	0	0	0	0	0	36	69	51	66	189	116	0	0	0	32	0	0	32	0	0	18	57	0	0	96	84	0	0	33	0	0	0	14	0	0	0	0	0	0	18	57	0	0	99	84	0	0	35	0	0	0	7	0	0	0	0	0	0	0	14	0	0	0	0	0	0	18	61	0	0	105	88	0	0	63	0	0	0	0	0	0	0	0	0	0	0	7	0	0	0	0	0	0	0	16	0	0	0	0	0	0	36	69	0	0	189	116
61	45	24	39	110	29	0	0	75	24	39	110	0	0	68	53	47	78	330	238	13	0	0	75	0	0	75	0	0	68	53	0	0	225	187	18	39	110	0	0	0	0	0	0	0	0	0	0	68	53	41	78	330	238	0	0	0	73	0	0	75	0	0	68	49	0	0	225	166	0	0	75	0	0	0	0	0	0	0	0	0	0	68	53	0	0	225	187	0	0	110	0	0	0	20	0	0	0	0	0	0	0	0	0	0	0	0	0	0	68	53	0	0	330	238	0	0	0	56	0	0	73	0	0	68	22	0	0	219	125	0	0	75	0	0	0	0	0	0	0	0	0	0	68	49	0	0	225	166	0	0	75	0	0	0	0	0	0	0	0	0	0	0	0	0	0	0	0	0	0	68	53	0	0	225	187	0	0	0	0	0	0	75	0	0	0	61	0	0	0	20	0	0	0	0	0	0	0	0	0	0	0	0	0	0	0	53	0	0	0	238
68	50	30	56	111	32	2	0	82	30	56	111	3	0	78	68	52	140	444	175	14	0	0	75	2	0	82	0	0	75	44	2	0	328	152	18	56	111	0	0	24	17	0	0	0	24	3	0	78	68	40	140	444	175	0	0	0	75	0	0	75	0	0	74	44	0	0	300	133	0	0	82	0	0	24	17	0	0	0	24	0	0	75	44	0	0	328	152	0	0	111	0	0	0	0	0	0	0	0	0	0	24	17	0	0	0	24	0	0	78	68	0	0	444	175	0	0	0	71	0	0	75	0	0	74	40	0	0	300	93	0	0	75	0	0	24	17	0	0	0	24	0	0	74	44	0	0	300	133	0	0	82	0	0	0	0	0	0	0	0	0	0	24	17	0	0	0	24	0	0	75	44	0	0	328	152	0	0	0	0	0	0	36	0	0	0	0	0	0	0	0	0	0	0	0	0	0	0	17	0	0	0	24	0	0	0	68	0	0	0	175
51	38	16	12	79	25	0	0	19	16	12	79	0	0	11	62	38	12	79	344	12	0	0	7	0	0	19	0	0	8	21	0	0	19	254	15	12	79	0	0	0	7	0	0	0	56	0	0	11	62	37	12	79	344	0	0	0	7	0	0	7	0	0	7	21	0	0	7	233	0	0	19	0	0	0	7	0	0	0	43	0	0	8	21	0	0	19	254	0	0	79	0	0	0	0	0	0	0	0	0	0	0	7	0	0	0	56	0	0	11	62	0	0	79	344	0	0	0	7	0	0	7	0	0	7	21	0	0	7	192	0	0	7	0	0	0	7	0	0	0	42	0	0	7	21	0	0	7	233	0	0	19	0	0	0	0	0	0	0	0	0	0	0	7	0	0	0	43	0	0	8	21	0	0	19	254	0	0	0	0	0	0	0	0	0	0	0	0	0	0	0	0	0	0	0	0	0	0	7	0	0	0	56	0	0	0	62	0	0	0	344
58	43	17	26	92	28	0	0	32	17	26	92	0	0	11	88	38	39	184	344	13	0	0	29	0	0	32	0	0	8	79	0	0	64	254	14	26	92	0	0	0	29	0	0	0	0	0	0	11	88	35	39	184	344	0	0	0	29	0	0	29	0	0	7	79	0	0	58	233	0	0	32	0	0	0	29	0	0	0	0	0	0	8	79	0	0	64	254	0	0	92	0	0	0	0	0	0	0	0	0	0	0	29	0	0	0	0	0	0	11	88	0	0	184	344	0	0	0	29	0	0	29	0	0	7	79	0	0	58	192	0	0	29	0	0	0	29	0	0	0	0	0	0	7	79	0	0	58	233	0	0	32	0	0	0	0	0	0	0	0	0	0	0	29	0	0	0	0	0	0	8	79	0	0	64	254	0	0	0	0	0	0	0	0	0	0	0	0	0	0	0	0	0	0	0	0	0	0	29	0	0	0	0	0	0	0	88	0	0	0	344
51	37	29	45	50	23	1	0	20	29	45	50	2	0	35	24	44	135	250	169	9	0	0	19	1	0	20	0	0	32	21	1	0	100	121	13	45	50	0	0	12	7	0	0	0	0	2	0	35	24	28	135	250	169	0	0	0	19	0	0	19	0	0	31	21	0	0	95	105	0	0	20	0	0	12	7	0	0	0	0	0	0	32	21	0	0	100	121	0	0	50	0	0	0	0	0	0	0	0	0	0	12	7	0	0	0	0	0	0	35	24	0	0	250	169	0	0	0	19	0	0	19	0	0	31	21	0	0	95	83	0	0	19	0	0	12	7	0	0	0	0	0	0	31	21	0	0	95	105	0	0	20	0	0	0	0	0	0	0	0	0	0	12	7	0	0	0	0	0	0	32	21	0	0	100	121	0	0	0	0	0	0	0	0	0	0	0	0	0	0	0	0	0	0	0	0	0	0	7	0	0	0	0	0	0	0	24	0	0	0	169
47	31	15	15	123	15	0	0	58	14	15	123	0	0	0	44	14	15	123	442	0	0	0	58	0	0	58	0	0	0	44	0	0	58	228	0	0	123	0	0	0	0	0	0	0	0	0	0	0	44	0	0	123	442	0	0	0	58	0	0	58	0	0	0	44	0	0	58	205	0	0	58	0	0	0	0	0	0	0	0	0	0	0	44	0	0	58	228	0	0	0	0	0	0	0	0	0	0	0	0	0	0	0	0	0	0	0	0	0	0	44	0	0	0	442	0	0	0	58	0	0	58	0	0	0	44	0	0	58	203	0	0	58	0	0	0	0	0	0	0	0	0	0	0	44	0	0	58	205	0	0	0	0	0	0	0	0	0	0	0	0	0	0	0	0	0	0	0	0	0	0	44	0	0	0	228	0	0	0	0	0	0	0	0	0	0	0	0	0	0	0	0	0	0	0	0	0	0	0	0	0	0	0	0	0	0	0	0	0	0	0
55	36	20	34	144	17	0	0	88	18	34	144	0	0	52	78	18	34	288	363	0	0	0	88	0	0	88	0	0	49	78	0	0	176	209	0	0	144	0	0	0	0	0	0	0	0	0	0	52	78	0	0	288	363	0	0	0	88	0	0	88	0	0	49	78	0	0	176	198	0	0	88	0	0	0	0	0	0	0	0	0	0	49	78	0	0	176	209	0	0	0	0	0	0	0	0	0	0	0	0	0	0	0	0	0	0	0	0	0	0	78	0	0	0	363	0	0	0	88	0	0	88	0	0	49	78	0	0	176	196	0	0	88	0	0	0	0	0	0	0	0	0	0	49	78	0	0	176	198	0	0	0	0	0	0	0	0	0	0	0	0	0	0	0	0	0	0	0	0	0	0	78	0	0	0	209	0	0	0	0	0	0	0	0	0	0	0	0	0	0	0	0	0	0	0	0	0	0	0	0	0	0	0	0	0	0	0	0	0	0	0
40	25	17	50	55	10	0	0	45	12	50	55	0	0	16	13	12	50	275	50	0	0	0	45	0	0	45	0	0	16	13	0	0	225	20	0	0	55	0	0	0	0	0	0	0	0	0	0	16	13	0	0	275	50	0	0	0	45	0	0	45	0	0	16	13	0	0	225	19	0	0	45	0	0	0	0	0	0	0	0	0	0	16	13	0	0	225	20	0	0	0	0	0	0	0	0	0	0	0	0	0	0	0	0	0	0	0	0	0	0	13	0	0	0	50	0	0	0	45	0	0	45	0	0	16	13	0	0	225	19	0	0	45	0	0	0	0	0	0	0	0	0	0	16	13	0	0	225	19	0	0	0	0	0	0	0	0	0	0	0	0	0	0	0	0	0	0	0	0	0	0	13	0	0	0	20	0	0	0	0	0	0	0	0	0	0	0	0	0	0	0	0	0	0	0	0	0	0	0	0	0	0	0	0	0	0	0	0	0	0	0
42	27	19	36	88	12	0	0	46	16	36	88	0	0	40	68	16	36	264	271	0	0	0	43	0	0	46	0	0	38	56	0	0	138	177	0	0	88	0	0	0	24	0	0	0	0	0	0	40	68	0	0	264	271	0	0	0	42	0	0	43	0	0	38	52	0	0	129	169	0	0	46	0	0	0	21	0	0	0	0	0	0	38	56	0	0	138	177	0	0	0	0	0	0	7	0	0	0	0	0	0	0	24	0	0	0	0	0	0	0	68	0	0	0	271	0	0	0	42	0	0	42	0	0	38	52	0	0	126	167	0	0	43	0	0	0	21	0	0	0	0	0	0	38	52	0	0	129	169	0	0	0	0	0	0	7	0	0	0	0	0	0	0	21	0	0	0	0	0	0	0	56	0	0	0	177	0	0	0	0	0	0	0	0	0	0	0	0	0	0	7	0	0	0	0	0	0	0	24	0	0	0	0	0	0	0	0	0	0	0	0
26	16	15	24	23	6	0	0	0	11	24	23	0	0	0	0	11	24	92	161	0	0	0	0	0	0	0	0	0	0	0	0	0	0	102	0	0	23	0	0	0	0	0	0	0	0	0	0	0	0	0	0	92	161	0	0	0	0	0	0	0	0	0	0	0	0	0	0	94	0	0	0	0	0	0	0	0	0	0	0	0	0	0	0	0	0	0	102	0	0	0	0	0	0	0	0	0	0	0	0	0	0	0	0	0	0	0	0	0	0	0	0	0	0	161	0	0	0	0	0	0	0	0	0	0	0	0	0	0	94	0	0	0	0	0	0	0	0	0	0	0	0	0	0	0	0	0	0	94	0	0	0	0	0	0	0	0	0	0	0	0	0	0	0	0	0	0	0	0	0	0	0	0	0	0	102	0	0	0	0	0	0	0	0	0	0	0	0	0	0	0	0	0	0	0	0	0	0	0	0	0	0	0	0	0	0	0	0	0	0	0
35	17	4	17	157	0	0	0	90	0	0	157	0	0	0	76	0	0	157	433	0	0	0	87	0	0	90	0	0	0	71	0	0	90	237	0	0	0	0	0	0	36	0	0	0	0	0	0	0	76	0	0	0	433	0	0	0	87	0	0	87	0	0	0	71	0	0	87	234	0	0	0	0	0	0	36	0	0	0	0	0	0	0	71	0	0	0	237	0	0	0	0	0	0	0	0	0	0	0	0	0	0	36	0	0	0	0	0	0	0	0	0	0	0	0	0	0	0	87	0	0	87	0	0	0	71	0	0	87	233	0	0	0	0	0	0	36	0	0	0	0	0	0	0	71	0	0	0	234	0	0	0	0	0	0	0	0	0	0	0	0	0	0	36	0	0	0	0	0	0	0	0	0	0	0	0	0	0	0	0	0	0	0	0	0	0	0	0	0	0	0	0	0	0	0	0	0	0	0	0	0	0	0	0	0	0	0	0	0	0	0
19	9	4	9	47	0	0	0	29	0	0	47	0	0	0	16	0	0	47	78	0	0	0	29	0	0	29	0	0	0	16	0	0	29	45	0	0	0	0	0	0	0	0	0	0	0	0	0	0	16	0	0	0	78	0	0	0	29	0	0	29	0	0	0	16	0	0	29	45	0	0	0	0	0	0	0	0	0	0	0	0	0	0	16	0	0	0	45	0	0	0	0	0	0	0	0	0	0	0	0	0	0	0	0	0	0	0	0	0	0	0	0	0	0	0	0	0	0	29	0	0	29	0	0	0	16	0	0	29	45	0	0	0	0	0	0	0	0	0	0	0	0	0	0	16	0	0	0	45	0	0	0	0	0	0	0	0	0	0	0	0	0	0	0	0	0	0	0	0	0	0	0	0	0	0	0	0	0	0	0	0	0	0	0	0	0	0	0	0	0	0	0	0	0	0	0	0	0	0	0	0	0	0	0	0	0	0	0	0	0	0
25	12	4	12	83	0	0	0	36	0	0	83	0	0	0	16	0	0	83	310	0	0	0	36	0	0	36	0	0	0	16	0	0	36	179	0	0	0	0	0	0	0	0	0	0	0	0	0	0	16	0	0	0	310	0	0	0	36	0	0	36	0	0	0	16	0	0	36	176	0	0	0	0	0	0	0	0	0	0	0	0	0	0	16	0	0	0	179	0	0	0	0	0	0	0	0	0	0	0	0	0	0	0	0	0	0	0	0	0	0	0	0	0	0	0	0	0	0	36	0	0	36	0	0	0	16	0	0	36	175	0	0	0	0	0	0	0	0	0	0	0	0	0	0	16	0	0	0	176	0	0	0	0	0	0	0	0	0	0	0	0	0	0	0	0	0	0	0	0	0	0	0	0	0	0	0	0	0	0	0	0	0	0	0	0	0	0	0	0	0	0	0	0	0	0	0	0	0	0	0	0	0	0	0	0	0	0	0	0	0	0
15	7	4	7	30	0	0	0	20	0	0	30	0	0	0	0	0	0	30	55	0	0	0	20	0	0	20	0	0	0	0	0	0	20	45	0	0	0	0	0	0	0	0	0	0	0	0	0	0	0	0	0	0	55	0	0	0	20	0	0	20	0	0	0	0	0	0	20	45	0	0	0	0	0	0	0	0	0	0	0	0	0	0	0	0	0	0	45	0	0	0	0	0	0	0	0	0	0	0	0	0	0	0	0	0	0	0	0	0	0	0	0	0	0	0	0	0	0	20	0	0	20	0	0	0	0	0	0	20	45	0	0	0	0	0	0	0	0	0	0	0	0	0	0	0	0	0	0	45	0	0	0	0	0	0	0	0	0	0	0	0	0	0	0	0	0	0	0	0	0	0	0	0	0	0	0	0	0	0	0	0	0	0	0	0	0	0	0	0	0	0	0	0	0	0	0	0	0	0	0	0	0	0	0	0	0	0	0	0	0	0
15	7	4	7	28	0	0	0	0	0	0	28	0	0	0	0	0	0	28	166	0	0	0	0	0	0	0	0	0	0	0	0	0	0	91	0	0	0	0	0	0	0	0	0	0	0	0	0	0	0	0	0	0	166	0	0	0	0	0	0	0	0	0	0	0	0	0	0	88	0	0	0	0	0	0	0	0	0	0	0	0	0	0	0	0	0	0	91	0	0	0	0	0	0	0	0	0	0	0	0	0	0	0	0	0	0	0	0	0	0	0	0	0	0	0	0	0	0	0	0	0	0	0	0	0	0	0	0	0	87	0	0	0	0	0	0	0	0	0	0	0	0	0	0	0	0	0	0	88	0	0	0	0	0	0	0	0	0	0	0	0	0	0	0	0	0	0	0	0	0	0	0	0	0	0	0	0	0	0	0	0	0	0	0	0	0	0	0	0	0	0	0	0	0	0	0	0	0	0	0	0	0	0	0	0	0	0	0	0	0	0
5	0	0	0	52	0	0	0	0	0	0	0	0	0	0	0	0	0	0	345	0	0	0	0	0	0	0	0	0	0	0	0	0	0	175	0	0	0	0	0	0	0	0	0	0	0	0	0	0	0	0	0	0	0	0	0	0	0	0	0	0	0	0	0	0	0	0	0	172	0	0	0	0	0	0	0	0	0	0	0	0	0	0	0	0	0	0	0	0	0	0	0	0	0	0	0	0	0	0	0	0	0	0	0	0	0	0	0	0	0	0	0	0	0	0	0	0	0	0	0	0	0	0	0	0	0	0	0	0	172	0	0	0	0	0	0	0	0	0	0	0	0	0	0	0	0	0	0	0	0	0	0	0	0	0	0	0	0	0	0	0	0	0	0	0	0	0	0	0	0	0	0	0	0	0	0	0	0	0	0	0	0	0	0	0	0	0	0	0	0	0	0	0	0	0	0	0	0	0	0	0	0	0	0	0	0	0	0	0	0	0
