190	184	33	8	0	178	15	0	0	33	8	0	10	0	0	0	88	12	0	0	172	15	0	0	15	0	0	10	0	0	0	46	0	0	0	33	8	0	0	0	0	0	19	0	0	0	10	0	0	0	88	12	0	0	166	15	0	0	15	0	0	10	0	0	0	46	0	0	0	15	0	0	0	0	0	0	17	0	0	0	10	0	0	0	46	0	0	0	33	8	0	0	0	0	0	8	0	0	0	0	0	0	0	19	0	0	0	10	0	0	0	88	12	0	0	160	15	0	0	15	0	0	10	0	0	0	46	0	0	0	15	0	0	0	0	0	0	17	0	0	0	10	0	0	0	46	0	0	0	15	0	0	0	0	0	0	4	0	0	0	0	0	0	0	17	0	0	0	10	0	0	0	46	0	0	0	33	8	0	7	0	0	0	11	0	0	0	0	0	0	0	8	0	0	0	0	0	0	0	19	0	0	0	10	0	0	0	88	12	0	0
375	362	56	62	0	349	20	42	0	56	62	0	28	56	0	0	143	141	0	0	336	16	42	0	20	42	0	14	56	0	0	63	105	0	0	56	62	0	3	0	0	0	32	28	0	0	28	56	0	0	143	141	0	0	323	15	42	0	16	42	0	11	56	0	0	52	105	0	0	20	42	0	0	0	0	0	17	28	0	0	14	56	0	0	63	105	0	0	56	62	0	12	0	0	0	15	7	0	0	3	0	0	0	32	28	0	0	28	56	0	0	143	141	0	0	310	12	42	0	15	42	0	11	56	0	0	49	105	0	0	16	42	0	0	0	0	0	17	28	0	0	11	56	0	0	52	105	0	0	20	42	0	0	0	0	0	4	7	0	0	0	0	0	0	17	28	0	0	14	56	0	0	63	105	0	0	56	62	0	19	0	0	0	11	12	0	0	12	0	0	0	15	7	0	0	3	0	0	0	32	28	0	0	28	56	0	0	143	141	0	0
298	288	46	35	0	278	17	21	0	46	35	0	25	14	0	0	115	89	0	0	268	13	21	0	17	21	0	11	14	0	0	51	63	0	0	46	35	0	3	0	0	0	24	28	0	0	25	14	0	0	115	89	0	0	258	12	21	0	13	21	0	8	14	0	0	40	63	0	0	17	21	0	0	0	0	0	13	28	0	0	11	14	0	0	51	63	0	0	46	35	0	0	0	0	0	13	7	0	0	3	0	0	0	24	28	0	0	25	14	0	0	115	89	0	0	248	12	21	0	12	21	0	8	14	0	0	37	63	0	0	13	21	0	0	0	0	0	13	28	0	0	8	14	0	0	40	63	0	0	17	21	0	0	0	0	0	3	7	0	0	0	0	0	0	13	28	0	0	11	14	0	0	51	63	0	0	46	35	0	7	0	0	0	12	0	0	0	0	0	0	0	13	7	0	0	3	0	0	0	24	28	0	0	25	14	0	0	115	89	0	0
252	244	44	16	0	236	21	0	0	44	16	0	19	0	0	0	115	40	0	0	228	21	0	0	21	0	0	19	0	0	0	64	0	0	0	44	16	0	0	0	0	0	34	0	0	0	19	0	0	0	115	40	0	0	220	21	0	0	21	0	0	19	0	0	0	64	0	0	0	21	0	0	0	0	0	0	21	0	0	0	19	0	0	0	64	0	0	0	44	16	0	12	0	0	0	22	0	0	0	0	0	0	0	34	0	0	0	19	0	0	0	115	40	0	0	212	18	0	0	21	0	0	19	0	0	0	64	0	0	0	21	0	0	0	0	0	0	21	0	0	0	19	0	0	0	64	0	0	0	21	0	0	0	0	0	0	5	0	0	0	0	0	0	0	21	0	0	0	19	0	0	0	64	0	0	0	44	16	0	19	0	0	0	10	12	0	0	12	0	0	0	22	0	0	0	0	0	0	0	34	0	0	0	19	0	0	0	115	40	0	0
309	299	57	29	0	289	25	9	0	57	29	0	26	0	0	0	143	105	0	0	279	24	9	0	25	9	0	21	0	0	0	71	45	0	0	57	29	0	0	0	0	0	45	9	0	0	26	0	0	0	143	105	0	0	269	24	9	0	24	9	0	21	0	0	0	70	45	0	0	25	9	0	0	0	0	0	23	9	0	0	21	0	0	0	71	45	0	0	57	29	0	22	0	0	0	31	0	0	0	0	0	0	0	45	9	0	0	26	0	0	0	143	105	0	0	259	19	9	0	24	9	0	21	0	0	0	70	45	0	0	24	9	0	0	0	0	0	23	9	0	0	21	0	0	0	70	45	0	0	25	9	0	0	0	0	0	7	0	0	0	0	0	0	0	23	9	0	0	21	0	0	0	71	45	0	0	57	29	0	25	0	0	0	11	20	0	0	22	0	0	0	31	0	0	0	0	0	0	0	45	9	0	0	26	0	0	0	143	105	0	0
387	374	52	39	20	361	28	30	0	52	39	20	38	0	0	0	144	99	20	0	348	24	30	0	28	30	0	24	0	0	0	84	90	0	0	52	39	20	4	0	0	0	46	40	0	0	38	0	0	0	144	99	20	0	335	22	30	0	24	30	0	21	0	0	0	73	90	0	0	28	30	0	0	0	0	0	20	40	0	0	24	0	0	0	84	90	0	0	52	39	20	22	0	0	0	29	19	0	0	4	0	0	0	46	40	0	0	38	0	0	0	144	99	20	0	322	17	27	0	22	30	0	21	0	0	0	66	90	0	0	24	30	0	0	0	0	0	20	40	0	0	21	0	0	0	73	90	0	0	28	30	0	0	0	0	0	6	10	0	0	0	0	0	0	20	40	0	0	24	0	0	0	84	90	0	0	52	39	20	22	27	0	0	8	0	0	0	22	0	0	0	29	19	0	0	4	0	0	0	46	40	0	0	38	0	0	0	144	99	20	0
391	378	57	40	20	365	33	22	0	57	40	20	46	0	0	0	162	115	40	0	352	27	22	0	33	22	0	28	0	0	0	101	88	0	0	57	40	20	8	0	0	0	45	62	0	0	46	0	0	0	162	115	40	0	339	23	22	0	27	22	0	21	0	0	0	81	88	0	0	33	22	0	0	0	0	0	20	44	0	0	28	0	0	0	101	88	0	0	57	40	20	22	0	0	0	27	38	0	0	8	0	0	0	45	62	0	0	46	0	0	0	162	115	40	0	326	18	18	0	23	22	0	21	0	0	0	67	88	0	0	27	22	0	0	0	0	0	20	44	0	0	21	0	0	0	81	88	0	0	33	22	0	0	0	0	0	6	11	0	0	0	0	0	0	20	44	0	0	28	0	0	0	101	88	0	0	57	40	20	21	36	0	0	10	0	0	0	22	0	0	0	27	38	0	0	8	0	0	0	45	62	0	0	46	0	0	0	162	115	40	0
496	479	81	103	12	462	42	66	0	81	103	12	65	99	0	0	227	295	48	0	445	32	66	0	42	66	0	34	99	0	0	127	198	0	0	81	103	12	21	0	0	0	57	98	0	0	65	99	0	0	227	295	48	0	428	24	54	0	32	66	0	17	99	0	0	92	198	0	0	42	66	0	0	0	0	0	18	44	0	0	34	99	0	0	127	198	0	0	81	103	12	18	84	0	0	38	63	0	0	21	0	0	0	57	98	0	0	65	99	0	0	227	295	48	0	411	20	21	0	24	54	0	17	63	0	0	66	162	0	0	32	66	0	0	0	0	0	18	44	0	0	17	99	0	0	92	198	0	0	42	66	0	0	0	0	0	12	11	0	0	0	0	0	0	18	44	0	0	34	99	0	0	127	198	0	0	81	103	12	28	84	0	0	17	22	36	0	18	84	0	0	38	63	0	0	21	0	0	0	57	98	0	0	65	99	0	0	227	295	48	0
307	297	48	21	12	287	30	0	0	48	21	12	39	0	0	0	147	42	36	0	277	25	0	0	30	0	0	26	0	0	0	98	0	0	0	48	21	12	14	0	0	0	40	35	0	0	39	0	0	0	147	42	36	0	267	19	0	0	25	0	0	13	0	0	0	79	0	0	0	30	0	0	0	0	0	0	20	0	0	0	26	0	0	0	98	0	0	0	48	21	12	22	0	0	0	24	42	0	0	14	0	0	0	40	35	0	0	39	0	0	0	147	42	36	0	257	14	0	0	19	0	0	13	0	0	0	60	0	0	0	25	0	0	0	0	0	0	20	0	0	0	13	0	0	0	79	0	0	0	30	0	0	0	0	0	0	6	0	0	0	0	0	0	0	20	0	0	0	26	0	0	0	98	0	0	0	48	21	12	25	0	0	0	11	0	0	0	22	0	0	0	24	42	0	0	14	0	0	0	40	35	0	0	39	0	0	0	147	42	36	0
407	393	75	70	4	379	39	43	0	75	70	4	65	20	0	0	217	194	20	0	365	29	43	0	39	43	0	34	20	0	0	123	113	0	0	75	70	4	22	0	0	0	50	71	0	0	65	20	0	0	217	194	20	0	351	20	33	0	29	43	0	17	20	0	0	88	113	0	0	39	43	0	0	0	0	0	15	30	0	0	34	20	0	0	123	113	0	0	75	70	4	21	50	0	0	35	60	0	0	22	0	0	0	50	71	0	0	65	20	0	0	217	194	20	0	337	14	17	0	20	33	0	16	10	0	0	58	78	0	0	29	43	0	0	0	0	0	15	30	0	0	17	20	0	0	88	113	0	0	39	43	0	0	0	0	0	10	23	0	0	0	0	0	0	15	30	0	0	34	20	0	0	123	113	0	0	75	70	4	32	37	0	0	18	33	8	0	21	50	0	0	35	60	0	0	22	0	0	0	50	71	0	0	65	20	0	0	217	194	20	0
326	315	58	19	37	304	36	10	0	58	19	37	58	0	0	0	173	76	37	68	293	28	9	0	36	10	0	32	0	0	0	109	40	0	0	58	19	37	17	9	0	0	29	9	0	0	58	0	0	0	173	76	37	68	282	17	0	0	28	9	0	18	0	0	0	81	36	0	0	36	10	0	0	0	0	0	16	0	0	0	32	0	0	0	109	40	0	0	58	19	37	8	0	31	0	14	0	37	0	17	9	0	0	29	9	0	0	58	0	0	0	173	76	37	68	271	6	0	0	17	0	0	7	0	0	0	46	0	0	0	28	9	0	0	0	0	0	16	0	0	0	18	0	0	0	81	36	0	0	36	10	0	0	0	0	0	10	0	0	0	0	0	0	0	16	0	0	0	32	0	0	0	109	40	0	0	58	19	37	14	0	71	0	15	20	0	0	8	0	31	0	14	0	37	0	17	9	0	0	29	9	0	0	58	0	0	0	173	76	37	68
408	394	73	60	28	380	37	36	0	73	60	28	56	72	0	0	212	230	56	48	366	30	16	0	37	36	0	31	32	0	0	111	142	0	0	73	60	28	14	32	0	0	31	16	56	0	56	72	0	0	212	230	56	48	352	20	0	0	30	16	0	21	0	0	0	88	56	0	0	37	36	0	0	0	0	0	14	0	0	0	31	32	0	0	111	142	0	0	73	60	28	8	0	31	0	23	0	56	0	14	32	0	0	31	16	56	0	56	72	0	0	212	230	56	48	338	12	0	0	20	0	0	10	0	0	0	56	0	0	0	30	16	0	0	0	0	0	14	0	0	0	21	0	0	0	88	56	0	0	37	36	0	0	0	0	0	15	0	0	0	0	0	0	0	14	0	0	0	31	32	0	0	111	142	0	0	73	60	28	14	0	44	0	23	24	0	0	8	0	31	0	23	0	56	0	14	32	0	0	31	16	56	0	56	72	0	0	212	230	56	48
462	446	76	90	19	430	37	51	0	76	90	19	50	153	0	0	218	267	57	28	414	31	21	0	37	51	0	30	63	0	0	114	150	0	0	76	90	19	9	63	0	0	29	14	57	0	50	153	0	0	218	267	57	28	398	22	0	0	31	21	0	25	0	0	0	92	56	0	0	37	51	0	0	0	0	0	12	0	0	0	30	63	0	0	114	150	0	0	76	90	19	8	0	31	0	25	0	57	0	9	63	0	0	29	14	57	0	50	153	0	0	218	267	57	28	382	16	0	0	22	0	0	14	0	0	0	61	0	0	0	31	21	0	0	0	0	0	12	0	0	0	25	0	0	0	92	56	0	0	37	51	0	0	0	0	0	17	0	0	0	0	0	0	0	12	0	0	0	30	63	0	0	114	150	0	0	76	90	19	16	0	26	0	23	26	0	0	8	0	31	0	25	0	57	0	9	63	0	0	29	14	57	0	50	153	0	0	218	267	57	28
396	382	72	70	12	368	38	40	0	72	70	12	59	46	0	0	208	197	48	16	354	30	30	0	38	40	0	34	18	0	0	115	106	0	0	72	70	12	15	24	0	0	26	12	12	0	59	46	0	0	208	197	48	16	340	18	24	0	30	30	0	21	12	0	0	88	60	0	0	38	40	0	0	0	0	0	12	0	0	0	34	18	0	0	115	106	0	0	72	70	12	9	0	31	0	24	13	12	0	15	24	0	0	26	12	12	0	59	46	0	0	208	197	48	16	326	11	23	0	18	24	0	9	12	0	0	49	36	0	0	30	30	0	0	0	0	0	12	0	0	0	21	12	0	0	88	60	0	0	38	40	0	0	0	0	0	17	12	0	0	0	0	0	0	12	0	0	0	34	18	0	0	115	106	0	0	72	70	12	15	11	26	0	23	35	0	0	9	0	31	0	24	13	12	0	15	24	0	0	26	12	12	0	59	46	0	0	208	197	48	16
323	312	50	35	5	301	25	5	0	50	35	5	44	25	0	0	144	80	25	4	290	17	0	0	25	5	0	20	0	0	0	80	5	0	0	50	35	5	18	0	0	0	11	10	5	0	44	25	0	0	144	80	25	4	279	8	0	0	17	0	0	6	0	0	0	49	0	0	0	25	5	0	0	0	0	0	4	0	0	0	20	0	0	0	80	5	0	0	50	35	5	0	0	10	0	6	0	0	0	18	0	0	0	11	10	5	0	44	25	0	0	144	80	25	4	268	7	0	0	8	0	0	4	0	0	0	19	0	0	0	17	0	0	0	0	0	0	4	0	0	0	6	0	0	0	49	0	0	0	25	5	0	0	0	0	0	6	0	0	0	0	0	0	0	4	0	0	0	20	0	0	0	80	5	0	0	50	35	5	2	0	5	0	15	0	0	0	0	0	10	0	6	0	0	0	18	0	0	0	11	10	5	0	44	25	0	0	144	80	25	4
400	386	53	49	35	372	21	9	0	53	49	35	27	36	48	0	147	147	140	101	358	13	0	0	21	9	0	10	0	0	0	66	27	0	0	53	49	35	0	0	52	0	9	0	35	0	27	36	48	0	147	147	140	101	344	13	0	0	13	0	0	10	0	0	0	39	0	0	0	21	9	0	0	0	0	0	4	0	0	0	10	0	0	0	66	27	0	0	53	49	35	0	0	0	0	13	0	0	0	0	0	52	0	9	0	35	0	27	36	48	0	147	147	140	101	330	13	0	0	13	0	0	10	0	0	0	39	0	0	0	13	0	0	0	0	0	0	4	0	0	0	10	0	0	0	39	0	0	0	21	9	0	0	0	0	0	9	0	0	0	0	0	0	0	4	0	0	0	10	0	0	0	66	27	0	0	53	49	35	1	0	0	0	17	0	0	0	0	0	0	0	13	0	0	0	0	0	52	0	9	0	35	0	27	36	48	0	147	147	140	101
430	414	69	86	26	398	27	56	0	69	86	26	37	60	48	0	193	258	78	64	382	19	48	0	27	56	0	15	36	0	0	82	176	0	0	69	86	26	10	0	43	0	17	12	26	0	37	60	48	0	193	258	78	64	366	16	48	0	19	48	0	14	36	0	0	55	144	0	0	27	56	0	0	0	0	0	5	12	0	0	15	36	0	0	82	176	0	0	69	86	26	9	0	0	0	16	36	0	0	10	0	43	0	17	12	26	0	37	60	48	0	193	258	78	64	350	13	48	0	16	48	0	13	36	0	0	43	144	0	0	19	48	0	0	0	0	0	5	12	0	0	14	36	0	0	55	144	0	0	27	56	0	0	0	0	0	12	36	0	0	0	0	0	0	5	12	0	0	15	36	0	0	82	176	0	0	69	86	26	13	0	0	0	16	34	0	0	9	0	0	0	16	36	0	0	10	0	43	0	17	12	26	0	37	60	48	0	193	258	78	64
259	250	37	14	18	241	17	0	0	37	14	18	27	0	32	0	100	21	36	36	232	11	0	0	17	0	0	10	0	0	0	51	0	0	0	37	14	18	0	0	27	0	3	0	0	0	27	0	32	0	100	21	36	36	223	11	0	0	11	0	0	10	0	0	0	32	0	0	0	17	0	0	0	0	0	0	3	0	0	0	10	0	0	0	51	0	0	0	37	14	18	0	0	0	0	6	0	0	0	0	0	27	0	3	0	0	0	27	0	32	0	100	21	36	36	214	11	0	0	11	0	0	10	0	0	0	32	0	0	0	11	0	0	0	0	0	0	3	0	0	0	10	0	0	0	32	0	0	0	17	0	0	0	0	0	0	6	0	0	0	0	0	0	0	3	0	0	0	10	0	0	0	51	0	0	0	37	14	18	1	0	0	0	8	0	0	0	0	0	0	0	6	0	0	0	0	0	27	0	3	0	0	0	27	0	32	0	100	21	36	36
230	222	31	12	11	214	14	0	0	31	12	11	18	0	11	0	82	18	22	17	206	11	0	0	14	0	0	10	0	0	0	43	0	0	0	31	12	11	0	0	6	0	3	0	0	0	18	0	11	0	82	18	22	17	198	11	0	0	11	0	0	10	0	0	0	32	0	0	0	14	0	0	0	0	0	0	3	0	0	0	10	0	0	0	43	0	0	0	31	12	11	0	0	0	0	6	0	0	0	0	0	6	0	3	0	0	0	18	0	11	0	82	18	22	17	190	11	0	0	11	0	0	10	0	0	0	32	0	0	0	11	0	0	0	0	0	0	3	0	0	0	10	0	0	0	32	0	0	0	14	0	0	0	0	0	0	6	0	0	0	0	0	0	0	3	0	0	0	10	0	0	0	43	0	0	0	31	12	11	1	0	0	0	6	0	0	0	0	0	0	0	6	0	0	0	0	0	6	0	3	0	0	0	18	0	11	0	82	18	22	17
229	221	30	15	5	213	12	0	0	30	15	5	16	0	5	0	75	30	15	5	205	10	0	0	12	0	0	9	0	0	0	38	0	0	0	30	15	5	0	0	0	0	3	0	0	0	16	0	5	0	75	30	15	5	197	10	0	0	10	0	0	9	0	0	0	31	0	0	0	12	0	0	0	0	0	0	3	0	0	0	9	0	0	0	38	0	0	0	30	15	5	0	0	0	0	5	0	0	0	0	0	0	0	3	0	0	0	16	0	5	0	75	30	15	5	189	10	0	0	10	0	0	9	0	0	0	31	0	0	0	10	0	0	0	0	0	0	3	0	0	0	9	0	0	0	31	0	0	0	12	0	0	0	0	0	0	5	0	0	0	0	0	0	0	3	0	0	0	9	0	0	0	38	0	0	0	30	15	5	0	0	0	0	3	0	0	0	0	0	0	0	5	0	0	0	0	0	0	0	3	0	0	0	16	0	5	0	75	30	15	5
304	293	45	28	29	282	18	0	15	45	28	29	16	0	59	37	120	70	116	35	271	18	0	0	18	0	15	16	0	37	0	54	0	60	0	45	28	29	0	0	0	0	20	0	0	47	16	0	59	37	120	70	116	35	260	18	0	0	18	0	0	16	0	0	0	54	0	0	0	18	0	15	0	0	0	0	7	0	0	0	16	0	37	0	54	0	60	0	45	28	29	8	0	0	0	23	0	0	0	0	0	0	0	20	0	0	47	16	0	59	37	120	70	116	35	249	16	0	0	18	0	0	16	0	0	0	54	0	0	0	18	0	0	0	0	0	0	7	0	0	0	16	0	0	0	54	0	0	0	18	0	15	0	0	0	0	14	0	0	0	0	0	0	0	7	0	0	0	16	0	37	0	54	0	60	0	45	28	29	16	0	0	0	10	14	0	0	8	0	0	0	23	0	0	0	0	0	0	0	20	0	0	47	16	0	59	37	120	70	116	35
431	415	69	73	47	399	29	28	21	69	73	47	25	0	77	61	193	233	235	61	383	28	28	0	29	28	21	23	0	43	0	87	98	105	0	69	73	47	10	0	0	0	34	14	0	59	25	0	77	61	193	233	235	61	367	25	28	0	28	28	0	21	0	0	0	82	98	0	0	29	28	21	1	0	0	0	9	14	0	0	23	0	43	0	87	98	105	0	69	73	47	9	0	0	0	30	42	0	0	10	0	0	0	34	14	0	59	25	0	77	61	193	233	235	61	351	23	28	0	25	28	0	21	0	0	0	71	98	0	0	28	28	0	1	0	0	0	9	14	0	0	21	0	0	0	82	98	0	0	29	28	21	1	0	0	0	17	42	0	0	1	0	0	0	9	14	0	0	23	0	43	0	87	98	105	0	69	73	47	22	0	0	0	19	18	0	0	9	0	0	0	30	42	0	0	10	0	0	0	34	14	0	59	25	0	77	61	193	233	235	61
335	323	36	11	55	311	16	0	12	36	11	55	13	0	47	46	101	11	55	95	299	16	0	0	16	0	12	13	0	21	0	51	0	12	0	36	11	55	0	0	0	0	6	0	0	24	13	0	47	46	101	11	55	95	287	16	0	0	16	0	0	13	0	0	0	51	0	0	0	16	0	12	0	0	0	0	6	0	0	0	13	0	21	0	51	0	12	0	36	11	55	0	0	0	0	11	0	0	0	0	0	0	0	6	0	0	24	13	0	47	46	101	11	55	95	275	16	0	0	16	0	0	13	0	0	0	51	0	0	0	16	0	0	0	0	0	0	6	0	0	0	13	0	0	0	51	0	0	0	16	0	12	0	0	0	0	11	0	0	0	0	0	0	0	6	0	0	0	13	0	21	0	51	0	12	0	36	11	55	2	0	0	0	9	0	0	0	0	0	0	0	11	0	0	0	0	0	0	0	6	0	0	24	13	0	47	46	101	11	55	95
413	397	52	79	35	381	17	55	0	52	79	35	16	66	17	0	140	230	70	95	365	15	55	0	17	55	0	8	66	0	0	53	187	0	0	52	79	35	9	0	0	0	14	24	0	0	16	66	17	0	140	230	70	95	349	13	55	0	15	55	0	7	66	0	0	45	187	0	0	17	55	0	0	0	0	0	5	22	0	0	8	66	0	0	53	187	0	0	52	79	35	0	0	0	0	12	22	0	0	9	0	0	0	14	24	0	0	16	66	17	0	140	230	70	95	333	13	55	0	13	55	0	7	66	0	0	37	187	0	0	15	55	0	0	0	0	0	5	22	0	0	7	66	0	0	45	187	0	0	17	55	0	0	0	0	0	11	22	0	0	0	0	0	0	5	22	0	0	8	66	0	0	53	187	0	0	52	79	35	4	0	0	0	9	0	0	0	0	0	0	0	12	22	0	0	9	0	0	0	14	24	0	0	16	66	17	0	140	230	70	95
242	233	32	23	5	224	12	8	0	32	23	5	10	0	0	0	83	46	15	5	215	12	8	0	12	8	0	10	0	0	0	39	16	0	0	32	23	5	0	0	0	0	14	0	0	0	10	0	0	0	83	46	15	5	206	12	8	0	12	8	0	10	0	0	0	39	16	0	0	12	8	0	0	0	0	0	6	0	0	0	10	0	0	0	39	16	0	0	32	23	5	0	0	0	0	15	0	0	0	0	0	0	0	14	0	0	0	10	0	0	0	83	46	15	5	197	12	8	0	12	8	0	10	0	0	0	39	16	0	0	12	8	0	0	0	0	0	6	0	0	0	10	0	0	0	39	16	0	0	12	8	0	0	0	0	0	10	0	0	0	0	0	0	0	6	0	0	0	10	0	0	0	39	16	0	0	32	23	5	4	0	0	0	5	0	0	0	0	0	0	0	15	0	0	0	0	0	0	0	14	0	0	0	10	0	0	0	83	46	15	5
317	305	49	29	41	293	27	11	11	49	29	41	33	0	33	0	148	58	82	116	281	23	11	11	27	11	11	22	0	33	0	86	22	22	36	49	29	41	8	0	0	0	34	38	0	0	33	0	33	0	148	58	82	116	269	20	11	7	23	11	11	17	0	33	0	71	22	22	0	27	11	11	1	0	0	0	8	11	0	0	22	0	33	0	86	22	22	36	49	29	41	9	0	0	28	27	31	0	0	8	0	0	0	34	38	0	0	33	0	33	0	148	58	82	116	257	18	9	0	20	11	7	17	0	21	0	61	22	14	0	23	11	11	1	0	0	0	8	11	0	0	17	0	33	0	71	22	22	0	27	11	11	1	0	0	0	14	22	0	0	1	0	0	0	8	11	0	0	22	0	33	0	86	22	22	36	49	29	41	19	18	0	0	7	0	0	12	9	0	0	28	27	31	0	0	8	0	0	0	34	38	0	0	33	0	33	0	148	58	82	116
402	387	51	36	80	372	28	0	50	51	36	80	38	0	43	86	144	84	240	81	357	23	0	36	28	0	50	23	0	43	37	82	0	150	36	51	36	80	15	0	0	37	34	60	0	35	38	0	43	86	144	84	240	81	342	19	0	12	23	0	36	14	0	43	0	63	0	108	0	28	0	50	3	0	0	0	8	0	0	0	23	0	43	37	82	0	150	36	51	36	80	13	0	0	53	28	48	0	47	15	0	0	37	34	60	0	35	38	0	43	86	144	84	240	81	327	16	0	0	19	0	12	11	0	26	0	52	0	36	0	23	0	36	1	0	0	0	8	0	0	0	14	0	43	0	63	0	108	0	28	0	50	2	0	0	0	17	0	0	0	3	0	0	0	8	0	0	0	23	0	43	37	82	0	150	36	51	36	80	25	0	0	0	9	12	0	16	13	0	0	53	28	48	0	47	15	0	0	37	34	60	0	35	38	0	43	86	144	84	240	81
567	545	76	143	94	523	37	85	69	76	143	94	42	102	43	84	211	380	376	76	501	31	85	51	37	85	69	25	102	43	43	111	221	276	36	76	143	94	25	0	0	70	51	84	0	26	42	102	43	84	211	380	376	76	479	23	77	12	31	85	51	14	102	43	0	87	221	204	0	37	85	69	3	0	0	0	11	17	0	0	25	102	43	43	111	221	276	36	76	143	94	9	104	0	53	43	128	0	96	25	0	0	70	51	84	0	26	42	102	43	84	211	380	376	76	457	19	39	0	23	77	12	10	78	26	0	61	201	48	0	31	85	51	1	0	0	0	11	17	0	0	14	102	43	0	87	221	204	0	37	85	69	2	0	0	0	23	68	0	0	3	0	0	0	11	17	0	0	25	102	43	43	111	221	276	36	76	143	94	18	156	11	0	17	49	188	16	9	104	0	53	43	128	0	96	25	0	0	70	51	84	0	26	42	102	43	84	211	380	376	76
382	367	50	58	54	352	22	44	10	50	58	54	21	44	0	30	147	165	54	171	337	20	44	7	22	44	10	15	44	0	21	69	143	10	48	50	58	54	10	0	0	21	33	24	0	0	21	44	0	30	147	165	54	171	322	17	44	0	20	44	7	13	44	0	0	61	143	7	0	22	44	10	1	0	0	0	7	22	0	0	15	44	0	21	69	143	10	48	50	58	54	9	0	0	0	26	33	0	19	10	0	0	21	33	24	0	0	21	44	0	30	147	165	54	171	307	15	42	0	17	44	0	13	44	0	0	50	143	0	0	20	44	7	1	0	0	0	7	22	0	0	13	44	0	0	61	143	7	0	22	44	10	1	0	0	0	13	33	0	0	1	0	0	0	7	22	0	0	15	44	0	21	69	143	10	48	50	58	54	19	20	0	0	7	0	0	0	9	0	0	0	26	33	0	19	10	0	0	21	33	24	0	0	21	44	0	30	147	165	54	171
327	314	63	58	9	301	28	32	0	63	58	9	50	10	0	0	171	180	45	47	288	20	31	0	28	32	0	24	10	0	0	86	96	0	21	63	58	9	18	11	0	0	34	51	0	0	50	10	0	0	171	180	45	47	275	14	30	0	20	31	0	13	10	0	0	58	93	0	0	28	32	0	2	10	0	0	6	20	0	0	24	10	0	0	86	96	0	21	63	58	9	12	10	0	0	28	40	0	0	18	11	0	0	34	51	0	0	50	10	0	0	171	180	45	47	262	11	25	0	14	30	0	10	10	0	0	40	90	0	0	20	31	0	0	10	0	0	6	20	0	0	13	10	0	0	58	93	0	0	28	32	0	1	10	0	0	14	20	0	0	2	10	0	0	6	20	0	0	24	10	0	0	86	96	0	21	63	58	9	19	25	0	0	11	5	0	0	12	10	0	0	28	40	0	0	18	11	0	0	34	51	0	0	50	10	0	0	171	180	45	47
337	324	47	12	80	311	26	0	28	47	12	80	47	0	14	33	123	48	80	278	298	19	0	28	26	0	28	23	0	14	33	76	0	28	140	47	12	80	15	0	0	0	15	12	0	0	47	0	14	33	123	48	80	278	285	13	0	28	19	0	28	14	0	14	33	53	0	28	105	26	0	28	3	0	0	0	7	0	0	0	23	0	14	33	76	0	28	140	47	12	80	5	0	26	0	13	0	0	0	15	0	0	0	15	12	0	0	47	0	14	33	123	48	80	278	272	5	0	23	13	0	28	5	0	14	21	37	0	28	31	19	0	28	1	0	0	0	7	0	0	0	14	0	14	33	53	0	28	105	26	0	28	2	0	0	0	13	0	0	0	3	0	0	0	7	0	0	0	23	0	14	33	76	0	28	140	47	12	80	3	0	73	37	7	0	0	0	5	0	26	0	13	0	0	0	15	0	0	0	15	12	0	0	47	0	14	33	123	48	80	278
534	513	60	113	100	492	24	59	56	60	113	100	34	177	21	53	151	328	300	224	471	19	14	56	24	59	56	17	42	21	53	67	191	168	130	60	113	100	12	42	0	0	19	28	300	0	34	177	21	53	151	328	300	224	450	14	0	56	19	14	56	11	0	21	53	50	42	168	98	24	59	56	3	0	0	0	8	0	168	0	17	42	21	53	67	191	168	130	60	113	100	8	0	26	0	21	0	100	0	12	42	0	0	19	28	300	0	34	177	21	53	151	328	300	224	429	6	0	44	14	0	56	2	0	21	31	37	0	168	31	19	14	56	1	0	0	0	8	0	168	0	11	0	21	53	50	42	168	98	24	59	56	2	0	0	0	15	0	56	0	3	0	0	0	8	0	168	0	17	42	21	53	67	191	168	130	60	113	100	6	0	65	80	20	20	0	0	8	0	26	0	21	0	100	0	12	42	0	0	19	28	300	0	34	177	21	53	151	328	300	224
282	271	44	28	25	260	22	0	7	44	28	25	45	0	14	0	116	56	100	103	249	14	0	7	22	0	7	19	0	14	0	65	0	28	69	44	28	25	15	0	0	0	11	14	0	0	45	0	14	0	116	56	100	103	238	8	0	7	14	0	7	10	0	14	0	38	0	28	51	22	0	7	3	0	0	0	4	0	0	0	19	0	14	0	65	0	28	69	44	28	25	5	0	26	0	8	0	0	0	15	0	0	0	11	14	0	0	45	0	14	0	116	56	100	103	227	3	0	7	8	0	7	1	0	14	0	22	0	28	12	14	0	7	1	0	0	0	4	0	0	0	10	0	14	0	38	0	28	51	22	0	7	2	0	0	0	8	0	0	0	3	0	0	0	4	0	0	0	19	0	14	0	65	0	28	69	44	28	25	3	0	44	0	9	0	0	0	5	0	26	0	8	0	0	0	15	0	0	0	11	14	0	0	45	0	14	0	116	56	100	103
435	418	42	71	63	401	16	11	55	42	71	63	34	55	21	33	107	137	315	9	384	9	0	55	16	11	55	13	0	21	33	51	11	275	0	42	71	63	15	0	0	0	10	22	63	0	34	55	21	33	107	137	315	9	367	5	0	55	9	0	55	4	0	21	33	25	0	275	0	16	11	55	3	0	0	0	3	0	55	0	13	0	21	33	51	11	275	0	42	71	63	5	0	0	0	4	0	0	0	15	0	0	0	10	22	63	0	34	55	21	33	107	137	315	9	350	3	0	48	5	0	55	1	0	21	21	14	0	275	0	9	0	55	1	0	0	0	3	0	55	0	4	0	21	33	25	0	275	0	16	11	55	2	0	0	0	4	0	0	0	3	0	0	0	3	0	55	0	13	0	21	33	51	11	275	0	42	71	63	3	0	5	55	7	0	0	0	5	0	0	0	4	0	0	0	15	0	0	0	10	22	63	0	34	55	21	33	107	137	315	9
415	398	78	108	30	381	36	72	0	78	108	30	55	138	0	0	209	313	90	183	364	29	47	0	36	72	0	33	72	0	0	105	215	0	119	78	108	30	18	83	0	0	33	29	60	0	55	138	0	0	209	313	90	183	347	24	22	0	29	47	0	28	21	0	0	82	124	0	87	36	72	0	11	14	0	0	11	12	0	0	33	72	0	0	105	215	0	119	78	108	30	18	36	26	0	33	30	90	0	18	83	0	0	33	29	60	0	55	138	0	0	209	313	90	183	330	17	12	0	24	22	0	22	0	0	0	67	59	0	24	29	47	0	11	0	0	0	11	10	0	0	28	21	0	0	82	124	0	87	36	72	0	7	12	0	0	14	24	0	0	11	14	0	0	11	12	0	0	33	72	0	0	105	215	0	119	78	108	30	18	36	44	0	26	36	30	0	18	36	26	0	33	30	90	0	18	83	0	0	33	29	60	0	55	138	0	0	209	313	90	183
224	215	21	8	36	206	7	0	7	21	8	36	15	0	25	28	56	8	36	118	197	2	0	7	7	0	7	3	0	0	28	20	0	7	62	21	8	36	2	0	21	0	1	0	0	0	15	0	25	28	56	8	36	118	188	1	0	7	2	0	7	0	0	0	28	5	0	7	62	7	0	7	0	0	0	0	1	0	0	0	3	0	0	28	20	0	7	62	21	8	36	1	0	7	0	2	0	0	0	2	0	21	0	1	0	0	0	15	0	25	28	56	8	36	118	179	1	0	7	1	0	7	0	0	0	28	3	0	7	62	2	0	7	0	0	0	0	1	0	0	0	0	0	0	28	5	0	7	62	7	0	7	1	0	0	0	2	0	0	0	0	0	0	0	1	0	0	0	3	0	0	28	20	0	7	62	21	8	36	3	0	0	0	6	0	0	0	1	0	7	0	2	0	0	0	2	0	21	0	1	0	0	0	15	0	25	28	56	8	36	118
249	239	18	9	52	229	3	0	14	18	9	52	9	0	53	42	47	9	52	188	219	0	0	14	3	0	14	0	0	0	42	10	0	14	118	18	9	52	0	0	14	0	0	0	0	0	9	0	53	42	47	9	52	188	209	0	0	14	0	0	14	0	0	0	42	0	0	14	118	3	0	14	0	0	0	0	0	0	0	0	0	0	0	42	10	0	14	118	18	9	52	0	0	0	0	0	0	0	0	0	0	14	0	0	0	0	0	9	0	53	42	47	9	52	188	199	0	0	14	0	0	14	0	0	0	42	0	0	14	118	0	0	14	0	0	0	0	0	0	0	0	0	0	0	42	0	0	14	118	3	0	14	0	0	0	0	0	0	0	0	0	0	0	0	0	0	0	0	0	0	0	42	10	0	14	118	18	9	52	0	0	0	0	4	0	0	0	0	0	0	0	0	0	0	0	0	0	14	0	0	0	0	0	9	0	53	42	47	9	52	188
344	330	42	49	51	316	14	9	0	42	49	51	17	36	67	0	108	147	204	298	302	9	0	0	14	9	0	6	0	0	0	39	27	0	146	42	49	51	2	0	35	0	9	0	51	0	17	36	67	0	108	147	204	298	288	8	0	0	9	0	0	3	0	0	0	24	0	0	146	14	9	0	0	0	0	0	5	0	0	0	6	0	0	0	39	27	0	146	42	49	51	4	0	7	0	12	0	0	0	2	0	35	0	9	0	51	0	17	36	67	0	108	147	204	298	274	7	0	0	8	0	0	3	0	0	0	22	0	0	146	9	0	0	0	0	0	0	5	0	0	0	3	0	0	0	24	0	0	146	14	9	0	1	0	0	0	6	0	0	0	0	0	0	0	5	0	0	0	6	0	0	0	39	27	0	146	42	49	51	6	0	0	0	17	13	0	0	4	0	7	0	12	0	0	0	2	0	35	0	9	0	51	0	17	36	67	0	108	147	204	298
271	260	39	26	39	249	14	8	0	39	26	39	22	16	67	0	107	88	78	218	238	9	0	0	14	8	0	9	0	0	0	41	32	0	118	39	26	39	2	0	35	0	10	0	39	0	22	16	67	0	107	88	78	218	227	8	0	0	9	0	0	6	0	0	0	27	0	0	118	14	8	0	0	0	0	0	5	0	0	0	9	0	0	0	41	32	0	118	39	26	39	9	0	7	0	13	0	0	0	2	0	35	0	10	0	39	0	22	16	67	0	107	88	78	218	216	6	0	0	8	0	0	6	0	0	0	25	0	0	118	9	0	0	0	0	0	0	5	0	0	0	6	0	0	0	27	0	0	118	14	8	0	1	0	0	0	6	0	0	0	0	0	0	0	5	0	0	0	9	0	0	0	41	32	0	118	39	26	39	15	0	0	0	14	20	0	0	9	0	7	0	13	0	0	0	2	0	35	0	10	0	39	0	22	16	67	0	107	88	78	218
197	189	22	15	11	181	7	0	0	22	15	11	9	0	11	0	51	30	33	63	173	5	0	0	7	0	0	3	0	0	0	20	0	0	55	22	15	11	0	0	0	0	2	0	0	0	9	0	11	0	51	30	33	63	165	5	0	0	5	0	0	3	0	0	0	13	0	0	55	7	0	0	0	0	0	0	2	0	0	0	3	0	0	0	20	0	0	55	22	15	11	0	0	0	0	0	0	0	0	0	0	0	0	2	0	0	0	9	0	11	0	51	30	33	63	157	5	0	0	5	0	0	3	0	0	0	13	0	0	55	5	0	0	0	0	0	0	2	0	0	0	3	0	0	0	13	0	0	55	7	0	0	0	0	0	0	0	0	0	0	0	0	0	0	2	0	0	0	3	0	0	0	20	0	0	55	22	15	11	0	0	0	0	4	0	0	0	0	0	0	0	0	0	0	0	0	0	0	0	2	0	0	0	9	0	11	0	51	30	33	63
287	275	34	11	72	263	16	0	25	34	11	72	17	0	34	97	88	11	72	189	251	16	0	0	16	0	25	17	0	14	0	43	0	25	21	34	11	72	10	0	0	0	7	0	0	163	17	0	34	97	88	11	72	189	239	16	0	0	16	0	0	17	0	0	0	43	0	0	21	16	0	25	10	0	0	0	7	0	0	111	17	0	14	0	43	0	25	21	34	11	72	6	0	0	0	5	0	0	0	10	0	0	0	7	0	0	163	17	0	34	97	88	11	72	189	227	16	0	0	16	0	0	17	0	0	0	43	0	0	21	16	0	0	10	0	0	0	7	0	0	111	17	0	0	0	43	0	0	21	16	0	25	6	0	0	0	4	0	0	0	10	0	0	0	7	0	0	111	17	0	14	0	43	0	25	21	34	11	72	3	0	0	0	17	0	0	0	6	0	0	0	5	0	0	0	10	0	0	0	7	0	0	163	17	0	34	97	88	11	72	189
260	249	52	28	36	238	26	0	21	52	28	36	27	0	56	63	129	70	144	51	227	25	0	0	26	0	21	24	0	35	0	70	0	84	0	52	28	36	10	0	10	0	22	0	0	130	27	0	56	63	129	70	144	51	216	25	0	0	25	0	0	24	0	0	0	68	0	0	0	26	0	21	10	0	7	0	12	0	0	56	24	0	35	0	70	0	84	0	52	28	36	18	0	0	0	29	0	0	0	10	0	10	0	22	0	0	130	27	0	56	63	129	70	144	51	205	22	0	0	25	0	0	24	0	0	0	68	0	0	0	25	0	0	10	0	0	0	11	0	0	56	24	0	0	0	68	0	0	0	26	0	21	7	0	0	0	12	0	0	0	10	0	7	0	12	0	0	56	24	0	35	0	70	0	84	0	52	28	36	23	0	0	0	22	21	0	0	18	0	0	0	29	0	0	0	10	0	10	0	22	0	0	130	27	0	56	63	129	70	144	51
343	328	73	66	44	313	35	26	21	73	66	44	42	0	64	63	182	211	220	90	298	32	26	0	35	26	21	32	0	35	0	93	91	105	0	73	66	44	16	0	10	0	32	26	0	130	42	0	64	63	182	211	220	90	283	30	26	0	32	26	0	30	0	0	0	86	91	0	0	35	26	21	12	0	7	0	13	26	0	56	32	0	35	0	93	91	105	0	73	66	44	34	0	0	0	39	26	0	0	16	0	10	0	32	26	0	130	42	0	64	63	182	211	220	90	268	24	26	0	30	26	0	28	0	0	0	81	91	0	0	32	26	0	11	0	0	0	12	26	0	56	30	0	0	0	86	91	0	0	35	26	21	11	0	0	0	14	26	0	0	12	0	7	0	13	26	0	56	32	0	35	0	93	91	105	0	73	66	44	32	0	0	0	26	53	0	0	34	0	0	0	39	26	0	0	16	0	10	0	32	26	0	130	42	0	64	63	182	211	220	90
242	231	39	38	14	220	15	24	0	39	38	14	20	16	9	0	90	76	28	62	209	14	24	0	15	24	0	15	16	0	0	39	56	0	0	39	38	14	10	0	0	0	10	8	0	0	20	16	9	0	90	76	28	62	198	14	24	0	14	24	0	15	16	0	0	38	56	0	0	15	24	0	10	0	0	0	7	8	0	0	15	16	0	0	39	56	0	0	39	38	14	6	0	0	0	10	0	0	0	10	0	0	0	10	8	0	0	20	16	9	0	90	76	28	62	187	14	24	0	14	24	0	15	16	0	0	38	56	0	0	14	24	0	10	0	0	0	7	8	0	0	15	16	0	0	38	56	0	0	15	24	0	6	0	0	0	6	0	0	0	10	0	0	0	7	8	0	0	15	16	0	0	39	56	0	0	39	38	14	5	0	0	0	16	0	0	0	6	0	0	0	10	0	0	0	10	0	0	0	10	8	0	0	20	16	9	0	90	76	28	62
224	214	42	32	5	204	18	16	0	42	32	5	22	8	0	0	95	79	15	11	194	17	16	0	18	16	0	17	8	0	0	45	48	0	0	42	32	5	10	0	0	0	15	8	0	0	22	8	0	0	95	79	15	11	184	17	16	0	17	16	0	17	8	0	0	44	48	0	0	18	16	0	10	0	0	0	8	8	0	0	17	8	0	0	45	48	0	0	42	32	5	9	0	0	0	18	0	0	0	10	0	0	0	15	8	0	0	22	8	0	0	95	79	15	11	174	16	16	0	17	16	0	17	8	0	0	44	48	0	0	17	16	0	10	0	0	0	8	8	0	0	17	8	0	0	44	48	0	0	18	16	0	6	0	0	0	8	0	0	0	10	0	0	0	8	8	0	0	17	8	0	0	45	48	0	0	42	32	5	8	0	0	0	16	5	0	0	9	0	0	0	18	0	0	0	10	0	0	0	15	8	0	0	22	8	0	0	95	79	15	11
292	279	60	32	55	266	38	12	29	60	32	55	39	0	63	0	168	54	110	99	253	36	12	29	38	12	29	35	0	63	0	110	24	58	42	60	32	55	21	0	0	0	35	22	0	0	39	0	63	0	168	54	110	99	240	31	12	25	36	12	29	31	0	63	0	101	24	58	0	38	12	29	12	0	0	0	14	12	0	0	35	0	63	0	110	24	58	42	60	32	55	34	0	0	52	41	54	0	0	21	0	0	0	35	22	0	0	39	0	63	0	168	54	110	99	227	24	10	11	31	12	25	28	0	51	0	85	24	50	0	36	12	29	11	0	0	0	14	12	0	0	31	0	63	0	101	24	58	0	38	12	29	10	0	0	0	14	24	0	0	12	0	0	0	14	12	0	0	35	0	63	0	110	24	58	42	60	32	55	27	20	0	11	19	22	0	94	34	0	0	52	41	54	0	0	21	0	0	0	35	22	0	0	39	0	63	0	168	54	110	99
356	340	68	62	82	324	41	28	53	68	62	82	54	14	63	107	192	138	246	85	308	36	28	38	41	28	53	41	14	61	56	121	70	159	42	68	62	82	30	0	0	63	38	59	0	51	54	14	63	107	192	138	246	85	292	28	25	13	36	28	38	28	14	58	0	102	70	114	0	41	28	53	12	0	0	0	13	14	0	0	41	14	61	56	121	70	159	42	68	62	82	32	33	0	52	44	96	0	130	30	0	0	63	38	59	0	51	54	14	63	107	192	138	246	85	276	21	11	0	28	25	13	25	11	39	0	78	61	39	0	36	28	38	11	0	0	0	13	14	0	0	28	14	58	0	102	70	114	0	41	28	53	10	0	0	0	14	28	0	56	12	0	0	0	13	14	0	0	41	14	61	56	121	70	159	42	68	62	82	26	33	12	0	21	26	82	94	32	33	0	52	44	96	0	130	30	0	0	63	38	59	0	51	54	14	63	107	192	138	246	85
402	382	71	139	49	362	32	115	10	71	139	49	30	186	12	20	182	338	49	171	342	29	105	7	32	115	10	19	166	10	14	89	293	10	67	71	139	49	7	122	0	21	44	36	0	0	30	186	12	20	182	338	49	171	322	26	99	0	29	105	7	17	154	7	0	81	268	7	0	32	115	10	2	110	0	0	15	33	0	0	19	166	10	14	89	293	10	67	71	139	49	32	66	0	0	50	32	0	30	7	122	0	21	44	36	0	0	30	186	12	20	182	338	49	171	302	17	96	0	26	99	0	14	154	0	0	72	253	0	0	29	105	7	1	110	0	0	15	33	0	0	17	154	7	0	81	268	7	0	32	115	10	4	66	0	0	16	22	0	0	2	110	0	0	15	33	0	0	19	166	10	14	89	293	10	67	71	139	49	28	30	12	0	19	39	0	0	32	66	0	0	50	32	0	30	7	122	0	21	44	36	0	0	30	186	12	20	182	338	49	171
364	347	81	98	37	330	44	60	18	81	98	37	61	72	12	36	221	276	148	80	313	37	60	7	44	60	18	39	72	10	14	127	180	72	42	81	98	37	34	0	0	21	45	68	0	39	61	72	12	36	221	276	148	80	296	28	52	0	37	60	7	25	72	7	0	102	180	28	0	44	60	18	12	0	0	0	13	24	0	0	39	72	10	14	127	180	72	42	81	98	37	31	64	0	0	47	84	0	30	34	0	0	21	45	68	0	39	61	72	12	36	221	276	148	80	279	21	24	0	28	52	0	22	48	0	0	74	152	0	0	37	60	7	11	0	0	0	13	24	0	0	25	72	7	0	102	180	28	0	44	60	18	10	0	0	0	16	24	0	0	12	0	0	0	13	24	0	0	39	72	10	14	127	180	72	42	81	98	37	29	96	12	0	23	34	74	0	31	64	0	0	47	84	0	30	34	0	0	21	45	68	0	39	61	72	12	36	221	276	148	80
327	311	87	98	8	295	44	69	0	87	98	8	58	46	0	0	235	291	40	44	279	38	68	0	44	69	0	41	46	0	0	129	207	0	21	87	98	8	38	12	0	0	55	37	0	0	58	46	0	0	235	291	40	44	263	28	54	0	38	68	0	27	44	0	0	105	203	0	0	44	69	0	11	10	0	0	17	10	0	0	41	46	0	0	129	207	0	21	87	98	8	27	94	0	0	54	64	0	0	38	12	0	0	55	37	0	0	58	46	0	0	235	291	40	44	247	21	35	0	28	54	0	24	30	0	0	73	155	0	0	38	68	0	10	10	0	0	17	10	0	0	27	44	0	0	105	203	0	0	44	69	0	6	40	0	0	18	20	0	0	11	10	0	0	17	10	0	0	41	46	0	0	129	207	0	21	87	98	8	34	65	0	0	26	41	16	0	27	94	0	0	54	64	0	0	38	12	0	0	55	37	0	0	58	46	0	0	235	291	40	44
344	328	70	42	101	312	45	28	54	70	42	101	65	14	12	46	203	138	101	231	296	38	27	54	45	28	54	44	14	12	46	132	84	54	110	70	42	101	38	13	0	0	29	28	0	0	65	14	12	46	203	138	101	231	280	24	13	54	38	27	54	30	13	12	46	105	80	54	81	45	28	54	12	0	0	0	12	14	0	0	44	14	12	46	132	84	54	110	70	42	101	16	13	37	0	20	30	101	0	38	13	0	0	29	28	0	0	65	14	12	46	203	138	101	231	264	13	0	49	24	13	54	19	0	12	38	60	26	54	38	38	27	54	11	0	0	0	12	14	0	0	30	13	12	46	105	80	54	81	45	28	54	10	0	0	0	14	28	54	0	12	0	0	0	12	14	0	0	44	14	12	46	132	84	54	110	70	42	101	16	0	80	64	17	29	101	0	16	13	37	0	20	30	101	0	38	13	0	0	29	28	0	0	65	14	12	46	203	138	101	231
313	298	71	71	36	283	35	34	23	71	71	36	48	44	45	0	205	214	144	45	268	28	22	23	35	34	23	27	8	45	0	106	102	92	18	71	71	36	20	32	0	0	23	24	36	0	48	44	45	0	205	214	144	45	253	17	14	23	28	22	23	16	0	45	0	83	46	92	7	35	34	23	1	0	0	0	8	0	23	0	27	8	45	0	106	102	92	18	71	71	36	9	0	26	0	16	0	36	0	20	32	0	0	23	24	36	0	48	44	45	0	205	214	144	45	238	11	14	23	17	14	23	7	0	45	0	46	14	92	0	28	22	23	1	0	0	0	8	0	23	0	16	0	45	0	83	46	92	7	35	34	23	4	0	0	0	10	0	23	0	1	0	0	0	8	0	23	0	27	8	45	0	106	102	92	18	71	71	36	16	0	29	0	15	13	0	0	9	0	26	0	16	0	36	0	20	32	0	0	23	24	36	0	48	44	45	0	205	214	144	45
344	328	64	65	72	312	30	15	65	64	65	72	47	0	67	34	180	200	360	8	296	22	10	65	30	15	65	22	0	67	34	90	60	325	0	64	65	72	19	50	0	0	19	30	0	0	47	0	67	34	180	200	360	8	280	13	0	65	22	10	65	10	0	67	34	62	40	325	0	30	15	65	1	0	0	0	4	0	0	0	22	0	67	34	90	60	325	0	64	65	72	9	0	10	0	12	0	72	0	19	50	0	0	19	30	0	0	47	0	67	34	180	200	360	8	264	10	0	60	13	0	65	7	0	67	26	32	0	325	0	22	10	65	1	0	0	0	4	0	0	0	10	0	67	34	62	40	325	0	30	15	65	4	0	0	0	6	0	65	0	1	0	0	0	4	0	0	0	22	0	67	34	90	60	325	0	64	65	72	16	0	5	62	12	15	0	0	9	0	10	0	12	0	72	0	19	50	0	0	19	30	0	0	47	0	67	34	180	200	360	8
408	389	75	78	114	370	40	46	75	75	78	114	50	60	32	70	216	297	228	182	351	33	28	73	40	46	75	27	28	32	64	117	182	150	100	75	78	114	21	56	0	20	28	42	114	0	50	60	32	70	216	297	228	182	332	20	0	70	33	28	73	17	0	32	55	94	98	146	74	40	46	75	1	0	0	14	10	0	75	0	27	28	32	64	117	182	150	100	75	78	114	9	0	62	21	25	0	228	0	21	56	0	20	28	42	114	0	50	60	32	70	216	297	228	182	313	12	0	51	20	0	70	7	0	32	26	51	0	140	38	33	28	73	1	0	0	0	10	0	73	0	17	0	32	55	94	98	146	74	40	46	75	4	0	22	0	14	0	150	0	1	0	0	14	10	0	75	0	27	28	32	64	117	182	150	100	75	78	114	16	0	50	105	19	17	0	30	9	0	62	21	25	0	228	0	21	56	0	20	28	42	114	0	50	60	32	70	216	297	228	182
334	318	77	90	24	302	38	51	0	77	90	24	40	153	0	0	217	267	72	127	286	33	21	0	38	51	0	24	63	0	0	115	150	0	71	77	90	24	15	63	0	0	28	21	72	0	40	153	0	0	217	267	72	127	270	23	0	0	33	21	0	21	0	0	0	97	56	0	45	38	51	0	1	0	0	0	12	0	0	0	24	63	0	0	115	150	0	71	77	90	24	9	0	37	0	25	0	72	0	15	63	0	0	28	21	72	0	40	153	0	0	217	267	72	127	254	16	0	0	23	0	0	11	0	0	0	61	0	0	13	33	21	0	1	0	0	0	12	0	0	0	21	0	0	0	97	56	0	45	38	51	0	4	0	0	0	14	0	0	0	1	0	0	0	12	0	0	0	24	63	0	0	115	150	0	71	77	90	24	18	0	40	0	19	13	0	0	9	0	37	0	25	0	72	0	15	63	0	0	28	21	72	0	40	153	0	0	217	267	72	127
229	218	34	18	53	207	15	0	23	34	18	53	24	0	29	58	88	27	106	132	196	7	0	23	15	0	23	4	0	0	58	39	0	46	88	34	18	53	0	0	39	0	0	0	0	0	24	0	29	58	88	27	106	132	185	7	0	23	7	0	23	4	0	0	58	15	0	46	88	15	0	23	0	0	0	0	0	0	0	0	4	0	0	58	39	0	46	88	34	18	53	0	0	0	0	0	0	0	0	0	0	39	0	0	0	0	0	24	0	29	58	88	27	106	132	174	7	0	23	7	0	23	4	0	0	58	15	0	46	88	7	0	23	0	0	0	0	0	0	0	0	4	0	0	58	15	0	46	88	15	0	23	0	0	0	0	0	0	0	0	0	0	0	0	0	0	0	0	4	0	0	58	39	0	46	88	34	18	53	0	0	0	0	4	0	0	0	0	0	0	0	0	0	0	0	0	0	39	0	0	0	0	0	24	0	29	58	88	27	106	132
351	334	51	64	89	317	21	12	32	51	64	89	23	48	43	54	135	192	356	347	300	10	0	32	21	12	32	5	0	0	54	59	36	128	217	51	64	89	0	0	91	0	6	0	89	0	23	48	43	54	135	192	356	347	283	9	0	32	10	0	32	4	0	0	54	24	0	128	215	21	12	32	0	0	10	0	3	0	32	0	5	0	0	54	59	36	128	217	51	64	89	0	0	13	0	9	0	0	0	0	0	91	0	6	0	89	0	23	48	43	54	135	192	356	347	266	9	0	32	9	0	32	4	0	0	54	22	0	128	212	10	0	32	0	0	10	0	3	0	32	0	4	0	0	54	24	0	128	215	21	12	32	0	0	0	0	4	0	0	0	0	0	10	0	3	0	32	0	5	0	0	54	59	36	128	217	51	64	89	0	0	0	0	11	0	0	0	0	0	13	0	9	0	0	0	0	0	91	0	6	0	89	0	23	48	43	54	135	192	356	347
229	218	28	18	52	207	12	0	30	28	18	52	15	0	8	44	70	27	104	108	196	7	0	30	12	0	30	4	0	0	44	31	0	60	88	28	18	52	0	0	18	0	0	0	0	0	15	0	8	44	70	27	104	108	185	7	0	30	7	0	30	4	0	0	44	15	0	60	88	12	0	30	0	0	0	0	0	0	0	0	4	0	0	44	31	0	60	88	28	18	52	0	0	0	0	0	0	0	0	0	0	18	0	0	0	0	0	15	0	8	44	70	27	104	108	174	7	0	30	7	0	30	4	0	0	44	15	0	60	88	7	0	30	0	0	0	0	0	0	0	0	4	0	0	44	15	0	60	88	12	0	30	0	0	0	0	0	0	0	0	0	0	0	0	0	0	0	0	4	0	0	44	31	0	60	88	28	18	52	0	0	0	0	3	0	0	0	0	0	0	0	0	0	0	0	0	0	18	0	0	0	0	0	15	0	8	44	70	27	104	108
307	291	58	87	39	275	22	55	0	58	87	39	25	74	43	0	155	212	117	246	259	14	39	0	22	55	0	9	26	0	0	64	131	0	163	58	87	39	0	0	67	0	13	0	78	0	25	74	43	0	155	212	117	246	243	14	39	0	14	39	0	9	26	0	0	38	91	0	161	22	55	0	0	0	0	0	7	0	0	0	9	26	0	0	64	131	0	163	58	87	39	4	0	0	0	12	0	0	0	0	0	67	0	13	0	78	0	25	74	43	0	155	212	117	246	227	13	39	0	14	39	0	9	26	0	0	38	91	0	158	14	39	0	0	0	0	0	7	0	0	0	9	26	0	0	38	91	0	161	22	55	0	0	0	0	0	6	0	0	0	0	0	0	0	7	0	0	0	9	26	0	0	64	131	0	163	58	87	39	14	0	0	0	8	11	0	0	4	0	0	0	12	0	0	0	0	0	67	0	13	0	78	0	25	74	43	0	155	212	117	246
165	157	32	15	10	149	14	0	0	32	15	10	18	0	0	0	81	35	30	72	141	10	0	0	14	0	0	8	0	0	0	40	0	0	65	32	15	10	1	0	10	0	1	0	0	0	18	0	0	0	81	35	30	72	133	10	0	0	10	0	0	8	0	0	0	28	0	0	65	14	0	0	1	0	0	0	1	0	0	0	8	0	0	0	40	0	0	65	32	15	10	0	0	0	0	0	0	0	0	1	0	10	0	1	0	0	0	18	0	0	0	81	35	30	72	125	10	0	0	10	0	0	8	0	0	0	28	0	0	65	10	0	0	1	0	0	0	1	0	0	0	8	0	0	0	28	0	0	65	14	0	0	0	0	0	0	0	0	0	0	1	0	0	0	1	0	0	0	8	0	0	0	40	0	0	65	32	15	10	0	0	0	0	2	0	0	0	0	0	0	0	0	0	0	0	1	0	10	0	1	0	0	0	18	0	0	0	81	35	30	72
303	287	70	73	58	271	28	28	29	70	73	58	25	0	102	81	188	233	290	128	255	26	28	0	28	28	29	21	0	57	0	83	98	145	32	70	73	58	6	0	0	0	27	28	0	174	25	0	102	81	188	233	290	128	239	24	28	0	26	28	0	17	0	0	0	74	98	0	32	28	28	29	2	0	0	0	12	28	0	98	21	0	57	0	83	98	145	32	70	73	58	5	0	0	0	27	28	0	0	6	0	0	0	27	28	0	174	25	0	102	81	188	233	290	128	223	23	28	0	24	28	0	17	0	0	0	67	98	0	32	26	28	0	2	0	0	0	12	28	0	96	17	0	0	0	74	98	0	32	28	28	29	1	0	0	0	8	28	0	0	2	0	0	0	12	28	0	98	21	0	57	0	83	98	145	32	70	73	58	21	0	0	0	15	9	0	0	5	0	0	0	27	28	0	0	6	0	0	0	27	28	0	174	25	0	102	81	188	233	290	128
219	208	38	10	53	197	16	0	7	38	10	53	12	0	58	21	103	10	53	243	186	16	0	0	16	0	7	12	0	21	0	47	0	7	85	38	10	53	1	0	0	0	6	0	0	24	12	0	58	21	103	10	53	243	175	16	0	0	16	0	0	12	0	0	0	47	0	0	85	16	0	7	1	0	0	0	6	0	0	0	12	0	21	0	47	0	7	85	38	10	53	0	0	0	0	4	0	0	0	1	0	0	0	6	0	0	24	12	0	58	21	103	10	53	243	164	16	0	0	16	0	0	12	0	0	0	47	0	0	85	16	0	0	1	0	0	0	6	0	0	0	12	0	0	0	47	0	0	85	16	0	7	0	0	0	0	4	0	0	0	1	0	0	0	6	0	0	0	12	0	21	0	47	0	7	85	38	10	53	2	0	0	0	4	0	0	0	0	0	0	0	4	0	0	0	1	0	0	0	6	0	0	24	12	0	58	21	103	10	53	243
196	186	45	24	22	176	19	0	7	45	24	22	14	0	42	21	118	60	88	89	166	19	0	0	19	0	7	14	0	21	0	57	0	28	32	45	24	22	1	0	0	0	18	0	0	24	14	0	42	21	118	60	88	89	156	19	0	0	19	0	0	14	0	0	0	57	0	0	32	19	0	7	1	0	0	0	11	0	0	0	14	0	21	0	57	0	28	32	45	24	22	4	0	0	0	21	0	0	0	1	0	0	0	18	0	0	24	14	0	42	21	118	60	88	89	146	18	0	0	19	0	0	14	0	0	0	57	0	0	32	19	0	0	1	0	0	0	11	0	0	0	14	0	0	0	57	0	0	32	19	0	7	0	0	0	0	8	0	0	0	1	0	0	0	11	0	0	0	14	0	21	0	57	0	28	32	45	24	22	16	0	0	0	8	6	0	0	4	0	0	0	21	0	0	0	1	0	0	0	18	0	0	24	14	0	42	21	118	60	88	89
258	244	42	53	43	230	15	33	0	42	53	43	11	22	28	0	108	106	86	243	216	15	33	0	15	33	0	11	22	0	0	46	77	0	85	42	53	43	1	0	0	0	12	0	0	0	11	22	28	0	108	106	86	243	202	15	33	0	15	33	0	11	22	0	0	46	77	0	85	15	33	0	1	0	0	0	9	0	0	0	11	22	0	0	46	77	0	85	42	53	43	0	0	0	0	8	0	0	0	1	0	0	0	12	0	0	0	11	22	28	0	108	106	86	243	188	15	33	0	15	33	0	11	22	0	0	46	77	0	85	15	33	0	1	0	0	0	9	0	0	0	11	22	0	0	46	77	0	85	15	33	0	0	0	0	0	6	0	0	0	1	0	0	0	9	0	0	0	11	22	0	0	46	77	0	85	42	53	43	4	0	0	0	4	0	0	0	0	0	0	0	8	0	0	0	1	0	0	0	12	0	0	0	11	22	28	0	108	106	86	243
228	215	52	61	5	202	15	37	0	52	61	5	12	38	0	0	132	198	20	10	189	14	36	0	15	37	0	8	36	0	0	44	130	0	0	52	61	5	1	9	0	0	21	10	0	0	12	38	0	0	132	198	20	10	176	14	36	0	14	36	0	8	36	0	0	41	126	0	0	15	37	0	1	9	0	0	11	9	0	0	8	36	0	0	44	130	0	0	52	61	5	1	0	0	0	21	0	0	0	1	9	0	0	21	10	0	0	12	38	0	0	132	198	20	10	163	14	36	0	14	36	0	8	36	0	0	41	126	0	0	14	36	0	1	9	0	0	11	9	0	0	8	36	0	0	41	126	0	0	15	37	0	1	0	0	0	8	0	0	0	1	9	0	0	11	9	0	0	8	36	0	0	44	130	0	0	52	61	5	9	0	0	0	9	0	0	0	1	0	0	0	21	0	0	0	1	9	0	0	21	10	0	0	12	38	0	0	132	198	20	10
339	321	57	45	130	303	34	0	102	57	45	130	37	0	60	94	160	90	390	85	285	31	0	84	34	0	102	29	0	60	35	102	0	306	36	57	45	130	19	0	0	60	35	45	0	89	37	0	60	94	160	90	390	85	267	25	0	49	31	0	84	21	0	60	0	89	0	252	0	34	0	102	5	0	0	10	18	0	0	32	29	0	60	35	102	0	306	36	57	45	130	13	0	10	115	35	75	0	138	19	0	0	60	35	45	0	89	37	0	60	94	160	90	390	85	249	20	0	22	25	0	49	14	0	40	0	72	0	147	0	31	0	84	2	0	0	10	18	0	0	32	21	0	60	0	89	0	252	0	34	0	102	2	0	10	22	15	0	0	75	5	0	0	10	18	0	0	32	29	0	60	35	102	0	306	36	57	45	130	25	0	20	36	14	30	0	127	13	0	10	115	35	75	0	138	19	0	0	60	35	45	0	89	37	0	60	94	160	90	390	85
395	373	73	131	120	351	36	72	97	73	131	120	40	54	60	82	197	346	480	80	329	31	72	74	36	72	97	28	54	60	43	107	198	388	36	73	131	120	26	0	0	144	44	80	0	39	40	54	60	82	197	346	480	80	307	22	68	13	31	72	74	16	54	59	0	85	198	296	0	36	72	97	4	0	0	0	15	36	0	0	28	54	60	43	107	198	388	36	73	131	120	12	56	10	57	37	122	0	347	26	0	0	144	44	80	0	39	40	54	60	82	197	346	480	80	285	17	42	0	22	68	13	9	42	29	0	58	186	52	0	31	72	74	1	0	0	0	15	36	0	0	16	54	59	0	85	198	296	0	36	72	97	2	0	10	0	13	36	0	217	4	0	0	0	15	36	0	0	28	54	60	43	107	198	388	36	73	131	120	13	168	20	0	16	46	120	45	12	56	10	57	37	122	0	347	26	0	0	144	44	80	0	39	40	54	60	82	197	346	480	80
281	265	53	63	63	249	26	48	18	53	63	63	25	48	0	54	149	165	63	181	233	23	48	7	26	48	18	17	48	0	21	80	144	18	43	53	63	63	6	0	0	21	27	38	0	39	25	48	0	54	149	165	63	181	217	21	48	0	23	48	7	13	48	0	0	68	144	7	0	26	48	18	2	0	0	0	11	36	0	0	17	48	0	21	80	144	18	43	53	63	63	5	0	0	0	27	24	0	24	6	0	0	21	27	38	0	39	25	48	0	54	149	165	63	181	201	20	46	0	21	48	0	13	48	0	0	61	144	0	0	23	48	7	2	0	0	0	11	36	0	0	13	48	0	0	68	144	7	0	26	48	18	1	0	0	0	8	24	0	0	2	0	0	0	11	36	0	0	17	48	0	21	80	144	18	43	53	63	63	19	22	0	0	10	0	0	0	5	0	0	0	27	24	0	24	6	0	0	21	27	38	0	39	25	48	0	54	149	165	63	181
215	203	51	37	29	191	29	20	0	51	37	29	32	10	0	0	151	88	58	128	179	25	20	0	29	20	0	22	10	0	0	90	60	0	36	51	37	29	11	0	0	0	28	39	0	0	32	10	0	0	151	88	58	128	167	21	20	0	25	20	0	16	10	0	0	74	60	0	0	29	20	0	3	0	0	0	13	30	0	0	22	10	0	0	90	60	0	36	51	37	29	7	0	0	0	27	36	0	0	11	0	0	0	28	39	0	0	32	10	0	0	151	88	58	128	155	19	18	0	21	20	0	14	10	0	0	62	60	0	0	25	20	0	2	0	0	0	13	30	0	0	16	10	0	0	74	60	0	0	29	20	0	1	0	0	0	10	20	0	0	3	0	0	0	13	30	0	0	22	10	0	0	90	60	0	36	51	37	29	19	16	0	0	10	8	0	0	7	0	0	0	27	36	0	0	11	0	0	0	28	39	0	0	32	10	0	0	151	88	58	128
242	228	69	66	14	214	35	35	0	69	66	14	51	11	0	0	187	199	70	63	200	28	34	0	35	35	0	30	11	0	0	107	105	0	29	69	66	14	25	12	0	0	38	58	0	0	51	11	0	0	187	199	70	63	186	20	33	0	28	34	0	18	11	0	0	81	102	0	0	35	35	0	4	11	0	0	15	33	0	0	30	11	0	0	107	105	0	29	69	66	14	10	11	0	0	30	58	0	0	25	12	0	0	38	58	0	0	51	11	0	0	187	199	70	63	172	17	28	0	20	33	0	13	11	0	0	58	99	0	0	28	34	0	1	11	0	0	15	33	0	0	18	11	0	0	81	102	0	0	35	35	0	1	11	0	0	13	22	0	0	4	11	0	0	15	33	0	0	30	11	0	0	107	105	0	29	69	66	14	20	30	0	0	14	12	0	0	10	11	0	0	30	58	0	0	25	12	0	0	38	58	0	0	51	11	0	0	187	199	70	63
281	265	50	65	60	249	24	10	52	50	65	60	38	50	46	24	124	115	300	14	233	17	0	52	24	10	52	20	0	46	24	67	10	260	0	50	65	60	25	0	22	0	15	20	60	0	38	50	46	24	124	115	300	14	217	9	0	52	17	0	52	8	0	46	24	42	0	260	0	24	10	52	4	0	22	0	7	0	52	0	20	0	46	24	67	10	260	0	50	65	60	7	0	22	0	8	0	0	0	25	0	22	0	15	20	60	0	38	50	46	24	124	115	300	14	201	6	0	47	9	0	52	3	0	46	16	21	0	260	0	17	0	52	1	0	22	0	7	0	52	0	8	0	46	24	42	0	260	0	24	10	52	2	0	22	0	8	0	0	0	4	0	22	0	7	0	52	0	20	0	46	24	67	10	260	0	50	65	60	5	0	6	42	9	0	0	0	7	0	22	0	8	0	0	0	25	0	22	0	15	20	60	0	38	50	46	24	124	115	300	14
364	343	68	103	135	322	36	67	86	68	103	135	51	100	22	72	182	288	270	293	301	26	47	86	36	67	86	26	64	22	72	104	181	172	199	68	103	135	24	77	34	0	30	70	135	0	51	100	22	72	182	288	270	293	280	15	15	85	26	47	86	10	30	22	71	69	109	172	158	36	67	86	3	15	32	0	13	36	86	0	26	64	22	72	104	181	172	199	68	103	135	8	30	60	13	20	40	270	0	24	77	34	0	30	70	135	0	51	100	22	72	182	288	270	293	259	8	0	57	15	15	85	4	0	22	37	38	30	170	62	26	47	86	1	0	32	0	13	34	86	0	10	30	22	71	69	109	172	158	36	67	86	2	0	42	0	12	36	172	0	3	15	32	0	13	36	86	0	26	64	22	72	104	181	172	199	68	103	135	7	0	56	120	15	18	135	101	8	30	60	13	20	40	270	0	24	77	34	0	30	70	135	0	51	100	22	72	182	288	270	293
215	203	52	11	79	191	32	0	23	52	11	79	48	0	22	24	137	44	79	356	179	25	0	23	32	0	23	27	0	22	24	89	0	23	217	52	11	79	25	0	22	0	24	11	0	0	48	0	22	24	137	44	79	356	167	16	0	23	25	0	23	15	0	22	24	67	0	23	165	32	0	23	4	0	22	0	15	0	0	0	27	0	22	24	89	0	23	217	52	11	79	7	0	36	0	13	0	0	0	25	0	22	0	24	11	0	0	48	0	22	24	137	44	79	356	155	7	0	18	16	0	23	7	0	22	16	43	0	23	62	25	0	23	1	0	22	0	15	0	0	0	15	0	22	24	67	0	23	165	32	0	23	2	0	22	0	13	0	0	0	4	0	22	0	15	0	0	0	27	0	22	24	89	0	23	217	52	11	79	4	0	78	42	8	0	0	0	7	0	36	0	13	0	0	0	25	0	22	0	24	11	0	0	48	0	22	24	137	44	79	356
289	271	77	125	35	253	35	88	0	77	125	35	44	154	0	0	211	330	105	264	235	29	63	0	35	88	0	27	88	0	0	105	231	0	199	77	125	35	21	83	0	0	46	44	70	0	44	154	0	0	211	330	105	264	217	22	38	0	29	63	0	21	37	0	0	84	140	0	158	35	88	0	5	14	0	0	20	24	0	0	27	88	0	0	105	231	0	199	77	125	35	14	36	14	0	30	42	105	0	21	83	0	0	46	44	70	0	44	154	0	0	211	330	105	264	199	14	27	0	22	38	0	14	15	0	0	61	75	0	62	29	63	0	4	0	0	0	20	20	0	0	21	37	0	0	84	140	0	158	35	88	0	1	12	0	0	13	34	0	0	5	14	0	0	20	24	0	0	27	88	0	0	105	231	0	199	77	125	35	16	51	48	0	19	36	35	0	14	36	14	0	30	42	105	0	21	83	0	0	46	44	70	0	44	154	0	0	211	330	105	264
191	180	47	34	20	169	25	10	0	47	34	20	38	0	0	0	122	78	80	134	158	19	6	0	25	10	0	19	0	0	0	69	30	0	97	47	34	20	17	24	0	0	21	12	0	0	38	0	0	0	122	78	80	134	147	13	0	0	19	6	0	11	0	0	0	48	18	0	74	25	10	0	4	0	0	0	9	0	0	0	19	0	0	0	69	30	0	97	47	34	20	10	0	14	0	15	0	20	0	17	24	0	0	21	12	0	0	38	0	0	0	122	78	80	134	136	6	0	0	13	0	0	3	0	0	0	32	0	0	13	19	6	0	1	0	0	0	9	0	0	0	11	0	0	0	48	18	0	74	25	10	0	2	0	0	0	10	0	0	0	4	0	0	0	9	0	0	0	19	0	0	0	69	30	0	97	47	34	20	5	0	48	0	8	10	0	0	10	0	14	0	15	0	20	0	17	24	0	0	21	12	0	0	38	0	0	0	122	78	80	134
152	143	24	8	32	134	11	0	8	24	8	32	17	0	24	8	61	8	32	115	125	5	0	8	11	0	8	5	0	0	8	28	0	8	52	24	8	32	2	0	27	0	2	0	0	0	17	0	24	8	61	8	32	115	116	4	0	8	5	0	8	2	0	0	8	10	0	8	52	11	0	8	0	0	0	0	2	0	0	0	5	0	0	8	28	0	8	52	24	8	32	1	0	7	0	4	0	0	0	2	0	27	0	2	0	0	0	17	0	24	8	61	8	32	115	107	4	0	8	4	0	8	2	0	0	8	8	0	8	52	5	0	8	0	0	0	0	2	0	0	0	2	0	0	8	10	0	8	52	11	0	8	1	0	0	0	4	0	0	0	0	0	0	0	2	0	0	0	5	0	0	8	28	0	8	52	24	8	32	5	0	0	0	7	0	0	0	1	0	7	0	4	0	0	0	2	0	27	0	2	0	0	0	17	0	24	8	61	8	32	115
169	159	20	9	48	149	7	0	27	20	9	48	11	0	38	49	48	9	48	80	139	2	0	27	7	0	27	1	0	22	49	19	0	27	52	20	9	48	0	0	34	0	0	0	0	0	11	0	38	49	48	9	48	80	129	2	0	27	2	0	27	1	0	22	49	4	0	27	52	7	0	27	0	0	22	0	0	0	0	0	1	0	22	49	19	0	27	52	20	9	48	0	0	0	0	1	0	0	0	0	0	34	0	0	0	0	0	11	0	38	49	48	9	48	80	119	2	0	27	2	0	27	1	0	22	49	4	0	27	52	2	0	27	0	0	22	0	0	0	0	0	1	0	22	49	4	0	27	52	7	0	27	0	0	0	0	1	0	0	0	0	0	22	0	0	0	0	0	1	0	22	49	19	0	27	52	20	9	48	1	0	0	0	5	0	0	0	0	0	0	0	1	0	0	0	0	0	34	0	0	0	0	0	11	0	38	49	48	9	48	80
249	234	49	54	63	219	22	10	11	49	54	63	25	40	67	33	123	162	252	329	204	13	0	11	22	10	11	11	0	22	33	58	30	44	161	49	54	63	3	0	85	0	14	0	63	0	25	40	67	33	123	162	252	329	189	11	0	11	13	0	11	6	0	22	33	33	0	44	161	22	10	11	0	0	22	0	9	0	11	0	11	0	22	33	58	30	44	161	49	54	63	4	0	22	0	15	0	0	0	3	0	85	0	14	0	63	0	25	40	67	33	123	162	252	329	174	10	0	11	11	0	11	6	0	22	33	29	0	44	160	13	0	11	0	0	22	0	9	0	11	0	6	0	22	33	33	0	44	161	22	10	11	1	0	0	0	8	0	0	0	0	0	22	0	9	0	11	0	11	0	22	33	58	30	44	161	49	54	63	5	0	0	0	16	14	0	0	4	0	22	0	15	0	0	0	3	0	85	0	14	0	63	0	25	40	67	33	123	162	252	329
204	191	45	49	38	178	19	30	0	45	49	38	26	27	39	0	121	133	76	250	165	12	22	0	19	30	0	14	11	0	0	54	76	0	138	45	49	38	10	0	57	0	24	0	38	0	26	27	39	0	121	133	76	250	152	9	22	0	12	22	0	9	11	0	0	35	44	0	138	19	30	0	3	0	0	0	12	0	0	0	14	11	0	0	54	76	0	138	45	49	38	9	0	22	0	20	10	0	0	10	0	57	0	24	0	38	0	26	27	39	0	121	133	76	250	139	7	21	0	9	22	0	7	11	0	0	26	44	0	137	12	22	0	3	0	0	0	12	0	0	0	9	11	0	0	35	44	0	138	19	30	0	1	0	0	0	9	8	0	0	3	0	0	0	12	0	0	0	14	11	0	0	54	76	0	138	45	49	38	16	10	0	0	14	20	0	0	9	0	22	0	20	10	0	0	10	0	57	0	24	0	38	0	26	27	39	0	121	133	76	250
117	110	20	10	10	103	8	0	0	20	10	10	11	0	10	0	47	15	20	60	96	6	0	0	8	0	0	5	0	0	0	22	0	0	52	20	10	10	0	0	0	0	1	0	0	0	11	0	10	0	47	15	20	60	89	6	0	0	6	0	0	5	0	0	0	15	0	0	52	8	0	0	0	0	0	0	1	0	0	0	5	0	0	0	22	0	0	52	20	10	10	0	0	0	0	1	0	0	0	0	0	0	0	1	0	0	0	11	0	10	0	47	15	20	60	82	6	0	0	6	0	0	5	0	0	0	15	0	0	52	6	0	0	0	0	0	0	1	0	0	0	5	0	0	0	15	0	0	52	8	0	0	0	0	0	0	1	0	0	0	0	0	0	0	1	0	0	0	5	0	0	0	22	0	0	52	20	10	10	1	0	0	0	3	0	0	0	0	0	0	0	1	0	0	0	0	0	0	0	1	0	0	0	11	0	10	0	47	15	20	60
191	179	34	11	71	167	15	0	24	34	11	71	12	0	50	78	88	11	71	191	155	15	0	11	15	0	24	12	0	28	22	41	0	24	46	34	11	71	0	0	0	33	11	0	0	60	12	0	50	78	88	11	71	191	143	15	0	11	15	0	11	12	0	22	22	41	0	11	46	15	0	24	0	0	0	33	11	0	0	52	12	0	28	22	41	0	24	46	34	11	71	0	0	0	0	7	0	0	0	0	0	0	33	11	0	0	60	12	0	50	78	88	11	71	191	131	15	0	11	15	0	11	12	0	22	22	41	0	11	46	15	0	11	0	0	0	33	11	0	0	52	12	0	22	22	41	0	11	46	15	0	24	0	0	0	0	4	0	0	0	0	0	0	33	11	0	0	52	12	0	28	22	41	0	24	46	34	11	71	4	0	0	0	13	0	0	0	0	0	0	0	7	0	0	0	0	0	0	33	11	0	0	60	12	0	50	78	88	11	71	191
204	191	56	36	66	178	25	0	49	56	36	66	25	0	132	79	141	90	264	63	165	23	0	23	25	0	49	20	0	105	22	70	0	196	11	56	36	66	7	0	27	45	35	0	0	170	25	0	132	79	141	90	264	63	152	22	0	21	23	0	23	20	0	46	22	66	0	92	11	25	0	49	3	0	22	43	22	0	0	86	20	0	105	22	70	0	196	11	56	36	66	12	0	0	20	27	9	0	0	7	0	27	45	35	0	0	170	25	0	132	79	141	90	264	63	139	19	0	21	22	0	21	18	0	42	22	61	0	84	11	23	0	23	3	0	0	43	18	0	0	86	20	0	46	22	66	0	92	11	25	0	49	1	0	0	20	12	0	0	0	3	0	22	43	22	0	0	86	20	0	105	22	70	0	196	11	56	36	66	21	0	0	0	15	27	0	0	12	0	0	20	27	9	0	0	7	0	27	45	35	0	0	170	25	0	132	79	141	90	264	63
207	193	75	59	28	179	38	24	7	75	59	28	49	0	48	21	192	189	140	101	165	33	24	0	38	24	7	35	0	21	0	105	84	35	11	75	59	28	13	0	10	0	40	48	0	35	49	0	48	21	192	189	140	101	151	30	24	0	33	24	0	29	0	0	0	92	84	0	11	38	24	7	5	0	7	0	19	48	0	0	35	0	21	0	105	84	35	11	75	59	28	27	0	0	0	32	31	0	0	13	0	10	0	40	48	0	35	49	0	48	21	192	189	140	101	137	25	24	0	30	24	0	27	0	0	0	82	84	0	11	33	24	0	5	0	0	0	17	48	0	0	29	0	0	0	92	84	0	11	38	24	7	6	0	0	0	10	24	0	0	5	0	7	0	19	48	0	0	35	0	21	0	105	84	35	11	75	59	28	34	0	0	0	17	35	0	0	27	0	0	0	32	31	0	0	13	0	10	0	40	48	0	35	49	0	48	21	192	189	140	101
164	152	39	48	15	140	11	32	0	39	48	15	12	32	10	0	89	110	30	73	128	10	32	0	11	32	0	7	32	0	0	29	88	0	11	39	48	15	0	0	0	0	17	8	0	0	12	32	10	0	89	110	30	73	116	10	32	0	10	32	0	7	32	0	0	28	88	0	11	11	32	0	0	0	0	0	13	8	0	0	7	32	0	0	29	88	0	11	39	48	15	0	0	0	0	10	0	0	0	0	0	0	0	17	8	0	0	12	32	10	0	89	110	30	73	104	10	32	0	10	32	0	7	32	0	0	28	88	0	11	10	32	0	0	0	0	0	13	8	0	0	7	32	0	0	28	88	0	11	11	32	0	0	0	0	0	6	0	0	0	0	0	0	0	13	8	0	0	7	32	0	0	29	88	0	11	39	48	15	5	0	0	0	10	0	0	0	0	0	0	0	10	0	0	0	0	0	0	0	17	8	0	0	12	32	10	0	89	110	30	73
128	119	38	27	0	110	14	14	0	38	27	0	15	7	0	0	88	67	0	0	101	13	14	0	14	14	0	10	7	0	0	37	42	0	0	38	27	0	0	0	0	0	21	7	0	0	15	7	0	0	88	67	0	0	92	13	14	0	13	14	0	10	7	0	0	36	42	0	0	14	14	0	0	0	0	0	13	7	0	0	10	7	0	0	37	42	0	0	38	27	0	3	0	0	0	15	0	0	0	0	0	0	0	21	7	0	0	15	7	0	0	88	67	0	0	83	12	14	0	13	14	0	10	7	0	0	36	42	0	0	13	14	0	0	0	0	0	13	7	0	0	10	7	0	0	36	42	0	0	14	14	0	0	0	0	0	6	0	0	0	0	0	0	0	13	7	0	0	10	7	0	0	37	42	0	0	38	27	0	5	0	0	0	8	4	0	0	3	0	0	0	15	0	0	0	0	0	0	0	21	7	0	0	15	7	0	0	88	67	0	0
203	189	56	35	76	175	37	13	46	56	35	76	47	0	18	62	166	59	152	109	161	32	13	42	37	13	46	37	0	17	56	115	26	92	56	56	35	76	17	0	0	58	41	61	0	0	47	0	18	62	166	59	152	109	147	27	13	23	32	13	42	27	0	15	34	96	26	84	23	37	13	46	5	0	0	22	18	39	0	0	37	0	17	56	115	26	92	56	56	35	76	26	0	0	45	27	48	0	135	17	0	0	58	41	61	0	0	47	0	18	62	166	59	152	109	133	22	11	21	27	13	23	25	0	0	32	79	26	46	21	32	13	42	5	0	0	22	18	39	0	0	27	0	15	34	96	26	84	23	37	13	46	5	0	0	43	8	26	0	86	5	0	0	22	18	39	0	0	37	0	17	56	115	26	92	56	56	35	76	27	22	0	20	9	0	0	0	26	0	0	45	27	48	0	135	17	0	0	58	41	61	0	0	47	0	18	62	166	59	152	109
263	245	62	59	124	227	36	17	94	62	59	124	50	0	84	122	176	135	372	94	209	31	17	73	36	17	94	37	0	81	70	110	51	282	56	62	59	124	22	0	0	103	50	70	0	63	50	0	84	122	176	135	372	94	191	25	14	37	31	17	73	24	0	76	34	91	51	219	23	36	17	94	5	0	0	22	20	0	0	11	37	0	81	70	110	51	282	56	62	59	124	24	42	0	101	34	70	0	190	22	0	0	103	50	70	0	63	50	0	84	122	176	135	372	94	173	20	0	21	25	14	37	22	0	42	32	71	42	111	21	31	17	73	5	0	0	22	20	0	0	11	24	0	76	34	91	51	219	23	36	17	94	5	0	0	43	10	0	0	86	5	0	0	22	20	0	0	11	37	0	81	70	110	51	282	56	62	59	124	30	0	12	20	11	0	124	120	24	42	0	101	34	70	0	190	22	0	0	103	50	70	0	63	50	0	84	122	176	135	372	94
212	196	62	71	49	180	33	55	10	62	71	49	43	66	12	20	170	168	49	180	164	28	55	7	33	55	10	28	66	10	14	96	143	10	80	62	71	49	13	0	0	21	41	58	0	0	43	66	12	20	170	168	49	180	148	25	55	0	28	55	7	22	66	7	0	82	143	7	34	33	55	10	5	0	0	0	16	55	0	0	28	66	10	14	96	143	10	80	62	71	49	27	0	0	0	29	22	0	35	13	0	0	21	41	58	0	0	43	66	12	20	170	168	49	180	132	19	52	0	25	55	0	20	66	0	0	72	143	0	32	28	55	7	5	0	0	0	16	55	0	0	22	66	7	0	82	143	7	34	33	55	10	5	0	0	0	8	22	0	0	5	0	0	0	16	55	0	0	28	66	10	14	96	143	10	80	62	71	49	27	30	12	0	8	0	0	0	27	0	0	0	29	22	0	35	13	0	0	21	41	58	0	0	43	66	12	20	170	168	49	180
240	222	89	115	38	204	47	75	18	89	115	38	70	102	12	36	244	351	152	94	186	37	68	7	47	75	18	42	96	10	14	137	248	72	56	89	115	38	23	68	0	21	54	108	0	38	70	102	12	36	244	351	152	94	168	29	52	0	37	68	7	22	88	7	0	102	220	28	23	47	75	18	2	36	0	0	19	52	0	0	42	96	10	14	137	248	72	56	89	115	38	27	64	0	0	33	78	38	35	23	68	0	21	54	108	0	38	70	102	12	36	244	351	152	94	150	22	24	0	29	52	0	22	48	0	0	78	152	0	21	37	68	7	2	24	0	0	19	48	0	0	22	88	7	0	102	220	28	23	47	75	18	5	0	0	0	10	26	18	0	2	36	0	0	19	52	0	0	42	96	10	14	137	248	72	56	89	115	38	30	96	22	0	16	26	76	0	27	64	0	0	33	78	38	35	23	68	0	21	54	108	0	38	70	102	12	36	244	351	152	94
212	194	92	129	7	176	43	96	0	92	129	7	64	101	0	0	250	378	35	28	158	34	94	0	43	96	0	41	98	0	0	131	286	0	7	89	129	7	28	25	0	0	62	66	0	0	64	101	0	0	242	378	35	28	140	25	79	0	34	94	0	21	95	0	0	97	281	0	0	40	96	0	3	23	0	0	18	30	0	0	41	98	0	0	123	286	0	7	87	129	7	27	106	0	0	37	54	0	0	28	25	0	0	62	66	0	0	63	101	0	0	236	378	35	28	122	18	57	0	25	79	0	19	76	0	0	68	228	0	0	31	94	0	3	22	0	0	18	30	0	0	21	95	0	0	89	281	0	0	38	96	0	0	50	0	0	9	20	0	0	3	23	0	0	18	30	0	0	40	98	0	0	117	286	0	7	87	129	7	38	97	0	0	15	48	14	0	27	106	0	0	37	54	0	0	28	25	0	0	62	66	0	0	63	101	0	0	236	378	35	28
181	168	54	12	94	155	35	0	45	54	12	94	57	0	13	18	157	48	94	294	142	27	0	45	35	0	45	36	0	13	18	109	0	45	168	54	12	94	22	0	8	0	23	12	0	0	57	0	13	18	157	48	94	294	129	16	0	45	27	0	45	20	0	13	18	77	0	45	129	35	0	45	5	0	0	0	15	0	0	0	36	0	13	18	109	0	45	168	54	12	94	5	0	40	0	8	0	0	0	22	0	8	0	23	12	0	0	57	0	13	18	157	48	94	294	116	8	0	41	16	0	45	12	0	13	14	41	0	45	60	27	0	45	2	0	0	0	15	0	0	0	20	0	13	18	77	0	45	129	35	0	45	5	0	0	0	8	0	0	0	5	0	0	0	15	0	0	0	36	0	13	18	109	0	45	168	54	12	94	7	0	70	56	12	0	0	0	5	0	40	0	8	0	0	0	22	0	8	0	23	12	0	0	57	0	13	18	157	48	94	294
219	203	53	55	83	187	25	0	77	53	55	83	48	0	77	18	150	121	415	7	171	16	0	77	25	0	77	22	0	77	18	84	0	385	0	53	55	83	19	0	9	0	12	22	0	0	48	0	77	18	150	121	415	7	155	8	0	77	16	0	77	8	0	77	18	49	0	385	0	25	0	77	2	0	9	0	3	0	0	0	22	0	77	18	84	0	385	0	53	55	83	5	0	10	0	2	0	0	0	19	0	9	0	12	22	0	0	48	0	77	18	150	121	415	7	139	7	0	72	8	0	77	6	0	77	14	23	0	385	0	16	0	77	2	0	9	0	3	0	0	0	8	0	77	18	49	0	385	0	25	0	77	5	0	0	0	2	0	0	0	2	0	9	0	3	0	0	0	22	0	77	18	84	0	385	0	53	55	83	7	0	5	67	12	0	0	0	5	0	10	0	2	0	0	0	19	0	9	0	12	22	0	0	48	0	77	18	150	121	415	7
282	261	78	102	139	240	38	64	95	78	102	139	53	128	45	90	222	391	278	245	219	31	30	92	38	64	95	33	60	45	82	116	254	190	158	78	102	139	19	60	8	37	34	30	278	0	53	128	45	90	222	391	278	245	198	20	0	87	31	30	92	21	0	45	69	89	105	184	122	38	64	95	5	0	0	29	14	0	190	0	33	60	45	82	116	254	190	158	78	102	139	13	0	66	51	16	0	278	0	19	60	8	37	34	30	278	0	53	128	45	90	222	391	278	245	177	12	0	53	20	0	87	12	0	45	14	54	0	174	60	31	30	92	2	0	0	0	14	0	184	0	21	0	45	69	89	105	184	122	38	64	95	5	0	23	0	8	0	190	0	5	0	0	29	14	0	190	0	33	60	45	82	116	254	190	158	78	102	139	19	0	55	113	19	38	0	170	13	0	66	51	16	0	278	0	19	60	8	37	34	30	278	0	53	128	45	90	222	391	278	245
206	190	75	90	27	174	37	51	0	75	90	27	48	153	0	0	214	260	81	169	158	31	21	0	37	51	0	33	63	0	0	119	150	0	112	75	90	27	15	63	8	0	31	14	81	0	48	153	0	0	214	260	81	169	142	23	0	0	31	21	0	26	0	0	0	93	56	0	80	37	51	0	7	0	0	0	14	0	0	0	33	63	0	0	119	150	0	112	75	90	27	13	0	40	0	15	0	81	0	15	63	8	0	31	14	81	0	48	153	0	0	214	260	81	169	126	17	0	0	23	0	0	18	0	0	0	65	0	0	37	31	21	0	4	0	0	0	14	0	0	0	26	0	0	0	93	56	0	80	37	51	0	5	0	0	0	7	0	0	0	7	0	0	0	14	0	0	0	33	63	0	0	119	150	0	112	74	90	27	21	0	29	0	19	26	0	0	13	0	40	0	15	0	81	0	15	63	8	0	31	14	81	0	48	153	0	0	213	260	81	169
165	152	64	57	13	139	34	28	0	64	57	13	55	34	0	0	191	160	52	45	126	26	18	0	34	28	0	35	6	0	0	110	82	0	18	64	57	13	18	24	8	0	24	12	13	0	55	34	0	0	191	160	52	45	113	17	12	0	26	18	0	20	0	0	0	79	36	0	7	34	28	0	5	0	0	0	11	0	0	0	35	6	0	0	110	82	0	18	64	57	13	13	0	26	0	10	0	13	0	18	24	8	0	24	12	13	0	55	34	0	0	191	160	52	45	100	11	12	0	17	12	0	12	0	0	0	50	12	0	0	26	18	0	2	0	0	0	11	0	0	0	20	0	0	0	79	36	0	7	34	28	0	5	0	0	0	6	0	0	0	5	0	0	0	11	0	0	0	35	6	0	0	110	82	0	18	64	57	13	19	0	29	0	16	22	0	0	13	0	26	0	10	0	13	0	18	24	8	0	24	12	13	0	55	34	0	0	191	160	52	45
129	119	23	9	51	109	8	0	24	23	9	51	17	0	27	37	65	9	51	123	99	2	0	24	8	0	24	0	0	0	37	25	0	24	77	23	9	51	0	0	27	0	0	0	0	0	17	0	27	37	65	9	51	123	89	2	0	24	2	0	24	0	0	0	37	6	0	24	77	8	0	24	0	0	0	0	0	0	0	0	0	0	0	37	25	0	24	77	23	9	51	0	0	0	0	0	0	0	0	0	0	27	0	0	0	0	0	17	0	27	37	65	9	51	123	79	2	0	24	2	0	24	0	0	0	37	6	0	24	77	2	0	24	0	0	0	0	0	0	0	0	0	0	0	37	6	0	24	77	8	0	24	0	0	0	0	0	0	0	0	0	0	0	0	0	0	0	0	0	0	0	37	25	0	24	77	23	9	51	0	0	0	0	6	0	0	0	0	0	0	0	0	0	0	0	0	0	27	0	0	0	0	0	17	0	27	37	65	9	51	123
129	119	18	9	53	109	5	0	32	18	9	53	8	0	16	44	51	9	53	96	99	2	0	32	5	0	32	0	0	9	44	17	0	32	77	18	9	53	0	0	6	0	0	0	0	0	8	0	16	44	51	9	53	96	89	2	0	32	2	0	32	0	0	9	44	6	0	32	77	5	0	32	0	0	0	0	0	0	0	0	0	0	9	44	17	0	32	77	18	9	53	0	0	0	0	0	0	0	0	0	0	6	0	0	0	0	0	8	0	16	44	51	9	53	96	79	2	0	32	2	0	32	0	0	9	44	6	0	32	77	2	0	32	0	0	0	0	0	0	0	0	0	0	9	44	6	0	32	77	5	0	32	0	0	0	0	0	0	0	0	0	0	0	0	0	0	0	0	0	0	9	44	17	0	32	77	18	9	53	0	0	0	0	4	0	0	0	0	0	0	0	0	0	0	0	0	0	6	0	0	0	0	0	8	0	16	44	51	9	53	96
228	210	44	69	98	192	15	13	42	44	69	98	19	52	67	54	123	207	392	356	174	7	0	42	15	13	42	2	0	9	54	47	39	168	217	44	69	98	0	0	69	0	7	0	98	0	19	52	67	54	123	207	392	356	156	7	0	42	7	0	42	2	0	9	54	21	0	168	214	15	13	42	0	0	11	0	2	0	42	0	2	0	9	54	47	39	168	217	44	69	98	0	0	0	0	5	0	0	0	0	0	69	0	7	0	98	0	19	52	67	54	123	207	392	356	138	7	0	42	7	0	42	2	0	9	54	21	0	168	209	7	0	42	0	0	11	0	2	0	42	0	2	0	9	54	21	0	168	214	15	13	42	0	0	0	0	1	0	0	0	0	0	11	0	2	0	42	0	2	0	9	54	47	39	168	217	44	69	98	0	0	0	0	13	0	0	0	0	0	0	0	5	0	0	0	0	0	69	0	7	0	98	0	19	52	67	54	123	207	392	356
157	144	49	47	39	131	18	20	0	49	47	39	26	24	57	0	134	168	117	262	118	11	12	0	18	20	0	8	0	0	0	51	92	0	172	49	47	39	0	0	57	0	10	0	39	0	26	24	57	0	134	168	117	262	105	11	12	0	11	12	0	8	0	0	0	29	60	0	169	18	20	0	0	0	0	0	4	0	0	0	8	0	0	0	51	92	0	172	49	47	39	8	0	0	0	6	0	0	0	0	0	57	0	10	0	39	0	26	24	57	0	134	168	117	262	92	9	12	0	11	12	0	8	0	0	0	29	60	0	164	11	12	0	0	0	0	0	4	0	0	0	8	0	0	0	29	60	0	169	18	20	0	0	0	0	0	2	0	0	0	0	0	0	0	4	0	0	0	8	0	0	0	51	92	0	172	49	47	39	12	0	0	0	10	22	0	0	8	0	0	0	6	0	0	0	0	0	57	0	10	0	39	0	26	24	57	0	134	168	117	262
89	82	18	10	11	75	6	0	0	18	10	11	9	0	0	0	46	15	22	83	68	4	0	0	6	0	0	2	0	0	0	20	0	0	77	18	10	11	0	0	0	0	0	0	0	0	9	0	0	0	46	15	22	83	61	4	0	0	4	0	0	2	0	0	0	13	0	0	77	6	0	0	0	0	0	0	0	0	0	0	2	0	0	0	20	0	0	77	18	10	11	0	0	0	0	0	0	0	0	0	0	0	0	0	0	0	0	9	0	0	0	46	15	22	83	54	4	0	0	4	0	0	2	0	0	0	13	0	0	77	4	0	0	0	0	0	0	0	0	0	0	2	0	0	0	13	0	0	77	6	0	0	0	0	0	0	0	0	0	0	0	0	0	0	0	0	0	0	2	0	0	0	20	0	0	77	18	10	11	0	0	0	0	2	0	0	0	0	0	0	0	0	0	0	0	0	0	0	0	0	0	0	0	9	0	0	0	46	15	22	83
140	128	43	32	52	116	16	0	32	43	32	52	14	0	77	71	107	80	208	98	104	16	0	9	16	0	32	14	0	51	18	44	0	128	42	43	32	52	2	0	0	9	20	0	0	166	14	0	77	71	107	80	208	98	92	16	0	9	16	0	9	14	0	0	18	44	0	36	42	16	0	32	2	0	0	9	7	0	0	95	14	0	51	18	44	0	128	42	43	32	52	8	0	0	0	13	0	0	0	2	0	0	9	20	0	0	166	14	0	77	71	107	80	208	98	80	14	0	9	16	0	9	14	0	0	18	44	0	36	42	16	0	9	2	0	0	9	7	0	0	92	14	0	0	18	44	0	36	42	16	0	32	0	0	0	0	3	0	0	0	2	0	0	9	7	0	0	95	14	0	51	18	44	0	128	42	42	32	52	14	0	0	0	9	16	0	0	8	0	0	0	13	0	0	0	2	0	0	9	20	0	0	166	14	0	77	71	106	80	208	98
187	170	67	80	70	153	25	30	40	67	80	70	27	0	119	75	180	255	350	137	136	20	30	8	25	30	40	17	0	81	0	72	105	200	42	67	80	70	5	0	36	32	33	30	0	179	27	0	119	75	180	255	350	137	119	19	30	0	20	30	8	15	0	16	0	55	105	40	42	25	30	40	3	0	36	0	12	30	0	95	17	0	81	0	72	105	200	42	65	80	70	9	0	0	0	19	15	0	38	5	0	36	32	33	30	0	179	27	0	119	75	174	255	350	137	102	17	30	0	19	30	0	15	0	0	0	52	105	0	42	20	30	8	3	0	24	0	8	30	0	92	15	0	16	0	55	105	40	42	23	30	40	1	0	0	0	5	15	0	18	3	0	36	0	12	30	0	95	17	0	81	0	66	105	200	42	62	80	70	19	0	0	0	16	20	0	0	9	0	0	0	19	15	0	38	5	0	36	32	33	30	0	179	25	0	119	75	164	255	350	137
131	120	32	10	54	109	12	0	7	32	10	54	8	0	51	21	86	10	54	252	98	12	0	0	12	0	7	8	0	21	0	36	0	7	98	32	10	54	2	0	0	0	5	0	0	27	8	0	51	21	86	10	54	252	87	12	0	0	12	0	0	8	0	0	0	36	0	0	98	12	0	7	2	0	0	0	5	0	0	0	8	0	21	0	36	0	7	98	32	10	54	0	0	0	0	2	0	0	0	2	0	0	0	5	0	0	27	8	0	51	21	86	10	54	252	76	12	0	0	12	0	0	8	0	0	0	36	0	0	98	12	0	0	2	0	0	0	5	0	0	0	8	0	0	0	36	0	0	98	12	0	7	0	0	0	0	2	0	0	0	2	0	0	0	5	0	0	0	8	0	21	0	36	0	7	98	31	10	54	2	0	0	0	8	0	0	0	0	0	0	0	2	0	0	0	2	0	0	0	5	0	0	27	8	0	51	21	85	10	54	252
122	110	35	43	26	98	9	27	0	35	43	26	6	18	21	0	88	96	52	148	86	9	27	0	9	27	0	6	18	0	0	28	72	0	42	35	43	26	2	0	0	0	9	0	0	0	6	18	21	0	88	96	52	148	74	9	27	0	9	27	0	6	18	0	0	28	72	0	42	9	27	0	2	0	0	0	5	0	0	0	6	18	0	0	28	72	0	42	35	43	26	0	0	0	0	4	0	0	0	2	0	0	0	9	0	0	0	6	18	21	0	88	96	52	148	62	9	27	0	9	27	0	6	18	0	0	28	72	0	42	9	27	0	2	0	0	0	5	0	0	0	6	18	0	0	28	72	0	42	9	27	0	0	0	0	0	2	0	0	0	2	0	0	0	5	0	0	0	6	18	0	0	28	72	0	42	31	43	26	2	0	0	0	6	0	0	0	0	0	0	0	4	0	0	0	2	0	0	0	9	0	0	0	6	18	21	0	83	96	52	148
86	78	30	19	0	70	10	7	0	30	19	0	8	0	0	0	71	38	0	0	62	10	7	0	10	7	0	8	0	0	0	29	14	0	0	30	19	0	2	0	0	0	13	0	0	0	8	0	0	0	71	38	0	0	54	10	7	0	10	7	0	8	0	0	0	29	14	0	0	10	7	0	2	0	0	0	5	0	0	0	8	0	0	0	29	14	0	0	30	19	0	0	0	0	0	8	0	0	0	2	0	0	0	13	0	0	0	8	0	0	0	71	38	0	0	46	10	7	0	10	7	0	8	0	0	0	29	14	0	0	10	7	0	2	0	0	0	5	0	0	0	8	0	0	0	29	14	0	0	10	7	0	0	0	0	0	2	0	0	0	2	0	0	0	5	0	0	0	8	0	0	0	29	14	0	0	27	19	0	2	0	0	0	5	0	0	0	0	0	0	0	8	0	0	0	2	0	0	0	13	0	0	0	8	0	0	0	67	38	0	0
206	187	57	48	151	168	33	0	119	57	48	151	44	0	76	128	155	96	453	122	149	28	0	100	33	0	119	32	0	73	63	97	0	357	72	56	48	151	17	0	0	63	36	80	0	98	44	0	76	128	154	96	453	122	130	23	0	64	28	0	100	22	0	73	8	78	0	300	17	32	0	119	6	0	0	11	12	0	0	42	32	0	73	63	96	0	357	72	54	48	151	16	0	10	125	19	64	0	166	17	0	0	63	36	80	0	98	43	0	76	128	148	96	453	122	111	17	0	33	23	0	64	17	0	55	0	62	0	192	9	27	0	100	4	0	0	11	12	0	0	42	22	0	73	8	77	0	300	17	30	0	119	2	0	10	23	5	0	0	95	6	0	0	11	12	0	0	42	31	0	73	63	90	0	357	72	53	48	151	23	0	30	46	9	16	0	169	16	0	10	125	19	64	0	166	17	0	0	63	36	80	0	98	43	0	76	128	147	96	453	122
204	183	73	134	95	162	35	80	67	73	134	95	44	96	49	110	202	344	380	122	141	28	80	50	35	80	67	28	96	46	69	109	208	268	72	70	134	95	19	0	0	75	44	96	0	39	44	96	49	110	195	344	380	122	120	22	72	13	28	80	50	16	96	46	8	81	208	200	17	32	80	67	6	0	0	0	10	32	0	0	28	96	46	69	102	208	268	72	66	134	95	11	96	10	57	22	66	0	179	19	0	0	75	44	96	0	39	43	96	49	110	183	344	380	122	99	17	36	0	22	72	13	11	72	29	0	62	188	52	9	25	80	50	4	0	0	0	10	32	0	0	16	96	46	8	74	208	200	17	28	80	67	2	0	10	0	4	16	0	95	6	0	0	0	10	32	0	0	27	96	46	69	90	208	268	72	63	134	95	15	144	30	0	8	28	190	45	11	96	10	57	22	66	0	179	19	0	0	75	44	96	0	39	41	96	49	110	173	344	380	122
146	130	47	73	52	114	18	57	10	47	73	52	19	70	0	30	128	180	52	202	98	15	55	7	18	57	10	11	66	0	21	54	156	10	79	47	73	52	3	22	0	21	29	35	0	0	19	70	0	30	128	180	52	202	82	14	55	0	15	55	7	9	66	0	0	42	154	7	17	18	57	10	1	22	0	0	7	33	0	0	11	66	0	21	54	156	10	79	43	73	52	9	0	0	0	17	11	0	27	3	22	0	21	29	35	0	0	19	70	0	30	118	180	52	202	67	12	53	0	14	55	0	9	66	0	0	39	154	0	9	15	55	7	1	22	0	0	7	33	0	0	9	66	0	0	42	154	7	17	15	57	10	1	0	0	0	3	11	0	0	1	22	0	0	7	33	0	0	11	66	0	21	45	156	10	79	35	58	52	17	20	0	0	4	0	0	0	9	0	0	0	17	11	0	27	3	22	0	21	29	35	0	0	13	70	0	30	94	165	52	202
108	98	40	16	29	88	24	0	0	40	16	29	27	0	0	0	110	24	58	148	78	21	0	0	24	0	0	21	0	0	0	68	0	0	72	40	16	29	7	0	0	0	28	24	0	0	27	0	0	0	110	24	58	148	68	19	0	0	21	0	0	15	0	0	0	58	0	0	17	24	0	0	3	0	0	0	10	0	0	0	21	0	0	0	68	0	0	72	39	16	29	9	0	0	0	16	16	0	0	7	0	0	0	28	24	0	0	27	0	0	0	107	24	58	148	58	17	0	0	19	0	0	15	0	0	0	53	0	0	9	21	0	0	3	0	0	0	10	0	0	0	15	0	0	0	58	0	0	17	23	0	0	1	0	0	0	4	0	0	0	3	0	0	0	10	0	0	0	21	0	0	0	65	0	0	72	38	16	29	19	0	0	0	5	0	0	0	9	0	0	0	16	16	0	0	7	0	0	0	28	24	0	0	27	0	0	0	106	24	58	148
119	106	63	58	10	93	29	32	0	63	58	10	52	10	0	0	168	175	50	70	80	20	31	0	29	32	0	27	10	0	0	87	96	0	40	59	58	10	16	11	0	0	28	61	0	0	52	10	0	0	161	175	50	70	68	15	30	0	20	31	0	15	10	0	0	55	93	0	8	28	32	0	4	10	0	0	9	30	0	0	27	10	0	0	86	96	0	40	56	46	10	12	10	0	0	14	30	0	0	16	11	0	0	28	61	0	0	51	10	0	0	152	139	50	70	56	12	25	0	15	30	0	13	10	0	0	40	90	0	0	19	31	0	2	10	0	0	9	30	0	0	15	10	0	0	54	93	0	8	25	20	0	1	10	0	0	4	10	0	0	4	10	0	0	9	30	0	0	26	10	0	0	77	60	0	40	49	46	10	17	25	0	0	7	5	0	0	12	10	0	0	14	30	0	0	16	11	0	0	28	61	0	0	45	10	0	0	130	139	50	70
139	125	47	13	106	111	27	0	51	47	13	106	47	0	22	53	126	52	106	337	97	20	0	50	27	0	51	26	0	22	51	77	0	51	196	46	13	106	15	0	0	12	15	13	0	0	47	0	22	53	125	52	106	337	83	14	0	50	20	0	50	16	0	22	51	54	0	50	157	26	0	51	5	0	0	12	10	0	0	0	26	0	22	51	76	0	51	196	44	13	106	5	0	24	0	4	0	0	0	15	0	0	12	15	13	0	0	46	0	22	53	119	52	106	337	69	7	0	44	14	0	50	8	0	22	42	37	0	50	77	19	0	50	3	0	0	8	10	0	0	0	16	0	22	51	53	0	50	157	24	0	51	2	0	0	0	4	0	0	0	5	0	0	12	10	0	0	0	25	0	22	51	70	0	51	196	43	13	106	3	0	61	57	6	0	0	0	5	0	24	0	4	0	0	0	15	0	0	12	15	13	0	0	46	0	22	53	118	52	106	337
106	95	44	28	25	84	23	0	8	44	28	25	41	0	16	0	114	56	100	105	73	16	0	8	23	0	8	20	0	16	0	64	0	32	67	42	28	25	13	0	0	0	11	7	0	0	41	0	16	0	112	56	100	105	62	10	0	8	16	0	8	10	0	16	0	41	0	32	50	21	0	8	3	0	0	0	7	0	0	0	20	0	16	0	62	0	32	67	40	28	25	5	0	24	0	3	0	0	0	13	0	0	0	11	7	0	0	40	0	16	0	106	56	100	105	51	5	0	8	10	0	8	2	0	16	0	24	0	32	13	14	0	8	1	0	0	0	7	0	0	0	10	0	16	0	39	0	32	50	19	0	8	2	0	0	0	3	0	0	0	3	0	0	0	7	0	0	0	19	0	16	0	56	0	32	67	40	28	25	3	0	41	0	6	0	0	0	5	0	24	0	3	0	0	0	13	0	0	0	11	7	0	0	40	0	16	0	106	56	100	105
153	137	44	65	58	121	17	10	51	44	65	58	30	50	45	26	110	125	290	10	105	11	0	50	17	10	51	14	0	45	24	50	10	255	0	42	65	58	13	0	0	12	10	10	58	0	30	50	45	26	108	125	290	10	89	7	0	50	11	0	50	4	0	45	24	28	0	250	0	15	10	51	3	0	0	12	5	0	51	0	14	0	45	24	48	10	255	0	40	65	58	5	0	0	0	2	0	0	0	13	0	0	12	10	10	58	0	29	50	45	26	102	125	290	10	73	5	0	45	7	0	50	2	0	45	16	16	0	250	0	9	0	50	1	0	0	8	5	0	50	0	4	0	45	24	26	0	250	0	13	10	51	2	0	0	0	2	0	0	0	3	0	0	12	5	0	51	0	13	0	45	24	42	10	255	0	40	65	58	3	0	5	42	5	0	0	0	5	0	0	0	2	0	0	0	13	0	0	12	10	10	58	0	29	50	45	26	102	125	290	10
186	166	64	107	104	146	28	69	59	64	107	104	35	168	22	46	166	318	208	285	126	23	26	58	28	69	59	20	78	22	44	78	205	118	186	58	107	104	10	52	12	12	18	13	312	0	35	168	22	46	153	318	208	285	106	16	0	58	23	26	58	13	0	22	44	61	65	116	150	22	69	59	4	0	10	12	7	0	177	0	20	78	22	44	65	205	118	186	55	107	104	8	0	60	0	7	0	208	0	10	52	12	12	18	13	312	0	34	168	22	46	144	318	208	285	86	9	0	46	16	0	58	2	0	22	26	39	0	116	77	17	26	58	1	0	10	8	7	0	174	0	13	0	22	44	48	65	116	150	19	69	59	2	0	30	0	3	0	118	0	4	0	10	12	7	0	177	0	19	78	22	44	56	205	118	186	55	107	104	7	0	53	89	14	18	0	0	8	0	60	0	7	0	208	0	10	52	12	12	18	13	312	0	34	168	22	46	144	318	208	285
138	121	68	110	33	104	27	76	0	67	110	33	40	121	0	0	178	312	99	256	88	20	54	0	27	76	0	21	63	0	0	76	217	0	186	58	94	33	7	62	0	0	18	35	66	0	40	121	0	0	159	296	99	256	73	15	36	0	20	54	0	13	29	0	0	53	129	0	150	21	61	0	1	14	0	0	5	24	0	0	21	63	0	0	63	202	0	186	53	79	33	12	35	24	0	8	14	66	0	7	62	0	0	18	35	66	0	34	106	0	0	143	251	99	256	58	8	26	0	15	36	0	7	14	0	0	40	71	0	77	14	39	0	1	0	0	0	5	20	0	0	13	29	0	0	40	114	0	150	16	46	0	1	12	0	0	2	12	0	0	1	14	0	0	5	24	0	0	15	48	0	0	47	157	0	186	51	79	33	12	38	41	0	10	36	33	0	12	35	24	0	8	14	66	0	7	62	0	0	18	35	66	0	32	106	0	0	134	251	99	256
80	71	21	8	34	62	7	0	8	21	8	34	11	0	24	16	53	8	34	116	53	4	0	8	7	0	8	3	0	0	16	17	0	8	59	19	8	34	2	0	14	0	2	0	0	0	11	0	24	16	51	8	34	116	44	3	0	8	4	0	8	1	0	0	16	7	0	8	58	5	0	8	0	0	0	0	2	0	0	0	3	0	0	16	15	0	8	59	18	8	34	1	0	7	0	1	0	0	0	2	0	14	0	2	0	0	0	10	0	24	16	48	8	34	116	35	3	0	8	3	0	8	1	0	0	16	5	0	8	58	2	0	8	0	0	0	0	2	0	0	0	1	0	0	16	5	0	8	58	4	0	8	1	0	0	0	1	0	0	0	0	0	0	0	2	0	0	0	2	0	0	16	12	0	8	59	18	8	34	3	0	0	0	4	0	0	0	1	0	7	0	1	0	0	0	2	0	14	0	2	0	0	0	10	0	24	16	48	8	34	116
89	79	14	9	49	69	2	0	26	14	9	49	4	0	10	56	31	9	49	83	59	1	0	26	2	0	26	0	0	0	56	4	0	26	59	13	9	49	0	0	0	0	0	0	0	0	4	0	10	56	30	9	49	83	49	1	0	26	1	0	26	0	0	0	56	1	0	26	58	1	0	26	0	0	0	0	0	0	0	0	0	0	0	56	3	0	26	59	13	9	49	0	0	0	0	0	0	0	0	0	0	0	0	0	0	0	0	4	0	10	56	30	9	49	83	39	1	0	26	1	0	26	0	0	0	56	1	0	26	58	0	0	26	0	0	0	0	0	0	0	0	0	0	0	56	0	0	26	58	1	0	26	0	0	0	0	0	0	0	0	0	0	0	0	0	0	0	0	0	0	0	56	3	0	26	59	13	9	49	0	0	0	0	1	0	0	0	0	0	0	0	0	0	0	0	0	0	0	0	0	0	0	0	4	0	10	56	30	9	49	83
129	114	44	54	64	99	16	10	11	42	54	64	19	40	63	33	104	162	256	326	84	12	0	11	14	10	11	9	0	0	33	35	30	44	169	35	54	64	2	0	40	0	6	0	64	0	13	40	63	33	89	162	256	326	69	11	0	11	10	0	11	7	0	0	33	23	0	44	166	7	10	11	0	0	0	0	2	0	11	0	3	0	0	33	20	30	44	169	33	54	64	4	0	7	0	4	0	0	0	2	0	40	0	6	0	64	0	12	40	63	33	83	162	256	326	54	10	0	11	9	0	11	7	0	0	33	21	0	44	166	3	0	11	0	0	0	0	2	0	11	0	1	0	0	33	8	0	44	166	5	10	11	1	0	0	0	1	0	0	0	0	0	0	0	2	0	11	0	2	0	0	33	14	30	44	169	33	54	64	3	0	0	0	11	14	0	0	4	0	7	0	4	0	0	0	2	0	40	0	6	0	64	0	12	40	63	33	83	162	256	326
90	79	32	26	37	68	10	10	0	31	26	37	17	0	63	0	82	58	74	220	58	5	10	0	10	10	0	3	0	0	0	26	10	0	118	28	16	37	2	0	40	0	2	0	0	0	17	0	63	0	76	48	74	220	48	4	10	0	5	10	0	1	0	0	0	11	10	0	116	7	0	0	0	0	0	0	2	0	0	0	3	0	0	0	20	0	0	118	27	16	37	1	0	7	0	1	0	0	0	2	0	40	0	2	0	0	0	16	0	63	0	73	48	74	220	38	4	10	0	4	10	0	1	0	0	0	9	10	0	116	2	0	0	0	0	0	0	2	0	0	0	1	0	0	0	5	0	0	116	6	0	0	1	0	0	0	1	0	0	0	0	0	0	0	2	0	0	0	2	0	0	0	17	0	0	118	27	16	37	3	0	0	0	9	0	0	0	1	0	7	0	1	0	0	0	2	0	40	0	2	0	0	0	16	0	63	0	73	48	74	220
69	61	24	15	10	53	9	0	0	21	15	10	11	0	10	0	47	30	30	58	45	8	0	0	6	0	0	7	0	0	0	16	0	0	51	16	15	10	0	0	0	0	0	0	0	0	4	0	10	0	34	30	30	58	37	8	0	0	5	0	0	7	0	0	0	13	0	0	50	1	0	0	0	0	0	0	0	0	0	0	0	0	0	0	3	0	0	51	16	15	10	0	0	0	0	0	0	0	0	0	0	0	0	0	0	0	0	4	0	10	0	34	30	30	58	29	8	0	0	5	0	0	7	0	0	0	13	0	0	50	0	0	0	0	0	0	0	0	0	0	0	0	0	0	0	0	0	0	50	1	0	0	0	0	0	0	0	0	0	0	0	0	0	0	0	0	0	0	0	0	0	0	3	0	0	51	16	15	10	0	0	0	0	2	0	0	0	0	0	0	0	0	0	0	0	0	0	0	0	0	0	0	0	4	0	10	0	34	30	30	58
92	80	53	32	48	68	24	0	33	50	32	48	19	0	99	47	124	80	192	64	56	22	0	12	21	0	33	14	0	79	0	54	0	132	11	35	32	48	0	0	23	12	12	0	0	137	12	0	99	47	86	80	192	64	44	22	0	10	19	0	12	14	0	36	0	51	0	48	11	6	0	33	0	0	20	10	2	0	0	59	7	0	79	0	16	0	132	11	31	32	48	12	0	0	20	8	0	0	0	0	0	23	12	12	0	0	137	5	0	99	47	73	80	192	64	32	19	0	10	19	0	10	14	0	30	0	51	0	40	11	4	0	12	0	0	12	10	0	0	0	58	7	0	36	0	13	0	48	11	2	0	33	1	0	0	20	1	0	0	0	0	0	20	10	2	0	0	59	0	0	79	0	3	0	132	11	31	32	48	22	0	0	0	12	24	0	0	12	0	0	20	8	0	0	0	0	0	23	12	12	0	0	137	5	0	99	47	73	80	192	64
95	83	31	11	70	71	13	0	23	28	11	70	7	0	40	76	68	11	70	194	59	13	0	0	10	0	23	7	0	26	0	25	0	23	45	18	11	70	0	0	0	0	0	0	0	162	0	0	40	76	43	11	70	194	47	13	0	0	10	0	0	7	0	0	0	25	0	0	45	0	0	23	0	0	0	0	0	0	0	110	0	0	26	0	0	0	23	45	18	11	70	0	0	0	0	0	0	0	0	0	0	0	0	0	0	0	162	0	0	40	76	43	11	70	194	35	13	0	0	10	0	0	7	0	0	0	25	0	0	45	0	0	0	0	0	0	0	0	0	0	108	0	0	0	0	0	0	0	45	0	0	23	0	0	0	0	0	0	0	0	0	0	0	0	0	0	0	110	0	0	26	0	0	0	23	45	18	11	70	3	0	0	0	10	0	0	0	0	0	0	0	0	0	0	0	0	0	0	0	0	0	0	162	0	0	40	76	43	11	70	194
103	88	59	66	43	73	24	26	20	51	66	43	17	0	60	47	124	185	215	101	60	23	26	0	21	26	20	15	0	40	0	54	65	100	11	36	40	43	0	0	10	0	16	0	0	137	10	0	60	47	88	120	215	101	47	23	26	0	20	26	0	15	0	0	0	52	65	0	11	6	0	20	0	0	7	0	2	0	0	59	8	0	40	0	18	0	100	11	31	40	43	17	0	0	0	11	0	0	0	0	0	10	0	16	0	0	137	2	0	60	47	72	120	215	101	34	19	26	0	20	26	0	15	0	0	0	52	65	0	11	5	0	0	0	0	0	0	0	0	0	58	8	0	0	0	16	0	0	11	1	0	20	1	0	0	0	1	0	0	0	0	0	7	0	2	0	0	59	0	0	40	0	2	0	100	11	31	40	43	27	0	0	0	9	32	0	0	17	0	0	0	11	0	0	0	0	0	10	0	16	0	0	137	2	0	60	47	72	120	215	101
70	57	34	58	15	46	9	40	0	25	36	15	1	48	10	0	61	82	30	74	38	9	40	0	8	24	0	1	48	0	0	22	64	0	11	17	12	15	0	0	0	0	2	0	0	0	0	0	10	0	39	18	30	74	30	9	40	0	8	24	0	1	48	0	0	22	64	0	11	0	0	0	0	0	0	0	0	0	0	0	0	0	0	0	0	0	0	11	17	12	15	0	0	0	0	1	0	0	0	0	0	0	0	2	0	0	0	0	0	10	0	39	18	30	74	22	9	40	0	8	24	0	1	48	0	0	22	64	0	11	0	0	0	0	0	0	0	0	0	0	0	0	0	0	0	0	0	0	11	0	0	0	0	0	0	0	0	0	0	0	0	0	0	0	0	0	0	0	0	0	0	0	0	0	0	11	17	12	15	7	0	0	0	9	0	0	0	0	0	0	0	1	0	0	0	0	0	0	0	2	0	0	0	0	0	10	0	39	18	30	74
64	54	35	32	5	45	13	16	0	29	23	5	6	8	0	0	68	62	15	10	37	13	16	0	11	8	0	6	8	0	0	29	32	0	0	19	15	5	0	0	0	0	6	0	0	0	0	0	0	0	42	30	15	10	29	13	16	0	11	8	0	6	8	0	0	29	32	0	0	1	0	0	0	0	0	0	0	0	0	0	0	0	0	0	3	0	0	0	18	15	5	3	0	0	0	4	0	0	0	0	0	0	0	6	0	0	0	0	0	0	0	39	30	15	10	21	12	16	0	11	8	0	6	8	0	0	29	32	0	0	1	0	0	0	0	0	0	0	0	0	0	0	0	0	0	3	0	0	0	0	0	0	0	0	0	0	0	0	0	0	0	0	0	0	0	0	0	0	0	0	0	0	0	0	0	0	18	15	5	7	0	0	0	7	5	0	0	3	0	0	0	4	0	0	0	0	0	0	0	6	0	0	0	0	0	0	0	39	30	15	10
93	78	49	48	75	63	23	26	44	40	48	75	20	0	62	58	110	111	150	111	50	21	26	42	20	26	44	16	0	61	52	58	78	88	53	27	22	75	2	0	0	26	16	22	0	0	13	0	62	58	77	33	150	111	37	20	26	24	18	26	42	14	0	61	12	49	78	84	12	7	0	44	0	0	0	0	0	0	0	0	9	0	61	52	25	0	88	53	22	22	75	16	0	0	60	10	11	0	104	2	0	0	26	16	22	0	0	6	0	62	58	61	33	150	111	24	16	22	10	17	26	24	14	0	48	10	46	78	48	10	5	0	42	0	0	0	0	0	0	0	0	7	0	61	12	16	0	84	12	2	0	44	0	0	0	10	0	0	0	59	0	0	0	0	0	0	0	0	2	0	61	52	9	0	88	53	20	22	75	20	44	0	20	0	0	0	95	16	0	0	60	10	11	0	104	2	0	0	26	16	22	0	0	4	0	62	58	52	33	150	111
105	89	51	51	95	73	25	15	64	50	51	95	25	0	74	118	138	117	285	96	57	21	15	49	24	15	64	15	0	71	66	73	45	192	53	34	51	95	8	0	0	47	17	48	0	64	24	0	74	118	100	117	285	96	42	18	12	24	20	15	49	9	0	68	12	55	45	147	12	11	15	64	0	0	0	0	0	0	0	11	14	0	71	66	41	45	192	53	27	36	95	14	36	0	60	9	36	0	137	8	0	0	47	17	48	0	64	16	0	74	118	77	72	285	96	27	14	0	10	17	12	24	9	0	48	10	45	36	72	10	7	15	49	0	0	0	0	0	0	0	11	8	0	68	12	23	45	147	12	4	0	64	0	0	0	10	0	0	0	59	0	0	0	0	0	0	0	11	6	0	71	66	18	0	192	53	23	36	95	25	0	12	20	0	0	95	95	14	36	0	60	9	36	0	137	8	0	0	47	17	48	0	64	10	0	74	118	59	72	285	96
77	64	51	53	22	51	20	22	13	49	53	22	22	11	14	13	132	147	110	43	39	16	22	13	20	22	13	12	11	13	13	63	55	65	20	36	41	22	8	0	0	0	15	24	0	0	22	11	14	13	101	123	110	43	28	13	17	12	16	22	13	6	11	13	12	45	55	65	0	10	11	13	0	0	0	0	0	0	0	0	12	11	13	13	38	33	65	20	30	30	22	11	30	0	12	7	18	0	0	8	0	0	0	15	24	0	0	16	0	14	13	81	90	110	43	17	10	6	10	13	17	12	6	6	12	10	35	40	60	0	6	11	13	0	0	0	0	0	0	0	0	6	11	13	12	20	33	65	0	4	0	13	0	0	0	10	0	0	0	0	0	0	0	0	0	0	0	0	6	0	13	13	18	0	65	20	26	30	22	19	30	0	20	0	0	22	0	11	30	0	12	7	18	0	0	8	0	0	0	15	24	0	0	10	0	14	13	63	90	110	43
85	69	55	89	28	53	19	55	10	48	89	28	18	66	12	20	129	238	112	91	40	15	55	7	19	55	10	8	66	10	14	58	154	40	53	32	50	28	8	0	0	21	16	28	0	0	18	66	12	20	93	147	112	91	29	12	47	0	15	55	7	2	66	7	0	40	154	28	12	10	22	10	0	0	0	0	0	0	0	0	8	66	10	14	37	77	40	53	26	28	28	9	56	0	0	8	21	0	33	8	0	0	21	16	28	0	0	16	0	12	20	74	70	112	91	18	9	21	0	12	47	0	2	42	0	0	30	126	0	10	6	22	7	0	0	0	0	0	0	0	0	2	66	7	0	19	77	28	12	4	0	10	0	0	0	0	0	0	0	0	0	0	0	0	0	0	0	0	6	0	10	14	18	0	40	53	22	28	28	13	84	12	0	0	0	56	0	9	56	0	0	8	21	0	33	8	0	0	21	16	28	0	0	10	0	12	20	56	70	112	91
75	62	41	39	38	49	19	30	0	31	39	38	14	0	0	0	83	79	38	181	39	19	30	0	16	30	0	14	0	0	0	45	70	0	76	19	9	38	0	0	0	0	15	0	0	0	7	0	0	0	51	9	38	181	29	19	30	0	16	30	0	14	0	0	0	45	70	0	12	4	0	0	0	0	0	0	0	0	0	0	7	0	0	0	13	0	0	76	15	9	38	16	0	0	0	10	0	0	0	0	0	0	0	15	0	0	0	0	0	0	0	38	9	38	181	19	15	27	0	16	30	0	14	0	0	0	45	70	0	10	4	0	0	0	0	0	0	0	0	0	0	7	0	0	0	13	0	0	12	0	0	0	0	0	0	0	0	0	0	0	0	0	0	0	0	0	0	0	0	0	0	0	0	0	0	76	15	9	38	21	27	0	0	0	0	0	0	16	0	0	0	10	0	0	0	0	0	0	0	15	0	0	0	0	0	0	0	38	9	38	181
77	64	39	12	92	51	21	0	42	39	12	92	27	0	0	74	116	48	92	258	38	16	0	41	21	0	42	13	0	0	71	66	0	42	131	30	12	92	8	0	0	13	4	12	0	0	27	0	0	74	94	48	92	258	25	9	0	41	16	0	41	7	0	0	71	45	0	41	111	12	0	42	0	0	0	13	0	0	0	0	13	0	0	71	44	0	42	131	22	12	92	0	0	32	0	0	0	0	0	8	0	0	13	4	12	0	0	20	0	0	74	68	48	92	258	12	0	0	36	9	0	41	0	0	0	60	22	0	41	60	7	0	41	0	0	0	12	0	0	0	0	7	0	0	71	23	0	41	111	4	0	42	0	0	0	0	0	0	0	0	0	0	0	13	0	0	0	0	6	0	0	71	18	0	42	131	14	12	92	0	0	76	60	0	0	0	0	0	0	32	0	0	0	0	0	8	0	0	13	4	12	0	0	10	0	0	74	38	48	92	258
85	70	38	50	71	55	11	0	63	38	50	71	23	0	40	32	105	130	355	22	40	5	0	63	11	0	63	7	0	40	32	37	0	315	13	37	50	71	8	0	11	0	5	10	0	0	23	0	40	32	103	130	355	22	25	1	0	63	5	0	63	1	0	40	32	15	0	315	13	10	0	63	0	0	11	0	0	0	0	0	7	0	40	32	35	0	315	13	32	50	71	0	0	6	0	0	0	0	0	8	0	11	0	5	10	0	0	22	0	40	32	87	130	355	22	10	0	0	58	1	0	63	0	0	40	24	2	0	315	12	4	0	63	0	0	11	0	0	0	0	0	1	0	40	32	13	0	315	13	5	0	63	0	0	0	0	0	0	0	0	0	0	11	0	0	0	0	0	6	0	40	32	19	0	315	13	14	50	71	0	0	6	58	0	0	0	0	0	0	6	0	0	0	0	0	8	0	11	0	5	10	0	0	12	0	40	32	38	130	355	22
99	81	54	73	104	63	19	41	64	54	73	104	24	82	32	56	151	277	208	220	45	15	13	62	19	41	64	12	26	32	52	55	162	128	131	44	73	104	7	26	11	20	7	13	208	0	24	82	32	56	129	277	208	220	28	7	0	59	15	13	62	8	0	32	46	42	39	124	111	12	41	64	0	0	11	14	0	0	128	0	12	26	32	52	39	162	128	131	26	56	104	0	0	56	21	0	0	104	0	7	26	11	20	6	13	208	0	16	82	32	56	75	226	208	220	13	0	0	42	7	0	59	0	0	32	24	16	0	118	60	8	13	62	0	0	11	0	0	0	124	0	8	0	32	46	26	39	124	111	3	26	64	0	0	22	0	0	0	64	0	0	0	11	14	0	0	128	0	4	26	32	52	10	117	128	131	16	26	104	0	0	63	83	0	0	0	33	0	0	56	21	0	0	104	0	7	26	11	20	6	13	208	0	8	52	32	56	45	91	208	220
71	57	48	65	25	43	12	34	0	48	65	25	17	82	0	0	132	230	75	145	29	9	14	0	12	34	0	9	28	0	0	37	133	0	87	37	65	25	2	42	0	0	5	7	50	0	17	82	0	0	108	230	75	145	17	4	0	0	9	14	0	7	0	0	0	25	49	0	69	8	34	0	0	0	0	0	0	0	0	0	9	28	0	0	28	133	0	87	22	41	25	0	0	32	0	0	0	50	0	2	42	0	0	4	7	50	0	10	82	0	0	64	146	75	145	7	0	0	0	4	0	0	0	0	0	0	9	0	0	36	5	14	0	0	0	0	0	0	0	0	0	7	0	0	0	16	49	0	69	2	14	0	0	0	0	0	0	0	0	0	0	0	0	0	0	0	0	0	2	28	0	0	9	63	0	87	12	21	25	0	0	27	0	0	0	0	0	0	0	32	0	0	0	50	0	2	42	0	0	4	7	50	0	4	42	0	0	34	56	75	145
56	46	36	24	13	36	15	0	0	36	24	13	27	0	0	0	106	60	52	50	26	10	0	0	15	0	0	13	0	0	0	50	0	0	23	32	24	13	8	0	0	0	4	6	0	0	27	0	0	0	97	60	52	50	16	4	0	0	10	0	0	7	0	0	0	29	0	0	20	11	0	0	0	0	0	0	0	0	0	0	13	0	0	0	41	0	0	23	25	24	13	0	0	20	0	0	0	0	0	8	0	0	0	4	6	0	0	20	0	0	0	74	60	52	50	6	0	0	0	4	0	0	0	0	0	0	9	0	0	12	6	0	0	0	0	0	0	0	0	0	0	7	0	0	0	20	0	0	20	4	0	0	0	0	0	0	0	0	0	0	0	0	0	0	0	0	0	0	6	0	0	0	18	0	0	23	11	24	13	0	0	27	0	0	0	0	0	0	0	20	0	0	0	0	0	8	0	0	0	4	6	0	0	10	0	0	0	32	60	52	50
44	35	18	8	33	26	3	0	9	18	8	33	8	0	14	9	49	8	33	109	17	0	0	9	3	0	9	0	0	0	9	10	0	9	63	18	8	33	0	0	14	0	0	0	0	0	8	0	14	9	49	8	33	109	8	0	0	9	0	0	9	0	0	0	9	0	0	9	63	3	0	9	0	0	0	0	0	0	0	0	0	0	0	9	10	0	9	63	14	8	33	0	0	0	0	0	0	0	0	0	0	14	0	0	0	0	0	8	0	14	9	38	8	33	109	0	0	0	9	0	0	9	0	0	0	9	0	0	9	63	0	0	9	0	0	0	0	0	0	0	0	0	0	0	9	0	0	9	63	0	0	9	0	0	0	0	0	0	0	0	0	0	0	0	0	0	0	0	0	0	0	9	0	0	9	63	0	0	33	0	0	0	0	0	0	0	0	0	0	0	0	0	0	0	0	0	0	14	0	0	0	0	0	0	0	14	9	0	0	33	109
53	42	16	18	46	31	1	0	27	16	18	46	4	0	13	31	35	27	92	84	20	0	0	27	1	0	27	0	0	11	31	3	0	54	63	16	18	46	0	0	0	0	0	0	0	0	4	0	13	31	35	27	92	84	9	0	0	27	0	0	27	0	0	11	31	0	0	54	63	1	0	27	0	0	0	0	0	0	0	0	0	0	11	31	3	0	54	63	12	18	46	0	0	0	0	0	0	0	0	0	0	0	0	0	0	0	0	4	0	13	31	28	27	92	84	0	0	0	27	0	0	27	0	0	11	31	0	0	54	63	0	0	27	0	0	0	0	0	0	0	0	0	0	11	31	0	0	54	63	0	0	27	0	0	0	0	0	0	0	0	0	0	0	0	0	0	0	0	0	0	11	31	0	0	54	63	0	0	46	0	0	0	0	0	0	0	0	0	0	0	0	0	0	0	0	0	0	0	0	0	0	0	0	0	0	13	31	0	0	92	84
74	58	33	59	72	42	4	11	21	33	59	72	6	44	53	32	85	177	288	305	26	0	0	21	4	11	21	0	0	11	32	13	33	84	169	30	59	72	0	0	38	0	1	0	72	0	6	44	53	32	79	177	288	305	11	0	0	21	0	0	21	0	0	11	32	0	0	84	166	4	11	21	0	0	10	0	0	0	21	0	0	0	11	32	13	33	84	169	14	44	72	0	0	0	0	0	0	0	0	0	0	38	0	0	0	72	0	6	44	53	32	37	132	288	305	0	0	0	21	0	0	21	0	0	11	32	0	0	84	163	0	0	21	0	0	10	0	0	0	21	0	0	0	11	32	0	0	84	166	0	0	21	0	0	0	0	0	0	0	0	0	0	10	0	0	0	21	0	0	0	11	32	0	0	84	169	0	0	72	0	0	0	0	0	0	0	0	0	0	0	0	0	0	0	0	0	0	38	0	0	0	72	0	0	0	53	32	0	0	288	305
52	41	26	24	36	30	4	0	0	26	24	36	10	0	40	0	72	64	108	213	19	0	0	0	4	0	0	0	0	0	0	13	0	0	127	26	24	36	0	0	27	0	1	0	0	0	10	0	40	0	72	64	108	213	8	0	0	0	0	0	0	0	0	0	0	0	0	0	125	4	0	0	0	0	0	0	0	0	0	0	0	0	0	0	13	0	0	127	14	24	36	0	0	0	0	0	0	0	0	0	0	27	0	0	0	0	0	10	0	40	0	40	64	108	213	0	0	0	0	0	0	0	0	0	0	0	0	0	0	122	0	0	0	0	0	0	0	0	0	0	0	0	0	0	0	0	0	0	125	0	0	0	0	0	0	0	0	0	0	0	0	0	0	0	0	0	0	0	0	0	0	0	0	0	0	127	0	0	36	0	0	0	0	0	0	0	0	0	0	0	0	0	0	0	0	0	0	27	0	0	0	0	0	0	0	40	0	0	0	108	213
37	29	17	15	10	21	1	0	0	17	15	10	4	0	0	0	37	30	30	71	13	0	0	0	1	0	0	0	0	0	0	3	0	0	63	17	15	10	0	0	0	0	0	0	0	0	4	0	0	0	37	30	30	71	5	0	0	0	0	0	0	0	0	0	0	0	0	0	63	1	0	0	0	0	0	0	0	0	0	0	0	0	0	0	3	0	0	63	10	15	10	0	0	0	0	0	0	0	0	0	0	0	0	0	0	0	0	4	0	0	0	24	30	30	71	0	0	0	0	0	0	0	0	0	0	0	0	0	0	63	0	0	0	0	0	0	0	0	0	0	0	0	0	0	0	0	0	0	63	0	0	0	0	0	0	0	0	0	0	0	0	0	0	0	0	0	0	0	0	0	0	0	0	0	0	63	0	0	10	0	0	0	0	0	0	0	0	0	0	0	0	0	0	0	0	0	0	0	0	0	0	0	0	0	0	0	0	0	0	30	71
43	32	16	10	56	21	0	0	13	16	10	56	0	0	11	26	38	10	56	197	10	0	0	11	0	0	13	0	0	0	22	0	0	13	57	15	10	56	0	0	0	22	1	0	0	0	0	0	11	26	37	10	56	197	0	0	0	11	0	0	11	0	0	0	22	0	0	11	57	0	0	13	0	0	0	22	0	0	0	0	0	0	0	22	0	0	13	57	0	0	56	0	0	0	0	0	0	0	0	0	0	0	22	0	0	0	0	0	0	11	26	0	0	56	197	0	0	0	11	0	0	11	0	0	0	22	0	0	11	57	0	0	11	0	0	0	22	0	0	0	0	0	0	0	22	0	0	11	57	0	0	13	0	0	0	0	0	0	0	0	0	0	0	22	0	0	0	0	0	0	0	22	0	0	13	57	0	0	0	0	0	0	0	0	0	0	0	0	0	0	0	0	0	0	0	0	0	0	22	0	0	0	0	0	0	0	26	0	0	0	197
40	29	25	28	36	18	0	0	20	25	28	36	0	0	46	47	57	70	144	72	7	0	0	0	0	0	20	0	0	27	0	0	0	80	21	15	28	36	0	0	0	0	1	0	0	129	0	0	46	47	38	70	144	72	0	0	0	0	0	0	0	0	0	0	0	0	0	0	21	0	0	20	0	0	0	0	0	0	0	64	0	0	27	0	0	0	80	21	0	0	36	0	0	0	0	0	0	0	0	0	0	0	0	0	0	0	129	0	0	46	47	0	0	144	72	0	0	0	0	0	0	0	0	0	0	0	0	0	0	21	0	0	0	0	0	0	0	0	0	0	62	0	0	0	0	0	0	0	21	0	0	20	0	0	0	0	0	0	0	0	0	0	0	0	0	0	0	64	0	0	27	0	0	0	80	21	0	0	0	0	0	0	0	0	0	0	0	0	0	0	0	0	0	0	0	0	0	0	0	0	0	0	129	0	0	0	47	0	0	0	72
47	34	30	40	44	21	1	0	20	29	40	44	5	0	46	47	65	120	220	108	8	0	0	0	0	0	20	0	0	27	0	0	0	100	21	14	40	44	0	0	0	0	0	8	0	129	0	0	46	47	33	120	220	108	0	0	0	0	0	0	0	0	0	0	0	0	0	0	21	0	0	20	0	0	0	0	0	0	0	64	0	0	27	0	0	0	100	21	0	0	44	0	0	0	0	0	0	0	0	0	0	0	0	0	0	0	129	0	0	46	47	0	0	220	108	0	0	0	0	0	0	0	0	0	0	0	0	0	0	21	0	0	0	0	0	0	0	0	0	0	62	0	0	0	0	0	0	0	21	0	0	20	0	0	0	0	0	0	0	0	0	0	0	0	0	0	0	64	0	0	27	0	0	0	100	21	0	0	0	0	0	0	0	0	0	0	0	0	0	0	0	0	0	0	0	0	0	0	0	0	0	0	129	0	0	0	47	0	0	0	108
38	28	17	16	33	18	0	0	0	17	16	33	0	0	11	0	39	24	66	164	8	0	0	0	0	0	0	0	0	0	0	0	0	0	48	14	16	33	0	0	0	0	1	0	0	0	0	0	11	0	35	24	66	164	0	0	0	0	0	0	0	0	0	0	0	0	0	0	48	0	0	0	0	0	0	0	0	0	0	0	0	0	0	0	0	0	0	48	0	0	33	0	0	0	0	0	0	0	0	0	0	0	0	0	0	0	0	0	0	11	0	0	0	66	164	0	0	0	0	0	0	0	0	0	0	0	0	0	0	48	0	0	0	0	0	0	0	0	0	0	0	0	0	0	0	0	0	0	48	0	0	0	0	0	0	0	0	0	0	0	0	0	0	0	0	0	0	0	0	0	0	0	0	0	0	48	0	0	0	0	0	0	0	0	0	0	0	0	0	0	0	0	0	0	0	0	0	0	0	0	0	0	0	0	0	0	0	0	0	0	164
29	21	18	15	5	13	0	0	0	18	15	5	0	0	0	0	39	30	15	10	5	0	0	0	0	0	0	0	0	0	0	0	0	0	0	12	15	5	0	0	0	0	1	0	0	0	0	0	0	0	29	30	15	10	0	0	0	0	0	0	0	0	0	0	0	0	0	0	0	0	0	0	0	0	0	0	0	0	0	0	0	0	0	0	0	0	0	0	0	0	5	0	0	0	0	0	0	0	0	0	0	0	0	0	0	0	0	0	0	0	0	0	0	15	10	0	0	0	0	0	0	0	0	0	0	0	0	0	0	0	0	0	0	0	0	0	0	0	0	0	0	0	0	0	0	0	0	0	0	0	0	0	0	0	0	0	0	0	0	0	0	0	0	0	0	0	0	0	0	0	0	0	0	0	0	0	0	0	0	0	0	0	0	0	0	0	0	0	0	0	0	0	0	0	0	0	0	0	0	0	0	0	0	0	0	0	0	0	0	0	10
51	33	24	45	128	15	1	0	100	17	45	128	5	0	59	94	36	90	384	85	0	0	0	83	0	0	100	0	0	59	40	0	0	300	40	0	0	128	0	0	0	58	0	0	0	72	0	0	59	94	0	0	384	85	0	0	0	49	0	0	83	0	0	59	0	0	0	249	0	0	0	100	0	0	0	10	0	0	0	21	0	0	59	40	0	0	300	40	0	0	0	0	0	0	118	0	0	0	129	0	0	0	58	0	0	0	72	0	0	0	94	0	0	0	85	0	0	0	22	0	0	49	0	0	41	0	0	0	147	0	0	0	83	0	0	0	10	0	0	0	21	0	0	59	0	0	0	249	0	0	0	0	0	0	0	22	0	0	0	64	0	0	0	10	0	0	0	21	0	0	0	40	0	0	0	40	0	0	0	0	0	0	24	0	0	0	145	0	0	0	118	0	0	0	129	0	0	0	58	0	0	0	72	0	0	0	0	0	0	0	0
32	20	24	32	38	8	1	0	21	14	32	38	5	0	33	20	30	72	152	80	0	0	0	18	0	0	21	0	0	33	14	0	0	84	40	0	0	38	0	0	0	21	0	0	0	0	0	0	33	20	0	0	152	80	0	0	0	7	0	0	18	0	0	33	0	0	0	72	0	0	0	21	0	0	0	0	0	0	0	0	0	0	33	14	0	0	84	40	0	0	0	0	0	0	28	0	0	0	25	0	0	0	21	0	0	0	0	0	0	0	20	0	0	0	80	0	0	0	0	0	0	7	0	0	21	0	0	0	28	0	0	0	18	0	0	0	0	0	0	0	0	0	0	33	0	0	0	72	0	0	0	0	0	0	0	0	0	0	0	0	0	0	0	0	0	0	0	0	0	0	0	14	0	0	0	40	0	0	0	0	0	0	0	0	0	0	28	0	0	0	28	0	0	0	25	0	0	0	21	0	0	0	0	0	0	0	0	0	0	0	0
29	19	16	9	38	9	1	0	0	14	9	38	5	0	0	0	31	9	38	174	0	0	0	0	0	0	0	0	0	0	0	0	0	0	53	0	0	38	0	0	0	0	0	0	0	0	0	0	0	0	0	0	38	174	0	0	0	0	0	0	0	0	0	0	0	0	0	0	11	0	0	0	0	0	0	0	0	0	0	0	0	0	0	0	0	0	0	53	0	0	0	0	0	0	0	0	0	0	0	0	0	0	0	0	0	0	0	0	0	0	0	0	0	0	174	0	0	0	0	0	0	0	0	0	0	0	0	0	0	11	0	0	0	0	0	0	0	0	0	0	0	0	0	0	0	0	0	0	11	0	0	0	0	0	0	0	0	0	0	0	0	0	0	0	0	0	0	0	0	0	0	0	0	0	0	53	0	0	0	0	0	0	0	0	0	0	0	0	0	0	0	0	0	0	0	0	0	0	0	0	0	0	0	0	0	0	0	0	0	0	0
28	18	17	16	28	8	1	0	0	13	16	28	5	0	0	0	29	24	56	118	0	0	0	0	0	0	0	0	0	0	0	0	0	0	40	0	0	28	0	0	0	0	0	0	0	0	0	0	0	0	0	0	56	118	0	0	0	0	0	0	0	0	0	0	0	0	0	0	0	0	0	0	0	0	0	0	0	0	0	0	0	0	0	0	0	0	0	40	0	0	0	0	0	0	0	0	0	0	0	0	0	0	0	0	0	0	0	0	0	0	0	0	0	0	118	0	0	0	0	0	0	0	0	0	0	0	0	0	0	0	0	0	0	0	0	0	0	0	0	0	0	0	0	0	0	0	0	0	0	0	0	0	0	0	0	0	0	0	0	0	0	0	0	0	0	0	0	0	0	0	0	0	0	0	0	40	0	0	0	0	0	0	0	0	0	0	0	0	0	0	0	0	0	0	0	0	0	0	0	0	0	0	0	0	0	0	0	0	0	0	0
26	15	23	35	8	5	0	5	0	10	25	8	0	25	0	0	19	65	40	44	0	0	0	0	0	0	0	0	0	0	0	0	0	0	20	0	0	8	0	0	0	0	0	0	8	0	0	0	0	0	0	0	40	44	0	0	0	0	0	0	0	0	0	0	0	0	0	0	0	0	0	0	0	0	0	0	0	0	0	0	0	0	0	0	0	0	0	20	0	0	0	0	0	0	0	0	0	0	0	0	0	0	0	0	0	0	0	0	0	0	0	0	0	0	44	0	0	0	0	0	0	0	0	0	0	0	0	0	0	0	0	0	0	0	0	0	0	0	0	0	0	0	0	0	0	0	0	0	0	0	0	0	0	0	0	0	0	0	0	0	0	0	0	0	0	0	0	0	0	0	0	0	0	0	0	20	0	0	0	0	0	0	0	0	0	0	0	0	0	0	0	0	0	0	0	0	0	0	0	0	0	0	0	0	0	0	0	0	0	0	0
31	15	15	15	115	0	0	0	67	0	0	115	0	0	21	37	0	0	115	240	0	0	0	67	0	0	67	0	0	16	37	0	0	67	121	0	0	0	0	0	0	0	0	0	0	0	0	0	0	37	0	0	0	240	0	0	0	67	0	0	67	0	0	16	37	0	0	67	101	0	0	0	0	0	0	0	0	0	0	0	0	0	0	37	0	0	0	121	0	0	0	0	0	0	0	0	0	0	0	0	0	0	0	0	0	0	0	0	0	0	0	0	0	0	0	0	0	0	61	0	0	67	0	0	16	28	0	0	67	56	0	0	0	0	0	0	0	0	0	0	0	0	0	0	37	0	0	0	101	0	0	0	0	0	0	0	0	0	0	0	0	0	0	0	0	0	0	0	0	0	0	0	0	0	0	0	0	0	0	0	0	0	51	0	0	0	0	0	0	0	0	0	0	0	0	0	0	0	0	0	0	0	0	0	0	0	0	0	0	0	0
17	7	13	21	21	0	0	0	8	0	0	21	0	0	21	0	0	0	63	46	0	0	0	8	0	0	8	0	0	16	0	0	0	24	21	0	0	0	0	0	0	0	0	0	0	0	0	0	0	0	0	0	0	46	0	0	0	8	0	0	8	0	0	16	0	0	0	24	18	0	0	0	0	0	0	0	0	0	0	0	0	0	0	0	0	0	0	21	0	0	0	0	0	0	0	0	0	0	0	0	0	0	0	0	0	0	0	0	0	0	0	0	0	0	0	0	0	0	8	0	0	8	0	0	16	0	0	0	24	7	0	0	0	0	0	0	0	0	0	0	0	0	0	0	0	0	0	0	18	0	0	0	0	0	0	0	0	0	0	0	0	0	0	0	0	0	0	0	0	0	0	0	0	0	0	0	0	0	0	0	0	0	0	0	0	0	0	0	0	0	0	0	0	0	0	0	0	0	0	0	0	0	0	0	0	0	0	0	0	0	0
26	11	13	44	70	0	0	0	63	0	0	70	0	0	29	22	0	0	280	8	0	0	0	63	0	0	63	0	0	24	22	0	0	252	0	0	0	0	0	0	0	0	0	0	0	0	0	0	0	22	0	0	0	8	0	0	0	63	0	0	63	0	0	24	22	0	0	252	0	0	0	0	0	0	0	0	0	0	0	0	0	0	0	22	0	0	0	0	0	0	0	0	0	0	0	0	0	0	0	0	0	0	0	0	0	0	0	0	0	0	0	0	0	0	0	0	0	0	56	0	0	63	0	0	24	14	0	0	252	0	0	0	0	0	0	0	0	0	0	0	0	0	0	0	22	0	0	0	0	0	0	0	0	0	0	0	0	0	0	0	0	0	0	0	0	0	0	0	0	0	0	0	0	0	0	0	0	0	0	0	0	0	59	0	0	0	0	0	0	0	0	0	0	0	0	0	0	0	0	0	0	0	0	0	0	0	0	0	0	0	0
26	12	12	24	84	0	0	0	45	0	0	84	0	0	5	33	0	0	168	202	0	0	0	45	0	0	45	0	0	0	33	0	0	90	121	0	0	0	0	0	0	0	0	0	0	0	0	0	0	33	0	0	0	202	0	0	0	45	0	0	45	0	0	0	33	0	0	90	101	0	0	0	0	0	0	0	0	0	0	0	0	0	0	33	0	0	0	121	0	0	0	0	0	0	0	0	0	0	0	0	0	0	0	0	0	0	0	0	0	0	0	0	0	0	0	0	0	0	33	0	0	45	0	0	0	20	0	0	90	56	0	0	0	0	0	0	0	0	0	0	0	0	0	0	33	0	0	0	101	0	0	0	0	0	0	0	0	0	0	0	0	0	0	0	0	0	0	0	0	0	0	0	0	0	0	0	0	0	0	0	0	0	89	0	0	0	0	0	0	0	0	0	0	0	0	0	0	0	0	0	0	0	0	0	0	0	0	0	0	0	0
17	7	11	21	28	0	0	0	0	0	0	28	0	0	5	0	0	0	84	174	0	0	0	0	0	0	0	0	0	0	0	0	0	0	121	0	0	0	0	0	0	0	0	0	0	0	0	0	0	0	0	0	0	174	0	0	0	0	0	0	0	0	0	0	0	0	0	0	101	0	0	0	0	0	0	0	0	0	0	0	0	0	0	0	0	0	0	121	0	0	0	0	0	0	0	0	0	0	0	0	0	0	0	0	0	0	0	0	0	0	0	0	0	0	0	0	0	0	0	0	0	0	0	0	0	0	0	0	0	56	0	0	0	0	0	0	0	0	0	0	0	0	0	0	0	0	0	0	101	0	0	0	0	0	0	0	0	0	0	0	0	0	0	0	0	0	0	0	0	0	0	0	0	0	0	0	0	0	0	0	0	0	0	0	0	0	0	0	0	0	0	0	0	0	0	0	0	0	0	0	0	0	0	0	0	0	0	0	0	0	0
7	0	0	0	36	0	0	0	8	0	0	0	0	0	0	24	0	0	0	119	0	0	0	8	0	0	0	0	0	0	24	0	0	0	71	0	0	0	0	0	0	0	0	0	0	0	0	0	0	0	0	0	0	0	0	0	0	8	0	0	0	0	0	0	24	0	0	0	71	0	0	0	0	0	0	0	0	0	0	0	0	0	0	0	0	0	0	0	0	0	0	0	0	0	0	0	0	0	0	0	0	0	0	0	0	0	0	0	0	0	0	0	0	0	0	0	0	0	8	0	0	0	0	0	0	24	0	0	0	71	0	0	0	0	0	0	0	0	0	0	0	0	0	0	0	0	0	0	0	0	0	0	0	0	0	0	0	0	0	0	0	0	0	0	0	0	0	0	0	0	0	0	0	0	0	0	0	0	0	0	0	0	0	0	0	0	0	0	0	0	0	0	0	0	0	0	0	0	0	0	0	0	0	0	0	0	0	0	0	0	0
6	0	0	0	31	0	0	0	16	0	0	0	0	0	0	32	0	0	0	70	0	0	0	16	0	0	0	0	0	0	32	0	0	0	63	0	0	0	0	0	0	0	0	0	0	0	0	0	0	0	0	0	0	0	0	0	0	16	0	0	0	0	0	0	32	0	0	0	63	0	0	0	0	0	0	0	0	0	0	0	0	0	0	0	0	0	0	0	0	0	0	0	0	0	0	0	0	0	0	0	0	0	0	0	0	0	0	0	0	0	0	0	0	0	0	0	0	0	16	0	0	0	0	0	0	32	0	0	0	63	0	0	0	0	0	0	0	0	0	0	0	0	0	0	0	0	0	0	0	0	0	0	0	0	0	0	0	0	0	0	0	0	0	0	0	0	0	0	0	0	0	0	0	0	0	0	0	0	0	0	0	0	0	0	0	0	0	0	0	0	0	0	0	0	0	0	0	0	0	0	0	0	0	0	0	0	0	0	0	0	0
8	0	0	0	47	0	0	0	5	0	0	0	0	0	0	25	0	0	0	203	0	0	0	0	0	0	0	0	0	0	0	0	0	0	116	0	0	0	0	0	0	0	0	0	0	8	0	0	0	0	0	0	0	0	0	0	0	0	0	0	0	0	0	0	0	0	0	0	116	0	0	0	0	0	0	0	0	0	0	0	0	0	0	0	0	0	0	0	0	0	0	0	0	0	0	0	0	0	0	0	0	0	0	0	0	0	0	0	0	0	0	0	0	0	0	0	0	0	0	0	0	0	0	0	0	0	0	0	0	116	0	0	0	0	0	0	0	0	0	0	0	0	0	0	0	0	0	0	0	0	0	0	0	0	0	0	0	0	0	0	0	0	0	0	0	0	0	0	0	0	0	0	0	0	0	0	0	0	0	0	0	0	0	0	0	0	0	0	0	0	0	0	0	0	0	0	0	0	0	0	0	0	0	0	0	0	0	0	0	0	0
8	0	0	0	52	0	0	0	0	0	0	0	0	0	0	0	0	0	0	318	0	0	0	0	0	0	0	0	0	0	0	0	0	0	183	0	0	0	0	0	0	0	0	0	0	0	0	0	0	0	0	0	0	0	0	0	0	0	0	0	0	0	0	0	0	0	0	0	183	0	0	0	0	0	0	0	0	0	0	0	0	0	0	0	0	0	0	0	0	0	0	0	0	0	0	0	0	0	0	0	0	0	0	0	0	0	0	0	0	0	0	0	0	0	0	0	0	0	0	0	0	0	0	0	0	0	0	0	0	183	0	0	0	0	0	0	0	0	0	0	0	0	0	0	0	0	0	0	0	0	0	0	0	0	0	0	0	0	0	0	0	0	0	0	0	0	0	0	0	0	0	0	0	0	0	0	0	0	0	0	0	0	0	0	0	0	0	0	0	0	0	0	0	0	0	0	0	0	0	0	0	0	0	0	0	0	0	0	0	0	0
