159	154	39	4	0	149	24	0	0	39	4	0	24	0	0	0	77	4	0	0	144	22	0	0	24	0	0	22	0	0	0	39	0	0	0	39	4	0	26	0	0	0	32	8	0	0	24	0	0	0	77	4	0	0	139	19	0	0	22	0	0	18	0	0	0	34	0	0	0	24	0	0	19	0	0	0	19	0	0	0	22	0	0	0	39	0	0	0	39	4	0	24	0	0	0	16	8	0	0	26	0	0	0	32	8	0	0	24	0	0	0	77	4	0	0	134	10	0	0	19	0	0	7	0	0	0	28	0	0	0	22	0	0	9	0	0	0	19	0	0	0	18	0	0	0	34	0	0	0	24	0	0	8	0	0	0	2	0	0	0	19	0	0	0	19	0	0	0	22	0	0	0	39	0	0	0	39	4	0	21	0	0	0	24	20	0	0	24	0	0	0	16	8	0	0	26	0	0	0	32	8	0	0	24	0	0	0	77	4	0	0
328	317	49	44	0	306	28	30	0	49	44	0	31	36	0	0	94	45	0	0	295	25	30	0	28	30	0	28	36	0	0	54	30	0	0	49	44	0	35	0	0	0	38	17	0	0	31	36	0	0	94	45	0	0	284	21	24	0	25	30	0	24	36	0	0	46	30	0	0	28	30	0	26	0	0	0	24	6	0	0	28	36	0	0	54	30	0	0	49	44	0	24	24	0	0	17	12	0	0	35	0	0	0	38	17	0	0	31	36	0	0	94	45	0	0	273	14	8	0	21	24	0	12	24	0	0	39	22	0	0	25	30	0	16	0	0	0	23	6	0	0	24	36	0	0	46	30	0	0	28	30	0	12	0	0	0	4	0	0	0	26	0	0	0	24	6	0	0	28	36	0	0	54	30	0	0	49	44	0	22	16	0	0	24	24	0	0	24	24	0	0	17	12	0	0	35	0	0	0	38	17	0	0	31	36	0	0	94	45	0	0
327	316	60	43	0	305	35	31	0	60	43	0	47	0	0	0	125	79	0	0	294	28	28	0	35	31	0	35	0	0	0	72	51	0	0	60	43	0	35	21	0	0	38	46	0	0	47	0	0	0	125	79	0	0	283	23	28	0	28	28	0	30	0	0	0	52	42	0	0	35	31	0	23	21	0	0	21	38	0	0	35	0	0	0	72	51	0	0	60	43	0	30	0	0	0	17	22	0	0	35	21	0	0	38	46	0	0	47	0	0	0	125	79	0	0	272	13	19	0	23	28	0	18	0	0	0	40	42	0	0	28	28	0	13	21	0	0	19	35	0	0	30	0	0	0	52	42	0	0	35	31	0	12	0	0	0	4	10	0	0	23	21	0	0	21	38	0	0	35	0	0	0	72	51	0	0	60	43	0	17	36	0	0	25	24	0	0	30	0	0	0	17	22	0	0	35	21	0	0	38	46	0	0	47	0	0	0	125	79	0	0
279	270	65	24	0	261	40	8	0	65	24	0	54	0	0	0	123	64	0	0	252	33	8	0	40	8	0	36	0	0	0	76	16	0	0	65	24	0	40	0	0	0	34	40	0	0	54	0	0	0	123	64	0	0	243	28	8	0	33	8	0	30	0	0	0	59	16	0	0	40	8	0	26	0	0	0	22	24	0	0	36	0	0	0	76	16	0	0	65	24	0	30	0	0	0	16	16	0	0	40	0	0	0	34	40	0	0	54	0	0	0	123	64	0	0	234	18	4	0	28	8	0	18	0	0	0	51	16	0	0	33	8	0	16	0	0	0	21	24	0	0	30	0	0	0	59	16	0	0	40	8	0	12	0	0	0	4	0	0	0	26	0	0	0	22	24	0	0	36	0	0	0	76	16	0	0	65	24	0	22	16	0	0	25	24	0	0	30	0	0	0	16	16	0	0	40	0	0	0	34	40	0	0	54	0	0	0	123	64	0	0
340	329	75	39	0	318	46	18	0	75	39	0	68	9	0	0	147	92	0	0	307	41	13	0	46	18	0	52	9	0	0	100	27	0	0	75	39	0	44	20	0	0	38	20	0	0	68	9	0	0	147	92	0	0	296	37	4	0	41	13	0	46	4	0	0	87	17	0	0	46	18	0	35	0	0	0	28	0	0	0	52	9	0	0	100	27	0	0	75	39	0	28	20	0	0	20	16	0	0	44	20	0	0	38	20	0	0	68	9	0	0	147	92	0	0	285	28	0	0	37	4	0	35	0	0	0	81	4	0	0	41	13	0	25	0	0	0	28	0	0	0	46	4	0	0	87	17	0	0	46	18	0	15	0	0	0	8	0	0	0	35	0	0	0	28	0	0	0	52	9	0	0	100	27	0	0	75	39	0	29	0	0	0	27	24	0	0	28	20	0	0	20	16	0	0	44	20	0	0	38	20	0	0	68	9	0	0	147	92	0	0
629	607	111	183	20	585	73	157	0	111	183	20	99	197	0	0	250	356	20	0	563	59	121	0	73	157	0	73	155	0	0	191	333	0	0	111	183	20	31	208	4	0	38	145	40	0	99	197	0	0	250	356	20	0	541	52	90	0	59	121	0	69	104	0	0	152	256	0	0	73	157	0	21	169	0	0	30	127	0	0	73	155	0	0	191	333	0	0	111	183	20	18	158	16	0	19	19	40	0	31	208	4	0	38	145	40	0	99	197	0	0	250	356	20	0	519	45	41	0	52	90	0	62	12	0	0	140	195	0	0	59	121	0	21	69	0	0	25	104	0	0	69	104	0	0	152	256	0	0	73	157	0	16	99	0	0	18	19	0	0	21	169	0	0	30	127	0	0	73	155	0	0	191	333	0	0	111	183	20	26	44	24	0	9	0	100	0	18	158	16	0	19	19	40	0	31	208	4	0	38	145	40	0	99	197	0	0	250	356	20	0
514	496	97	120	16	478	66	92	0	97	120	16	90	146	0	0	221	224	32	0	460	55	83	0	66	92	0	63	132	0	0	164	197	0	0	97	120	16	43	93	4	0	37	59	0	0	90	146	0	0	221	224	32	0	442	47	69	0	55	83	0	55	121	0	0	135	179	0	0	66	92	0	33	72	0	0	30	53	0	0	63	132	0	0	164	197	0	0	97	120	16	19	57	16	0	12	14	16	0	43	93	4	0	37	59	0	0	90	146	0	0	221	224	32	0	424	35	56	0	47	69	0	39	106	0	0	120	158	0	0	55	83	0	23	66	0	0	29	51	0	0	55	121	0	0	135	179	0	0	66	92	0	12	40	0	0	11	12	0	0	33	72	0	0	30	53	0	0	63	132	0	0	164	197	0	0	97	120	16	13	42	24	0	6	14	16	0	19	57	16	0	12	14	16	0	43	93	4	0	37	59	0	0	90	146	0	0	221	224	32	0
361	349	76	39	12	337	57	11	0	76	39	12	77	0	0	0	175	57	48	0	325	51	11	0	57	11	0	61	0	0	0	144	22	0	0	76	39	12	46	0	4	0	30	0	0	0	77	0	0	0	175	57	48	0	313	46	11	0	51	11	0	54	0	0	0	129	22	0	0	57	11	0	37	0	0	0	30	0	0	0	61	0	0	0	144	22	0	0	76	39	12	22	0	4	0	9	0	0	0	46	0	4	0	30	0	0	0	77	0	0	0	175	57	48	0	301	36	11	0	46	11	0	43	0	0	0	122	22	0	0	51	11	0	27	0	0	0	30	0	0	0	54	0	0	0	129	22	0	0	57	11	0	15	0	0	0	9	0	0	0	37	0	0	0	30	0	0	0	61	0	0	0	144	22	0	0	76	39	12	12	0	16	0	4	0	0	0	22	0	4	0	9	0	0	0	46	0	4	0	30	0	0	0	77	0	0	0	175	57	48	0
468	452	90	93	8	436	56	51	0	90	93	8	68	82	0	0	222	226	40	0	420	52	34	0	56	51	0	62	12	0	0	154	139	0	0	90	93	8	38	30	4	0	26	0	16	0	68	82	0	0	222	226	40	0	404	48	28	0	52	34	0	57	0	0	0	144	104	0	0	56	51	0	34	0	0	0	25	0	0	0	62	12	0	0	154	139	0	0	90	93	8	22	0	4	0	8	0	8	0	38	30	4	0	26	0	16	0	68	82	0	0	222	226	40	0	388	41	28	0	48	28	0	46	0	0	0	138	98	0	0	52	34	0	24	0	0	0	25	0	0	0	57	0	0	0	144	104	0	0	56	51	0	15	0	0	0	8	0	0	0	34	0	0	0	25	0	0	0	62	12	0	0	154	139	0	0	90	93	8	12	0	4	0	4	0	0	0	22	0	4	0	8	0	8	0	38	30	4	0	26	0	16	0	68	82	0	0	222	226	40	0
519	500	120	148	4	481	71	107	0	120	148	4	95	220	0	0	301	448	16	0	462	62	93	0	71	107	0	68	176	0	0	199	356	0	0	120	148	4	66	99	4	0	34	46	4	0	95	220	0	0	301	448	16	0	443	52	90	0	62	93	0	56	170	0	0	170	305	0	0	71	107	0	38	90	0	0	25	40	0	0	68	176	0	0	199	356	0	0	120	148	4	35	30	4	0	8	50	0	0	66	99	4	0	34	46	4	0	95	220	0	0	301	448	16	0	424	43	87	0	52	90	0	37	170	0	0	144	290	0	0	62	93	0	26	90	0	0	25	40	0	0	56	170	0	0	170	305	0	0	71	107	0	18	30	0	0	7	50	0	0	38	90	0	0	25	40	0	0	68	176	0	0	199	356	0	0	120	148	4	23	27	0	0	1	30	0	0	35	30	4	0	8	50	0	0	66	99	4	0	34	46	4	0	95	220	0	0	301	448	16	0
407	392	87	70	35	377	57	58	0	87	70	35	76	104	35	0	237	205	0	60	362	50	56	0	57	58	0	59	96	0	0	162	167	0	0	87	70	35	38	16	32	0	27	26	0	0	76	104	35	0	237	205	0	60	347	43	56	0	50	56	0	47	96	0	0	144	160	0	0	57	58	0	25	16	0	0	23	24	0	0	59	96	0	0	162	167	0	0	87	70	35	15	0	53	0	9	8	0	0	38	16	32	0	27	26	0	0	76	104	35	0	237	205	0	60	332	41	56	0	43	56	0	45	96	0	0	133	160	0	0	50	56	0	23	16	0	0	23	24	0	0	47	96	0	0	144	160	0	0	57	58	0	15	0	0	0	9	8	0	0	25	16	0	0	23	24	0	0	59	96	0	0	162	167	0	0	87	70	35	8	0	16	0	4	0	0	0	15	0	53	0	9	8	0	0	38	16	32	0	27	26	0	0	76	104	35	0	237	205	0	60
280	270	54	23	26	260	37	21	0	54	23	26	46	14	17	0	151	70	0	40	250	35	21	0	37	21	0	44	14	0	0	106	63	0	0	54	23	26	18	0	14	0	13	0	0	0	46	14	17	0	151	70	0	40	240	34	21	0	35	21	0	43	14	0	0	104	63	0	0	37	21	0	18	0	0	0	12	0	0	0	44	14	0	0	106	63	0	0	54	23	26	7	0	8	0	7	0	0	0	18	0	14	0	13	0	0	0	46	14	17	0	151	70	0	40	230	32	21	0	34	21	0	41	14	0	0	102	63	0	0	35	21	0	16	0	0	0	12	0	0	0	43	14	0	0	104	63	0	0	37	21	0	7	0	0	0	7	0	0	0	18	0	0	0	12	0	0	0	44	14	0	0	106	63	0	0	54	23	26	4	0	16	0	4	0	0	0	7	0	8	0	7	0	0	0	18	0	14	0	13	0	0	0	46	14	17	0	151	70	0	40
285	275	55	23	18	265	33	16	0	55	23	18	36	0	17	0	166	77	18	24	255	32	16	0	33	16	0	34	0	0	0	107	56	0	0	55	23	18	11	0	6	0	8	0	0	0	36	0	17	0	166	77	18	24	245	32	16	0	32	16	0	34	0	0	0	106	56	0	0	33	16	0	11	0	0	0	7	0	0	0	34	0	0	0	107	56	0	0	55	23	18	3	0	0	0	6	0	0	0	11	0	6	0	8	0	0	0	36	0	17	0	166	77	18	24	235	32	16	0	32	16	0	34	0	0	0	106	56	0	0	32	16	0	11	0	0	0	7	0	0	0	34	0	0	0	106	56	0	0	33	16	0	3	0	0	0	6	0	0	0	11	0	0	0	7	0	0	0	34	0	0	0	107	56	0	0	55	23	18	3	0	0	0	3	0	0	0	3	0	0	0	6	0	0	0	11	0	6	0	8	0	0	0	36	0	17	0	166	77	18	24
372	359	61	50	18	346	35	22	0	61	50	18	37	0	17	0	177	147	72	24	333	34	22	0	35	22	0	35	0	0	0	114	77	0	0	61	50	18	11	0	6	0	8	0	0	0	37	0	17	0	177	147	72	24	320	34	22	0	34	22	0	35	0	0	0	113	77	0	0	35	22	0	11	0	0	0	7	0	0	0	35	0	0	0	114	77	0	0	61	50	18	3	0	0	0	6	0	0	0	11	0	6	0	8	0	0	0	37	0	17	0	177	147	72	24	307	34	22	0	34	22	0	35	0	0	0	113	77	0	0	34	22	0	11	0	0	0	7	0	0	0	35	0	0	0	113	77	0	0	35	22	0	3	0	0	0	6	0	0	0	11	0	0	0	7	0	0	0	35	0	0	0	114	77	0	0	61	50	18	3	0	0	0	3	0	0	0	3	0	0	0	6	0	0	0	11	0	6	0	8	0	0	0	37	0	17	0	177	147	72	24
304	293	47	39	6	282	14	24	0	47	39	6	6	0	12	0	125	133	30	8	271	13	24	0	14	24	0	4	0	0	0	50	88	0	0	47	39	6	0	0	6	0	1	0	0	0	6	0	12	0	125	133	30	8	260	13	24	0	13	24	0	4	0	0	0	49	88	0	0	14	24	0	0	0	0	0	0	0	0	0	4	0	0	0	50	88	0	0	47	39	6	0	0	0	0	0	0	0	0	0	0	6	0	1	0	0	0	6	0	12	0	125	133	30	8	249	13	24	0	13	24	0	4	0	0	0	49	88	0	0	13	24	0	0	0	0	0	0	0	0	0	4	0	0	0	49	88	0	0	14	24	0	0	0	0	0	0	0	0	0	0	0	0	0	0	0	0	0	4	0	0	0	50	88	0	0	47	39	6	0	0	0	0	0	0	0	0	0	0	0	0	0	0	0	0	0	0	6	0	1	0	0	0	6	0	12	0	125	133	30	8
317	306	44	18	40	295	23	0	24	44	18	40	16	0	40	39	94	36	80	24	284	18	0	4	23	0	24	6	0	33	0	67	0	48	0	44	18	40	6	0	50	20	14	0	0	28	16	0	40	39	94	36	80	24	273	18	0	0	18	0	4	6	0	4	0	63	0	8	0	23	0	24	6	0	45	0	10	0	0	0	6	0	33	0	67	0	48	0	44	18	40	8	0	0	0	1	0	0	0	6	0	50	20	14	0	0	28	16	0	40	39	94	36	80	24	262	17	0	0	18	0	0	6	0	0	0	63	0	0	0	18	0	4	1	0	0	0	1	0	0	0	6	0	4	0	63	0	8	0	23	0	24	6	0	0	0	1	0	0	0	6	0	45	0	10	0	0	0	6	0	33	0	67	0	48	0	44	18	40	2	0	10	0	0	0	0	0	8	0	0	0	1	0	0	0	6	0	50	20	14	0	0	28	16	0	40	39	94	36	80	24
441	425	64	71	47	409	31	39	20	64	71	47	31	26	31	59	140	227	141	42	393	26	39	0	31	39	20	21	26	24	0	90	169	60	0	64	71	47	15	0	50	0	19	0	0	32	31	26	31	59	140	227	141	42	377	26	39	0	26	39	0	21	26	0	0	86	169	0	0	31	39	20	15	0	45	0	14	0	0	0	21	26	24	0	90	169	60	0	64	71	47	11	0	0	0	7	0	0	0	15	0	50	0	19	0	0	32	31	26	31	59	140	227	141	42	361	22	39	0	26	39	0	21	26	0	0	86	169	0	0	26	39	0	10	0	0	0	5	0	0	0	21	26	0	0	86	169	0	0	31	39	20	9	0	0	0	6	0	0	0	15	0	45	0	14	0	0	0	21	26	24	0	90	169	60	0	64	71	47	2	0	37	0	3	0	0	0	11	0	0	0	7	0	0	0	15	0	50	0	19	0	0	32	31	26	31	59	140	227	141	42
202	195	25	6	10	188	10	0	0	25	6	10	3	0	0	0	61	6	10	24	181	10	0	0	10	0	0	3	0	0	0	38	0	0	0	25	6	10	0	0	0	0	0	0	0	0	3	0	0	0	61	6	10	24	174	10	0	0	10	0	0	3	0	0	0	38	0	0	0	10	0	0	0	0	0	0	0	0	0	0	3	0	0	0	38	0	0	0	25	6	10	0	0	0	0	0	0	0	0	0	0	0	0	0	0	0	0	3	0	0	0	61	6	10	24	167	10	0	0	10	0	0	3	0	0	0	38	0	0	0	10	0	0	0	0	0	0	0	0	0	0	3	0	0	0	38	0	0	0	10	0	0	0	0	0	0	0	0	0	0	0	0	0	0	0	0	0	0	3	0	0	0	38	0	0	0	25	6	10	0	0	0	0	0	0	0	0	0	0	0	0	0	0	0	0	0	0	0	0	0	0	0	0	3	0	0	0	61	6	10	24
331	319	35	45	10	307	11	20	0	35	45	10	4	10	0	0	71	109	40	24	295	11	20	0	11	20	0	4	10	0	0	39	70	0	0	35	45	10	0	0	0	0	4	0	0	0	4	10	0	0	71	109	40	24	283	11	20	0	11	20	0	4	10	0	0	39	70	0	0	11	20	0	0	0	0	0	0	0	0	0	4	10	0	0	39	70	0	0	35	45	10	0	0	0	0	0	0	0	0	0	0	0	0	4	0	0	0	4	10	0	0	71	109	40	24	271	11	20	0	11	20	0	4	10	0	0	39	70	0	0	11	20	0	0	0	0	0	0	0	0	0	4	10	0	0	39	70	0	0	11	20	0	0	0	0	0	0	0	0	0	0	0	0	0	0	0	0	0	4	10	0	0	39	70	0	0	35	45	10	0	0	0	0	0	0	0	0	0	0	0	0	0	0	0	0	0	0	0	0	4	0	0	0	4	10	0	0	71	109	40	24
285	275	29	25	3	265	11	0	0	29	25	3	5	0	0	0	57	40	15	6	255	11	0	0	11	0	0	5	0	0	0	39	0	0	0	29	25	3	0	0	0	0	5	0	0	0	5	0	0	0	57	40	15	6	245	11	0	0	11	0	0	5	0	0	0	39	0	0	0	11	0	0	0	0	0	0	0	0	0	0	5	0	0	0	39	0	0	0	29	25	3	0	0	0	0	0	0	0	0	0	0	0	0	5	0	0	0	5	0	0	0	57	40	15	6	235	11	0	0	11	0	0	5	0	0	0	39	0	0	0	11	0	0	0	0	0	0	0	0	0	0	5	0	0	0	39	0	0	0	11	0	0	0	0	0	0	0	0	0	0	0	0	0	0	0	0	0	0	5	0	0	0	39	0	0	0	29	25	3	0	0	0	0	0	0	0	0	0	0	0	0	0	0	0	0	0	0	0	0	5	0	0	0	5	0	0	0	57	40	15	6
419	404	34	14	87	389	19	0	46	34	14	87	17	0	82	51	68	0	87	110	374	17	0	38	19	0	46	15	0	72	39	59	0	46	44	34	14	87	11	0	20	55	21	0	0	0	17	0	82	51	68	0	87	110	359	13	0	8	17	0	38	9	0	65	4	54	0	38	4	19	0	46	3	0	20	0	3	0	0	0	15	0	72	39	59	0	46	44	34	14	87	7	0	42	28	2	0	0	44	11	0	20	55	21	0	0	0	17	0	82	51	68	0	87	110	344	11	0	0	13	0	8	5	0	8	0	44	0	8	0	17	0	38	1	0	16	0	2	0	0	0	9	0	65	4	54	0	38	4	19	0	46	1	0	40	0	2	0	0	0	3	0	20	0	3	0	0	0	15	0	72	39	59	0	46	44	34	14	87	0	0	22	0	1	0	0	0	7	0	42	28	2	0	0	44	11	0	20	55	21	0	0	0	17	0	82	51	68	0	87	110
223	215	14	7	17	207	5	0	6	14	7	17	3	0	12	0	18	0	17	13	199	5	0	6	5	0	6	3	0	12	0	15	0	6	0	14	7	17	0	0	0	0	6	0	0	0	3	0	12	0	18	0	17	13	191	5	0	4	5	0	6	3	0	12	0	15	0	6	0	5	0	6	0	0	0	0	0	0	0	0	3	0	12	0	15	0	6	0	14	7	17	0	0	0	8	0	0	0	0	0	0	0	0	6	0	0	0	3	0	12	0	18	0	17	13	183	5	0	0	5	0	4	3	0	8	0	15	0	4	0	5	0	6	0	0	0	0	0	0	0	0	3	0	12	0	15	0	6	0	5	0	6	0	0	0	0	0	0	0	0	0	0	0	0	0	0	0	0	3	0	12	0	15	0	6	0	14	7	17	0	0	0	0	0	0	0	0	0	0	0	8	0	0	0	0	0	0	0	0	6	0	0	0	3	0	12	0	18	0	17	13
222	214	13	12	11	206	4	0	6	13	12	11	3	0	12	0	16	6	22	3	198	3	0	6	4	0	6	2	0	12	0	11	0	12	0	13	12	11	0	0	0	0	6	6	0	0	3	0	12	0	16	6	22	3	190	3	0	4	3	0	6	2	0	12	0	8	0	12	0	4	0	6	0	0	0	0	1	0	0	0	2	0	12	0	11	0	12	0	13	12	11	0	0	0	8	1	0	0	0	0	0	0	0	6	6	0	0	3	0	12	0	16	6	22	3	182	3	0	0	3	0	4	2	0	8	0	8	0	8	0	3	0	6	0	0	0	0	0	0	0	0	2	0	12	0	8	0	12	0	4	0	6	0	0	0	0	1	0	0	0	0	0	0	0	1	0	0	0	2	0	12	0	11	0	12	0	13	12	11	0	0	0	0	0	0	0	0	0	0	0	8	1	0	0	0	0	0	0	0	6	6	0	0	3	0	12	0	16	6	22	3
398	383	38	65	42	368	19	36	10	38	65	42	17	24	60	20	78	105	126	100	353	15	36	9	19	36	10	16	24	50	18	62	96	30	44	38	65	42	6	0	0	9	15	36	0	0	17	24	60	20	78	105	126	100	338	14	36	0	15	36	9	16	24	45	0	50	96	27	4	19	36	10	1	0	0	0	5	0	0	0	16	24	50	18	62	96	30	44	38	65	42	15	0	12	0	9	0	0	20	6	0	0	9	15	36	0	0	17	24	60	20	78	105	126	100	323	13	36	0	14	36	0	15	24	0	0	47	96	0	0	15	36	9	1	0	0	0	2	0	0	0	16	24	45	0	50	96	27	4	19	36	10	10	0	10	0	8	0	0	0	1	0	0	0	5	0	0	0	16	24	50	18	62	96	30	44	38	65	42	12	0	12	0	3	0	0	0	15	0	12	0	9	0	0	20	6	0	0	9	15	36	0	0	17	24	60	20	78	105	126	100
223	215	15	7	21	207	8	0	0	15	7	21	5	0	0	0	30	0	21	60	199	8	0	0	8	0	0	5	0	0	0	28	0	0	20	15	7	21	0	0	0	0	5	0	0	0	5	0	0	0	30	0	21	60	191	8	0	0	8	0	0	5	0	0	0	28	0	0	0	8	0	0	0	0	0	0	0	0	0	0	5	0	0	0	28	0	0	20	15	7	21	0	0	0	0	0	0	0	0	0	0	0	0	5	0	0	0	5	0	0	0	30	0	21	60	183	8	0	0	8	0	0	5	0	0	0	28	0	0	0	8	0	0	0	0	0	0	0	0	0	0	5	0	0	0	28	0	0	0	8	0	0	0	0	0	0	0	0	0	0	0	0	0	0	0	0	0	0	5	0	0	0	28	0	0	20	15	7	21	0	0	0	0	0	0	0	0	0	0	0	0	0	0	0	0	0	0	0	0	5	0	0	0	5	0	0	0	30	0	21	60
297	286	27	0	73	275	25	0	25	27	0	73	24	0	0	42	75	0	0	178	264	17	0	23	25	0	25	21	0	0	38	69	0	0	68	27	0	73	1	0	21	20	10	0	0	0	24	0	0	42	75	0	0	178	253	16	0	22	17	0	23	20	0	0	36	46	0	0	59	25	0	25	1	0	19	18	10	0	0	0	21	0	0	38	69	0	0	68	27	0	73	10	0	14	9	11	0	0	0	1	0	21	20	10	0	0	0	24	0	0	42	75	0	0	178	242	16	0	8	16	0	22	20	0	0	12	44	0	0	16	17	0	23	1	0	17	0	4	0	0	0	20	0	0	36	46	0	0	59	25	0	25	10	0	12	0	11	0	0	0	1	0	19	18	10	0	0	0	21	0	0	38	69	0	0	68	27	0	73	18	0	0	20	4	0	0	20	10	0	14	9	11	0	0	0	1	0	21	20	10	0	0	0	24	0	0	42	75	0	0	178
294	283	38	19	45	272	29	9	25	38	19	45	33	9	0	42	106	57	45	53	261	18	0	23	29	9	25	22	0	0	38	83	27	25	16	38	19	45	4	0	21	20	15	10	45	0	33	9	0	42	106	57	45	53	250	16	0	22	18	0	23	20	0	0	36	51	0	23	15	29	9	25	1	0	19	18	10	9	25	0	22	0	0	38	83	27	25	16	38	19	45	10	0	14	9	12	10	0	0	4	0	21	20	15	10	45	0	33	9	0	42	106	57	45	53	239	16	0	8	16	0	22	20	0	0	12	44	0	22	4	18	0	23	1	0	17	0	4	0	23	0	20	0	0	36	51	0	23	15	29	9	25	10	0	12	0	11	9	0	0	1	0	19	18	10	9	25	0	22	0	0	38	83	27	25	16	38	19	45	18	0	0	20	6	0	0	20	10	0	14	9	12	10	0	0	4	0	21	20	15	10	45	0	33	9	0	42	106	57	45	53
316	304	54	41	40	292	38	21	37	54	41	40	44	42	22	34	147	98	80	0	280	25	0	35	38	21	37	30	0	20	30	107	49	74	0	54	41	40	9	0	54	20	21	16	120	0	44	42	22	34	147	98	80	0	268	22	0	32	25	0	35	25	0	20	26	70	0	70	0	38	21	37	4	0	49	18	14	7	111	0	30	0	20	30	107	49	74	0	54	41	40	13	0	25	25	15	9	0	0	9	0	54	20	21	16	120	0	44	42	22	34	147	98	80	0	256	21	0	8	22	0	32	25	0	16	0	61	0	64	0	25	0	35	4	0	47	0	7	0	105	0	25	0	20	26	70	0	70	0	38	21	37	11	0	22	0	14	7	0	0	4	0	49	18	14	7	111	0	30	0	20	30	107	49	74	0	54	41	40	24	0	0	28	7	9	0	36	13	0	25	25	15	9	0	0	9	0	54	20	21	16	120	0	44	42	22	34	147	98	80	0
387	371	71	93	23	355	38	81	12	71	93	23	48	108	0	24	163	255	0	42	339	28	63	10	38	81	12	27	108	0	20	101	234	0	10	71	93	23	37	0	14	20	36	21	69	0	48	108	0	24	163	255	0	42	323	21	54	9	28	63	10	21	108	0	18	72	180	0	9	38	81	12	14	0	12	18	17	21	36	0	27	108	0	20	101	234	0	10	71	93	23	17	54	14	9	12	42	0	0	37	0	14	20	36	21	69	0	48	108	0	24	163	255	0	42	307	18	42	0	21	54	9	13	72	0	0	50	141	0	0	28	63	10	12	0	10	0	11	9	30	0	21	108	0	18	72	180	0	9	38	81	12	7	54	12	0	10	39	0	0	14	0	12	18	17	21	36	0	27	108	0	20	101	234	0	10	71	93	23	20	72	0	0	2	18	0	20	17	54	14	9	12	42	0	0	37	0	14	20	36	21	69	0	48	108	0	24	163	255	0	42
314	301	55	63	14	288	33	50	12	55	63	14	42	58	0	24	138	145	14	0	275	21	40	10	33	50	12	27	48	0	20	83	113	12	0	55	63	14	9	0	14	20	31	39	28	0	42	58	0	24	138	145	14	0	262	18	40	9	21	40	10	25	48	0	18	52	88	10	0	33	50	12	2	0	12	18	14	29	24	0	27	48	0	20	83	113	12	0	55	63	14	21	0	14	9	17	14	0	0	9	0	14	20	31	39	28	0	42	58	0	24	138	145	14	0	249	17	34	0	18	40	9	25	48	0	0	44	88	9	0	21	40	10	2	0	10	0	5	24	20	0	25	48	0	18	52	88	10	0	33	50	12	19	0	12	0	16	13	0	0	2	0	12	18	14	29	24	0	27	48	0	20	83	113	12	0	55	63	14	24	36	0	0	9	6	0	20	21	0	14	9	17	14	0	0	9	0	14	20	31	39	28	0	42	58	0	24	138	145	14	0
257	247	44	21	33	237	22	0	11	44	21	33	24	0	76	11	114	49	99	99	227	19	0	10	22	0	11	16	0	33	10	59	0	33	74	44	21	33	6	0	12	10	16	7	0	0	24	0	76	11	114	49	99	99	217	18	0	10	19	0	10	15	0	30	10	50	0	30	68	22	0	11	3	0	11	10	7	0	0	0	16	0	33	10	59	0	33	74	44	21	33	3	0	0	0	8	7	0	0	6	0	12	10	16	7	0	0	24	0	76	11	114	49	99	99	207	17	0	8	18	0	10	15	0	30	8	45	0	30	63	19	0	10	3	0	10	8	7	0	0	0	15	0	30	10	50	0	30	68	22	0	11	1	0	0	0	3	0	0	0	3	0	11	10	7	0	0	0	16	0	33	10	59	0	33	74	44	21	33	12	0	0	16	5	7	0	0	3	0	0	0	8	7	0	0	6	0	12	10	16	7	0	0	24	0	76	11	114	49	99	99
249	239	37	29	19	229	17	15	11	37	29	19	14	12	57	11	93	40	38	40	219	16	9	10	17	15	11	11	0	33	10	46	12	22	37	37	29	19	3	0	12	10	9	0	19	0	14	12	57	11	93	40	38	40	209	16	9	10	16	9	10	11	0	30	10	44	0	20	35	17	15	11	3	0	11	10	4	0	11	0	11	0	33	10	46	12	22	37	37	29	19	3	0	0	0	6	0	0	0	3	0	12	10	9	0	19	0	14	12	57	11	93	40	38	40	199	15	9	8	16	9	10	11	0	30	8	44	0	20	32	16	9	10	3	0	10	8	4	0	10	0	11	0	30	10	44	0	20	35	17	15	11	1	0	0	0	2	0	0	0	3	0	11	10	4	0	11	0	11	0	33	10	46	12	22	37	37	29	19	6	0	0	16	4	6	0	0	3	0	0	0	6	0	0	0	3	0	12	10	9	0	19	0	14	12	57	11	93	40	38	40
148	142	24	9	0	136	13	5	0	24	9	0	12	0	0	0	59	8	0	0	130	12	5	0	13	5	0	10	0	0	0	33	0	0	0	24	9	0	2	0	0	0	3	0	0	0	12	0	0	0	59	8	0	0	124	12	5	0	12	5	0	10	0	0	0	31	0	0	0	13	5	0	2	0	0	0	2	0	0	0	10	0	0	0	33	0	0	0	24	9	0	0	0	0	0	2	0	0	0	2	0	0	0	3	0	0	0	12	0	0	0	59	8	0	0	118	12	5	0	12	5	0	10	0	0	0	31	0	0	0	12	5	0	2	0	0	0	2	0	0	0	10	0	0	0	31	0	0	0	13	5	0	0	0	0	0	0	0	0	0	2	0	0	0	2	0	0	0	10	0	0	0	33	0	0	0	24	9	0	4	0	0	0	3	0	0	0	0	0	0	0	2	0	0	0	2	0	0	0	3	0	0	0	12	0	0	0	59	8	0	0
238	228	48	35	0	218	23	21	0	48	35	0	25	14	0	0	119	99	0	0	208	21	21	0	23	21	0	19	14	0	0	64	63	0	0	48	35	0	17	0	0	0	13	7	0	0	25	14	0	0	119	99	0	0	198	20	21	0	21	21	0	19	14	0	0	61	63	0	0	23	21	0	12	0	0	0	7	7	0	0	19	14	0	0	64	63	0	0	48	35	0	5	0	0	0	5	4	0	0	17	0	0	0	13	7	0	0	25	14	0	0	119	99	0	0	188	19	21	0	20	21	0	19	14	0	0	56	63	0	0	21	21	0	12	0	0	0	6	7	0	0	19	14	0	0	61	63	0	0	23	21	0	3	0	0	0	4	0	0	0	12	0	0	0	7	7	0	0	19	14	0	0	64	63	0	0	48	35	0	23	0	0	0	2	4	0	0	5	0	0	0	5	4	0	0	17	0	0	0	13	7	0	0	25	14	0	0	119	99	0	0
161	154	28	17	0	147	15	12	0	28	17	0	10	8	0	0	67	26	0	0	140	14	12	0	15	12	0	8	8	0	0	39	20	0	0	28	17	0	2	0	0	0	3	0	0	0	10	8	0	0	67	26	0	0	133	14	12	0	14	12	0	8	8	0	0	37	20	0	0	15	12	0	2	0	0	0	3	0	0	0	8	8	0	0	39	20	0	0	28	17	0	0	0	0	0	1	0	0	0	2	0	0	0	3	0	0	0	10	8	0	0	67	26	0	0	126	14	12	0	14	12	0	8	8	0	0	37	20	0	0	14	12	0	2	0	0	0	3	0	0	0	8	8	0	0	37	20	0	0	15	12	0	0	0	0	0	0	0	0	0	2	0	0	0	3	0	0	0	8	8	0	0	39	20	0	0	28	17	0	4	0	0	0	2	0	0	0	0	0	0	0	1	0	0	0	2	0	0	0	3	0	0	0	10	8	0	0	67	26	0	0
467	448	99	77	99	429	59	31	86	99	77	99	93	59	95	52	283	287	297	33	410	51	14	50	59	31	86	65	14	93	22	188	155	258	11	99	77	99	55	42	36	102	34	42	99	122	93	59	95	52	283	287	297	33	391	41	0	47	51	14	50	59	0	87	20	160	70	150	10	59	31	86	30	0	36	91	21	0	86	86	65	14	93	22	188	155	258	11	99	77	99	22	0	47	34	12	0	99	0	55	42	36	102	34	42	99	122	93	59	95	52	283	287	297	33	372	31	0	44	41	0	47	39	0	84	20	118	0	141	10	51	14	50	28	0	36	81	21	0	50	78	59	0	87	20	160	70	150	10	59	31	86	12	0	47	30	11	0	86	0	30	0	36	91	21	0	86	86	65	14	93	22	188	155	258	11	99	77	99	39	0	42	29	4	0	0	0	22	0	47	34	12	0	99	0	55	42	36	102	34	42	99	122	93	59	95	52	283	287	297	33
394	377	67	88	47	360	34	62	19	67	88	47	35	76	20	38	171	270	94	52	343	32	60	11	34	62	19	28	72	12	22	100	214	38	22	67	88	47	21	24	0	11	21	12	0	40	35	76	20	38	171	270	94	52	326	30	60	10	32	60	11	27	72	11	20	94	204	22	20	34	62	19	13	24	0	10	12	12	0	37	28	72	12	22	100	214	38	22	67	88	47	5	0	0	10	8	0	0	0	21	24	0	11	21	12	0	40	35	76	20	38	171	270	94	52	309	29	56	10	30	60	10	27	72	10	20	84	204	20	20	32	60	11	13	24	0	10	11	12	0	35	27	72	11	20	94	204	22	20	34	62	19	3	0	0	10	6	0	0	0	13	24	0	10	12	12	0	37	28	72	12	22	100	214	38	22	67	88	47	19	40	0	0	1	0	0	0	5	0	0	10	8	0	0	0	21	24	0	11	21	12	0	40	35	76	20	38	171	270	94	52
407	390	87	69	62	373	54	44	40	87	69	62	82	14	50	43	248	189	124	52	356	46	43	21	54	44	40	57	14	42	22	169	114	80	22	87	69	62	55	15	20	11	32	55	0	77	82	14	50	43	248	189	124	52	339	34	40	20	46	43	21	49	14	41	20	141	113	42	20	54	44	40	23	14	20	10	16	30	0	61	57	14	42	22	169	114	80	22	87	69	62	15	38	28	10	7	30	0	0	55	15	20	11	32	55	0	77	82	14	50	43	248	189	124	52	322	25	26	19	34	40	20	29	12	40	20	95	104	40	20	46	43	21	21	14	20	10	15	29	0	55	49	14	41	20	141	113	42	20	54	44	40	7	14	28	10	7	30	0	0	23	14	20	10	16	30	0	61	57	14	42	22	169	114	80	22	87	69	62	33	24	42	9	0	0	62	0	15	38	28	10	7	30	0	0	55	15	20	11	32	55	0	77	82	14	50	43	248	189	124	52
447	427	124	166	16	407	70	126	16	124	166	16	97	192	30	0	298	426	64	0	387	59	93	10	70	126	16	69	132	30	0	188	314	64	0	124	166	16	35	210	20	0	48	91	16	23	97	192	30	0	298	426	64	0	367	51	60	10	59	93	10	65	76	30	0	159	217	40	0	70	126	16	19	110	20	0	28	69	16	12	69	132	30	0	188	314	64	0	124	166	16	17	104	28	0	17	32	64	0	35	210	20	0	48	91	16	23	97	192	30	0	298	426	64	0	347	46	38	9	51	60	10	53	20	30	0	127	116	40	0	59	93	10	19	60	20	0	22	51	10	10	65	76	30	0	159	217	40	0	70	126	16	15	48	28	0	15	28	64	0	19	110	20	0	28	69	16	12	69	132	30	0	188	314	64	0	124	166	16	37	80	24	9	8	0	32	0	17	104	28	0	17	32	64	0	35	210	20	0	48	91	16	23	97	192	30	0	298	426	64	0
401	383	114	128	4	365	60	93	0	114	128	4	82	122	0	0	298	450	20	0	347	52	79	0	60	93	0	57	110	0	0	179	354	0	0	114	128	4	45	121	0	0	38	53	0	0	82	122	0	0	298	450	20	0	329	46	72	0	52	79	0	51	104	0	0	155	299	0	0	60	93	0	25	96	0	0	23	36	0	0	57	110	0	0	179	354	0	0	114	128	4	20	20	0	0	22	16	4	0	45	121	0	0	38	53	0	0	82	122	0	0	298	450	20	0	311	43	55	0	46	72	0	43	100	0	0	133	266	0	0	52	79	0	23	75	0	0	21	31	0	0	51	104	0	0	155	299	0	0	60	93	0	10	20	0	0	14	14	0	0	25	96	0	0	23	36	0	0	57	110	0	0	179	354	0	0	114	128	4	27	95	0	0	10	0	0	0	20	20	0	0	22	16	4	0	45	121	0	0	38	53	0	0	82	122	0	0	298	450	20	0
424	406	82	47	124	388	58	17	68	82	47	124	74	0	63	111	242	130	248	228	370	47	17	60	58	17	68	57	0	36	93	184	85	136	161	82	47	124	33	0	72	24	21	0	0	19	74	0	63	111	242	130	248	228	352	44	17	54	47	17	60	49	0	36	85	141	85	120	92	58	17	68	31	0	29	22	21	0	0	11	57	0	36	93	184	85	136	161	82	47	124	12	0	22	81	11	0	0	0	33	0	72	24	21	0	0	19	74	0	63	111	242	130	248	228	334	36	17	51	44	17	54	44	0	36	80	131	85	108	87	47	17	60	20	0	29	20	20	0	0	10	49	0	36	85	141	85	120	92	58	17	68	10	0	0	70	11	0	0	0	31	0	29	22	21	0	0	11	57	0	36	93	184	85	136	161	82	47	124	10	0	57	34	4	0	0	0	12	0	22	81	11	0	0	0	33	0	72	24	21	0	0	19	74	0	63	111	242	130	248	228
409	391	95	101	58	373	55	52	18	95	101	58	64	96	63	38	264	339	232	181	355	47	32	18	55	52	18	55	16	36	38	166	198	72	142	95	101	58	31	0	52	0	22	0	116	0	64	96	63	38	264	339	232	181	337	44	32	18	47	32	18	47	16	36	38	135	128	72	81	55	52	18	29	0	10	0	20	0	36	0	55	16	36	38	166	198	72	142	95	101	58	12	0	22	0	12	0	0	0	31	0	52	0	22	0	116	0	64	96	63	38	264	339	232	181	319	38	32	18	44	32	18	42	16	36	38	125	128	72	77	47	32	18	18	0	10	0	19	0	36	0	47	16	36	38	135	128	72	81	55	52	18	10	0	0	0	11	0	0	0	29	0	10	0	20	0	36	0	55	16	36	38	166	198	72	142	95	101	58	10	0	37	0	4	0	0	0	12	0	22	0	12	0	0	0	31	0	52	0	22	0	116	0	64	96	63	38	264	339	232	181
288	275	66	48	34	262	39	30	25	66	48	34	51	20	58	38	195	110	68	4	249	34	30	25	39	30	25	39	20	50	38	125	80	50	0	66	48	34	18	0	18	0	14	0	0	0	51	20	58	38	195	110	68	4	236	34	30	25	34	30	25	39	20	50	38	106	80	50	0	39	30	25	18	0	10	0	13	0	0	0	39	20	50	38	125	80	50	0	66	48	34	6	0	0	0	7	0	0	0	18	0	18	0	14	0	0	0	51	20	58	38	195	110	68	4	223	31	30	25	34	30	25	39	20	50	38	106	80	50	0	34	30	25	15	0	10	0	13	0	0	0	39	20	50	38	106	80	50	0	39	30	25	6	0	0	0	7	0	0	0	18	0	10	0	13	0	0	0	39	20	50	38	125	80	50	0	66	48	34	6	0	15	0	4	0	0	0	6	0	0	0	7	0	0	0	18	0	18	0	14	0	0	0	51	20	58	38	195	110	68	4
359	342	98	101	29	325	63	73	8	98	101	29	88	129	23	8	268	247	58	67	308	51	70	8	63	73	8	58	120	16	8	190	199	16	35	98	101	29	37	30	25	0	20	40	0	0	88	129	23	8	268	247	58	67	291	47	70	8	51	70	8	46	120	16	8	151	190	16	21	63	73	8	29	30	0	0	19	40	0	0	58	120	16	8	190	199	16	35	98	101	29	11	0	10	0	9	20	0	0	37	30	25	0	20	40	0	0	88	129	23	8	268	247	58	67	274	40	70	8	47	70	8	42	120	16	8	139	190	16	20	51	70	8	18	30	0	0	17	40	0	0	46	120	16	8	151	190	16	21	63	73	8	9	0	0	0	9	20	0	0	29	30	0	0	19	40	0	0	58	120	16	8	190	199	16	35	98	101	29	10	0	45	0	4	0	0	0	11	0	10	0	9	20	0	0	37	30	25	0	20	40	0	0	88	129	23	8	268	247	58	67
373	355	106	124	24	337	65	97	0	106	124	24	94	138	19	0	271	338	48	119	319	51	84	0	65	97	0	61	114	0	0	191	284	0	102	106	124	24	46	68	39	0	23	60	24	0	94	138	19	0	271	338	48	119	301	45	80	0	51	84	0	45	110	0	0	142	252	0	60	65	97	0	34	60	0	0	21	60	0	0	61	114	0	0	191	284	0	102	106	124	24	18	40	10	0	7	40	0	0	46	68	39	0	23	60	24	0	94	138	19	0	271	338	48	119	283	36	76	0	45	80	0	33	110	0	0	123	240	0	57	51	84	0	15	60	0	0	18	60	0	0	45	110	0	0	142	252	0	60	65	97	0	8	40	0	0	7	40	0	0	34	60	0	0	21	60	0	0	61	114	0	0	191	284	0	102	106	124	24	8	36	25	0	0	40	0	0	18	40	10	0	7	40	0	0	46	68	39	0	23	60	24	0	94	138	19	0	271	338	48	119
445	425	61	69	126	405	32	36	70	61	69	126	32	18	43	82	167	211	252	269	385	32	36	66	32	36	70	32	18	13	69	90	144	140	119	61	69	126	9	0	0	38	12	0	0	0	32	18	43	82	167	211	252	269	365	32	36	66	32	36	66	32	18	10	69	90	144	132	111	32	36	70	9	0	0	38	10	0	0	0	32	18	13	69	90	144	140	119	61	69	126	4	0	0	0	6	0	0	0	9	0	0	38	12	0	0	0	32	18	43	82	167	211	252	269	345	32	36	66	32	36	66	32	18	10	69	90	144	132	105	32	36	66	9	0	0	38	10	0	0	0	32	18	10	69	90	144	132	111	32	36	70	4	0	0	0	6	0	0	0	9	0	0	38	10	0	0	0	32	18	13	69	90	144	140	119	61	69	126	4	0	0	0	4	0	0	0	4	0	0	0	6	0	0	0	9	0	0	38	12	0	0	0	32	18	43	82	167	211	252	269
432	413	57	70	127	394	21	0	102	57	70	127	23	0	115	144	128	238	635	58	375	18	0	79	21	0	102	10	0	73	69	49	0	510	18	57	70	127	10	0	18	38	7	14	0	115	23	0	115	144	128	238	635	58	356	16	0	79	18	0	79	6	0	36	69	42	0	395	18	21	0	102	2	0	10	38	6	0	0	102	10	0	73	69	49	0	510	18	57	70	127	3	0	18	0	4	0	0	0	10	0	18	38	7	14	0	115	23	0	115	144	128	238	635	58	337	16	0	79	16	0	79	6	0	36	69	40	0	395	18	18	0	79	2	0	0	38	4	0	0	60	6	0	36	69	42	0	395	18	21	0	102	3	0	10	0	2	0	0	0	2	0	10	38	6	0	0	102	10	0	73	69	49	0	510	18	57	70	127	4	0	0	0	0	0	0	0	3	0	18	0	4	0	0	0	10	0	18	38	7	14	0	115	23	0	115	144	128	238	635	58
203	194	32	20	18	185	9	0	18	32	20	18	5	0	10	0	63	60	72	0	176	9	0	18	9	0	18	5	0	10	0	22	0	72	0	32	20	18	0	0	0	0	1	0	0	0	5	0	10	0	63	60	72	0	167	9	0	18	9	0	18	5	0	10	0	22	0	72	0	9	0	18	0	0	0	0	0	0	0	0	5	0	10	0	22	0	72	0	32	20	18	0	0	0	0	1	0	0	0	0	0	0	0	1	0	0	0	5	0	10	0	63	60	72	0	158	9	0	18	9	0	18	5	0	10	0	22	0	72	0	9	0	18	0	0	0	0	0	0	0	0	5	0	10	0	22	0	72	0	9	0	18	0	0	0	0	0	0	0	0	0	0	0	0	0	0	0	0	5	0	10	0	22	0	72	0	32	20	18	0	0	0	0	0	0	0	0	0	0	0	0	1	0	0	0	0	0	0	0	1	0	0	0	5	0	10	0	63	60	72	0
216	206	49	24	48	196	31	16	0	49	24	48	32	8	27	0	134	81	48	269	186	31	16	0	31	16	0	32	8	0	0	89	64	0	119	49	24	48	9	0	0	0	11	0	0	0	32	8	27	0	134	81	48	269	176	31	16	0	31	16	0	32	8	0	0	89	64	0	111	31	16	0	9	0	0	0	10	0	0	0	32	8	0	0	89	64	0	119	49	24	48	4	0	0	0	6	0	0	0	9	0	0	0	11	0	0	0	32	8	27	0	134	81	48	269	166	31	16	0	31	16	0	32	8	0	0	89	64	0	105	31	16	0	9	0	0	0	10	0	0	0	32	8	0	0	89	64	0	111	31	16	0	4	0	0	0	6	0	0	0	9	0	0	0	10	0	0	0	32	8	0	0	89	64	0	119	49	24	48	4	0	0	0	4	0	0	0	4	0	0	0	6	0	0	0	9	0	0	0	11	0	0	0	32	8	27	0	134	81	48	269
228	217	37	41	10	206	10	24	0	37	41	10	5	16	20	0	89	85	30	58	195	10	24	0	10	24	0	5	16	0	0	32	48	0	18	37	41	10	0	0	0	0	1	0	0	0	5	16	20	0	89	85	30	58	184	10	24	0	10	24	0	5	16	0	0	32	48	0	18	10	24	0	0	0	0	0	0	0	0	0	5	16	0	0	32	48	0	18	37	41	10	0	0	0	0	0	0	0	0	0	0	0	0	1	0	0	0	5	16	20	0	89	85	30	58	173	10	24	0	10	24	0	5	16	0	0	32	48	0	18	10	24	0	0	0	0	0	0	0	0	0	5	16	0	0	32	48	0	18	10	24	0	0	0	0	0	0	0	0	0	0	0	0	0	0	0	0	0	5	16	0	0	32	48	0	18	37	41	10	0	0	0	0	0	0	0	0	0	0	0	0	0	0	0	0	0	0	0	0	1	0	0	0	5	16	20	0	89	85	30	58
435	415	48	75	145	395	22	0	117	48	75	145	22	0	68	111	91	105	725	145	375	16	0	91	22	0	117	13	0	66	58	56	0	585	120	48	75	145	12	0	50	146	20	0	0	58	22	0	68	111	91	105	725	145	355	13	0	60	16	0	91	7	0	58	33	41	0	455	97	22	0	117	8	0	48	49	10	0	0	18	13	0	66	58	56	0	585	120	48	75	145	3	0	20	67	6	15	0	119	12	0	50	146	20	0	0	58	22	0	68	111	91	105	725	145	335	10	0	60	13	0	60	3	0	36	33	32	0	300	97	16	0	91	0	0	25	49	3	0	0	18	7	0	58	33	41	0	455	97	22	0	117	1	0	20	67	3	0	0	102	8	0	48	49	10	0	0	18	13	0	66	58	56	0	585	120	48	75	145	0	0	30	0	0	0	0	0	3	0	20	67	6	15	0	119	12	0	50	146	20	0	0	58	22	0	68	111	91	105	725	145
305	291	31	33	70	277	11	0	44	31	33	70	9	0	48	23	45	11	210	155	263	10	0	44	11	0	44	4	0	48	23	21	0	132	120	31	33	70	0	0	0	0	4	0	0	0	9	0	48	23	45	11	210	155	249	10	0	41	10	0	44	4	0	48	23	20	0	132	97	11	0	44	0	0	0	0	2	0	0	0	4	0	48	23	21	0	132	120	31	33	70	0	0	0	18	3	0	0	0	0	0	0	0	4	0	0	0	9	0	48	23	45	11	210	155	235	10	0	41	10	0	41	4	0	36	23	20	0	123	97	10	0	44	0	0	0	0	0	0	0	0	4	0	48	23	20	0	132	97	11	0	44	0	0	0	18	0	0	0	0	0	0	0	0	2	0	0	0	4	0	48	23	21	0	132	120	31	33	70	0	0	0	0	0	0	0	0	0	0	0	18	3	0	0	0	0	0	0	0	4	0	0	0	9	0	48	23	45	11	210	155
324	308	50	86	33	292	18	46	18	50	86	33	20	35	56	9	70	139	165	127	276	14	39	14	18	46	18	14	0	54	5	29	85	90	102	50	86	33	6	0	20	20	20	24	33	0	20	35	56	9	70	139	165	127	260	13	39	6	14	39	14	14	0	46	0	24	78	70	79	18	46	18	2	0	18	0	9	14	18	0	14	0	54	5	29	85	90	102	50	86	33	11	0	0	18	8	7	0	16	6	0	20	20	20	24	33	0	20	35	56	9	70	139	165	127	244	12	39	6	13	39	6	14	0	24	0	23	78	30	79	14	39	14	0	0	10	0	3	0	14	0	14	0	46	0	24	78	70	79	18	46	18	9	0	0	18	5	0	0	16	2	0	18	0	9	14	18	0	14	0	54	5	29	85	90	102	50	86	33	10	0	10	0	4	0	0	0	11	0	0	18	8	7	0	16	6	0	20	20	20	24	33	0	20	35	56	9	70	139	165	127
352	335	52	68	80	318	26	42	26	52	68	80	25	28	20	63	100	126	160	329	301	23	42	5	26	42	26	16	28	18	5	68	98	52	190	52	68	80	8	0	20	20	16	0	0	82	25	28	20	63	100	126	160	329	284	23	42	0	23	42	5	16	28	10	0	65	98	10	163	26	42	26	8	0	18	0	12	0	0	18	16	28	18	5	68	98	52	190	52	68	80	7	0	0	0	8	0	0	16	8	0	20	20	16	0	0	82	25	28	20	63	100	126	160	329	267	18	42	0	23	42	0	16	28	0	0	65	98	0	163	23	42	5	6	0	10	0	7	0	0	18	16	28	10	0	65	98	10	163	26	42	26	5	0	0	0	5	0	0	16	8	0	18	0	12	0	0	18	16	28	18	5	68	98	52	190	52	68	80	0	0	46	0	4	0	0	0	7	0	0	0	8	0	0	16	8	0	20	20	16	0	0	82	25	28	20	63	100	126	160	329
255	243	34	29	50	231	16	11	9	34	29	50	14	0	20	9	57	11	100	281	219	13	11	5	16	11	9	5	0	18	5	34	11	18	190	34	29	50	2	0	20	20	6	0	0	0	14	0	20	9	57	11	100	281	207	13	11	0	13	11	5	5	0	10	0	31	11	10	163	16	11	9	2	0	18	0	6	0	0	0	5	0	18	5	34	11	18	190	34	29	50	3	0	0	0	4	0	0	16	2	0	20	20	6	0	0	0	14	0	20	9	57	11	100	281	195	12	11	0	13	11	0	5	0	0	0	31	11	0	163	13	11	5	0	0	10	0	1	0	0	0	5	0	10	0	31	11	10	163	16	11	9	1	0	0	0	1	0	0	16	2	0	18	0	6	0	0	0	5	0	18	5	34	11	18	190	34	29	50	0	0	10	0	0	0	0	0	3	0	0	0	4	0	0	16	2	0	20	20	6	0	0	0	14	0	20	9	57	11	100	281
189	180	8	0	68	171	4	0	21	8	0	68	0	0	7	51	11	0	0	298	162	4	0	21	4	0	21	0	0	0	51	7	0	0	188	8	0	68	0	0	0	0	7	0	0	0	0	0	7	51	11	0	0	298	153	4	0	21	4	0	21	0	0	0	51	7	0	0	154	4	0	21	0	0	0	0	0	0	0	0	0	0	0	51	7	0	0	188	8	0	68	0	0	0	0	0	0	0	0	0	0	0	0	7	0	0	0	0	0	7	51	11	0	0	298	144	4	0	18	4	0	21	0	0	0	42	7	0	0	107	4	0	21	0	0	0	0	0	0	0	0	0	0	0	51	7	0	0	154	4	0	21	0	0	0	0	0	0	0	0	0	0	0	0	0	0	0	0	0	0	0	51	7	0	0	188	8	0	68	0	0	0	18	0	0	0	0	0	0	0	0	0	0	0	0	0	0	0	0	7	0	0	0	0	0	7	51	11	0	0	298
209	199	23	9	53	189	13	0	17	23	9	53	14	0	23	27	42	9	53	248	179	11	0	17	13	0	17	12	0	16	27	21	0	17	179	23	9	53	4	0	0	0	18	18	0	0	14	0	23	27	42	9	53	248	169	10	0	17	11	0	17	12	0	16	27	18	0	17	149	13	0	17	0	0	0	0	5	0	0	0	12	0	16	27	21	0	17	179	23	9	53	8	0	0	0	4	0	0	0	4	0	0	0	18	18	0	0	14	0	23	27	42	9	53	248	159	10	0	12	10	0	17	12	0	16	18	17	0	17	107	11	0	17	0	0	0	0	2	0	0	0	12	0	16	27	18	0	17	149	13	0	17	8	0	0	0	4	0	0	0	0	0	0	0	5	0	0	0	12	0	16	27	21	0	17	179	23	9	53	10	0	0	30	4	0	0	0	8	0	0	0	4	0	0	0	4	0	0	0	18	18	0	0	14	0	23	27	42	9	53	248
250	238	36	20	68	226	24	0	27	36	20	68	21	0	51	67	65	20	136	258	214	21	0	26	24	0	27	18	0	36	63	38	0	54	161	36	20	68	6	0	0	9	26	30	0	0	21	0	51	67	65	20	136	258	202	19	0	22	21	0	26	18	0	34	47	34	0	52	110	24	0	27	0	0	0	5	11	0	0	0	18	0	36	63	38	0	54	161	36	20	68	9	0	14	20	6	0	0	0	6	0	0	9	26	30	0	0	21	0	51	67	65	20	136	258	190	19	0	12	19	0	22	18	0	26	18	32	0	44	66	21	0	26	0	0	0	0	7	0	0	0	18	0	34	47	34	0	52	110	24	0	27	9	0	10	0	6	0	0	0	0	0	0	5	11	0	0	0	18	0	36	63	38	0	54	161	36	20	68	14	0	0	30	4	0	0	16	9	0	14	20	6	0	0	0	6	0	0	9	26	30	0	0	21	0	51	67	65	20	136	258
266	253	44	44	70	240	25	12	41	44	44	70	28	0	65	67	81	84	280	178	227	19	8	40	25	12	41	17	0	50	63	39	12	164	135	44	44	70	4	32	0	9	27	52	0	0	28	0	65	67	81	84	280	178	214	16	0	34	19	8	40	16	0	48	47	30	8	160	105	25	12	41	0	0	0	5	13	12	0	0	17	0	50	63	39	12	164	135	44	44	70	9	0	28	44	8	12	70	0	4	32	0	9	27	52	0	0	28	0	65	67	81	84	280	178	201	16	0	12	16	0	34	16	0	38	18	25	0	136	66	19	8	40	0	0	0	0	7	8	0	0	16	0	48	47	30	8	160	105	25	12	41	9	0	24	0	8	12	41	0	0	0	0	5	13	12	0	0	17	0	50	63	39	12	164	135	44	44	70	14	0	0	30	4	0	0	78	9	0	28	44	8	12	70	0	4	32	0	9	27	52	0	0	28	0	65	67	81	84	280	178
168	160	11	0	54	152	7	0	0	11	0	54	2	0	7	0	18	0	0	378	144	7	0	0	7	0	0	2	0	0	0	14	0	0	214	11	0	54	0	0	0	0	7	0	0	0	2	0	7	0	18	0	0	378	136	7	0	0	7	0	0	2	0	0	0	14	0	0	159	7	0	0	0	0	0	0	0	0	0	0	2	0	0	0	14	0	0	214	11	0	54	0	0	0	0	0	0	0	0	0	0	0	0	7	0	0	0	2	0	7	0	18	0	0	378	128	7	0	0	7	0	0	2	0	0	0	14	0	0	107	7	0	0	0	0	0	0	0	0	0	0	2	0	0	0	14	0	0	159	7	0	0	0	0	0	0	0	0	0	0	0	0	0	0	0	0	0	0	2	0	0	0	14	0	0	214	11	0	54	0	0	0	0	0	0	0	0	0	0	0	0	0	0	0	0	0	0	0	0	7	0	0	0	2	0	7	0	18	0	0	378
317	299	56	115	66	281	33	93	29	56	115	66	33	148	0	87	113	192	66	191	263	25	77	18	33	93	29	23	132	0	44	75	145	29	85	56	115	66	18	0	24	40	29	42	132	33	33	148	0	87	113	192	66	191	245	22	69	17	25	77	18	18	132	0	42	57	121	18	83	33	93	29	13	0	14	36	18	35	58	18	23	132	0	44	75	145	29	85	56	115	66	12	72	0	9	15	27	0	0	18	0	24	40	29	42	132	33	33	148	0	87	113	192	66	191	227	18	59	13	22	69	17	10	108	0	34	47	101	17	73	25	77	18	5	0	10	20	13	11	36	14	18	132	0	42	57	121	18	83	33	93	29	4	64	0	5	10	24	0	0	13	0	14	36	18	35	58	18	23	132	0	44	75	145	29	85	56	115	66	11	86	0	20	5	36	0	0	12	72	0	9	15	27	0	0	18	0	24	40	29	42	132	33	33	148	0	87	113	192	66	191
235	223	56	35	45	211	33	8	33	56	35	45	33	24	22	38	132	83	135	70	199	24	0	32	33	8	33	21	0	22	38	67	8	99	41	56	35	45	2	0	45	10	23	11	45	0	33	24	22	38	132	83	135	70	187	23	0	32	24	0	32	20	0	20	38	51	0	96	40	33	8	33	1	0	36	10	16	8	33	0	21	0	22	38	67	8	99	41	56	35	45	8	0	0	0	18	11	0	0	2	0	45	10	23	11	45	0	33	24	22	38	132	83	135	70	175	23	0	25	23	0	32	20	0	20	36	48	0	96	34	24	0	32	1	0	34	5	8	0	32	0	20	0	20	38	51	0	96	40	33	8	33	8	0	0	0	10	8	0	0	1	0	36	10	16	8	33	0	21	0	22	38	67	8	99	41	56	35	45	19	0	0	49	11	0	0	0	8	0	0	0	18	11	0	0	2	0	45	10	23	11	45	0	33	24	22	38	132	83	135	70
215	204	43	30	34	193	20	0	34	43	30	34	17	0	61	0	113	54	170	0	182	15	0	33	20	0	34	4	0	61	0	56	0	170	0	43	30	34	1	0	34	10	14	0	0	0	17	0	61	0	113	54	170	0	171	15	0	33	15	0	33	4	0	59	0	43	0	165	0	20	0	34	1	0	34	10	7	0	0	0	4	0	61	0	56	0	170	0	43	30	34	0	0	0	0	13	0	0	0	1	0	34	10	14	0	0	0	17	0	61	0	113	54	170	0	160	15	0	26	15	0	33	4	0	59	0	43	0	165	0	15	0	33	1	0	32	5	4	0	0	0	4	0	59	0	43	0	165	0	20	0	34	0	0	0	0	5	0	0	0	1	0	34	10	7	0	0	0	4	0	61	0	56	0	170	0	43	30	34	5	0	0	45	7	0	0	0	0	0	0	0	13	0	0	0	1	0	34	10	14	0	0	0	17	0	61	0	113	54	170	0
234	222	48	39	38	210	24	7	30	48	39	38	20	28	53	0	120	74	152	70	198	17	0	29	24	7	30	9	0	53	0	57	7	120	41	48	39	38	2	0	42	10	18	11	38	0	20	28	53	0	120	74	152	70	186	16	0	29	17	0	29	8	0	51	0	40	0	116	40	24	7	30	1	0	34	10	11	7	30	0	9	0	53	0	57	7	120	41	48	39	38	0	0	0	0	14	11	0	0	2	0	42	10	18	11	38	0	20	28	53	0	120	74	152	70	174	16	0	22	16	0	29	8	0	51	0	37	0	116	34	17	0	29	1	0	32	5	7	0	29	0	8	0	51	0	40	0	116	40	24	7	30	0	0	0	0	6	7	0	0	1	0	34	10	11	7	30	0	9	0	53	0	57	7	120	41	48	39	38	9	0	0	45	7	0	0	0	0	0	0	0	14	11	0	0	2	0	42	10	18	11	38	0	20	28	53	0	120	74	152	70
226	213	50	57	34	200	31	46	14	50	57	34	43	38	0	28	125	89	34	138	187	20	40	10	31	46	14	29	32	0	20	70	46	14	68	50	57	34	4	0	24	40	17	39	34	0	43	38	0	28	125	89	34	138	174	19	40	9	20	40	10	28	32	0	18	44	40	10	66	31	46	14	3	0	14	36	11	38	14	0	29	32	0	20	70	46	14	68	50	57	34	15	0	0	9	24	7	0	0	4	0	24	40	17	39	34	0	43	38	0	28	125	89	34	138	161	19	36	5	19	40	9	28	32	0	10	41	40	9	56	20	40	10	3	0	10	20	4	32	10	0	28	32	0	18	44	40	10	66	31	46	14	15	0	0	5	17	6	0	0	3	0	14	36	11	38	14	0	29	32	0	20	70	46	14	68	50	57	34	29	28	0	20	11	0	0	0	15	0	0	9	24	7	0	0	4	0	24	40	17	39	34	0	43	38	0	28	125	89	34	138
190	180	17	0	55	170	11	0	37	17	0	55	0	0	21	42	50	0	0	72	160	11	0	37	11	0	37	0	0	12	42	32	0	0	64	17	0	55	0	0	0	0	5	0	0	0	0	0	21	42	50	0	0	72	150	11	0	37	11	0	37	0	0	12	42	32	0	0	62	11	0	37	0	0	0	0	3	0	0	0	0	0	12	42	32	0	0	64	17	0	55	0	0	0	0	4	0	0	0	0	0	0	0	5	0	0	0	0	0	21	42	50	0	0	72	140	11	0	37	11	0	37	0	0	12	42	32	0	0	62	11	0	37	0	0	0	0	3	0	0	0	0	0	12	42	32	0	0	62	11	0	37	0	0	0	0	0	0	0	0	0	0	0	0	3	0	0	0	0	0	12	42	32	0	0	64	17	0	55	0	0	0	0	2	0	0	0	0	0	0	0	4	0	0	0	0	0	0	0	5	0	0	0	0	0	21	42	50	0	0	72
147	138	27	20	11	129	12	20	4	27	20	11	5	0	0	4	65	55	0	34	120	11	20	4	12	20	4	3	0	0	4	31	55	0	34	27	20	11	0	0	0	0	5	5	0	0	5	0	0	4	65	55	0	34	111	11	20	4	11	20	4	3	0	0	4	28	55	0	33	12	20	4	0	0	0	0	4	5	0	0	3	0	0	4	31	55	0	34	27	20	11	0	0	0	0	5	0	0	0	0	0	0	0	5	5	0	0	5	0	0	4	65	55	0	34	102	11	20	4	11	20	4	3	0	0	4	28	55	0	33	11	20	4	0	0	0	0	4	5	0	0	3	0	0	4	28	55	0	33	12	20	4	0	0	0	0	0	0	0	0	0	0	0	0	4	5	0	0	3	0	0	4	31	55	0	34	27	20	11	0	0	0	0	2	0	0	0	0	0	0	0	5	0	0	0	0	0	0	0	5	5	0	0	5	0	0	4	65	55	0	34
264	249	54	63	49	234	25	36	23	54	63	49	24	0	57	57	134	189	147	117	219	23	36	23	25	36	23	21	0	34	57	73	108	69	97	54	63	49	14	0	0	0	14	21	0	0	24	0	57	57	134	189	147	117	204	21	36	22	23	36	23	20	0	34	54	67	108	69	94	25	36	23	10	0	0	0	5	12	0	0	21	0	34	57	73	108	69	97	54	63	49	7	0	0	10	15	18	0	0	14	0	0	0	14	21	0	0	24	0	57	57	134	189	147	117	189	20	36	22	21	36	22	19	0	32	54	61	108	66	94	23	36	23	10	0	0	0	5	12	0	0	20	0	34	54	67	108	69	94	25	36	23	4	0	0	10	4	0	0	0	10	0	0	0	5	12	0	0	21	0	34	57	73	108	69	97	54	63	49	15	0	0	0	6	9	0	0	7	0	0	10	15	18	0	0	14	0	0	0	14	21	0	0	24	0	57	57	134	189	147	117
294	277	88	97	49	260	50	53	11	88	97	49	70	54	65	33	197	289	245	217	243	43	52	11	50	53	11	49	52	22	33	125	147	55	140	88	97	49	42	13	0	0	32	61	0	0	70	54	65	33	197	289	245	217	226	36	52	10	43	52	11	41	52	22	30	103	143	55	122	50	53	11	21	13	0	0	19	13	0	0	49	52	22	33	125	147	55	140	88	97	49	26	0	0	10	18	72	0	0	42	13	0	0	32	61	0	0	70	54	65	33	197	289	245	217	209	27	47	10	36	52	10	32	52	20	30	81	143	50	120	43	52	11	13	13	0	0	17	13	0	0	41	52	22	30	103	143	55	122	50	53	11	7	0	0	10	6	28	0	0	21	13	0	0	19	13	0	0	49	52	22	33	125	147	55	140	88	97	49	22	40	32	0	8	40	0	0	26	0	0	10	18	72	0	0	42	13	0	0	32	61	0	0	70	54	65	33	197	289	245	217
203	191	46	39	21	179	21	32	0	46	39	21	22	0	15	0	117	117	21	117	167	20	32	0	21	32	0	20	0	0	0	61	96	0	97	46	39	21	13	0	0	0	14	8	0	0	22	0	15	0	117	117	21	117	155	19	32	0	20	32	0	20	0	0	0	58	96	0	94	21	32	0	10	0	0	0	5	8	0	0	20	0	0	0	61	96	0	97	46	39	21	7	0	0	0	17	7	0	0	13	0	0	0	14	8	0	0	22	0	15	0	117	117	21	117	143	18	32	0	19	32	0	19	0	0	0	55	96	0	94	20	32	0	10	0	0	0	5	8	0	0	20	0	0	0	58	96	0	94	21	32	0	4	0	0	0	4	0	0	0	10	0	0	0	5	8	0	0	20	0	0	0	61	96	0	97	46	39	21	15	0	0	0	6	7	0	0	7	0	0	0	17	7	0	0	13	0	0	0	14	8	0	0	22	0	15	0	117	117	21	117
294	277	85	71	86	260	58	16	65	85	71	86	85	0	50	56	208	136	430	98	243	50	16	60	58	16	65	60	0	50	46	160	48	325	34	85	71	86	47	0	20	57	24	0	0	0	85	0	50	56	208	136	430	98	226	44	16	60	50	16	60	51	0	50	46	136	48	300	34	58	16	65	32	0	20	57	21	0	0	0	60	0	50	46	160	48	325	34	85	71	86	22	0	10	0	14	0	0	0	47	0	20	57	24	0	0	0	85	0	50	56	208	136	430	98	209	38	16	58	44	16	60	42	0	50	44	117	48	300	32	50	16	60	24	0	20	54	19	0	0	0	51	0	50	46	136	48	300	34	58	16	65	11	0	10	0	14	0	0	0	32	0	20	57	21	0	0	0	60	0	50	46	160	48	325	34	85	71	86	14	0	8	19	2	0	0	0	22	0	10	0	14	0	0	0	47	0	20	57	24	0	0	0	85	0	50	56	208	136	430	98
336	317	84	51	137	298	57	33	109	84	51	137	89	33	50	94	186	121	137	98	279	50	16	70	57	33	109	65	16	50	22	145	99	109	34	84	51	137	44	16	20	112	24	0	137	183	89	33	50	94	186	121	137	98	260	40	0	59	50	16	70	57	0	50	22	124	48	70	34	57	33	109	30	0	20	75	22	0	109	106	65	16	50	22	145	99	109	34	84	51	137	22	0	64	42	12	0	137	70	44	16	20	112	24	0	137	183	89	33	50	94	186	121	137	98	241	27	0	53	40	0	59	36	0	50	20	95	0	59	32	50	16	70	22	0	20	64	20	0	70	89	57	0	50	22	124	48	70	34	57	33	109	11	0	60	34	12	0	109	41	30	0	20	75	22	0	109	106	65	16	50	22	145	99	109	34	84	51	137	14	0	63	59	2	0	0	0	22	0	64	42	12	0	137	70	44	16	20	112	24	0	137	183	89	33	50	94	186	121	137	98
299	280	116	141	27	261	72	111	18	116	141	27	111	152	20	8	269	357	54	49	242	59	81	10	72	111	18	76	100	20	0	190	314	36	11	116	141	27	41	152	10	0	35	105	54	66	111	152	20	8	269	357	54	49	223	49	56	10	59	81	10	71	56	20	0	153	227	20	11	72	111	18	22	100	10	0	24	91	36	29	76	100	20	0	190	314	36	11	116	141	27	17	95	46	0	22	34	54	0	41	152	10	0	35	105	54	66	111	152	20	8	269	357	54	49	204	44	26	9	49	56	10	58	0	20	0	125	157	20	10	59	81	10	22	36	10	0	22	72	20	18	71	56	20	0	153	227	20	11	72	111	18	14	35	42	0	22	34	36	0	22	100	10	0	24	91	36	29	76	100	20	0	190	314	36	11	116	141	27	30	18	35	9	6	0	108	0	17	95	46	0	22	34	54	0	41	152	10	0	35	105	54	66	111	152	20	8	269	357	54	49
293	275	97	119	28	257	58	65	20	97	119	28	72	157	50	0	233	262	140	49	239	52	39	20	58	65	20	58	37	50	0	159	156	100	11	97	119	28	42	35	20	0	23	12	84	0	72	157	50	0	233	262	140	49	221	47	32	20	52	39	20	52	16	50	0	143	85	100	11	58	65	20	32	0	20	0	19	7	60	0	58	37	50	0	159	156	100	11	95	119	28	22	0	10	0	14	0	28	0	42	35	20	0	23	12	84	0	72	157	50	0	228	262	140	49	203	41	32	19	47	32	20	43	16	50	0	127	64	100	10	52	39	20	24	0	20	0	18	0	60	0	52	16	50	0	143	85	100	11	56	65	20	11	0	10	0	14	0	20	0	32	0	20	0	19	7	60	0	58	37	50	0	154	156	100	11	95	119	28	14	0	8	9	2	0	0	0	22	0	10	0	14	0	28	0	42	35	20	0	23	12	84	0	72	157	50	0	228	262	140	49
292	273	103	141	24	254	62	104	0	103	141	24	73	196	0	0	245	368	72	119	235	54	92	0	62	104	0	49	175	0	0	164	313	0	34	103	141	24	43	120	0	0	44	22	0	0	73	196	0	0	245	368	72	119	216	48	78	0	54	92	0	41	160	0	0	139	276	0	34	62	104	0	25	93	0	0	32	20	0	0	49	175	0	0	164	313	0	34	103	141	24	15	62	0	0	19	30	24	0	43	120	0	0	44	22	0	0	73	196	0	0	245	368	72	119	197	43	61	0	48	78	0	33	141	0	0	120	237	0	32	54	92	0	17	81	0	0	30	20	0	0	41	160	0	0	139	276	0	34	62	104	0	7	40	0	0	15	24	0	0	25	93	0	0	32	20	0	0	49	175	0	0	164	313	0	34	103	141	24	14	73	8	0	8	0	24	0	15	62	0	0	19	30	24	0	43	120	0	0	44	22	0	0	73	196	0	0	245	368	72	119
303	284	66	95	97	265	35	34	72	66	95	97	34	17	100	70	173	249	485	114	246	32	34	72	35	34	72	26	17	72	70	94	68	360	85	66	95	97	11	0	21	0	11	12	0	0	34	17	100	70	173	249	485	114	227	32	34	72	32	34	72	26	17	72	70	88	68	360	80	35	34	72	11	0	10	0	8	0	0	0	26	17	72	70	94	68	360	85	64	95	97	4	0	0	0	8	0	0	0	11	0	21	0	11	12	0	0	34	17	100	70	168	249	485	114	208	32	34	72	32	34	72	26	17	72	70	88	68	360	80	32	34	72	11	0	10	0	8	0	0	0	26	17	72	70	88	68	360	80	33	34	72	4	0	0	0	8	0	0	0	11	0	10	0	8	0	0	0	26	17	72	70	89	68	360	85	64	95	97	2	0	0	0	2	0	0	0	4	0	0	0	8	0	0	0	11	0	21	0	11	12	0	0	34	17	100	70	168	249	485	114
199	186	54	32	62	173	36	30	30	54	32	62	43	20	58	70	148	42	0	138	160	33	30	30	36	30	30	39	20	30	70	98	40	0	85	54	32	62	19	0	28	0	13	0	0	0	43	20	58	70	148	42	0	138	147	32	30	30	33	30	30	38	20	30	70	89	40	0	80	36	30	30	19	0	10	0	9	0	0	0	39	20	30	70	98	40	0	85	50	32	62	8	0	7	0	10	0	0	0	19	0	28	0	13	0	0	0	43	20	58	70	138	42	0	138	134	29	30	30	32	30	30	35	20	30	70	87	40	0	80	33	30	30	16	0	10	0	9	0	0	0	38	20	30	70	89	40	0	80	32	30	30	8	0	0	0	10	0	0	0	19	0	10	0	9	0	0	0	39	20	30	70	88	40	0	85	49	32	62	3	0	21	0	2	0	0	0	8	0	7	0	10	0	0	0	19	0	28	0	13	0	0	0	41	20	58	70	137	42	0	138
207	193	77	53	45	179	49	47	10	77	53	45	62	58	48	30	200	142	0	165	165	42	45	10	49	47	10	43	54	10	30	130	129	0	103	77	53	45	37	18	28	0	26	30	0	0	62	58	48	30	200	142	0	165	151	35	45	10	42	45	10	34	54	10	30	108	126	0	90	49	47	10	21	18	0	0	16	27	0	0	43	54	10	30	130	129	0	103	71	53	45	11	0	35	0	10	18	0	0	37	18	28	0	26	30	0	0	62	58	48	30	185	142	0	165	137	32	45	10	35	45	10	31	54	10	30	96	126	0	90	42	45	10	18	18	0	0	15	27	0	0	34	54	10	30	108	126	0	90	43	47	10	11	0	0	0	10	18	0	0	21	18	0	0	16	27	0	0	43	54	10	30	115	129	0	103	70	53	45	5	0	21	0	4	0	0	0	11	0	35	0	10	18	0	0	37	18	28	0	26	30	0	0	60	58	48	30	184	142	0	165
253	235	105	113	48	217	63	92	0	105	113	48	80	144	51	0	251	348	48	302	199	53	84	0	63	92	0	51	128	0	0	152	280	0	212	104	113	48	66	88	44	0	39	61	0	0	80	144	51	0	250	348	48	302	181	42	80	0	53	84	0	42	120	0	0	127	262	0	160	62	92	0	30	80	0	0	25	44	0	0	51	128	0	0	151	280	0	212	98	113	48	20	40	35	0	7	60	0	0	66	88	44	0	39	61	0	0	80	144	51	0	235	348	48	302	163	37	78	0	42	80	0	31	120	0	0	103	250	0	149	52	84	0	27	80	0	0	23	42	0	0	42	120	0	0	126	262	0	160	56	92	0	10	40	0	0	7	60	0	0	30	80	0	0	25	44	0	0	51	128	0	0	136	280	0	212	97	113	48	22	18	21	0	4	20	0	0	20	40	35	0	7	60	0	0	66	88	44	0	39	61	0	0	78	144	51	0	234	348	48	302
153	143	49	29	18	133	31	16	0	49	29	18	31	8	21	0	129	63	36	114	123	29	16	0	31	16	0	24	8	0	0	82	32	0	85	49	29	18	10	0	7	0	11	6	0	0	31	8	21	0	129	63	36	114	113	29	16	0	29	16	0	24	8	0	0	79	32	0	80	31	16	0	10	0	0	0	8	0	0	0	24	8	0	0	82	32	0	85	47	29	18	4	0	0	0	8	0	0	0	10	0	7	0	11	6	0	0	31	8	21	0	124	63	36	114	103	29	16	0	29	16	0	24	8	0	0	79	32	0	80	29	16	0	10	0	0	0	8	0	0	0	24	8	0	0	79	32	0	80	29	16	0	4	0	0	0	8	0	0	0	10	0	0	0	8	0	0	0	24	8	0	0	77	32	0	85	47	29	18	2	0	0	0	2	0	0	0	4	0	0	0	8	0	0	0	10	0	7	0	11	6	0	0	31	8	21	0	124	63	36	114
301	282	51	48	161	263	23	0	131	51	48	161	20	0	99	194	110	128	483	97	244	18	0	94	23	0	131	8	0	87	112	59	0	393	72	51	48	161	5	0	36	70	14	0	0	192	20	0	99	194	110	128	483	97	225	18	0	94	18	0	94	8	0	46	112	55	0	282	72	23	0	131	5	0	28	70	9	0	0	147	8	0	87	112	59	0	393	72	51	48	161	3	0	0	0	2	0	0	0	5	0	36	70	14	0	0	192	20	0	99	194	110	128	483	97	206	17	0	94	18	0	94	8	0	46	112	55	0	282	72	18	0	94	1	0	0	70	3	0	0	100	8	0	46	112	55	0	282	72	23	0	131	1	0	0	0	2	0	0	0	5	0	28	70	9	0	0	147	8	0	87	112	59	0	393	72	51	48	161	0	0	9	0	0	0	0	0	3	0	0	0	2	0	0	0	5	0	36	70	14	0	0	192	20	0	99	194	110	128	483	97
126	118	30	12	20	110	12	0	8	30	12	20	9	0	8	0	66	24	40	97	102	11	0	8	12	0	8	5	0	8	0	33	0	16	72	30	12	20	1	0	0	0	2	0	0	0	9	0	8	0	66	24	40	97	94	11	0	8	11	0	8	5	0	8	0	33	0	16	72	12	0	8	1	0	0	0	1	0	0	0	5	0	8	0	33	0	16	72	30	12	20	0	0	0	0	0	0	0	0	1	0	0	0	2	0	0	0	9	0	8	0	66	24	40	97	86	11	0	8	11	0	8	5	0	8	0	33	0	16	72	11	0	8	1	0	0	0	1	0	0	0	5	0	8	0	33	0	16	72	12	0	8	0	0	0	0	0	0	0	0	1	0	0	0	1	0	0	0	5	0	8	0	33	0	16	72	30	12	20	0	0	0	0	0	0	0	0	0	0	0	0	0	0	0	0	1	0	0	0	2	0	0	0	9	0	8	0	66	24	40	97
245	228	65	91	48	211	31	51	14	65	91	48	34	36	30	49	129	230	192	163	194	26	42	0	31	51	14	21	0	21	0	78	140	56	72	65	91	48	13	0	36	0	18	14	48	55	34	36	30	49	129	230	192	163	177	26	42	0	26	42	0	21	0	0	0	74	140	0	72	31	51	14	13	0	28	0	13	14	14	38	21	0	21	0	78	140	56	72	65	91	48	7	0	0	0	8	0	0	0	13	0	36	0	18	14	48	55	34	36	30	49	129	230	192	163	160	23	42	0	26	42	0	21	0	0	0	74	140	0	72	26	42	0	9	0	0	0	6	14	0	30	21	0	0	0	74	140	0	72	31	51	14	5	0	0	0	8	0	0	0	13	0	28	0	13	14	14	38	21	0	21	0	78	140	56	72	65	91	48	0	0	27	0	2	0	0	0	7	0	0	0	8	0	0	0	13	0	36	0	18	14	48	55	34	36	30	49	129	230	192	163
155	144	39	33	30	133	13	24	7	39	33	30	9	16	12	35	90	92	30	115	122	12	24	0	13	24	7	5	16	7	0	31	80	7	72	39	33	30	1	0	0	0	2	0	0	28	9	16	12	35	90	92	30	115	111	12	24	0	12	24	0	5	16	0	0	31	80	0	72	13	24	7	1	0	0	0	1	0	0	20	5	16	7	0	31	80	7	72	39	33	30	0	0	0	0	0	0	0	0	1	0	0	0	2	0	0	28	9	16	12	35	90	92	30	115	100	12	24	0	12	24	0	5	16	0	0	31	80	0	72	12	24	0	1	0	0	0	1	0	0	20	5	16	0	0	31	80	0	72	13	24	7	0	0	0	0	0	0	0	0	1	0	0	0	1	0	0	20	5	16	7	0	31	80	7	72	39	33	30	0	0	0	0	0	0	0	0	0	0	0	0	0	0	0	0	1	0	0	0	2	0	0	28	9	16	12	35	90	92	30	115
182	169	44	58	12	156	13	31	0	44	58	12	9	21	0	0	79	154	60	97	143	12	30	0	13	31	0	5	20	0	0	33	90	0	72	44	58	12	0	10	0	0	8	0	0	0	9	21	0	0	79	154	60	97	130	12	30	0	12	30	0	5	20	0	0	33	90	0	72	13	31	0	0	10	0	0	2	0	0	0	5	20	0	0	33	90	0	72	44	58	12	0	0	0	0	0	0	0	0	0	10	0	0	8	0	0	0	9	21	0	0	79	154	60	97	117	12	30	0	12	30	0	5	20	0	0	33	90	0	72	12	30	0	0	10	0	0	2	0	0	0	5	20	0	0	33	90	0	72	13	31	0	0	0	0	0	0	0	0	0	0	10	0	0	2	0	0	0	5	20	0	0	33	90	0	72	44	58	12	0	0	0	0	0	0	0	0	0	0	0	0	0	0	0	0	0	10	0	0	8	0	0	0	9	21	0	0	79	154	60	97
297	277	41	51	165	257	22	0	121	41	51	165	21	0	96	101	79	17	495	241	237	18	0	108	22	0	121	17	0	79	79	67	0	363	153	41	51	165	11	0	30	114	16	17	0	0	21	0	96	101	79	17	495	241	217	14	0	64	18	0	108	8	0	68	24	53	0	324	102	22	0	121	4	0	30	20	3	0	0	0	17	0	79	79	67	0	363	153	41	51	165	2	0	41	76	6	0	0	216	11	0	30	114	16	17	0	0	21	0	96	101	79	17	495	241	197	13	0	63	14	0	64	5	0	27	24	40	0	192	102	18	0	108	1	0	21	20	3	0	0	0	8	0	68	24	53	0	324	102	22	0	121	1	0	39	74	6	0	0	147	4	0	30	20	3	0	0	0	17	0	79	79	67	0	363	153	41	51	165	0	0	10	8	0	0	0	0	2	0	41	76	6	0	0	216	11	0	30	114	16	17	0	0	21	0	96	101	79	17	495	241
224	209	28	14	103	194	13	0	57	28	14	103	6	0	42	30	42	0	103	271	179	13	0	57	13	0	57	6	0	33	30	38	0	57	160	28	14	103	1	0	0	0	8	0	0	0	6	0	42	30	42	0	103	271	164	13	0	55	13	0	57	6	0	33	30	38	0	57	102	13	0	57	1	0	0	0	2	0	0	0	6	0	33	30	38	0	57	160	28	14	103	0	0	0	18	0	0	0	0	1	0	0	0	8	0	0	0	6	0	42	30	42	0	103	271	149	13	0	54	13	0	55	6	0	27	30	38	0	55	102	13	0	57	1	0	0	0	2	0	0	0	6	0	33	30	38	0	57	102	13	0	57	0	0	0	16	0	0	0	0	1	0	0	0	2	0	0	0	6	0	33	30	38	0	57	160	28	14	103	0	0	0	8	0	0	0	0	0	0	0	18	0	0	0	0	1	0	0	0	8	0	0	0	6	0	42	30	42	0	103	271
133	124	20	14	29	115	7	0	24	20	14	29	4	0	33	0	22	0	58	12	106	7	0	24	7	0	24	4	0	33	0	18	0	48	0	20	14	29	1	0	0	0	7	0	0	0	4	0	33	0	22	0	58	12	97	7	0	22	7	0	24	4	0	33	0	18	0	48	0	7	0	24	1	0	0	0	1	0	0	0	4	0	33	0	18	0	48	0	20	14	29	0	0	0	18	0	0	0	0	1	0	0	0	7	0	0	0	4	0	33	0	22	0	58	12	88	7	0	21	7	0	22	4	0	27	0	18	0	44	0	7	0	24	1	0	0	0	1	0	0	0	4	0	33	0	18	0	48	0	7	0	24	0	0	0	16	0	0	0	0	1	0	0	0	1	0	0	0	4	0	33	0	18	0	48	0	20	14	29	0	0	0	8	0	0	0	0	0	0	0	18	0	0	0	0	1	0	0	0	7	0	0	0	4	0	33	0	22	0	58	12
217	201	48	77	52	185	21	39	20	48	77	52	23	26	86	18	83	135	208	221	169	16	39	18	21	39	20	14	26	69	14	60	117	80	145	48	77	52	7	0	0	14	13	49	0	0	23	26	86	18	83	135	208	221	153	15	39	9	16	39	18	14	26	61	0	44	117	72	94	21	39	20	3	0	0	0	5	13	0	0	14	26	69	14	60	117	80	145	48	77	52	7	0	11	18	10	0	0	27	7	0	0	14	13	49	0	0	23	26	86	18	83	135	208	221	137	15	39	8	15	39	9	14	26	27	0	40	117	36	94	16	39	18	3	0	0	0	4	13	0	0	14	26	61	0	44	117	72	94	21	39	20	7	0	9	16	10	0	0	18	3	0	0	0	5	13	0	0	14	26	69	14	60	117	80	145	48	77	52	14	0	0	8	2	0	0	0	7	0	11	18	10	0	0	27	7	0	0	14	13	49	0	0	23	26	86	18	83	135	208	221
126	117	20	20	14	108	9	8	0	20	20	14	4	0	9	0	31	0	28	60	99	9	8	0	9	8	0	4	0	0	0	28	0	0	14	20	20	14	1	0	0	0	7	0	0	0	4	0	9	0	31	0	28	60	90	9	8	0	9	8	0	4	0	0	0	28	0	0	0	9	8	0	1	0	0	0	2	0	0	0	4	0	0	0	28	0	0	14	20	20	14	0	0	0	0	0	0	0	0	1	0	0	0	7	0	0	0	4	0	9	0	31	0	28	60	81	9	8	0	9	8	0	4	0	0	0	28	0	0	0	9	8	0	1	0	0	0	2	0	0	0	4	0	0	0	28	0	0	0	9	8	0	0	0	0	0	0	0	0	0	1	0	0	0	2	0	0	0	4	0	0	0	28	0	0	14	20	20	14	0	0	0	0	0	0	0	0	0	0	0	0	0	0	0	0	1	0	0	0	7	0	0	0	4	0	9	0	31	0	28	60
126	117	7	0	76	108	5	0	19	7	0	76	3	0	8	44	19	0	0	363	99	4	0	19	5	0	19	2	0	8	44	13	0	0	222	7	0	76	0	0	0	0	1	0	0	0	3	0	8	44	19	0	0	363	90	4	0	19	4	0	19	2	0	8	44	9	0	0	207	5	0	19	0	0	0	0	1	0	0	0	2	0	8	44	13	0	0	222	7	0	76	0	0	0	0	2	0	0	0	0	0	0	0	1	0	0	0	3	0	8	44	19	0	0	363	81	4	0	16	4	0	19	2	0	8	36	9	0	0	150	4	0	19	0	0	0	0	1	0	0	0	2	0	8	44	9	0	0	207	5	0	19	0	0	0	0	2	0	0	0	0	0	0	0	1	0	0	0	2	0	8	44	13	0	0	222	7	0	76	0	0	0	25	0	0	0	0	0	0	0	0	2	0	0	0	0	0	0	0	1	0	0	0	3	0	8	44	19	0	0	363
154	143	23	0	88	132	20	0	39	23	0	88	18	0	8	102	69	0	0	260	121	15	0	28	20	0	39	14	0	8	62	60	0	0	165	23	0	88	2	0	13	18	5	0	0	48	18	0	8	102	69	0	0	260	110	15	0	26	15	0	28	14	0	8	58	40	0	0	150	20	0	39	2	0	11	14	5	0	0	14	14	0	8	62	60	0	0	165	23	0	88	7	0	0	14	10	0	0	0	2	0	13	18	5	0	0	48	18	0	8	102	69	0	0	260	99	15	0	16	15	0	26	14	0	8	36	40	0	0	95	15	0	28	2	0	9	0	5	0	0	0	14	0	8	58	40	0	0	150	20	0	39	7	0	0	0	10	0	0	0	2	0	11	14	5	0	0	14	14	0	8	62	60	0	0	165	23	0	88	14	0	0	25	2	0	0	27	7	0	0	14	10	0	0	0	2	0	13	18	5	0	0	48	18	0	8	102	69	0	0	260
165	153	38	21	75	141	25	10	43	38	21	75	29	10	34	66	110	74	75	217	129	18	0	41	25	10	43	20	0	34	62	71	40	43	141	38	21	75	10	0	26	18	16	0	75	0	29	10	34	66	110	74	75	217	117	16	0	39	18	0	41	20	0	34	58	44	0	41	126	25	10	43	2	0	24	14	11	0	43	0	20	0	34	62	71	40	43	141	38	21	75	7	0	0	14	14	22	0	0	10	0	26	18	16	0	75	0	29	10	34	66	110	74	75	217	105	16	0	24	16	0	39	20	0	34	36	38	0	39	73	18	0	41	2	0	22	0	11	0	41	0	20	0	34	58	44	0	41	126	25	10	43	7	0	0	0	12	20	0	0	2	0	24	14	11	0	43	0	20	0	34	62	71	40	43	141	38	21	75	18	0	0	65	4	0	0	27	7	0	0	14	14	22	0	0	10	0	26	18	16	0	75	0	29	10	34	66	110	74	75	217
190	173	69	111	30	156	34	90	19	68	111	30	34	146	8	22	138	276	30	52	139	28	70	17	33	90	19	24	120	8	18	72	232	19	20	65	111	30	45	20	13	18	51	26	90	0	32	146	8	22	135	276	30	52	122	22	64	15	27	70	17	24	120	8	14	55	160	17	18	30	90	19	17	20	11	14	23	22	57	0	22	120	8	18	69	232	19	20	65	111	30	14	42	0	14	11	42	0	0	45	20	13	18	51	26	90	0	32	146	8	22	135	276	30	52	105	20	50	7	21	64	15	16	96	8	0	37	133	15	9	24	70	17	17	20	9	0	21	20	51	0	22	120	8	14	52	160	17	18	30	90	19	4	36	0	0	9	36	0	0	17	20	11	14	23	22	57	0	22	120	8	18	69	232	19	20	65	111	30	29	96	0	7	6	14	0	27	14	42	0	14	11	42	0	0	45	20	13	18	51	26	90	0	32	146	8	22	135	276	30	52
143	130	59	66	24	117	32	48	21	58	66	24	37	64	33	32	140	140	48	0	104	18	40	19	31	48	21	18	48	30	28	78	92	42	0	55	66	24	15	0	46	18	32	60	48	0	34	64	33	32	137	140	48	0	91	15	40	14	17	40	19	15	48	30	21	38	64	38	0	28	48	21	4	0	41	14	13	48	42	0	15	48	30	28	75	92	42	0	55	66	24	16	0	11	35	23	12	0	0	15	0	46	18	32	60	48	0	34	64	33	32	137	140	48	0	78	15	36	0	14	40	14	15	48	21	0	29	64	28	0	14	40	19	4	0	39	0	8	48	38	0	12	48	30	21	35	64	38	0	28	48	21	16	0	10	0	19	8	0	0	4	0	41	14	13	48	42	0	15	48	30	28	75	92	42	0	55	66	24	23	24	0	0	6	0	0	51	16	0	11	35	23	12	0	0	15	0	46	18	32	60	48	0	34	64	33	32	137	140	48	0
153	141	47	27	66	129	21	0	40	47	27	66	23	0	86	56	120	81	198	129	117	20	0	39	21	0	40	20	0	46	55	45	0	120	83	47	27	66	12	0	12	10	24	0	0	0	23	0	86	56	120	81	198	129	105	18	0	39	20	0	39	20	0	43	55	42	0	117	77	21	0	40	4	0	11	10	14	0	0	0	20	0	46	55	45	0	120	83	47	27	66	6	0	0	0	17	18	0	0	12	0	12	10	24	0	0	0	23	0	86	56	120	81	198	129	93	16	0	36	18	0	39	20	0	43	52	36	0	117	68	20	0	39	4	0	10	7	14	0	0	0	20	0	43	55	42	0	117	77	21	0	40	0	0	0	0	1	0	0	0	4	0	11	10	14	0	0	0	20	0	46	55	45	0	120	83	47	27	66	22	0	12	21	8	0	0	0	6	0	0	0	17	18	0	0	12	0	12	10	24	0	0	0	23	0	86	56	120	81	198	129
152	140	42	32	41	128	19	0	36	42	32	41	17	0	44	11	100	80	164	24	116	17	0	35	19	0	36	12	0	33	10	42	0	144	21	42	32	41	10	0	12	10	27	0	0	0	17	0	44	11	100	80	164	24	104	15	0	35	17	0	35	12	0	30	10	36	0	140	19	19	0	36	2	0	11	10	16	0	0	0	12	0	33	10	42	0	144	21	42	32	41	0	0	0	0	7	16	0	0	10	0	12	10	27	0	0	0	17	0	44	11	100	80	164	24	92	15	0	32	15	0	35	12	0	30	7	30	0	140	14	17	0	35	2	0	10	7	16	0	0	0	12	0	30	10	36	0	140	19	19	0	36	0	0	0	0	1	0	0	0	2	0	11	10	16	0	0	0	12	0	33	10	42	0	144	21	42	32	41	12	0	0	21	8	0	0	0	0	0	0	0	7	16	0	0	10	0	12	10	27	0	0	0	17	0	44	11	100	80	164	24
153	141	37	27	51	129	16	0	49	37	27	51	14	0	50	24	86	54	153	0	117	14	0	48	16	0	49	9	0	46	23	35	0	147	0	37	27	51	2	0	12	10	17	0	0	0	14	0	50	24	86	54	153	0	105	14	0	48	14	0	48	9	0	43	23	29	0	144	0	16	0	49	2	0	11	10	11	0	0	0	9	0	46	23	35	0	147	0	37	27	51	0	0	0	0	9	0	0	0	2	0	12	10	17	0	0	0	14	0	50	24	86	54	153	0	93	14	0	45	14	0	48	9	0	43	20	29	0	144	0	14	0	48	2	0	10	7	11	0	0	0	9	0	43	23	29	0	144	0	16	0	49	0	0	0	0	1	0	0	0	2	0	11	10	11	0	0	0	9	0	46	23	35	0	147	0	37	27	51	8	0	0	21	6	0	0	0	0	0	0	0	9	0	0	0	2	0	12	10	17	0	0	0	14	0	50	24	86	54	153	0
113	104	27	20	25	95	12	6	25	27	20	25	9	12	0	0	56	42	50	0	86	12	0	25	12	6	25	9	0	0	0	29	18	50	0	27	20	25	0	0	0	0	10	0	25	0	9	12	0	0	56	42	50	0	77	12	0	25	12	0	25	9	0	0	0	29	0	50	0	12	6	25	0	0	0	0	8	0	25	0	9	0	0	0	29	18	50	0	27	20	25	0	0	0	0	2	0	0	0	0	0	0	0	10	0	25	0	9	12	0	0	56	42	50	0	68	12	0	25	12	0	25	9	0	0	0	29	0	50	0	12	0	25	0	0	0	0	8	0	25	0	9	0	0	0	29	0	50	0	12	6	25	0	0	0	0	0	0	0	0	0	0	0	0	8	0	25	0	9	0	0	0	29	18	50	0	27	20	25	2	0	0	0	4	0	0	0	0	0	0	0	2	0	0	0	0	0	0	0	10	0	25	0	9	12	0	0	56	42	50	0
88	79	25	29	5	70	10	20	5	25	29	5	18	15	0	0	51	46	10	0	61	7	20	5	10	20	5	6	15	0	0	23	35	10	0	25	29	5	0	0	0	0	9	10	0	0	18	15	0	0	51	46	10	0	52	7	20	5	7	20	5	6	15	0	0	17	35	10	0	10	20	5	0	0	0	0	6	10	0	0	6	15	0	0	23	35	10	0	25	29	5	0	0	0	0	1	0	0	0	0	0	0	0	9	10	0	0	18	15	0	0	51	46	10	0	43	7	20	5	7	20	5	6	15	0	0	17	35	10	0	7	20	5	0	0	0	0	5	10	0	0	6	15	0	0	17	35	10	0	10	20	5	0	0	0	0	1	0	0	0	0	0	0	0	6	10	0	0	6	15	0	0	23	35	10	0	25	29	5	2	0	0	0	4	0	0	0	0	0	0	0	1	0	0	0	0	0	0	0	9	10	0	0	18	15	0	0	51	46	10	0
218	199	92	86	108	180	60	34	82	92	86	108	89	0	53	88	208	245	432	107	161	50	26	56	60	34	82	60	0	50	59	143	102	328	76	90	86	108	59	104	38	76	54	82	0	129	89	0	53	88	206	245	432	107	142	41	0	53	50	26	56	56	0	49	56	120	78	224	74	58	34	82	35	0	38	67	38	17	0	83	60	0	50	59	141	102	328	76	86	86	108	20	0	51	32	7	0	216	0	59	104	38	76	54	82	0	129	87	0	53	88	196	245	432	107	123	31	0	50	41	0	53	40	0	48	56	88	0	212	74	48	26	56	33	0	38	59	35	13	0	77	56	0	49	56	118	78	224	74	54	34	82	8	0	49	28	7	0	164	0	35	0	38	67	38	17	0	83	58	0	50	59	131	102	328	76	84	86	108	33	0	40	27	6	26	0	0	20	0	51	32	7	0	216	0	57	104	38	76	53	82	0	129	83	0	53	88	191	245	432	107
147	133	44	53	50	119	23	33	12	44	53	50	23	22	21	36	108	123	100	188	105	21	33	11	23	33	12	17	22	12	33	61	77	24	155	44	53	50	18	0	0	11	31	22	0	0	23	22	21	36	108	123	100	188	91	19	33	10	21	33	11	17	22	11	30	55	77	22	152	23	33	12	10	0	0	10	19	11	0	0	17	22	12	33	61	77	24	155	43	53	50	4	0	0	10	2	0	0	0	18	0	0	11	31	22	0	0	23	22	21	36	107	123	100	188	77	17	33	10	19	33	10	17	22	10	30	49	77	20	152	21	33	11	8	0	0	10	18	11	0	0	17	22	11	30	55	77	22	152	22	33	12	2	0	0	10	2	0	0	0	10	0	0	10	19	11	0	0	17	22	12	33	60	77	24	155	38	53	50	13	0	0	0	6	18	0	0	4	0	0	10	2	0	0	0	18	0	0	11	30	22	0	0	18	22	21	36	95	123	100	188
172	156	77	71	54	140	51	41	22	77	71	54	70	0	15	50	181	149	162	158	124	43	39	11	51	41	22	49	0	12	33	123	69	66	125	75	71	54	55	26	0	11	46	94	0	54	70	0	15	50	179	149	162	158	108	34	39	10	43	39	11	48	0	11	30	100	65	33	122	49	41	22	25	26	0	10	33	54	0	40	49	0	12	33	121	69	66	125	72	71	54	17	0	14	10	4	15	0	0	55	26	0	11	46	94	0	54	69	0	15	50	170	149	162	158	92	24	33	10	34	39	10	32	0	10	30	72	65	30	122	41	39	11	23	26	0	10	29	52	0	36	48	0	11	30	98	65	33	122	46	41	22	5	0	12	10	4	15	0	0	25	26	0	10	33	54	0	40	48	0	12	33	112	69	66	125	70	71	54	26	60	40	0	8	20	0	0	17	0	14	10	4	15	0	0	53	26	0	11	45	94	0	54	67	0	15	50	163	149	162	158
183	163	110	164	17	143	67	130	16	107	164	17	88	150	20	6	221	284	85	0	124	52	95	10	65	130	16	61	126	20	0	156	208	80	0	97	145	17	40	233	20	0	54	137	0	30	83	150	20	6	211	265	85	0	105	45	66	10	50	95	10	56	86	20	0	121	142	50	0	55	111	16	26	147	20	0	31	105	0	19	56	126	20	0	146	189	80	0	89	145	17	16	84	34	0	13	18	68	0	40	233	20	0	54	137	0	30	78	150	20	6	188	265	85	0	86	39	39	9	43	66	10	48	24	20	0	99	64	50	0	40	76	10	24	75	20	0	23	73	0	17	51	86	20	0	111	123	50	0	47	111	16	14	36	32	0	13	18	64	0	26	147	20	0	31	105	0	19	51	126	20	0	123	189	80	0	82	145	17	17	96	28	9	4	8	34	0	16	84	34	0	13	18	68	0	36	233	20	0	51	137	0	30	66	150	20	6	170	265	85	0
109	98	39	38	26	87	22	28	0	39	38	26	32	28	6	0	89	80	26	122	76	17	28	0	22	28	0	15	28	0	0	52	70	0	115	39	38	26	10	0	0	0	22	34	0	0	32	28	6	0	89	80	26	122	65	17	28	0	17	28	0	15	28	0	0	41	70	0	113	22	28	0	10	0	0	0	16	28	0	0	15	28	0	0	52	70	0	115	39	38	26	4	0	0	0	4	0	0	0	10	0	0	0	22	34	0	0	32	28	6	0	89	80	26	122	54	15	26	0	17	28	0	15	28	0	0	41	70	0	113	17	28	0	8	0	0	0	13	28	0	0	15	28	0	0	41	70	0	113	22	28	0	2	0	0	0	4	0	0	0	10	0	0	0	16	28	0	0	15	28	0	0	52	70	0	115	39	38	26	11	12	0	0	4	12	0	0	4	0	0	0	4	0	0	0	10	0	0	0	22	34	0	0	32	28	6	0	89	80	26	122
178	161	84	55	100	144	61	16	56	84	55	100	83	0	44	86	190	119	300	229	127	47	16	47	61	16	56	58	0	38	65	152	80	168	132	82	55	100	39	0	66	36	32	16	0	25	83	0	44	86	188	119	300	229	110	45	16	46	47	16	47	50	0	38	62	110	80	141	88	59	16	56	39	0	20	33	31	16	0	25	58	0	38	65	150	80	168	132	68	55	100	10	0	8	11	8	0	0	0	39	0	66	36	32	16	0	25	81	0	44	86	154	119	300	229	93	38	16	45	45	16	46	44	0	38	59	105	80	138	83	45	16	47	25	0	20	30	26	16	0	25	50	0	38	62	108	80	141	88	45	16	56	8	0	0	10	8	0	0	0	39	0	20	33	31	16	0	25	56	0	38	65	116	80	168	132	56	55	100	12	0	32	10	0	0	0	0	10	0	8	11	8	0	0	0	37	0	66	36	29	16	0	25	61	0	44	86	129	119	300	229
172	154	95	107	49	136	60	59	19	95	107	49	73	108	44	29	201	260	196	179	118	49	32	19	60	59	19	60	0	38	29	149	161	76	120	85	107	49	39	0	66	0	31	13	147	0	73	108	44	29	191	260	196	179	102	47	32	19	49	32	19	52	0	38	29	117	80	76	77	55	59	19	39	0	20	0	31	9	57	0	60	0	38	29	144	161	76	120	71	75	49	10	0	8	0	8	0	0	0	39	0	66	0	31	13	147	0	67	108	44	29	152	180	196	179	86	40	32	19	47	32	19	46	0	38	29	112	80	76	73	44	32	19	25	0	20	0	26	0	57	0	52	0	38	29	112	80	76	77	41	27	19	8	0	0	0	8	0	0	0	39	0	20	0	31	9	57	0	54	0	38	29	105	81	76	120	64	75	49	12	0	32	0	0	0	0	0	10	0	8	0	8	0	0	0	37	0	66	0	29	13	147	0	52	108	44	29	139	180	196	179
159	141	97	112	42	123	57	92	0	97	112	42	93	131	0	0	211	336	42	255	105	40	75	0	57	92	0	50	110	0	0	131	303	0	132	94	112	42	33	86	42	0	37	84	42	0	93	131	0	0	208	336	42	255	87	37	71	0	40	75	0	41	106	0	0	90	234	0	88	54	92	0	31	84	0	0	31	79	0	0	50	110	0	0	128	303	0	132	84	112	42	6	38	8	0	10	15	0	0	33	86	42	0	37	84	42	0	90	131	0	0	183	336	42	255	69	30	48	0	37	71	0	35	96	0	0	84	220	0	83	37	75	0	19	60	0	0	25	62	0	0	41	106	0	0	87	234	0	88	44	92	0	6	18	0	0	9	13	0	0	31	84	0	0	31	79	0	0	47	110	0	0	103	303	0	132	70	112	42	7	48	44	0	0	0	84	0	6	38	8	0	10	15	0	0	29	86	42	0	32	84	42	0	71	131	0	0	148	336	42	255
136	118	94	130	17	100	56	97	0	93	130	17	83	160	0	0	209	302	51	125	83	41	83	0	56	97	0	53	126	0	0	139	248	0	98	80	113	17	40	86	42	0	24	53	17	0	83	160	0	0	196	285	51	125	68	35	80	0	41	83	0	38	120	0	0	92	213	0	66	48	82	0	29	80	0	0	21	50	0	0	53	126	0	0	131	233	0	98	59	83	17	7	30	8	0	3	40	0	0	40	86	42	0	24	53	17	0	70	130	0	0	137	210	51	125	55	30	77	0	35	80	0	32	120	0	0	83	210	0	63	34	70	0	15	80	0	0	17	50	0	0	38	120	0	0	85	200	0	66	32	56	0	5	30	0	0	3	40	0	0	29	80	0	0	21	50	0	0	44	100	0	0	85	168	0	98	44	57	17	9	27	12	0	0	0	0	0	7	30	8	0	3	40	0	0	29	60	42	0	20	40	17	0	46	78	0	0	102	145	51	125
118	102	83	100	4	86	47	70	0	83	100	4	69	138	0	0	184	239	12	17	70	35	64	0	47	70	0	42	120	0	0	117	191	0	16	74	100	4	33	48	16	0	25	27	0	0	69	138	0	0	175	239	12	17	56	32	64	0	35	64	0	33	120	0	0	82	176	0	10	43	70	0	31	48	0	0	22	24	0	0	42	120	0	0	113	191	0	16	55	72	4	10	0	8	0	6	8	0	0	33	48	16	0	25	27	0	0	62	138	0	0	128	169	12	17	45	27	64	0	32	64	0	27	120	0	0	76	176	0	10	32	64	0	17	48	0	0	19	24	0	0	33	120	0	0	79	176	0	10	30	48	0	8	0	0	0	6	8	0	0	31	48	0	0	22	24	0	0	39	120	0	0	80	136	0	16	40	39	4	12	0	12	0	0	0	0	0	10	0	8	0	6	8	0	0	29	48	16	0	21	16	0	0	46	72	0	0	93	103	12	17
173	154	64	76	110	135	33	34	73	64	76	110	36	0	112	44	146	183	330	170	116	33	34	70	33	34	73	36	0	75	38	83	85	219	75	54	76	110	14	0	0	29	12	0	0	0	36	0	112	44	136	183	330	170	99	33	34	70	33	34	70	36	0	71	38	83	85	210	66	28	34	73	14	0	0	29	9	0	0	0	36	0	75	38	78	85	219	75	40	42	110	3	0	0	0	5	0	0	0	14	0	0	29	12	0	0	0	30	0	112	44	97	98	330	170	82	33	34	70	33	34	70	36	0	71	38	83	85	210	65	28	34	70	14	0	0	29	9	0	0	0	36	0	71	38	78	85	210	66	14	0	73	3	0	0	0	5	0	0	0	14	0	0	29	9	0	0	0	30	0	75	38	39	0	219	75	33	42	110	3	0	0	0	0	0	0	0	3	0	0	0	5	0	0	0	12	0	0	29	10	0	0	0	15	0	112	44	84	98	330	170
110	97	49	32	78	84	32	30	32	49	32	78	40	20	80	44	126	65	0	212	71	32	30	29	32	30	32	40	20	34	38	89	60	0	75	43	32	78	22	0	0	29	18	0	0	0	40	20	80	44	120	65	0	212	60	30	30	29	32	30	29	40	20	30	38	89	60	0	66	31	30	32	20	0	0	29	15	0	0	0	40	20	34	38	88	60	0	75	31	10	78	5	0	18	0	6	0	0	0	22	0	0	29	18	0	0	0	38	20	80	44	91	10	0	212	50	28	30	29	30	30	29	36	20	30	38	81	60	0	65	31	30	29	20	0	0	29	15	0	0	0	40	20	30	38	88	60	0	66	20	10	32	3	0	0	0	6	0	0	0	20	0	0	29	15	0	0	0	38	20	34	38	60	10	0	75	25	0	78	6	0	18	0	0	0	0	0	5	0	18	0	6	0	0	0	20	0	0	29	16	0	0	0	25	0	80	44	79	0	0	212
85	76	37	20	18	67	11	0	18	37	20	18	10	0	26	0	67	64	90	0	58	9	0	18	11	0	18	4	0	26	0	20	0	90	0	33	20	18	0	0	10	0	1	4	0	0	10	0	26	0	63	64	90	0	49	9	0	18	9	0	18	4	0	26	0	20	0	90	0	7	0	18	0	0	10	0	1	0	0	0	4	0	26	0	16	0	90	0	28	20	18	0	0	0	0	0	0	0	0	0	0	10	0	1	4	0	0	6	0	26	0	47	64	90	0	40	9	0	18	9	0	18	4	0	26	0	20	0	90	0	5	0	18	0	0	10	0	0	0	0	0	4	0	26	0	16	0	90	0	2	0	18	0	0	0	0	0	0	0	0	0	0	10	0	1	0	0	0	0	0	26	0	0	0	90	0	28	20	18	0	0	0	0	0	0	0	0	0	0	0	0	0	0	0	0	0	0	10	0	1	4	0	0	6	0	26	0	47	64	90	0
83	72	47	31	33	61	27	28	0	47	31	33	31	21	33	0	111	71	0	170	50	27	28	0	27	28	0	31	21	0	0	72	63	0	75	37	31	33	14	0	0	0	10	0	0	0	31	21	33	0	101	71	0	170	42	27	28	0	27	28	0	31	21	0	0	72	63	0	66	25	28	0	14	0	0	0	9	0	0	0	31	21	0	0	70	63	0	75	24	7	33	3	0	0	0	5	0	0	0	14	0	0	0	10	0	0	0	27	21	33	0	68	7	0	170	35	27	28	0	27	28	0	31	21	0	0	72	63	0	65	25	28	0	14	0	0	0	9	0	0	0	31	21	0	0	70	63	0	66	13	7	0	3	0	0	0	5	0	0	0	14	0	0	0	9	0	0	0	27	21	0	0	38	7	0	75	18	0	33	3	0	0	0	0	0	0	0	3	0	0	0	5	0	0	0	12	0	0	0	8	0	0	0	15	0	33	0	56	0	0	170
84	73	42	42	9	62	12	24	0	41	42	9	5	16	27	0	78	110	36	49	52	12	24	0	12	24	0	5	16	0	0	26	64	0	19	31	32	9	0	0	0	0	2	0	0	0	5	16	27	0	68	100	36	49	44	12	24	0	12	24	0	5	16	0	0	26	64	0	19	9	16	0	0	0	0	0	0	0	0	0	5	16	0	0	23	56	0	19	23	16	9	0	0	0	0	0	0	0	0	0	0	0	0	2	0	0	0	3	0	27	0	46	44	36	49	36	12	24	0	12	24	0	5	16	0	0	26	64	0	19	9	16	0	0	0	0	0	0	0	0	0	5	16	0	0	23	56	0	19	1	0	0	0	0	0	0	0	0	0	0	0	0	0	0	0	0	0	0	3	0	0	0	1	0	0	19	22	16	9	0	0	0	0	0	0	0	0	0	0	0	0	0	0	0	0	0	0	0	0	2	0	0	0	0	0	27	0	45	44	36	49
173	153	48	89	124	133	23	14	113	47	89	124	24	70	71	73	66	98	620	18	113	16	0	84	22	14	113	14	0	71	24	41	0	565	18	41	89	124	9	0	57	96	29	19	124	91	22	70	71	73	60	98	620	18	93	14	0	61	15	0	84	10	0	61	20	31	0	420	18	16	14	113	9	0	55	20	15	14	113	19	12	0	71	24	35	0	565	18	38	89	124	3	0	20	58	3	0	0	125	9	0	57	96	29	19	124	91	20	70	71	73	51	98	620	18	73	10	0	60	13	0	61	4	0	41	20	25	0	305	18	9	0	84	0	0	22	20	3	0	84	19	8	0	61	20	25	0	420	18	13	14	113	1	0	18	55	3	0	0	98	9	0	55	20	15	14	113	19	10	0	71	24	26	0	565	18	38	89	124	0	0	39	6	0	0	0	0	3	0	20	58	3	0	0	125	9	0	57	96	29	19	124	91	20	70	71	73	51	98	620	18
161	143	39	17	156	125	20	0	122	38	17	156	17	0	18	133	53	34	156	137	107	16	0	102	19	0	122	6	0	18	93	30	0	122	91	31	17	156	3	0	27	96	12	0	0	49	15	0	18	133	46	34	156	137	89	16	0	83	15	0	102	6	0	8	89	30	0	102	88	12	0	122	3	0	27	20	8	0	0	19	4	0	18	93	23	0	122	91	24	17	156	3	0	0	20	1	0	0	125	3	0	27	96	12	0	0	49	11	0	18	133	25	34	156	137	71	15	0	83	15	0	83	6	0	0	89	30	0	83	88	8	0	102	0	0	12	20	1	0	0	19	4	0	8	89	23	0	102	88	5	0	122	1	0	0	20	1	0	0	98	3	0	27	20	8	0	0	19	0	0	18	93	2	0	122	91	24	17	156	0	0	9	0	0	0	0	0	3	0	0	20	1	0	0	125	3	0	27	96	12	0	0	49	11	0	18	133	25	34	156	137
131	116	34	44	65	101	12	0	55	33	44	65	15	0	64	18	40	44	260	27	86	10	0	55	11	0	55	6	0	63	18	17	0	220	18	27	44	65	0	0	10	0	10	0	0	0	13	0	64	18	34	44	260	27	71	10	0	52	9	0	55	6	0	63	18	17	0	220	18	5	0	55	0	0	10	0	2	0	0	0	4	0	63	18	11	0	220	18	24	44	65	0	0	0	21	0	0	0	0	0	0	10	0	10	0	0	0	9	0	64	18	23	44	260	27	56	10	0	51	9	0	52	6	0	51	18	17	0	208	18	3	0	55	0	0	10	0	0	0	0	0	4	0	63	18	11	0	220	18	2	0	55	0	0	0	18	0	0	0	0	0	0	10	0	2	0	0	0	0	0	63	18	0	0	220	18	24	44	65	0	0	0	6	0	0	0	0	0	0	0	21	0	0	0	0	0	0	10	0	10	0	0	0	9	0	64	18	23	44	260	27
121	105	51	71	53	89	25	39	24	48	71	53	27	26	18	54	69	130	159	137	75	21	39	4	24	39	24	16	26	18	0	45	78	72	91	38	43	53	11	0	27	20	23	0	0	66	25	26	18	54	59	102	159	137	62	21	39	0	20	39	4	16	26	8	0	45	78	12	88	18	13	24	11	0	27	0	13	0	0	19	14	26	18	0	39	52	72	91	30	30	53	6	0	0	0	5	0	0	17	11	0	27	20	23	0	0	66	21	0	18	54	37	50	159	137	49	17	39	0	20	39	0	16	26	0	0	45	78	0	88	14	13	4	8	0	12	0	6	0	0	19	14	26	8	0	39	52	12	88	10	0	24	4	0	0	0	5	0	0	16	11	0	27	0	13	0	0	19	10	0	18	0	17	0	72	91	28	30	53	0	0	36	0	0	0	0	0	6	0	0	0	5	0	0	17	9	0	27	20	22	0	0	66	17	0	18	54	32	50	159	137
98	86	35	35	31	74	17	11	9	33	35	31	17	0	18	0	47	27	93	137	63	13	11	4	16	11	9	6	0	18	0	24	11	27	91	27	24	31	3	0	27	20	12	0	0	0	15	0	18	0	41	16	93	137	52	13	11	0	12	11	4	6	0	8	0	24	11	12	88	10	0	9	3	0	27	0	8	0	0	0	4	0	18	0	18	0	27	91	22	24	31	3	0	0	0	1	0	0	17	3	0	27	20	12	0	0	0	11	0	18	0	25	16	93	137	41	12	11	0	12	11	0	6	0	0	0	24	11	0	88	6	0	4	0	0	12	0	1	0	0	0	4	0	8	0	18	0	12	88	5	0	9	1	0	0	0	1	0	0	16	3	0	27	0	8	0	0	0	0	0	18	0	2	0	27	91	22	24	31	0	0	9	0	0	0	0	0	3	0	0	0	1	0	0	17	3	0	27	20	12	0	0	0	11	0	18	0	25	16	93	137
88	77	13	0	80	66	4	0	42	12	0	80	2	0	26	57	3	0	0	220	55	4	0	41	3	0	42	2	0	10	56	3	0	0	177	9	0	80	0	0	0	10	16	0	0	0	0	0	26	57	0	0	0	220	44	4	0	41	3	0	41	2	0	10	56	3	0	0	143	0	0	42	0	0	0	10	0	0	0	0	0	0	10	56	0	0	0	177	9	0	80	0	0	0	0	0	0	0	0	0	0	0	10	16	0	0	0	0	0	26	57	0	0	0	220	33	4	0	38	3	0	41	2	0	10	50	3	0	0	113	0	0	41	0	0	0	10	0	0	0	0	0	0	10	56	0	0	0	143	0	0	42	0	0	0	0	0	0	0	0	0	0	0	10	0	0	0	0	0	0	10	56	0	0	0	177	9	0	80	0	0	0	21	0	0	0	0	0	0	0	0	0	0	0	0	0	0	0	10	16	0	0	0	0	0	26	57	0	0	0	220
107	91	26	63	85	76	14	39	19	23	48	85	5	26	65	56	21	26	170	429	63	10	39	19	13	26	19	5	26	37	56	21	26	38	323	16	22	85	3	0	0	0	23	44	0	0	2	0	65	56	14	0	170	429	50	9	39	14	9	26	19	5	26	37	36	13	26	38	249	6	0	19	0	0	0	0	5	0	0	0	2	0	37	56	14	0	38	323	15	22	85	10	0	13	20	6	0	0	0	3	0	0	0	23	44	0	0	0	0	65	56	10	0	170	429	37	9	39	7	8	26	14	5	26	22	14	11	26	28	196	2	0	19	0	0	0	0	1	0	0	0	2	0	37	36	6	0	38	249	5	0	19	10	0	9	0	6	0	0	0	0	0	0	0	5	0	0	0	0	0	37	56	10	0	38	323	15	22	85	3	0	0	21	0	0	0	17	10	0	13	20	6	0	0	0	3	0	0	0	23	44	0	0	0	0	65	56	10	0	170	429
78	68	21	16	45	58	11	0	18	19	16	45	5	0	50	20	16	0	90	189	48	7	0	18	9	0	18	5	0	34	20	13	0	36	168	14	16	45	0	0	0	0	22	32	0	0	0	0	50	20	11	0	90	189	38	7	0	18	5	0	18	5	0	34	20	5	0	36	139	4	0	18	0	0	0	0	4	0	0	0	0	0	34	20	8	0	36	168	14	16	45	9	0	0	0	5	0	0	0	0	0	0	0	22	32	0	0	0	0	50	20	11	0	90	189	28	7	0	13	5	0	18	5	0	34	14	5	0	36	113	0	0	18	0	0	0	0	0	0	0	0	0	0	34	20	0	0	36	139	4	0	18	9	0	0	0	5	0	0	0	0	0	0	0	4	0	0	0	0	0	34	20	8	0	36	168	14	16	45	3	0	0	33	0	0	0	0	9	0	0	0	5	0	0	0	0	0	0	0	22	32	0	0	0	0	50	20	11	0	90	189
93	81	30	27	57	69	18	0	27	28	27	57	7	0	89	56	28	0	171	177	57	12	0	27	16	0	27	7	0	61	56	25	0	81	137	20	27	57	3	0	0	0	28	54	0	0	2	0	89	56	20	0	171	177	45	11	0	22	10	0	27	7	0	61	36	14	0	81	88	8	0	27	0	0	0	0	6	0	0	0	2	0	61	56	17	0	81	137	19	27	57	10	0	13	20	7	0	0	0	3	0	0	0	28	54	0	0	0	0	89	56	16	0	171	177	33	11	0	13	9	0	22	7	0	46	14	12	0	66	61	2	0	27	0	0	0	0	1	0	0	0	2	0	61	36	6	0	81	88	7	0	27	10	0	9	0	7	0	0	0	0	0	0	0	6	0	0	0	0	0	61	56	13	0	81	137	19	27	57	3	0	0	33	0	0	0	17	10	0	13	20	7	0	0	0	3	0	0	0	28	54	0	0	0	0	89	56	16	0	171	177
64	56	15	0	43	48	7	0	0	14	0	43	4	0	14	0	9	0	0	273	40	7	0	0	6	0	0	4	0	0	0	9	0	0	201	9	0	43	0	0	0	0	15	0	0	0	2	0	14	0	4	0	0	273	32	7	0	0	6	0	0	4	0	0	0	9	0	0	147	1	0	0	0	0	0	0	0	0	0	0	2	0	0	0	4	0	0	201	8	0	43	0	0	0	0	0	0	0	0	0	0	0	0	15	0	0	0	0	0	14	0	0	0	0	273	24	7	0	0	6	0	0	4	0	0	0	9	0	0	113	1	0	0	0	0	0	0	0	0	0	0	2	0	0	0	4	0	0	147	0	0	0	0	0	0	0	0	0	0	0	0	0	0	0	0	0	0	0	0	0	0	0	0	0	0	201	8	0	43	0	0	0	0	0	0	0	0	0	0	0	0	0	0	0	0	0	0	0	0	15	0	0	0	0	0	14	0	0	0	0	273
89	76	31	12	101	63	21	12	60	29	12	101	24	0	0	160	53	24	0	187	50	9	0	40	19	12	60	6	0	0	74	30	24	0	64	22	12	101	2	0	28	56	9	12	101	124	19	0	0	160	46	24	0	187	37	8	0	40	7	0	40	5	0	0	74	7	0	0	64	12	12	60	0	0	26	56	8	12	60	113	1	0	0	74	23	24	0	64	21	12	101	10	0	0	0	9	12	0	0	2	0	28	56	9	12	101	124	18	0	0	160	42	24	0	187	24	8	0	32	6	0	40	5	0	0	64	6	0	0	54	0	0	40	0	0	22	36	0	0	40	84	0	0	0	74	0	0	0	64	11	12	60	10	0	0	0	9	12	0	0	0	0	26	56	8	12	60	113	0	0	0	74	19	24	0	64	19	12	101	3	0	0	50	0	0	0	0	10	0	0	0	9	12	0	0	0	0	28	56	8	12	101	124	16	0	0	160	35	24	0	187
78	63	29	71	53	49	17	68	21	25	57	53	23	33	0	42	57	81	0	187	38	8	44	17	16	57	21	9	33	0	34	30	81	0	64	18	24	53	11	0	15	36	7	24	159	0	21	0	0	42	50	48	0	187	27	4	35	17	7	33	17	2	33	0	34	7	33	0	64	9	24	21	0	0	13	36	4	24	63	0	7	0	0	34	23	48	0	64	15	24	53	1	72	0	0	4	32	0	0	11	0	15	36	7	24	159	0	14	0	0	42	37	48	0	187	16	4	32	12	3	24	17	2	24	0	24	3	24	0	54	0	0	17	0	0	9	16	0	0	51	0	0	0	0	34	0	0	0	64	6	24	21	1	72	0	0	4	32	0	0	0	0	13	36	4	24	63	0	0	0	0	34	10	48	0	64	9	24	53	0	24	0	20	0	0	0	0	1	72	0	0	4	32	0	0	0	0	15	36	4	24	159	0	6	0	0	42	18	48	0	187
84	71	38	46	41	58	18	16	39	37	46	41	22	48	36	16	82	97	123	0	45	5	0	38	17	16	39	4	0	36	16	32	24	117	0	33	46	41	2	0	46	10	14	11	82	0	19	48	36	16	78	97	123	0	32	4	0	37	4	0	38	3	0	34	16	4	0	114	0	13	16	39	0	0	46	9	9	8	78	0	1	0	36	16	28	24	117	0	32	46	41	9	0	0	9	10	11	0	0	2	0	46	10	14	11	82	0	18	48	36	16	74	97	123	0	19	4	0	24	3	0	37	3	0	32	16	3	0	111	0	0	0	38	0	0	43	0	0	0	76	0	0	0	34	16	0	0	114	0	12	16	39	9	0	0	0	9	8	0	0	0	0	46	9	9	8	78	0	0	0	36	16	24	24	117	0	29	46	41	3	0	0	36	0	0	0	42	9	0	0	9	10	11	0	0	0	0	46	10	12	11	82	0	16	48	36	16	63	97	123	0
82	69	31	52	23	56	10	12	23	31	52	23	15	60	51	0	73	81	115	0	43	1	0	22	10	12	23	1	0	51	0	21	18	115	0	30	52	23	2	0	33	10	10	11	46	0	15	60	51	0	72	81	115	0	30	0	0	21	1	0	22	0	0	49	0	1	0	110	0	9	12	23	0	0	33	9	5	6	46	0	1	0	51	0	20	18	115	0	29	52	23	0	0	0	9	5	11	0	0	2	0	33	10	10	11	46	0	14	60	51	0	68	81	115	0	17	0	0	11	0	0	21	0	0	47	0	0	0	105	0	0	0	22	0	0	30	0	0	0	44	0	0	0	49	0	0	0	110	0	8	12	23	0	0	0	0	4	6	0	0	0	0	33	9	5	6	46	0	0	0	51	0	16	18	115	0	26	52	23	0	0	0	6	0	0	0	42	0	0	0	9	5	11	0	0	0	0	33	10	8	11	46	0	12	60	51	0	57	81	115	0
52	44	27	12	24	36	16	12	13	26	12	24	22	0	0	26	52	18	0	57	28	6	0	9	15	12	13	4	0	0	18	25	18	0	27	21	12	24	2	0	15	36	9	6	48	0	19	0	0	26	47	18	0	57	20	5	0	9	5	0	9	3	0	0	18	5	0	0	27	10	12	13	0	0	13	36	7	6	26	0	1	0	0	18	20	18	0	27	20	12	24	10	0	0	0	8	6	0	0	2	0	15	36	9	6	48	0	18	0	0	26	43	18	0	57	12	5	0	4	4	0	9	3	0	0	8	4	0	0	22	0	0	9	0	0	9	16	0	0	18	0	0	0	0	18	0	0	0	27	9	12	13	10	0	0	0	8	6	0	0	0	0	13	36	7	6	26	0	0	0	0	18	16	18	0	27	17	12	24	3	0	0	20	0	0	0	0	10	0	0	0	8	6	0	0	0	0	15	36	7	6	48	0	16	0	0	26	32	18	0	57
70	58	21	20	53	46	1	0	34	21	20	53	5	0	78	41	53	60	106	64	34	0	0	34	1	0	34	0	0	44	41	1	0	68	62	21	20	53	0	0	0	0	9	10	0	0	5	0	78	41	53	60	106	64	22	0	0	33	0	0	34	0	0	44	39	0	0	68	60	1	0	34	0	0	0	0	0	0	0	0	0	0	44	41	1	0	68	62	20	20	53	0	0	0	10	4	0	0	0	0	0	0	0	9	10	0	0	5	0	78	41	52	60	106	64	10	0	0	32	0	0	33	0	0	41	37	0	0	66	58	0	0	34	0	0	0	0	0	0	0	0	0	0	44	39	0	0	68	60	0	0	34	0	0	0	9	0	0	0	0	0	0	0	0	0	0	0	0	0	0	44	41	0	0	68	62	14	20	53	0	0	0	9	0	0	0	0	0	0	0	10	4	0	0	0	0	0	0	0	7	10	0	0	0	0	78	41	36	60	106	64
48	40	11	0	32	32	0	0	23	11	0	32	0	0	23	19	31	0	0	23	24	0	0	23	0	0	23	0	0	11	19	0	0	0	23	11	0	32	0	0	0	0	5	0	0	0	0	0	23	19	31	0	0	23	16	0	0	23	0	0	23	0	0	11	19	0	0	0	22	0	0	23	0	0	0	0	0	0	0	0	0	0	11	19	0	0	0	23	11	0	32	0	0	0	0	2	0	0	0	0	0	0	0	5	0	0	0	0	0	23	19	31	0	0	23	8	0	0	23	0	0	23	0	0	11	19	0	0	0	21	0	0	23	0	0	0	0	0	0	0	0	0	0	11	19	0	0	0	22	0	0	23	0	0	0	0	0	0	0	0	0	0	0	0	0	0	0	0	0	0	11	19	0	0	0	23	11	0	32	0	0	0	0	0	0	0	0	0	0	0	0	2	0	0	0	0	0	0	0	5	0	0	0	0	0	23	19	31	0	0	23
36	30	10	0	12	24	0	0	5	10	0	12	0	0	12	5	26	0	0	23	18	0	0	5	0	0	5	0	0	0	5	0	0	0	23	10	0	12	0	0	0	0	4	0	0	0	0	0	12	5	26	0	0	23	12	0	0	5	0	0	5	0	0	0	5	0	0	0	22	0	0	5	0	0	0	0	0	0	0	0	0	0	0	5	0	0	0	23	10	0	12	0	0	0	0	2	0	0	0	0	0	0	0	4	0	0	0	0	0	12	5	26	0	0	23	6	0	0	5	0	0	5	0	0	0	5	0	0	0	21	0	0	5	0	0	0	0	0	0	0	0	0	0	0	5	0	0	0	22	0	0	5	0	0	0	0	0	0	0	0	0	0	0	0	0	0	0	0	0	0	0	5	0	0	0	23	10	0	12	0	0	0	0	0	0	0	0	0	0	0	0	2	0	0	0	0	0	0	0	4	0	0	0	0	0	12	5	26	0	0	23
62	51	26	28	27	40	3	0	11	26	28	27	8	0	67	22	63	84	108	64	29	1	0	11	3	0	11	1	0	33	22	6	0	44	62	25	28	27	2	0	0	0	9	14	0	0	8	0	67	22	62	84	108	64	18	0	0	10	1	0	11	0	0	33	20	1	0	44	60	2	0	11	0	0	0	0	0	0	0	0	1	0	33	22	5	0	44	62	23	28	27	0	0	0	10	3	7	0	0	2	0	0	0	9	14	0	0	7	0	67	22	57	84	108	64	7	0	0	9	0	0	10	0	0	30	18	0	0	40	58	0	0	11	0	0	0	0	0	0	0	0	0	0	33	20	0	0	44	60	0	0	11	0	0	0	9	0	0	0	0	0	0	0	0	0	0	0	0	0	0	33	22	0	0	44	62	11	28	27	0	0	0	9	0	0	0	0	0	0	0	10	3	7	0	0	0	0	0	0	5	14	0	0	0	0	67	22	25	84	108	64
46	38	15	12	14	30	0	0	0	15	12	14	0	0	28	0	37	30	28	64	22	0	0	0	0	0	0	0	0	0	0	0	0	0	62	15	12	14	0	0	0	0	7	0	0	0	0	0	28	0	37	30	28	64	14	0	0	0	0	0	0	0	0	0	0	0	0	0	60	0	0	0	0	0	0	0	0	0	0	0	0	0	0	0	0	0	0	62	15	12	14	0	0	0	0	3	0	0	0	0	0	0	0	7	0	0	0	0	0	28	0	37	30	28	64	6	0	0	0	0	0	0	0	0	0	0	0	0	0	58	0	0	0	0	0	0	0	0	0	0	0	0	0	0	0	0	0	0	60	0	0	0	0	0	0	0	0	0	0	0	0	0	0	0	0	0	0	0	0	0	0	0	0	0	0	62	10	12	14	0	0	0	0	0	0	0	0	0	0	0	0	3	0	0	0	0	0	0	0	5	0	0	0	0	0	28	0	24	30	28	64
78	61	41	71	79	44	13	11	58	41	71	79	31	55	44	48	97	148	395	80	27	5	0	56	13	11	58	9	0	44	44	29	11	290	45	34	71	79	13	0	36	22	6	11	79	0	31	55	44	48	90	148	395	80	11	0	0	56	5	0	56	0	0	44	44	5	0	280	45	7	11	58	0	0	36	22	0	0	58	0	9	0	44	44	23	11	290	45	15	55	79	0	0	10	0	0	0	0	0	13	0	36	22	6	11	79	0	18	55	44	48	39	132	395	80	0	0	0	54	0	0	56	0	0	44	42	0	0	280	43	0	0	56	0	0	36	20	0	0	56	0	0	0	44	44	0	0	280	45	0	0	58	0	0	10	0	0	0	0	0	0	0	36	22	0	0	58	0	0	0	44	44	0	0	290	45	0	0	79	0	0	0	19	0	0	0	0	0	0	10	0	0	0	0	0	0	0	36	22	0	0	79	0	0	0	44	48	0	0	395	80
88	69	47	65	121	50	17	32	104	45	65	121	36	47	44	80	97	191	242	27	32	9	15	57	16	32	104	11	15	44	22	29	77	208	11	32	47	121	11	30	36	93	6	15	121	242	33	47	44	80	84	173	242	27	15	1	0	55	8	15	57	3	0	44	22	8	15	114	11	7	15	104	0	0	36	87	0	0	104	156	8	15	44	22	20	60	208	11	18	30	121	0	0	52	26	0	0	121	0	11	30	36	93	6	15	121	242	21	30	44	80	44	105	242	27	0	0	0	49	0	0	55	0	0	44	20	0	0	110	10	0	0	57	0	0	36	73	0	0	57	126	0	0	44	22	0	0	114	11	0	0	104	0	0	52	18	0	0	104	0	0	0	36	87	0	0	104	156	0	0	44	22	0	0	208	11	0	0	121	0	0	8	55	0	0	0	0	0	0	52	26	0	0	121	0	0	0	36	93	0	0	121	242	0	0	44	80	0	0	242	27
64	51	31	12	74	38	13	0	41	30	12	74	27	0	0	80	70	48	74	94	25	8	0	11	12	0	41	10	0	0	22	22	0	41	45	22	12	74	11	0	0	22	4	12	0	141	24	0	0	80	62	48	74	94	12	1	0	11	7	0	11	3	0	0	22	7	0	11	45	4	0	41	0	0	0	22	0	0	0	96	7	0	0	22	14	0	41	45	14	12	74	0	0	24	0	0	0	0	0	11	0	0	22	4	12	0	141	13	0	0	80	36	48	74	94	0	0	0	10	0	0	11	0	0	0	20	0	0	11	43	0	0	11	0	0	0	20	0	0	0	86	0	0	0	22	0	0	11	45	0	0	41	0	0	24	0	0	0	0	0	0	0	0	22	0	0	0	96	0	0	0	22	0	0	41	45	0	0	74	0	0	8	10	0	0	0	0	0	0	24	0	0	0	0	0	0	0	0	22	0	0	0	141	0	0	0	80	0	0	74	94
54	40	45	69	18	26	11	39	18	41	69	18	21	90	20	0	83	162	54	0	15	6	18	10	10	39	18	6	36	20	0	16	81	54	0	26	36	18	4	54	20	0	5	6	36	53	18	90	20	0	68	129	54	0	6	1	0	10	5	18	10	3	0	20	0	5	18	30	0	4	12	18	0	0	20	0	0	0	36	21	3	36	20	0	10	54	54	0	14	18	18	0	0	34	0	0	0	54	0	4	54	20	0	5	6	36	53	11	36	20	0	37	48	54	0	0	0	0	9	0	0	10	0	0	20	0	0	0	30	0	0	0	10	0	0	20	0	0	0	20	17	0	0	20	0	0	0	30	0	0	0	18	0	0	34	0	0	0	54	0	0	0	20	0	0	0	36	21	0	0	20	0	0	0	54	0	0	0	18	0	0	8	9	0	0	0	0	0	0	34	0	0	0	54	0	0	0	20	0	0	0	36	53	0	0	20	0	0	0	54	0
51	40	34	28	21	29	11	0	8	34	28	21	30	0	24	0	83	63	84	41	18	4	0	8	11	0	8	7	0	24	0	24	0	32	11	29	28	21	11	0	16	0	5	7	0	0	30	0	24	0	78	63	84	41	7	0	0	8	4	0	8	0	0	24	0	4	0	32	11	6	0	8	0	0	16	0	0	0	0	0	7	0	24	0	19	0	32	11	14	28	21	0	0	0	0	0	0	0	0	11	0	16	0	5	7	0	0	19	0	24	0	37	63	84	41	0	0	0	8	0	0	8	0	0	24	0	0	0	32	10	0	0	8	0	0	16	0	0	0	0	0	0	0	24	0	0	0	32	11	0	0	8	0	0	0	0	0	0	0	0	0	0	16	0	0	0	0	0	0	0	24	0	0	0	32	11	0	0	21	0	0	0	0	0	0	0	0	0	0	0	0	0	0	0	0	0	0	16	0	0	0	0	0	0	0	24	0	0	0	84	41
58	42	34	59	75	26	5	11	18	33	59	75	9	44	86	54	57	147	300	313	11	0	0	18	5	11	18	0	0	36	54	5	11	72	229	16	44	75	0	0	46	0	0	0	75	0	9	44	86	54	40	132	300	313	0	0	0	18	0	0	18	0	0	36	54	0	0	72	142	0	0	18	0	0	10	0	0	0	18	0	0	0	36	54	0	0	72	229	0	0	75	0	0	0	0	0	0	0	0	0	0	46	0	0	0	75	0	0	0	86	54	0	0	300	313	0	0	0	18	0	0	18	0	0	36	54	0	0	72	140	0	0	18	0	0	10	0	0	0	18	0	0	0	36	54	0	0	72	142	0	0	18	0	0	0	0	0	0	0	0	0	0	10	0	0	0	18	0	0	0	36	54	0	0	72	229	0	0	0	0	0	0	0	0	0	0	0	0	0	0	0	0	0	0	0	0	0	0	0	0	0	0	0	0	0	0	54	0	0	0	313
43	32	24	10	59	21	2	0	35	24	10	59	6	0	100	54	54	10	59	100	10	0	0	35	2	0	35	0	0	77	54	2	0	35	66	21	10	59	0	0	13	0	0	0	0	0	6	0	100	54	51	10	59	100	0	0	0	35	0	0	35	0	0	77	54	0	0	35	64	0	0	35	0	0	10	0	0	0	0	0	0	0	77	54	0	0	35	66	0	0	59	0	0	0	0	0	0	0	0	0	0	13	0	0	0	0	0	0	0	100	54	0	0	59	100	0	0	0	35	0	0	35	0	0	77	54	0	0	35	64	0	0	35	0	0	10	0	0	0	0	0	0	0	77	54	0	0	35	64	0	0	35	0	0	0	0	0	0	0	0	0	0	10	0	0	0	0	0	0	0	77	54	0	0	35	66	0	0	0	0	0	0	0	0	0	0	0	0	0	0	0	0	0	0	0	0	0	0	0	0	0	0	0	0	0	0	54	0	0	0	100
35	26	21	8	35	17	4	0	8	21	8	35	10	0	45	24	47	8	35	118	8	0	0	8	4	0	8	0	0	16	24	4	0	8	84	16	8	35	0	0	18	0	0	0	0	0	10	0	45	24	42	8	35	118	0	0	0	8	0	0	8	0	0	16	24	0	0	8	74	0	0	8	0	0	0	0	0	0	0	0	0	0	16	24	0	0	8	84	0	0	35	0	0	0	0	0	0	0	0	0	0	18	0	0	0	0	0	0	0	45	24	0	0	35	118	0	0	0	8	0	0	8	0	0	16	24	0	0	8	74	0	0	8	0	0	0	0	0	0	0	0	0	0	16	24	0	0	8	74	0	0	8	0	0	0	0	0	0	0	0	0	0	0	0	0	0	0	0	0	0	16	24	0	0	8	84	0	0	0	0	0	0	0	0	0	0	0	0	0	0	0	0	0	0	0	0	0	0	0	0	0	0	0	0	0	0	24	0	0	0	118
41	30	26	24	39	19	5	0	0	26	24	39	11	0	38	0	47	64	117	239	8	0	0	0	5	0	0	0	0	0	0	5	0	0	188	13	24	39	0	0	33	0	0	0	0	0	11	0	38	0	34	64	117	239	0	0	0	0	0	0	0	0	0	0	0	0	0	0	131	0	0	0	0	0	0	0	0	0	0	0	0	0	0	0	0	0	0	188	0	0	39	0	0	0	0	0	0	0	0	0	0	33	0	0	0	0	0	0	0	38	0	0	0	117	239	0	0	0	0	0	0	0	0	0	0	0	0	0	0	129	0	0	0	0	0	0	0	0	0	0	0	0	0	0	0	0	0	0	131	0	0	0	0	0	0	0	0	0	0	0	0	0	0	0	0	0	0	0	0	0	0	0	0	0	0	188	0	0	0	0	0	0	0	0	0	0	0	0	0	0	0	0	0	0	0	0	0	0	0	0	0	0	0	0	0	0	0	0	0	0	239
29	21	17	15	11	13	1	0	0	17	15	11	4	0	11	0	30	30	33	79	5	0	0	0	1	0	0	0	0	0	0	1	0	0	58	10	15	11	0	0	0	0	0	0	0	0	4	0	11	0	23	30	33	79	0	0	0	0	0	0	0	0	0	0	0	0	0	0	56	0	0	0	0	0	0	0	0	0	0	0	0	0	0	0	0	0	0	58	0	0	11	0	0	0	0	0	0	0	0	0	0	0	0	0	0	0	0	0	0	11	0	0	0	33	79	0	0	0	0	0	0	0	0	0	0	0	0	0	0	56	0	0	0	0	0	0	0	0	0	0	0	0	0	0	0	0	0	0	56	0	0	0	0	0	0	0	0	0	0	0	0	0	0	0	0	0	0	0	0	0	0	0	0	0	0	58	0	0	0	0	0	0	0	0	0	0	0	0	0	0	0	0	0	0	0	0	0	0	0	0	0	0	0	0	0	0	0	0	0	0	79
50	33	17	16	139	16	0	0	85	16	16	139	0	0	26	131	16	16	139	219	0	0	0	68	0	0	85	0	0	13	61	0	0	85	61	0	0	139	0	0	0	54	0	0	0	79	0	0	26	131	0	0	139	219	0	0	0	68	0	0	68	0	0	10	61	0	0	68	61	0	0	85	0	0	0	54	0	0	0	58	0	0	13	61	0	0	85	61	0	0	0	0	0	0	0	0	0	0	0	0	0	0	54	0	0	0	79	0	0	0	131	0	0	0	219	0	0	0	68	0	0	68	0	0	10	61	0	0	68	61	0	0	68	0	0	0	54	0	0	0	56	0	0	10	61	0	0	68	61	0	0	0	0	0	0	0	0	0	0	0	0	0	0	54	0	0	0	58	0	0	0	61	0	0	0	61	0	0	0	0	0	0	0	0	0	0	0	0	0	0	0	0	0	0	0	0	0	0	54	0	0	0	79	0	0	0	0	0	0	0	0
53	34	24	60	139	15	0	0	116	20	60	139	0	0	104	124	20	60	556	75	0	0	0	89	0	0	116	0	0	80	61	0	0	464	18	0	0	139	0	0	0	54	0	0	0	139	0	0	104	124	0	0	556	75	0	0	0	89	0	0	89	0	0	44	61	0	0	356	18	0	0	116	0	0	0	54	0	0	0	122	0	0	80	61	0	0	464	18	0	0	0	0	0	0	0	0	0	0	0	0	0	0	54	0	0	0	139	0	0	0	124	0	0	0	75	0	0	0	89	0	0	89	0	0	44	61	0	0	356	18	0	0	89	0	0	0	54	0	0	0	67	0	0	44	61	0	0	356	18	0	0	0	0	0	0	0	0	0	0	0	0	0	0	54	0	0	0	122	0	0	0	61	0	0	0	18	0	0	0	0	0	0	0	0	0	0	0	0	0	0	0	0	0	0	0	0	0	0	54	0	0	0	139	0	0	0	0	0	0	0	0
27	17	16	21	21	7	0	0	15	13	21	21	0	0	8	7	13	21	63	11	0	0	0	15	0	0	15	0	0	8	7	0	0	45	0	0	0	21	0	0	0	0	0	0	0	0	0	0	8	7	0	0	63	11	0	0	0	15	0	0	15	0	0	8	7	0	0	45	0	0	0	15	0	0	0	0	0	0	0	0	0	0	8	7	0	0	45	0	0	0	0	0	0	0	0	0	0	0	0	0	0	0	0	0	0	0	0	0	0	0	7	0	0	0	11	0	0	0	15	0	0	15	0	0	8	7	0	0	45	0	0	0	15	0	0	0	0	0	0	0	0	0	0	8	7	0	0	45	0	0	0	0	0	0	0	0	0	0	0	0	0	0	0	0	0	0	0	0	0	0	0	7	0	0	0	0	0	0	0	0	0	0	0	0	0	0	0	0	0	0	0	0	0	0	0	0	0	0	0	0	0	0	0	0	0	0	0	0	0	0	0
31	19	19	35	28	7	0	0	6	14	35	28	0	0	38	18	14	35	140	114	0	0	0	0	0	0	6	0	0	18	0	0	0	30	18	0	0	28	0	0	0	0	0	0	0	18	0	0	38	18	0	0	140	114	0	0	0	0	0	0	0	0	0	0	0	0	0	0	18	0	0	6	0	0	0	0	0	0	0	18	0	0	18	0	0	0	30	18	0	0	0	0	0	0	0	0	0	0	0	0	0	0	0	0	0	0	18	0	0	0	18	0	0	0	114	0	0	0	0	0	0	0	0	0	0	0	0	0	0	18	0	0	0	0	0	0	0	0	0	0	10	0	0	0	0	0	0	0	18	0	0	0	0	0	0	0	0	0	0	0	0	0	0	0	0	0	0	18	0	0	0	0	0	0	0	18	0	0	0	0	0	0	0	0	0	0	0	0	0	0	0	0	0	0	0	0	0	0	0	0	0	0	18	0	0	0	0	0	0	0	0
25	16	16	14	24	7	0	0	0	14	14	24	0	0	11	0	14	14	48	125	0	0	0	0	0	0	0	0	0	0	0	0	0	0	18	0	0	24	0	0	0	0	0	0	0	0	0	0	11	0	0	0	48	125	0	0	0	0	0	0	0	0	0	0	0	0	0	0	18	0	0	0	0	0	0	0	0	0	0	0	0	0	0	0	0	0	0	18	0	0	0	0	0	0	0	0	0	0	0	0	0	0	0	0	0	0	0	0	0	0	0	0	0	0	125	0	0	0	0	0	0	0	0	0	0	0	0	0	0	18	0	0	0	0	0	0	0	0	0	0	0	0	0	0	0	0	0	0	18	0	0	0	0	0	0	0	0	0	0	0	0	0	0	0	0	0	0	0	0	0	0	0	0	0	0	18	0	0	0	0	0	0	0	0	0	0	0	0	0	0	0	0	0	0	0	0	0	0	0	0	0	0	0	0	0	0	0	0	0	0	0
31	15	6	15	147	0	0	0	108	0	0	147	0	0	24	122	0	0	147	188	0	0	0	90	0	0	108	0	0	24	66	0	0	108	137	0	0	0	0	0	0	74	0	0	0	75	0	0	0	122	0	0	0	188	0	0	0	62	0	0	90	0	0	24	33	0	0	90	104	0	0	0	0	0	0	20	0	0	0	18	0	0	0	66	0	0	0	137	0	0	0	0	0	0	72	0	0	0	139	0	0	0	74	0	0	0	75	0	0	0	0	0	0	0	0	0	0	0	62	0	0	62	0	0	21	33	0	0	62	104	0	0	0	0	0	0	20	0	0	0	18	0	0	0	33	0	0	0	104	0	0	0	0	0	0	72	0	0	0	122	0	0	0	20	0	0	0	18	0	0	0	0	0	0	0	0	0	0	0	0	0	0	0	0	0	0	0	0	0	0	72	0	0	0	139	0	0	0	0	0	0	0	0	0	0	0	0	0	0	0	0
27	13	6	13	95	0	0	0	56	0	0	95	0	0	24	29	0	0	95	212	0	0	0	56	0	0	56	0	0	24	29	0	0	56	137	0	0	0	0	0	0	0	0	0	0	0	0	0	0	29	0	0	0	212	0	0	0	53	0	0	56	0	0	24	29	0	0	56	104	0	0	0	0	0	0	0	0	0	0	0	0	0	0	29	0	0	0	137	0	0	0	0	0	0	24	0	0	0	0	0	0	0	0	0	0	0	0	0	0	0	0	0	0	0	0	0	0	0	53	0	0	53	0	0	21	29	0	0	53	104	0	0	0	0	0	0	0	0	0	0	0	0	0	0	29	0	0	0	104	0	0	0	0	0	0	24	0	0	0	0	0	0	0	0	0	0	0	0	0	0	0	0	0	0	0	0	0	0	0	0	0	0	0	0	0	0	0	0	0	0	24	0	0	0	0	0	0	0	0	0	0	0	0	0	0	0	0	0	0	0	0
17	8	5	8	44	0	0	0	20	0	0	44	0	0	11	18	0	0	44	167	0	0	0	17	0	0	20	0	0	11	12	0	0	20	122	0	0	0	0	0	0	18	0	0	0	0	0	0	0	18	0	0	0	167	0	0	0	8	0	0	17	0	0	11	0	0	0	17	89	0	0	0	0	0	0	0	0	0	0	0	0	0	0	12	0	0	0	122	0	0	0	0	0	0	24	0	0	0	18	0	0	0	18	0	0	0	0	0	0	0	0	0	0	0	0	0	0	0	8	0	0	8	0	0	8	0	0	0	8	89	0	0	0	0	0	0	0	0	0	0	0	0	0	0	0	0	0	0	89	0	0	0	0	0	0	24	0	0	0	18	0	0	0	0	0	0	0	0	0	0	0	0	0	0	0	0	0	0	0	0	0	0	0	0	0	0	0	0	0	0	24	0	0	0	18	0	0	0	0	0	0	0	0	0	0	0	0	0	0	0	0
21	10	4	10	63	0	0	0	9	0	0	63	0	0	0	18	0	0	63	351	0	0	0	6	0	0	9	0	0	0	12	0	0	9	222	0	0	0	0	0	0	18	0	0	0	0	0	0	0	18	0	0	0	351	0	0	0	0	0	0	6	0	0	0	0	0	0	6	172	0	0	0	0	0	0	0	0	0	0	0	0	0	0	12	0	0	0	222	0	0	0	0	0	0	0	0	0	0	18	0	0	0	18	0	0	0	0	0	0	0	0	0	0	0	0	0	0	0	0	0	0	0	0	0	0	0	0	0	0	172	0	0	0	0	0	0	0	0	0	0	0	0	0	0	0	0	0	0	172	0	0	0	0	0	0	0	0	0	0	18	0	0	0	0	0	0	0	0	0	0	0	0	0	0	0	0	0	0	0	0	0	0	0	0	0	0	0	0	0	0	0	0	0	0	18	0	0	0	0	0	0	0	0	0	0	0	0	0	0	0	0
11	5	4	5	7	0	0	0	0	0	0	7	0	0	0	0	0	0	7	28	0	0	0	0	0	0	0	0	0	0	0	0	0	0	6	0	0	0	0	0	0	0	0	0	0	0	0	0	0	0	0	0	0	28	0	0	0	0	0	0	0	0	0	0	0	0	0	0	0	0	0	0	0	0	0	0	0	0	0	0	0	0	0	0	0	0	0	6	0	0	0	0	0	0	0	0	0	0	0	0	0	0	0	0	0	0	0	0	0	0	0	0	0	0	0	0	0	0	0	0	0	0	0	0	0	0	0	0	0	0	0	0	0	0	0	0	0	0	0	0	0	0	0	0	0	0	0	0	0	0	0	0	0	0	0	0	0	0	0	0	0	0	0	0	0	0	0	0	0	0	0	0	0	0	0	0	0	0	0	0	0	0	0	0	0	0	0	0	0	0	0	0	0	0	0	0	0	0	0	0	0	0	0	0	0	0	0	0	0	0	0
7	0	0	0	80	0	0	0	24	0	0	0	0	0	0	59	0	0	0	356	0	0	0	24	0	0	0	0	0	0	59	0	0	0	193	0	0	0	0	0	0	0	0	0	0	0	0	0	0	0	0	0	0	0	0	0	0	24	0	0	0	0	0	0	59	0	0	0	169	0	0	0	0	0	0	0	0	0	0	0	0	0	0	0	0	0	0	0	0	0	0	0	0	0	0	0	0	0	0	0	0	0	0	0	0	0	0	0	0	0	0	0	0	0	0	0	0	0	21	0	0	0	0	0	0	50	0	0	0	123	0	0	0	0	0	0	0	0	0	0	0	0	0	0	0	0	0	0	0	0	0	0	0	0	0	0	0	0	0	0	0	0	0	0	0	0	0	0	0	0	0	0	0	0	0	0	0	0	0	0	0	0	24	0	0	0	0	0	0	0	0	0	0	0	0	0	0	0	0	0	0	0	0	0	0	0	0	0	0	0	0
