120	114	28	12	0	108	14	8	0	28	12	0	18	4	0	0	64	15	0	0	102	14	8	0	14	8	0	18	4	0	0	36	12	0	0	28	12	0	8	0	0	0	8	0	0	0	18	4	0	0	64	15	0	0	96	12	8	0	14	8	0	18	4	0	0	36	12	0	0	14	8	0	6	0	0	0	6	0	0	0	18	4	0	0	36	12	0	0	28	12	0	3	0	0	0	19	6	0	0	8	0	0	0	8	0	0	0	18	4	0	0	64	15	0	0	90	9	7	0	12	8	0	12	4	0	0	29	12	0	0	14	8	0	6	0	0	0	6	0	0	0	18	4	0	0	36	12	0	0	14	8	0	0	0	0	0	3	0	0	0	6	0	0	0	6	0	0	0	18	4	0	0	36	12	0	0	28	12	0	9	3	0	0	19	9	0	0	3	0	0	0	19	6	0	0	8	0	0	0	8	0	0	0	18	4	0	0	64	15	0	0
163	155	40	21	0	147	20	12	0	40	21	0	25	6	0	0	97	36	0	0	139	19	12	0	20	12	0	21	6	0	0	55	24	0	0	40	21	0	12	0	0	0	10	6	0	0	25	6	0	0	97	36	0	0	131	16	12	0	19	12	0	21	6	0	0	51	24	0	0	20	12	0	8	0	0	0	7	6	0	0	21	6	0	0	55	24	0	0	40	21	0	10	0	0	0	26	12	0	0	12	0	0	0	10	6	0	0	25	6	0	0	97	36	0	0	123	11	10	0	16	12	0	13	6	0	0	39	24	0	0	19	12	0	8	0	0	0	7	6	0	0	21	6	0	0	51	24	0	0	20	12	0	3	0	0	0	5	0	0	0	8	0	0	0	7	6	0	0	21	6	0	0	55	24	0	0	40	21	0	9	8	0	0	24	20	0	0	10	0	0	0	26	12	0	0	12	0	0	0	10	6	0	0	25	6	0	0	97	36	0	0
247	234	57	66	0	221	22	46	0	57	66	0	30	64	0	0	135	169	0	0	208	19	42	0	22	46	0	16	56	0	0	59	129	0	0	57	66	0	13	28	0	0	15	21	0	0	30	64	0	0	135	169	0	0	195	15	42	0	19	42	0	14	56	0	0	46	119	0	0	22	46	0	4	28	0	0	6	21	0	0	16	56	0	0	59	129	0	0	57	66	0	14	0	0	0	40	19	0	0	13	28	0	0	15	21	0	0	30	64	0	0	135	169	0	0	182	9	36	0	15	42	0	6	56	0	0	31	119	0	0	19	42	0	4	28	0	0	6	21	0	0	14	56	0	0	46	119	0	0	22	46	0	4	0	0	0	8	7	0	0	4	28	0	0	6	21	0	0	16	56	0	0	59	129	0	0	57	66	0	7	24	0	0	30	24	0	0	14	0	0	0	40	19	0	0	13	28	0	0	15	21	0	0	30	64	0	0	135	169	0	0
193	184	56	20	0	175	31	0	0	56	20	0	35	0	0	0	139	60	0	0	166	30	0	0	31	0	0	30	0	0	0	79	0	0	0	56	20	0	41	0	0	0	26	4	0	0	35	0	0	0	139	60	0	0	157	21	0	0	30	0	0	26	0	0	0	76	0	0	0	31	0	0	9	0	0	0	10	0	0	0	30	0	0	0	79	0	0	0	56	20	0	18	0	0	0	27	36	0	0	41	0	0	0	26	4	0	0	35	0	0	0	139	60	0	0	148	14	0	0	21	0	0	14	0	0	0	46	0	0	0	30	0	0	8	0	0	0	10	0	0	0	26	0	0	0	76	0	0	0	31	0	0	3	0	0	0	9	0	0	0	9	0	0	0	10	0	0	0	30	0	0	0	79	0	0	0	56	20	0	12	0	0	0	25	28	0	0	18	0	0	0	27	36	0	0	41	0	0	0	26	4	0	0	35	0	0	0	139	60	0	0
150	143	42	12	0	136	22	0	0	42	12	0	21	0	0	0	109	30	0	0	129	22	0	0	22	0	0	21	0	0	0	60	0	0	0	42	12	0	20	0	0	0	21	0	0	0	21	0	0	0	109	30	0	0	122	17	0	0	22	0	0	21	0	0	0	60	0	0	0	22	0	0	8	0	0	0	9	0	0	0	21	0	0	0	60	0	0	0	42	12	0	13	0	0	0	26	15	0	0	20	0	0	0	21	0	0	0	21	0	0	0	109	30	0	0	115	11	0	0	17	0	0	13	0	0	0	41	0	0	0	22	0	0	8	0	0	0	9	0	0	0	21	0	0	0	60	0	0	0	22	0	0	3	0	0	0	7	0	0	0	8	0	0	0	9	0	0	0	21	0	0	0	60	0	0	0	42	12	0	10	0	0	0	21	18	0	0	13	0	0	0	26	15	0	0	20	0	0	0	21	0	0	0	21	0	0	0	109	30	0	0
312	296	65	80	18	280	35	62	0	65	80	18	38	96	0	0	150	175	18	0	264	31	58	0	35	62	0	27	90	0	0	85	150	0	0	65	80	18	41	38	0	0	29	33	0	0	38	96	0	0	150	175	18	0	248	21	37	0	31	58	0	20	84	0	0	72	143	0	0	35	62	0	8	20	0	0	9	20	0	0	27	90	0	0	85	150	0	0	65	80	18	17	27	0	0	22	33	36	0	41	38	0	0	29	33	0	0	38	96	0	0	150	175	18	0	232	12	9	0	21	37	0	12	27	0	0	43	72	0	0	31	58	0	6	18	0	0	9	20	0	0	20	84	0	0	72	143	0	0	35	62	0	4	0	0	0	11	20	0	0	8	20	0	0	9	20	0	0	27	90	0	0	85	150	0	0	65	80	18	6	9	15	0	9	12	54	0	17	27	0	0	22	33	36	0	41	38	0	0	29	33	0	0	38	96	0	0	150	175	18	0
289	274	66	75	15	259	33	56	0	66	75	15	43	33	0	0	154	217	30	0	244	29	52	0	33	56	0	32	33	0	0	80	178	0	0	66	75	15	41	38	0	0	32	30	0	0	43	33	0	0	154	217	30	0	229	18	37	0	29	52	0	25	27	0	0	67	160	0	0	33	56	0	8	20	0	0	9	20	0	0	32	33	0	0	80	178	0	0	66	75	15	13	64	0	0	27	30	15	0	41	38	0	0	32	30	0	0	43	33	0	0	154	217	30	0	214	9	20	0	18	37	0	13	10	0	0	36	102	0	0	29	52	0	6	20	0	0	9	20	0	0	25	27	0	0	67	160	0	0	33	56	0	1	30	0	0	11	20	0	0	8	20	0	0	9	20	0	0	32	33	0	0	80	178	0	0	66	75	15	4	10	12	0	8	11	30	0	13	64	0	0	27	30	15	0	41	38	0	0	32	30	0	0	43	33	0	0	154	217	30	0
224	213	58	31	11	202	37	10	0	58	31	11	53	0	0	0	137	66	33	0	191	31	10	0	37	10	0	34	0	0	0	95	10	0	0	58	31	11	45	0	0	0	21	38	0	0	53	0	0	0	137	66	33	0	180	19	7	0	31	10	0	27	0	0	0	78	10	0	0	37	10	0	10	0	0	0	9	10	0	0	34	0	0	0	95	10	0	0	58	31	11	17	21	0	0	15	27	0	0	45	0	0	0	21	38	0	0	53	0	0	0	137	66	33	0	169	10	0	0	19	7	0	13	0	0	0	42	7	0	0	31	10	0	8	0	0	0	9	10	0	0	27	0	0	0	78	10	0	0	37	10	0	4	0	0	0	11	20	0	0	10	0	0	0	9	10	0	0	34	0	0	0	95	10	0	0	58	31	11	5	0	8	0	5	10	11	0	17	21	0	0	15	27	0	0	45	0	0	0	21	38	0	0	53	0	0	0	137	66	33	0
242	230	60	44	7	218	30	20	0	60	44	7	44	0	0	0	131	142	28	0	206	24	12	0	30	20	0	22	0	0	0	68	70	0	0	60	44	7	30	48	0	0	23	30	0	0	44	0	0	0	131	142	28	0	194	16	0	0	24	12	0	17	0	0	0	53	42	0	0	30	20	0	5	0	0	0	7	0	0	0	22	0	0	0	68	70	0	0	60	44	7	19	0	0	0	21	6	14	0	30	48	0	0	23	30	0	0	44	0	0	0	131	142	28	0	182	9	0	0	16	0	0	5	0	0	0	29	0	0	0	24	12	0	4	0	0	0	7	0	0	0	17	0	0	0	53	42	0	0	30	20	0	4	0	0	0	10	0	0	0	5	0	0	0	7	0	0	0	22	0	0	0	68	70	0	0	60	44	7	7	0	0	0	10	0	0	0	19	0	0	0	21	6	14	0	30	48	0	0	23	30	0	0	44	0	0	0	131	142	28	0
326	309	76	110	4	292	35	72	0	76	110	4	42	109	0	0	159	257	20	0	275	29	46	0	35	72	0	24	60	0	0	83	152	0	0	76	110	4	21	110	0	0	26	40	4	0	42	109	0	0	159	257	20	0	258	21	21	0	29	46	0	21	20	0	0	67	81	0	0	35	72	0	6	5	0	0	8	11	0	0	24	60	0	0	83	152	0	0	76	110	4	18	25	0	0	28	35	16	0	21	110	0	0	26	40	4	0	42	109	0	0	159	257	20	0	241	13	15	0	21	21	0	11	0	0	0	42	21	0	0	29	46	0	5	0	0	0	8	10	0	0	21	20	0	0	67	81	0	0	35	72	0	4	0	0	0	12	22	0	0	6	5	0	0	8	11	0	0	24	60	0	0	83	152	0	0	76	110	4	15	15	0	0	12	26	4	0	18	25	0	0	28	35	16	0	21	110	0	0	26	40	4	0	42	109	0	0	159	257	20	0
261	247	53	55	35	233	32	43	0	53	55	35	41	31	5	0	109	68	35	55	219	18	33	0	32	43	0	20	21	0	0	78	64	0	0	53	55	35	8	9	58	0	9	11	35	0	41	31	5	0	109	68	35	55	205	9	23	0	18	33	0	6	12	0	0	34	45	0	0	32	43	0	5	0	0	0	6	10	0	0	20	21	0	0	78	64	0	0	53	55	35	4	11	55	0	13	22	35	0	8	9	58	0	9	11	35	0	41	31	5	0	109	68	35	55	191	7	21	0	9	23	0	1	11	0	0	14	34	0	0	18	33	0	2	0	0	0	6	9	0	0	6	12	0	0	34	45	0	0	32	43	0	3	10	0	0	10	20	0	0	5	0	0	0	6	10	0	0	20	21	0	0	78	64	0	0	53	55	35	4	21	9	0	7	11	0	0	4	11	55	0	13	22	35	0	8	9	58	0	9	11	35	0	41	31	5	0	109	68	35	55
217	206	41	24	26	195	25	0	0	41	24	26	30	0	5	0	84	24	78	37	184	13	0	0	25	0	0	9	0	0	0	58	0	0	0	41	24	26	4	0	40	0	5	0	0	0	30	0	5	0	84	24	78	37	173	8	0	0	13	0	0	2	0	0	0	23	0	0	0	25	0	0	2	0	0	0	5	0	0	0	9	0	0	0	58	0	0	0	41	24	26	4	0	28	0	8	0	0	0	4	0	40	0	5	0	0	0	30	0	5	0	84	24	78	37	162	8	0	0	8	0	0	2	0	0	0	15	0	0	0	13	0	0	2	0	0	0	5	0	0	0	2	0	0	0	23	0	0	0	25	0	0	4	0	0	0	8	0	0	0	2	0	0	0	5	0	0	0	9	0	0	0	58	0	0	0	41	24	26	4	0	0	0	6	0	0	0	4	0	28	0	8	0	0	0	4	0	40	0	5	0	0	0	30	0	5	0	84	24	78	37
270	256	47	61	18	242	20	21	0	47	61	18	15	84	5	0	89	137	72	22	228	12	0	0	20	21	0	6	0	0	0	38	56	0	0	47	61	18	2	0	32	0	9	0	54	0	15	84	5	0	89	137	72	22	214	9	0	0	12	0	0	1	0	0	0	16	0	0	0	20	21	0	0	0	0	0	3	0	0	0	6	0	0	0	38	56	0	0	47	61	18	1	0	12	0	15	0	0	0	2	0	32	0	9	0	54	0	15	84	5	0	89	137	72	22	200	9	0	0	9	0	0	1	0	0	0	13	0	0	0	12	0	0	0	0	0	0	3	0	0	0	1	0	0	0	16	0	0	0	20	21	0	1	0	0	0	6	0	0	0	0	0	0	0	3	0	0	0	6	0	0	0	38	56	0	0	47	61	18	5	0	0	0	11	0	0	0	1	0	12	0	15	0	0	0	2	0	32	0	9	0	54	0	15	84	5	0	89	137	72	22
240	227	43	56	11	214	19	28	0	43	56	11	23	24	5	0	77	95	44	11	201	9	22	0	19	28	0	6	0	0	0	40	45	0	0	43	56	11	2	0	32	0	3	0	11	0	23	24	5	0	77	95	44	11	188	7	22	0	9	22	0	1	0	0	0	12	33	0	0	19	28	0	0	0	0	0	2	0	0	0	6	0	0	0	40	45	0	0	43	56	11	1	0	5	0	7	0	0	0	2	0	32	0	3	0	11	0	23	24	5	0	77	95	44	11	175	7	22	0	7	22	0	1	0	0	0	10	33	0	0	9	22	0	0	0	0	0	2	0	0	0	1	0	0	0	12	33	0	0	19	28	0	1	0	0	0	4	0	0	0	0	0	0	0	2	0	0	0	6	0	0	0	40	45	0	0	43	56	11	5	0	0	0	7	0	0	0	1	0	5	0	7	0	0	0	2	0	32	0	3	0	11	0	23	24	5	0	77	95	44	11
170	161	34	23	5	152	16	8	0	34	23	5	27	0	5	0	60	31	15	4	143	7	8	0	16	8	0	6	0	0	0	32	16	0	0	34	23	5	2	0	20	0	2	0	0	0	27	0	5	0	60	31	15	4	134	5	8	0	7	8	0	1	0	0	0	9	16	0	0	16	8	0	0	0	0	0	2	0	0	0	6	0	0	0	32	16	0	0	34	23	5	1	0	5	0	4	0	0	0	2	0	20	0	2	0	0	0	27	0	5	0	60	31	15	4	125	5	8	0	5	8	0	1	0	0	0	7	16	0	0	7	8	0	0	0	0	0	2	0	0	0	1	0	0	0	9	16	0	0	16	8	0	1	0	0	0	4	0	0	0	0	0	0	0	2	0	0	0	6	0	0	0	32	16	0	0	34	23	5	3	0	0	0	4	0	0	0	1	0	5	0	4	0	0	0	2	0	20	0	2	0	0	0	27	0	5	0	60	31	15	4
225	213	36	27	36	201	13	0	5	36	27	36	10	0	67	25	79	54	108	60	189	12	0	0	13	0	5	6	0	20	0	23	0	15	0	36	27	36	1	0	10	0	6	0	0	4	10	0	67	25	79	54	108	60	177	12	0	0	12	0	0	6	0	0	0	22	0	0	0	13	0	5	1	0	5	0	3	0	0	0	6	0	20	0	23	0	15	0	36	27	36	3	0	0	0	12	0	0	0	1	0	10	0	6	0	0	4	10	0	67	25	79	54	108	60	165	11	0	0	12	0	0	6	0	0	0	22	0	0	0	12	0	0	1	0	0	0	2	0	0	0	6	0	0	0	22	0	0	0	13	0	5	0	0	0	0	4	0	0	0	1	0	5	0	3	0	0	0	6	0	20	0	23	0	15	0	36	27	36	12	0	0	0	9	9	0	0	3	0	0	0	12	0	0	0	1	0	10	0	6	0	0	4	10	0	67	25	79	54	108	60
133	126	14	0	35	119	6	0	0	14	0	35	2	0	36	0	27	0	0	95	112	5	0	0	6	0	0	1	0	0	0	9	0	0	0	14	0	35	0	0	9	0	1	0	0	0	2	0	36	0	27	0	0	95	105	5	0	0	5	0	0	1	0	0	0	8	0	0	0	6	0	0	0	0	0	0	1	0	0	0	1	0	0	0	9	0	0	0	14	0	35	1	0	0	0	2	0	0	0	0	0	9	0	1	0	0	0	2	0	36	0	27	0	0	95	98	5	0	0	5	0	0	1	0	0	0	8	0	0	0	5	0	0	0	0	0	0	0	0	0	0	1	0	0	0	8	0	0	0	6	0	0	1	0	0	0	2	0	0	0	0	0	0	0	1	0	0	0	1	0	0	0	9	0	0	0	14	0	35	2	0	0	0	2	0	0	0	1	0	0	0	2	0	0	0	0	0	9	0	1	0	0	0	2	0	36	0	27	0	0	95
152	144	21	0	26	136	5	0	0	21	0	26	0	0	27	0	49	0	0	60	128	5	0	0	5	0	0	0	0	0	0	8	0	0	0	21	0	26	0	0	0	0	0	0	0	0	0	0	27	0	49	0	0	60	120	5	0	0	5	0	0	0	0	0	0	8	0	0	0	5	0	0	0	0	0	0	0	0	0	0	0	0	0	0	8	0	0	0	21	0	26	0	0	0	0	0	0	0	0	0	0	0	0	0	0	0	0	0	0	27	0	49	0	0	60	112	5	0	0	5	0	0	0	0	0	0	8	0	0	0	5	0	0	0	0	0	0	0	0	0	0	0	0	0	0	8	0	0	0	5	0	0	0	0	0	0	0	0	0	0	0	0	0	0	0	0	0	0	0	0	0	0	8	0	0	0	21	0	26	0	0	0	0	3	0	0	0	0	0	0	0	0	0	0	0	0	0	0	0	0	0	0	0	0	0	27	0	49	0	0	60
193	182	33	38	13	171	8	18	0	33	38	13	6	0	27	0	69	77	52	29	160	8	18	0	8	18	0	6	0	0	0	16	27	0	0	33	38	13	1	0	0	0	7	0	0	0	6	0	27	0	69	77	52	29	149	8	18	0	8	18	0	6	0	0	0	16	27	0	0	8	18	0	1	0	0	0	2	0	0	0	6	0	0	0	16	27	0	0	33	38	13	3	0	0	0	13	0	0	0	1	0	0	0	7	0	0	0	6	0	27	0	69	77	52	29	138	7	18	0	8	18	0	6	0	0	0	16	27	0	0	8	18	0	1	0	0	0	2	0	0	0	6	0	0	0	16	27	0	0	8	18	0	0	0	0	0	2	0	0	0	1	0	0	0	2	0	0	0	6	0	0	0	16	27	0	0	33	38	13	11	0	0	0	9	5	0	0	3	0	0	0	13	0	0	0	1	0	0	0	7	0	0	0	6	0	27	0	69	77	52	29
147	139	30	15	0	131	8	0	0	30	15	0	6	0	0	0	67	45	0	0	123	8	0	0	8	0	0	6	0	0	0	16	0	0	0	30	15	0	1	0	0	0	11	0	0	0	6	0	0	0	67	45	0	0	115	8	0	0	8	0	0	6	0	0	0	16	0	0	0	8	0	0	1	0	0	0	2	0	0	0	6	0	0	0	16	0	0	0	30	15	0	3	0	0	0	17	0	0	0	1	0	0	0	11	0	0	0	6	0	0	0	67	45	0	0	107	7	0	0	8	0	0	6	0	0	0	16	0	0	0	8	0	0	1	0	0	0	2	0	0	0	6	0	0	0	16	0	0	0	8	0	0	0	0	0	0	2	0	0	0	1	0	0	0	2	0	0	0	6	0	0	0	16	0	0	0	30	15	0	11	0	0	0	11	3	0	0	3	0	0	0	17	0	0	0	1	0	0	0	11	0	0	0	6	0	0	0	67	45	0	0
281	265	43	41	79	249	21	15	52	43	41	79	18	0	51	71	90	54	158	49	233	19	15	20	21	15	52	14	0	49	5	48	15	104	5	43	41	79	8	0	10	58	16	13	0	64	18	0	51	71	90	54	158	49	217	16	15	0	19	15	20	12	0	32	0	44	15	40	0	21	15	52	4	0	10	0	4	0	0	0	14	0	49	5	48	15	104	5	43	41	79	8	0	0	0	24	39	0	29	8	0	10	58	16	13	0	64	18	0	51	71	90	54	158	49	201	12	13	0	16	15	0	9	0	0	0	36	15	0	0	19	15	20	3	0	9	0	4	0	0	0	12	0	32	0	44	15	40	0	21	15	52	1	0	0	0	6	0	0	0	4	0	10	0	4	0	0	0	14	0	49	5	48	15	104	5	43	41	79	13	26	10	0	10	26	0	0	8	0	0	0	24	39	0	29	8	0	10	58	16	13	0	64	18	0	51	71	90	54	158	49
265	250	54	50	55	235	23	0	47	54	50	55	34	0	61	38	116	150	275	0	220	18	0	28	23	0	47	16	0	60	5	66	0	235	0	54	50	55	15	0	10	74	14	40	0	18	34	0	61	38	116	150	275	0	205	13	0	0	18	0	28	12	0	48	0	49	0	140	0	23	0	47	4	0	10	0	4	0	0	0	16	0	60	5	66	0	235	0	54	50	55	10	0	10	0	25	40	0	44	15	0	10	74	14	40	0	18	34	0	61	38	116	150	275	0	190	9	0	0	13	0	0	8	0	0	0	34	0	0	0	18	0	28	3	0	9	0	4	0	0	0	12	0	48	0	49	0	140	0	23	0	47	2	0	10	0	8	0	0	0	4	0	10	0	4	0	0	0	16	0	60	5	66	0	235	0	54	50	55	16	0	10	0	12	20	0	0	10	0	10	0	25	40	0	44	15	0	10	74	14	40	0	18	34	0	61	38	116	150	275	0
179	169	29	9	39	159	13	0	17	29	9	39	11	0	11	38	62	9	39	49	149	12	0	5	13	0	17	10	0	10	5	27	0	17	5	29	9	39	4	0	0	25	11	9	0	18	11	0	11	38	62	9	39	49	139	10	0	0	12	0	5	8	0	5	0	23	0	5	0	13	0	17	2	0	0	0	2	0	0	0	10	0	10	5	27	0	17	5	29	9	39	4	0	0	0	19	18	0	4	4	0	0	25	11	9	0	18	11	0	11	38	62	9	39	49	129	8	0	0	10	0	0	6	0	0	0	18	0	0	0	12	0	5	1	0	0	0	2	0	0	0	8	0	5	0	23	0	5	0	13	0	17	0	0	0	0	4	0	0	0	2	0	0	0	2	0	0	0	10	0	10	5	27	0	17	5	29	9	39	12	0	0	0	9	9	0	0	4	0	0	0	19	18	0	4	4	0	0	25	11	9	0	18	11	0	11	38	62	9	39	49
260	244	47	86	28	228	16	56	10	47	86	28	16	69	11	10	97	195	84	49	212	13	55	5	16	56	10	7	66	10	5	41	134	30	5	47	86	28	13	11	0	25	14	32	0	0	16	69	11	10	97	195	84	49	196	8	52	0	13	55	5	5	66	5	0	32	132	15	0	16	56	10	3	11	0	0	2	22	0	0	7	66	10	5	41	134	30	5	47	86	28	4	24	0	0	18	46	0	4	13	11	0	25	14	32	0	0	16	69	11	10	97	195	84	49	180	6	35	0	8	52	0	2	57	0	0	19	123	0	0	13	55	5	2	11	0	0	2	22	0	0	5	66	5	0	32	132	15	0	16	56	10	1	0	0	0	4	22	0	0	3	11	0	0	2	22	0	0	7	66	10	5	41	134	30	5	47	86	28	5	72	0	0	13	16	28	0	4	24	0	0	18	46	0	4	13	11	0	25	14	32	0	0	16	69	11	10	97	195	84	49
176	166	38	24	8	156	17	0	0	38	24	8	18	0	0	0	79	60	32	13	146	15	0	0	17	0	0	13	0	0	0	46	0	0	0	38	24	8	8	0	0	0	11	12	0	0	18	0	0	0	79	60	32	13	136	12	0	0	15	0	0	11	0	0	0	38	0	0	0	17	0	0	4	0	0	0	4	0	0	0	13	0	0	0	46	0	0	0	38	24	8	7	0	0	0	18	18	0	0	8	0	0	0	11	12	0	0	18	0	0	0	79	60	32	13	126	9	0	0	12	0	0	8	0	0	0	30	0	0	0	15	0	0	3	0	0	0	4	0	0	0	11	0	0	0	38	0	0	0	17	0	0	1	0	0	0	6	0	0	0	4	0	0	0	4	0	0	0	13	0	0	0	46	0	0	0	38	24	8	13	0	0	0	7	12	0	0	7	0	0	0	18	18	0	0	8	0	0	0	11	12	0	0	18	0	0	0	79	60	32	13
201	189	35	27	40	177	18	0	14	35	27	40	30	0	16	20	81	27	120	91	165	14	0	14	18	0	14	15	0	14	20	58	0	42	57	35	27	40	13	0	0	0	4	0	0	0	30	0	16	20	81	27	120	91	153	9	0	13	14	0	14	11	0	14	18	41	0	42	33	18	0	14	4	0	0	0	4	0	0	0	15	0	14	20	58	0	42	57	35	27	40	5	0	8	9	8	0	0	0	13	0	0	0	4	0	0	0	30	0	16	20	81	27	120	91	141	4	0	3	9	0	13	5	0	13	0	27	0	39	0	14	0	14	3	0	0	0	4	0	0	0	11	0	14	18	41	0	42	33	18	0	14	2	0	0	0	8	0	0	0	4	0	0	0	4	0	0	0	15	0	14	20	58	0	42	57	35	27	40	4	0	24	3	4	0	0	18	5	0	8	9	8	0	0	0	13	0	0	0	4	0	0	0	30	0	16	20	81	27	120	91
249	234	42	54	52	219	18	10	33	42	54	52	26	40	32	30	95	106	208	63	204	12	0	33	18	10	33	11	0	30	30	55	40	132	47	42	54	52	12	0	25	0	4	0	52	0	26	40	32	30	95	106	208	63	189	7	0	30	12	0	33	6	0	30	26	33	0	132	28	18	10	33	3	0	24	0	2	0	33	0	11	0	30	30	55	40	132	47	42	54	52	5	0	11	25	14	0	0	0	12	0	25	0	4	0	52	0	26	40	32	30	95	106	208	63	174	5	0	8	7	0	30	3	0	29	0	20	0	120	0	12	0	33	2	0	24	0	2	0	33	0	6	0	30	26	33	0	132	28	18	10	33	2	0	10	0	6	0	0	0	3	0	24	0	2	0	33	0	11	0	30	30	55	40	132	47	42	54	52	4	0	0	20	7	0	0	33	5	0	11	25	14	0	0	0	12	0	25	0	4	0	52	0	26	40	32	30	95	106	208	63
237	222	58	79	17	207	22	37	7	58	79	17	24	82	14	0	137	242	85	55	192	18	20	7	22	37	7	15	12	14	0	58	143	35	47	58	79	17	15	30	14	0	13	0	34	0	24	82	14	0	137	242	85	55	177	13	13	7	18	20	7	13	0	14	0	45	74	35	28	22	37	7	5	0	14	0	3	0	14	0	15	12	14	0	58	143	35	47	58	79	17	14	13	0	0	27	26	17	0	15	30	14	0	13	0	34	0	24	82	14	0	137	242	85	55	162	9	11	4	13	13	7	10	0	14	0	32	52	35	0	18	20	7	4	0	14	0	3	0	14	0	13	0	14	0	45	74	35	28	22	37	7	1	11	0	0	7	22	7	0	5	0	14	0	3	0	14	0	15	12	14	0	58	143	35	47	58	79	17	12	22	0	12	13	22	0	0	14	13	0	0	27	26	17	0	15	30	14	0	13	0	34	0	24	82	14	0	137	242	85	55
310	291	47	79	105	272	22	60	51	47	79	105	27	76	12	84	103	158	105	209	253	18	43	49	22	60	51	13	58	10	79	64	147	51	126	47	79	105	16	43	11	19	11	0	105	0	27	76	12	84	103	158	105	209	234	11	14	29	18	43	49	10	28	10	46	47	85	49	58	22	60	51	3	14	10	5	4	0	51	0	13	58	10	79	64	147	51	126	47	79	105	4	14	30	71	14	32	210	35	16	43	11	19	11	0	105	0	27	76	12	84	103	158	105	209	215	4	0	0	11	14	29	5	0	9	0	29	14	29	0	18	43	49	3	0	10	0	4	0	49	0	10	28	10	46	47	85	49	58	22	60	51	2	0	20	0	6	30	102	0	3	14	10	5	4	0	51	0	13	58	10	79	64	147	51	126	47	79	105	4	0	63	0	4	0	105	48	4	14	30	71	14	32	210	35	16	43	11	19	11	0	105	0	27	76	12	84	103	158	105	209
218	204	48	62	37	190	19	43	0	48	62	37	35	33	0	0	113	186	74	170	176	13	39	0	19	43	0	12	31	0	0	53	173	0	109	48	62	37	15	37	0	0	8	22	0	0	35	33	0	0	113	186	74	170	162	7	28	0	13	39	0	8	28	0	0	31	158	0	53	19	43	0	2	20	0	0	2	20	0	0	12	31	0	0	53	173	0	109	48	62	37	2	26	8	0	11	20	37	0	15	37	0	0	8	22	0	0	35	33	0	0	113	186	74	170	148	2	18	0	7	28	0	3	18	0	0	15	122	0	0	13	39	0	1	18	0	0	2	20	0	0	8	28	0	0	31	158	0	53	19	43	0	1	10	0	0	6	20	0	0	2	20	0	0	2	20	0	0	12	31	0	0	53	173	0	109	48	62	37	2	16	37	0	11	0	37	0	2	26	8	0	11	20	37	0	15	37	0	0	8	22	0	0	35	33	0	0	113	186	74	170
176	165	18	0	69	154	8	0	29	18	0	69	6	0	40	60	59	0	0	146	143	6	0	27	8	0	29	4	0	14	54	25	0	0	54	18	0	69	2	0	14	20	2	0	0	0	6	0	40	60	59	0	0	146	132	5	0	27	6	0	27	3	0	14	54	19	0	0	54	8	0	29	2	0	0	20	2	0	0	0	4	0	14	54	25	0	0	54	18	0	69	2	0	8	0	4	0	0	0	2	0	14	20	2	0	0	0	6	0	40	60	59	0	0	146	121	4	0	26	5	0	27	2	0	14	51	15	0	0	50	6	0	27	1	0	0	18	2	0	0	0	3	0	14	54	19	0	0	54	8	0	29	2	0	0	0	4	0	0	0	2	0	0	20	2	0	0	0	4	0	14	54	25	0	0	54	18	0	69	2	0	8	9	6	0	0	0	2	0	8	0	4	0	0	0	2	0	14	20	2	0	0	0	6	0	40	60	59	0	0	146
173	162	32	24	34	151	12	0	7	32	24	34	10	0	40	14	83	80	102	109	140	11	0	7	12	0	7	8	0	14	14	25	0	21	54	32	24	34	2	0	6	0	5	0	0	0	10	0	40	14	83	80	102	109	129	11	0	7	11	0	7	8	0	14	14	22	0	21	54	12	0	7	2	0	0	0	1	0	0	0	8	0	14	14	25	0	21	54	32	24	34	11	0	0	0	25	0	0	0	2	0	6	0	5	0	0	0	10	0	40	14	83	80	102	109	118	9	0	7	11	0	7	8	0	14	14	22	0	21	50	11	0	7	2	0	0	0	1	0	0	0	8	0	14	14	22	0	21	54	12	0	7	1	0	0	0	5	0	0	0	2	0	0	0	1	0	0	0	8	0	14	14	25	0	21	54	32	24	34	12	0	0	0	12	16	0	0	11	0	0	0	25	0	0	0	2	0	6	0	5	0	0	0	10	0	40	14	83	80	102	109
128	120	20	0	47	112	11	0	0	20	0	47	10	0	36	0	64	0	0	251	104	7	0	0	11	0	0	6	0	0	0	31	0	0	105	20	0	47	3	0	42	0	2	0	0	0	10	0	36	0	64	0	0	251	96	5	0	0	7	0	0	3	0	0	0	20	0	0	103	11	0	0	2	0	0	0	2	0	0	0	6	0	0	0	31	0	0	105	20	0	47	2	0	22	0	6	0	0	0	3	0	42	0	2	0	0	0	10	0	36	0	64	0	0	251	88	4	0	0	5	0	0	2	0	0	0	15	0	0	79	7	0	0	1	0	0	0	2	0	0	0	3	0	0	0	20	0	0	103	11	0	0	2	0	0	0	6	0	0	0	2	0	0	0	2	0	0	0	6	0	0	0	31	0	0	105	20	0	47	2	0	8	0	6	0	0	0	2	0	22	0	6	0	0	0	3	0	42	0	2	0	0	0	10	0	36	0	64	0	0	251
145	135	27	29	16	125	10	16	0	27	29	16	9	8	22	0	72	52	32	69	115	9	16	0	10	16	0	7	8	0	0	23	16	0	40	27	29	16	2	0	6	0	3	0	0	0	9	8	22	0	72	52	32	69	105	9	16	0	9	16	0	7	8	0	0	20	16	0	40	10	16	0	2	0	0	0	1	0	0	0	7	8	0	0	23	16	0	40	27	29	16	11	0	0	0	17	0	0	0	2	0	6	0	3	0	0	0	9	8	22	0	72	52	32	69	95	7	16	0	9	16	0	7	8	0	0	20	16	0	37	9	16	0	2	0	0	0	1	0	0	0	7	8	0	0	20	16	0	40	10	16	0	1	0	0	0	5	0	0	0	2	0	0	0	1	0	0	0	7	8	0	0	23	16	0	40	27	29	16	12	0	0	0	11	12	0	0	11	0	0	0	17	0	0	0	2	0	6	0	3	0	0	0	9	8	22	0	72	52	32	69
112	104	32	22	6	96	15	12	0	32	22	6	15	6	12	0	82	36	18	17	88	14	12	0	15	12	0	13	6	0	0	36	12	0	7	32	22	6	3	0	6	0	4	0	0	0	15	6	12	0	82	36	18	17	80	14	12	0	14	12	0	13	6	0	0	33	12	0	7	15	12	0	3	0	0	0	2	0	0	0	13	6	0	0	36	12	0	7	32	22	6	11	0	0	0	19	0	0	0	3	0	6	0	4	0	0	0	15	6	12	0	82	36	18	17	72	12	12	0	14	12	0	13	6	0	0	33	12	0	7	14	12	0	3	0	0	0	2	0	0	0	13	6	0	0	33	12	0	7	15	12	0	1	0	0	0	5	0	0	0	3	0	0	0	2	0	0	0	13	6	0	0	36	12	0	7	32	22	6	14	0	0	0	12	6	0	0	11	0	0	0	19	0	0	0	3	0	6	0	4	0	0	0	15	6	12	0	82	36	18	17
143	133	34	17	28	123	19	9	9	34	17	28	17	0	0	18	82	8	28	56	113	19	9	7	19	9	9	17	0	0	14	47	0	9	7	34	17	28	6	0	0	14	7	0	0	0	17	0	0	18	82	8	28	56	103	17	9	7	19	9	7	17	0	0	14	47	0	7	7	19	9	9	4	0	0	14	3	0	0	0	17	0	0	14	47	0	9	7	34	17	28	14	0	0	0	30	16	0	0	6	0	0	14	7	0	0	0	17	0	0	18	82	8	28	56	93	14	9	7	17	9	7	15	0	0	14	38	0	7	7	19	9	7	4	0	0	14	3	0	0	0	17	0	0	14	47	0	7	7	19	9	9	3	0	0	0	6	0	0	0	4	0	0	14	3	0	0	0	17	0	0	14	47	0	9	7	34	17	28	14	0	0	0	10	8	0	0	14	0	0	0	30	16	0	0	6	0	0	14	7	0	0	0	17	0	0	18	82	8	28	56
206	192	52	40	72	178	27	0	52	52	40	72	33	0	54	102	136	100	288	34	164	24	0	18	27	0	52	23	0	47	14	77	0	208	7	52	40	72	28	0	15	36	13	20	0	174	33	0	54	102	136	100	288	34	150	16	0	17	24	0	18	15	0	11	14	69	0	72	7	27	0	52	4	0	14	34	3	0	0	91	23	0	47	14	77	0	208	7	52	40	72	15	0	0	10	31	80	0	0	28	0	15	36	13	20	0	174	33	0	54	102	136	100	288	34	136	12	0	17	16	0	17	13	0	10	14	43	0	68	7	24	0	18	4	0	0	34	3	0	0	89	15	0	11	14	69	0	72	7	27	0	52	3	0	0	10	9	0	0	0	4	0	14	34	3	0	0	91	23	0	47	14	77	0	208	7	52	40	72	18	0	11	0	17	10	0	0	15	0	0	10	31	80	0	0	28	0	15	36	13	20	0	174	33	0	54	102	136	100	288	34
241	223	74	113	28	205	34	67	6	74	113	28	39	82	11	30	181	312	140	56	187	31	65	0	34	67	6	28	78	6	0	92	182	30	7	74	113	28	51	26	0	0	22	31	0	17	39	82	11	30	181	312	140	56	169	18	55	0	31	65	0	20	78	0	0	82	182	0	7	34	67	6	2	26	0	0	3	13	0	7	28	78	6	0	92	182	30	7	74	113	28	20	80	0	0	33	119	0	0	51	26	0	0	22	31	0	17	39	82	11	30	181	312	140	56	151	13	29	0	18	55	0	9	58	0	0	41	137	0	7	31	65	0	2	26	0	0	3	13	0	7	20	78	0	0	82	182	0	7	34	67	6	3	0	0	0	11	39	0	0	2	26	0	0	3	13	0	7	28	78	6	0	92	182	30	7	74	113	28	8	80	11	0	22	47	56	0	20	80	0	0	33	119	0	0	51	26	0	0	22	31	0	17	39	82	11	30	181	312	140	56
148	136	44	52	3	124	15	36	0	44	52	3	13	45	0	0	109	125	6	6	112	14	35	0	15	36	0	10	42	0	0	40	94	0	0	44	52	3	5	7	0	0	12	7	0	0	13	45	0	0	109	125	6	6	100	12	35	0	14	35	0	10	42	0	0	37	91	0	0	15	36	0	3	7	0	0	2	7	0	0	10	42	0	0	40	94	0	0	43	52	3	14	0	0	0	36	10	0	0	5	7	0	0	12	7	0	0	13	45	0	0	104	125	6	6	88	9	33	0	12	35	0	8	42	0	0	28	91	0	0	14	35	0	3	7	0	0	2	7	0	0	10	42	0	0	37	91	0	0	14	36	0	3	0	0	0	6	0	0	0	3	7	0	0	2	7	0	0	10	42	0	0	35	94	0	0	43	52	3	12	10	0	0	16	5	0	0	14	0	0	0	36	10	0	0	5	7	0	0	12	7	0	0	13	45	0	0	104	125	6	6
102	95	36	12	0	88	18	0	0	36	12	0	15	0	0	0	91	24	0	0	81	18	0	0	18	0	0	15	0	0	0	48	0	0	0	36	12	0	12	0	0	0	12	0	0	0	15	0	0	0	91	24	0	0	74	14	0	0	18	0	0	15	0	0	0	48	0	0	0	18	0	0	4	0	0	0	3	0	0	0	15	0	0	0	48	0	0	0	36	12	0	14	0	0	0	28	16	0	0	12	0	0	0	12	0	0	0	15	0	0	0	91	24	0	0	67	11	0	0	14	0	0	13	0	0	0	34	0	0	0	18	0	0	4	0	0	0	3	0	0	0	15	0	0	0	48	0	0	0	18	0	0	3	0	0	0	6	0	0	0	4	0	0	0	3	0	0	0	15	0	0	0	48	0	0	0	36	12	0	14	0	0	0	11	4	0	0	14	0	0	0	28	16	0	0	12	0	0	0	12	0	0	0	15	0	0	0	91	24	0	0
180	167	48	22	69	154	28	0	40	48	22	69	39	0	28	28	126	55	138	103	141	24	0	39	28	0	40	23	0	27	27	83	0	80	58	48	22	69	38	0	0	14	12	22	0	0	39	0	28	28	126	55	138	103	128	12	0	22	24	0	39	15	0	26	11	71	0	78	18	28	0	40	4	0	0	0	3	0	0	0	23	0	27	27	83	0	80	58	48	22	69	4	0	16	33	12	0	0	105	38	0	0	14	12	22	0	0	39	0	28	28	126	55	138	103	115	8	0	20	12	0	22	9	0	11	10	30	0	44	17	24	0	39	4	0	0	0	3	0	0	0	15	0	26	11	71	0	78	18	28	0	40	3	0	0	30	12	0	0	51	4	0	0	0	3	0	0	0	23	0	27	27	83	0	80	58	48	22	69	6	0	21	20	18	0	0	0	4	0	16	33	12	0	0	105	38	0	0	14	12	22	0	0	39	0	28	28	126	55	138	103
215	199	59	61	72	183	29	28	47	59	61	72	42	0	59	37	159	158	216	100	167	22	22	39	29	28	47	19	0	58	26	92	70	141	58	59	61	72	32	66	21	60	17	33	0	0	42	0	59	37	159	158	216	100	151	10	0	8	22	22	39	10	0	55	0	72	55	117	18	29	28	47	3	0	21	0	2	0	0	0	19	0	58	26	92	70	141	58	59	61	72	5	0	39	24	15	0	144	159	32	66	21	60	17	33	0	0	42	0	59	37	159	158	216	100	135	6	0	0	10	0	8	4	0	24	0	28	0	24	17	22	22	39	3	0	19	0	2	0	0	0	10	0	55	0	72	55	117	18	29	28	47	3	0	21	0	12	0	94	58	3	0	21	0	2	0	0	0	19	0	58	26	92	70	141	58	59	61	72	7	0	16	0	20	14	0	28	5	0	39	24	15	0	144	159	32	66	21	60	17	33	0	0	42	0	59	37	159	158	216	100
186	171	60	68	35	156	29	56	0	60	68	35	40	33	0	0	155	188	35	131	141	26	53	0	29	56	0	29	33	0	0	82	172	0	67	60	68	35	50	30	0	0	25	12	0	0	40	33	0	0	155	188	35	131	126	13	31	0	26	53	0	21	30	0	0	72	160	0	25	29	56	0	3	10	0	0	3	10	0	0	29	33	0	0	82	172	0	67	60	68	35	15	41	16	0	19	30	70	0	50	30	0	0	25	12	0	0	40	33	0	0	155	188	35	131	111	7	20	0	13	31	0	8	10	0	0	31	69	0	24	26	53	0	3	10	0	0	3	10	0	0	21	30	0	0	72	160	0	25	29	56	0	0	30	0	0	11	30	0	0	3	10	0	0	3	10	0	0	29	33	0	0	82	172	0	67	60	68	35	4	20	21	0	18	30	35	0	15	41	16	0	19	30	70	0	50	30	0	0	25	12	0	0	40	33	0	0	155	188	35	131
211	194	76	108	18	177	31	68	0	76	108	18	36	128	0	0	190	354	72	100	160	28	40	0	31	68	0	25	48	0	0	88	242	0	58	76	108	18	38	96	0	0	20	18	36	0	36	128	0	0	190	354	72	100	143	17	16	0	28	40	0	25	0	0	0	82	152	0	18	31	68	0	5	0	0	0	5	0	0	0	25	48	0	0	88	242	0	58	76	108	18	24	0	16	0	21	36	72	0	38	96	0	0	20	18	36	0	36	128	0	0	190	354	72	100	126	8	12	0	17	16	0	10	0	0	0	44	80	0	17	28	40	0	5	0	0	0	5	0	0	0	25	0	0	0	82	152	0	18	31	68	0	3	0	0	0	12	30	0	0	5	0	0	0	5	0	0	0	25	48	0	0	88	242	0	58	76	108	18	7	48	16	0	28	72	0	0	24	0	16	0	21	36	72	0	38	96	0	0	20	18	36	0	36	128	0	0	190	354	72	100
157	145	59	45	8	133	31	20	0	59	45	8	46	0	0	0	151	120	40	28	121	26	10	0	31	20	0	27	0	0	0	93	60	0	6	59	45	8	42	50	0	0	14	15	0	0	46	0	0	0	151	120	40	28	109	13	0	0	26	10	0	19	0	0	0	80	30	0	0	31	20	0	3	0	0	0	3	0	0	0	27	0	0	0	93	60	0	6	59	45	8	20	0	16	0	14	30	16	0	42	50	0	0	14	15	0	0	46	0	0	0	151	120	40	28	97	6	0	0	13	0	0	4	0	0	0	36	0	0	0	26	10	0	3	0	0	0	3	0	0	0	19	0	0	0	80	30	0	0	31	20	0	3	0	0	0	11	30	0	0	3	0	0	0	3	0	0	0	27	0	0	0	93	60	0	6	59	45	8	7	0	16	0	19	40	0	0	20	0	16	0	14	30	16	0	42	50	0	0	14	15	0	0	46	0	0	0	151	120	40	28
220	203	34	16	136	186	20	0	90	34	16	136	23	0	24	55	85	0	136	202	169	7	0	89	20	0	90	4	0	11	53	57	0	90	87	34	16	136	1	0	74	15	1	0	0	0	23	0	24	55	85	0	136	202	152	6	0	88	7	0	89	2	0	11	51	19	0	89	78	20	0	90	1	0	0	14	1	0	0	0	4	0	11	53	57	0	90	87	34	16	136	3	0	9	14	9	0	0	0	1	0	74	15	1	0	0	0	23	0	24	55	85	0	136	202	135	6	0	67	6	0	88	2	0	11	19	16	0	88	30	7	0	89	1	0	0	0	1	0	0	0	2	0	11	51	19	0	89	78	20	0	90	3	0	0	0	9	0	0	0	1	0	0	14	1	0	0	0	4	0	11	53	57	0	90	87	34	16	136	7	0	0	76	16	0	0	105	3	0	9	14	9	0	0	0	1	0	74	15	1	0	0	0	23	0	24	55	85	0	136	202
141	130	21	18	45	119	8	0	39	21	18	45	12	0	12	11	41	18	90	8	108	3	0	39	8	0	39	1	0	11	11	19	0	78	0	21	18	45	0	0	10	0	0	0	0	0	12	0	12	11	41	18	90	8	97	3	0	39	3	0	39	1	0	11	11	7	0	78	0	8	0	39	0	0	0	0	0	0	0	0	1	0	11	11	19	0	78	0	21	18	45	0	0	0	0	3	0	0	0	0	0	10	0	0	0	0	0	12	0	12	11	41	18	90	8	86	3	0	36	3	0	39	1	0	11	8	7	0	78	0	3	0	39	0	0	0	0	0	0	0	0	1	0	11	11	7	0	78	0	8	0	39	0	0	0	0	3	0	0	0	0	0	0	0	0	0	0	0	1	0	11	11	19	0	78	0	21	18	45	1	0	0	24	9	0	0	0	0	0	0	0	3	0	0	0	0	0	10	0	0	0	0	0	12	0	12	11	41	18	90	8
200	184	45	68	56	168	18	20	21	45	68	56	15	80	35	21	111	170	224	167	152	8	0	21	18	20	21	3	0	21	21	52	50	84	87	45	68	56	0	0	67	0	3	0	112	0	15	80	35	21	111	170	224	167	136	8	0	19	8	0	21	3	0	21	19	24	0	84	78	18	20	21	0	0	10	0	0	0	42	0	3	0	21	21	52	50	84	87	45	68	56	1	0	0	16	12	0	0	0	0	0	67	0	3	0	112	0	15	80	35	21	111	170	224	167	120	7	0	8	8	0	19	3	0	19	8	24	0	76	30	8	0	21	0	0	10	0	0	0	42	0	3	0	21	19	24	0	84	78	18	20	21	0	0	0	0	6	0	0	0	0	0	10	0	0	0	42	0	3	0	21	21	52	50	84	87	45	68	56	8	0	0	24	26	14	0	37	1	0	0	16	12	0	0	0	0	0	67	0	3	0	112	0	15	80	35	21	111	170	224	167
151	138	39	54	22	125	16	29	0	39	54	22	18	32	12	0	90	112	66	98	112	6	22	0	16	29	0	2	11	0	0	46	73	0	47	39	54	22	0	0	56	0	1	0	22	0	18	32	12	0	90	112	66	98	99	6	22	0	6	22	0	2	11	0	0	18	66	0	39	16	29	0	0	0	0	0	0	0	0	0	2	11	0	0	46	73	0	47	39	54	22	1	0	0	0	7	0	0	0	0	0	56	0	1	0	22	0	18	32	12	0	90	112	66	98	86	5	21	0	6	22	0	2	11	0	0	18	66	0	8	6	22	0	0	0	0	0	0	0	0	0	2	11	0	0	18	66	0	39	16	29	0	0	0	0	0	6	0	0	0	0	0	0	0	0	0	0	0	2	11	0	0	46	73	0	47	39	54	22	7	10	0	0	19	10	0	0	1	0	0	0	7	0	0	0	0	0	56	0	1	0	22	0	18	32	12	0	90	112	66	98
102	94	27	12	11	86	13	0	0	27	12	11	20	0	12	0	63	12	22	26	78	4	0	0	13	0	0	1	0	0	0	36	0	0	0	27	12	11	0	0	34	0	0	0	0	0	20	0	12	0	63	12	22	26	70	4	0	0	4	0	0	1	0	0	0	12	0	0	0	13	0	0	0	0	0	0	0	0	0	0	1	0	0	0	36	0	0	0	27	12	11	0	0	0	0	6	0	0	0	0	0	34	0	0	0	0	0	20	0	12	0	63	12	22	26	62	4	0	0	4	0	0	1	0	0	0	12	0	0	0	4	0	0	0	0	0	0	0	0	0	0	1	0	0	0	12	0	0	0	13	0	0	0	0	0	0	6	0	0	0	0	0	0	0	0	0	0	0	1	0	0	0	36	0	0	0	27	12	11	5	0	0	0	15	0	0	0	0	0	0	0	6	0	0	0	0	0	34	0	0	0	0	0	20	0	12	0	63	12	22	26
142	130	36	20	57	118	14	0	18	36	20	57	9	0	67	60	91	30	114	134	106	14	0	11	14	0	18	9	0	24	33	38	0	36	60	36	20	57	2	0	0	11	2	0	0	18	9	0	67	60	91	30	114	134	94	14	0	11	14	0	11	9	0	0	33	38	0	22	60	14	0	18	2	0	0	11	2	0	0	0	9	0	24	33	38	0	36	60	36	20	57	5	0	0	0	9	0	0	0	2	0	0	11	2	0	0	18	9	0	67	60	91	30	114	134	82	11	0	11	14	0	11	9	0	0	33	38	0	22	58	14	0	11	2	0	0	11	2	0	0	0	9	0	0	33	38	0	22	60	14	0	18	0	0	0	0	1	0	0	0	2	0	0	11	2	0	0	0	9	0	24	33	38	0	36	60	36	20	57	12	0	0	0	22	30	0	0	5	0	0	0	9	0	0	0	2	0	0	11	2	0	0	18	9	0	67	60	91	30	114	134
127	116	48	30	32	105	17	0	17	48	30	32	17	0	72	35	123	90	160	56	94	17	0	10	17	0	17	17	0	35	10	48	0	85	21	48	30	32	17	0	0	10	10	0	0	18	17	0	72	35	123	90	160	56	83	14	0	10	17	0	10	17	0	10	10	48	0	50	21	17	0	17	2	0	0	10	3	0	0	0	17	0	35	10	48	0	85	21	48	30	32	20	0	0	0	13	18	0	0	17	0	0	10	10	0	0	18	17	0	72	35	123	90	160	56	72	8	0	8	14	0	10	8	0	10	8	39	0	50	19	17	0	10	2	0	0	8	3	0	0	0	17	0	10	10	48	0	50	21	17	0	17	0	0	0	0	3	0	0	0	2	0	0	10	3	0	0	0	17	0	35	10	48	0	85	21	48	30	32	11	0	0	16	23	36	0	0	20	0	0	0	13	18	0	0	17	0	0	10	10	0	0	18	17	0	72	35	123	90	160	56
102	93	19	8	48	84	6	8	0	19	8	48	3	0	27	0	40	8	0	270	75	6	8	0	6	8	0	3	0	0	0	14	8	0	150	19	8	48	0	0	0	0	0	0	0	0	3	0	27	0	40	8	0	270	66	6	8	0	6	8	0	3	0	0	0	14	8	0	149	6	8	0	0	0	0	0	0	0	0	0	3	0	0	0	14	8	0	150	19	8	48	0	0	0	0	0	0	0	0	0	0	0	0	0	0	0	0	3	0	27	0	40	8	0	270	57	6	8	0	6	8	0	3	0	0	0	14	8	0	146	6	8	0	0	0	0	0	0	0	0	0	3	0	0	0	14	8	0	149	6	8	0	0	0	0	0	0	0	0	0	0	0	0	0	0	0	0	0	3	0	0	0	14	8	0	150	19	8	48	4	0	0	0	11	0	0	0	0	0	0	0	0	0	0	0	0	0	0	0	0	0	0	0	3	0	27	0	40	8	0	270
124	112	37	47	17	100	10	27	0	37	47	17	7	18	27	0	84	101	51	78	88	10	27	0	10	27	0	7	18	0	0	26	63	0	21	37	47	17	2	0	0	0	4	0	0	0	7	18	27	0	84	101	51	78	76	10	27	0	10	27	0	7	18	0	0	26	63	0	21	10	27	0	2	0	0	0	2	0	0	0	7	18	0	0	26	63	0	21	37	47	17	5	0	0	0	7	0	0	0	2	0	0	0	4	0	0	0	7	18	27	0	84	101	51	78	64	7	24	0	10	27	0	7	18	0	0	26	63	0	19	10	27	0	2	0	0	0	2	0	0	0	7	18	0	0	26	63	0	21	10	27	0	0	0	0	0	1	0	0	0	2	0	0	0	2	0	0	0	7	18	0	0	26	63	0	21	37	47	17	5	18	0	0	17	18	0	0	5	0	0	0	7	0	0	0	2	0	0	0	4	0	0	0	7	18	27	0	84	101	51	78
98	89	31	24	0	80	10	8	0	31	24	0	8	0	0	0	72	48	0	0	71	10	8	0	10	8	0	8	0	0	0	26	8	0	0	31	24	0	2	0	0	0	6	0	0	0	8	0	0	0	72	48	0	0	62	10	8	0	10	8	0	8	0	0	0	26	8	0	0	10	8	0	2	0	0	0	2	0	0	0	8	0	0	0	26	8	0	0	31	24	0	5	0	0	0	9	0	0	0	2	0	0	0	6	0	0	0	8	0	0	0	72	48	0	0	53	7	8	0	10	8	0	8	0	0	0	26	8	0	0	10	8	0	2	0	0	0	2	0	0	0	8	0	0	0	26	8	0	0	10	8	0	0	0	0	0	1	0	0	0	2	0	0	0	2	0	0	0	8	0	0	0	26	8	0	0	31	24	0	7	0	0	0	16	12	0	0	5	0	0	0	9	0	0	0	2	0	0	0	6	0	0	0	8	0	0	0	72	48	0	0
183	166	52	52	100	149	27	0	83	52	52	100	38	0	36	72	121	143	400	32	132	23	0	64	27	0	83	23	0	36	23	74	0	332	17	52	52	100	27	0	13	77	12	39	0	56	38	0	36	72	121	143	400	32	115	17	0	31	23	0	64	21	0	35	10	64	0	256	10	27	0	83	5	0	13	10	6	0	0	21	23	0	36	23	74	0	332	17	52	52	100	24	0	10	63	11	26	0	125	27	0	13	77	12	39	0	56	38	0	36	72	121	143	400	32	98	8	0	21	17	0	31	10	0	16	10	48	0	124	10	23	0	64	5	0	13	10	6	0	0	21	21	0	35	10	64	0	256	10	27	0	83	2	0	10	21	6	0	0	47	5	0	13	10	6	0	0	21	23	0	36	23	74	0	332	17	50	52	100	8	0	22	22	8	13	0	28	24	0	10	63	11	26	0	125	27	0	13	77	12	39	0	56	38	0	36	72	115	143	400	32
194	174	72	138	51	154	28	84	43	72	138	51	40	126	36	20	173	388	255	32	134	23	69	33	28	84	43	23	126	36	12	84	238	215	17	72	138	51	21	135	13	58	24	44	0	0	40	126	36	20	173	388	255	32	114	18	27	8	23	69	33	20	81	35	0	69	193	165	10	28	84	43	8	0	13	0	5	14	0	0	23	126	36	12	84	238	215	17	69	138	51	17	135	10	40	19	49	153	61	21	135	13	58	24	44	0	0	40	126	36	20	165	388	255	32	94	10	0	0	18	27	8	16	0	16	0	54	72	40	10	23	69	33	8	0	13	0	5	14	0	0	20	81	35	0	69	193	165	10	25	84	43	2	0	10	0	4	28	129	0	8	0	13	0	5	14	0	0	23	126	36	12	76	238	215	17	64	138	51	20	0	22	0	6	37	153	28	17	135	10	40	19	49	153	61	21	135	13	58	24	44	0	0	34	126	36	20	149	388	255	32
160	145	43	27	86	130	23	14	51	43	27	86	23	0	0	81	109	83	86	106	115	23	14	22	23	14	51	23	0	0	12	63	70	51	35	43	27	86	21	0	0	82	13	0	0	78	23	0	0	81	109	83	86	106	100	19	13	0	23	14	22	23	0	0	0	63	70	22	21	23	14	51	5	0	0	0	5	0	0	21	23	0	0	12	63	70	51	35	43	27	86	21	13	0	0	10	13	0	98	21	0	0	82	13	0	0	78	23	0	0	81	109	83	86	106	85	10	0	0	19	13	0	13	0	0	0	52	65	0	21	23	14	22	5	0	0	0	5	0	0	21	23	0	0	0	63	70	22	21	23	14	51	1	0	0	0	4	0	0	47	5	0	0	0	5	0	0	21	23	0	0	12	63	70	51	35	42	27	86	6	0	28	0	6	13	86	0	21	13	0	0	10	13	0	98	21	0	0	82	13	0	0	78	23	0	0	81	106	83	86	106
150	134	49	81	38	118	20	57	10	49	81	38	23	70	0	20	127	184	76	106	102	18	55	6	20	57	10	17	66	0	12	60	145	20	35	49	81	38	21	22	0	24	12	24	0	0	23	70	0	20	127	184	76	106	86	13	51	0	18	55	6	16	66	0	0	52	143	12	21	20	57	10	3	22	0	0	3	22	0	0	17	66	0	12	60	145	20	35	49	81	38	18	36	0	0	9	20	0	18	21	22	0	24	12	24	0	0	23	70	0	20	127	184	76	106	70	6	29	0	13	51	0	6	58	0	0	38	129	0	21	18	55	6	3	22	0	0	3	22	0	0	16	66	0	0	52	143	12	21	20	57	10	1	0	0	0	3	11	0	0	3	22	0	0	3	22	0	0	17	66	0	12	60	145	20	35	45	81	38	2	36	18	0	6	9	76	0	18	36	0	0	9	20	0	18	21	22	0	24	12	24	0	0	23	70	0	20	117	184	76	106
107	97	40	21	16	87	22	0	0	40	21	16	25	0	0	0	94	42	48	49	77	21	0	0	22	0	0	22	0	0	0	60	0	0	17	40	21	16	21	0	0	0	11	7	0	0	25	0	0	0	94	42	48	49	67	17	0	0	21	0	0	22	0	0	0	57	0	0	10	22	0	0	5	0	0	0	5	0	0	0	22	0	0	0	60	0	0	17	40	21	16	22	0	0	0	10	7	0	0	21	0	0	0	11	7	0	0	25	0	0	0	94	42	48	49	57	9	0	0	17	0	0	12	0	0	0	46	0	0	10	21	0	0	5	0	0	0	5	0	0	0	22	0	0	0	57	0	0	10	22	0	0	1	0	0	0	4	0	0	0	5	0	0	0	5	0	0	0	22	0	0	0	60	0	0	17	39	21	16	6	0	6	0	6	7	0	0	22	0	0	0	10	7	0	0	21	0	0	0	11	7	0	0	25	0	0	0	91	42	48	49
128	115	38	22	67	102	21	0	27	38	22	67	35	0	29	26	82	22	134	205	89	15	0	27	21	0	27	22	0	27	26	59	0	54	136	38	22	67	11	0	27	0	6	0	0	0	35	0	29	26	82	22	134	205	76	8	0	27	15	0	27	11	0	27	26	40	0	54	103	21	0	27	5	0	0	0	6	0	0	0	22	0	27	26	59	0	54	136	38	22	67	3	0	45	0	7	0	0	0	11	0	27	0	6	0	0	0	35	0	29	26	82	22	134	205	63	5	0	22	8	0	27	6	0	27	16	21	0	54	39	15	0	27	5	0	0	0	6	0	0	0	11	0	27	26	40	0	54	103	21	0	27	2	0	0	0	6	0	0	0	5	0	0	0	6	0	0	0	22	0	27	26	59	0	54	136	36	22	67	4	0	18	40	6	0	0	0	3	0	45	0	7	0	0	0	11	0	27	0	6	0	0	0	35	0	29	26	76	22	134	205
135	121	40	43	63	107	19	10	30	40	43	63	30	30	36	46	94	69	189	167	93	12	0	30	19	10	30	17	0	34	46	55	30	90	126	40	43	63	9	0	46	0	8	0	63	0	30	30	36	46	94	69	189	167	79	6	0	29	12	0	30	5	0	34	44	33	0	90	97	19	10	30	3	0	17	0	4	0	30	0	17	0	34	46	55	30	90	126	39	43	63	3	0	39	9	11	0	0	0	9	0	46	0	8	0	63	0	30	30	36	46	89	69	189	167	65	5	0	13	6	0	29	4	0	34	16	20	0	87	39	12	0	30	3	0	17	0	4	0	30	0	5	0	34	44	33	0	90	97	18	10	30	2	0	10	0	5	0	0	0	3	0	17	0	4	0	30	0	17	0	34	46	50	30	90	126	37	43	63	4	0	0	50	8	0	0	35	3	0	39	9	11	0	0	0	9	0	46	0	8	0	63	0	30	30	36	46	83	69	189	167
126	111	47	68	51	96	20	54	0	47	68	51	37	56	0	0	115	166	51	291	81	12	50	0	20	54	0	18	52	0	0	61	151	0	187	47	68	51	9	40	27	0	5	21	0	0	37	56	0	0	115	166	51	291	66	4	39	0	12	50	0	6	49	0	0	34	141	0	125	20	54	0	2	30	0	0	4	20	0	0	18	52	0	0	61	151	0	187	44	68	51	1	19	58	0	5	10	51	0	9	40	27	0	5	21	0	0	37	56	0	0	109	166	51	291	52	2	28	0	4	39	0	2	38	0	0	9	116	0	39	12	50	0	2	28	0	0	4	19	0	0	6	49	0	0	34	141	0	125	20	54	0	1	10	0	0	5	10	0	0	2	30	0	0	4	20	0	0	18	52	0	0	61	151	0	187	36	54	51	2	18	18	0	4	0	51	0	1	19	58	0	5	10	51	0	9	40	27	0	5	21	0	0	37	56	0	0	89	124	51	291
132	117	54	79	22	102	23	37	0	54	79	22	28	82	0	0	145	205	110	151	87	18	20	0	23	37	0	23	12	0	0	77	106	0	126	54	79	22	13	30	27	0	13	13	44	0	28	82	0	0	145	205	110	151	72	12	13	0	18	20	0	13	0	0	0	60	54	0	97	23	37	0	6	0	0	0	3	11	0	0	23	12	0	0	77	106	0	126	45	79	22	10	13	27	0	16	24	22	0	13	30	27	0	13	13	44	0	28	82	0	0	116	205	110	151	58	9	11	0	12	13	0	10	0	0	0	42	39	0	39	18	20	0	6	0	0	0	3	6	0	0	13	0	0	0	60	54	0	97	17	37	0	1	11	0	0	3	17	0	0	6	0	0	0	3	11	0	0	23	12	0	0	54	106	0	126	41	65	22	14	22	0	0	12	22	0	0	10	13	27	0	16	24	22	0	13	30	27	0	13	13	44	0	22	82	0	0	103	163	110	151
77	69	31	15	9	61	17	0	0	31	15	9	29	0	0	0	77	15	27	51	53	11	0	0	17	0	0	16	0	0	0	51	0	0	43	31	15	9	9	0	27	0	4	0	0	0	29	0	0	0	77	15	27	51	45	6	0	0	11	0	0	5	0	0	0	32	0	0	33	17	0	0	3	0	0	0	4	0	0	0	16	0	0	0	51	0	0	43	30	15	9	3	0	27	0	7	0	0	0	9	0	27	0	4	0	0	0	29	0	0	0	72	15	27	51	37	5	0	0	6	0	0	4	0	0	0	20	0	0	8	11	0	0	3	0	0	0	4	0	0	0	5	0	0	0	32	0	0	33	16	0	0	2	0	0	0	5	0	0	0	3	0	0	0	4	0	0	0	16	0	0	0	46	0	0	43	28	15	9	4	0	0	0	8	0	0	0	3	0	27	0	7	0	0	0	9	0	27	0	4	0	0	0	29	0	0	0	66	15	27	51
108	96	15	0	91	84	8	0	45	15	0	91	7	0	30	51	48	0	0	212	72	6	0	43	8	0	45	5	0	7	47	24	0	0	57	15	0	91	3	0	15	26	3	0	0	0	7	0	30	51	48	0	0	212	60	5	0	43	6	0	43	4	0	7	47	20	0	0	57	8	0	45	3	0	0	26	3	0	0	0	5	0	7	47	24	0	0	57	14	0	91	2	0	9	0	5	0	0	0	3	0	15	26	3	0	0	0	7	0	30	51	43	0	0	212	48	3	0	43	5	0	43	2	0	7	47	16	0	0	56	6	0	43	1	0	0	26	1	0	0	0	4	0	7	47	20	0	0	57	7	0	45	2	0	0	0	2	0	0	0	3	0	0	26	3	0	0	0	5	0	7	47	19	0	0	57	12	0	91	2	0	18	0	6	0	0	0	2	0	9	0	5	0	0	0	3	0	15	26	3	0	0	0	7	0	30	51	37	0	0	212
97	86	30	18	40	75	11	0	7	30	18	40	10	0	30	7	93	63	80	161	64	10	0	7	11	0	7	8	0	7	7	40	0	14	57	30	18	40	7	0	6	0	10	0	0	0	10	0	30	7	93	63	80	161	53	9	0	7	10	0	7	8	0	7	7	38	0	14	57	11	0	7	3	0	0	0	1	0	0	0	8	0	7	7	40	0	14	57	24	18	40	9	0	0	0	14	9	0	0	7	0	6	0	10	0	0	0	10	0	30	7	70	63	80	161	42	7	0	7	9	0	7	6	0	7	7	33	0	14	56	10	0	7	3	0	0	0	0	0	0	0	8	0	7	7	38	0	14	57	5	0	7	1	0	0	0	1	0	0	0	3	0	0	0	1	0	0	0	8	0	7	7	17	0	14	57	21	18	40	14	0	0	0	10	18	0	0	9	0	0	0	14	9	0	0	7	0	6	0	10	0	0	0	4	0	30	7	60	63	80	161
88	77	44	35	14	66	16	10	7	44	35	14	14	0	20	7	122	125	70	22	55	15	10	7	16	10	7	12	0	7	7	52	50	35	0	38	35	14	7	0	6	0	16	0	0	0	14	0	20	7	112	125	70	22	45	14	10	7	15	10	7	12	0	7	7	50	50	35	0	15	10	7	3	0	0	0	1	0	0	0	12	0	7	7	51	50	35	0	30	25	14	19	0	0	0	20	5	0	0	7	0	6	0	16	0	0	0	12	0	20	7	85	75	70	22	35	10	10	7	14	10	7	10	0	7	7	45	50	35	0	14	10	7	3	0	0	0	0	0	0	0	12	0	7	7	49	50	35	0	7	0	7	1	0	0	0	1	0	0	0	3	0	0	0	1	0	0	0	10	0	7	7	24	0	35	0	25	25	14	21	0	0	0	8	20	0	0	19	0	0	0	20	5	0	0	7	0	6	0	16	0	0	0	4	0	20	7	68	75	70	22
74	65	31	15	21	56	10	8	0	31	15	21	10	0	22	0	91	68	21	94	47	9	8	0	10	8	0	8	0	0	0	35	40	0	30	26	15	21	7	0	6	0	6	0	0	0	10	0	22	0	82	68	21	94	39	8	8	0	9	8	0	8	0	0	0	33	40	0	30	10	8	0	3	0	0	0	1	0	0	0	8	0	0	0	35	40	0	30	21	7	21	9	0	0	0	10	7	0	0	7	0	6	0	6	0	0	0	10	0	22	0	64	28	21	94	31	6	8	0	8	8	0	6	0	0	0	28	40	0	29	9	8	0	3	0	0	0	0	0	0	0	8	0	0	0	33	40	0	30	5	0	0	1	0	0	0	1	0	0	0	3	0	0	0	1	0	0	0	8	0	0	0	17	0	0	30	18	7	21	14	0	0	0	10	14	0	0	9	0	0	0	10	7	0	0	7	0	6	0	6	0	0	0	4	0	22	0	54	28	21	94
55	48	33	14	6	41	13	6	0	33	14	6	12	0	12	0	96	50	12	22	34	12	6	0	13	6	0	10	0	0	0	43	30	0	0	27	14	6	7	0	6	0	6	0	0	0	12	0	12	0	86	50	12	22	28	11	6	0	12	6	0	10	0	0	0	41	30	0	0	12	6	0	3	0	0	0	1	0	0	0	10	0	0	0	42	30	0	0	20	8	6	9	0	0	0	10	4	0	0	7	0	6	0	6	0	0	0	10	0	12	0	61	20	12	22	22	9	6	0	11	6	0	8	0	0	0	36	30	0	0	11	6	0	3	0	0	0	0	0	0	0	10	0	0	0	40	30	0	0	5	0	0	1	0	0	0	1	0	0	0	3	0	0	0	1	0	0	0	8	0	0	0	17	0	0	0	17	8	6	16	0	0	0	10	8	0	0	9	0	0	0	10	4	0	0	7	0	6	0	6	0	0	0	4	0	12	0	51	20	12	22
109	95	45	33	76	81	22	0	51	45	33	76	33	0	66	84	130	66	228	54	67	18	0	28	22	0	51	22	0	61	21	71	0	153	14	44	33	76	18	0	0	64	16	44	0	85	33	0	66	84	129	66	228	54	53	13	0	17	18	0	28	12	0	39	21	56	0	84	14	21	0	51	3	0	0	17	0	0	0	30	22	0	61	21	70	0	153	14	37	33	76	19	0	0	20	13	44	0	51	18	0	0	64	16	44	0	85	31	0	66	84	107	66	228	54	39	8	0	17	13	0	17	10	0	10	21	40	0	51	14	17	0	28	3	0	0	17	0	0	0	30	12	0	39	21	55	0	84	14	14	0	51	0	0	0	20	0	0	0	43	3	0	0	17	0	0	0	30	20	0	61	21	48	0	153	14	28	33	76	19	0	11	0	0	0	0	0	19	0	0	20	13	44	0	51	18	0	0	64	16	44	0	85	23	0	66	84	79	66	228	54
62	54	34	12	19	46	15	0	14	34	12	19	15	0	42	0	101	18	38	14	38	14	0	9	15	0	14	13	0	42	0	50	0	28	7	33	12	19	9	0	0	45	17	6	0	0	15	0	42	0	100	18	38	14	30	12	0	0	14	0	9	12	0	27	0	45	0	18	7	14	0	14	3	0	0	0	0	0	0	0	13	0	42	0	49	0	28	7	26	12	19	18	0	0	0	15	6	0	51	9	0	0	45	17	6	0	0	13	0	42	0	78	18	38	14	22	8	0	0	12	0	0	10	0	0	0	37	0	0	7	13	0	9	3	0	0	0	0	0	0	0	12	0	27	0	44	0	18	7	7	0	14	0	0	0	0	0	0	0	43	3	0	0	0	0	0	0	0	11	0	42	0	27	0	28	7	21	12	19	19	0	0	0	0	0	0	0	18	0	0	0	15	6	0	51	9	0	0	45	17	6	0	0	5	0	42	0	61	18	38	14
130	110	65	135	50	90	20	87	20	65	135	50	30	118	53	30	177	411	200	81	70	15	80	9	20	87	20	15	112	48	0	70	288	80	14	56	135	50	15	82	0	45	16	50	0	22	30	118	53	30	163	411	200	81	53	10	62	0	15	80	9	4	104	27	0	50	260	36	14	19	87	20	0	42	0	0	0	0	0	0	15	112	48	0	69	288	80	14	43	84	50	11	80	0	0	12	50	50	51	15	82	0	45	16	50	0	22	28	118	53	30	123	275	200	81	38	7	30	0	10	62	0	4	60	0	0	35	182	0	14	14	80	9	0	30	0	0	0	0	0	0	4	104	27	0	49	260	36	14	13	42	20	0	0	0	0	0	0	20	43	0	42	0	0	0	0	0	0	13	112	48	0	45	168	80	14	30	54	50	7	120	11	0	0	0	100	0	11	80	0	0	12	50	50	51	15	82	0	45	16	50	0	22	26	28	53	30	83	170	200	81
63	53	34	29	9	43	11	21	0	33	29	9	10	14	0	0	89	64	9	20	34	11	21	0	11	21	0	10	14	0	0	39	56	0	7	26	20	9	7	0	0	0	16	0	0	0	10	14	0	0	77	55	9	20	27	10	21	0	11	21	0	10	14	0	0	39	56	0	7	11	14	0	3	0	0	0	0	0	0	0	10	14	0	0	39	49	0	7	20	6	9	18	0	0	0	15	0	0	0	7	0	0	0	16	0	0	0	10	0	0	0	57	6	9	20	20	6	19	0	10	21	0	8	14	0	0	34	56	0	7	11	14	0	3	0	0	0	0	0	0	0	10	14	0	0	39	49	0	7	5	0	0	0	0	0	0	0	0	0	0	3	0	0	0	0	0	0	0	10	0	0	0	19	0	0	7	16	6	9	17	12	0	0	0	0	0	0	18	0	0	0	15	0	0	0	7	0	0	0	16	0	0	0	2	0	0	0	43	6	9	20
86	73	54	57	5	60	20	30	0	54	57	5	36	20	0	0	147	169	25	14	47	15	30	0	20	30	0	21	20	0	0	68	90	0	7	51	57	5	22	0	0	0	15	25	0	0	36	20	0	0	143	169	25	14	35	9	20	0	15	30	0	10	20	0	0	48	90	0	7	19	30	0	3	0	0	0	0	0	0	0	21	20	0	0	67	90	0	7	38	45	5	8	50	0	0	10	25	0	0	22	0	0	0	15	25	0	0	34	20	0	0	107	145	25	14	25	7	5	0	9	20	0	8	10	0	0	28	55	0	7	14	30	0	3	0	0	0	0	0	0	0	10	20	0	0	47	90	0	7	13	20	0	0	0	0	0	0	0	0	0	3	0	0	0	0	0	0	0	19	20	0	0	47	70	0	7	31	25	5	14	25	0	0	0	0	10	0	8	50	0	0	10	25	0	0	22	0	0	0	15	25	0	0	28	0	0	0	85	75	25	14
83	71	41	11	69	59	23	0	27	41	11	69	42	0	0	55	123	44	69	159	47	16	0	27	23	0	27	23	0	0	55	75	0	27	85	40	11	69	18	0	10	0	4	11	0	0	42	0	0	55	122	44	69	159	35	7	0	21	16	0	27	10	0	0	39	47	0	27	46	22	0	27	3	0	0	0	0	0	0	0	23	0	0	55	74	0	27	85	34	11	69	0	0	30	57	0	0	0	0	18	0	10	0	4	11	0	0	40	0	0	55	105	44	69	159	23	1	0	10	7	0	21	2	0	0	10	18	0	21	17	15	0	27	0	0	0	0	0	0	0	0	10	0	0	39	46	0	27	46	16	0	27	0	0	0	10	0	0	0	0	3	0	0	0	0	0	0	0	21	0	0	55	57	0	27	85	24	11	69	0	0	47	20	0	0	0	51	0	0	30	57	0	0	0	0	18	0	10	0	4	11	0	0	32	0	0	55	73	44	69	159
107	91	42	55	83	75	15	0	75	42	55	83	34	0	51	42	113	132	415	5	59	8	0	75	15	0	75	13	0	51	42	48	0	375	0	42	55	83	15	0	11	0	5	11	0	0	34	0	51	42	113	132	415	5	43	1	0	67	8	0	75	2	0	51	27	24	0	375	0	15	0	75	0	0	11	0	0	0	0	0	13	0	51	42	48	0	375	0	41	55	83	0	0	10	76	0	0	0	0	15	0	11	0	5	11	0	0	34	0	51	42	111	132	415	5	27	0	0	28	1	0	67	0	0	47	0	2	0	335	0	8	0	75	0	0	11	0	0	0	0	0	2	0	51	27	24	0	375	0	14	0	75	0	0	0	0	0	0	0	0	0	0	11	0	0	0	0	0	13	0	51	42	46	0	375	0	33	55	83	0	0	5	76	0	0	0	175	0	0	10	76	0	0	0	0	15	0	11	0	5	11	0	0	32	0	51	42	86	132	415	5
105	89	54	53	83	73	23	26	46	54	53	83	43	38	32	64	154	199	166	150	57	14	12	40	23	26	46	22	12	32	54	71	102	92	85	54	53	83	17	24	41	39	6	12	83	0	43	38	32	64	154	199	166	150	41	4	0	18	14	12	40	8	0	31	27	42	36	80	46	23	26	46	3	0	31	0	0	0	46	0	22	12	32	54	71	102	92	85	47	53	83	0	0	53	63	0	0	83	73	17	24	41	39	6	12	83	0	43	38	32	64	138	199	166	150	26	0	0	0	4	0	18	0	0	18	0	10	0	36	17	14	12	40	0	0	29	0	0	0	40	0	8	0	31	27	42	36	80	46	19	26	46	0	0	21	0	0	0	46	0	3	0	31	0	0	0	46	0	22	12	32	54	61	102	92	85	31	38	83	0	0	35	0	0	0	0	89	0	0	53	63	0	0	83	73	17	24	41	39	6	12	83	0	35	38	32	64	88	154	166	150
94	78	52	90	26	62	14	51	0	52	90	26	22	153	0	0	145	260	78	131	46	10	21	0	14	51	0	12	63	0	0	49	150	0	71	52	90	26	9	63	10	0	4	7	78	0	22	153	0	0	145	260	78	131	30	4	0	0	10	21	0	8	0	0	0	31	56	0	37	14	51	0	3	0	0	0	0	0	0	0	12	63	0	0	49	150	0	71	40	90	26	0	0	30	0	0	0	78	0	9	63	10	0	4	7	78	0	22	153	0	0	118	260	78	131	17	0	0	0	4	0	0	0	0	0	0	10	0	0	17	10	21	0	0	0	0	0	0	0	0	0	8	0	0	0	31	56	0	37	10	51	0	0	0	0	0	0	0	0	0	3	0	0	0	0	0	0	0	12	63	0	0	39	150	0	71	23	51	26	0	0	35	0	0	0	0	0	0	0	30	0	0	0	78	0	9	63	10	0	4	7	78	0	14	153	0	0	68	156	78	131
75	63	47	45	15	51	18	16	0	47	45	15	35	34	0	0	136	148	60	55	39	12	6	0	18	16	0	20	6	0	0	58	70	0	20	47	45	15	14	24	10	0	4	6	15	0	35	34	0	0	136	148	60	55	27	4	0	0	12	6	0	8	0	0	0	35	24	0	9	18	16	0	3	0	0	0	0	0	0	0	20	6	0	0	58	70	0	20	39	45	15	0	0	30	0	0	0	15	0	14	24	10	0	4	6	15	0	35	34	0	0	116	148	60	55	16	0	0	0	4	0	0	0	0	0	0	10	0	0	0	12	6	0	0	0	0	0	0	0	0	0	8	0	0	0	35	24	0	9	14	16	0	0	0	0	0	0	0	0	0	3	0	0	0	0	0	0	0	20	6	0	0	48	70	0	20	25	34	15	0	0	35	0	0	0	0	0	0	0	30	0	0	0	15	0	14	24	10	0	4	6	15	0	27	34	0	0	73	104	60	55
59	49	21	9	46	39	5	0	20	21	9	46	14	0	27	20	59	9	46	124	29	0	0	20	5	0	20	0	0	0	20	15	0	20	75	21	9	46	0	0	27	0	0	0	0	0	14	0	27	20	59	9	46	124	19	0	0	20	0	0	20	0	0	0	20	0	0	20	75	5	0	20	0	0	0	0	0	0	0	0	0	0	0	20	15	0	20	75	21	9	46	0	0	0	0	0	0	0	0	0	0	27	0	0	0	0	0	14	0	27	20	59	9	46	124	9	0	0	20	0	0	20	0	0	0	20	0	0	20	67	0	0	20	0	0	0	0	0	0	0	0	0	0	0	20	0	0	20	75	5	0	20	0	0	0	0	0	0	0	0	0	0	0	0	0	0	0	0	0	0	0	20	15	0	20	75	15	9	46	0	0	0	0	0	0	0	0	0	0	0	0	0	0	0	0	0	0	27	0	0	0	0	0	14	0	27	20	43	9	46	124
65	54	16	10	56	43	2	0	36	16	10	56	5	0	19	31	42	10	56	98	32	0	0	36	2	0	36	0	0	11	31	7	0	36	75	16	10	56	0	0	6	0	0	0	0	0	5	0	19	31	42	10	56	98	21	0	0	36	0	0	36	0	0	11	31	0	0	36	75	2	0	36	0	0	0	0	0	0	0	0	0	0	11	31	7	0	36	75	16	10	56	0	0	0	0	0	0	0	0	0	0	6	0	0	0	0	0	5	0	19	31	42	10	56	98	10	0	0	34	0	0	36	0	0	11	27	0	0	36	67	0	0	36	0	0	0	0	0	0	0	0	0	0	11	31	0	0	36	75	2	0	36	0	0	0	0	0	0	0	0	0	0	0	0	0	0	0	0	0	0	11	31	7	0	36	75	13	10	56	0	0	0	18	0	0	0	0	0	0	0	0	0	0	0	0	0	0	6	0	0	0	0	0	5	0	19	31	34	10	56	98
90	74	37	59	71	58	6	11	21	37	59	71	13	44	74	32	96	177	284	276	42	0	0	21	6	11	21	0	0	31	32	18	33	84	148	37	59	71	0	0	50	0	0	0	71	0	13	44	74	32	96	177	284	276	26	0	0	20	0	0	21	0	0	31	31	0	0	84	142	6	11	21	0	0	10	0	0	0	21	0	0	0	31	32	18	33	84	148	34	59	71	0	0	0	9	0	0	0	0	0	0	50	0	0	0	71	0	13	44	74	32	90	177	284	276	11	0	0	9	0	0	20	0	0	29	18	0	0	80	106	0	0	21	0	0	10	0	0	0	21	0	0	0	31	31	0	0	84	142	6	11	21	0	0	0	0	0	0	0	0	0	0	10	0	0	0	21	0	0	0	31	32	18	33	84	148	16	44	71	0	0	0	18	0	0	0	51	0	0	0	9	0	0	0	0	0	0	50	0	0	0	71	0	13	44	74	32	43	132	284	276
63	52	28	24	36	41	6	0	0	28	24	36	15	0	39	0	78	64	108	207	30	0	0	0	6	0	0	0	0	0	0	18	0	0	121	28	24	36	0	0	39	0	0	0	0	0	15	0	39	0	78	64	108	207	19	0	0	0	0	0	0	0	0	0	0	0	0	0	115	6	0	0	0	0	0	0	0	0	0	0	0	0	0	0	18	0	0	121	28	24	36	0	0	0	0	0	0	0	0	0	0	39	0	0	0	0	0	15	0	39	0	78	64	108	207	8	0	0	0	0	0	0	0	0	0	0	0	0	0	85	0	0	0	0	0	0	0	0	0	0	0	0	0	0	0	0	0	0	115	6	0	0	0	0	0	0	0	0	0	0	0	0	0	0	0	0	0	0	0	0	0	0	18	0	0	121	14	24	36	0	0	0	0	0	0	0	0	0	0	0	0	0	0	0	0	0	0	39	0	0	0	0	0	15	0	39	0	41	64	108	207
45	37	17	15	11	29	1	0	0	17	15	11	4	0	0	0	40	35	33	83	21	0	0	0	1	0	0	0	0	0	0	3	0	0	75	17	15	11	0	0	0	0	0	0	0	0	4	0	0	0	40	35	33	83	13	0	0	0	0	0	0	0	0	0	0	0	0	0	75	1	0	0	0	0	0	0	0	0	0	0	0	0	0	0	3	0	0	75	17	15	11	0	0	0	0	0	0	0	0	0	0	0	0	0	0	0	0	4	0	0	0	40	35	33	83	5	0	0	0	0	0	0	0	0	0	0	0	0	0	67	0	0	0	0	0	0	0	0	0	0	0	0	0	0	0	0	0	0	75	1	0	0	0	0	0	0	0	0	0	0	0	0	0	0	0	0	0	0	0	0	0	0	3	0	0	75	9	15	11	0	0	0	0	0	0	0	0	0	0	0	0	0	0	0	0	0	0	0	0	0	0	0	0	4	0	0	0	22	35	33	83
64	51	21	12	80	38	0	0	31	21	12	80	0	0	53	58	54	12	80	220	25	0	0	21	0	0	31	0	0	32	32	0	0	31	77	21	12	80	0	0	0	32	0	0	0	26	0	0	53	58	54	12	80	220	12	0	0	21	0	0	21	0	0	10	32	0	0	21	77	0	0	31	0	0	0	32	0	0	0	0	0	0	32	32	0	0	31	77	20	12	80	0	0	0	0	0	0	0	0	0	0	0	32	0	0	0	26	0	0	53	58	53	12	80	220	0	0	0	20	0	0	21	0	0	10	31	0	0	21	76	0	0	21	0	0	0	31	0	0	0	0	0	0	10	32	0	0	21	77	0	0	31	0	0	0	0	0	0	0	0	0	0	0	32	0	0	0	0	0	0	32	32	0	0	31	77	0	0	80	0	0	0	9	0	0	0	0	0	0	0	0	0	0	0	0	0	0	0	32	0	0	0	26	0	0	53	58	0	0	80	220
51	40	27	28	33	29	0	0	18	27	28	33	0	0	53	32	64	70	132	71	18	0	0	10	0	0	18	0	0	32	10	0	0	72	21	27	28	33	0	0	0	10	0	0	0	26	0	0	53	32	64	70	132	71	7	0	0	10	0	0	10	0	0	10	10	0	0	40	21	0	0	18	0	0	0	10	0	0	0	0	0	0	32	10	0	0	72	21	17	28	33	0	0	0	0	0	0	0	0	0	0	0	10	0	0	0	26	0	0	53	32	44	70	132	71	0	0	0	9	0	0	10	0	0	10	9	0	0	40	20	0	0	10	0	0	0	9	0	0	0	0	0	0	10	10	0	0	40	21	0	0	18	0	0	0	0	0	0	0	0	0	0	0	10	0	0	0	0	0	0	32	10	0	0	72	21	0	0	33	0	0	0	9	0	0	0	0	0	0	0	0	0	0	0	0	0	0	0	10	0	0	0	26	0	0	53	32	0	0	132	71
70	55	37	50	67	40	3	0	39	37	50	67	6	0	93	69	93	150	335	107	25	0	0	10	3	0	39	0	0	67	0	8	0	195	21	37	50	67	0	0	42	40	0	0	0	124	6	0	93	69	93	150	335	107	10	0	0	0	0	0	10	0	0	20	0	0	0	50	21	3	0	39	0	0	42	0	0	0	0	46	0	0	67	0	8	0	195	21	19	50	67	0	0	0	0	0	0	0	50	0	0	42	40	0	0	0	124	6	0	93	69	50	150	335	107	0	0	0	0	0	0	0	0	0	0	0	0	0	0	20	0	0	10	0	0	30	0	0	0	0	40	0	0	20	0	0	0	50	21	0	0	39	0	0	0	0	0	0	0	20	0	0	42	0	0	0	0	46	0	0	67	0	0	0	195	21	0	0	67	0	0	0	0	0	0	0	0	0	0	0	0	0	0	0	50	0	0	42	40	0	0	0	124	0	0	93	69	0	0	335	107
43	34	18	14	24	25	0	0	0	18	14	24	0	0	11	0	44	21	48	118	16	0	0	0	0	0	0	0	0	0	0	0	0	0	21	18	14	24	0	0	0	0	0	0	0	0	0	0	11	0	44	21	48	118	7	0	0	0	0	0	0	0	0	0	0	0	0	0	21	0	0	0	0	0	0	0	0	0	0	0	0	0	0	0	0	0	0	21	15	14	24	0	0	0	0	0	0	0	0	0	0	0	0	0	0	0	0	0	0	11	0	40	21	48	118	0	0	0	0	0	0	0	0	0	0	0	0	0	0	20	0	0	0	0	0	0	0	0	0	0	0	0	0	0	0	0	0	0	21	0	0	0	0	0	0	0	0	0	0	0	0	0	0	0	0	0	0	0	0	0	0	0	0	0	0	21	0	0	24	0	0	0	0	0	0	0	0	0	0	0	0	0	0	0	0	0	0	0	0	0	0	0	0	0	0	11	0	0	0	48	118
41	32	23	20	5	23	0	0	0	23	20	5	0	0	0	0	54	55	20	11	14	0	0	0	0	0	0	0	0	0	0	0	0	0	0	23	20	5	0	0	0	0	0	0	0	0	0	0	0	0	54	55	20	11	5	0	0	0	0	0	0	0	0	0	0	0	0	0	0	0	0	0	0	0	0	0	0	0	0	0	0	0	0	0	0	0	0	0	12	20	5	0	0	0	0	0	0	0	0	0	0	0	0	0	0	0	0	0	0	0	0	29	55	20	11	0	0	0	0	0	0	0	0	0	0	0	0	0	0	0	0	0	0	0	0	0	0	0	0	0	0	0	0	0	0	0	0	0	0	0	0	0	0	0	0	0	0	0	0	0	0	0	0	0	0	0	0	0	0	0	0	0	0	0	0	0	0	0	5	0	0	0	0	0	0	0	0	0	0	0	0	0	0	0	0	0	0	0	0	0	0	0	0	0	0	0	0	0	0	20	11
65	48	22	42	118	31	0	0	85	22	42	118	0	0	55	126	48	84	354	105	14	0	0	68	0	0	85	0	0	52	69	0	0	255	57	16	42	118	0	0	0	56	0	0	0	71	0	0	55	126	39	84	354	105	0	0	0	38	0	0	68	0	0	52	30	0	0	204	20	0	0	85	0	0	0	10	0	0	0	21	0	0	52	69	0	0	255	57	0	0	118	0	0	0	88	0	0	0	109	0	0	0	56	0	0	0	71	0	0	55	126	0	0	354	105	0	0	0	21	0	0	38	0	0	35	20	0	0	114	10	0	0	68	0	0	0	10	0	0	0	21	0	0	52	30	0	0	204	20	0	0	85	0	0	0	21	0	0	0	46	0	0	0	10	0	0	0	21	0	0	52	69	0	0	255	57	0	0	0	0	0	0	22	0	0	0	55	0	0	0	88	0	0	0	109	0	0	0	56	0	0	0	71	0	0	0	126	0	0	0	105
52	38	25	40	66	24	0	0	44	25	40	66	0	0	55	54	51	100	264	100	10	0	0	37	0	0	44	0	0	52	41	0	0	176	57	15	40	66	0	0	0	45	0	0	0	0	0	0	55	54	35	100	264	100	0	0	0	15	0	0	37	0	0	52	10	0	0	148	20	0	0	44	0	0	0	0	0	0	0	0	0	0	52	41	0	0	176	57	0	0	66	0	0	0	65	0	0	0	41	0	0	0	45	0	0	0	0	0	0	55	54	0	0	264	100	0	0	0	0	0	0	15	0	0	35	0	0	0	60	10	0	0	37	0	0	0	0	0	0	0	0	0	0	52	10	0	0	148	20	0	0	44	0	0	0	0	0	0	0	0	0	0	0	0	0	0	0	0	0	0	52	41	0	0	176	57	0	0	0	0	0	0	0	0	0	0	55	0	0	0	65	0	0	0	41	0	0	0	45	0	0	0	0	0	0	0	54	0	0	0	100
43	32	15	10	54	21	0	0	10	15	10	54	0	0	0	30	35	10	54	209	10	0	0	7	0	0	10	0	0	0	21	0	0	10	88	14	10	54	0	0	0	21	0	0	0	0	0	0	0	30	34	10	54	209	0	0	0	0	0	0	7	0	0	0	0	0	0	7	41	0	0	10	0	0	0	0	0	0	0	0	0	0	0	21	0	0	10	88	0	0	54	0	0	0	0	0	0	0	26	0	0	0	21	0	0	0	0	0	0	0	30	0	0	54	209	0	0	0	0	0	0	0	0	0	0	0	0	0	0	31	0	0	7	0	0	0	0	0	0	0	0	0	0	0	0	0	0	7	41	0	0	10	0	0	0	0	0	0	0	0	0	0	0	0	0	0	0	0	0	0	0	21	0	0	10	88	0	0	0	0	0	0	0	0	0	0	0	0	0	0	0	0	0	0	26	0	0	0	21	0	0	0	0	0	0	0	30	0	0	0	209
38	28	16	16	29	18	0	0	0	16	16	29	0	0	0	0	36	24	58	129	8	0	0	0	0	0	0	0	0	0	0	0	0	0	57	13	16	29	0	0	0	0	0	0	0	0	0	0	0	0	32	24	58	129	0	0	0	0	0	0	0	0	0	0	0	0	0	0	20	0	0	0	0	0	0	0	0	0	0	0	0	0	0	0	0	0	0	57	0	0	29	0	0	0	0	0	0	0	0	0	0	0	0	0	0	0	0	0	0	0	0	0	0	58	129	0	0	0	0	0	0	0	0	0	0	0	0	0	0	10	0	0	0	0	0	0	0	0	0	0	0	0	0	0	0	0	0	0	20	0	0	0	0	0	0	0	0	0	0	0	0	0	0	0	0	0	0	0	0	0	0	0	0	0	0	57	0	0	0	0	0	0	0	0	0	0	0	0	0	0	0	0	0	0	0	0	0	0	0	0	0	0	0	0	0	0	0	0	0	0	129
39	28	25	30	15	17	0	0	0	25	30	15	0	0	0	0	45	90	75	72	6	0	0	0	0	0	0	0	0	0	0	0	0	0	39	10	30	15	0	0	0	0	0	0	0	0	0	0	0	0	20	90	75	72	0	0	0	0	0	0	0	0	0	0	0	0	0	0	10	0	0	0	0	0	0	0	0	0	0	0	0	0	0	0	0	0	0	39	0	0	15	0	0	0	0	0	0	0	0	0	0	0	0	0	0	0	0	0	0	0	0	0	0	75	72	0	0	0	0	0	0	0	0	0	0	0	0	0	0	0	0	0	0	0	0	0	0	0	0	0	0	0	0	0	0	0	0	0	10	0	0	0	0	0	0	0	0	0	0	0	0	0	0	0	0	0	0	0	0	0	0	0	0	0	0	39	0	0	0	0	0	0	0	0	0	0	0	0	0	0	0	0	0	0	0	0	0	0	0	0	0	0	0	0	0	0	0	0	0	0	72
40	25	20	50	54	10	0	0	46	11	50	54	0	0	7	30	17	90	270	15	0	0	0	45	0	0	46	0	0	7	28	0	0	230	0	0	0	54	0	0	0	14	0	0	0	0	0	0	7	30	0	0	270	15	0	0	0	45	0	0	45	0	0	7	28	0	0	225	0	0	0	46	0	0	0	14	0	0	0	0	0	0	7	28	0	0	230	0	0	0	0	0	0	0	0	0	0	0	0	0	0	0	14	0	0	0	0	0	0	0	30	0	0	0	15	0	0	0	40	0	0	45	0	0	7	20	0	0	225	0	0	0	45	0	0	0	10	0	0	0	0	0	0	7	28	0	0	225	0	0	0	0	0	0	0	0	0	0	0	0	0	0	0	14	0	0	0	0	0	0	0	28	0	0	0	0	0	0	0	0	0	0	46	0	0	0	0	0	0	0	0	0	0	0	0	0	0	0	14	0	0	0	0	0	0	0	0	0	0	0	0
37	24	17	22	74	11	0	0	32	14	22	74	0	0	7	50	23	33	148	228	0	0	0	31	0	0	32	0	0	7	48	0	0	64	129	0	0	74	0	0	0	14	0	0	0	0	0	0	7	50	0	0	148	228	0	0	0	31	0	0	31	0	0	7	48	0	0	62	105	0	0	32	0	0	0	14	0	0	0	0	0	0	7	48	0	0	64	129	0	0	0	0	0	0	0	0	0	0	0	0	0	0	14	0	0	0	0	0	0	0	50	0	0	0	228	0	0	0	21	0	0	31	0	0	7	30	0	0	62	53	0	0	31	0	0	0	10	0	0	0	0	0	0	7	48	0	0	62	105	0	0	0	0	0	0	0	0	0	0	0	0	0	0	14	0	0	0	0	0	0	0	48	0	0	0	129	0	0	0	0	0	0	71	0	0	0	0	0	0	0	0	0	0	0	0	0	0	0	14	0	0	0	0	0	0	0	0	0	0	0	0
32	21	15	10	65	10	0	0	15	14	10	65	0	0	0	30	24	10	65	282	0	0	0	14	0	0	15	0	0	0	28	0	0	15	139	0	0	65	0	0	0	14	0	0	0	0	0	0	0	30	0	0	65	282	0	0	0	14	0	0	14	0	0	0	28	0	0	14	112	0	0	15	0	0	0	14	0	0	0	0	0	0	0	28	0	0	15	139	0	0	0	0	0	0	0	0	0	0	0	0	0	0	14	0	0	0	0	0	0	0	30	0	0	0	282	0	0	0	10	0	0	14	0	0	0	20	0	0	14	53	0	0	14	0	0	0	10	0	0	0	0	0	0	0	28	0	0	14	112	0	0	0	0	0	0	0	0	0	0	0	0	0	0	14	0	0	0	0	0	0	0	28	0	0	0	139	0	0	0	0	0	0	40	0	0	0	0	0	0	0	0	0	0	0	0	0	0	0	14	0	0	0	0	0	0	0	0	0	0	0	0
27	17	17	21	30	7	0	0	0	12	21	30	0	0	0	0	20	35	90	199	0	0	0	0	0	0	0	0	0	0	0	0	0	0	129	0	0	30	0	0	0	0	0	0	0	0	0	0	0	0	0	0	90	199	0	0	0	0	0	0	0	0	0	0	0	0	0	0	105	0	0	0	0	0	0	0	0	0	0	0	0	0	0	0	0	0	0	129	0	0	0	0	0	0	0	0	0	0	0	0	0	0	0	0	0	0	0	0	0	0	0	0	0	0	199	0	0	0	0	0	0	0	0	0	0	0	0	0	0	53	0	0	0	0	0	0	0	0	0	0	0	0	0	0	0	0	0	0	105	0	0	0	0	0	0	0	0	0	0	0	0	0	0	0	0	0	0	0	0	0	0	0	0	0	0	129	0	0	0	0	0	0	0	0	0	0	0	0	0	0	0	0	0	0	0	0	0	0	0	0	0	0	0	0	0	0	0	0	0	0	0
26	16	18	24	16	6	0	0	0	11	24	16	0	0	0	0	18	42	64	81	0	0	0	0	0	0	0	0	0	0	0	0	0	0	44	0	0	16	0	0	0	0	0	0	0	0	0	0	0	0	0	0	64	81	0	0	0	0	0	0	0	0	0	0	0	0	0	0	37	0	0	0	0	0	0	0	0	0	0	0	0	0	0	0	0	0	0	44	0	0	0	0	0	0	0	0	0	0	0	0	0	0	0	0	0	0	0	0	0	0	0	0	0	0	81	0	0	0	0	0	0	0	0	0	0	0	0	0	0	15	0	0	0	0	0	0	0	0	0	0	0	0	0	0	0	0	0	0	37	0	0	0	0	0	0	0	0	0	0	0	0	0	0	0	0	0	0	0	0	0	0	0	0	0	0	44	0	0	0	0	0	0	0	0	0	0	0	0	0	0	0	0	0	0	0	0	0	0	0	0	0	0	0	0	0	0	0	0	0	0	0
21	10	8	10	53	0	0	0	7	0	0	53	0	0	0	14	0	0	53	239	0	0	0	7	0	0	7	0	0	0	14	0	0	7	93	0	0	0	0	0	0	0	0	0	0	0	0	0	0	14	0	0	0	239	0	0	0	7	0	0	7	0	0	0	14	0	0	7	90	0	0	0	0	0	0	0	0	0	0	0	0	0	0	14	0	0	0	93	0	0	0	0	0	0	0	0	0	0	0	0	0	0	0	0	0	0	0	0	0	0	0	0	0	0	0	0	0	0	7	0	0	7	0	0	0	14	0	0	7	90	0	0	0	0	0	0	0	0	0	0	0	0	0	0	14	0	0	0	90	0	0	0	0	0	0	0	0	0	0	0	0	0	0	0	0	0	0	0	0	0	0	0	0	0	0	0	0	0	0	0	0	0	0	0	0	0	0	0	0	0	0	0	0	0	0	0	0	0	0	0	0	0	0	0	0	0	0	0	0	0	0
18	8	7	16	34	0	0	0	0	0	0	34	0	0	0	0	0	0	68	174	0	0	0	0	0	0	0	0	0	0	0	0	0	0	78	0	0	0	0	0	0	0	0	0	0	0	0	0	0	0	0	0	0	174	0	0	0	0	0	0	0	0	0	0	0	0	0	0	76	0	0	0	0	0	0	0	0	0	0	0	0	0	0	0	0	0	0	78	0	0	0	0	0	0	0	0	0	0	0	0	0	0	0	0	0	0	0	0	0	0	0	0	0	0	0	0	0	0	0	0	0	0	0	0	0	0	0	0	0	76	0	0	0	0	0	0	0	0	0	0	0	0	0	0	0	0	0	0	76	0	0	0	0	0	0	0	0	0	0	0	0	0	0	0	0	0	0	0	0	0	0	0	0	0	0	0	0	0	0	0	0	0	0	0	0	0	0	0	0	0	0	0	0	0	0	0	0	0	0	0	0	0	0	0	0	0	0	0	0	0	0
16	7	7	14	23	0	0	0	0	0	0	23	0	0	0	0	0	0	46	100	0	0	0	0	0	0	0	0	0	0	0	0	0	0	46	0	0	0	0	0	0	0	0	0	0	0	0	0	0	0	0	0	0	100	0	0	0	0	0	0	0	0	0	0	0	0	0	0	45	0	0	0	0	0	0	0	0	0	0	0	0	0	0	0	0	0	0	46	0	0	0	0	0	0	0	0	0	0	0	0	0	0	0	0	0	0	0	0	0	0	0	0	0	0	0	0	0	0	0	0	0	0	0	0	0	0	0	0	0	45	0	0	0	0	0	0	0	0	0	0	0	0	0	0	0	0	0	0	45	0	0	0	0	0	0	0	0	0	0	0	0	0	0	0	0	0	0	0	0	0	0	0	0	0	0	0	0	0	0	0	0	0	0	0	0	0	0	0	0	0	0	0	0	0	0	0	0	0	0	0	0	0	0	0	0	0	0	0	0	0	0
14	6	7	12	16	0	0	0	0	0	0	16	0	0	0	0	0	0	32	70	0	0	0	0	0	0	0	0	0	0	0	0	0	0	46	0	0	0	0	0	0	0	0	0	0	0	0	0	0	0	0	0	0	70	0	0	0	0	0	0	0	0	0	0	0	0	0	0	45	0	0	0	0	0	0	0	0	0	0	0	0	0	0	0	0	0	0	46	0	0	0	0	0	0	0	0	0	0	0	0	0	0	0	0	0	0	0	0	0	0	0	0	0	0	0	0	0	0	0	0	0	0	0	0	0	0	0	0	0	45	0	0	0	0	0	0	0	0	0	0	0	0	0	0	0	0	0	0	45	0	0	0	0	0	0	0	0	0	0	0	0	0	0	0	0	0	0	0	0	0	0	0	0	0	0	0	0	0	0	0	0	0	0	0	0	0	0	0	0	0	0	0	0	0	0	0	0	0	0	0	0	0	0	0	0	0	0	0	0	0	0
12	5	7	10	10	0	0	0	0	0	0	10	0	0	0	0	0	0	20	54	0	0	0	0	0	0	0	0	0	0	0	0	0	0	46	0	0	0	0	0	0	0	0	0	0	0	0	0	0	0	0	0	0	54	0	0	0	0	0	0	0	0	0	0	0	0	0	0	45	0	0	0	0	0	0	0	0	0	0	0	0	0	0	0	0	0	0	46	0	0	0	0	0	0	0	0	0	0	0	0	0	0	0	0	0	0	0	0	0	0	0	0	0	0	0	0	0	0	0	0	0	0	0	0	0	0	0	0	0	45	0	0	0	0	0	0	0	0	0	0	0	0	0	0	0	0	0	0	45	0	0	0	0	0	0	0	0	0	0	0	0	0	0	0	0	0	0	0	0	0	0	0	0	0	0	0	0	0	0	0	0	0	0	0	0	0	0	0	0	0	0	0	0	0	0	0	0	0	0	0	0	0	0	0	0	0	0	0	0	0	0
6	0	0	0	36	0	0	0	0	0	0	0	0	0	0	0	0	0	0	136	0	0	0	0	0	0	0	0	0	0	0	0	0	0	7	0	0	0	0	0	0	0	0	0	0	0	0	0	0	0	0	0	0	0	0	0	0	0	0	0	0	0	0	0	0	0	0	0	7	0	0	0	0	0	0	0	0	0	0	0	0	0	0	0	0	0	0	0	0	0	0	0	0	0	0	0	0	0	0	0	0	0	0	0	0	0	0	0	0	0	0	0	0	0	0	0	0	0	0	0	0	0	0	0	0	0	0	0	0	7	0	0	0	0	0	0	0	0	0	0	0	0	0	0	0	0	0	0	0	0	0	0	0	0	0	0	0	0	0	0	0	0	0	0	0	0	0	0	0	0	0	0	0	0	0	0	0	0	0	0	0	0	0	0	0	0	0	0	0	0	0	0	0	0	0	0	0	0	0	0	0	0	0	0	0	0	0	0	0	0	0
5	0	0	0	26	0	0	0	0	0	0	0	0	0	0	0	0	0	0	83	0	0	0	0	0	0	0	0	0	0	0	0	0	0	0	0	0	0	0	0	0	0	0	0	0	0	0	0	0	0	0	0	0	0	0	0	0	0	0	0	0	0	0	0	0	0	0	0	0	0	0	0	0	0	0	0	0	0	0	0	0	0	0	0	0	0	0	0	0	0	0	0	0	0	0	0	0	0	0	0	0	0	0	0	0	0	0	0	0	0	0	0	0	0	0	0	0	0	0	0	0	0	0	0	0	0	0	0	0	0	0	0	0	0	0	0	0	0	0	0	0	0	0	0	0	0	0	0	0	0	0	0	0	0	0	0	0	0	0	0	0	0	0	0	0	0	0	0	0	0	0	0	0	0	0	0	0	0	0	0	0	0	0	0	0	0	0	0	0	0	0	0	0	0	0	0	0	0	0	0	0	0	0	0	0	0	0	0	0	0	0
