124	119	27	4	0	114	12	0	0	27	4	0	11	0	0	0	66	4	0	0	109	11	0	0	12	0	0	10	0	0	0	29	0	0	0	27	4	0	3	0	0	0	21	4	0	0	11	0	0	0	66	4	0	0	104	10	0	0	11	0	0	9	0	0	0	26	0	0	0	12	0	0	2	0	0	0	2	0	0	0	10	0	0	0	29	0	0	0	27	4	0	6	0	0	0	15	4	0	0	3	0	0	0	21	4	0	0	11	0	0	0	66	4	0	0	99	8	0	0	10	0	0	9	0	0	0	23	0	0	0	11	0	0	2	0	0	0	2	0	0	0	9	0	0	0	26	0	0	0	12	0	0	0	0	0	0	2	0	0	0	2	0	0	0	2	0	0	0	10	0	0	0	29	0	0	0	27	4	0	17	0	0	0	16	0	0	0	6	0	0	0	15	4	0	0	3	0	0	0	21	4	0	0	11	0	0	0	66	4	0	0
148	142	40	8	0	136	24	0	0	40	8	0	36	0	0	0	102	12	0	0	130	20	0	0	24	0	0	29	0	0	0	66	0	0	0	40	8	0	25	0	0	0	25	16	0	0	36	0	0	0	102	12	0	0	124	17	0	0	20	0	0	22	0	0	0	51	0	0	0	24	0	0	20	0	0	0	9	0	0	0	29	0	0	0	66	0	0	0	40	8	0	20	0	0	0	15	12	0	0	25	0	0	0	25	16	0	0	36	0	0	0	102	12	0	0	118	11	0	0	17	0	0	14	0	0	0	42	0	0	0	20	0	0	8	0	0	0	9	0	0	0	22	0	0	0	51	0	0	0	24	0	0	6	0	0	0	4	0	0	0	20	0	0	0	9	0	0	0	29	0	0	0	66	0	0	0	40	8	0	23	0	0	0	12	16	0	0	20	0	0	0	15	12	0	0	25	0	0	0	25	16	0	0	36	0	0	0	102	12	0	0
274	262	53	53	0	250	27	35	0	53	53	0	44	42	0	0	135	86	0	0	238	22	35	0	27	35	0	35	42	0	0	85	56	0	0	53	53	0	28	0	0	0	26	25	0	0	44	42	0	0	135	86	0	0	226	19	29	0	22	35	0	28	42	0	0	66	56	0	0	27	35	0	23	0	0	0	9	7	0	0	35	42	0	0	85	56	0	0	53	53	0	14	24	0	0	19	12	0	0	28	0	0	0	26	25	0	0	44	42	0	0	135	86	0	0	214	15	12	0	19	29	0	20	24	0	0	57	41	0	0	22	35	0	11	0	0	0	9	7	0	0	28	42	0	0	66	56	0	0	27	35	0	6	0	0	0	8	0	0	0	23	0	0	0	9	7	0	0	35	42	0	0	85	56	0	0	53	53	0	23	36	0	0	12	16	0	0	14	24	0	0	19	12	0	0	28	0	0	0	26	25	0	0	44	42	0	0	135	86	0	0
273	261	64	53	0	249	31	34	0	64	53	0	47	26	0	0	161	152	0	0	237	26	32	0	31	34	0	38	24	0	0	91	96	0	0	64	53	0	34	16	0	0	30	24	0	0	47	26	0	0	161	152	0	0	225	21	32	0	26	32	0	31	24	0	0	72	88	0	0	31	34	0	21	16	0	0	10	8	0	0	38	24	0	0	91	96	0	0	64	53	0	20	0	0	0	19	34	0	0	34	16	0	0	30	24	0	0	47	26	0	0	161	152	0	0	213	15	24	0	21	32	0	23	24	0	0	57	88	0	0	26	32	0	9	16	0	0	10	8	0	0	31	24	0	0	72	88	0	0	31	34	0	6	0	0	0	6	20	0	0	21	16	0	0	10	8	0	0	38	24	0	0	91	96	0	0	64	53	0	24	32	0	0	14	16	0	0	20	0	0	0	19	34	0	0	34	16	0	0	30	24	0	0	47	26	0	0	161	152	0	0
239	229	67	29	0	219	37	9	0	67	29	0	67	0	0	0	153	100	0	0	209	30	9	0	37	9	0	45	0	0	0	103	36	0	0	67	29	0	33	0	0	0	23	28	0	0	67	0	0	0	153	100	0	0	199	26	9	0	30	9	0	35	0	0	0	80	36	0	0	37	9	0	23	0	0	0	10	0	0	0	45	0	0	0	103	36	0	0	67	29	0	20	0	0	0	18	16	0	0	33	0	0	0	23	28	0	0	67	0	0	0	153	100	0	0	189	20	9	0	26	9	0	27	0	0	0	68	36	0	0	30	9	0	11	0	0	0	10	0	0	0	35	0	0	0	80	36	0	0	37	9	0	6	0	0	0	6	0	0	0	23	0	0	0	10	0	0	0	45	0	0	0	103	36	0	0	67	29	0	32	0	0	0	12	16	0	0	20	0	0	0	18	16	0	0	33	0	0	0	23	28	0	0	67	0	0	0	153	100	0	0
282	270	67	30	20	258	45	19	0	67	30	20	79	19	0	0	161	72	20	0	246	39	9	0	45	19	0	58	9	0	0	129	57	0	0	67	30	20	42	9	0	0	15	0	20	0	79	19	0	0	161	72	20	0	234	34	0	0	39	9	0	49	0	0	0	109	27	0	0	45	19	0	33	0	0	0	14	0	0	0	58	9	0	0	129	57	0	0	67	30	20	20	0	8	0	12	0	20	0	42	9	0	0	15	0	20	0	79	19	0	0	161	72	20	0	222	25	0	0	34	0	0	35	0	0	0	95	0	0	0	39	9	0	21	0	0	0	14	0	0	0	49	0	0	0	109	27	0	0	45	19	0	12	0	0	0	12	0	0	0	33	0	0	0	14	0	0	0	58	9	0	0	129	57	0	0	67	30	20	18	0	20	0	2	0	0	0	20	0	8	0	12	0	20	0	42	9	0	0	15	0	20	0	79	19	0	0	161	72	20	0
478	456	122	192	16	434	70	151	0	122	192	16	99	291	0	0	297	557	32	0	412	59	105	0	70	151	0	69	195	0	0	191	475	0	0	122	192	16	35	238	0	0	30	111	48	0	99	291	0	0	297	557	32	0	390	53	75	0	59	105	0	65	117	0	0	157	325	0	0	70	151	0	21	168	0	0	22	99	0	0	69	195	0	0	191	475	0	0	122	192	16	13	140	8	0	24	40	32	0	35	238	0	0	30	111	48	0	99	291	0	0	297	557	32	0	368	48	37	0	53	75	0	59	42	0	0	140	240	0	0	59	105	0	21	56	0	0	21	81	0	0	65	117	0	0	157	325	0	0	70	151	0	13	63	0	0	22	38	0	0	21	168	0	0	22	99	0	0	69	195	0	0	191	475	0	0	122	192	16	29	65	20	0	6	0	64	0	13	140	8	0	24	40	32	0	35	238	0	0	30	111	48	0	99	291	0	0	297	557	32	0
365	348	95	106	12	331	58	73	0	95	106	12	84	129	0	0	228	282	36	0	314	50	70	0	58	73	0	59	120	0	0	153	239	0	0	95	106	12	54	30	0	0	29	10	0	0	84	129	0	0	228	282	36	0	297	42	70	0	50	70	0	49	120	0	0	127	230	0	0	58	73	0	36	30	0	0	22	10	0	0	59	120	0	0	153	239	0	0	95	106	12	21	0	8	0	17	26	0	0	54	30	0	0	29	10	0	0	84	129	0	0	228	282	36	0	280	33	61	0	42	70	0	35	120	0	0	104	230	0	0	50	70	0	24	30	0	0	22	10	0	0	49	120	0	0	127	230	0	0	58	73	0	13	0	0	0	13	20	0	0	36	30	0	0	22	10	0	0	59	120	0	0	153	239	0	0	95	106	12	15	63	20	0	8	0	0	0	21	0	8	0	17	26	0	0	54	30	0	0	29	10	0	0	84	129	0	0	228	282	36	0
276	264	76	41	8	252	54	11	0	76	41	8	86	0	0	0	195	81	40	0	240	47	11	0	54	11	0	64	0	0	0	156	33	0	0	76	41	8	47	0	0	0	17	0	0	0	86	0	0	0	195	81	40	0	228	43	11	0	47	11	0	54	0	0	0	133	33	0	0	54	11	0	37	0	0	0	17	0	0	0	64	0	0	0	156	33	0	0	76	41	8	21	0	0	0	14	0	0	0	47	0	0	0	17	0	0	0	86	0	0	0	195	81	40	0	216	37	11	0	43	11	0	46	0	0	0	121	33	0	0	47	11	0	25	0	0	0	17	0	0	0	54	0	0	0	133	33	0	0	54	11	0	13	0	0	0	14	0	0	0	37	0	0	0	17	0	0	0	64	0	0	0	156	33	0	0	76	41	8	18	0	8	0	2	0	0	0	21	0	0	0	14	0	0	0	47	0	0	0	17	0	0	0	86	0	0	0	195	81	40	0
353	337	86	97	4	321	52	53	0	86	97	4	66	119	0	0	215	216	20	0	305	48	33	0	52	53	0	59	29	0	0	152	126	0	0	86	97	4	40	25	0	0	17	0	12	0	66	119	0	0	215	216	20	0	289	45	28	0	48	33	0	52	14	0	0	137	71	0	0	52	53	0	35	0	0	0	16	0	0	0	59	29	0	0	152	126	0	0	86	97	4	21	0	0	0	12	0	4	0	40	25	0	0	17	0	12	0	66	119	0	0	215	216	20	0	273	41	28	0	45	28	0	44	14	0	0	128	56	0	0	48	33	0	23	0	0	0	16	0	0	0	52	14	0	0	137	71	0	0	52	53	0	13	0	0	0	12	0	0	0	35	0	0	0	16	0	0	0	59	29	0	0	152	126	0	0	86	97	4	18	0	0	0	2	0	0	0	21	0	0	0	12	0	4	0	40	25	0	0	17	0	12	0	66	119	0	0	215	216	20	0
379	360	111	129	35	341	65	106	0	111	129	35	83	172	48	0	272	394	35	60	322	57	96	0	65	106	0	56	152	0	0	160	319	0	0	111	129	35	70	112	30	0	39	56	0	0	83	172	48	0	272	394	35	60	303	47	90	0	57	96	0	48	140	0	0	140	298	0	0	65	106	0	30	100	0	0	28	45	0	0	56	152	0	0	160	319	0	0	111	129	35	20	60	32	0	8	60	0	0	70	112	30	0	39	56	0	0	83	172	48	0	272	394	35	60	284	41	87	0	47	90	0	36	140	0	0	117	280	0	0	57	96	0	28	100	0	0	26	43	0	0	48	140	0	0	140	298	0	0	65	106	0	7	60	0	0	8	60	0	0	30	100	0	0	28	45	0	0	56	152	0	0	160	319	0	0	111	129	35	29	27	29	0	6	20	0	0	20	60	32	0	8	60	0	0	70	112	30	0	39	56	0	0	83	172	48	0	272	394	35	60
283	269	77	61	26	255	48	53	0	77	61	26	66	74	39	0	208	141	0	40	241	42	49	0	48	53	0	45	66	0	0	133	126	0	0	77	61	26	39	34	21	0	19	27	0	0	66	74	39	0	208	141	0	40	227	36	48	0	42	49	0	37	64	0	0	116	121	0	0	48	53	0	19	32	0	0	15	24	0	0	45	66	0	0	133	126	0	0	77	61	26	12	8	32	0	10	16	0	0	39	34	21	0	19	27	0	0	66	74	39	0	208	141	0	40	213	32	48	0	36	48	0	33	64	0	0	104	120	0	0	42	49	0	17	32	0	0	14	24	0	0	37	64	0	0	116	121	0	0	48	53	0	9	8	0	0	10	16	0	0	19	32	0	0	15	24	0	0	45	66	0	0	133	126	0	0	77	61	26	7	0	29	0	4	0	0	0	12	8	32	0	10	16	0	0	39	34	21	0	19	27	0	0	66	74	39	0	208	141	0	40
192	183	47	15	18	174	32	14	0	47	15	18	40	7	15	0	129	29	0	24	165	31	14	0	32	14	0	37	7	0	0	89	28	0	0	47	15	18	17	0	5	0	8	0	0	0	40	7	15	0	129	29	0	24	156	31	14	0	31	14	0	37	7	0	0	86	28	0	0	32	14	0	17	0	0	0	8	0	0	0	37	7	0	0	89	28	0	0	47	15	18	7	0	0	0	10	0	0	0	17	0	5	0	8	0	0	0	40	7	15	0	129	29	0	24	147	28	14	0	31	14	0	37	7	0	0	86	28	0	0	31	14	0	17	0	0	0	8	0	0	0	37	7	0	0	86	28	0	0	32	14	0	7	0	0	0	10	0	0	0	17	0	0	0	8	0	0	0	37	7	0	0	89	28	0	0	47	15	18	3	0	21	0	2	0	0	0	7	0	0	0	10	0	0	0	17	0	5	0	8	0	0	0	40	7	15	0	129	29	0	24
213	203	49	29	11	193	31	16	0	49	29	11	30	8	15	0	130	63	22	12	183	30	16	0	31	16	0	27	8	0	0	85	32	0	0	49	29	11	14	0	5	0	8	0	0	0	30	8	15	0	130	63	22	12	173	30	16	0	30	16	0	27	8	0	0	82	32	0	0	31	16	0	14	0	0	0	8	0	0	0	27	8	0	0	85	32	0	0	49	29	11	7	0	0	0	8	0	0	0	14	0	5	0	8	0	0	0	30	8	15	0	130	63	22	12	163	30	16	0	30	16	0	27	8	0	0	82	32	0	0	30	16	0	14	0	0	0	8	0	0	0	27	8	0	0	82	32	0	0	31	16	0	7	0	0	0	8	0	0	0	14	0	0	0	8	0	0	0	27	8	0	0	85	32	0	0	49	29	11	3	0	0	0	2	0	0	0	7	0	0	0	8	0	0	0	14	0	5	0	8	0	0	0	30	8	15	0	130	63	22	12
279	266	58	53	11	253	33	22	0	58	53	11	31	11	15	0	151	135	55	12	240	32	22	0	33	22	0	28	11	0	0	94	44	0	0	58	53	11	14	0	5	0	8	0	0	0	31	11	15	0	151	135	55	12	227	32	22	0	32	22	0	28	11	0	0	91	44	0	0	33	22	0	14	0	0	0	8	0	0	0	28	11	0	0	94	44	0	0	58	53	11	7	0	0	0	8	0	0	0	14	0	5	0	8	0	0	0	31	11	15	0	151	135	55	12	214	32	22	0	32	22	0	28	11	0	0	91	44	0	0	32	22	0	14	0	0	0	8	0	0	0	28	11	0	0	91	44	0	0	33	22	0	7	0	0	0	8	0	0	0	14	0	0	0	8	0	0	0	28	11	0	0	94	44	0	0	58	53	11	3	0	0	0	2	0	0	0	7	0	0	0	8	0	0	0	14	0	5	0	8	0	0	0	31	11	15	0	151	135	55	12
239	228	45	24	36	217	22	0	22	45	24	36	20	0	40	50	106	56	108	11	206	18	0	0	22	0	22	12	0	30	0	64	0	66	0	45	24	36	6	0	40	0	13	0	0	40	20	0	40	50	106	56	108	11	195	17	0	0	18	0	0	8	0	0	0	58	0	0	0	22	0	22	4	0	32	0	9	0	0	0	12	0	30	0	64	0	66	0	45	24	36	3	0	10	0	2	0	0	0	6	0	40	0	13	0	0	40	20	0	40	50	106	56	108	11	184	16	0	0	17	0	0	7	0	0	0	54	0	0	0	18	0	0	0	0	0	0	3	0	0	0	8	0	0	0	58	0	0	0	22	0	22	1	0	8	0	2	0	0	0	4	0	32	0	9	0	0	0	12	0	30	0	64	0	66	0	45	24	36	1	0	10	0	0	0	0	0	3	0	10	0	2	0	0	0	6	0	40	0	13	0	0	40	20	0	40	50	106	56	108	11
327	311	64	75	41	295	31	39	13	64	75	41	40	0	30	41	137	211	164	57	279	26	39	0	31	39	13	27	0	21	0	86	130	52	0	64	75	41	16	0	40	0	17	13	0	20	40	0	30	41	137	211	164	57	263	25	39	0	26	39	0	23	0	0	0	80	130	0	0	31	39	13	14	0	32	0	13	13	0	0	27	0	21	0	86	130	52	0	64	75	41	9	0	10	0	8	0	0	0	16	0	40	0	17	13	0	20	40	0	30	41	137	211	164	57	247	21	39	0	25	39	0	22	0	0	0	76	130	0	0	26	39	0	10	0	0	0	6	13	0	0	23	0	0	0	80	130	0	0	31	39	13	7	0	8	0	8	0	0	0	14	0	32	0	13	13	0	0	27	0	21	0	86	130	52	0	64	75	41	1	0	37	0	2	0	0	0	9	0	10	0	8	0	0	0	16	0	40	0	17	13	0	20	40	0	30	41	137	211	164	57
268	255	50	53	16	242	18	22	8	50	53	16	18	11	20	16	104	169	80	11	229	14	22	0	18	22	8	10	11	16	0	51	99	40	0	50	53	16	6	0	40	0	14	0	0	16	18	11	20	16	104	169	80	11	216	13	22	0	14	22	0	6	11	0	0	45	99	0	0	18	22	8	4	0	32	0	9	0	0	0	10	11	16	0	51	99	40	0	50	53	16	3	0	10	0	2	0	0	0	6	0	40	0	14	0	0	16	18	11	20	16	104	169	80	11	203	12	22	0	13	22	0	5	11	0	0	41	99	0	0	14	22	0	0	0	0	0	3	0	0	0	6	11	0	0	45	99	0	0	18	22	8	1	0	8	0	2	0	0	0	4	0	32	0	9	0	0	0	10	11	16	0	51	99	40	0	50	53	16	1	0	10	0	0	0	0	0	3	0	10	0	2	0	0	0	6	0	40	0	14	0	0	16	18	11	20	16	104	169	80	11
222	211	38	33	22	200	13	24	5	38	33	22	4	16	10	25	93	81	22	22	189	13	24	0	13	24	5	4	16	5	0	36	72	5	0	38	33	22	0	0	0	0	2	0	0	4	4	16	10	25	93	81	22	22	178	13	24	0	13	24	0	4	16	0	0	36	72	0	0	13	24	5	0	0	0	0	1	0	0	0	4	16	5	0	36	72	5	0	38	33	22	0	0	0	0	0	0	0	0	0	0	0	0	2	0	0	4	4	16	10	25	93	81	22	22	167	13	24	0	13	24	0	4	16	0	0	36	72	0	0	13	24	0	0	0	0	0	1	0	0	0	4	16	0	0	36	72	0	0	13	24	5	0	0	0	0	0	0	0	0	0	0	0	0	1	0	0	0	4	16	5	0	36	72	5	0	38	33	22	0	0	0	0	0	0	0	0	0	0	0	0	0	0	0	0	0	0	0	0	2	0	0	4	4	16	10	25	93	81	22	22
152	145	27	10	6	138	10	0	0	27	10	6	4	0	0	0	63	20	12	11	131	10	0	0	10	0	0	4	0	0	0	32	0	0	0	27	10	6	0	0	0	0	2	0	0	0	4	0	0	0	63	20	12	11	124	10	0	0	10	0	0	4	0	0	0	32	0	0	0	10	0	0	0	0	0	0	1	0	0	0	4	0	0	0	32	0	0	0	27	10	6	0	0	0	0	0	0	0	0	0	0	0	0	2	0	0	0	4	0	0	0	63	20	12	11	117	10	0	0	10	0	0	4	0	0	0	32	0	0	0	10	0	0	0	0	0	0	1	0	0	0	4	0	0	0	32	0	0	0	10	0	0	0	0	0	0	0	0	0	0	0	0	0	0	1	0	0	0	4	0	0	0	32	0	0	0	27	10	6	0	0	0	0	0	0	0	0	0	0	0	0	0	0	0	0	0	0	0	0	2	0	0	0	4	0	0	0	63	20	12	11
312	297	32	36	72	282	14	0	37	32	36	72	11	0	73	70	74	36	216	99	267	12	0	29	14	0	37	5	0	61	48	49	0	111	43	32	36	72	4	0	13	50	13	12	0	0	11	0	73	70	74	36	216	99	252	11	0	4	12	0	29	4	0	53	0	41	0	87	0	14	0	37	0	0	10	0	3	0	0	0	5	0	61	48	49	0	111	43	32	36	72	1	0	13	12	4	0	0	40	4	0	13	50	13	12	0	0	11	0	73	70	74	36	216	99	237	11	0	0	11	0	4	4	0	12	0	37	0	12	0	12	0	29	0	0	8	0	3	0	0	0	4	0	53	0	41	0	87	0	14	0	37	1	0	10	0	4	0	0	0	0	0	10	0	3	0	0	0	5	0	61	48	49	0	111	43	32	36	72	1	0	0	0	0	0	0	0	1	0	13	12	4	0	0	40	4	0	13	50	13	12	0	0	11	0	73	70	74	36	216	99
166	158	18	12	13	150	5	0	7	18	12	13	3	0	21	0	31	6	26	16	142	5	0	7	5	0	7	3	0	21	0	18	0	14	8	18	12	13	0	0	0	0	6	0	0	0	3	0	21	0	31	6	26	16	134	5	0	4	5	0	7	3	0	21	0	18	0	14	0	5	0	7	0	0	0	0	1	0	0	0	3	0	21	0	18	0	14	8	18	12	13	0	0	0	12	0	0	0	0	0	0	0	0	6	0	0	0	3	0	21	0	31	6	26	16	126	5	0	0	5	0	4	3	0	12	0	18	0	8	0	5	0	7	0	0	0	0	1	0	0	0	3	0	21	0	18	0	14	0	5	0	7	0	0	0	0	0	0	0	0	0	0	0	0	1	0	0	0	3	0	21	0	18	0	14	8	18	12	13	0	0	0	0	0	0	0	0	0	0	0	12	0	0	0	0	0	0	0	0	6	0	0	0	3	0	21	0	31	6	26	16
272	258	41	59	36	244	18	33	10	41	59	36	23	22	52	30	88	115	108	93	230	13	33	8	18	33	10	11	22	40	24	58	99	30	43	41	59	36	6	0	13	16	12	35	0	0	23	22	52	30	88	115	108	93	216	12	33	0	13	33	8	10	22	32	0	42	99	24	0	18	33	10	2	0	10	0	5	11	0	0	11	22	40	24	58	99	30	43	41	59	36	7	0	13	0	8	0	0	16	6	0	13	16	12	35	0	0	23	22	52	30	88	115	108	93	202	12	33	0	12	33	0	10	22	0	0	38	99	0	0	13	33	8	2	0	8	0	4	11	0	0	10	22	32	0	42	99	24	0	18	33	10	7	0	10	0	8	0	0	0	2	0	10	0	5	11	0	0	11	22	40	24	58	99	30	43	41	59	36	12	0	0	0	2	0	0	0	7	0	13	0	8	0	0	16	6	0	13	16	12	35	0	0	23	22	52	30	88	115	108	93
209	199	21	9	35	189	11	0	0	21	9	35	5	0	0	0	44	0	35	121	179	11	0	0	11	0	0	5	0	0	0	37	0	0	48	21	9	35	0	0	0	0	6	0	0	0	5	0	0	0	44	0	35	121	169	11	0	0	11	0	0	5	0	0	0	37	0	0	0	11	0	0	0	0	0	0	2	0	0	0	5	0	0	0	37	0	0	48	21	9	35	0	0	0	0	0	0	0	0	0	0	0	0	6	0	0	0	5	0	0	0	44	0	35	121	159	11	0	0	11	0	0	5	0	0	0	37	0	0	0	11	0	0	0	0	0	0	2	0	0	0	5	0	0	0	37	0	0	0	11	0	0	0	0	0	0	0	0	0	0	0	0	0	0	2	0	0	0	5	0	0	0	37	0	0	48	21	9	35	0	0	0	0	0	0	0	0	0	0	0	0	0	0	0	0	0	0	0	0	6	0	0	0	5	0	0	0	44	0	35	121
166	158	18	12	15	150	8	0	0	18	12	15	3	0	0	0	38	6	30	57	142	8	0	0	8	0	0	3	0	0	0	28	0	0	21	18	12	15	0	0	0	0	6	0	0	0	3	0	0	0	38	6	30	57	134	8	0	0	8	0	0	3	0	0	0	28	0	0	0	8	0	0	0	0	0	0	2	0	0	0	3	0	0	0	28	0	0	21	18	12	15	0	0	0	0	0	0	0	0	0	0	0	0	6	0	0	0	3	0	0	0	38	6	30	57	126	8	0	0	8	0	0	3	0	0	0	28	0	0	0	8	0	0	0	0	0	0	2	0	0	0	3	0	0	0	28	0	0	0	8	0	0	0	0	0	0	0	0	0	0	0	0	0	0	2	0	0	0	3	0	0	0	28	0	0	21	18	12	15	0	0	0	0	0	0	0	0	0	0	0	0	0	0	0	0	0	0	0	0	6	0	0	0	3	0	0	0	38	6	30	57
160	152	7	0	50	144	4	0	7	7	0	50	4	0	0	14	25	0	0	171	136	3	0	7	4	0	7	2	0	0	14	13	0	0	54	7	0	50	0	0	0	0	1	0	0	0	4	0	0	14	25	0	0	171	128	3	0	7	3	0	7	2	0	0	14	9	0	0	44	4	0	7	0	0	0	0	1	0	0	0	2	0	0	14	13	0	0	54	7	0	50	0	0	0	0	2	0	0	0	0	0	0	0	1	0	0	0	4	0	0	14	25	0	0	171	120	3	0	4	3	0	7	2	0	0	8	9	0	0	8	3	0	7	0	0	0	0	1	0	0	0	2	0	0	14	9	0	0	44	4	0	7	0	0	0	0	2	0	0	0	0	0	0	0	1	0	0	0	2	0	0	14	13	0	0	54	7	0	50	0	0	0	12	0	0	0	0	0	0	0	0	2	0	0	0	0	0	0	0	1	0	0	0	4	0	0	14	25	0	0	171
239	227	35	11	64	215	24	0	28	35	11	64	31	0	23	40	104	44	64	136	203	16	0	25	24	0	28	20	0	21	34	66	0	28	54	35	11	64	2	0	23	30	10	0	0	0	31	0	23	40	104	44	64	136	191	16	0	23	16	0	25	20	0	18	30	35	0	25	44	24	0	28	2	0	21	24	10	0	0	0	20	0	21	34	66	0	28	54	35	11	64	7	0	0	16	16	0	0	0	2	0	23	30	10	0	0	0	31	0	23	40	104	44	64	136	179	16	0	8	16	0	23	20	0	16	8	35	0	23	8	16	0	25	2	0	18	0	10	0	0	0	20	0	18	30	35	0	25	44	24	0	28	7	0	0	0	14	0	0	0	2	0	21	24	10	0	0	0	20	0	21	34	66	0	28	54	35	11	64	18	0	0	28	2	0	0	16	7	0	0	16	16	0	0	0	2	0	23	30	10	0	0	0	31	0	23	40	104	44	64	136
216	205	40	26	44	194	22	8	28	40	26	44	27	16	23	40	114	104	88	72	183	15	0	25	22	8	28	18	0	21	34	59	32	56	37	40	26	44	10	0	23	30	14	0	44	0	27	16	23	40	114	104	88	72	172	13	0	23	15	0	25	18	0	18	30	32	0	50	29	22	8	28	2	0	21	24	10	0	28	0	18	0	21	34	59	32	56	37	40	26	44	7	0	0	16	16	20	0	0	10	0	23	30	14	0	44	0	27	16	23	40	114	104	88	72	161	13	0	8	13	0	23	18	0	16	8	26	0	46	4	15	0	25	2	0	18	0	10	0	25	0	18	0	18	30	32	0	50	29	22	8	28	7	0	0	0	12	16	0	0	2	0	21	24	10	0	28	0	18	0	21	34	59	32	56	37	40	26	44	18	0	0	28	4	0	0	16	7	0	0	16	16	20	0	0	10	0	23	30	14	0	44	0	27	16	23	40	114	104	88	72
258	243	69	88	23	228	33	71	13	69	88	23	40	102	15	26	149	228	23	36	213	27	54	10	33	71	13	28	81	13	20	71	186	13	10	69	88	23	45	18	15	30	44	23	69	0	40	102	15	26	149	228	23	36	198	21	48	8	27	54	10	28	81	10	16	54	126	10	8	33	71	13	17	18	13	24	23	20	39	0	28	81	13	20	71	186	13	10	69	88	23	14	36	0	16	11	36	0	0	45	18	15	30	44	23	69	0	40	102	15	26	149	228	23	36	183	19	37	0	21	48	8	20	63	8	0	37	99	8	0	27	54	10	17	18	10	0	21	18	30	0	28	81	10	16	54	126	10	8	33	71	13	4	30	0	0	9	30	0	0	17	18	13	24	23	20	39	0	28	81	13	20	71	186	13	10	69	88	23	32	64	0	0	6	12	0	16	14	36	0	16	11	36	0	0	45	18	15	30	44	23	69	0	40	102	15	26	149	228	23	36
235	221	58	77	15	207	31	56	13	58	77	15	34	88	15	26	139	136	30	0	193	20	48	10	31	56	13	24	72	13	20	74	84	26	0	58	77	15	12	0	15	30	29	66	30	0	34	88	15	26	139	136	30	0	179	18	48	8	20	48	10	24	72	10	16	43	56	20	0	31	56	13	4	0	13	24	12	48	26	0	24	72	13	20	74	84	26	0	58	77	15	16	0	0	16	20	12	0	0	12	0	15	30	29	66	30	0	34	88	15	26	139	136	30	0	165	18	42	0	18	48	8	24	72	8	0	37	56	16	0	20	48	10	4	0	10	0	8	48	20	0	24	72	10	16	43	56	20	0	31	56	13	16	0	0	0	16	8	0	0	4	0	13	24	12	48	26	0	24	72	13	20	74	84	26	0	58	77	15	30	36	0	0	11	0	0	16	16	0	0	16	20	12	0	0	12	0	15	30	29	66	30	0	34	88	15	26	139	136	30	0
262	248	55	40	76	234	27	0	42	55	40	76	31	0	90	76	135	100	304	146	220	25	0	40	27	0	42	25	0	53	68	55	0	168	82	55	40	76	12	0	10	26	25	0	0	0	31	0	90	76	135	100	304	146	206	23	0	37	25	0	40	25	0	51	56	49	0	160	70	27	0	42	4	0	10	20	18	0	0	0	25	0	53	68	55	0	168	82	55	40	76	7	0	0	30	19	20	0	0	12	0	10	26	25	0	0	0	31	0	90	76	135	100	304	146	192	20	0	32	23	0	37	25	0	48	48	43	0	148	62	25	0	40	4	0	10	16	18	0	0	0	25	0	51	56	49	0	160	70	27	0	42	0	0	0	24	1	0	0	0	4	0	10	20	18	0	0	0	25	0	53	68	55	0	168	82	55	40	76	23	0	29	37	10	0	0	0	7	0	0	30	19	20	0	0	12	0	10	26	25	0	0	0	31	0	90	76	135	100	304	146
205	194	52	28	22	183	25	0	10	52	28	22	25	0	46	0	109	70	88	59	172	23	0	10	25	0	10	19	0	30	0	43	0	40	41	52	28	22	10	0	10	0	24	0	0	0	25	0	46	0	109	70	88	59	161	21	0	10	23	0	10	19	0	30	0	37	0	40	35	25	0	10	2	0	10	0	17	0	0	0	19	0	30	0	43	0	40	41	52	28	22	0	0	0	0	9	14	0	0	10	0	10	0	24	0	0	0	25	0	46	0	109	70	88	59	150	21	0	7	21	0	10	19	0	30	0	31	0	40	31	23	0	10	2	0	10	0	17	0	0	0	19	0	30	0	37	0	40	35	25	0	10	0	0	0	0	1	0	0	0	2	0	10	0	17	0	0	0	19	0	30	0	43	0	40	41	52	28	22	14	0	0	21	8	0	0	0	0	0	0	0	9	14	0	0	10	0	10	0	24	0	0	0	25	0	46	0	109	70	88	59
166	157	41	23	10	148	17	5	10	41	23	10	13	15	30	0	84	54	30	0	139	16	0	10	17	5	10	10	0	30	0	32	15	30	0	41	23	10	2	0	10	0	14	0	10	0	13	15	30	0	84	54	30	0	130	16	0	10	16	0	10	10	0	30	0	29	0	30	0	17	5	10	2	0	10	0	11	0	10	0	10	0	30	0	32	15	30	0	41	23	10	0	0	0	0	7	0	0	0	2	0	10	0	14	0	10	0	13	15	30	0	84	54	30	0	121	16	0	7	16	0	10	10	0	30	0	29	0	30	0	16	0	10	2	0	10	0	11	0	10	0	10	0	30	0	29	0	30	0	17	5	10	0	0	0	0	1	0	0	0	2	0	10	0	11	0	10	0	10	0	30	0	32	15	30	0	41	23	10	8	0	0	21	6	0	0	0	0	0	0	0	7	0	0	0	2	0	10	0	14	0	10	0	13	15	30	0	84	54	30	0
105	99	23	11	0	93	11	5	0	23	11	0	10	0	0	0	45	9	0	0	87	10	5	0	11	5	0	7	0	0	0	21	0	0	0	23	11	0	0	0	0	0	6	0	0	0	10	0	0	0	45	9	0	0	81	10	5	0	10	5	0	7	0	0	0	18	0	0	0	11	5	0	0	0	0	0	6	0	0	0	7	0	0	0	21	0	0	0	23	11	0	0	0	0	0	2	0	0	0	0	0	0	0	6	0	0	0	10	0	0	0	45	9	0	0	75	10	5	0	10	5	0	7	0	0	0	18	0	0	0	10	5	0	0	0	0	0	6	0	0	0	7	0	0	0	18	0	0	0	11	5	0	0	0	0	0	0	0	0	0	0	0	0	0	6	0	0	0	7	0	0	0	21	0	0	0	23	11	0	2	0	0	0	4	0	0	0	0	0	0	0	2	0	0	0	0	0	0	0	6	0	0	0	10	0	0	0	45	9	0	0
142	133	32	29	0	124	13	20	0	32	29	0	17	15	0	0	65	46	0	0	115	10	20	0	13	20	0	4	15	0	0	27	35	0	0	32	29	0	0	0	0	0	7	10	0	0	17	15	0	0	65	46	0	0	106	10	20	0	10	20	0	4	15	0	0	21	35	0	0	13	20	0	0	0	0	0	6	10	0	0	4	15	0	0	27	35	0	0	32	29	0	0	0	0	0	3	0	0	0	0	0	0	0	7	10	0	0	17	15	0	0	65	46	0	0	97	10	20	0	10	20	0	4	15	0	0	21	35	0	0	10	20	0	0	0	0	0	5	10	0	0	4	15	0	0	21	35	0	0	13	20	0	0	0	0	0	1	0	0	0	0	0	0	0	6	10	0	0	4	15	0	0	27	35	0	0	32	29	0	2	0	0	0	6	0	0	0	0	0	0	0	3	0	0	0	0	0	0	0	7	10	0	0	17	15	0	0	65	46	0	0
332	313	92	86	101	294	60	34	74	92	86	101	91	0	49	88	200	245	404	98	275	51	26	51	60	34	74	63	0	46	53	132	102	296	52	92	86	101	59	104	36	76	48	69	0	82	91	0	49	88	200	245	404	98	256	41	0	49	51	26	51	57	0	46	51	116	78	204	50	60	34	74	33	0	36	68	35	17	0	54	63	0	46	53	132	102	296	52	92	86	101	18	0	60	26	6	0	202	0	59	104	36	76	48	69	0	82	91	0	49	88	200	245	404	98	237	31	0	45	41	0	49	43	0	46	48	84	0	196	47	51	26	51	33	0	36	56	33	13	0	45	57	0	46	51	116	78	204	50	60	34	74	6	0	57	20	6	0	148	0	33	0	36	68	35	17	0	54	63	0	46	53	132	102	296	52	92	86	101	30	0	36	39	10	26	0	0	18	0	60	26	6	0	202	0	59	104	36	76	48	69	0	82	91	0	49	88	200	245	404	98
220	207	40	40	41	194	24	22	10	40	40	41	20	0	18	30	93	58	82	108	181	24	22	10	24	22	10	20	0	10	30	57	22	20	62	40	40	41	16	0	0	0	26	0	0	0	20	0	18	30	93	58	82	108	168	22	22	10	24	22	10	20	0	10	30	57	22	20	60	24	22	10	8	0	0	0	18	0	0	0	20	0	10	30	57	22	20	62	40	40	41	2	0	0	0	2	0	0	0	16	0	0	0	26	0	0	0	20	0	18	30	93	58	82	108	155	20	22	10	22	22	10	20	0	10	30	51	22	20	57	24	22	10	8	0	0	0	18	0	0	0	20	0	10	30	57	22	20	60	24	22	10	0	0	0	0	2	0	0	0	8	0	0	0	18	0	0	0	20	0	10	30	57	22	20	62	40	40	41	10	0	0	0	8	18	0	0	2	0	0	0	2	0	0	0	16	0	0	0	26	0	0	0	20	0	18	30	93	58	82	108
298	280	84	94	57	262	54	58	29	84	94	57	73	44	38	43	195	182	171	108	244	45	56	20	54	58	29	51	42	30	30	122	88	87	62	84	94	57	57	28	20	0	45	92	0	38	73	44	38	43	195	182	171	108	226	34	56	20	45	56	20	46	42	30	30	102	84	60	60	54	58	29	23	28	20	0	32	58	0	26	51	42	30	30	122	88	87	62	84	94	57	15	0	32	0	4	17	0	0	57	28	20	0	45	92	0	38	73	44	38	43	195	182	171	108	208	24	50	19	34	56	20	32	42	30	30	67	84	60	57	45	56	20	23	28	20	0	29	56	0	20	46	42	30	30	102	84	60	60	54	58	29	3	0	30	0	4	16	0	0	23	28	20	0	32	58	0	26	51	42	30	30	122	88	87	62	84	94	57	23	66	36	9	11	22	0	0	15	0	32	0	4	17	0	0	57	28	20	0	45	92	0	38	73	44	38	43	195	182	171	108
303	283	118	164	16	263	74	130	15	118	164	16	98	150	20	5	233	313	80	0	243	60	95	10	74	130	15	72	126	20	0	168	237	75	0	118	164	16	36	233	20	0	49	133	0	23	98	150	20	5	233	313	80	0	223	53	66	10	60	95	10	67	86	20	0	140	176	50	0	74	130	15	22	147	20	0	28	105	0	13	72	126	20	0	168	237	75	0	118	164	16	14	84	32	0	11	18	64	0	36	233	20	0	49	133	0	23	98	150	20	5	233	313	80	0	203	48	39	9	53	66	10	61	24	20	0	116	100	50	0	60	95	10	22	75	20	0	22	73	0	10	67	86	20	0	140	176	50	0	74	130	15	12	36	30	0	11	18	60	0	22	147	20	0	28	105	0	13	72	126	20	0	168	237	75	0	118	164	16	31	96	18	9	13	8	32	0	14	84	32	0	11	18	64	0	36	233	20	0	49	133	0	23	98	150	20	5	233	313	80	0
193	181	39	43	28	169	23	32	0	39	43	28	30	32	5	0	80	83	28	108	157	19	32	0	23	32	0	16	32	0	0	45	72	0	62	39	43	28	8	0	0	0	18	32	0	0	30	32	5	0	80	83	28	108	145	19	32	0	19	32	0	16	32	0	0	39	72	0	60	23	32	0	8	0	0	0	14	32	0	0	16	32	0	0	45	72	0	62	39	43	28	2	0	0	0	4	0	0	0	8	0	0	0	18	32	0	0	30	32	5	0	80	83	28	108	133	17	30	0	19	32	0	16	32	0	0	39	72	0	57	19	32	0	8	0	0	0	12	32	0	0	16	32	0	0	39	72	0	60	23	32	0	0	0	0	0	4	0	0	0	8	0	0	0	14	32	0	0	16	32	0	0	45	72	0	62	39	43	28	8	14	0	0	8	14	0	0	2	0	0	0	4	0	0	0	8	0	0	0	18	32	0	0	30	32	5	0	80	83	28	108
280	263	83	55	94	246	59	16	47	83	55	94	79	0	44	92	182	132	282	215	229	45	16	39	59	16	47	53	0	36	68	140	80	141	128	83	55	94	35	0	77	30	29	16	0	10	79	0	44	92	182	132	282	215	212	43	16	39	45	16	39	45	0	36	68	105	80	117	91	59	16	47	35	0	28	30	28	16	0	10	53	0	36	68	140	80	141	128	83	55	94	8	0	8	0	7	0	0	0	35	0	77	30	29	16	0	10	79	0	44	92	182	132	282	215	195	36	16	39	43	16	39	39	0	36	68	100	80	117	89	45	16	39	23	0	28	30	24	16	0	10	45	0	36	68	105	80	117	91	59	16	47	6	0	0	0	7	0	0	0	35	0	28	30	28	16	0	10	53	0	36	68	140	80	141	128	82	55	94	9	0	34	0	4	0	0	0	8	0	8	0	7	0	0	0	35	0	77	30	29	16	0	10	79	0	44	92	178	132	282	215
280	262	95	107	50	244	60	59	18	95	107	50	72	108	44	38	208	256	200	174	226	49	32	18	60	59	18	58	0	36	38	149	152	72	118	94	107	50	35	0	77	0	29	13	150	0	72	108	44	38	206	256	200	174	208	47	32	18	49	32	18	50	0	36	38	123	80	72	81	59	59	18	35	0	28	0	29	9	54	0	58	0	36	38	147	152	72	118	93	107	50	8	0	8	0	7	0	0	0	35	0	77	0	29	13	150	0	71	108	44	38	202	256	200	174	190	40	32	18	47	32	18	44	0	36	38	118	80	72	79	48	32	18	23	0	28	0	25	0	54	0	50	0	36	38	121	80	72	81	58	59	18	6	0	0	0	7	0	0	0	35	0	28	0	29	9	54	0	57	0	36	38	143	152	72	118	93	107	50	9	0	34	0	4	0	0	0	8	0	8	0	7	0	0	0	35	0	77	0	29	13	150	0	71	108	44	38	202	256	200	174
252	235	97	95	44	218	63	76	0	97	95	44	86	112	0	0	226	254	44	243	201	47	70	0	63	76	0	50	100	0	0	152	226	0	128	97	95	44	33	60	42	0	35	68	0	0	86	112	0	0	226	254	44	243	184	44	68	0	47	70	0	41	100	0	0	114	210	0	91	63	76	0	31	60	0	0	29	64	0	0	50	100	0	0	152	226	0	128	97	95	44	7	18	8	0	9	14	0	0	33	60	42	0	35	68	0	0	86	112	0	0	226	254	44	243	167	36	48	0	44	68	0	35	96	0	0	106	203	0	89	47	70	0	19	60	0	0	24	60	0	0	41	100	0	0	114	210	0	91	63	76	0	6	0	0	0	8	12	0	0	31	60	0	0	29	64	0	0	50	100	0	0	152	226	0	128	95	95	44	9	18	48	0	7	14	88	0	7	18	8	0	9	14	0	0	33	60	42	0	35	68	0	0	86	112	0	0	218	254	44	243
244	226	104	130	17	208	64	97	0	103	130	17	86	160	0	0	240	333	51	117	190	51	83	0	63	97	0	60	126	0	0	164	272	0	89	100	130	17	43	86	42	0	27	43	17	0	86	160	0	0	234	333	51	117	172	46	80	0	50	83	0	49	120	0	0	126	239	0	61	60	97	0	35	80	0	0	23	40	0	0	60	126	0	0	158	272	0	89	97	130	17	18	30	8	0	5	30	0	0	43	86	42	0	27	43	17	0	83	160	0	0	226	333	51	117	154	38	77	0	45	80	0	37	120	0	0	110	230	0	59	47	83	0	20	80	0	0	19	40	0	0	49	120	0	0	120	239	0	61	57	97	0	7	30	0	0	5	30	0	0	35	80	0	0	23	40	0	0	57	126	0	0	150	272	0	89	96	130	17	14	27	12	0	2	30	0	0	18	30	8	0	5	30	0	0	43	86	42	0	27	43	17	0	83	160	0	0	222	333	51	117
203	188	91	87	4	173	58	60	0	91	87	4	79	108	0	0	219	201	12	16	158	47	56	0	58	60	0	53	96	0	0	151	154	0	15	87	87	4	36	32	16	0	26	26	0	0	79	108	0	0	211	201	12	16	143	44	56	0	47	56	0	44	96	0	0	122	144	0	10	54	60	0	34	32	0	0	23	24	0	0	53	96	0	0	143	154	0	15	81	87	4	9	0	8	0	7	8	0	0	36	32	16	0	26	26	0	0	73	108	0	0	198	201	12	16	128	39	56	0	44	56	0	38	96	0	0	114	144	0	10	43	56	0	22	32	0	0	21	24	0	0	44	96	0	0	114	144	0	10	48	60	0	7	0	0	0	7	8	0	0	34	32	0	0	23	24	0	0	47	96	0	0	130	154	0	15	78	87	4	10	0	12	0	5	0	0	0	9	0	8	0	6	8	0	0	34	32	16	0	23	26	0	0	67	108	0	0	185	201	12	16
303	283	66	81	107	263	33	36	70	66	81	107	32	0	122	44	155	180	321	165	243	33	36	66	33	36	70	32	0	83	36	88	90	210	65	65	81	107	12	0	0	38	11	0	0	0	32	0	122	44	153	180	321	165	223	33	36	66	33	36	66	32	0	76	36	88	90	198	57	32	36	70	12	0	0	38	8	0	0	0	32	0	83	36	86	90	210	65	64	81	107	3	0	0	0	4	0	0	0	12	0	0	38	11	0	0	0	31	0	122	44	149	180	321	165	203	33	36	66	33	36	66	32	0	76	36	88	90	198	57	32	36	66	12	0	0	38	8	0	0	0	32	0	76	36	86	90	198	57	31	36	70	3	0	0	0	4	0	0	0	12	0	0	38	8	0	0	0	31	0	83	36	82	90	210	65	64	81	107	3	0	0	0	3	0	0	0	3	0	0	0	4	0	0	0	12	0	0	38	11	0	0	0	31	0	122	44	149	180	321	165
172	160	51	29	68	148	34	27	22	51	29	68	37	18	74	44	132	59	0	209	136	34	27	18	34	27	22	37	18	35	36	94	54	0	65	49	29	68	18	0	0	38	16	0	0	0	37	18	74	44	128	59	0	209	124	32	27	18	34	27	18	37	18	28	36	94	54	0	57	32	27	22	18	0	0	38	14	0	0	0	37	18	35	36	90	54	0	65	46	29	68	3	0	18	0	5	0	0	0	18	0	0	38	16	0	0	0	34	18	74	44	120	59	0	209	112	30	27	18	32	27	18	33	18	28	36	87	54	0	57	32	27	18	18	0	0	38	14	0	0	0	37	18	28	36	90	54	0	57	29	27	22	3	0	0	0	5	0	0	0	18	0	0	38	14	0	0	0	34	18	35	36	82	54	0	65	46	29	68	3	0	18	0	4	0	0	0	3	0	18	0	5	0	0	0	18	0	0	38	16	0	0	0	34	18	74	44	120	59	0	209
155	145	38	25	19	135	13	0	19	38	25	19	10	0	19	0	70	75	95	0	125	12	0	19	13	0	19	5	0	19	0	30	0	95	0	38	25	19	0	0	0	0	1	5	0	0	10	0	19	0	70	75	95	0	115	12	0	19	12	0	19	5	0	19	0	30	0	95	0	13	0	19	0	0	0	0	1	0	0	0	5	0	19	0	30	0	95	0	38	25	19	0	0	0	0	0	0	0	0	0	0	0	0	1	5	0	0	10	0	19	0	70	75	95	0	105	12	0	19	12	0	19	5	0	19	0	30	0	95	0	12	0	19	0	0	0	0	0	0	0	0	5	0	19	0	30	0	95	0	13	0	19	0	0	0	0	0	0	0	0	0	0	0	0	1	0	0	0	5	0	19	0	30	0	95	0	38	25	19	0	0	0	0	0	0	0	0	0	0	0	0	0	0	0	0	0	0	0	0	1	5	0	0	10	0	19	0	70	75	95	0
161	150	54	26	33	139	31	18	0	54	26	33	31	0	33	0	141	61	33	165	128	31	18	0	31	18	0	31	0	0	0	86	45	0	65	53	26	33	12	0	0	0	10	0	0	0	31	0	33	0	139	61	33	165	117	31	18	0	31	18	0	31	0	0	0	86	45	0	57	30	18	0	12	0	0	0	8	0	0	0	31	0	0	0	84	45	0	65	52	26	33	3	0	0	0	4	0	0	0	12	0	0	0	10	0	0	0	30	0	33	0	135	61	33	165	106	31	18	0	31	18	0	31	0	0	0	86	45	0	57	30	18	0	12	0	0	0	8	0	0	0	31	0	0	0	84	45	0	57	29	18	0	3	0	0	0	4	0	0	0	12	0	0	0	8	0	0	0	30	0	0	0	80	45	0	65	52	26	33	3	0	0	0	3	0	0	0	3	0	0	0	4	0	0	0	12	0	0	0	10	0	0	0	30	0	33	0	135	61	33	165
150	139	42	42	9	128	11	24	0	42	42	9	3	16	27	0	84	116	36	50	117	11	24	0	11	24	0	3	16	0	0	26	72	0	18	42	42	9	0	0	0	0	2	0	0	0	3	16	27	0	84	116	36	50	106	11	24	0	11	24	0	3	16	0	0	26	72	0	18	11	24	0	0	0	0	0	0	0	0	0	3	16	0	0	26	72	0	18	42	42	9	0	0	0	0	0	0	0	0	0	0	0	0	2	0	0	0	3	16	27	0	84	116	36	50	95	11	24	0	11	24	0	3	16	0	0	26	72	0	18	11	24	0	0	0	0	0	0	0	0	0	3	16	0	0	26	72	0	18	11	24	0	0	0	0	0	0	0	0	0	0	0	0	0	0	0	0	0	3	16	0	0	26	72	0	18	42	42	9	0	0	0	0	0	0	0	0	0	0	0	0	0	0	0	0	0	0	0	0	2	0	0	0	3	16	27	0	84	116	36	50
278	259	41	83	115	240	18	13	104	41	83	115	14	65	56	66	48	91	575	19	221	13	0	84	18	13	104	5	0	56	26	28	0	520	19	41	83	115	3	0	36	98	23	18	115	50	14	65	56	66	48	91	575	19	202	13	0	60	13	0	84	5	0	46	20	26	0	420	19	18	13	104	3	0	36	20	9	13	104	18	5	0	56	26	28	0	520	19	41	83	115	3	0	0	68	2	0	0	117	3	0	36	98	23	18	115	50	14	65	56	66	48	91	575	19	183	12	0	58	13	0	60	5	0	29	20	26	0	300	19	13	0	84	0	0	21	20	1	0	84	18	5	0	46	20	26	0	420	19	18	13	104	1	0	0	64	2	0	0	89	3	0	36	20	9	13	104	18	5	0	56	26	28	0	520	19	41	83	115	0	0	9	24	0	0	0	0	3	0	0	68	2	0	0	117	3	0	36	98	23	18	115	50	14	65	56	66	48	91	575	19
284	265	39	18	160	246	21	0	122	39	18	160	18	0	18	144	60	36	160	135	227	17	0	100	21	0	122	7	0	18	100	40	0	122	89	39	18	160	3	0	27	116	12	0	0	50	18	0	18	144	60	36	160	135	208	17	0	79	17	0	100	7	0	8	92	40	0	100	85	21	0	122	3	0	27	36	8	0	0	18	7	0	18	100	40	0	122	89	39	18	160	3	0	0	38	1	0	0	117	3	0	27	116	12	0	0	50	18	0	18	144	60	36	160	135	189	16	0	79	17	0	79	7	0	0	92	40	0	79	85	17	0	100	0	0	12	36	1	0	0	18	7	0	8	92	40	0	100	85	21	0	122	1	0	0	38	1	0	0	89	3	0	27	36	8	0	0	18	7	0	18	100	40	0	122	89	39	18	160	0	0	9	0	0	0	0	0	3	0	0	38	1	0	0	117	3	0	27	116	12	0	0	50	18	0	18	144	60	36	160	135
206	192	33	40	54	178	14	0	44	33	40	54	15	0	38	11	43	40	216	28	164	12	0	44	14	0	44	7	0	38	11	25	0	176	19	33	40	54	0	0	9	0	10	0	0	0	15	0	38	11	43	40	216	28	150	12	0	41	12	0	44	7	0	38	11	25	0	176	19	14	0	44	0	0	9	0	2	0	0	0	7	0	38	11	25	0	176	19	33	40	54	0	0	0	18	0	0	0	0	0	0	9	0	10	0	0	0	15	0	38	11	43	40	216	28	136	12	0	40	12	0	41	7	0	29	11	25	0	164	19	12	0	44	0	0	9	0	0	0	0	0	7	0	38	11	25	0	176	19	14	0	44	0	0	0	15	0	0	0	0	0	0	9	0	2	0	0	0	7	0	38	11	25	0	176	19	33	40	54	0	0	0	5	0	0	0	0	0	0	0	18	0	0	0	0	0	0	9	0	10	0	0	0	15	0	38	11	43	40	216	28
218	202	55	63	63	186	29	39	24	55	63	63	28	26	18	54	90	144	126	168	170	25	39	4	29	39	24	17	26	18	0	59	117	48	89	55	63	63	11	0	27	20	16	0	0	67	28	26	18	54	90	144	126	168	154	25	39	0	25	39	4	17	26	8	0	59	117	8	85	29	39	24	11	0	27	0	12	0	0	18	17	26	18	0	59	117	48	89	55	63	63	6	0	0	0	4	0	0	16	11	0	27	20	16	0	0	67	28	26	18	54	90	144	126	168	138	21	39	0	25	39	0	17	26	0	0	59	117	0	85	25	39	4	8	0	12	0	5	0	0	18	17	26	8	0	59	117	8	85	29	39	24	4	0	0	0	4	0	0	15	11	0	27	0	12	0	0	18	17	26	18	0	59	117	48	89	55	63	63	0	0	36	0	3	0	0	0	6	0	0	0	4	0	0	16	11	0	27	20	16	0	0	67	28	26	18	54	90	144	126	168
177	164	36	47	33	151	18	22	9	36	47	33	17	11	18	0	53	38	99	135	138	14	22	4	18	22	9	6	11	18	0	33	22	27	89	36	47	33	3	0	27	20	12	0	0	0	17	11	18	0	53	38	99	135	125	14	22	0	14	22	4	6	11	8	0	33	22	12	85	18	22	9	3	0	27	0	8	0	0	0	6	11	18	0	33	22	27	89	36	47	33	3	0	0	0	1	0	0	16	3	0	27	20	12	0	0	0	17	11	18	0	53	38	99	135	112	13	22	0	14	22	0	6	11	0	0	33	22	0	85	14	22	4	0	0	12	0	1	0	0	0	6	11	8	0	33	22	12	85	18	22	9	1	0	0	0	1	0	0	15	3	0	27	0	8	0	0	0	6	11	18	0	33	22	27	89	36	47	33	0	0	9	0	0	0	0	0	3	0	0	0	1	0	0	16	3	0	27	20	12	0	0	0	17	11	18	0	53	38	99	135
140	130	18	0	63	120	6	0	28	18	0	63	3	0	48	40	9	0	0	202	110	6	0	28	6	0	28	3	0	33	40	7	0	0	157	18	0	63	0	0	0	0	22	0	0	0	3	0	48	40	9	0	0	202	100	6	0	28	6	0	28	3	0	33	40	7	0	0	132	6	0	28	0	0	0	0	0	0	0	0	3	0	33	40	7	0	0	157	18	0	63	0	0	0	0	0	0	0	0	0	0	0	0	22	0	0	0	3	0	48	40	9	0	0	202	90	6	0	23	6	0	28	3	0	33	34	7	0	0	101	6	0	28	0	0	0	0	0	0	0	0	3	0	33	40	7	0	0	132	6	0	28	0	0	0	0	0	0	0	0	0	0	0	0	0	0	0	0	3	0	33	40	7	0	0	157	18	0	63	0	0	0	30	0	0	0	0	0	0	0	0	0	0	0	0	0	0	0	0	22	0	0	0	3	0	48	40	9	0	0	202
138	128	25	16	42	118	15	0	17	25	16	42	14	0	48	18	27	0	84	169	108	11	0	17	15	0	17	14	0	33	18	25	0	34	148	25	16	42	0	0	0	0	21	32	0	0	14	0	48	18	27	0	84	169	98	11	0	17	11	0	17	14	0	33	18	17	0	34	128	15	0	17	0	0	0	0	3	0	0	0	14	0	33	18	25	0	34	148	25	16	42	9	0	0	0	4	0	0	0	0	0	0	0	21	32	0	0	14	0	48	18	27	0	84	169	88	11	0	12	11	0	17	14	0	33	12	17	0	34	101	11	0	17	0	0	0	0	0	0	0	0	14	0	33	18	17	0	34	128	15	0	17	9	0	0	0	4	0	0	0	0	0	0	0	3	0	0	0	14	0	33	18	25	0	34	148	25	16	42	12	0	0	30	4	0	0	0	9	0	0	0	4	0	0	0	0	0	0	0	21	32	0	0	14	0	48	18	27	0	84	169
151	140	36	24	45	129	24	0	26	36	24	45	18	0	87	54	40	0	135	115	118	18	0	26	24	0	26	18	0	60	54	38	0	78	104	36	24	45	3	0	0	0	27	48	0	0	18	0	87	54	40	0	135	115	107	17	0	21	18	0	26	18	0	60	34	27	0	78	84	24	0	26	0	0	0	0	5	0	0	0	18	0	60	54	38	0	78	104	36	24	45	10	0	13	20	6	0	0	0	3	0	0	0	27	48	0	0	18	0	87	54	40	0	135	115	96	17	0	12	17	0	21	18	0	45	12	25	0	63	60	18	0	26	0	0	0	0	1	0	0	0	18	0	60	34	27	0	78	84	24	0	26	10	0	9	0	6	0	0	0	0	0	0	0	5	0	0	0	18	0	60	54	38	0	78	104	36	24	45	20	0	0	30	5	0	0	16	10	0	13	20	6	0	0	0	3	0	0	0	27	48	0	0	18	0	87	54	40	0	135	115
189	174	33	58	73	159	19	36	9	33	58	73	15	24	52	36	36	60	146	425	144	15	36	9	19	36	9	15	24	27	36	36	60	18	303	33	58	73	3	0	0	0	21	40	0	0	15	24	52	36	36	60	146	425	129	14	36	4	15	36	9	15	24	27	16	28	60	18	236	19	36	9	0	0	0	0	4	0	0	0	15	24	27	36	36	60	18	303	33	58	73	10	0	13	20	5	0	0	0	3	0	0	0	21	40	0	0	15	24	52	36	36	60	146	425	114	14	36	0	14	36	4	15	24	12	0	26	60	8	180	15	36	9	0	0	0	0	1	0	0	0	15	24	27	16	28	60	18	236	19	36	9	10	0	9	0	5	0	0	0	0	0	0	0	4	0	0	0	15	24	27	36	36	60	18	303	33	58	73	12	0	0	0	4	0	0	16	10	0	13	20	5	0	0	0	3	0	0	0	21	40	0	0	15	24	52	36	36	60	146	425
119	110	16	8	42	101	8	8	0	16	8	42	5	0	13	0	16	0	0	265	92	8	8	0	8	8	0	5	0	0	0	16	0	0	181	16	8	42	0	0	0	0	15	0	0	0	5	0	13	0	16	0	0	265	83	8	8	0	8	8	0	5	0	0	0	16	0	0	136	8	8	0	0	0	0	0	0	0	0	0	5	0	0	0	16	0	0	181	16	8	42	0	0	0	0	0	0	0	0	0	0	0	0	15	0	0	0	5	0	13	0	16	0	0	265	74	8	8	0	8	8	0	5	0	0	0	16	0	0	101	8	8	0	0	0	0	0	0	0	0	0	5	0	0	0	16	0	0	136	8	8	0	0	0	0	0	0	0	0	0	0	0	0	0	0	0	0	0	5	0	0	0	16	0	0	181	16	8	42	0	0	0	0	0	0	0	0	0	0	0	0	0	0	0	0	0	0	0	0	15	0	0	0	5	0	13	0	16	0	0	265
167	154	39	12	98	141	29	12	59	39	12	98	36	0	14	148	73	24	0	160	128	17	0	40	29	12	59	19	0	14	69	51	24	0	52	39	12	98	2	0	29	54	8	12	98	115	36	0	14	148	73	24	0	160	115	16	0	40	17	0	40	18	0	14	69	28	0	0	52	29	12	59	0	0	27	54	7	12	59	104	19	0	14	69	51	24	0	52	39	12	98	10	0	0	0	8	12	0	0	2	0	29	54	8	12	98	115	36	0	14	148	73	24	0	160	102	16	0	32	16	0	40	18	0	14	59	25	0	0	42	17	0	40	0	0	23	34	0	0	40	84	18	0	14	69	28	0	0	52	29	12	59	10	0	0	0	8	12	0	0	0	0	27	54	7	12	59	104	19	0	14	69	51	24	0	52	39	12	98	20	0	0	53	7	0	0	0	10	0	0	0	8	12	0	0	2	0	29	54	8	12	98	115	36	0	14	148	73	24	0	160
189	171	53	113	52	153	33	101	21	49	113	52	34	132	0	50	96	186	0	160	135	25	77	17	29	101	21	25	132	0	42	65	180	0	52	49	113	52	18	0	15	36	12	16	156	0	34	132	0	50	96	186	0	160	117	22	68	17	21	77	17	22	132	0	42	46	132	0	52	29	101	21	10	0	13	36	7	16	63	0	25	132	0	42	65	180	0	52	49	113	52	15	72	0	0	7	24	0	0	18	0	15	36	12	16	156	0	34	132	0	50	96	186	0	160	99	18	56	12	18	68	17	16	96	0	32	35	102	0	42	21	77	17	7	0	9	16	2	0	51	0	22	132	0	42	46	132	0	52	29	101	21	5	72	0	0	6	24	0	0	10	0	13	36	7	16	63	0	25	132	0	42	65	180	0	52	49	113	52	18	96	0	20	3	32	0	0	15	72	0	0	7	24	0	0	18	0	15	36	12	16	156	0	34	132	0	50	96	186	0	160
150	138	52	36	43	126	33	16	40	52	36	43	38	32	50	24	117	78	86	0	114	20	0	40	33	16	40	19	0	50	24	71	24	80	0	52	36	43	4	0	44	0	14	10	86	0	38	32	50	24	117	78	86	0	102	19	0	39	20	0	40	18	0	50	24	43	0	80	0	33	16	40	2	0	44	0	9	8	80	0	19	0	50	24	71	24	80	0	52	36	43	10	0	0	9	9	10	0	0	4	0	44	0	14	10	86	0	38	32	50	24	117	78	86	0	90	18	0	26	19	0	39	18	0	48	24	40	0	78	0	20	0	40	2	0	44	0	1	0	80	0	18	0	50	24	43	0	80	0	33	16	40	9	0	0	0	8	8	0	0	2	0	44	0	9	8	80	0	19	0	50	24	71	24	80	0	51	36	43	22	0	0	40	9	10	0	44	10	0	0	9	9	10	0	0	4	0	44	0	14	10	86	0	38	32	50	24	113	78	86	0
160	147	47	52	23	134	27	12	23	47	52	23	19	60	51	0	118	81	115	0	121	18	0	23	27	12	23	7	0	51	0	69	18	115	0	47	52	23	4	0	30	0	13	11	46	0	19	60	51	0	118	81	115	0	108	17	0	22	18	0	23	6	0	51	0	49	0	115	0	27	12	23	2	0	30	0	8	6	46	0	7	0	51	0	69	18	115	0	47	52	23	1	0	0	9	5	11	0	0	4	0	30	0	13	11	46	0	19	60	51	0	118	81	115	0	95	16	0	12	17	0	22	6	0	49	0	46	0	110	0	18	0	23	2	0	30	0	3	0	46	0	6	0	51	0	49	0	115	0	27	12	23	0	0	0	0	4	6	0	0	2	0	30	0	8	6	46	0	7	0	51	0	69	18	115	0	46	52	23	10	0	0	7	6	11	0	44	1	0	0	9	5	11	0	0	4	0	30	0	13	11	46	0	19	60	51	0	114	81	115	0
134	121	38	56	23	108	23	52	13	37	56	23	31	32	0	26	86	70	0	45	95	13	40	9	22	52	13	15	32	0	18	47	58	0	26	37	56	23	2	0	15	36	9	6	46	0	31	32	0	26	86	70	0	45	82	12	40	9	12	40	9	14	32	0	18	27	40	0	26	22	52	13	0	0	13	36	6	6	26	0	15	32	0	18	47	58	0	26	37	56	23	11	0	0	0	8	6	0	0	2	0	15	36	9	6	46	0	31	32	0	26	86	70	0	45	69	11	32	4	11	40	9	14	32	0	8	24	40	0	21	12	40	9	0	0	9	16	0	0	18	0	14	32	0	18	27	40	0	26	22	52	13	10	0	0	0	7	6	0	0	0	0	13	36	6	6	26	0	15	32	0	18	47	58	0	26	37	56	23	14	48	0	20	7	6	0	0	11	0	0	0	8	6	0	0	2	0	15	36	9	6	46	0	31	32	0	26	86	70	0	45
108	99	19	0	38	90	9	0	29	19	0	38	0	0	12	21	58	0	0	23	81	9	0	29	9	0	29	0	0	0	21	32	0	0	23	19	0	38	2	0	0	0	7	0	0	0	0	0	12	21	58	0	0	23	72	9	0	29	9	0	29	0	0	0	21	32	0	0	23	9	0	29	2	0	0	0	3	0	0	0	0	0	0	21	32	0	0	23	19	0	38	0	0	0	0	2	0	0	0	2	0	0	0	7	0	0	0	0	0	12	21	58	0	0	23	63	9	0	29	9	0	29	0	0	0	21	32	0	0	22	9	0	29	2	0	0	0	3	0	0	0	0	0	0	21	32	0	0	23	9	0	29	0	0	0	0	0	0	0	0	2	0	0	0	3	0	0	0	0	0	0	21	32	0	0	23	18	0	38	0	0	0	0	4	0	0	0	0	0	0	0	2	0	0	0	2	0	0	0	7	0	0	0	0	0	12	21	54	0	0	23
160	146	36	35	69	132	13	13	48	36	35	69	7	0	80	69	95	105	138	66	118	12	13	48	13	13	48	2	0	44	69	43	39	96	63	36	35	69	2	0	0	0	13	11	0	0	7	0	80	69	95	105	138	66	104	12	13	48	12	13	48	2	0	44	69	42	39	96	63	13	13	48	2	0	0	0	3	0	0	0	2	0	44	69	43	39	96	63	36	35	69	1	0	0	0	5	0	0	0	2	0	0	0	13	11	0	0	7	0	80	69	95	105	138	66	90	11	13	47	12	13	48	2	0	44	67	42	39	96	61	12	13	48	2	0	0	0	3	0	0	0	2	0	44	69	42	39	96	63	13	13	48	0	0	0	0	0	0	0	0	2	0	0	0	3	0	0	0	2	0	44	69	43	39	96	63	34	35	69	2	0	0	9	5	11	0	0	1	0	0	0	5	0	0	0	2	0	0	0	13	11	0	0	7	0	80	69	87	105	138	66
84	76	25	12	12	68	8	12	5	25	12	12	4	0	12	5	65	42	0	23	60	7	12	5	8	12	5	0	0	0	5	29	42	0	23	25	12	12	2	0	0	0	8	6	0	0	4	0	12	5	65	42	0	23	52	7	12	5	7	12	5	0	0	0	5	25	42	0	23	8	12	5	2	0	0	0	2	6	0	0	0	0	0	5	29	42	0	23	25	12	12	0	0	0	0	2	0	0	0	2	0	0	0	8	6	0	0	4	0	12	5	65	42	0	23	44	7	12	5	7	12	5	0	0	0	5	25	42	0	22	7	12	5	2	0	0	0	2	6	0	0	0	0	0	5	25	42	0	23	8	12	5	0	0	0	0	0	0	0	0	2	0	0	0	2	6	0	0	0	0	0	5	29	42	0	23	23	12	12	0	0	0	0	4	0	0	0	0	0	0	0	2	0	0	0	2	0	0	0	8	6	0	0	4	0	12	5	57	42	0	23
144	130	56	63	26	116	22	35	10	56	63	26	29	0	64	20	143	213	104	66	102	19	33	10	22	35	10	18	0	30	20	73	129	40	63	56	63	26	6	22	0	0	15	25	0	0	29	0	64	20	143	213	104	66	88	18	33	10	19	33	10	17	0	30	20	64	121	40	63	22	35	10	4	22	0	0	4	11	0	0	18	0	30	20	73	129	40	63	52	63	26	1	0	0	0	4	7	0	0	6	22	0	0	15	25	0	0	29	0	64	20	138	213	104	66	75	17	33	9	18	33	10	17	0	30	18	61	121	40	61	19	33	10	4	22	0	0	4	11	0	0	17	0	30	20	64	121	40	63	22	35	10	0	0	0	0	1	0	0	0	4	22	0	0	4	11	0	0	18	0	30	20	73	129	40	63	49	50	26	18	0	0	9	6	7	0	0	1	0	0	0	4	7	0	0	6	22	0	0	15	25	0	0	29	0	64	20	126	161	104	66
100	90	42	31	6	80	18	21	0	42	31	6	21	0	12	0	111	102	12	23	70	17	21	0	18	21	0	17	0	0	0	61	77	0	23	42	31	6	6	0	0	0	13	7	0	0	21	0	12	0	111	102	12	23	60	17	21	0	17	21	0	17	0	0	0	57	77	0	23	18	21	0	6	0	0	0	4	7	0	0	17	0	0	0	61	77	0	23	42	31	6	1	0	0	0	3	0	0	0	6	0	0	0	13	7	0	0	21	0	12	0	111	102	12	23	50	16	21	0	17	21	0	17	0	0	0	57	77	0	22	17	21	0	6	0	0	0	4	7	0	0	17	0	0	0	57	77	0	23	18	21	0	0	0	0	0	1	0	0	0	6	0	0	0	4	7	0	0	17	0	0	0	61	77	0	23	39	31	6	18	0	0	0	4	5	0	0	1	0	0	0	3	0	0	0	6	0	0	0	13	7	0	0	21	0	12	0	99	102	12	23
202	183	86	65	121	164	55	32	104	84	65	121	88	47	44	86	213	212	242	26	145	48	15	57	53	32	104	66	15	44	34	142	111	208	10	82	65	121	32	30	36	93	21	15	121	239	87	47	44	86	209	212	242	26	126	41	0	55	46	15	57	62	0	44	34	123	45	114	10	51	32	104	24	0	36	87	13	0	104	156	65	15	44	34	138	111	208	10	80	65	121	19	0	52	26	7	0	121	0	30	30	36	93	21	15	121	239	85	47	44	86	205	212	242	26	107	29	0	50	39	0	55	44	0	44	34	99	0	110	10	44	15	57	21	0	36	75	12	0	57	129	61	0	44	34	119	45	114	10	49	32	104	9	0	52	18	7	0	104	0	22	0	36	87	13	0	104	156	63	15	44	34	134	111	208	10	73	65	121	29	0	56	45	3	0	0	0	15	0	52	26	4	0	121	0	26	30	36	93	14	15	121	239	77	47	44	86	178	212	242	26
161	145	71	53	72	129	44	39	40	69	53	72	62	26	0	70	179	172	72	101	113	40	39	10	42	39	40	48	26	0	20	112	117	40	58	68	53	72	24	0	0	20	14	12	0	141	62	26	0	70	177	172	72	101	97	34	38	10	38	39	10	45	26	0	20	99	117	10	58	41	39	40	16	0	0	20	7	0	0	97	48	26	0	20	110	117	40	58	68	53	72	13	12	24	0	4	0	0	0	24	0	0	20	14	12	0	141	62	26	0	70	177	172	72	101	81	23	24	10	32	38	10	27	24	0	20	78	115	10	58	37	39	10	13	0	0	20	6	0	0	89	45	26	0	20	97	117	10	58	41	39	40	4	0	24	0	3	0	0	0	16	0	0	20	7	0	0	97	48	26	0	20	110	117	40	58	65	53	72	24	24	56	0	3	0	72	0	13	12	24	0	4	0	0	0	24	0	0	20	14	12	0	141	62	26	0	70	165	172	72	101
173	156	91	81	66	139	59	26	46	89	81	66	87	50	44	24	245	199	330	95	122	52	16	44	57	26	46	68	0	44	20	172	74	230	58	82	81	66	41	0	36	20	28	10	66	0	86	50	44	24	232	199	330	95	105	48	16	44	50	16	44	63	0	44	20	150	64	220	58	50	26	46	31	0	36	20	19	0	46	0	67	0	44	20	159	74	230	58	69	81	66	20	0	10	0	10	0	0	0	39	0	36	20	28	10	66	0	76	50	44	24	206	199	330	95	89	44	16	43	46	16	44	57	0	44	20	136	64	220	58	43	16	44	28	0	36	20	18	0	44	0	62	0	44	20	137	64	220	58	41	26	46	10	0	10	0	10	0	0	0	29	0	36	20	19	0	46	0	57	0	44	20	138	74	230	58	60	65	66	30	0	0	9	4	0	0	0	16	0	10	0	5	0	0	0	31	0	36	20	15	10	66	0	61	50	44	24	169	135	330	95
160	141	106	148	18	123	59	111	18	95	130	18	86	198	20	0	246	360	54	0	105	51	89	10	48	93	18	62	150	20	0	134	265	54	0	90	130	18	28	139	20	0	32	39	18	52	83	198	20	0	236	360	54	0	87	44	64	10	40	71	10	57	110	20	0	112	184	30	0	43	93	18	17	84	20	0	15	26	18	21	59	150	20	0	124	265	54	0	85	130	18	15	92	34	0	15	29	36	0	26	139	20	0	32	39	18	52	78	198	20	0	227	360	54	0	69	38	38	9	33	46	10	44	54	20	0	93	110	30	0	35	71	10	17	51	20	0	15	18	10	17	54	110	20	0	102	184	30	0	38	93	18	9	30	34	0	10	25	36	0	15	84	20	0	15	26	18	21	54	150	20	0	115	265	54	0	71	130	18	30	62	32	9	5	17	54	0	3	92	34	0	6	29	36	0	15	139	20	0	12	39	18	52	64	198	20	0	177	360	54	0
149	131	96	123	12	113	50	84	0	91	123	12	68	162	0	0	251	390	48	32	95	44	80	0	45	84	0	48	150	0	0	133	286	0	10	86	123	12	38	40	0	0	37	30	0	0	66	162	0	0	241	390	48	32	77	40	80	0	39	80	0	45	150	0	0	116	270	0	10	40	84	0	25	40	0	0	15	20	0	0	46	150	0	0	123	286	0	10	74	123	12	25	0	0	0	15	14	0	0	36	40	0	0	37	30	0	0	59	162	0	0	223	390	48	32	60	35	64	0	35	80	0	38	150	0	0	103	270	0	10	34	80	0	22	40	0	0	14	20	0	0	43	150	0	0	106	270	0	10	32	84	0	10	0	0	0	8	10	0	0	23	40	0	0	15	20	0	0	39	150	0	0	110	286	0	10	54	106	12	16	96	0	0	4	14	0	0	16	0	0	0	5	14	0	0	25	40	0	0	14	30	0	0	43	162	0	0	152	322	48	32
156	139	85	75	72	122	53	27	18	80	75	72	74	44	77	46	214	209	288	289	106	48	16	18	50	27	18	64	0	36	46	146	65	72	208	71	59	72	29	0	40	0	20	11	72	0	72	44	77	46	195	177	288	289	90	44	16	18	45	16	18	58	0	36	46	132	32	72	121	41	11	18	26	0	10	0	17	0	18	0	62	0	36	46	127	33	72	208	62	59	72	10	0	30	0	10	0	0	0	27	0	40	0	20	11	72	0	62	44	77	46	174	177	288	289	74	36	16	18	41	16	18	50	0	36	46	126	32	72	119	36	0	18	22	0	10	0	17	0	18	0	56	0	36	46	113	0	72	121	32	11	18	8	0	0	0	10	0	0	0	24	0	10	0	17	0	18	0	52	0	36	46	106	33	72	208	53	59	72	6	0	60	0	4	0	0	0	6	0	30	0	5	0	0	0	19	0	40	0	7	11	72	0	47	44	77	46	137	177	288	289
107	94	59	41	48	81	34	30	27	56	41	48	51	20	74	46	160	73	48	78	69	32	30	27	33	30	27	45	20	54	46	104	60	27	46	46	29	48	19	0	13	0	18	0	0	0	50	20	74	46	140	49	48	78	59	32	30	27	31	30	27	45	20	54	46	98	60	27	44	27	20	27	19	0	10	0	15	0	0	0	44	20	54	46	93	40	27	46	39	9	48	6	0	0	0	8	0	0	0	17	0	13	0	18	0	0	0	42	0	74	46	123	9	48	78	49	28	30	27	31	30	27	45	20	54	46	98	60	27	44	25	20	27	19	0	10	0	15	0	0	0	44	20	54	46	87	40	27	44	20	0	27	6	0	0	0	8	0	0	0	17	0	10	0	15	0	0	0	36	0	54	46	76	0	27	46	30	9	48	4	0	24	0	3	0	0	0	2	0	0	0	3	0	0	0	9	0	13	0	5	0	0	0	27	0	74	46	86	9	48	78
113	97	81	88	32	81	44	69	8	75	88	32	75	114	36	16	201	233	32	96	66	38	64	8	40	69	8	54	102	16	16	117	200	8	64	60	73	32	34	47	12	0	25	30	0	0	70	114	36	16	170	203	32	96	54	33	63	8	34	64	8	45	99	16	16	98	191	8	54	30	57	8	21	45	0	0	14	27	0	0	49	102	16	16	96	176	8	64	45	37	32	14	9	18	0	11	19	0	0	27	47	12	0	25	30	0	0	48	78	36	16	139	143	32	96	44	26	62	8	30	63	8	38	99	16	16	92	189	8	54	27	54	8	17	45	0	0	14	27	0	0	43	99	16	16	85	171	8	54	24	27	8	7	9	0	0	8	18	0	0	19	45	0	0	14	27	0	0	42	72	16	16	80	126	8	64	33	17	32	5	8	36	0	3	9	0	0	5	9	18	0	4	9	0	0	16	27	12	0	8	0	0	0	39	18	36	16	94	53	32	96
128	109	97	135	37	91	52	104	0	89	117	37	92	175	31	0	229	357	74	217	74	40	96	0	46	87	0	57	157	0	0	128	274	0	168	70	100	37	33	94	27	0	20	85	0	0	81	158	31	0	186	323	74	217	59	33	91	0	34	81	0	42	151	0	0	95	262	0	111	31	72	0	18	82	0	0	10	70	0	0	46	142	0	0	94	244	0	168	48	70	37	10	54	18	0	9	43	0	0	26	64	27	0	20	85	0	0	50	128	31	0	144	263	74	217	48	26	88	0	30	80	0	35	150	0	0	89	260	0	109	26	70	0	14	80	0	0	10	70	0	0	40	140	0	0	80	240	0	111	24	50	0	3	50	0	0	6	40	0	0	18	60	0	0	10	70	0	0	38	120	0	0	77	200	0	168	38	26	37	3	26	36	0	3	10	0	0	5	10	18	0	4	10	0	0	17	20	27	0	7	8	0	0	43	40	31	0	105	98	74	217
97	84	65	61	10	71	33	38	0	59	61	10	57	29	10	0	148	173	40	66	60	28	36	0	30	38	0	33	27	0	0	84	111	0	46	44	39	10	18	18	0	0	12	32	0	0	52	29	10	0	113	140	40	66	50	27	36	0	25	36	0	30	27	0	0	73	108	0	44	19	18	0	13	18	0	0	10	27	0	0	28	27	0	0	58	81	0	46	31	29	10	6	0	0	0	6	9	0	0	11	18	0	0	12	32	0	0	29	9	10	0	86	100	40	66	41	27	36	0	25	36	0	30	27	0	0	73	108	0	44	17	18	0	13	18	0	0	10	27	0	0	28	27	0	0	55	81	0	44	11	9	0	6	0	0	0	6	9	0	0	11	18	0	0	10	27	0	0	20	9	0	0	41	45	0	46	24	20	10	4	0	0	0	2	0	0	0	2	0	0	0	2	0	0	0	5	0	0	0	2	5	0	0	15	0	10	0	58	55	40	66
157	138	53	51	137	119	30	34	85	49	51	137	37	17	26	115	128	120	137	199	101	29	34	70	28	34	85	32	17	13	53	79	102	85	53	36	33	137	15	0	0	46	13	0	0	66	35	17	26	115	100	84	137	199	84	29	34	70	27	34	70	32	17	10	53	79	102	70	53	19	17	85	15	0	0	46	13	0	0	46	30	17	13	53	60	68	85	53	28	16	137	6	0	0	0	7	0	0	0	13	0	0	46	13	0	0	66	26	0	26	115	83	16	137	199	67	27	34	70	27	34	70	32	17	10	53	79	102	70	53	18	17	70	15	0	0	46	13	0	0	44	30	17	10	53	60	68	70	53	11	0	85	6	0	0	0	7	0	0	0	13	0	0	46	13	0	0	46	21	0	13	53	43	0	85	53	20	16	137	1	0	16	0	2	0	0	0	2	0	0	0	2	0	0	0	5	0	0	46	0	0	0	66	11	0	26	115	50	16	137	199
158	140	38	56	130	122	10	0	111	35	56	130	7	0	77	95	60	154	520	72	104	9	0	91	7	0	111	2	0	62	53	16	0	444	18	30	56	130	0	0	0	46	2	0	0	121	6	0	77	95	48	154	520	72	86	9	0	91	6	0	91	2	0	44	53	16	0	364	18	2	0	111	0	0	0	46	0	0	0	104	1	0	62	53	4	0	444	18	29	56	130	0	0	0	0	1	0	0	0	0	0	0	46	2	0	0	121	5	0	77	95	44	154	520	72	68	9	0	91	6	0	91	2	0	44	53	16	0	364	18	1	0	91	0	0	0	46	0	0	0	57	1	0	44	53	4	0	364	18	1	0	111	0	0	0	0	0	0	0	0	0	0	0	46	0	0	0	104	0	0	62	53	0	0	444	18	29	56	130	0	0	0	0	0	0	0	0	0	0	0	0	1	0	0	0	0	0	0	46	2	0	0	121	5	0	77	95	44	154	520	72
78	69	30	18	13	60	11	0	8	29	18	13	10	0	8	0	57	36	39	10	51	10	0	8	10	0	8	5	0	8	0	26	0	24	0	23	18	13	2	0	0	0	3	0	0	0	9	0	8	0	44	36	39	10	42	10	0	8	9	0	8	5	0	8	0	26	0	24	0	4	0	8	2	0	0	0	3	0	0	0	4	0	8	0	13	0	24	0	21	18	13	0	0	0	0	1	0	0	0	2	0	0	0	3	0	0	0	6	0	8	0	36	36	39	10	33	10	0	8	9	0	8	5	0	8	0	26	0	24	0	3	0	8	2	0	0	0	3	0	0	0	4	0	8	0	13	0	24	0	2	0	8	0	0	0	0	1	0	0	0	2	0	0	0	3	0	0	0	1	0	8	0	5	0	24	0	20	18	13	0	0	0	0	0	0	0	0	0	0	0	0	0	0	0	0	0	0	0	0	0	0	0	0	5	0	8	0	31	36	39	10
122	106	56	82	33	91	27	36	6	50	67	33	33	54	29	18	101	140	165	119	77	24	28	0	23	22	6	27	14	12	0	65	28	30	18	43	53	33	17	0	27	0	14	0	33	18	32	40	29	18	86	112	165	119	63	22	28	0	20	14	0	21	14	0	0	61	28	0	18	16	8	6	13	0	18	0	12	0	6	18	26	0	12	0	50	0	30	18	39	53	33	7	0	18	0	8	0	0	0	15	0	27	0	14	0	33	18	27	40	29	18	74	112	165	119	49	20	28	0	18	14	0	19	14	0	0	57	28	0	18	13	0	0	10	0	0	0	10	0	0	10	20	0	0	0	46	0	0	18	12	8	6	5	0	12	0	7	0	0	0	11	0	18	0	12	0	6	18	21	0	12	0	38	0	30	18	34	53	33	2	0	17	0	2	0	0	0	3	0	18	0	4	0	0	0	9	0	27	0	4	0	33	18	18	40	29	18	54	112	165	119
74	64	33	28	16	54	10	16	0	26	28	16	10	0	11	0	57	66	32	82	46	9	16	0	9	16	0	5	0	0	0	22	48	0	18	21	12	16	2	0	0	0	3	0	0	0	9	0	11	0	48	18	32	82	38	9	16	0	8	16	0	5	0	0	0	22	48	0	18	4	0	0	2	0	0	0	3	0	0	0	4	0	0	0	13	0	0	18	19	12	16	0	0	0	0	1	0	0	0	2	0	0	0	3	0	0	0	6	0	11	0	40	18	32	82	30	9	16	0	8	16	0	5	0	0	0	22	48	0	18	3	0	0	2	0	0	0	3	0	0	0	4	0	0	0	13	0	0	18	2	0	0	0	0	0	0	1	0	0	0	2	0	0	0	3	0	0	0	1	0	0	0	5	0	0	18	18	12	16	0	0	0	0	0	0	0	0	0	0	0	0	0	0	0	0	0	0	0	0	0	0	0	0	5	0	11	0	35	18	32	82
141	123	29	45	144	105	9	0	107	25	45	144	9	0	94	113	23	0	432	176	87	7	0	89	5	0	107	3	0	83	60	13	0	321	125	23	45	144	3	0	20	74	4	0	0	72	8	0	94	113	19	0	432	176	69	6	0	61	3	0	89	1	0	74	33	9	0	267	99	3	0	107	0	0	18	20	0	0	0	18	2	0	83	60	9	0	321	125	23	45	144	0	0	10	72	3	0	0	139	3	0	20	74	4	0	0	72	8	0	94	113	19	0	432	176	51	6	0	61	2	0	61	1	0	44	33	4	0	183	99	1	0	89	0	0	12	20	0	0	0	18	0	0	74	33	5	0	267	99	3	0	107	0	0	9	72	1	0	0	122	0	0	18	20	0	0	0	18	2	0	83	60	9	0	321	125	23	45	144	1	0	0	0	1	0	0	0	0	0	10	72	3	0	0	139	3	0	20	74	4	0	0	72	8	0	94	113	19	0	432	176
118	103	25	26	92	88	6	0	55	22	26	92	1	0	75	29	14	0	184	192	73	6	0	55	3	0	55	1	0	67	29	8	0	110	125	19	26	92	0	0	0	0	2	0	0	0	0	0	75	29	6	0	184	192	58	6	0	52	3	0	55	1	0	67	29	8	0	110	99	0	0	55	0	0	0	0	0	0	0	0	0	0	67	29	0	0	110	125	19	26	92	0	0	0	24	1	0	0	0	0	0	0	0	2	0	0	0	0	0	75	29	6	0	184	192	43	6	0	52	3	0	52	1	0	55	29	8	0	104	99	0	0	55	0	0	0	0	0	0	0	0	0	0	67	29	0	0	110	99	0	0	55	0	0	0	24	0	0	0	0	0	0	0	0	0	0	0	0	0	0	67	29	0	0	110	125	19	26	92	0	0	0	0	0	0	0	0	0	0	0	24	1	0	0	0	0	0	0	0	2	0	0	0	0	0	75	29	6	0	184	192
101	86	34	66	43	73	13	26	20	28	40	43	15	0	82	9	35	32	215	163	60	9	26	17	7	0	20	5	0	71	6	21	0	100	117	27	40	43	5	0	20	18	5	16	0	0	14	0	82	9	33	32	215	163	47	7	26	8	3	0	17	1	0	62	0	8	0	85	91	6	0	20	0	0	18	0	3	0	0	0	4	0	71	6	19	0	100	117	27	40	43	3	0	10	24	5	8	0	18	5	0	20	18	5	16	0	0	14	0	82	9	33	32	215	163	34	7	26	8	1	0	8	1	0	32	0	2	0	40	91	2	0	17	0	0	12	0	3	0	0	0	0	0	62	0	6	0	85	91	6	0	20	3	0	9	24	4	0	0	18	0	0	18	0	3	0	0	0	4	0	71	6	19	0	100	117	26	40	43	7	0	0	0	2	0	0	0	0	0	10	24	3	8	0	18	5	0	20	18	2	16	0	0	14	0	82	9	32	32	215	163
79	69	22	9	50	59	8	0	0	19	9	50	2	0	8	0	18	0	50	329	49	8	0	0	5	0	0	2	0	0	0	14	0	0	210	15	9	50	0	0	0	0	2	0	0	0	1	0	8	0	8	0	50	329	39	8	0	0	5	0	0	2	0	0	0	14	0	0	169	1	0	0	0	0	0	0	0	0	0	0	1	0	0	0	4	0	0	210	14	9	50	0	0	0	0	1	0	0	0	0	0	0	0	2	0	0	0	0	0	8	0	4	0	50	329	29	8	0	0	5	0	0	2	0	0	0	14	0	0	169	1	0	0	0	0	0	0	0	0	0	0	1	0	0	0	4	0	0	169	0	0	0	0	0	0	0	0	0	0	0	0	0	0	0	0	0	0	0	0	0	0	0	0	0	0	210	14	9	50	0	0	0	0	0	0	0	0	0	0	0	0	1	0	0	0	0	0	0	0	2	0	0	0	0	0	8	0	4	0	50	329
61	53	16	15	8	45	4	0	0	13	15	8	1	0	8	0	6	0	24	33	37	4	0	0	1	0	0	1	0	0	0	2	0	0	6	12	15	8	0	0	0	0	2	0	0	0	0	0	8	0	4	0	24	33	29	4	0	0	1	0	0	1	0	0	0	2	0	0	0	0	0	0	0	0	0	0	0	0	0	0	0	0	0	0	0	0	0	6	12	15	8	0	0	0	0	1	0	0	0	0	0	0	0	2	0	0	0	0	0	8	0	4	0	24	33	21	4	0	0	1	0	0	1	0	0	0	2	0	0	0	0	0	0	0	0	0	0	0	0	0	0	0	0	0	0	0	0	0	0	0	0	0	0	0	0	0	0	0	0	0	0	0	0	0	0	0	0	0	0	0	0	0	0	0	0	6	12	15	8	0	0	0	0	0	0	0	0	0	0	0	0	1	0	0	0	0	0	0	0	2	0	0	0	0	0	8	0	4	0	24	33
84	72	3	0	106	60	2	0	50	1	0	106	0	0	8	68	3	0	0	337	48	2	0	50	0	0	50	0	0	8	68	0	0	0	182	1	0	106	0	0	0	0	0	0	0	0	0	0	8	68	3	0	0	337	36	2	0	50	0	0	50	0	0	8	68	0	0	0	161	0	0	50	0	0	0	0	0	0	0	0	0	0	8	68	0	0	0	182	1	0	106	0	0	0	0	0	0	0	0	0	0	0	0	0	0	0	0	0	0	8	68	3	0	0	337	24	2	0	45	0	0	50	0	0	8	59	0	0	0	121	0	0	50	0	0	0	0	0	0	0	0	0	0	8	68	0	0	0	161	0	0	50	0	0	0	0	0	0	0	0	0	0	0	0	0	0	0	0	0	0	8	68	0	0	0	182	1	0	106	0	0	0	36	0	0	0	0	0	0	0	0	0	0	0	0	0	0	0	0	0	0	0	0	0	0	8	68	3	0	0	337
63	54	6	0	63	45	3	0	19	3	0	63	0	0	8	33	7	0	0	287	36	3	0	19	0	0	19	0	0	8	33	0	0	0	182	3	0	63	0	0	0	0	0	0	0	0	0	0	8	33	7	0	0	287	27	3	0	19	0	0	19	0	0	8	33	0	0	0	161	0	0	19	0	0	0	0	0	0	0	0	0	0	8	33	0	0	0	182	3	0	63	0	0	0	0	0	0	0	0	0	0	0	0	0	0	0	0	0	0	8	33	7	0	0	287	18	3	0	14	0	0	19	0	0	8	24	0	0	0	121	0	0	19	0	0	0	0	0	0	0	0	0	0	8	33	0	0	0	161	0	0	19	0	0	0	0	0	0	0	0	0	0	0	0	0	0	0	0	0	0	8	33	0	0	0	182	3	0	63	0	0	0	36	0	0	0	0	0	0	0	0	0	0	0	0	0	0	0	0	0	0	0	0	0	0	8	33	7	0	0	287
77	66	20	0	75	55	13	0	37	12	0	75	9	0	32	93	32	0	0	195	44	10	0	28	5	0	37	3	0	28	51	17	0	0	127	11	0	75	2	0	12	9	3	0	0	33	8	0	32	93	30	0	0	195	33	9	0	25	2	0	28	1	0	26	45	3	0	0	106	4	0	37	0	0	10	6	3	0	0	6	2	0	28	51	15	0	0	127	11	0	75	3	0	0	18	4	0	0	0	2	0	12	9	3	0	0	33	8	0	32	93	30	0	0	195	22	9	0	14	1	0	25	1	0	20	24	2	0	0	69	1	0	28	0	0	9	0	3	0	0	0	0	0	26	45	1	0	0	106	4	0	37	3	0	0	0	4	0	0	0	0	0	10	6	3	0	0	6	2	0	28	51	15	0	0	127	10	0	75	7	0	0	36	2	0	0	18	0	0	0	18	2	0	0	0	2	0	12	9	0	0	0	33	8	0	32	93	29	0	0	195
69	58	23	26	55	48	12	10	42	15	16	55	8	0	58	53	48	32	110	43	38	9	10	41	4	0	42	2	0	54	51	15	0	84	20	15	16	55	2	0	12	9	4	0	0	0	8	0	58	53	48	32	110	43	28	8	10	37	1	0	41	0	0	52	45	1	0	82	17	4	0	42	0	0	10	6	3	0	0	0	2	0	54	51	15	0	84	20	15	16	55	3	0	0	30	5	0	0	0	2	0	12	9	4	0	0	0	8	0	58	53	48	32	110	43	18	8	10	14	0	0	37	0	0	44	24	0	0	74	8	1	0	41	0	0	9	0	3	0	0	0	0	0	52	45	1	0	82	17	4	0	42	3	0	0	0	4	0	0	0	0	0	10	6	3	0	0	0	2	0	54	51	15	0	84	20	14	16	55	9	0	0	36	3	0	0	90	0	0	0	30	3	0	0	0	2	0	12	9	1	0	0	0	8	0	58	53	47	32	110	43
57	45	32	55	20	36	14	41	10	23	28	20	12	28	24	20	67	78	40	43	27	10	31	9	5	14	10	7	8	20	18	15	42	20	20	19	28	20	7	8	12	9	14	24	40	0	5	28	24	20	57	78	40	43	18	7	24	6	1	4	9	1	0	18	12	2	4	18	17	1	14	10	0	0	10	6	0	18	20	0	0	8	20	18	5	42	20	20	18	28	20	5	24	0	18	8	22	20	0	5	8	12	9	14	24	40	0	2	28	24	20	57	78	40	43	10	6	18	0	0	0	6	0	0	12	0	0	0	12	8	0	4	9	0	0	9	0	0	12	18	0	0	0	18	12	0	4	18	17	1	14	10	0	18	0	0	1	16	10	0	0	0	10	6	0	18	20	0	0	8	20	18	5	42	20	20	9	20	20	3	36	0	0	2	6	0	18	0	0	0	18	2	6	20	0	0	8	12	9	1	0	40	0	2	28	24	20	28	70	40	43
69	57	39	27	63	45	13	0	43	31	27	63	12	0	53	81	89	99	189	75	33	9	0	41	5	0	43	1	0	42	75	11	0	129	52	30	27	63	5	0	14	20	19	9	0	0	11	0	53	81	87	99	189	75	21	8	0	40	1	0	41	1	0	40	72	2	0	123	50	4	0	43	0	0	10	18	3	0	0	0	0	0	42	75	9	0	129	52	29	27	63	8	0	0	9	11	9	0	0	5	0	14	20	19	9	0	0	11	0	53	81	87	99	189	75	9	7	0	32	0	0	40	0	0	39	62	0	0	120	43	0	0	41	0	0	10	12	0	0	0	0	0	0	40	72	0	0	123	50	3	0	43	3	0	0	6	2	0	0	0	0	0	10	18	3	0	0	0	0	0	42	75	9	0	129	52	15	27	63	9	0	0	54	3	9	0	0	0	0	0	9	3	9	0	0	0	0	14	20	3	9	0	0	9	0	53	81	43	99	189	75
51	42	14	18	37	33	3	0	37	14	18	37	6	0	0	0	30	18	111	0	24	0	0	37	3	0	37	0	0	0	0	8	0	111	0	14	18	37	0	0	11	0	2	6	0	0	6	0	0	0	30	18	111	0	15	0	0	37	0	0	37	0	0	0	0	0	0	111	0	3	0	37	0	0	11	0	0	0	0	0	0	0	0	0	8	0	111	0	13	18	37	0	0	0	0	0	0	0	0	0	0	11	0	2	6	0	0	6	0	0	0	30	18	111	0	6	0	0	37	0	0	37	0	0	0	0	0	0	111	0	0	0	37	0	0	11	0	0	0	0	0	0	0	0	0	0	0	111	0	2	0	37	0	0	0	0	0	0	0	0	0	0	11	0	0	0	0	0	0	0	0	0	8	0	111	0	8	18	37	0	0	0	0	0	0	0	0	0	0	0	0	0	0	0	0	0	0	11	0	2	6	0	0	4	0	0	0	14	18	111	0
66	54	27	39	34	42	3	7	34	27	39	34	5	28	30	0	65	93	136	0	30	0	0	34	3	7	34	0	0	30	0	8	28	136	0	27	39	34	0	0	21	0	10	7	34	0	5	28	30	0	65	93	136	0	18	0	0	34	0	0	34	0	0	30	0	0	0	136	0	3	7	34	0	0	21	0	0	0	34	0	0	0	30	0	8	28	136	0	22	39	34	0	0	0	0	5	0	0	0	0	0	21	0	10	7	34	0	5	28	30	0	60	93	136	0	7	0	0	30	0	0	34	0	0	30	0	0	0	136	0	0	0	34	0	0	21	0	0	0	34	0	0	0	30	0	0	0	136	0	2	7	34	0	0	0	0	0	0	0	0	0	0	21	0	0	0	34	0	0	0	30	0	8	28	136	0	13	28	34	0	0	0	24	2	0	0	0	0	0	0	0	2	0	0	0	0	0	21	0	4	7	34	0	3	28	30	0	32	49	136	0
62	51	26	28	31	40	5	0	30	24	28	31	9	0	30	13	64	49	124	0	29	2	0	30	3	0	30	0	0	30	13	8	0	120	0	24	28	31	0	0	10	0	10	7	0	0	9	0	30	13	64	49	124	0	18	2	0	30	0	0	30	0	0	30	13	0	0	120	0	3	0	30	0	0	10	0	0	0	0	0	0	0	30	13	8	0	120	0	23	28	31	0	0	0	0	5	0	0	0	0	0	10	0	10	7	0	0	9	0	30	13	64	49	124	0	7	2	0	25	0	0	30	0	0	30	12	0	0	120	0	0	0	30	0	0	10	0	0	0	0	0	0	0	30	13	0	0	120	0	2	0	30	0	0	0	0	0	0	0	0	0	0	10	0	0	0	0	0	0	0	30	13	8	0	120	0	14	28	31	2	0	0	36	2	0	0	0	0	0	0	0	2	0	0	0	0	0	10	0	4	7	0	0	7	0	30	13	36	49	124	0
43	34	24	20	37	27	7	14	22	19	6	37	5	0	53	36	60	24	37	75	20	5	14	20	2	0	22	0	0	42	30	5	0	22	52	19	6	37	0	0	14	20	12	0	0	0	5	0	53	36	60	24	37	75	13	5	14	19	0	0	20	0	0	40	27	0	0	20	50	2	0	22	0	0	10	18	3	0	0	0	0	0	42	30	5	0	22	52	19	6	37	3	0	0	9	9	0	0	0	0	0	14	20	12	0	0	0	5	0	53	36	60	24	37	75	6	5	12	12	0	0	19	0	0	39	18	0	0	19	43	0	0	20	0	0	10	12	0	0	0	0	0	0	40	27	0	0	20	50	2	0	22	3	0	0	6	2	0	0	0	0	0	10	18	3	0	0	0	0	0	42	30	5	0	22	52	13	6	37	7	12	0	42	4	0	0	0	0	0	0	9	4	0	0	0	0	0	14	20	3	0	0	0	5	0	53	36	43	24	37	75
63	48	56	67	65	34	23	26	48	46	53	65	54	13	78	78	104	162	325	63	21	10	21	41	15	13	48	15	13	72	64	32	26	240	43	37	40	65	15	40	47	36	19	56	0	20	44	0	78	78	81	136	325	63	8	5	8	39	2	8	41	1	8	68	60	4	16	205	41	6	0	48	2	0	47	30	0	0	0	10	5	0	72	64	9	0	240	43	14	40	65	7	40	19	20	9	24	65	0	6	40	47	36	19	56	0	20	16	0	78	78	47	136	325	63	0	0	0	35	0	0	39	0	0	68	58	0	0	195	40	0	0	41	0	0	47	27	0	0	0	9	0	0	68	60	0	0	205	41	0	0	48	0	0	19	18	0	0	48	0	0	0	47	30	0	0	0	10	0	0	72	64	0	0	240	43	0	0	65	0	0	45	33	0	0	65	0	0	0	19	20	0	0	65	0	0	0	47	36	0	0	0	20	0	0	78	78	0	0	325	63
56	44	20	29	43	32	2	9	10	19	29	43	1	18	21	40	46	54	86	165	20	2	0	10	1	9	10	1	0	10	40	2	0	20	144	18	29	43	5	0	0	0	13	0	43	0	0	18	21	40	44	54	86	165	9	1	0	10	1	0	10	1	0	10	40	2	0	20	142	0	9	10	0	0	0	0	0	0	10	0	0	0	10	40	0	0	20	144	12	18	43	5	0	0	0	6	0	0	0	5	0	0	0	13	0	43	0	0	18	21	40	39	54	86	165	0	0	0	10	0	0	10	0	0	10	40	0	0	20	141	0	0	10	0	0	0	0	0	0	10	0	0	0	10	40	0	0	20	142	0	0	10	0	0	0	0	0	0	0	0	0	0	0	0	0	0	10	0	0	0	10	40	0	0	20	144	0	0	43	0	0	0	0	0	0	0	0	0	0	0	0	0	0	0	0	0	0	0	0	0	0	43	0	0	0	21	40	0	0	86	165
61	48	40	36	49	35	17	0	14	31	36	49	30	0	27	48	67	108	196	165	22	10	0	10	8	0	14	10	0	14	40	18	0	56	129	24	36	49	12	0	0	0	10	54	0	20	20	0	27	48	49	108	196	165	9	6	0	10	1	0	10	1	0	10	40	2	0	40	125	1	0	14	0	0	0	0	0	0	0	10	0	0	14	40	0	0	56	129	11	36	49	8	0	0	0	5	27	0	0	5	0	0	0	10	54	0	20	2	0	27	48	34	108	196	165	0	0	0	10	0	0	10	0	0	10	40	0	0	40	123	0	0	10	0	0	0	0	0	0	0	9	0	0	10	40	0	0	40	125	0	0	14	0	0	0	0	0	0	0	0	0	0	0	0	0	0	0	10	0	0	14	40	0	0	56	129	0	0	49	0	0	30	0	0	0	0	0	0	0	0	0	0	0	0	0	0	0	0	0	0	0	0	20	0	0	27	48	0	0	196	165
25	20	5	0	20	15	1	0	0	5	0	20	2	0	7	0	12	0	0	102	10	0	0	0	1	0	0	0	0	0	0	0	0	0	101	5	0	20	0	0	0	0	0	0	0	0	2	0	7	0	12	0	0	102	5	0	0	0	0	0	0	0	0	0	0	0	0	0	101	1	0	0	0	0	0	0	0	0	0	0	0	0	0	0	0	0	0	101	4	0	20	0	0	0	0	0	0	0	0	0	0	0	0	0	0	0	0	2	0	7	0	12	0	0	102	0	0	0	0	0	0	0	0	0	0	0	0	0	0	101	0	0	0	0	0	0	0	0	0	0	0	0	0	0	0	0	0	0	101	0	0	0	0	0	0	0	0	0	0	0	0	0	0	0	0	0	0	0	0	0	0	0	0	0	0	101	0	0	20	0	0	0	0	0	0	0	0	0	0	0	0	0	0	0	0	0	0	0	0	0	0	0	0	0	0	7	0	0	0	0	102
34	27	10	6	20	20	1	0	0	10	6	20	2	0	7	0	22	12	20	102	13	0	0	0	1	0	0	0	0	0	0	0	0	0	101	10	6	20	0	0	0	0	6	0	0	0	2	0	7	0	22	12	20	102	6	0	0	0	0	0	0	0	0	0	0	0	0	0	101	1	0	0	0	0	0	0	0	0	0	0	0	0	0	0	0	0	0	101	7	6	20	0	0	0	0	3	0	0	0	0	0	0	0	6	0	0	0	2	0	7	0	22	12	20	102	0	0	0	0	0	0	0	0	0	0	0	0	0	0	101	0	0	0	0	0	0	0	0	0	0	0	0	0	0	0	0	0	0	101	0	0	0	0	0	0	0	0	0	0	0	0	0	0	0	0	0	0	0	0	0	0	0	0	0	0	101	0	0	20	0	0	0	0	0	0	0	0	0	0	0	0	0	0	0	0	0	0	0	0	0	0	0	0	0	0	7	0	0	0	20	102
64	47	39	52	104	30	15	0	69	34	52	104	39	0	61	89	64	65	416	157	13	5	0	56	10	0	69	11	0	47	49	25	0	276	72	19	52	104	9	0	29	62	0	0	0	34	28	0	61	89	29	65	416	157	0	0	0	56	0	0	56	0	0	47	49	0	0	224	61	0	0	69	0	0	19	62	0	0	0	34	0	0	47	49	0	0	276	72	0	0	104	0	0	19	0	0	0	0	0	0	0	29	62	0	0	0	34	0	0	61	89	0	0	416	157	0	0	0	56	0	0	56	0	0	47	49	0	0	224	59	0	0	56	0	0	19	62	0	0	0	34	0	0	47	49	0	0	224	61	0	0	69	0	0	10	0	0	0	0	0	0	0	19	62	0	0	0	34	0	0	47	49	0	0	276	72	0	0	0	0	0	0	0	0	0	0	0	0	0	0	0	0	0	0	0	0	0	0	62	0	0	0	34	0	0	0	89	0	0	0	157
43	29	38	59	36	17	12	42	16	24	35	36	27	78	22	22	44	72	36	114	8	6	16	14	6	24	16	5	48	20	18	15	64	16	62	18	8	36	7	16	19	8	0	0	108	0	22	24	22	22	29	0	36	114	0	0	0	10	0	0	14	0	0	20	10	0	0	14	51	0	0	16	0	0	10	0	0	0	48	0	0	0	20	18	0	0	16	62	0	0	36	0	0	43	0	0	0	72	20	0	0	19	8	0	0	108	0	0	0	22	22	0	0	36	114	0	0	0	10	0	0	10	0	0	20	10	0	0	10	49	0	0	14	0	0	10	0	0	0	42	0	0	0	20	10	0	0	14	51	0	0	16	0	0	28	0	0	0	32	10	0	0	10	0	0	0	48	0	0	0	20	18	0	0	16	62	0	0	0	0	0	0	0	0	0	0	0	0	0	0	0	0	0	0	20	0	0	0	8	0	0	0	0	0	0	0	22	0	0	0	114
58	40	49	104	47	23	13	41	28	37	87	47	23	177	61	19	71	202	235	114	9	4	9	28	9	27	28	8	27	56	19	20	72	140	62	18	45	47	4	45	47	0	0	0	141	0	15	135	61	19	28	90	235	114	0	0	0	28	0	0	28	0	0	56	19	0	0	140	51	0	0	28	0	0	37	0	0	0	84	0	0	0	56	19	0	0	140	62	0	0	47	0	0	19	0	0	0	47	0	0	0	47	0	0	0	141	0	0	0	61	19	0	0	235	114	0	0	0	28	0	0	28	0	0	56	19	0	0	140	49	0	0	28	0	0	37	0	0	0	84	0	0	0	56	19	0	0	140	51	0	0	28	0	0	10	0	0	0	28	0	0	0	37	0	0	0	84	0	0	0	56	19	0	0	140	62	0	0	0	0	0	0	0	0	0	0	0	0	0	0	0	0	0	0	0	0	0	0	0	0	0	0	0	0	0	0	19	0	0	0	114
41	29	40	41	19	17	13	6	10	32	41	19	31	30	22	10	62	93	95	65	6	5	0	10	8	6	10	11	0	20	10	20	18	50	48	14	30	19	9	0	19	0	0	0	19	0	20	30	22	10	19	60	95	65	0	0	0	10	0	0	10	0	0	20	10	0	0	50	41	0	0	10	0	0	10	0	0	0	10	0	0	0	20	10	0	0	50	48	0	0	19	0	0	19	0	0	0	0	0	0	0	19	0	0	0	19	0	0	0	22	10	0	0	95	65	0	0	0	10	0	0	10	0	0	20	10	0	0	50	39	0	0	10	0	0	10	0	0	0	10	0	0	0	20	10	0	0	50	41	0	0	10	0	0	10	0	0	0	0	0	0	0	10	0	0	0	10	0	0	0	20	10	0	0	50	48	0	0	0	0	0	0	0	0	0	0	0	0	0	0	0	0	0	0	0	0	0	0	0	0	0	0	0	0	0	0	10	0	0	0	65
38	28	28	16	32	18	12	0	0	24	16	32	33	0	9	0	46	0	64	177	8	4	0	0	8	0	0	10	0	0	0	21	0	0	72	16	16	32	7	0	8	0	0	0	0	0	23	0	9	0	25	0	64	177	0	0	0	0	0	0	0	0	0	0	0	0	0	0	61	0	0	0	0	0	0	0	0	0	0	0	0	0	0	0	0	0	0	72	0	0	32	0	0	8	0	0	0	0	0	0	0	8	0	0	0	0	0	0	0	9	0	0	0	64	177	0	0	0	0	0	0	0	0	0	0	0	0	0	0	59	0	0	0	0	0	0	0	0	0	0	0	0	0	0	0	0	0	0	61	0	0	0	0	0	0	0	0	0	0	0	0	0	0	0	0	0	0	0	0	0	0	0	0	0	0	72	0	0	0	0	0	0	0	0	0	0	0	0	0	0	0	0	0	0	0	0	0	0	0	0	0	0	0	0	0	0	0	0	0	0	177
30	20	14	0	73	10	2	0	31	12	0	73	4	0	70	64	27	0	0	202	0	0	0	29	0	0	31	0	0	31	58	0	0	0	107	0	0	73	0	0	24	19	0	0	0	0	0	0	70	64	0	0	0	202	0	0	0	29	0	0	29	0	0	29	58	0	0	0	94	0	0	31	0	0	11	19	0	0	0	0	0	0	31	58	0	0	0	107	0	0	0	0	0	0	0	0	0	0	0	0	0	0	19	0	0	0	0	0	0	0	64	0	0	0	202	0	0	0	29	0	0	29	0	0	29	58	0	0	0	94	0	0	29	0	0	10	19	0	0	0	0	0	0	29	58	0	0	0	94	0	0	0	0	0	0	0	0	0	0	0	0	0	0	19	0	0	0	0	0	0	0	58	0	0	0	107	0	0	0	0	0	0	0	0	0	0	0	0	0	0	0	0	0	0	0	0	0	0	19	0	0	0	0	0	0	0	0	0	0	0	0
44	28	27	48	92	12	2	0	57	16	48	92	4	0	107	73	36	108	368	170	0	0	0	55	0	0	57	0	0	66	67	0	0	228	107	0	0	92	0	0	24	19	0	0	0	0	0	0	107	73	0	0	368	170	0	0	0	55	0	0	55	0	0	64	67	0	0	220	94	0	0	57	0	0	11	19	0	0	0	0	0	0	66	67	0	0	228	107	0	0	0	0	0	0	0	0	0	0	0	0	0	0	19	0	0	0	0	0	0	0	73	0	0	0	170	0	0	0	55	0	0	55	0	0	64	67	0	0	220	94	0	0	55	0	0	10	19	0	0	0	0	0	0	64	67	0	0	220	94	0	0	0	0	0	0	0	0	0	0	0	0	0	0	19	0	0	0	0	0	0	0	67	0	0	0	107	0	0	0	0	0	0	0	0	0	0	0	0	0	0	0	0	0	0	0	0	0	0	19	0	0	0	0	0	0	0	0	0	0	0	0
26	17	16	8	40	8	1	0	10	14	8	40	3	0	45	20	35	8	40	170	0	0	0	9	0	0	10	0	0	10	18	0	0	10	107	0	0	40	0	0	9	9	0	0	0	0	0	0	45	20	0	0	40	170	0	0	0	9	0	0	9	0	0	9	18	0	0	9	94	0	0	10	0	0	0	9	0	0	0	0	0	0	10	18	0	0	10	107	0	0	0	0	0	0	0	0	0	0	0	0	0	0	9	0	0	0	0	0	0	0	20	0	0	0	170	0	0	0	9	0	0	9	0	0	9	18	0	0	9	94	0	0	9	0	0	0	9	0	0	0	0	0	0	9	18	0	0	9	94	0	0	0	0	0	0	0	0	0	0	0	0	0	0	9	0	0	0	0	0	0	0	18	0	0	0	107	0	0	0	0	0	0	0	0	0	0	0	0	0	0	0	0	0	0	0	0	0	0	9	0	0	0	0	0	0	0	0	0	0	0	0
27	18	15	0	55	9	3	0	9	12	0	55	9	0	57	18	29	0	0	238	0	0	0	0	0	0	9	0	0	0	0	0	0	0	123	0	0	55	0	0	25	0	0	0	0	43	0	0	57	18	0	0	0	238	0	0	0	0	0	0	0	0	0	0	0	0	0	0	108	0	0	9	0	0	0	0	0	0	0	10	0	0	0	0	0	0	0	123	0	0	0	0	0	0	0	0	0	0	0	0	0	0	0	0	0	0	43	0	0	0	18	0	0	0	238	0	0	0	0	0	0	0	0	0	0	0	0	0	0	104	0	0	0	0	0	0	0	0	0	0	10	0	0	0	0	0	0	0	108	0	0	0	0	0	0	0	0	0	0	0	0	0	0	0	0	0	0	10	0	0	0	0	0	0	0	123	0	0	0	0	0	0	0	0	0	0	0	0	0	0	0	0	0	0	0	0	0	0	0	0	0	0	43	0	0	0	0	0	0	0	0
22	13	23	20	15	4	1	0	0	9	20	15	3	0	33	0	21	52	75	66	0	0	0	0	0	0	0	0	0	0	0	0	0	0	38	0	0	15	0	0	9	0	0	0	0	0	0	0	33	0	0	0	75	66	0	0	0	0	0	0	0	0	0	0	0	0	0	0	38	0	0	0	0	0	0	0	0	0	0	0	0	0	0	0	0	0	0	38	0	0	0	0	0	0	0	0	0	0	0	0	0	0	0	0	0	0	0	0	0	0	0	0	0	0	66	0	0	0	0	0	0	0	0	0	0	0	0	0	0	38	0	0	0	0	0	0	0	0	0	0	0	0	0	0	0	0	0	0	38	0	0	0	0	0	0	0	0	0	0	0	0	0	0	0	0	0	0	0	0	0	0	0	0	0	0	38	0	0	0	0	0	0	0	0	0	0	0	0	0	0	0	0	0	0	0	0	0	0	0	0	0	0	0	0	0	0	0	0	0	0	0
36	17	17	34	163	0	0	0	132	0	0	163	0	0	76	166	0	0	326	107	0	0	0	103	0	0	132	0	0	67	98	0	0	264	57	0	0	0	0	0	0	113	0	0	0	83	0	0	0	166	0	0	0	107	0	0	0	93	0	0	103	0	0	33	93	0	0	206	55	0	0	0	0	0	0	67	0	0	0	44	0	0	0	98	0	0	0	57	0	0	0	0	0	0	19	0	0	0	65	0	0	0	113	0	0	0	83	0	0	0	0	0	0	0	0	0	0	0	93	0	0	93	0	0	24	93	0	0	186	55	0	0	0	0	0	0	67	0	0	0	42	0	0	0	93	0	0	0	55	0	0	0	0	0	0	19	0	0	0	48	0	0	0	67	0	0	0	44	0	0	0	0	0	0	0	0	0	0	0	0	0	0	0	0	0	0	0	0	0	0	19	0	0	0	65	0	0	0	0	0	0	0	0	0	0	0	0	0	0	0	0
17	8	12	8	35	0	0	0	10	0	0	35	0	0	0	10	0	0	35	147	0	0	0	9	0	0	10	0	0	0	9	0	0	10	67	0	0	0	0	0	0	9	0	0	0	0	0	0	0	10	0	0	0	147	0	0	0	9	0	0	9	0	0	0	9	0	0	9	64	0	0	0	0	0	0	9	0	0	0	0	0	0	0	9	0	0	0	67	0	0	0	0	0	0	0	0	0	0	0	0	0	0	9	0	0	0	0	0	0	0	0	0	0	0	0	0	0	0	9	0	0	9	0	0	0	9	0	0	9	64	0	0	0	0	0	0	9	0	0	0	0	0	0	0	9	0	0	0	64	0	0	0	0	0	0	0	0	0	0	0	0	0	0	9	0	0	0	0	0	0	0	0	0	0	0	0	0	0	0	0	0	0	0	0	0	0	0	0	0	0	0	0	0	0	0	0	0	0	0	0	0	0	0	0	0	0	0	0	0	0	0
16	6	9	24	12	0	0	0	8	0	0	12	0	0	0	0	0	0	48	15	0	0	0	8	0	0	8	0	0	0	0	0	0	32	0	0	0	0	0	0	0	0	0	0	0	0	0	0	0	0	0	0	0	15	0	0	0	8	0	0	8	0	0	0	0	0	0	32	0	0	0	0	0	0	0	0	0	0	0	0	0	0	0	0	0	0	0	0	0	0	0	0	0	0	0	0	0	0	0	0	0	0	0	0	0	0	0	0	0	0	0	0	0	0	0	0	0	0	8	0	0	8	0	0	0	0	0	0	32	0	0	0	0	0	0	0	0	0	0	0	0	0	0	0	0	0	0	0	0	0	0	0	0	0	0	0	0	0	0	0	0	0	0	0	0	0	0	0	0	0	0	0	0	0	0	0	0	0	0	0	0	0	0	0	0	0	0	0	0	0	0	0	0	0	0	0	0	0	0	0	0	0	0	0	0	0	0	0	0	0	0
21	9	13	27	50	0	0	0	23	0	0	50	0	0	32	83	0	0	150	107	0	0	0	0	0	0	23	0	0	25	0	0	0	69	57	0	0	0	0	0	0	0	0	0	0	102	0	0	0	83	0	0	0	107	0	0	0	0	0	0	0	0	0	0	0	0	0	0	55	0	0	0	0	0	0	0	0	0	0	54	0	0	0	0	0	0	0	57	0	0	0	0	0	0	0	0	0	0	0	0	0	0	0	0	0	0	102	0	0	0	0	0	0	0	0	0	0	0	0	0	0	0	0	0	0	0	0	0	0	55	0	0	0	0	0	0	0	0	0	0	52	0	0	0	0	0	0	0	55	0	0	0	0	0	0	0	0	0	0	0	0	0	0	0	0	0	0	54	0	0	0	0	0	0	0	0	0	0	0	0	0	0	0	0	0	0	0	0	0	0	0	0	0	0	0	0	0	0	0	0	0	0	0	0	0	0	0	0	0	0	0
19	8	13	24	39	0	0	0	17	0	0	39	0	0	32	53	0	0	117	107	0	0	0	0	0	0	17	0	0	25	0	0	0	51	57	0	0	0	0	0	0	0	0	0	0	83	0	0	0	53	0	0	0	107	0	0	0	0	0	0	0	0	0	0	0	0	0	0	55	0	0	0	0	0	0	0	0	0	0	44	0	0	0	0	0	0	0	57	0	0	0	0	0	0	0	0	0	0	0	0	0	0	0	0	0	0	83	0	0	0	0	0	0	0	0	0	0	0	0	0	0	0	0	0	0	0	0	0	0	55	0	0	0	0	0	0	0	0	0	0	42	0	0	0	0	0	0	0	55	0	0	0	0	0	0	0	0	0	0	0	0	0	0	0	0	0	0	44	0	0	0	0	0	0	0	0	0	0	0	0	0	0	0	0	0	0	0	0	0	0	0	0	0	0	0	0	0	0	0	0	0	0	0	0	0	0	0	0	0	0	0
17	0	0	0	164	0	0	0	107	0	0	0	0	0	0	113	0	0	0	299	0	0	0	99	0	0	0	0	0	0	93	0	0	0	190	0	0	0	0	0	0	83	0	0	0	0	0	0	0	0	0	0	0	0	0	0	0	72	0	0	0	0	0	0	33	0	0	0	120	0	0	0	0	0	0	22	0	0	0	0	0	0	0	0	0	0	0	0	0	0	0	0	0	0	92	0	0	0	83	0	0	0	0	0	0	0	0	0	0	0	0	0	0	0	0	0	0	0	60	0	0	0	0	0	0	24	0	0	0	110	0	0	0	0	0	0	20	0	0	0	0	0	0	0	0	0	0	0	0	0	0	0	0	0	0	46	0	0	0	44	0	0	0	0	0	0	0	0	0	0	0	0	0	0	0	0	0	0	0	0	0	0	39	0	0	0	65	0	0	0	0	0	0	0	0	0	0	0	0	0	0	0	0	0	0	0	0	0	0	0	0
8	0	0	0	35	0	0	0	29	0	0	0	0	0	0	0	0	0	0	12	0	0	0	29	0	0	0	0	0	0	0	0	0	0	8	0	0	0	0	0	0	0	0	0	0	0	0	0	0	0	0	0	0	0	0	0	0	28	0	0	0	0	0	0	0	0	0	0	8	0	0	0	0	0	0	0	0	0	0	0	0	0	0	0	0	0	0	0	0	0	0	0	0	0	8	0	0	0	0	0	0	0	0	0	0	0	0	0	0	0	0	0	0	0	0	0	0	0	25	0	0	0	0	0	0	0	0	0	0	8	0	0	0	0	0	0	0	0	0	0	0	0	0	0	0	0	0	0	0	0	0	0	0	0	0	6	0	0	0	0	0	0	0	0	0	0	0	0	0	0	0	0	0	0	0	0	0	0	0	0	0	0	18	0	0	0	0	0	0	0	0	0	0	0	0	0	0	0	0	0	0	0	0	0	0	0	0	0	0	0	0
7	0	0	0	26	0	0	0	26	0	0	0	0	0	0	0	0	0	0	0	0	0	0	26	0	0	0	0	0	0	0	0	0	0	0	0	0	0	0	0	0	0	0	0	0	0	0	0	0	0	0	0	0	0	0	0	0	25	0	0	0	0	0	0	0	0	0	0	0	0	0	0	0	0	0	0	0	0	0	0	0	0	0	0	0	0	0	0	0	0	0	0	0	0	8	0	0	0	0	0	0	0	0	0	0	0	0	0	0	0	0	0	0	0	0	0	0	0	22	0	0	0	0	0	0	0	0	0	0	0	0	0	0	0	0	0	0	0	0	0	0	0	0	0	0	0	0	0	0	0	0	0	0	0	0	6	0	0	0	0	0	0	0	0	0	0	0	0	0	0	0	0	0	0	0	0	0	0	0	0	0	0	18	0	0	0	0	0	0	0	0	0	0	0	0	0	0	0	0	0	0	0	0	0	0	0	0	0	0	0	0
9	0	0	0	52	0	0	0	9	0	0	0	0	0	0	27	0	0	0	264	0	0	0	8	0	0	0	0	0	0	24	0	0	0	180	0	0	0	0	0	0	8	0	0	0	0	0	0	0	0	0	0	0	0	0	0	0	0	0	0	0	0	0	0	0	0	0	0	111	0	0	0	0	0	0	0	0	0	0	0	0	0	0	0	0	0	0	0	0	0	0	0	0	0	0	0	0	0	36	0	0	0	0	0	0	0	0	0	0	0	0	0	0	0	0	0	0	0	0	0	0	0	0	0	0	0	0	0	0	101	0	0	0	0	0	0	0	0	0	0	0	0	0	0	0	0	0	0	0	0	0	0	0	0	0	0	0	0	0	16	0	0	0	0	0	0	0	0	0	0	0	0	0	0	0	0	0	0	0	0	0	0	0	0	0	0	0	0	0	0	0	0	0	0	0	0	0	0	0	0	0	0	0	0	0	0	0	0	0	0	0
7	0	0	0	23	0	0	0	0	0	0	0	0	0	0	0	0	0	0	101	0	0	0	0	0	0	0	0	0	0	0	0	0	0	48	0	0	0	0	0	0	0	0	0	0	0	0	0	0	0	0	0	0	0	0	0	0	0	0	0	0	0	0	0	0	0	0	0	8	0	0	0	0	0	0	0	0	0	0	0	0	0	0	0	0	0	0	0	0	0	0	0	0	0	0	0	0	0	0	0	0	0	0	0	0	0	0	0	0	0	0	0	0	0	0	0	0	0	0	0	0	0	0	0	0	0	0	0	0	8	0	0	0	0	0	0	0	0	0	0	0	0	0	0	0	0	0	0	0	0	0	0	0	0	0	0	0	0	0	0	0	0	0	0	0	0	0	0	0	0	0	0	0	0	0	0	0	0	0	0	0	0	0	0	0	0	0	0	0	0	0	0	0	0	0	0	0	0	0	0	0	0	0	0	0	0	0	0	0	0	0
