51	48	16	2	0	45	6	2	0	16	2	0	4	0	0	0	29	8	0	0	42	6	2	0	6	2	0	4	0	0	0	14	8	0	0	16	2	0	2	0	0	0	0	0	0	0	4	0	0	0	29	8	0	0	39	6	2	0	6	2	0	4	0	0	0	14	8	0	0	6	2	0	2	0	0	0	0	0	0	0	4	0	0	0	14	8	0	0	16	2	0	0	0	0	0	3	0	0	0	2	0	0	0	0	0	0	0	4	0	0	0	29	8	0	0	36	6	2	0	6	2	0	4	0	0	0	14	8	0	0	6	2	0	2	0	0	0	0	0	0	0	4	0	0	0	14	8	0	0	6	2	0	0	0	0	0	1	0	0	0	2	0	0	0	0	0	0	0	4	0	0	0	14	8	0	0	16	2	0	6	0	0	0	16	0	0	0	0	0	0	0	3	0	0	0	2	0	0	0	0	0	0	0	4	0	0	0	29	8	0	0
150	141	41	30	0	132	21	19	0	41	30	0	21	13	0	0	99	58	0	0	123	21	18	0	21	19	0	21	12	0	0	58	30	0	0	41	30	0	16	6	0	0	16	0	0	0	21	13	0	0	99	58	0	0	114	19	18	0	21	18	0	21	12	0	0	58	30	0	0	21	19	0	6	6	0	0	3	0	0	0	21	12	0	0	58	30	0	0	41	30	0	20	0	0	0	17	6	0	0	16	6	0	0	16	0	0	0	21	13	0	0	99	58	0	0	105	12	15	0	19	18	0	17	12	0	0	53	30	0	0	21	18	0	6	6	0	0	3	0	0	0	21	12	0	0	58	30	0	0	21	19	0	1	0	0	0	4	0	0	0	6	6	0	0	3	0	0	0	21	12	0	0	58	30	0	0	41	30	0	9	9	0	0	27	21	0	0	20	0	0	0	17	6	0	0	16	6	0	0	16	0	0	0	21	13	0	0	99	58	0	0
169	159	59	36	0	149	32	22	0	59	36	0	28	15	0	0	145	91	0	0	139	32	21	0	32	22	0	28	14	0	0	83	63	0	0	59	36	0	13	7	0	0	17	0	0	0	28	15	0	0	145	91	0	0	129	31	21	0	32	21	0	28	14	0	0	83	63	0	0	32	22	0	8	7	0	0	3	0	0	0	28	14	0	0	83	63	0	0	59	36	0	32	0	0	0	22	7	0	0	13	7	0	0	17	0	0	0	28	15	0	0	145	91	0	0	119	22	18	0	31	21	0	27	14	0	0	81	63	0	0	32	21	0	8	7	0	0	3	0	0	0	28	14	0	0	83	63	0	0	32	22	0	9	0	0	0	5	7	0	0	8	7	0	0	3	0	0	0	28	14	0	0	83	63	0	0	59	36	0	23	12	0	0	38	39	0	0	32	0	0	0	22	7	0	0	13	7	0	0	17	0	0	0	28	15	0	0	145	91	0	0
216	202	73	78	0	188	32	55	0	73	78	0	37	92	0	0	165	203	0	0	174	29	50	0	32	55	0	22	80	0	0	81	150	0	0	73	78	0	14	37	0	0	20	24	0	0	37	92	0	0	165	203	0	0	160	27	49	0	29	50	0	19	77	0	0	72	142	0	0	32	55	0	4	35	0	0	0	21	0	0	22	80	0	0	81	150	0	0	73	78	0	35	7	0	0	26	15	0	0	14	37	0	0	20	24	0	0	37	92	0	0	165	203	0	0	146	17	45	0	27	49	0	18	77	0	0	68	140	0	0	29	50	0	4	35	0	0	0	21	0	0	19	77	0	0	72	142	0	0	32	55	0	8	7	0	0	4	14	0	0	4	35	0	0	0	21	0	0	22	80	0	0	81	150	0	0	73	78	0	22	12	0	0	40	34	0	0	35	7	0	0	26	15	0	0	14	37	0	0	20	24	0	0	37	92	0	0	165	203	0	0
188	176	65	53	0	164	31	39	0	65	53	0	28	32	0	0	165	127	0	0	152	31	37	0	31	39	0	28	32	0	0	81	91	0	0	65	53	0	21	14	0	0	30	0	0	0	28	32	0	0	165	127	0	0	140	28	35	0	31	37	0	28	28	0	0	81	87	0	0	31	39	0	6	14	0	0	3	0	0	0	28	32	0	0	81	91	0	0	65	53	0	44	14	0	0	28	11	0	0	21	14	0	0	30	0	0	0	28	32	0	0	165	127	0	0	128	16	30	0	28	35	0	23	28	0	0	74	84	0	0	31	37	0	6	14	0	0	3	0	0	0	28	28	0	0	81	87	0	0	31	39	0	7	14	0	0	5	7	0	0	6	14	0	0	3	0	0	0	28	32	0	0	81	91	0	0	65	53	0	18	10	0	0	34	29	0	0	44	14	0	0	28	11	0	0	21	14	0	0	30	0	0	0	28	32	0	0	165	127	0	0
175	165	58	17	12	155	41	9	0	58	17	12	41	0	0	0	152	25	12	0	145	39	9	0	41	9	0	37	0	0	0	106	9	0	0	58	17	12	23	0	0	0	24	16	0	0	41	0	0	0	152	25	12	0	135	35	8	0	39	9	0	33	0	0	0	101	9	0	0	41	9	0	9	0	0	0	3	0	0	0	37	0	0	0	106	9	0	0	58	17	12	40	8	0	0	26	16	0	0	23	0	0	0	24	16	0	0	41	0	0	0	152	25	12	0	125	21	0	0	35	8	0	29	0	0	0	93	8	0	0	39	9	0	9	0	0	0	3	0	0	0	33	0	0	0	101	9	0	0	41	9	0	9	0	0	0	6	0	0	0	9	0	0	0	3	0	0	0	37	0	0	0	106	9	0	0	58	17	12	13	0	12	0	21	0	12	0	40	8	0	0	26	16	0	0	23	0	0	0	24	16	0	0	41	0	0	0	152	25	12	0
247	232	81	70	12	217	48	50	0	81	70	12	45	40	0	0	192	208	24	0	202	45	50	0	48	50	0	39	40	0	0	116	160	0	0	81	70	12	32	0	0	0	34	24	0	0	45	40	0	0	192	208	24	0	187	38	42	0	45	50	0	33	40	0	0	108	160	0	0	48	50	0	9	0	0	0	4	0	0	0	39	40	0	0	116	160	0	0	81	70	12	44	64	0	0	32	42	0	0	32	0	0	0	34	24	0	0	45	40	0	0	192	208	24	0	172	23	8	0	38	42	0	28	32	0	0	95	136	0	0	45	50	0	9	0	0	0	4	0	0	0	33	40	0	0	108	160	0	0	48	50	0	9	0	0	0	6	10	0	0	9	0	0	0	4	0	0	0	39	40	0	0	116	160	0	0	81	70	12	17	16	12	0	23	40	48	0	44	64	0	0	32	42	0	0	32	0	0	0	34	24	0	0	45	40	0	0	192	208	24	0
251	236	84	78	5	221	49	44	0	84	78	5	57	44	0	0	196	196	25	0	206	42	34	0	49	44	0	33	44	0	0	125	88	0	0	84	78	5	17	60	0	0	19	42	0	0	57	44	0	0	196	196	25	0	191	37	12	0	42	34	0	25	24	0	0	106	63	0	0	49	44	0	4	0	0	0	2	0	0	0	33	44	0	0	125	88	0	0	84	78	5	36	60	0	0	24	30	10	0	17	60	0	0	19	42	0	0	57	44	0	0	196	196	25	0	176	23	0	0	37	12	0	25	0	0	0	99	18	0	0	42	34	0	4	0	0	0	2	0	0	0	25	24	0	0	106	63	0	0	49	44	0	8	0	0	0	5	0	0	0	4	0	0	0	2	0	0	0	33	44	0	0	125	88	0	0	84	78	5	22	0	5	0	28	39	10	0	36	60	0	0	24	30	10	0	17	60	0	0	19	42	0	0	57	44	0	0	196	196	25	0
271	253	85	122	9	235	45	95	0	85	122	9	44	78	0	0	207	314	27	0	217	41	95	0	45	95	0	35	78	0	0	116	249	0	0	85	122	9	31	0	0	0	41	28	0	0	44	78	0	0	207	314	27	0	199	34	80	0	41	95	0	29	78	0	0	105	249	0	0	45	95	0	8	0	0	0	6	0	0	0	35	78	0	0	116	249	0	0	85	122	9	37	123	0	0	37	38	0	0	31	0	0	0	41	28	0	0	44	78	0	0	207	314	27	0	181	19	50	0	34	80	0	24	60	0	0	92	210	0	0	41	95	0	8	0	0	0	6	0	0	0	29	78	0	0	105	249	0	0	45	95	0	3	60	0	0	6	10	0	0	8	0	0	0	6	0	0	0	35	78	0	0	116	249	0	0	85	122	9	12	90	9	0	28	40	27	0	37	123	0	0	37	38	0	0	31	0	0	0	41	28	0	0	44	78	0	0	207	314	27	0
190	179	73	34	5	168	48	10	0	73	34	5	59	0	0	0	175	92	20	0	157	42	10	0	48	10	0	40	0	0	0	121	20	0	0	73	34	5	30	0	0	0	21	36	0	0	59	0	0	0	175	92	20	0	146	35	6	0	42	10	0	32	0	0	0	105	20	0	0	48	10	0	7	0	0	0	4	0	0	0	40	0	0	0	121	20	0	0	73	34	5	43	24	0	0	23	30	0	0	30	0	0	0	21	36	0	0	59	0	0	0	175	92	20	0	135	20	0	0	35	6	0	28	0	0	0	93	12	0	0	42	10	0	7	0	0	0	4	0	0	0	32	0	0	0	105	20	0	0	48	10	0	9	0	0	0	6	0	0	0	7	0	0	0	4	0	0	0	40	0	0	0	121	20	0	0	73	34	5	19	0	5	0	20	30	5	0	43	24	0	0	23	30	0	0	30	0	0	0	21	36	0	0	59	0	0	0	175	92	20	0
253	237	74	81	35	221	41	55	0	74	81	35	47	80	0	0	177	214	70	43	205	34	33	0	41	55	0	27	36	0	0	108	153	0	0	74	81	35	10	36	12	0	10	0	70	0	47	80	0	0	177	214	70	43	189	20	15	0	34	33	0	19	0	0	0	89	102	0	0	41	55	0	1	0	0	0	2	0	0	0	27	36	0	0	108	153	0	0	74	81	35	12	0	79	0	12	0	70	0	10	36	12	0	10	0	70	0	47	80	0	0	177	214	70	43	173	16	13	0	20	15	0	15	0	0	0	59	75	0	0	34	33	0	1	0	0	0	2	0	0	0	19	0	0	0	89	102	0	0	41	55	0	6	0	0	0	4	0	0	0	1	0	0	0	2	0	0	0	27	36	0	0	108	153	0	0	74	81	35	18	26	8	0	29	39	0	0	12	0	79	0	12	0	70	0	10	36	12	0	10	0	70	0	47	80	0	0	177	214	70	43
231	216	70	74	27	201	42	54	0	70	74	27	51	36	0	0	176	149	54	31	186	34	42	0	42	54	0	29	16	0	0	115	132	0	0	70	74	27	10	32	12	0	13	0	27	0	51	36	0	0	176	149	54	31	171	21	26	0	34	42	0	19	0	0	0	94	102	0	0	42	54	0	1	0	0	0	4	0	0	0	29	16	0	0	115	132	0	0	70	74	27	12	0	71	0	13	0	54	0	10	32	12	0	13	0	27	0	51	36	0	0	176	149	54	31	156	17	22	0	21	26	0	15	0	0	0	65	78	0	0	34	42	0	1	0	0	0	4	0	0	0	19	0	0	0	94	102	0	0	42	54	0	6	0	0	0	4	0	0	0	1	0	0	0	4	0	0	0	29	16	0	0	115	132	0	0	70	74	27	18	44	8	0	26	33	0	0	12	0	71	0	13	0	54	0	10	32	12	0	13	0	27	0	51	36	0	0	176	149	54	31
182	171	55	31	19	160	35	7	0	55	31	19	45	21	0	0	135	51	57	19	149	27	0	0	35	7	0	24	0	0	0	92	21	0	0	55	31	19	14	0	12	0	1	0	19	0	45	21	0	0	135	51	57	19	138	16	0	0	27	0	0	12	0	0	0	71	0	0	0	35	7	0	1	0	0	0	1	0	0	0	24	0	0	0	92	21	0	0	55	31	19	6	0	39	0	2	0	0	0	14	0	12	0	1	0	19	0	45	21	0	0	135	51	57	19	127	16	0	0	16	0	0	12	0	0	0	51	0	0	0	27	0	0	1	0	0	0	1	0	0	0	12	0	0	0	71	0	0	0	35	7	0	6	0	0	0	2	0	0	0	1	0	0	0	1	0	0	0	24	0	0	0	92	21	0	0	55	31	19	18	0	0	0	21	0	0	0	6	0	39	0	2	0	0	0	14	0	12	0	1	0	19	0	45	21	0	0	135	51	57	19
226	212	60	65	12	198	30	23	0	60	65	12	36	82	0	0	143	140	60	10	184	23	6	0	30	23	0	22	12	0	0	80	41	0	0	60	65	12	9	30	12	0	5	0	24	0	36	82	0	0	143	140	60	10	170	16	0	0	23	6	0	12	0	0	0	61	6	0	0	30	23	0	1	0	0	0	4	0	0	0	22	12	0	0	80	41	0	0	60	65	12	0	0	18	0	4	0	12	0	9	30	12	0	5	0	24	0	36	82	0	0	143	140	60	10	156	16	0	0	16	0	0	12	0	0	0	50	0	0	0	23	6	0	1	0	0	0	4	0	0	0	12	0	0	0	61	6	0	0	30	23	0	0	0	0	0	2	0	0	0	1	0	0	0	4	0	0	0	22	12	0	0	80	41	0	0	60	65	12	9	0	0	0	22	0	0	0	0	0	18	0	4	0	12	0	9	30	12	0	5	0	24	0	36	82	0	0	143	140	60	10
216	201	71	84	6	186	32	50	0	71	84	6	45	71	0	0	164	229	30	5	171	24	44	0	32	50	0	26	44	0	0	85	147	0	0	71	84	6	15	11	12	0	11	0	6	0	45	71	0	0	164	229	30	5	156	17	44	0	24	44	0	14	44	0	0	64	132	0	0	32	50	0	2	11	0	0	5	0	0	0	26	44	0	0	85	147	0	0	69	84	6	3	0	12	0	6	0	0	0	15	11	12	0	11	0	6	0	45	71	0	0	159	229	30	5	141	16	44	0	17	44	0	14	44	0	0	54	132	0	0	24	44	0	2	11	0	0	5	0	0	0	14	44	0	0	64	132	0	0	30	50	0	0	0	0	0	2	0	0	0	2	11	0	0	5	0	0	0	26	44	0	0	80	147	0	0	67	84	6	15	0	0	0	16	12	0	0	3	0	12	0	6	0	0	0	15	11	12	0	11	0	6	0	41	71	0	0	151	229	30	5
153	143	36	17	35	133	15	9	0	36	17	35	14	0	50	0	94	69	35	99	123	10	9	0	15	9	0	6	0	0	0	40	45	0	0	36	17	35	1	0	40	0	7	0	0	0	14	0	50	0	94	69	35	99	113	10	9	0	10	9	0	6	0	0	0	33	45	0	0	15	9	0	1	0	0	0	1	0	0	0	6	0	0	0	40	45	0	0	36	17	35	0	0	0	0	5	0	0	0	1	0	40	0	7	0	0	0	14	0	50	0	94	69	35	99	103	10	9	0	10	9	0	6	0	0	0	33	45	0	0	10	9	0	1	0	0	0	1	0	0	0	6	0	0	0	33	45	0	0	15	9	0	0	0	0	0	1	0	0	0	1	0	0	0	1	0	0	0	6	0	0	0	40	45	0	0	36	17	35	9	0	0	0	13	0	0	0	0	0	0	0	5	0	0	0	1	0	40	0	7	0	0	0	14	0	50	0	94	69	35	99
172	161	46	28	20	150	23	0	0	46	28	20	22	0	35	0	117	70	80	53	139	20	0	0	23	0	0	16	0	0	0	62	0	0	0	46	28	20	1	0	24	0	8	0	0	0	22	0	35	0	117	70	80	53	128	20	0	0	20	0	0	16	0	0	0	58	0	0	0	23	0	0	1	0	0	0	8	0	0	0	16	0	0	0	62	0	0	0	46	28	20	0	0	0	0	4	0	0	0	1	0	24	0	8	0	0	0	22	0	35	0	117	70	80	53	117	20	0	0	20	0	0	16	0	0	0	58	0	0	0	20	0	0	1	0	0	0	8	0	0	0	16	0	0	0	58	0	0	0	23	0	0	0	0	0	0	4	0	0	0	1	0	0	0	8	0	0	0	16	0	0	0	62	0	0	0	46	28	20	5	0	0	0	16	0	0	0	0	0	0	0	4	0	0	0	1	0	24	0	8	0	0	0	22	0	35	0	117	70	80	53
112	105	22	0	26	98	10	0	0	22	0	26	8	0	32	0	58	0	0	64	91	7	0	0	10	0	0	4	0	0	0	27	0	0	0	22	0	26	1	0	22	0	0	0	0	0	8	0	32	0	58	0	0	64	84	7	0	0	7	0	0	4	0	0	0	23	0	0	0	10	0	0	1	0	0	0	0	0	0	0	4	0	0	0	27	0	0	0	22	0	26	0	0	0	0	0	0	0	0	1	0	22	0	0	0	0	0	8	0	32	0	58	0	0	64	77	7	0	0	7	0	0	4	0	0	0	23	0	0	0	7	0	0	1	0	0	0	0	0	0	0	4	0	0	0	23	0	0	0	10	0	0	0	0	0	0	0	0	0	0	1	0	0	0	0	0	0	0	4	0	0	0	27	0	0	0	22	0	26	4	0	0	0	4	0	0	0	0	0	0	0	0	0	0	0	1	0	22	0	0	0	0	0	8	0	32	0	58	0	0	64
142	133	34	14	18	124	16	0	0	34	14	18	15	0	24	0	90	28	36	37	115	15	0	0	16	0	0	13	0	0	0	44	0	0	0	34	14	18	1	0	6	0	4	0	0	0	15	0	24	0	90	28	36	37	106	15	0	0	15	0	0	13	0	0	0	43	0	0	0	16	0	0	1	0	0	0	4	0	0	0	13	0	0	0	44	0	0	0	34	14	18	0	0	0	0	2	0	0	0	1	0	6	0	4	0	0	0	15	0	24	0	90	28	36	37	97	15	0	0	15	0	0	13	0	0	0	43	0	0	0	15	0	0	1	0	0	0	4	0	0	0	13	0	0	0	43	0	0	0	16	0	0	0	0	0	0	2	0	0	0	1	0	0	0	4	0	0	0	13	0	0	0	44	0	0	0	34	14	18	3	0	0	0	6	0	0	0	0	0	0	0	2	0	0	0	1	0	6	0	4	0	0	0	15	0	24	0	90	28	36	37
182	168	60	71	11	154	24	45	0	60	71	11	36	54	17	0	135	168	55	18	140	20	45	0	24	45	0	19	54	0	0	65	108	0	0	60	71	11	8	0	6	0	7	27	0	0	36	54	17	0	135	168	55	18	126	19	45	0	20	45	0	16	54	0	0	55	108	0	0	24	45	0	3	0	0	0	7	27	0	0	19	54	0	0	65	108	0	0	58	71	11	3	0	0	0	5	9	0	0	8	0	6	0	7	27	0	0	36	54	17	0	130	168	55	18	112	18	45	0	19	45	0	16	54	0	0	53	108	0	0	20	45	0	3	0	0	0	7	27	0	0	16	54	0	0	55	108	0	0	22	45	0	0	0	0	0	4	9	0	0	3	0	0	0	7	27	0	0	19	54	0	0	60	108	0	0	56	71	11	9	0	0	0	17	9	0	0	3	0	0	0	5	9	0	0	8	0	6	0	7	27	0	0	32	54	17	0	122	168	55	18
163	152	41	18	44	141	20	0	26	41	18	44	15	0	55	48	94	27	88	31	130	20	0	6	20	0	26	15	0	46	0	51	0	52	0	41	18	44	0	0	0	30	12	0	0	47	15	0	55	48	94	27	88	31	119	20	0	0	20	0	6	15	0	12	0	51	0	12	0	20	0	26	0	0	0	0	10	0	0	0	15	0	46	0	51	0	52	0	41	18	44	6	0	0	0	11	0	0	5	0	0	0	30	12	0	0	47	15	0	55	48	94	27	88	31	108	17	0	0	20	0	0	15	0	0	0	51	0	0	0	20	0	6	0	0	0	0	10	0	0	0	15	0	12	0	51	0	12	0	20	0	26	0	0	0	0	6	0	0	0	0	0	0	0	10	0	0	0	15	0	46	0	51	0	52	0	41	18	44	7	0	0	0	22	27	0	0	6	0	0	0	11	0	0	5	0	0	0	30	12	0	0	47	15	0	55	48	94	27	88	31
280	260	66	95	89	240	31	51	46	66	95	89	22	34	75	110	154	259	267	84	220	30	51	6	31	51	46	21	34	62	0	84	170	138	0	66	95	89	4	0	0	30	22	18	0	99	22	34	75	110	154	259	267	84	200	29	51	0	30	51	6	20	34	12	0	80	170	18	0	31	51	46	3	0	0	0	13	17	0	0	21	34	62	0	84	170	138	0	66	95	89	12	0	0	0	18	18	0	5	4	0	0	30	22	18	0	99	22	34	75	110	154	259	267	84	180	25	48	0	29	51	0	20	34	0	0	78	170	0	0	30	51	6	3	0	0	0	13	17	0	0	20	34	12	0	80	170	18	0	31	51	46	3	0	0	0	7	17	0	0	3	0	0	0	13	17	0	0	21	34	62	0	84	170	138	0	66	95	89	15	42	0	0	28	56	0	0	12	0	0	0	18	18	0	5	4	0	0	30	22	18	0	99	22	34	75	110	154	259	267	84
136	126	32	24	18	116	13	16	0	32	24	18	11	8	0	0	71	39	18	49	106	13	16	0	13	16	0	11	8	0	0	33	32	0	0	32	24	18	0	0	0	0	10	0	0	0	11	8	0	0	71	39	18	49	96	13	16	0	13	16	0	11	8	0	0	33	32	0	0	13	16	0	0	0	0	0	9	0	0	0	11	8	0	0	33	32	0	0	32	24	18	0	0	0	0	8	0	0	0	0	0	0	0	10	0	0	0	11	8	0	0	71	39	18	49	86	13	16	0	13	16	0	11	8	0	0	33	32	0	0	13	16	0	0	0	0	0	9	0	0	0	11	8	0	0	33	32	0	0	13	16	0	0	0	0	0	5	0	0	0	0	0	0	0	9	0	0	0	11	8	0	0	33	32	0	0	32	24	18	3	0	0	0	18	0	0	0	0	0	0	0	8	0	0	0	0	0	0	0	10	0	0	0	11	8	0	0	71	39	18	49
181	167	57	67	11	153	26	40	0	57	67	11	35	30	0	0	128	160	44	31	139	22	40	0	26	40	0	19	30	0	0	67	100	0	0	57	67	11	8	0	0	0	17	40	0	0	35	30	0	0	128	160	44	31	125	20	40	0	22	40	0	15	30	0	0	54	100	0	0	26	40	0	2	0	0	0	10	40	0	0	19	30	0	0	67	100	0	0	57	67	11	12	0	0	0	16	20	0	0	8	0	0	0	17	40	0	0	35	30	0	0	128	160	44	31	111	16	40	0	20	40	0	15	30	0	0	50	100	0	0	22	40	0	2	0	0	0	10	40	0	0	15	30	0	0	54	100	0	0	26	40	0	3	0	0	0	6	20	0	0	2	0	0	0	10	40	0	0	19	30	0	0	67	100	0	0	57	67	11	12	0	0	0	17	24	0	0	12	0	0	0	16	20	0	0	8	0	0	0	17	40	0	0	35	30	0	0	128	160	44	31
154	143	53	35	4	132	27	10	0	53	35	4	21	0	0	0	129	85	20	11	121	26	10	0	27	10	0	20	0	0	0	69	10	0	0	53	35	4	8	0	0	0	25	10	0	0	21	0	0	0	129	85	20	11	110	24	10	0	26	10	0	19	0	0	0	65	10	0	0	27	10	0	2	0	0	0	13	10	0	0	20	0	0	0	69	10	0	0	53	35	4	17	0	0	0	19	15	0	0	8	0	0	0	25	10	0	0	21	0	0	0	129	85	20	11	99	19	10	0	24	10	0	18	0	0	0	61	10	0	0	26	10	0	2	0	0	0	13	10	0	0	19	0	0	0	65	10	0	0	27	10	0	3	0	0	0	7	10	0	0	2	0	0	0	13	10	0	0	20	0	0	0	69	10	0	0	53	35	4	12	0	0	0	17	25	0	0	17	0	0	0	19	15	0	0	8	0	0	0	25	10	0	0	21	0	0	0	129	85	20	11
251	233	54	17	126	215	37	0	78	54	17	126	27	0	16	76	142	17	126	166	197	35	0	69	37	0	78	25	0	16	60	97	0	78	72	54	17	126	11	0	6	64	23	17	0	0	27	0	16	76	142	17	126	166	179	30	0	35	35	0	69	23	0	16	12	93	0	69	12	37	0	78	4	0	6	0	12	0	0	0	25	0	16	60	97	0	78	72	54	17	126	22	0	20	75	18	34	0	74	11	0	6	64	23	17	0	0	27	0	16	76	142	17	126	166	161	17	0	3	30	0	35	14	0	14	0	81	0	35	0	35	0	69	3	0	6	0	12	0	0	0	23	0	16	12	93	0	69	12	37	0	78	7	0	20	0	8	0	0	0	4	0	6	0	12	0	0	0	25	0	16	60	97	0	78	72	54	17	126	14	0	79	9	7	17	0	38	22	0	20	75	18	34	0	74	11	0	6	64	23	17	0	0	27	0	16	76	142	17	126	166
226	209	69	81	46	192	36	30	41	69	81	46	54	15	31	0	137	212	230	4	175	25	25	41	36	30	41	28	15	31	0	86	60	205	0	69	81	46	13	50	42	0	20	50	0	0	54	15	31	0	137	212	230	4	158	17	10	36	25	25	41	16	10	31	0	61	50	205	0	36	30	41	4	0	42	0	7	0	0	0	28	15	31	0	86	60	205	0	69	81	46	17	50	41	37	18	30	46	0	13	50	42	0	20	50	0	0	54	15	31	0	137	212	230	4	141	9	0	9	17	10	36	8	0	29	0	44	20	180	0	25	25	41	3	0	42	0	7	0	0	0	16	10	31	0	61	50	205	0	36	30	41	7	0	41	0	5	0	41	0	4	0	42	0	7	0	0	0	28	15	31	0	86	60	205	0	69	81	46	14	0	30	34	8	10	46	21	17	50	41	37	18	30	46	0	13	50	42	0	20	50	0	0	54	15	31	0	137	212	230	4
261	241	60	95	101	221	34	64	62	60	95	101	24	48	10	54	157	189	202	148	201	32	64	58	34	64	62	22	48	10	48	97	144	124	72	60	95	101	12	0	0	34	34	33	0	0	24	48	10	54	157	189	202	148	181	26	58	27	32	64	58	19	48	10	12	89	144	116	12	34	64	62	4	0	0	0	13	16	0	0	22	48	10	48	97	144	124	72	60	95	101	16	84	20	91	25	47	0	62	12	0	0	34	34	33	0	0	24	48	10	54	157	189	202	148	161	16	14	0	26	58	27	10	42	8	0	75	128	54	0	32	64	58	3	0	0	0	13	16	0	0	19	48	10	12	89	144	116	12	34	64	62	7	0	20	0	7	16	0	0	4	0	0	0	13	16	0	0	22	48	10	48	97	144	124	72	60	95	101	14	28	79	0	10	14	303	31	16	84	20	91	25	47	0	62	12	0	0	34	34	33	0	0	24	48	10	54	157	189	202	148
150	139	51	28	21	128	27	0	10	51	28	21	35	0	10	0	105	84	84	15	117	23	0	10	27	0	10	19	0	10	0	70	0	40	0	51	28	21	16	0	0	0	19	28	0	0	35	0	10	0	105	84	84	15	106	19	0	8	23	0	10	14	0	10	0	57	0	40	0	27	0	10	4	0	0	0	11	0	0	0	19	0	10	0	70	0	40	0	51	28	21	22	0	0	16	16	21	0	0	16	0	0	0	19	28	0	0	35	0	10	0	105	84	84	15	95	13	0	0	19	0	8	11	0	8	0	48	0	32	0	23	0	10	3	0	0	0	11	0	0	0	14	0	10	0	57	0	40	0	27	0	10	7	0	0	0	7	0	0	0	4	0	0	0	11	0	0	0	19	0	10	0	70	0	40	0	51	28	21	14	0	0	0	7	7	0	12	22	0	0	16	16	21	0	0	16	0	0	0	19	28	0	0	35	0	10	0	105	84	84	15
178	163	60	80	25	148	27	56	0	60	80	25	36	33	0	0	135	215	75	104	133	22	54	0	27	56	0	19	33	0	0	72	158	0	46	60	80	25	15	22	0	0	26	51	0	0	36	33	0	0	135	215	75	104	118	17	48	0	22	54	0	13	31	0	0	55	150	0	6	27	56	0	2	20	0	0	8	40	0	0	19	33	0	0	72	158	0	46	60	80	25	16	53	0	0	23	36	0	0	15	22	0	0	26	51	0	0	36	33	0	0	135	215	75	104	103	11	34	0	17	48	0	10	24	0	0	44	136	0	0	22	54	0	1	20	0	0	8	40	0	0	13	31	0	0	55	150	0	6	27	56	0	4	30	0	0	6	20	0	0	2	20	0	0	8	40	0	0	19	33	0	0	72	158	0	46	60	80	25	7	52	14	0	9	7	25	0	16	53	0	0	23	36	0	0	15	22	0	0	26	51	0	0	36	33	0	0	135	215	75	104
204	188	37	48	63	172	20	0	32	37	48	63	35	0	39	60	65	12	252	92	156	13	0	32	20	0	32	13	0	34	60	56	0	128	51	37	48	63	11	0	18	0	5	0	0	0	35	0	39	60	65	12	252	92	140	8	0	32	13	0	32	7	0	34	60	35	0	128	51	20	0	32	4	0	7	0	5	0	0	0	13	0	34	60	56	0	128	51	37	48	63	8	0	17	0	3	0	0	0	11	0	18	0	5	0	0	0	35	0	39	60	65	12	252	92	124	5	0	30	8	0	32	3	0	34	52	24	0	128	44	13	0	32	3	0	7	0	5	0	0	0	7	0	34	60	35	0	128	51	20	0	32	7	0	0	0	3	0	0	0	4	0	7	0	5	0	0	0	13	0	34	60	56	0	128	51	37	48	63	6	0	14	16	3	0	0	0	8	0	17	0	3	0	0	0	11	0	18	0	5	0	0	0	35	0	39	60	65	12	252	92
194	178	42	86	25	162	14	33	7	42	86	25	16	141	24	7	74	166	125	67	146	10	7	7	14	33	7	9	21	21	7	40	87	35	51	42	86	25	4	35	18	0	5	0	75	0	16	141	24	7	74	166	125	67	130	7	0	7	10	7	7	6	0	21	7	28	14	35	51	14	33	7	2	0	7	0	2	0	21	0	9	21	21	7	40	87	35	51	42	86	25	5	0	10	0	4	0	25	0	4	35	18	0	5	0	75	0	16	141	24	7	74	166	125	67	114	6	0	7	7	0	7	4	0	21	7	21	0	35	44	10	7	7	1	0	7	0	2	0	21	0	6	0	21	7	28	14	35	51	14	33	7	4	0	0	0	1	0	7	0	2	0	7	0	2	0	21	0	9	21	21	7	40	87	35	51	42	86	25	9	0	0	0	10	0	0	0	5	0	10	0	4	0	25	0	4	35	18	0	5	0	75	0	16	141	24	7	74	166	125	67
188	171	61	98	55	154	26	82	0	61	98	55	38	79	0	0	128	269	55	319	137	20	69	0	26	82	0	19	66	0	0	71	251	0	191	61	98	55	8	41	10	0	22	13	55	0	38	79	0	0	128	269	55	319	120	13	46	0	20	69	0	14	44	0	0	52	205	0	178	26	82	0	2	20	0	0	7	11	0	0	19	66	0	0	71	251	0	191	61	98	55	12	57	59	0	17	13	110	0	8	41	10	0	22	13	55	0	38	79	0	0	128	269	55	319	103	7	32	0	13	46	0	9	22	0	0	36	144	0	106	20	69	0	2	10	0	0	7	10	0	0	14	44	0	0	52	205	0	178	26	82	0	3	42	0	0	7	11	0	0	2	20	0	0	7	11	0	0	19	66	0	0	71	251	0	191	61	98	55	11	54	28	0	8	33	55	0	12	57	59	0	17	13	110	0	8	41	10	0	22	13	55	0	38	79	0	0	128	269	55	319
128	118	36	16	38	108	23	0	0	36	16	38	35	0	0	0	68	0	76	193	98	17	0	0	23	0	0	16	0	0	0	63	0	0	113	36	16	38	11	0	10	0	6	0	0	0	35	0	0	0	68	0	76	193	88	9	0	0	17	0	0	10	0	0	0	44	0	0	109	23	0	0	4	0	0	0	6	0	0	0	16	0	0	0	63	0	0	113	36	16	38	8	0	59	0	4	0	0	0	11	0	10	0	6	0	0	0	35	0	0	0	68	0	76	193	78	5	0	0	9	0	0	3	0	0	0	25	0	0	71	17	0	0	3	0	0	0	6	0	0	0	10	0	0	0	44	0	0	109	23	0	0	7	0	0	0	4	0	0	0	4	0	0	0	6	0	0	0	16	0	0	0	63	0	0	113	36	16	38	6	0	28	0	3	0	0	0	8	0	59	0	4	0	0	0	11	0	10	0	6	0	0	0	35	0	0	0	68	0	76	193
112	103	32	23	10	94	16	5	0	32	23	10	28	15	0	0	60	32	30	46	85	11	0	0	16	5	0	12	0	0	0	45	20	0	41	32	23	10	9	0	10	0	2	0	10	0	28	15	0	0	60	32	30	46	76	7	0	0	11	0	0	6	0	0	0	30	0	0	41	16	5	0	2	0	0	0	2	0	0	0	12	0	0	0	45	20	0	41	32	23	10	5	0	10	0	1	0	0	0	9	0	10	0	2	0	10	0	28	15	0	0	60	32	30	46	67	6	0	0	7	0	0	4	0	0	0	21	0	0	36	11	0	0	1	0	0	0	2	0	0	0	6	0	0	0	30	0	0	41	16	5	0	4	0	0	0	1	0	0	0	2	0	0	0	2	0	0	0	12	0	0	0	45	20	0	41	32	23	10	9	0	0	0	6	0	0	0	5	0	10	0	1	0	0	0	9	0	10	0	2	0	10	0	28	15	0	0	60	32	30	46
120	110	10	0	51	100	1	0	23	10	0	51	3	0	36	31	24	0	0	98	90	0	0	20	1	0	23	0	0	8	27	2	0	0	39	10	0	51	0	0	7	20	0	0	0	0	3	0	36	31	24	0	0	98	80	0	0	20	0	0	20	0	0	7	27	0	0	0	39	1	0	23	0	0	0	20	0	0	0	0	0	0	8	27	2	0	0	39	10	0	51	0	0	0	0	0	0	0	0	0	0	7	20	0	0	0	0	3	0	36	31	24	0	0	98	70	0	0	20	0	0	20	0	0	7	27	0	0	0	39	0	0	20	0	0	0	20	0	0	0	0	0	0	7	27	0	0	0	39	1	0	23	0	0	0	0	0	0	0	0	0	0	0	20	0	0	0	0	0	0	8	27	2	0	0	39	10	0	51	0	0	0	0	0	0	0	0	0	0	0	0	0	0	0	0	0	0	7	20	0	0	0	0	3	0	36	31	24	0	0	98
95	87	11	7	37	79	1	0	16	11	7	37	3	0	47	16	23	7	37	88	71	0	0	14	1	0	16	0	0	24	14	2	0	16	39	11	7	37	0	0	7	14	0	0	0	0	3	0	47	16	23	7	37	88	63	0	0	14	0	0	14	0	0	21	14	0	0	14	39	1	0	16	0	0	0	14	0	0	0	0	0	0	24	14	2	0	16	39	11	7	37	0	0	0	0	0	0	0	0	0	0	7	14	0	0	0	0	3	0	47	16	23	7	37	88	55	0	0	14	0	0	14	0	0	21	14	0	0	14	39	0	0	14	0	0	0	14	0	0	0	0	0	0	21	14	0	0	14	39	1	0	16	0	0	0	0	0	0	0	0	0	0	0	14	0	0	0	0	0	0	24	14	2	0	16	39	11	7	37	0	0	0	0	0	0	0	0	0	0	0	0	0	0	0	0	0	0	7	14	0	0	0	0	3	0	47	16	23	7	37	88
93	85	14	15	25	77	1	0	16	14	15	25	3	0	47	16	27	30	75	25	69	0	0	14	1	0	16	0	0	24	14	2	0	48	7	14	15	25	0	0	7	14	0	0	0	0	3	0	47	16	27	30	75	25	61	0	0	14	0	0	14	0	0	21	14	0	0	42	7	1	0	16	0	0	0	14	0	0	0	0	0	0	24	14	2	0	48	7	14	15	25	0	0	0	0	0	0	0	0	0	0	7	14	0	0	0	0	3	0	47	16	27	30	75	25	53	0	0	14	0	0	14	0	0	21	14	0	0	42	7	0	0	14	0	0	0	14	0	0	0	0	0	0	21	14	0	0	42	7	1	0	16	0	0	0	0	0	0	0	0	0	0	0	14	0	0	0	0	0	0	24	14	2	0	48	7	14	15	25	0	0	0	0	3	0	0	0	0	0	0	0	0	0	0	0	0	0	7	14	0	0	0	0	3	0	47	16	27	30	75	25
84	77	12	0	41	70	7	0	0	12	0	41	9	0	35	0	36	0	0	191	63	4	0	0	7	0	0	4	0	0	0	19	0	0	39	12	0	41	2	0	25	0	1	0	0	0	9	0	35	0	36	0	0	191	56	3	0	0	4	0	0	2	0	0	0	12	0	0	39	7	0	0	1	0	0	0	1	0	0	0	4	0	0	0	19	0	0	39	12	0	41	4	0	9	0	1	0	0	0	2	0	25	0	1	0	0	0	9	0	35	0	36	0	0	191	49	3	0	0	3	0	0	2	0	0	0	11	0	0	39	4	0	0	1	0	0	0	1	0	0	0	2	0	0	0	12	0	0	39	7	0	0	4	0	0	0	1	0	0	0	1	0	0	0	1	0	0	0	4	0	0	0	19	0	0	39	12	0	41	5	0	0	0	3	0	0	0	4	0	9	0	1	0	0	0	2	0	25	0	1	0	0	0	9	0	35	0	36	0	0	191
84	77	6	0	32	70	1	0	0	6	0	32	3	0	26	0	16	0	0	136	63	0	0	0	1	0	0	0	0	0	0	2	0	0	39	6	0	32	0	0	7	0	0	0	0	0	3	0	26	0	16	0	0	136	56	0	0	0	0	0	0	0	0	0	0	0	0	0	39	1	0	0	0	0	0	0	0	0	0	0	0	0	0	0	2	0	0	39	6	0	32	0	0	0	0	0	0	0	0	0	0	7	0	0	0	0	0	3	0	26	0	16	0	0	136	49	0	0	0	0	0	0	0	0	0	0	0	0	0	39	0	0	0	0	0	0	0	0	0	0	0	0	0	0	0	0	0	0	39	1	0	0	0	0	0	0	0	0	0	0	0	0	0	0	0	0	0	0	0	0	0	0	2	0	0	39	6	0	32	0	0	0	0	0	0	0	0	0	0	0	0	0	0	0	0	0	0	7	0	0	0	0	0	3	0	26	0	16	0	0	136
119	108	21	18	68	97	5	0	53	21	18	68	2	0	66	81	49	27	136	25	86	5	0	39	5	0	53	2	0	61	40	16	0	106	16	21	18	68	0	0	0	66	7	0	0	25	2	0	66	81	49	27	136	25	75	5	0	24	5	0	39	2	0	49	35	16	0	78	14	5	0	53	0	0	0	14	3	0	0	7	2	0	61	40	16	0	106	16	21	18	68	0	0	0	44	4	0	0	46	0	0	0	66	7	0	0	25	2	0	66	81	49	27	136	25	64	5	0	24	5	0	24	2	0	30	35	16	0	48	14	5	0	39	0	0	0	14	3	0	0	7	2	0	49	35	16	0	78	14	5	0	53	0	0	0	44	0	0	0	41	0	0	0	14	3	0	0	7	2	0	61	40	16	0	106	16	21	18	68	6	0	0	0	7	0	0	0	0	0	0	44	4	0	0	46	0	0	0	66	7	0	0	25	2	0	66	81	49	27	136	25
65	59	8	5	22	53	2	0	8	8	5	22	0	0	0	16	17	5	22	62	47	2	0	8	2	0	8	0	0	0	16	7	0	8	32	8	5	22	0	0	0	0	3	0	0	0	0	0	0	16	17	5	22	62	41	2	0	7	2	0	8	0	0	0	14	7	0	8	28	2	0	8	0	0	0	0	2	0	0	0	0	0	0	16	7	0	8	32	8	5	22	0	0	0	7	1	0	0	0	0	0	0	0	3	0	0	0	0	0	0	16	17	5	22	62	35	2	0	7	2	0	7	0	0	0	14	7	0	7	28	2	0	8	0	0	0	0	2	0	0	0	0	0	0	14	7	0	8	28	2	0	8	0	0	0	7	0	0	0	0	0	0	0	0	2	0	0	0	0	0	0	16	7	0	8	32	8	5	22	2	0	0	0	3	0	0	0	0	0	0	7	1	0	0	0	0	0	0	0	3	0	0	0	0	0	0	16	17	5	22	62
107	97	36	21	30	87	14	0	20	36	21	30	11	0	51	35	90	42	90	25	77	14	0	13	14	0	20	11	0	46	0	41	0	60	16	36	21	30	0	0	0	0	13	0	0	25	11	0	51	35	90	42	90	25	67	14	0	10	14	0	13	11	0	39	0	41	0	39	14	14	0	20	0	0	0	0	6	0	0	7	11	0	46	0	41	0	60	16	36	21	30	9	0	0	30	11	0	0	0	0	0	0	0	13	0	0	25	11	0	51	35	90	42	90	25	57	11	0	10	14	0	10	11	0	30	0	41	0	30	14	14	0	13	0	0	0	0	6	0	0	7	11	0	39	0	41	0	39	14	14	0	20	0	0	0	30	4	0	0	0	0	0	0	0	6	0	0	7	11	0	46	0	41	0	60	16	35	21	30	12	0	0	0	10	21	0	0	9	0	0	30	11	0	0	0	0	0	0	0	13	0	0	25	11	0	51	35	87	42	90	25
122	109	52	56	30	96	20	30	21	52	56	30	20	20	32	59	132	154	120	0	83	18	30	0	20	30	21	15	20	25	0	60	90	84	0	52	56	30	1	0	10	0	23	11	0	90	20	20	32	59	132	154	120	0	70	18	30	0	18	30	0	15	20	0	0	58	90	0	0	20	30	21	1	0	9	0	8	10	0	7	15	20	25	0	60	90	84	0	51	56	30	13	0	0	0	15	0	0	0	1	0	10	0	23	11	0	90	20	20	32	59	131	154	120	0	57	14	26	0	18	30	0	15	20	0	0	58	90	0	0	18	30	0	0	0	0	0	7	10	0	7	15	20	0	0	58	90	0	0	19	30	21	2	0	0	0	5	0	0	0	1	0	9	0	8	10	0	7	15	20	25	0	59	90	84	0	44	56	30	20	24	10	0	15	18	0	0	13	0	0	0	15	0	0	0	1	0	10	0	23	11	0	90	17	20	32	59	112	154	120	0
91	80	49	41	0	69	16	28	0	49	41	0	19	21	0	0	119	116	0	0	58	14	28	0	16	28	0	12	21	0	0	47	77	0	0	49	41	0	0	0	0	0	23	14	0	0	19	21	0	0	119	116	0	0	47	14	28	0	14	28	0	12	21	0	0	45	77	0	0	16	28	0	0	0	0	0	6	14	0	0	12	21	0	0	47	77	0	0	44	41	0	9	0	0	0	18	0	0	0	0	0	0	0	23	14	0	0	19	21	0	0	111	116	0	0	37	11	28	0	14	28	0	12	21	0	0	45	77	0	0	14	28	0	0	0	0	0	6	14	0	0	12	21	0	0	45	77	0	0	14	28	0	0	0	0	0	4	0	0	0	0	0	0	0	6	14	0	0	12	21	0	0	45	77	0	0	34	31	0	20	0	0	0	14	6	0	0	9	0	0	0	18	0	0	0	0	0	0	0	22	14	0	0	12	21	0	0	88	86	0	0
139	124	43	38	73	109	20	26	42	43	38	73	24	0	16	26	109	103	73	150	94	17	26	42	20	26	42	16	0	16	26	57	91	42	102	43	38	73	1	0	0	0	23	38	0	0	24	0	16	26	109	103	73	150	79	16	26	40	17	26	42	15	0	16	26	51	91	42	60	20	26	42	0	0	0	0	6	26	0	0	16	0	16	26	57	91	42	102	41	38	73	9	0	0	28	18	12	0	0	1	0	0	0	23	38	0	0	24	0	16	26	107	103	73	150	64	12	24	21	16	26	40	15	0	14	20	49	91	40	41	17	26	42	0	0	0	0	6	26	0	0	15	0	16	26	51	91	42	60	18	26	42	0	0	0	0	4	0	0	0	0	0	0	0	6	26	0	0	16	0	16	26	55	91	42	102	31	38	73	14	24	6	52	8	0	0	101	9	0	0	28	18	12	0	0	1	0	0	0	22	38	0	0	17	0	16	26	81	103	73	150
158	142	52	28	107	126	32	0	76	52	28	107	31	0	47	87	146	42	214	128	110	29	0	70	32	0	76	26	0	46	71	102	0	152	94	51	28	107	11	0	0	44	28	42	0	0	31	0	47	87	143	42	214	128	94	24	0	44	29	0	70	21	0	45	36	90	0	140	52	31	0	76	3	0	0	0	9	0	0	0	26	0	46	71	99	0	152	94	50	28	107	18	0	21	99	23	42	0	80	11	0	0	44	28	42	0	0	30	0	47	87	139	42	214	128	78	16	0	10	24	0	44	16	0	28	20	75	0	88	34	28	0	70	1	0	0	0	9	0	0	0	21	0	45	36	87	0	140	52	30	0	76	3	0	20	0	8	0	0	7	3	0	0	0	9	0	0	0	25	0	46	71	95	0	152	94	47	28	107	20	0	38	30	8	14	0	172	18	0	21	99	23	42	0	80	11	0	0	44	28	42	0	0	30	0	47	87	128	42	214	128
165	148	64	60	98	131	34	0	94	64	60	98	52	0	72	26	153	180	490	0	114	27	0	94	34	0	94	30	0	72	26	103	0	470	0	63	60	98	15	0	11	0	21	72	0	0	52	0	72	26	150	180	490	0	97	23	0	92	27	0	94	22	0	72	26	82	0	470	0	33	0	94	5	0	11	0	9	0	0	0	30	0	72	26	100	0	470	0	60	60	98	17	0	0	28	20	48	0	0	15	0	11	0	21	72	0	0	51	0	72	26	141	180	490	0	80	18	0	68	23	0	92	20	0	70	20	73	0	460	0	26	0	94	3	0	11	0	9	0	0	0	22	0	72	26	79	0	470	0	30	0	94	3	0	0	0	8	0	0	0	5	0	11	0	9	0	0	0	29	0	72	26	91	0	470	0	55	60	98	26	0	0	120	8	24	0	101	17	0	0	28	20	48	0	0	15	0	11	0	21	72	0	0	47	0	72	26	122	180	490	0
135	119	69	85	26	103	36	55	10	69	85	26	37	66	11	10	186	214	78	60	87	32	55	9	36	55	10	29	66	10	9	114	154	30	41	67	85	26	23	0	0	9	36	38	0	0	37	66	11	10	180	214	78	60	71	24	46	0	32	55	9	24	66	9	0	101	154	27	13	34	55	10	5	0	0	0	9	11	0	0	29	66	10	9	108	154	30	41	59	85	26	13	72	11	0	16	68	0	55	23	0	0	9	36	38	0	0	32	66	11	10	158	214	78	60	55	18	16	0	24	46	0	16	48	0	0	78	124	0	10	30	55	9	3	0	0	0	9	11	0	0	24	66	9	0	95	154	27	13	26	55	10	3	0	10	0	4	44	0	0	5	0	0	0	9	11	0	0	24	66	10	9	86	154	30	41	50	85	26	20	48	28	0	6	27	78	0	13	72	11	0	16	68	0	55	23	0	0	9	36	38	0	0	25	66	11	10	131	214	78	60
114	100	66	68	8	86	30	40	0	66	68	8	37	40	0	0	158	226	32	30	72	25	40	0	30	40	0	25	40	0	0	88	150	0	21	65	68	8	10	0	0	0	22	38	0	0	37	40	0	0	155	226	32	30	58	22	40	0	25	40	0	20	40	0	0	74	150	0	0	29	40	0	5	0	0	0	8	20	0	0	25	40	0	0	85	150	0	21	52	68	8	17	0	0	0	19	18	0	0	10	0	0	0	22	38	0	0	36	40	0	0	123	226	32	30	46	16	32	0	22	40	0	18	40	0	0	67	150	0	0	24	40	0	3	0	0	0	8	20	0	0	20	40	0	0	71	150	0	0	24	40	0	3	0	0	0	8	0	0	0	5	0	0	0	8	20	0	0	24	40	0	0	74	150	0	21	42	44	8	18	48	6	0	7	12	0	0	17	0	0	0	19	18	0	0	10	0	0	0	21	38	0	0	25	40	0	0	97	130	32	30
124	107	59	95	47	90	26	62	20	58	95	47	46	76	30	11	135	233	141	132	73	19	60	20	25	62	20	23	72	29	11	75	197	60	104	50	95	47	13	24	0	0	4	12	0	0	44	76	30	11	116	233	141	132	58	12	57	20	18	60	20	15	72	29	11	53	192	60	103	22	62	20	3	24	0	0	4	12	0	0	21	72	29	11	67	197	60	104	40	65	47	5	27	24	0	8	0	0	0	13	24	0	0	4	12	0	0	43	76	30	11	90	158	141	132	45	7	42	20	11	57	20	7	66	29	11	34	183	60	92	15	60	20	1	24	0	0	4	12	0	0	13	72	29	11	45	192	60	103	20	36	20	3	0	0	0	8	0	0	0	3	24	0	0	4	12	0	0	20	72	29	11	62	132	60	104	35	39	47	4	54	28	0	2	0	47	0	5	27	24	0	8	0	0	0	13	24	0	0	4	12	0	0	40	24	30	11	74	54	141	132
131	116	44	44	75	101	25	0	55	43	44	75	43	0	48	28	96	33	300	106	86	19	0	55	24	0	55	23	0	47	28	76	0	220	94	40	44	75	15	0	0	0	4	0	0	0	41	0	48	28	88	33	300	106	71	15	0	55	18	0	55	15	0	47	28	55	0	220	94	21	0	55	5	0	0	0	4	0	0	0	21	0	47	28	68	0	220	94	37	44	75	8	0	0	0	4	0	0	0	15	0	0	0	4	0	0	0	40	0	48	28	79	33	300	106	56	11	0	55	14	0	55	13	0	47	28	46	0	220	92	15	0	55	3	0	0	0	4	0	0	0	13	0	47	28	47	0	220	94	18	0	55	3	0	0	0	4	0	0	0	5	0	0	0	4	0	0	0	20	0	47	28	59	0	220	94	33	44	75	10	0	12	0	1	0	0	0	8	0	0	0	4	0	0	0	15	0	0	0	4	0	0	0	36	0	48	28	63	33	300	106
139	122	55	95	42	105	23	37	29	52	95	42	24	159	28	10	122	213	210	98	88	19	8	29	20	37	29	19	24	28	10	62	98	145	94	47	95	42	10	40	11	0	6	0	126	0	20	159	28	10	108	213	210	98	71	15	0	29	16	8	29	13	0	28	10	46	16	145	94	15	37	29	5	0	10	0	2	0	87	0	15	24	28	10	48	98	145	94	44	95	42	8	0	11	0	13	0	42	0	10	40	11	0	6	0	126	0	19	159	28	10	99	213	210	98	54	13	0	26	12	0	29	11	0	28	7	37	0	145	92	11	8	29	3	0	10	0	2	0	87	0	9	0	28	10	32	16	145	94	12	37	29	3	0	10	0	4	0	29	0	5	0	10	0	2	0	87	0	14	24	28	10	39	98	145	94	42	95	42	15	0	0	21	6	0	0	0	8	0	11	0	13	0	42	0	10	40	11	0	6	0	126	0	15	159	28	10	91	213	210	98
156	138	58	48	133	120	35	31	74	57	48	133	50	31	10	97	146	128	133	312	102	28	15	73	34	31	74	31	15	10	95	108	92	74	222	54	48	133	14	15	24	10	11	0	133	0	48	31	10	97	138	128	133	312	84	19	0	72	27	15	73	21	0	10	93	83	30	73	215	31	31	74	5	0	21	9	7	0	74	0	29	15	10	95	100	92	74	222	51	48	133	8	0	61	9	12	0	133	0	14	15	24	10	11	0	133	0	47	31	10	97	129	128	133	312	66	11	0	58	18	0	72	13	0	10	66	57	0	72	176	24	15	73	3	0	20	0	7	0	73	0	19	0	10	93	75	30	73	215	28	31	74	3	0	32	0	8	0	74	0	5	0	21	9	7	0	74	0	28	15	10	95	91	92	74	222	47	48	133	10	0	52	49	3	0	0	55	8	0	61	9	12	0	133	0	14	15	24	10	11	0	133	0	43	31	10	97	113	128	133	312
124	107	68	105	40	90	30	78	0	64	105	40	45	111	0	0	160	306	80	239	74	25	55	0	29	78	0	26	67	0	0	86	255	0	180	56	89	40	20	66	0	0	12	14	80	0	43	111	0	0	139	258	80	239	59	16	34	0	24	55	0	22	30	0	0	72	171	0	173	25	63	0	2	28	0	0	4	12	0	0	24	67	0	0	75	210	0	180	49	74	40	6	54	24	0	13	48	80	0	20	66	0	0	12	14	80	0	39	96	0	0	121	198	80	239	44	10	22	0	15	34	0	12	12	0	0	46	114	0	136	20	40	0	2	10	0	0	4	10	0	0	20	30	0	0	61	126	0	173	18	48	0	0	32	0	0	4	40	0	0	2	28	0	0	4	12	0	0	20	52	0	0	57	150	0	180	42	74	40	10	44	28	0	4	12	40	0	6	54	24	0	13	48	80	0	20	66	0	0	12	14	80	0	32	96	0	0	97	198	80	239
80	70	27	0	62	60	14	0	21	26	0	62	18	0	40	51	77	0	0	204	50	11	0	20	13	0	21	11	0	0	49	38	0	0	104	23	0	62	5	0	24	11	2	0	0	0	16	0	40	51	69	0	0	204	40	9	0	20	10	0	20	9	0	0	49	31	0	0	104	10	0	21	3	0	0	11	2	0	0	0	9	0	0	49	30	0	0	104	20	0	62	3	0	17	0	4	0	0	0	5	0	24	11	2	0	0	0	15	0	40	51	60	0	0	204	30	7	0	20	8	0	20	7	0	0	49	25	0	0	104	7	0	20	3	0	0	11	2	0	0	0	7	0	0	49	23	0	0	104	7	0	21	3	0	0	0	4	0	0	0	3	0	0	11	2	0	0	0	8	0	0	49	21	0	0	104	18	0	62	4	0	18	0	3	0	0	0	3	0	17	0	4	0	0	0	5	0	24	11	2	0	0	0	11	0	40	51	52	0	0	204
80	70	20	0	62	60	9	0	27	19	0	62	11	0	24	65	54	0	0	164	50	8	0	27	8	0	27	8	0	0	65	23	0	0	104	17	0	62	2	0	8	0	1	0	0	0	9	0	24	65	49	0	0	164	40	7	0	27	7	0	27	8	0	0	65	21	0	0	104	6	0	27	2	0	0	0	1	0	0	0	6	0	0	65	18	0	0	104	15	0	62	0	0	9	0	0	0	0	0	2	0	8	0	1	0	0	0	9	0	24	65	44	0	0	164	30	5	0	27	6	0	27	6	0	0	65	18	0	0	104	5	0	27	2	0	0	0	1	0	0	0	6	0	0	65	16	0	0	104	4	0	27	0	0	0	0	0	0	0	0	2	0	0	0	1	0	0	0	6	0	0	65	13	0	0	104	13	0	62	0	0	18	0	2	0	0	0	0	0	9	0	0	0	0	0	2	0	8	0	1	0	0	0	5	0	24	65	36	0	0	164
91	77	38	53	51	64	16	33	0	31	40	51	19	22	55	0	90	100	102	337	53	12	33	0	14	22	0	11	22	0	0	41	55	0	178	28	18	51	5	0	39	0	2	0	0	0	17	0	55	0	81	45	102	337	42	10	33	0	10	22	0	9	22	0	0	32	55	0	177	11	0	0	3	0	0	0	2	0	0	0	9	0	0	0	32	0	0	178	25	18	51	3	0	17	0	9	0	0	0	5	0	39	0	2	0	0	0	16	0	55	0	72	45	102	337	31	8	33	0	8	22	0	7	22	0	0	26	55	0	176	7	0	0	3	0	0	0	2	0	0	0	7	0	0	0	23	0	0	177	8	0	0	3	0	0	0	4	0	0	0	3	0	0	0	2	0	0	0	8	0	0	0	23	0	0	178	23	18	51	9	0	18	0	5	0	0	0	3	0	17	0	9	0	0	0	5	0	39	0	2	0	0	0	12	0	55	0	64	45	102	337
55	48	18	6	19	41	7	0	0	15	6	19	7	0	24	0	41	6	19	117	34	6	0	0	4	0	0	4	0	0	0	10	0	0	84	12	6	19	0	0	8	0	0	0	0	0	3	0	24	0	33	6	19	117	27	6	0	0	3	0	0	4	0	0	0	8	0	0	84	1	0	0	0	0	0	0	0	0	0	0	0	0	0	0	2	0	0	84	12	6	19	0	0	0	0	0	0	0	0	0	0	8	0	0	0	0	0	3	0	24	0	33	6	19	117	20	6	0	0	3	0	0	4	0	0	0	8	0	0	84	0	0	0	0	0	0	0	0	0	0	0	0	0	0	0	0	0	0	84	1	0	0	0	0	0	0	0	0	0	0	0	0	0	0	0	0	0	0	0	0	0	0	2	0	0	84	12	6	19	1	0	0	0	2	0	0	0	0	0	0	0	0	0	0	0	0	0	8	0	0	0	0	0	3	0	24	0	33	6	19	117
75	65	38	25	8	55	16	0	0	31	25	8	15	0	24	0	84	80	40	42	45	15	0	0	9	0	0	12	0	0	0	29	0	0	29	25	25	8	4	0	8	0	0	0	0	0	7	0	24	0	66	80	40	42	35	15	0	0	8	0	0	12	0	0	0	27	0	0	29	3	0	0	4	0	0	0	0	0	0	0	4	0	0	0	11	0	0	29	23	25	8	10	0	0	0	14	0	0	0	0	0	8	0	0	0	0	0	3	0	24	0	57	80	40	42	25	13	0	0	8	0	0	12	0	0	0	27	0	0	29	2	0	0	4	0	0	0	0	0	0	0	4	0	0	0	9	0	0	29	1	0	0	0	0	0	0	0	0	0	0	0	0	0	0	0	0	0	0	0	0	0	0	2	0	0	29	23	25	8	15	0	0	0	5	10	0	0	10	0	0	0	14	0	0	0	0	0	8	0	0	0	0	0	3	0	24	0	57	80	40	42
94	80	50	40	71	66	20	0	58	44	40	71	17	0	90	71	125	110	284	8	52	19	0	24	14	0	58	15	0	80	0	47	0	232	0	38	40	71	17	0	10	35	15	0	0	215	11	0	90	71	106	110	284	8	38	15	0	21	13	0	24	15	0	37	0	44	0	96	0	8	0	58	5	0	8	31	1	0	0	103	9	0	80	0	28	0	232	0	31	40	71	16	0	0	32	14	40	0	0	13	0	10	35	15	0	0	215	2	0	90	71	81	110	284	8	24	11	0	20	9	0	21	11	0	32	0	32	0	84	0	7	0	24	4	0	0	30	0	0	0	102	9	0	37	0	25	0	96	0	1	0	58	1	0	0	30	0	0	0	0	1	0	8	31	1	0	0	103	0	0	80	0	3	0	232	0	31	40	71	17	0	10	10	5	10	0	0	16	0	0	32	14	40	0	0	13	0	10	35	15	0	0	215	2	0	90	71	81	110	284	8
82	69	53	44	37	56	25	12	16	42	44	37	21	0	33	56	122	116	148	59	44	24	12	0	17	12	16	19	0	24	0	58	36	64	0	34	32	37	22	0	10	0	14	0	0	82	12	0	33	56	97	80	148	59	32	19	12	0	16	12	0	19	0	0	0	55	36	0	0	9	0	16	6	0	8	0	1	0	0	29	10	0	24	0	33	0	64	0	26	32	37	20	0	0	0	13	40	0	0	17	0	10	0	14	0	0	82	2	0	33	56	67	80	148	59	20	14	8	0	11	12	0	14	0	0	0	38	36	0	0	8	0	0	5	0	0	0	0	0	0	29	10	0	0	0	30	0	0	0	1	0	16	1	0	0	0	0	0	0	0	1	0	8	0	1	0	0	29	0	0	24	0	3	0	64	0	26	32	37	17	32	10	0	4	16	0	0	20	0	0	0	13	40	0	0	17	0	10	0	14	0	0	82	2	0	33	56	67	80	148	59
66	54	32	37	33	44	12	27	8	24	17	33	10	18	13	40	68	35	33	78	35	12	27	0	7	9	8	10	18	8	0	24	27	8	0	19	8	33	4	0	0	0	1	0	0	42	4	0	13	40	53	8	33	78	26	12	27	0	7	9	0	10	18	0	0	24	27	0	0	2	0	8	4	0	0	0	0	0	0	29	4	0	8	0	9	0	8	0	17	8	33	10	0	0	0	14	0	0	0	0	0	0	0	1	0	0	42	0	0	13	40	44	8	33	78	17	10	26	0	7	9	0	10	18	0	0	24	27	0	0	2	0	0	4	0	0	0	0	0	0	29	4	0	0	0	9	0	0	0	0	0	8	0	0	0	0	0	0	0	0	0	0	0	0	0	0	0	29	0	0	8	0	0	0	8	0	17	8	33	14	8	0	0	5	0	0	0	10	0	0	0	14	0	0	0	0	0	0	0	1	0	0	42	0	0	13	40	44	8	33	78
49	40	27	24	5	33	10	14	0	23	10	5	10	0	0	0	69	15	10	8	26	10	14	0	6	0	0	10	0	0	0	22	0	0	0	19	10	5	4	0	0	0	5	0	0	0	4	0	0	0	56	15	10	8	19	10	14	0	6	0	0	10	0	0	0	22	0	0	0	2	0	0	4	0	0	0	0	0	0	0	4	0	0	0	9	0	0	0	17	10	5	10	0	0	0	14	0	0	0	0	0	0	0	5	0	0	0	0	0	0	0	47	15	10	8	12	8	14	0	6	0	0	10	0	0	0	22	0	0	0	2	0	0	4	0	0	0	0	0	0	0	4	0	0	0	9	0	0	0	0	0	0	0	0	0	0	0	0	0	0	0	0	0	0	0	0	0	0	0	0	0	0	0	0	0	0	17	10	5	15	0	0	0	5	0	0	0	10	0	0	0	14	0	0	0	0	0	0	0	5	0	0	0	0	0	0	0	47	15	10	8
77	61	56	97	5	47	14	64	0	44	69	5	8	88	0	0	119	249	25	8	35	14	60	0	9	40	0	8	80	0	0	30	160	0	0	31	45	5	17	40	0	0	18	0	0	0	5	40	0	0	82	165	25	8	25	9	50	0	9	40	0	8	80	0	0	30	160	0	0	5	20	0	1	40	0	0	0	0	0	0	5	40	0	0	17	90	0	0	26	25	5	7	50	0	0	9	25	0	0	16	0	0	0	18	0	0	0	0	0	0	0	65	75	25	8	15	7	30	0	4	30	0	3	60	0	0	13	115	0	0	5	20	0	1	40	0	0	0	0	0	0	5	40	0	0	17	90	0	0	0	0	0	0	0	0	0	0	0	0	0	0	0	0	0	0	0	0	0	0	0	0	0	0	0	0	0	26	25	5	9	50	0	0	3	10	10	0	7	50	0	0	9	25	0	0	16	0	0	0	18	0	0	0	0	0	0	0	65	75	25	8
94	78	46	28	113	62	23	0	77	41	28	113	30	0	34	102	114	98	226	118	46	19	0	69	18	0	77	15	0	32	82	59	0	154	74	35	28	113	22	0	0	71	17	56	0	0	25	0	34	102	94	98	226	118	30	11	0	32	14	0	69	15	0	30	24	50	0	138	24	12	0	77	5	0	0	0	0	0	0	0	10	0	32	82	39	0	154	74	23	28	113	8	0	22	59	0	0	0	215	17	0	0	71	17	56	0	0	15	0	34	102	55	98	226	118	14	5	0	21	6	0	32	5	0	16	21	20	0	64	21	8	0	69	5	0	0	0	0	0	0	0	10	0	30	24	30	0	138	24	0	0	77	0	0	10	31	0	0	0	103	0	0	0	0	0	0	0	0	0	0	32	82	0	0	154	74	16	28	113	4	0	30	32	0	0	0	26	8	0	22	59	0	0	0	215	17	0	0	71	16	56	0	0	0	0	34	102	40	98	226	118
79	65	46	45	51	51	19	0	35	43	45	51	33	0	42	14	107	117	255	76	37	14	0	35	16	0	35	14	0	42	14	50	0	175	58	39	45	51	21	0	0	0	17	45	0	0	28	0	42	14	93	117	255	76	23	7	0	31	11	0	35	14	0	42	13	40	0	175	24	12	0	35	5	0	0	0	0	0	0	0	9	0	42	14	36	0	175	58	27	45	51	7	0	10	37	0	0	0	0	16	0	0	0	17	45	0	0	19	0	42	14	57	117	255	76	9	3	0	17	4	0	31	5	0	36	11	14	0	155	21	7	0	35	5	0	0	0	0	0	0	0	9	0	42	13	26	0	175	24	0	0	35	0	0	0	11	0	0	0	0	0	0	0	0	0	0	0	0	0	0	42	14	0	0	175	58	14	45	51	4	0	10	46	0	0	0	26	7	0	10	37	0	0	0	0	16	0	0	0	15	45	0	0	0	0	42	14	35	117	255	76
83	66	54	91	46	49	16	60	21	48	91	46	26	48	34	20	126	264	138	113	33	12	48	19	13	60	21	11	48	32	16	44	180	63	74	31	75	46	10	108	0	16	17	36	0	0	21	48	34	20	81	216	138	113	21	8	9	8	9	48	19	11	36	30	0	35	144	57	24	8	48	21	5	0	0	0	0	0	0	0	6	48	32	16	27	144	63	74	23	27	46	5	27	22	24	0	0	184	40	5	108	0	16	17	36	0	0	15	0	34	20	54	72	138	113	9	3	0	0	5	9	8	5	0	16	0	17	27	24	21	4	36	19	5	0	0	0	0	0	0	0	6	36	30	0	18	108	57	24	0	0	21	0	0	10	0	0	0	84	0	0	0	0	0	0	0	0	0	0	0	32	16	0	0	63	74	15	27	46	4	0	30	0	0	0	46	26	5	27	22	24	0	0	184	40	5	108	0	16	16	36	0	0	0	0	34	20	39	72	138	113
59	49	38	9	36	39	21	0	0	31	9	36	19	0	0	0	92	27	36	151	29	20	0	0	14	0	0	16	0	0	0	47	0	0	82	25	9	36	21	0	0	0	17	9	0	0	12	0	0	0	72	27	36	151	19	13	0	0	13	0	0	16	0	0	0	46	0	0	24	8	0	0	5	0	0	0	0	0	0	0	9	0	0	0	27	0	0	82	17	9	36	7	0	10	0	0	0	0	0	16	0	0	0	17	9	0	0	3	0	0	0	45	27	36	151	9	7	0	0	6	0	0	7	0	0	0	20	0	0	21	7	0	0	5	0	0	0	0	0	0	0	9	0	0	0	26	0	0	24	0	0	0	0	0	0	0	0	0	0	0	0	0	0	0	0	0	0	0	0	0	0	0	0	0	0	82	14	9	36	4	0	26	0	0	0	0	0	7	0	10	0	0	0	0	0	16	0	0	0	17	9	0	0	0	0	0	0	37	27	36	151
62	49	45	57	13	37	16	31	0	39	45	13	27	21	0	0	103	148	52	42	26	12	26	0	14	20	0	12	20	0	0	43	90	0	16	30	34	13	16	34	0	0	15	24	0	0	23	10	0	0	76	104	52	42	16	6	16	0	10	16	0	12	16	0	0	34	70	0	0	10	10	0	4	10	0	0	0	0	0	0	8	10	0	0	30	50	0	16	20	24	13	3	24	10	0	0	0	13	0	12	24	0	0	15	24	0	0	15	0	0	0	46	54	52	42	6	2	6	0	4	6	0	4	6	0	0	13	24	0	0	6	6	0	4	6	0	0	0	0	0	0	8	6	0	0	21	30	0	0	0	0	0	0	0	0	0	0	0	0	0	0	0	0	0	0	0	0	0	0	0	0	0	0	0	0	16	11	24	13	0	24	18	0	0	0	13	0	3	24	10	0	0	0	13	0	12	24	0	0	14	24	0	0	0	0	0	0	31	54	52	42
95	75	40	67	128	55	16	16	75	39	67	128	27	48	51	67	100	147	384	259	35	4	0	73	15	16	75	7	0	51	63	45	16	225	133	35	67	128	1	0	80	20	2	0	128	0	26	48	51	67	89	147	384	259	16	1	0	68	3	0	73	1	0	51	59	10	0	219	123	12	16	75	1	0	36	16	0	0	75	0	6	0	51	63	35	16	225	133	15	48	128	0	0	29	43	0	0	0	0	0	0	80	20	2	0	128	0	20	48	51	67	33	128	384	259	0	0	0	43	0	0	68	0	0	45	34	0	0	204	71	0	0	73	0	0	34	0	0	0	73	0	0	0	51	59	0	0	219	123	0	0	75	0	0	12	0	0	0	0	0	0	0	36	16	0	0	75	0	0	0	51	63	0	0	225	133	0	0	128	0	0	6	60	0	0	0	87	0	0	29	43	0	0	0	0	0	0	80	20	0	0	128	0	0	0	51	67	0	0	384	259
49	39	21	9	47	29	8	0	28	20	9	47	21	0	7	43	44	0	47	64	19	2	0	28	7	0	28	2	0	7	43	19	0	28	35	19	9	47	1	0	6	0	2	0	0	0	20	0	7	43	40	0	47	64	9	1	0	28	1	0	28	1	0	7	43	4	0	28	35	6	0	28	1	0	0	0	0	0	0	0	1	0	7	43	15	0	28	35	13	9	47	0	0	6	0	0	0	0	0	0	0	6	0	2	0	0	0	19	0	7	43	25	0	47	64	0	0	0	25	0	0	28	0	0	7	34	0	0	28	31	0	0	28	0	0	0	0	0	0	0	0	0	0	7	43	0	0	28	35	0	0	28	0	0	0	0	0	0	0	0	0	0	0	0	0	0	0	0	0	0	7	43	0	0	28	35	0	0	47	0	0	6	24	0	0	0	0	0	0	6	0	0	0	0	0	0	0	6	0	0	0	0	0	0	0	7	43	0	0	47	64
59	46	25	44	39	33	5	8	30	25	44	39	19	32	27	0	53	68	156	51	20	0	0	30	5	8	30	0	0	27	0	10	8	120	35	23	44	39	0	0	0	0	1	8	39	0	19	32	27	0	51	68	156	51	8	0	0	30	0	0	30	0	0	27	0	0	0	120	35	4	8	30	0	0	0	0	0	0	30	0	0	0	27	0	9	8	120	35	12	32	39	0	0	0	0	0	0	0	0	0	0	0	0	1	8	39	0	15	32	27	0	26	56	156	51	0	0	0	25	0	0	30	0	0	27	0	0	0	120	31	0	0	30	0	0	0	0	0	0	30	0	0	0	27	0	0	0	120	35	0	0	30	0	0	0	0	0	0	0	0	0	0	0	0	0	0	30	0	0	0	27	0	0	0	120	35	0	0	39	0	0	0	36	0	0	0	0	0	0	0	0	0	0	0	0	0	0	0	0	0	0	39	0	0	0	27	0	0	0	156	51
65	50	35	68	38	35	11	24	0	34	68	38	17	96	0	0	76	152	152	223	20	3	0	0	10	24	0	6	0	0	0	27	64	0	133	23	68	38	1	0	42	0	1	8	114	0	16	96	0	0	50	152	152	223	8	1	0	0	2	0	0	1	0	0	0	7	0	0	123	7	24	0	1	0	0	0	0	0	0	0	5	0	0	0	19	64	0	133	9	32	38	0	0	15	0	0	0	0	0	0	0	42	0	1	8	114	0	7	96	0	0	15	56	152	223	0	0	0	0	0	0	0	0	0	0	0	0	0	0	71	0	0	0	0	0	0	0	0	0	0	0	0	0	0	0	0	0	0	123	0	0	0	0	0	0	0	0	0	0	0	0	0	0	0	0	0	0	0	0	0	0	0	0	0	0	133	0	0	38	0	0	6	0	0	0	0	0	0	0	15	0	0	0	0	0	0	0	42	0	0	0	114	0	0	0	0	0	0	0	152	223
39	31	25	7	24	23	13	0	0	24	7	24	25	0	0	0	56	0	24	110	15	3	0	0	12	0	0	6	0	0	0	34	0	0	56	22	7	24	1	0	42	0	2	0	0	0	24	0	0	0	49	0	24	110	7	1	0	0	2	0	0	1	0	0	0	7	0	0	54	10	0	0	1	0	0	0	0	0	0	0	5	0	0	0	27	0	0	56	12	7	24	0	0	15	0	0	0	0	0	0	0	42	0	2	0	0	0	19	0	0	0	22	0	24	110	0	0	0	0	0	0	0	0	0	0	0	0	0	0	39	0	0	0	0	0	0	0	0	0	0	0	0	0	0	0	0	0	0	54	0	0	0	0	0	0	0	0	0	0	0	0	0	0	0	0	0	0	0	0	0	0	0	0	0	0	56	0	0	24	0	0	6	0	0	0	0	0	0	0	15	0	0	0	0	0	0	0	42	0	0	0	0	0	0	0	0	0	0	0	24	110
49	36	23	30	67	23	1	0	29	23	30	67	4	0	74	53	51	60	201	205	10	0	0	29	1	0	29	0	0	24	53	1	0	87	105	16	30	67	0	0	0	0	0	0	0	0	4	0	74	53	40	60	201	205	0	0	0	29	0	0	29	0	0	24	53	0	0	87	103	0	0	29	0	0	0	0	0	0	0	0	0	0	24	53	0	0	87	105	0	0	67	0	0	0	0	0	0	0	0	0	0	0	0	0	0	0	0	0	0	74	53	0	0	201	205	0	0	0	26	0	0	29	0	0	24	50	0	0	87	98	0	0	29	0	0	0	0	0	0	0	0	0	0	24	53	0	0	87	103	0	0	29	0	0	0	0	0	0	0	0	0	0	0	0	0	0	0	0	0	0	24	53	0	0	87	105	0	0	0	0	0	0	27	0	0	0	0	0	0	0	0	0	0	0	0	0	0	0	0	0	0	0	0	0	0	0	53	0	0	0	205
39	28	26	30	41	17	1	0	22	26	30	41	4	0	42	32	57	90	205	128	6	0	0	22	1	0	22	0	0	24	32	1	0	110	75	10	30	41	0	0	0	0	0	0	0	0	4	0	42	32	22	90	205	128	0	0	0	22	0	0	22	0	0	24	32	0	0	110	73	0	0	22	0	0	0	0	0	0	0	0	0	0	24	32	0	0	110	75	0	0	41	0	0	0	0	0	0	0	0	0	0	0	0	0	0	0	0	0	0	42	32	0	0	205	128	0	0	0	19	0	0	22	0	0	24	29	0	0	110	68	0	0	22	0	0	0	0	0	0	0	0	0	0	24	32	0	0	110	73	0	0	22	0	0	0	0	0	0	0	0	0	0	0	0	0	0	0	0	0	0	24	32	0	0	110	75	0	0	0	0	0	0	27	0	0	0	0	0	0	0	0	0	0	0	0	0	0	0	0	0	0	0	0	0	0	0	32	0	0	0	128
32	24	13	0	48	16	1	0	0	13	0	48	4	0	48	0	27	0	0	276	8	0	0	0	1	0	0	0	0	0	0	1	0	0	133	12	0	48	0	0	0	0	0	0	0	0	4	0	48	0	26	0	0	276	0	0	0	0	0	0	0	0	0	0	0	0	0	0	131	0	0	0	0	0	0	0	0	0	0	0	0	0	0	0	0	0	0	133	0	0	48	0	0	0	0	0	0	0	0	0	0	0	0	0	0	0	0	0	0	48	0	0	0	0	276	0	0	0	0	0	0	0	0	0	0	0	0	0	0	126	0	0	0	0	0	0	0	0	0	0	0	0	0	0	0	0	0	0	131	0	0	0	0	0	0	0	0	0	0	0	0	0	0	0	0	0	0	0	0	0	0	0	0	0	0	133	0	0	0	0	0	0	0	0	0	0	0	0	0	0	0	0	0	0	0	0	0	0	0	0	0	0	0	0	0	0	0	0	0	0	276
24	18	17	0	16	12	1	0	0	17	0	16	4	0	32	0	41	0	0	77	6	0	0	0	1	0	0	0	0	0	0	1	0	0	30	16	0	16	0	0	0	0	0	0	0	0	4	0	32	0	40	0	0	77	0	0	0	0	0	0	0	0	0	0	0	0	0	0	30	0	0	0	0	0	0	0	0	0	0	0	0	0	0	0	0	0	0	30	0	0	16	0	0	0	0	0	0	0	0	0	0	0	0	0	0	0	0	0	0	32	0	0	0	0	77	0	0	0	0	0	0	0	0	0	0	0	0	0	0	30	0	0	0	0	0	0	0	0	0	0	0	0	0	0	0	0	0	0	30	0	0	0	0	0	0	0	0	0	0	0	0	0	0	0	0	0	0	0	0	0	0	0	0	0	0	30	0	0	0	0	0	0	0	0	0	0	0	0	0	0	0	0	0	0	0	0	0	0	0	0	0	0	0	0	0	0	0	0	0	0	77
38	27	23	34	16	16	0	6	0	22	34	16	0	24	32	0	50	70	64	77	6	0	0	0	0	6	0	0	0	0	0	0	6	0	30	12	24	16	0	0	0	0	0	0	16	0	0	24	32	0	30	60	64	77	0	0	0	0	0	0	0	0	0	0	0	0	0	0	30	0	0	0	0	0	0	0	0	0	0	0	0	0	0	0	0	0	0	30	0	0	16	0	0	0	0	0	0	0	0	0	0	0	0	0	0	16	0	0	0	32	0	0	0	64	77	0	0	0	0	0	0	0	0	0	0	0	0	0	0	30	0	0	0	0	0	0	0	0	0	0	0	0	0	0	0	0	0	0	30	0	0	0	0	0	0	0	0	0	0	0	0	0	0	0	0	0	0	0	0	0	0	0	0	0	0	30	0	0	0	0	0	0	0	0	0	0	0	0	0	0	0	0	0	0	0	0	0	0	0	0	0	0	0	0	0	0	0	0	0	0	77
38	24	28	40	64	10	2	0	50	16	40	64	4	0	53	26	38	100	256	57	0	0	0	45	0	0	50	0	0	47	24	0	0	200	22	0	0	64	0	0	20	53	0	0	0	0	0	0	53	26	0	0	256	57	0	0	0	29	0	0	45	0	0	43	24	0	0	180	22	0	0	50	0	0	20	24	0	0	0	0	0	0	47	24	0	0	200	22	0	0	0	0	0	0	49	0	0	0	46	0	0	0	53	0	0	0	0	0	0	0	26	0	0	0	57	0	0	0	22	0	0	29	0	0	22	24	0	0	116	22	0	0	45	0	0	20	22	0	0	0	0	0	0	43	24	0	0	180	22	0	0	0	0	0	0	20	0	0	0	21	0	0	0	24	0	0	0	0	0	0	0	24	0	0	0	22	0	0	0	0	0	0	20	0	0	0	5	0	0	0	49	0	0	0	46	0	0	0	53	0	0	0	0	0	0	0	0	0	0	0	0
38	25	17	12	92	12	0	0	57	16	12	92	0	0	18	138	37	12	92	124	0	0	0	21	0	0	57	0	0	12	24	0	0	57	51	0	0	92	0	0	0	39	0	0	0	205	0	0	18	138	0	0	92	124	0	0	0	12	0	0	21	0	0	9	24	0	0	21	51	0	0	57	0	0	0	12	0	0	0	105	0	0	12	24	0	0	57	51	0	0	0	0	0	0	0	0	0	0	46	0	0	0	39	0	0	0	205	0	0	0	138	0	0	0	124	0	0	0	12	0	0	12	0	0	0	24	0	0	12	51	0	0	21	0	0	0	12	0	0	0	103	0	0	9	24	0	0	21	51	0	0	0	0	0	0	0	0	0	0	21	0	0	0	12	0	0	0	105	0	0	0	24	0	0	0	51	0	0	0	0	0	0	0	0	0	0	0	0	0	0	0	0	0	0	46	0	0	0	39	0	0	0	205	0	0	0	0	0	0	0	0
37	23	31	45	50	9	3	0	40	14	45	50	5	0	42	32	34	126	250	41	0	0	0	25	0	0	40	0	0	42	0	0	0	200	22	0	0	50	0	0	30	51	0	0	0	38	0	0	42	32	0	0	250	41	0	0	0	5	0	0	25	0	0	35	0	0	0	125	22	0	0	40	0	0	30	0	0	0	0	0	0	0	42	0	0	0	200	22	0	0	0	0	0	0	25	0	0	0	59	0	0	0	51	0	0	0	38	0	0	0	32	0	0	0	41	0	0	0	0	0	0	5	0	0	10	0	0	0	25	22	0	0	25	0	0	26	0	0	0	0	0	0	0	35	0	0	0	125	22	0	0	0	0	0	0	0	0	0	0	21	0	0	0	0	0	0	0	0	0	0	0	0	0	0	0	22	0	0	0	0	0	0	0	0	0	0	5	0	0	0	25	0	0	0	59	0	0	0	51	0	0	0	38	0	0	0	0	0	0	0	0
31	20	18	18	46	9	0	0	20	15	18	46	0	0	18	32	35	27	92	124	0	0	0	9	0	0	20	0	0	12	0	0	0	40	51	0	0	46	0	0	0	27	0	0	0	38	0	0	18	32	0	0	92	124	0	0	0	0	0	0	9	0	0	9	0	0	0	18	51	0	0	20	0	0	0	0	0	0	0	0	0	0	12	0	0	0	40	51	0	0	0	0	0	0	0	0	0	0	46	0	0	0	27	0	0	0	38	0	0	0	32	0	0	0	124	0	0	0	0	0	0	0	0	0	0	0	0	0	0	51	0	0	9	0	0	0	0	0	0	0	0	0	0	9	0	0	0	18	51	0	0	0	0	0	0	0	0	0	0	21	0	0	0	0	0	0	0	0	0	0	0	0	0	0	0	51	0	0	0	0	0	0	0	0	0	0	0	0	0	0	0	0	0	0	46	0	0	0	27	0	0	0	38	0	0	0	0	0	0	0	0
27	17	19	21	22	7	0	0	0	13	21	22	0	0	6	0	29	42	66	124	0	0	0	0	0	0	0	0	0	0	0	0	0	0	51	0	0	22	0	0	0	0	0	0	0	0	0	0	6	0	0	0	66	124	0	0	0	0	0	0	0	0	0	0	0	0	0	0	51	0	0	0	0	0	0	0	0	0	0	0	0	0	0	0	0	0	0	51	0	0	0	0	0	0	0	0	0	0	0	0	0	0	0	0	0	0	0	0	0	0	0	0	0	0	124	0	0	0	0	0	0	0	0	0	0	0	0	0	0	51	0	0	0	0	0	0	0	0	0	0	0	0	0	0	0	0	0	0	51	0	0	0	0	0	0	0	0	0	0	0	0	0	0	0	0	0	0	0	0	0	0	0	0	0	0	51	0	0	0	0	0	0	0	0	0	0	0	0	0	0	0	0	0	0	0	0	0	0	0	0	0	0	0	0	0	0	0	0	0	0	0
29	13	16	39	102	0	0	0	69	0	0	102	0	0	53	83	0	0	306	136	0	0	0	69	0	0	69	0	0	49	83	0	0	207	90	0	0	0	0	0	0	0	0	0	0	0	0	0	0	83	0	0	0	136	0	0	0	65	0	0	69	0	0	49	70	0	0	207	70	0	0	0	0	0	0	0	0	0	0	0	0	0	0	83	0	0	0	90	0	0	0	0	0	0	41	0	0	0	0	0	0	0	0	0	0	0	0	0	0	0	0	0	0	0	0	0	0	0	44	0	0	65	0	0	49	22	0	0	195	34	0	0	0	0	0	0	0	0	0	0	0	0	0	0	70	0	0	0	70	0	0	0	0	0	0	12	0	0	0	0	0	0	0	0	0	0	0	0	0	0	0	0	0	0	0	0	0	0	0	0	0	0	89	0	0	0	46	0	0	0	41	0	0	0	0	0	0	0	0	0	0	0	0	0	0	0	0	0	0	0	0
20	9	13	18	46	0	0	0	11	0	0	46	0	0	11	0	0	0	92	182	0	0	0	11	0	0	11	0	0	11	0	0	0	22	110	0	0	0	0	0	0	0	0	0	0	0	0	0	0	0	0	0	0	182	0	0	0	11	0	0	11	0	0	11	0	0	0	22	79	0	0	0	0	0	0	0	0	0	0	0	0	0	0	0	0	0	0	110	0	0	0	0	0	0	0	0	0	0	0	0	0	0	0	0	0	0	0	0	0	0	0	0	0	0	0	0	0	0	11	0	0	11	0	0	11	0	0	0	22	34	0	0	0	0	0	0	0	0	0	0	0	0	0	0	0	0	0	0	79	0	0	0	0	0	0	0	0	0	0	0	0	0	0	0	0	0	0	0	0	0	0	0	0	0	0	0	0	0	0	0	0	0	0	0	0	0	0	0	0	0	0	0	0	0	0	0	0	0	0	0	0	0	0	0	0	0	0	0	0	0	0
20	8	13	32	42	0	0	0	20	0	0	42	0	0	35	30	0	0	168	114	0	0	0	20	0	0	20	0	0	30	30	0	0	80	90	0	0	0	0	0	0	0	0	0	0	0	0	0	0	30	0	0	0	114	0	0	0	16	0	0	20	0	0	30	26	0	0	80	70	0	0	0	0	0	0	0	0	0	0	0	0	0	0	30	0	0	0	90	0	0	0	0	0	0	24	0	0	0	0	0	0	0	0	0	0	0	0	0	0	0	0	0	0	0	0	0	0	0	5	0	0	16	0	0	26	10	0	0	64	34	0	0	0	0	0	0	0	0	0	0	0	0	0	0	26	0	0	0	70	0	0	0	0	0	0	0	0	0	0	0	0	0	0	0	0	0	0	0	0	0	0	0	0	0	0	0	0	0	0	0	0	0	25	0	0	0	13	0	0	0	24	0	0	0	0	0	0	0	0	0	0	0	0	0	0	0	0	0	0	0	0
21	10	13	10	57	0	0	0	6	0	0	57	0	0	0	24	0	0	57	274	0	0	0	0	0	0	6	0	0	0	0	0	0	6	167	0	0	0	0	0	0	0	0	0	0	16	0	0	0	24	0	0	0	274	0	0	0	0	0	0	0	0	0	0	0	0	0	0	100	0	0	0	0	0	0	0	0	0	0	0	0	0	0	0	0	0	0	167	0	0	0	0	0	0	0	0	0	0	0	0	0	0	0	0	0	0	16	0	0	0	0	0	0	0	0	0	0	0	0	0	0	0	0	0	0	0	0	0	0	46	0	0	0	0	0	0	0	0	0	0	0	0	0	0	0	0	0	0	100	0	0	0	0	0	0	0	0	0	0	0	0	0	0	0	0	0	0	0	0	0	0	0	0	0	0	0	0	0	0	0	0	0	0	0	0	0	0	0	0	0	0	0	0	0	0	0	0	0	0	0	0	0	0	0	0	0	0	0	0	0	0
14	5	10	20	9	0	0	0	0	0	0	9	0	0	0	0	0	0	36	50	0	0	0	0	0	0	0	0	0	0	0	0	0	0	40	0	0	0	0	0	0	0	0	0	0	0	0	0	0	0	0	0	0	50	0	0	0	0	0	0	0	0	0	0	0	0	0	0	25	0	0	0	0	0	0	0	0	0	0	0	0	0	0	0	0	0	0	40	0	0	0	0	0	0	0	0	0	0	0	0	0	0	0	0	0	0	0	0	0	0	0	0	0	0	0	0	0	0	0	0	0	0	0	0	0	0	0	0	0	5	0	0	0	0	0	0	0	0	0	0	0	0	0	0	0	0	0	0	25	0	0	0	0	0	0	0	0	0	0	0	0	0	0	0	0	0	0	0	0	0	0	0	0	0	0	0	0	0	0	0	0	0	0	0	0	0	0	0	0	0	0	0	0	0	0	0	0	0	0	0	0	0	0	0	0	0	0	0	0	0	0
10	0	0	0	68	0	0	0	20	0	0	0	0	0	0	31	0	0	0	256	0	0	0	20	0	0	0	0	0	0	31	0	0	0	106	0	0	0	0	0	0	0	0	0	0	0	0	0	0	0	0	0	0	0	0	0	0	20	0	0	0	0	0	0	31	0	0	0	100	0	0	0	0	0	0	0	0	0	0	0	0	0	0	0	0	0	0	0	0	0	0	0	0	0	0	0	0	0	0	0	0	0	0	0	0	0	0	0	0	0	0	0	0	0	0	0	0	0	20	0	0	0	0	0	0	31	0	0	0	92	0	0	0	0	0	0	0	0	0	0	0	0	0	0	0	0	0	0	0	0	0	0	0	0	0	0	0	0	0	0	0	0	0	0	0	0	0	0	0	0	0	0	0	0	0	0	0	0	0	0	0	0	0	0	0	0	0	0	0	0	0	0	0	0	0	0	0	0	0	0	0	0	0	0	0	0	0	0	0	0	0
10	0	0	0	66	0	0	0	28	0	0	0	0	0	0	33	0	0	0	199	0	0	0	26	0	0	0	0	0	0	29	0	0	0	100	0	0	0	0	0	0	20	0	0	0	0	0	0	0	0	0	0	0	0	0	0	0	26	0	0	0	0	0	0	29	0	0	0	100	0	0	0	0	0	0	20	0	0	0	0	0	0	0	0	0	0	0	0	0	0	0	0	0	0	0	0	0	0	0	0	0	0	0	0	0	0	0	0	0	0	0	0	0	0	0	0	0	0	26	0	0	0	0	0	0	29	0	0	0	92	0	0	0	0	0	0	20	0	0	0	0	0	0	0	0	0	0	0	0	0	0	0	0	0	0	0	0	0	0	0	0	0	0	0	0	0	0	0	0	0	0	0	0	0	0	0	0	0	0	0	0	0	0	0	0	0	0	0	0	0	0	0	0	0	0	0	0	0	0	0	0	0	0	0	0	0	0	0	0	0	0
9	0	0	0	59	0	0	0	30	0	0	0	0	0	0	35	0	0	0	153	0	0	0	27	0	0	0	0	0	0	30	0	0	0	89	0	0	0	0	0	0	30	0	0	0	0	0	0	0	0	0	0	0	0	0	0	0	27	0	0	0	0	0	0	30	0	0	0	89	0	0	0	0	0	0	30	0	0	0	0	0	0	0	0	0	0	0	0	0	0	0	0	0	0	0	0	0	0	0	0	0	0	0	0	0	0	0	0	0	0	0	0	0	0	0	0	0	0	23	0	0	0	0	0	0	26	0	0	0	81	0	0	0	0	0	0	26	0	0	0	0	0	0	0	0	0	0	0	0	0	0	0	0	0	0	0	0	0	0	0	0	0	0	0	0	0	0	0	0	0	0	0	0	0	0	0	0	0	0	0	0	0	24	0	0	0	0	0	0	0	0	0	0	0	0	0	0	0	0	0	0	0	0	0	0	0	0	0	0	0	0
5	0	0	0	13	0	0	0	0	0	0	0	0	0	0	0	0	0	0	51	0	0	0	0	0	0	0	0	0	0	0	0	0	0	20	0	0	0	0	0	0	0	0	0	0	0	0	0	0	0	0	0	0	0	0	0	0	0	0	0	0	0	0	0	0	0	0	0	20	0	0	0	0	0	0	0	0	0	0	0	0	0	0	0	0	0	0	0	0	0	0	0	0	0	0	0	0	0	0	0	0	0	0	0	0	0	0	0	0	0	0	0	0	0	0	0	0	0	0	0	0	0	0	0	0	0	0	0	0	16	0	0	0	0	0	0	0	0	0	0	0	0	0	0	0	0	0	0	0	0	0	0	0	0	0	0	0	0	0	0	0	0	0	0	0	0	0	0	0	0	0	0	0	0	0	0	0	0	0	0	0	0	0	0	0	0	0	0	0	0	0	0	0	0	0	0	0	0	0	0	0	0	0	0	0	0	0	0	0	0	0
