5	6
5	7
5	8
5	9
5	10
6	7
6	8
6	9
6	10
6	11
7	8
7	9
7	10
7	11
7	12
8	9
8	10
8	11
8	12
8	13
8	15
9	10
9	11
9	12
9	13
9	14
10	11
10	12
10	13
10	14
10	15
10	17
11	12
11	13
11	14
11	15
11	16
11	41
11	43
12	13
12	14
12	15
12	16
12	17
13	14
13	15
13	16
13	17
13	18
14	15
14	16
14	17
14	18
14	19
14	43
14	44
14	87
15	16
15	17
15	18
15	19
15	40
15	41
15	42
15	43
15	44
16	17
16	18
17	18
17	19
17	86
18	19
18	20
18	44
18	45
18	46
18	86
19	20
19	21
19	43
19	44
19	45
19	46
19	86
19	87
20	21
20	22
20	44
20	45
20	46
20	47
20	84
20	85
20	86
20	87
20	88
21	22
21	23
21	38
21	44
21	46
21	47
21	48
21	49
21	85
21	86
21	87
21	88
21	89
22	23
22	24
22	46
22	47
22	48
22	49
22	50
22	81
22	82
22	85
22	87
22	88
22	89
22	90
23	24
23	25
23	26
23	31
23	34
23	35
23	38
23	47
23	48
23	49
23	50
23	51
23	87
23	88
23	89
23	90
23	91
24	25
24	26
24	31
24	48
24	49
24	50
24	51
24	72
24	82
24	89
24	90
24	91
24	92
25	26
25	27
25	28
25	29
25	30
25	31
25	32
25	50
25	51
25	89
25	90
25	91
25	92
26	27
26	28
26	29
26	30
26	31
26	32
26	33
26	35
26	49
26	50
26	55
26	57
26	91
27	28
27	29
27	31
27	32
27	53
27	55
28	29
28	30
28	31
28	32
28	33
28	91
29	30
29	31
29	32
29	33
29	34
30	31
30	32
30	33
30	34
30	35
30	91
31	32
31	33
31	34
31	35
31	36
31	91
32	33
32	34
32	35
32	36
32	37
32	62
33	34
33	35
33	36
33	37
33	38
34	35
34	36
34	37
34	38
34	39
34	89
34	90
34	91
35	36
35	37
35	38
35	39
35	40
35	47
35	49
35	57
35	62
35	65
36	37
36	38
36	39
36	40
36	41
36	59
36	62
37	38
37	39
37	40
37	41
37	42
37	43
38	39
38	40
38	41
38	42
38	43
38	44
38	47
38	89
39	40
39	41
39	42
39	43
39	47
39	61
39	62
39	65
40	41
40	42
40	59
41	42
41	43
41	44
42	43
42	44
42	45
43	44
43	45
44	45
44	46
44	47
44	86
44	87
44	89
45	46
45	47
46	47
46	48
46	64
46	66
46	83
46	85
47	48
47	49
47	64
47	65
47	66
47	67
48	49
48	50
48	65
48	66
48	67
48	68
48	81
48	85
49	50
49	51
49	55
49	57
49	65
49	66
49	67
49	68
49	69
50	51
50	52
50	66
50	67
50	68
50	69
50	70
50	72
50	75
50	81
50	82
50	85
50	92
51	52
51	53
51	54
51	68
51	69
51	70
51	71
51	72
52	53
52	54
52	68
52	69
52	70
52	71
52	72
53	54
53	55
53	67
53	68
53	69
53	70
54	55
54	56
54	67
54	69
55	56
55	57
55	67
56	57
56	58
56	67
57	58
57	59
57	62
57	65
57	67
58	59
58	60
58	62
58	63
59	60
59	61
59	62
59	63
60	61
60	62
60	63
60	64
61	62
61	63
61	64
61	65
62	63
62	64
62	65
62	66
63	64
63	65
64	65
64	66
65	66
65	67
66	67
66	68
67	68
67	69
68	69
68	70
68	80
68	81
69	70
69	71
69	78
70	71
70	72
70	75
70	78
70	81
70	82
71	72
71	73
71	74
71	75
71	76
71	78
72	73
72	74
72	75
72	76
72	78
72	82
72	92
73	74
73	75
74	75
74	76
74	77
74	78
75	76
75	77
75	78
75	79
75	82
76	77
76	78
76	79
76	80
77	78
77	79
77	80
78	79
78	80
78	81
78	82
79	80
79	81
79	82
79	83
80	81
80	82
80	83
80	84
80	85
81	82
81	83
81	85
82	83
82	84
82	85
83	84
83	85
84	85
84	86
85	86
85	87
85	88
86	87
86	88
87	88
87	89
88	89
88	90
89	90
89	91
90	91
90	92
91	92
91	93
92	93
92	94
93	94
93	95
93	98
94	95
94	96
94	98
94	99
95	96
95	97
95	98
95	99
96	97
96	98
96	99
97	98
97	99
98	99
