156	157
156	158
156	161
157	158
157	159
157	160
157	161
157	162
158	159
158	160
158	161
158	162
158	163
159	160
159	161
159	162
159	163
159	164
160	161
160	162
160	163
160	164
160	165
161	162
161	163
161	164
161	165
161	166
162	163
162	164
162	165
162	166
163	164
163	165
163	166
163	167
163	168
164	165
164	166
164	167
164	168
164	169
164	170
165	166
165	167
165	168
165	169
165	170
166	167
166	168
166	169
166	170
166	171
167	168
167	169
167	170
167	171
167	172
168	169
168	170
168	171
168	172
168	173
169	170
169	171
169	172
169	173
169	174
170	171
170	172
170	173
170	174
170	175
171	172
171	173
171	174
171	175
171	176
172	173
172	174
172	175
172	176
172	177
173	174
173	175
173	176
173	177
173	178
174	175
174	176
174	177
174	178
174	182
175	176
175	177
175	178
175	179
175	182
175	187
175	189
176	177
176	178
176	179
176	182
177	178
177	179
178	179
178	180
178	181
178	182
178	185
179	180
179	181
180	181
180	182
180	185
181	182
181	183
181	184
181	185
182	183
182	184
182	185
182	186
182	187
183	184
183	185
184	185
184	186
185	186
185	187
186	187
186	188
187	188
187	189
188	189
188	190
189	190
