1	2
1	3
2	3
2	4
2	7
2	88
3	4
3	5
3	6
3	7
4	5
4	6
4	7
4	8
4	9
4	26
4	29
4	30
4	31
4	32
4	88
5	6
5	7
5	29
5	30
5	31
5	32
6	7
6	8
6	30
6	31
6	32
6	33
6	87
7	8
7	9
7	30
7	31
7	32
7	33
7	34
7	87
7	88
8	9
8	10
8	31
8	32
8	33
8	34
8	83
8	84
8	85
8	86
8	87
8	88
8	89
9	10
9	11
9	26
9	31
9	33
9	34
9	35
9	36
9	86
9	87
9	88
9	89
9	90
10	11
10	12
10	33
10	34
10	35
10	36
10	37
10	76
10	79
10	80
10	86
10	88
10	89
10	90
10	91
11	12
11	13
11	14
11	18
11	19
11	20
11	22
11	23
11	26
11	34
11	35
11	36
11	37
11	38
11	88
11	89
11	90
11	91
11	92
12	13
12	14
12	35
12	36
12	37
12	38
12	63
12	65
12	89
12	90
12	91
12	92
12	93
13	14
13	15
13	16
13	18
13	19
13	20
13	36
13	37
13	38
13	90
13	91
13	92
13	93
13	94
14	15
14	16
14	19
14	20
14	21
14	23
14	36
14	37
14	38
14	49
15	16
15	17
15	19
15	20
15	23
15	36
15	37
15	38
15	40
15	41
15	42
15	45
15	46
15	49
15	60
16	17
16	18
16	19
16	20
16	21
16	38
16	40
17	18
17	19
17	20
17	21
17	22
17	40
18	19
18	20
18	21
18	22
18	23
19	20
19	21
19	22
19	23
19	24
20	21
20	22
20	23
20	24
20	25
20	42
20	45
20	48
20	49
21	22
21	23
21	24
21	25
21	26
22	23
22	24
22	25
22	26
22	27
22	90
23	24
23	25
23	26
23	27
23	28
23	34
23	36
23	49
23	52
24	25
24	26
24	27
24	28
24	34
24	48
24	49
24	52
25	26
25	27
25	28
25	29
26	27
26	28
26	29
26	30
26	31
26	34
26	53
26	56
26	90
27	28
27	29
27	30
27	31
27	34
27	48
27	49
27	50
27	52
27	53
27	56
27	58
28	29
28	30
28	52
28	53
29	30
29	31
29	53
29	56
30	31
30	32
30	53
30	55
30	56
31	32
31	33
31	34
31	53
31	55
31	56
31	57
32	33
32	34
32	55
32	56
32	57
32	58
32	83
33	34
33	35
33	56
33	57
33	58
33	59
33	82
33	83
34	35
34	36
34	49
34	56
34	57
34	58
34	59
34	60
34	90
35	36
35	37
35	57
35	58
35	59
35	60
35	61
35	79
35	82
35	83
36	37
36	38
36	46
36	49
36	58
36	59
36	60
36	61
36	62
37	38
37	39
37	59
37	60
37	61
37	62
37	63
37	75
37	76
37	79
38	39
38	40
38	41
38	60
38	61
38	62
38	63
38	64
39	40
39	41
39	60
39	61
39	62
39	63
39	64
40	41
40	42
40	60
40	62
40	63
41	42
41	43
41	60
41	62
42	43
42	44
42	45
42	46
42	47
42	60
43	44
43	45
43	46
43	47
43	48
44	45
44	46
44	47
44	48
44	49
45	46
45	47
45	48
45	49
45	50
46	47
46	48
46	49
46	50
46	51
46	58
46	59
46	60
47	48
47	49
47	50
47	51
47	52
48	49
48	50
48	51
48	52
49	50
49	51
49	52
49	53
49	58
50	51
50	52
50	53
50	54
50	56
50	57
50	58
50	59
51	52
51	53
51	54
52	53
52	54
53	54
53	55
53	56
53	57
53	58
54	55
54	56
54	57
55	56
55	57
56	57
56	58
57	58
57	59
57	82
58	59
58	60
59	60
59	61
59	82
59	83
60	61
60	62
60	63
61	62
61	63
61	75
61	78
61	79
61	82
62	63
62	64
62	75
63	64
63	65
63	67
63	71
63	72
63	75
64	65
64	66
64	67
64	72
65	66
65	67
65	68
65	72
65	93
66	67
66	68
67	68
67	69
67	70
67	71
67	72
68	69
68	70
68	71
68	72
68	73
69	70
69	71
69	72
69	73
69	74
70	71
70	72
70	73
70	74
70	75
71	72
71	73
71	74
71	75
71	76
72	73
72	74
72	75
72	76
72	77
73	74
73	75
73	76
73	77
73	78
74	75
74	76
74	77
74	78
74	79
75	76
75	77
75	78
75	79
75	80
76	77
76	78
76	79
76	80
76	81
76	89
77	78
77	79
77	80
77	81
77	82
78	79
78	80
78	81
78	82
78	83
79	80
79	81
79	82
79	83
79	84
79	85
79	86
80	81
80	82
80	83
80	84
80	85
80	86
81	82
81	83
81	84
82	83
82	84
83	84
83	85
83	86
84	85
84	86
85	86
85	87
86	87
86	88
86	89
87	88
87	89
88	89
88	90
89	90
89	91
90	91
90	92
91	92
91	93
92	93
92	94
93	94
93	95
94	95
