94	95
94	96
94	97
94	98
94	99
95	96
95	97
95	98
95	99
95	100
95	128
95	129
96	97
96	98
96	99
96	100
96	101
96	128
96	129
97	98
97	99
97	100
97	101
97	102
97	128
98	99
98	100
98	101
98	102
98	103
98	105
98	125
98	128
99	100
99	101
99	102
99	103
99	104
99	121
99	125
99	128
99	129
99	134
100	101
100	102
100	103
100	104
100	105
100	125
100	128
100	134
101	102
101	103
101	104
101	105
101	106
101	121
102	103
102	104
102	105
102	106
102	107
102	121
102	122
102	124
102	125
102	126
102	128
102	134
103	104
103	105
103	106
103	107
103	108
103	121
103	122
103	125
103	133
103	134
103	137
104	105
104	106
104	107
104	108
104	109
104	122
105	106
105	107
105	108
105	109
105	110
105	118
105	121
106	107
106	108
106	109
106	110
106	111
106	117
106	118
106	121
106	122
107	108
107	109
107	110
107	111
107	112
107	118
107	122
107	137
108	109
108	110
108	111
108	112
108	113
108	114
108	118
108	122
109	110
109	111
109	112
109	113
109	114
109	115
109	116
109	117
109	118
109	121
110	111
110	112
110	113
110	114
110	115
110	117
110	118
110	122
110	137
110	140
110	141
110	142
110	144
111	112
111	113
111	114
111	115
112	113
112	114
112	115
113	114
113	115
113	116
113	117
114	115
114	116
114	117
114	118
114	119
115	116
115	117
115	118
115	119
115	120
115	141
115	144
115	145
116	117
116	118
116	119
116	120
116	145
117	118
117	119
117	120
117	121
117	122
118	119
118	120
118	121
118	122
118	123
118	138
118	141
119	120
119	121
119	122
119	123
119	124
119	138
119	141
119	142
119	145
120	121
120	122
120	123
120	124
120	125
120	138
121	122
121	123
121	124
121	125
121	126
121	134
122	123
122	124
122	125
122	126
122	127
122	134
122	137
122	138
122	141
123	124
123	125
123	126
123	127
123	138
123	142
123	150
123	154
124	125
124	126
124	127
124	128
124	129
125	126
125	127
125	128
125	129
125	130
125	134
126	127
126	128
126	129
126	130
126	131
126	134
126	135
126	138
126	154
127	128
127	129
127	130
128	129
128	130
129	130
129	131
129	132
129	134
130	131
130	132
130	134
130	135
130	157
131	132
131	133
131	134
131	135
131	136
132	133
132	134
132	135
132	136
132	137
132	158
133	134
133	135
133	136
133	137
133	138
133	158
134	135
134	136
134	137
134	138
134	139
135	136
135	137
135	138
135	139
135	140
135	154
135	155
135	157
135	158
136	137
136	138
136	139
136	140
136	141
136	154
136	158
137	138
137	139
137	140
137	141
137	142
138	139
138	140
138	141
138	142
138	143
138	151
138	154
139	140
139	141
139	142
139	143
139	144
139	147
139	150
139	151
139	152
139	154
139	155
139	158
140	141
140	142
140	143
140	144
140	145
140	151
141	142
141	143
141	144
141	145
141	146
141	151
142	143
142	144
142	145
142	146
142	147
142	148
142	150
142	151
142	154
143	144
143	145
143	146
143	147
143	148
143	151
144	145
144	146
144	147
145	146
145	147
146	147
146	148
146	149
146	151
147	148
147	149
147	150
147	151
147	152
148	149
148	150
148	151
148	152
148	153
149	150
149	151
149	152
149	153
149	154
150	151
150	152
150	153
150	154
150	155
151	152
151	153
151	154
151	155
151	156
152	153
152	154
152	155
152	156
152	157
153	154
153	155
153	156
153	157
153	158
154	155
154	156
154	157
154	158
155	156
155	157
155	158
156	157
156	158
157	158
