94	95
94	96
94	97
94	98
94	99
95	96
95	97
95	98
95	99
95	100
95	128
95	129
96	97
96	98
96	99
96	100
96	101
96	128
96	129
97	98
97	99
97	100
97	101
97	102
97	128
98	99
98	100
98	101
98	102
98	103
98	105
98	125
98	128
99	100
99	101
99	102
99	103
99	104
99	121
99	125
99	128
99	129
100	101
100	102
100	103
100	104
100	105
100	125
100	128
101	102
101	103
101	104
101	105
101	106
101	121
102	103
102	104
102	105
102	106
102	107
102	121
102	122
102	124
102	125
102	126
102	128
103	104
103	105
103	106
103	107
103	108
103	121
103	122
103	125
103	133
104	105
104	106
104	107
104	108
104	109
104	122
105	106
105	107
105	108
105	109
105	110
105	118
105	121
106	107
106	108
106	109
106	110
106	111
106	117
106	118
106	121
106	122
107	108
107	109
107	110
107	111
107	112
107	118
107	122
108	109
108	110
108	111
108	112
108	113
108	114
108	118
108	122
109	110
109	111
109	112
109	113
109	114
109	115
109	116
109	117
109	118
109	121
110	111
110	112
110	113
110	114
110	115
110	117
110	118
110	122
111	112
111	113
111	114
111	115
112	113
112	114
112	115
113	114
113	115
113	116
113	117
114	115
114	116
114	117
114	118
114	119
115	116
115	117
115	118
115	119
115	120
116	117
116	118
116	119
116	120
117	118
117	119
117	120
117	121
117	122
118	119
118	120
118	121
118	122
118	123
119	120
119	121
119	122
119	123
119	124
120	121
120	122
120	123
120	124
120	125
121	122
121	123
121	124
121	125
121	126
122	123
122	124
122	125
122	126
122	127
123	124
123	125
123	126
123	127
124	125
124	126
124	127
124	128
124	129
125	126
125	127
125	128
125	129
125	130
126	127
126	128
126	129
126	130
126	131
127	128
127	129
127	130
128	129
128	130
129	130
129	131
129	132
130	131
130	132
131	132
131	133
132	133
