465	466
465	467
465	709
466	467
466	468
466	469
466	676
466	709
467	468
467	469
467	671
467	672
467	675
467	676
467	678
467	679
467	709
468	469
468	470
468	634
468	675
468	676
468	679
469	470
469	471
469	472
469	627
469	630
469	631
469	634
469	672
469	676
470	471
470	472
470	627
470	631
470	632
470	634
470	635
470	676
471	472
471	473
471	627
471	628
471	631
471	635
472	473
472	474
472	580
472	581
472	587
472	627
472	628
472	629
472	631
472	632
472	635
473	474
473	475
473	577
473	578
473	580
473	581
473	624
473	627
473	628
473	668
473	669
474	475
474	476
474	477
474	545
474	577
474	578
474	581
474	624
474	628
475	476
475	477
475	541
475	542
475	573
475	574
475	577
475	578
475	617
475	620
475	621
475	624
476	477
476	478
476	513
476	541
476	542
476	543
476	545
476	578
477	478
477	479
477	538
477	541
477	542
477	574
478	479
478	480
478	483
478	509
478	510
478	511
478	512
478	538
478	541
478	542
479	480
479	481
479	482
479	483
479	484
480	481
480	482
480	483
480	484
480	485
480	506
480	509
480	510
481	482
481	483
481	484
481	485
481	486
481	509
481	510
482	483
482	484
482	485
482	486
482	487
483	484
483	485
483	486
483	487
483	488
483	509
483	535
483	538
483	539
483	541
483	542
484	485
484	486
484	487
484	488
484	489
484	502
484	503
484	505
484	506
484	507
484	509
485	486
485	487
485	488
485	489
485	490
486	487
486	488
486	489
486	490
486	491
486	530
486	535
487	488
487	489
487	490
487	491
487	492
487	497
487	502
487	505
487	509
487	526
487	530
487	535
487	539
488	489
488	490
488	491
488	492
488	493
488	502
488	530
489	490
489	491
489	492
489	493
490	491
490	492
490	493
490	494
490	495
490	530
490	531
490	532
490	534
490	535
491	492
491	493
491	494
491	495
491	496
491	497
491	498
491	502
491	530
492	493
492	494
492	495
492	530
493	494
493	495
493	496
494	495
494	496
494	497
494	529
494	530
494	531
494	532
495	496
495	497
495	498
495	530
496	497
496	498
496	501
496	525
496	529
496	530
497	498
497	499
497	500
497	501
497	502
497	505
497	522
497	525
497	526
497	530
498	499
498	500
498	501
498	502
498	503
499	500
499	501
499	502
499	503
499	504
500	501
500	502
500	503
500	504
500	505
501	502
501	503
501	504
501	505
501	506
501	522
502	503
502	504
502	505
502	506
502	507
502	522
503	504
503	505
503	506
503	507
503	508
504	505
504	506
504	507
504	508
504	509
504	518
504	522
505	506
505	507
505	508
505	509
505	510
505	518
505	519
505	522
505	539
506	507
506	508
506	509
506	510
506	511
507	508
507	509
507	510
507	511
507	515
508	509
508	510
508	511
508	512
508	515
508	518
508	519
508	522
509	510
509	511
509	512
509	515
509	519
509	539
509	542
510	511
510	512
511	512
511	513
511	514
511	515
511	516
511	519
512	513
512	514
512	515
512	516
512	517
512	519
512	539
512	542
512	543
512	545
512	546
513	514
513	515
513	516
513	519
513	545
513	546
514	515
514	516
514	517
514	546
515	516
515	517
515	518
515	519
515	520
515	543
516	517
516	518
516	519
516	520
516	521
516	543
516	546
516	547
516	548
516	552
517	518
517	519
517	520
517	521
517	522
517	543
517	547
518	519
518	520
518	521
518	522
518	523
519	520
519	521
519	522
519	523
519	524
519	539
519	543
520	521
520	522
520	523
520	524
520	525
520	539
520	540
520	543
520	547
520	552
520	556
521	522
521	523
521	524
521	525
521	526
522	523
522	524
522	525
522	526
522	527
522	536
522	539
523	524
523	525
523	526
523	527
523	528
523	535
523	536
523	537
523	539
523	540
523	543
523	556
524	525
524	526
524	527
524	528
524	529
524	536
524	540
524	552
524	555
524	556
525	526
525	527
525	528
525	529
525	530
525	556
526	527
526	528
526	529
526	530
526	531
526	532
526	533
526	534
526	535
526	536
526	539
527	528
527	529
527	530
527	533
527	536
527	537
527	555
527	556
527	559
528	529
528	530
528	533
529	530
529	531
529	533
530	531
530	532
530	533
530	535
531	532
531	533
532	533
532	534
532	535
532	536
533	534
533	535
533	536
533	537
533	538
533	559
533	568
533	571
534	535
534	536
534	537
534	538
534	539
534	565
534	567
534	568
534	571
535	536
535	537
535	538
535	539
535	540
535	571
536	537
536	538
536	539
536	540
536	541
536	556
537	538
537	539
537	540
537	541
537	542
537	555
537	556
537	557
537	559
537	560
537	561
537	563
537	568
537	571
537	572
537	575
538	539
538	540
538	541
538	542
538	543
538	571
538	574
539	540
539	541
539	542
539	543
539	544
540	541
540	542
540	543
540	544
540	545
540	547
540	552
540	553
540	556
540	575
541	542
541	543
541	544
541	545
541	571
541	574
541	575
541	578
542	543
542	544
542	545
542	546
542	578
543	544
543	545
543	546
543	547
543	582
544	545
544	546
544	547
544	548
544	553
544	574
544	575
544	578
544	579
544	582
544	585
545	546
545	547
545	578
545	579
545	581
545	582
545	583
545	584
546	547
546	548
546	582
546	584
547	548
547	549
547	550
547	552
547	553
547	582
547	584
547	585
548	549
548	550
548	552
548	582
548	584
548	585
549	550
549	551
549	552
549	553
549	582
549	584
549	585
550	551
550	552
550	553
550	554
550	585
550	589
551	552
551	553
551	554
551	555
551	585
552	553
552	554
552	555
552	556
552	585
553	554
553	555
553	556
553	557
553	558
553	575
553	576
553	579
553	585
553	589
554	555
554	556
554	557
554	558
554	559
555	556
555	557
555	558
555	559
555	560
556	557
556	558
556	559
556	560
556	561
556	572
556	575
557	558
557	559
557	560
557	561
557	562
557	572
557	575
557	576
557	589
557	599
558	559
558	560
558	561
558	562
558	563
558	572
559	560
559	561
559	562
559	563
559	564
559	568
559	572
560	561
560	562
560	563
560	564
560	565
560	568
560	569
560	570
560	572
561	562
561	563
561	568
561	569
561	572
561	573
561	576
561	598
561	599
561	602
561	603
561	605
561	607
562	563
562	564
562	565
562	569
562	602
562	605
562	607
563	564
563	565
563	566
563	568
563	569
563	602
563	605
563	607
564	565
564	566
564	569
564	607
565	566
565	567
565	568
565	569
565	570
565	607
565	614
566	567
566	568
566	569
566	570
566	571
566	607
566	610
566	614
566	615
566	618
567	568
567	569
567	570
567	571
567	572
567	614
568	569
568	570
568	571
568	572
568	573
569	570
569	571
569	572
569	573
569	574
569	602
569	603
569	605
569	607
569	618
570	571
570	572
570	573
570	574
570	575
570	614
570	617
570	618
570	619
570	621
571	572
571	573
571	574
571	575
571	576
571	618
572	573
572	574
572	575
572	576
572	577
573	574
573	575
573	576
573	577
573	578
573	603
573	618
573	621
573	622
573	625
574	575
574	576
574	577
574	578
574	579
574	617
574	621
575	576
575	577
575	578
575	579
575	580
576	577
576	578
576	579
576	580
576	589
576	590
576	595
576	599
576	603
576	625
576	628
577	578
577	579
577	580
577	581
577	590
577	621
577	622
577	624
577	625
577	628
578	579
578	580
578	581
578	582
578	628
579	580
579	581
579	582
579	583
579	585
579	586
579	587
579	589
579	590
580	581
580	582
580	583
580	586
580	587
580	590
580	624
580	625
580	628
580	629
580	632
581	582
581	583
581	586
581	628
582	583
582	584
582	585
582	586
582	587
583	584
583	585
583	586
584	585
584	586
584	588
585	586
585	587
585	588
585	589
585	590
586	587
586	588
586	589
586	590
586	591
587	588
587	589
587	590
587	591
587	592
587	632
587	638
588	589
588	590
588	591
588	592
588	595
589	590
589	591
589	592
589	593
589	595
589	596
589	629
590	591
590	592
590	593
590	595
590	596
590	599
590	625
590	629
590	632
590	642
591	592
591	593
591	595
591	596
591	629
591	632
591	637
591	638
591	639
591	642
592	593
592	594
592	595
592	596
592	597
592	629
592	639
593	594
593	595
593	596
593	597
593	598
593	639
593	641
594	595
594	596
594	597
594	598
594	599
595	596
595	597
595	598
595	599
595	600
595	629
596	597
596	598
596	599
596	600
596	601
596	629
596	639
596	640
596	641
596	642
596	645
597	598
597	599
597	600
597	601
597	641
597	645
598	599
598	600
598	601
598	602
598	603
599	600
599	601
599	602
599	603
599	604
599	625
599	629
599	654
600	601
600	602
600	603
600	604
600	605
600	622
600	625
600	626
600	629
600	642
600	645
600	646
600	649
600	653
600	654
601	602
601	603
601	604
601	605
601	654
602	603
602	604
602	605
603	604
603	605
603	606
603	607
603	618
603	622
603	625
603	653
603	654
603	660
604	605
604	606
604	653
604	654
605	606
605	607
605	653
605	654
606	607
606	608
606	653
607	608
607	609
607	610
607	615
607	618
608	609
608	610
609	610
609	611
609	614
610	611
610	612
610	614
610	615
611	612
611	613
611	614
611	615
611	616
612	613
612	614
612	615
612	616
612	617
613	614
613	615
613	616
613	617
613	618
614	615
614	616
614	617
614	618
614	619
615	616
615	617
615	618
615	619
615	620
615	659
615	660
616	617
616	618
616	619
616	620
616	621
616	659
616	663
616	666
617	618
617	619
617	620
617	621
617	622
618	619
618	620
618	621
618	622
618	623
618	660
619	620
619	621
619	622
619	623
619	624
619	659
619	660
619	663
619	666
619	669
620	621
620	622
620	623
620	624
620	625
620	660
620	663
620	665
620	666
620	669
621	622
621	623
621	624
621	625
621	626
622	623
622	624
622	625
622	626
622	627
622	654
622	660
622	670
623	624
623	625
623	626
623	627
623	628
623	660
623	665
623	666
623	667
623	669
623	670
623	673
624	625
624	626
624	627
624	628
624	629
624	669
625	626
625	627
625	628
625	629
625	630
626	627
626	628
626	629
626	630
626	631
626	646
626	649
626	650
626	654
626	660
626	669
626	670
626	673
627	628
627	629
627	630
627	631
627	632
627	669
627	670
627	672
627	673
627	676
628	629
628	630
628	631
628	632
628	633
629	630
629	631
629	632
629	633
629	634
629	642
629	646
629	677
630	631
630	632
630	633
630	634
630	635
630	646
630	650
630	672
630	673
630	674
630	676
630	677
631	632
631	633
631	634
631	635
631	636
631	676
632	633
632	634
632	635
632	636
632	637
632	638
632	642
633	634
633	635
633	636
633	637
633	638
633	642
633	643
633	646
633	676
633	677
633	680
634	635
634	636
634	676
634	677
634	679
634	680
635	636
635	637
635	638
636	637
636	638
637	638
637	639
638	639
638	640
638	641
638	642
639	640
639	641
639	642
639	643
639	644
640	641
640	642
640	643
640	644
641	642
641	643
641	644
641	645
641	646
642	643
642	644
642	645
642	646
642	647
643	644
643	645
643	646
643	647
643	648
643	676
643	677
643	680
643	681
643	684
644	645
644	646
644	647
644	648
644	649
645	646
645	647
645	648
645	649
645	650
646	647
646	648
646	649
646	650
646	651
646	673
646	677
647	648
647	649
647	650
647	651
647	652
647	674
647	677
647	684
648	649
648	650
648	651
648	652
648	653
648	654
648	677
649	650
649	651
649	652
649	653
649	654
649	655
649	656
650	651
650	652
650	653
650	654
650	655
650	656
650	670
650	673
650	674
650	677
650	693
651	652
651	653
651	654
651	655
651	656
651	674
651	691
651	693
652	653
652	654
652	655
652	656
652	693
653	654
653	655
653	656
653	657
653	660
654	655
654	656
654	657
654	658
654	660
654	661
654	670
655	656
655	657
655	658
655	660
655	661
655	670
655	693
655	694
655	697
656	657
656	658
656	660
656	661
656	670
656	693
657	658
657	659
657	660
657	661
657	662
657	693
658	659
658	660
658	661
658	662
658	663
659	660
659	661
659	662
659	663
659	666
660	661
660	662
660	663
660	664
660	665
660	666
660	667
660	668
660	670
660	697
660	701
661	662
661	663
661	664
661	666
661	667
661	670
661	692
661	693
661	694
661	696
661	697
661	700
661	701
662	663
662	664
662	667
662	697
662	700
662	701
663	664
663	665
663	666
663	667
663	668
663	701
664	665
664	666
664	667
664	668
664	669
664	701
664	704
664	706
664	707
665	666
665	667
665	668
665	669
665	670
665	701
665	706
665	707
666	667
666	668
666	669
666	670
666	671
667	668
667	669
667	670
667	671
667	672
667	693
667	697
667	701
667	707
668	669
668	670
668	671
668	672
668	673
668	697
668	701
668	706
668	707
669	670
669	671
669	672
669	673
669	674
669	706
669	707
670	671
670	672
670	673
670	674
670	675
670	693
670	694
670	697
671	672
671	673
671	674
671	675
671	676
671	693
671	694
671	697
671	707
672	673
672	674
672	675
672	676
672	677
672	706
673	674
673	675
673	676
673	677
673	678
674	675
674	676
674	677
674	678
674	679
674	684
674	687
674	688
674	691
674	693
674	694
675	676
675	677
675	678
675	679
675	680
675	684
676	677
676	678
676	679
676	680
676	681
677	678
677	679
677	680
677	681
677	682
677	684
677	685
678	679
678	680
678	681
678	682
678	684
678	685
678	688
679	680
679	681
679	682
679	684
679	685
680	681
680	682
681	682
681	683
681	684
681	685
681	686
682	683
682	684
682	685
682	686
682	687
683	684
683	685
683	686
683	687
683	688
684	685
684	686
684	687
684	688
684	689
684	691
685	686
685	687
685	688
685	689
686	687
686	688
686	689
686	690
687	688
687	689
687	690
687	691
688	689
688	690
688	691
688	694
688	695
689	690
689	691
689	694
689	695
689	698
690	691
690	692
690	695
691	692
691	693
691	694
691	695
691	696
692	693
692	694
692	695
692	696
692	697
692	699
693	694
693	695
693	696
693	697
693	698
694	695
694	696
694	697
694	698
694	699
695	696
695	697
695	698
695	699
695	700
696	697
696	698
696	699
696	700
696	701
697	698
697	699
697	700
697	701
697	702
697	707
698	699
698	700
698	701
698	702
698	703
699	700
699	701
699	702
700	701
700	702
700	703
700	704
701	702
701	703
701	704
701	705
701	707
701	708
702	703
702	704
702	705
702	707
702	708
702	709
703	704
703	705
703	706
703	707
703	708
704	705
704	706
704	707
704	708
704	709
705	706
705	707
705	708
705	709
706	707
706	708
706	709
707	708
707	709
708	709
