1	2
1	3
1	5
1	6
1	9
1	27
1	31
2	3
2	4
2	5
2	6
2	7
2	24
2	27
2	28
3	4
3	5
3	6
3	7
3	8
3	13
3	24
3	27
4	5
4	6
4	7
4	8
4	9
4	13
4	16
4	20
4	21
4	22
4	24
4	27
4	28
5	6
5	7
5	8
5	9
5	10
5	24
5	27
5	28
5	31
5	34
6	7
6	8
6	9
6	10
6	11
7	8
7	9
7	10
7	11
7	12
7	13
8	9
8	10
8	11
8	12
8	13
8	16
8	28
8	31
8	33
8	34
8	37
9	10
9	11
9	12
9	31
9	32
9	33
10	11
10	12
11	12
11	13
11	14
12	13
12	14
13	14
13	15
13	16
13	37
14	15
14	16
15	16
15	17
15	20
15	37
16	17
16	18
16	20
16	21
16	28
16	37
16	41
17	18
17	19
17	20
17	21
17	37
17	41
17	49
18	19
18	20
18	21
18	22
18	25
18	37
18	38
18	41
18	42
18	45
18	49
18	50
18	52
18	53
19	20
19	21
19	22
19	49
19	52
20	21
20	22
20	24
20	49
20	52
21	22
21	23
21	24
21	25
21	28
21	34
21	37
21	38
21	52
21	56
22	23
22	24
22	25
22	52
22	56
23	24
23	25
23	26
23	52
23	56
24	25
24	26
24	27
24	28
24	29
24	38
24	56
25	26
25	27
25	28
25	29
25	30
25	38
25	52
25	53
25	54
25	56
25	57
25	64
25	73
26	27
26	28
26	29
26	30
26	31
26	56
26	57
26	59
26	60
26	63
26	64
27	28
27	29
27	30
27	31
27	64
28	29
28	30
28	31
28	32
28	33
28	34
28	35
28	36
28	37
28	38
28	69
28	73
29	30
29	31
29	32
29	34
29	35
29	38
29	57
29	64
29	67
29	69
29	70
29	71
29	73
30	31
30	32
30	35
30	63
30	64
30	67
30	68
30	69
30	70
31	32
31	33
31	34
31	35
31	36
31	67
31	69
31	70
32	33
32	34
32	35
32	36
32	37
32	39
32	69
33	34
33	35
33	36
33	37
33	38
33	69
34	35
34	36
34	37
34	38
34	39
34	73
35	36
35	37
35	38
35	39
35	40
35	67
35	69
35	70
35	72
35	73
36	37
36	38
36	39
36	40
36	41
37	38
37	39
37	40
37	41
37	42
38	39
38	40
38	41
38	42
38	43
38	53
38	57
38	73
38	76
39	40
39	41
39	42
39	43
39	69
39	72
39	73
39	76
39	80
40	41
40	42
40	43
40	44
40	76
41	42
41	43
41	44
41	45
41	46
41	49
42	43
42	44
42	45
42	49
42	50
42	53
42	73
42	76
42	77
42	80
43	44
43	45
43	50
43	76
43	80
44	45
44	46
44	49
44	50
45	46
45	47
45	49
45	50
46	47
46	48
46	49
46	50
46	51
47	48
47	49
47	50
47	51
47	52
47	85
48	49
48	50
48	51
48	52
48	53
49	50
49	51
49	52
49	53
49	54
50	51
50	52
50	53
50	54
50	55
50	77
50	80
50	81
50	82
50	85
51	52
51	53
51	54
51	55
51	56
51	77
51	85
52	53
52	54
52	55
52	56
52	57
52	85
53	54
53	55
53	56
53	57
53	58
53	73
53	77
54	55
54	56
54	57
54	58
54	59
54	77
54	84
54	85
54	86
54	88
54	89
55	56
55	57
55	58
55	59
55	60
56	57
56	58
56	59
56	60
56	61
56	64
57	58
57	59
57	60
57	61
57	62
57	64
57	73
57	74
57	77
57	89
58	59
58	60
58	61
58	64
58	74
58	85
58	88
58	89
58	92
59	60
59	61
60	61
60	62
60	63
60	64
60	65
60	74
61	62
61	63
61	64
61	65
61	66
61	74
61	89
61	92
62	63
62	64
62	65
62	66
62	67
62	92
62	96
62	99
62	100
62	103
63	64
63	65
63	66
63	67
63	70
64	65
64	66
64	67
64	68
64	69
64	70
64	71
64	72
64	73
64	74
64	105
64	109
65	66
65	67
65	70
65	71
65	74
65	89
65	92
65	93
65	96
65	100
65	103
65	105
65	106
65	109
66	67
66	68
66	71
66	99
66	100
66	103
66	105
66	106
66	109
67	68
67	69
67	70
67	71
67	72
67	103
67	105
67	106
68	69
68	70
68	71
68	72
68	105
68	108
69	70
69	71
69	72
69	73
69	74
69	105
70	71
70	72
70	73
70	74
70	75
71	72
71	73
71	74
71	75
71	76
71	105
71	106
71	108
71	109
72	73
72	74
72	75
72	76
72	77
72	79
72	108
73	74
73	75
73	76
73	77
73	78
74	75
74	76
74	77
74	78
74	79
74	89
74	93
74	109
74	112
75	76
75	77
75	78
75	79
75	80
75	105
75	108
75	109
75	111
75	112
75	116
76	77
76	78
76	79
76	80
76	81
76	112
77	78
77	79
77	80
77	81
77	82
77	85
77	86
77	89
78	79
78	80
78	81
78	85
78	86
78	87
78	89
78	90
78	93
78	109
78	112
78	113
78	116
78	117
79	80
79	81
79	86
79	112
79	116
80	81
80	82
80	85
80	86
81	82
81	83
81	85
81	86
82	83
82	84
82	85
82	86
82	87
83	84
83	85
83	86
83	87
83	88
84	85
84	86
84	87
84	88
84	89
85	86
85	87
85	88
85	89
85	90
86	87
86	88
86	89
86	90
86	91
86	116
86	117
86	121
87	88
87	89
87	90
87	91
87	92
87	116
87	117
87	118
87	121
88	89
88	90
88	91
88	92
88	93
88	121
89	90
89	91
89	92
89	93
89	94
89	121
90	91
90	92
90	93
90	94
90	95
90	113
90	117
90	121
90	125
91	92
91	93
91	94
91	95
91	96
91	121
92	93
92	94
92	95
92	96
92	97
92	100
93	94
93	95
93	96
93	97
93	98
93	100
93	109
93	110
93	113
93	125
93	128
94	95
94	96
94	97
94	98
94	100
94	121
94	124
94	125
94	128
95	96
95	97
95	98
95	128
96	97
96	98
96	99
96	100
96	101
96	110
96	128
97	98
97	99
97	100
97	101
97	102
97	110
97	125
97	128
97	129
97	145
98	99
98	100
98	101
98	102
98	128
98	129
98	132
99	100
99	101
99	102
99	103
99	106
99	110
100	101
100	102
100	103
100	104
100	105
100	106
100	107
100	108
100	109
100	110
100	141
100	145
101	102
101	103
101	106
101	107
101	110
101	129
101	136
101	139
101	141
101	142
101	143
101	145
102	103
102	104
102	107
102	110
102	135
102	136
102	139
102	141
102	142
102	145
103	104
103	105
103	106
103	107
103	108
103	139
103	141
103	142
104	105
104	106
104	107
104	108
104	109
104	141
105	106
105	107
105	108
105	109
105	110
105	141
106	107
106	108
106	109
106	110
106	111
106	145
107	108
107	109
107	110
107	111
107	112
107	140
107	141
107	142
107	144
107	145
108	109
108	110
108	111
108	112
108	113
108	145
109	110
109	111
109	112
109	113
109	114
110	111
110	112
110	113
110	114
110	115
110	125
110	145
110	148
110	149
111	112
111	113
111	114
111	115
111	116
111	144
111	145
111	148
111	151
111	152
112	113
112	114
112	115
112	116
112	117
112	148
113	114
113	115
113	116
113	117
113	122
113	125
114	115
114	116
114	117
114	118
114	121
114	122
114	123
114	125
114	126
114	145
114	148
114	149
114	152
114	153
115	116
115	117
115	122
115	148
115	152
116	117
116	118
116	122
117	118
117	119
117	121
117	122
117	125
118	119
118	120
118	121
118	122
118	123
119	120
119	121
119	122
119	123
119	124
119	153
120	121
120	122
120	123
120	124
120	125
121	122
121	123
121	124
121	125
121	126
122	123
122	124
122	125
122	126
122	127
122	152
122	153
123	124
123	125
123	126
123	127
123	128
123	153
123	154
123	157
124	125
124	126
124	127
124	128
125	126
125	127
125	128
125	129
125	149
126	127
126	128
126	129
126	130
126	149
126	150
126	152
126	153
126	157
126	158
126	160
126	161
127	128
127	129
127	130
127	153
127	156
127	157
127	158
127	160
128	129
128	130
128	132
128	160
129	130
129	131
129	132
129	133
129	136
129	145
129	146
129	149
129	160
130	131
130	132
130	133
130	160
131	132
131	133
131	160
132	133
132	134
132	135
132	136
132	137
133	134
133	135
133	136
133	137
133	138
133	146
133	160
133	161
133	164
133	165
134	135
134	136
134	137
134	138
134	139
134	164
134	165
134	168
134	172
135	136
135	137
135	138
135	139
135	142
136	137
136	138
136	139
136	140
136	141
136	142
136	143
136	144
136	145
136	146
136	177
137	138
137	139
137	142
137	143
137	146
137	161
137	165
137	172
137	175
137	177
137	178
137	179
137	181
137	182
138	139
138	140
138	142
138	143
138	168
138	171
138	172
138	175
138	177
138	178
139	140
139	141
139	142
139	143
139	144
139	175
139	177
139	180
140	141
140	142
140	143
140	144
140	177
140	180
141	142
141	143
141	144
141	145
141	146
142	143
142	144
142	145
142	146
142	147
142	181
143	144
143	145
143	146
143	147
143	148
143	177
143	178
143	179
143	180
143	181
144	145
144	146
144	147
144	148
144	149
144	180
144	181
145	146
145	147
145	148
145	149
145	150
146	147
146	148
146	149
146	150
146	151
146	161
146	165
146	181
146	184
147	148
147	149
147	150
147	151
147	152
147	177
147	180
147	181
147	184
147	188
148	149
148	150
148	151
148	152
148	153
148	184
149	150
149	151
149	152
149	153
149	158
149	161
150	151
150	152
150	153
150	158
150	161
150	165
150	181
150	184
150	185
150	188
150	189
151	152
151	153
151	158
151	184
151	187
151	188
152	153
152	154
152	158
152	188
153	154
153	155
153	157
153	158
154	155
154	156
154	157
154	158
155	156
155	157
155	158
155	159
155	188
155	189
155	190
155	193
156	157
156	158
156	159
156	193
157	158
157	159
157	160
157	161
158	159
158	160
158	161
158	162
158	163
158	185
158	188
158	189
159	160
159	161
159	162
159	163
159	164
160	161
160	162
160	163
160	164
160	165
161	162
161	163
161	164
161	165
161	166
161	181
161	185
161	197
162	163
162	164
162	165
162	166
162	185
162	189
162	193
162	194
162	196
162	197
163	164
163	165
163	166
164	165
164	166
164	167
164	168
164	172
165	166
165	167
165	168
165	169
165	172
165	178
165	181
165	182
165	185
165	197
165	200
166	167
166	168
166	169
166	196
166	197
166	200
167	168
167	169
167	170
167	171
167	200
168	169
168	170
168	171
168	172
168	173
168	182
168	200
169	170
169	171
169	172
169	173
169	174
169	182
169	196
169	197
169	198
169	200
169	201
169	208
170	171
170	172
170	173
170	174
170	175
170	200
170	201
170	204
170	207
170	208
170	211
171	172
171	173
171	174
171	175
171	178
172	173
172	174
172	175
172	176
172	177
172	178
172	179
172	182
173	174
173	175
173	178
173	179
173	182
173	197
173	201
173	208
173	211
173	213
173	214
173	215
173	217
174	175
174	176
174	179
174	207
174	208
174	211
174	212
174	213
174	214
175	176
175	177
175	178
175	179
175	180
175	211
175	213
176	177
176	178
176	179
176	180
176	183
176	213
177	178
177	179
177	180
177	181
177	182
178	179
178	180
178	181
178	182
178	183
179	180
179	181
179	182
179	183
179	213
179	214
179	217
180	181
180	182
180	183
180	184
180	185
180	217
181	182
181	183
181	184
181	185
181	186
182	183
182	184
182	185
182	186
182	187
182	197
182	201
182	217
182	220
183	184
183	185
183	186
183	187
183	188
183	213
183	214
183	216
183	217
183	220
184	185
184	186
184	187
184	188
184	189
184	220
185	186
185	187
185	188
185	189
185	190
185	194
185	197
186	187
186	188
186	189
186	190
186	194
186	197
186	198
186	201
186	217
186	220
186	221
187	188
187	189
187	220
187	224
188	189
188	190
188	193
189	190
189	191
189	193
189	194
190	191
190	192
190	193
190	194
190	195
191	192
191	193
191	194
191	195
191	198
191	226
191	229
192	193
192	194
192	195
192	196
193	194
193	195
193	196
193	197
194	195
194	196
194	197
194	198
194	199
195	196
195	197
195	198
195	199
195	200
196	197
196	198
196	199
196	200
196	201
197	198
197	199
197	200
197	201
197	202
198	199
198	200
198	201
198	202
198	203
198	221
198	229
199	200
199	201
199	202
199	203
199	204
200	201
200	202
200	203
200	204
200	205
200	208
201	202
201	203
201	204
201	205
201	206
201	208
201	217
201	218
201	221
201	233
202	203
202	204
202	205
202	208
202	218
202	221
202	228
202	229
202	230
202	232
202	233
203	204
203	205
203	207
204	205
204	206
204	207
204	208
204	209
204	218
205	206
205	207
205	208
205	209
205	218
205	233
205	236
206	207
206	208
206	209
206	210
206	211
206	218
206	233
206	236
206	237
206	240
206	244
207	208
207	209
207	210
207	211
208	209
208	210
208	211
208	212
208	213
208	214
208	215
208	216
208	217
208	218
208	253
209	210
209	211
209	214
209	215
209	218
209	237
209	244
209	247
209	249
209	250
209	251
209	253
210	211
210	212
210	215
210	244
210	247
210	249
210	250
211	212
211	213
211	214
211	215
211	216
211	247
211	249
211	250
212	213
212	214
212	215
212	216
212	249
213	214
213	215
213	216
213	217
213	249
214	215
214	216
214	217
214	218
214	219
214	253
215	216
215	217
215	218
215	219
215	220
215	249
215	250
215	252
215	253
216	217
216	218
216	219
216	220
216	221
216	249
216	252
216	253
217	218
217	219
217	220
217	221
217	222
218	219
218	220
218	221
218	222
218	223
218	233
218	253
219	220
219	221
219	222
219	223
219	224
219	249
219	252
219	253
219	256
219	260
220	221
220	222
220	223
220	224
220	225
221	222
221	223
221	224
221	225
221	226
221	229
221	230
221	233
222	223
222	224
222	225
222	229
222	230
222	233
222	234
222	252
222	253
222	254
222	256
222	257
222	260
223	224
223	225
223	230
223	256
223	260
224	225
224	226
224	230
224	260
225	226
225	227
225	229
225	230
226	227
226	228
226	229
226	230
226	231
227	228
227	229
227	230
227	231
227	232
227	260
227	261
227	262
227	265
228	229
228	230
228	231
228	232
228	233
229	230
229	231
229	232
229	233
229	234
230	231
230	232
230	233
230	234
230	235
230	260
230	265
231	232
231	233
231	234
231	235
231	236
231	262
231	265
232	233
232	234
232	235
232	236
232	237
232	265
233	234
233	235
233	236
233	237
233	238
233	257
234	235
234	236
234	237
234	238
234	256
234	257
234	258
234	260
234	261
234	262
234	265
234	269
235	236
235	237
235	238
235	265
236	237
236	238
236	240
236	244
237	238
237	239
237	240
237	241
237	244
237	253
237	254
237	257
237	269
237	272
238	239
238	240
238	241
238	264
238	265
238	266
238	267
238	268
238	269
238	272
239	240
239	241
239	242
239	243
239	272
240	241
240	242
240	243
240	244
240	245
240	272
241	242
241	243
241	244
241	245
241	246
241	254
241	269
241	272
241	273
241	284
241	293
241	297
242	243
242	244
242	245
242	246
242	247
242	272
242	276
242	279
242	283
242	284
242	290
243	244
243	245
243	246
243	247
244	245
244	246
244	247
244	248
244	249
244	250
244	251
244	252
244	254
245	246
245	247
245	248
245	250
245	251
245	254
245	284
245	287
245	289
245	290
245	291
245	293
245	297
246	247
246	248
246	251
246	283
246	284
246	287
246	289
246	290
247	248
247	249
247	250
247	251
247	252
247	287
247	289
248	249
248	250
248	251
248	252
248	289
249	250
249	251
249	252
249	253
249	254
249	289
250	251
250	252
250	253
250	254
250	255
251	252
251	253
251	254
251	255
251	256
251	289
251	290
251	293
252	253
252	254
252	255
252	256
252	257
252	293
253	254
253	255
253	256
253	257
253	258
254	255
254	256
254	257
254	258
254	259
254	269
254	293
254	297
255	256
255	257
255	258
255	259
255	260
255	289
255	292
255	293
255	296
256	257
256	258
256	259
256	260
256	261
257	258
257	259
257	260
257	261
257	262
257	266
257	269
258	259
258	260
258	261
258	266
258	269
258	293
258	296
258	297
258	300
259	260
259	261
259	266
259	296
259	300
260	261
260	262
260	265
260	266
261	262
261	263
261	265
261	266
261	269
262	263
262	264
262	265
262	266
262	267
263	264
263	265
263	266
263	267
263	268
264	265
264	266
264	267
264	268
264	269
265	266
265	267
265	268
265	269
265	270
266	267
266	268
266	269
266	270
266	271
266	300
267	268
267	269
267	270
267	271
267	272
267	304
268	269
268	270
268	271
268	272
268	273
269	270
269	271
269	272
269	273
269	274
269	297
270	271
270	272
270	273
270	274
270	275
270	297
270	298
270	301
270	304
270	305
271	272
271	273
271	274
271	275
271	304
272	273
272	274
272	275
272	276
273	274
273	275
273	276
273	280
273	284
273	293
273	294
273	297
274	275
274	276
275	276
275	277
275	279
275	280
276	277
276	278
276	279
276	280
276	281
277	278
277	279
277	280
277	281
277	282
278	279
278	280
278	281
278	282
278	283
278	284
279	280
279	281
279	282
279	283
279	284
279	285
280	281
280	282
280	283
280	284
280	285
280	286
280	294
281	282
281	283
281	284
281	285
281	286
282	283
282	284
282	285
282	286
282	287
283	284
283	285
283	286
283	287
283	290
283	291
284	285
284	286
284	287
284	289
284	290
284	291
284	292
284	293
284	294
284	297
285	286
285	287
285	288
285	290
285	291
285	294
286	287
286	288
286	289
286	291
287	288
287	289
287	290
287	291
287	292
288	289
288	290
288	291
288	292
289	290
289	291
289	292
289	293
290	291
290	292
290	293
290	294
290	295
291	292
291	293
291	294
291	295
291	296
292	293
292	294
292	295
292	296
292	297
293	294
293	295
293	296
293	297
293	298
294	295
294	296
294	297
294	298
294	299
295	296
295	297
295	298
295	299
295	300
296	297
296	298
296	299
296	300
296	301
297	298
297	299
297	300
297	301
297	305
298	299
298	300
298	301
298	305
299	300
299	301
300	301
300	302
301	302
301	303
301	304
301	305
302	303
302	304
302	305
303	304
303	305
304	305
