43	44
43	45
43	46
43	126
44	45
44	46
44	47
44	48
44	49
44	126
45	46
45	47
45	48
45	49
45	50
45	127
45	129
45	132
45	199
45	201
45	202
46	47
46	48
46	49
46	50
46	51
47	48
47	49
47	50
47	51
47	52
47	122
47	123
47	126
48	49
48	50
48	51
48	52
48	53
48	123
48	126
48	127
48	132
48	202
49	50
49	51
49	52
49	53
49	54
49	123
49	132
49	199
49	201
49	202
50	51
50	52
50	53
50	54
50	55
50	119
51	52
51	53
51	54
51	55
51	56
51	118
51	119
51	120
51	122
51	123
51	126
52	53
52	54
52	55
52	56
52	57
52	123
52	132
52	139
52	202
53	54
53	55
53	56
53	57
53	58
53	139
53	201
53	202
53	203
53	204
54	55
54	56
54	57
54	58
54	115
54	116
54	119
55	56
55	57
55	58
55	115
55	116
55	117
55	119
55	120
55	123
55	136
55	139
55	140
55	143
56	57
56	58
56	116
56	139
56	202
56	203
56	204
56	205
56	206
56	213
57	58
57	61
57	62
57	63
58	61
58	66
58	111
58	112
58	115
58	116
58	143
58	146
61	62
61	63
61	64
61	66
61	67
61	70
61	71
61	112
61	146
62	63
62	64
62	65
62	67
62	204
63	64
63	65
63	66
63	67
63	68
63	115
64	65
64	66
64	67
64	68
64	69
65	66
65	67
65	68
65	69
65	107
65	111
65	115
66	67
66	68
66	69
66	70
66	71
66	107
66	108
66	111
66	112
66	115
67	68
67	69
67	70
67	71
67	72
67	73
68	69
68	70
68	71
68	72
68	73
68	91
68	95
69	70
69	71
69	72
69	73
69	75
69	95
69	103
69	104
69	107
69	108
70	71
70	72
70	73
70	75
70	76
70	95
70	107
70	108
70	109
70	112
70	146
71	72
71	73
71	75
71	76
71	77
71	82
71	146
72	73
72	75
72	76
72	77
72	82
72	84
73	75
73	76
73	77
73	78
73	82
73	84
73	91
73	94
73	95
73	96
73	104
75	76
75	77
75	78
75	79
75	80
75	81
75	146
76	77
76	78
76	79
76	80
76	81
76	82
76	83
77	78
77	79
77	80
77	81
77	82
77	83
77	84
77	95
77	96
78	79
78	80
78	81
78	82
78	95
78	96
78	97
78	98
79	80
79	81
79	82
80	81
80	82
81	82
81	83
82	83
82	84
83	84
83	85
84	85
84	86
84	91
84	94
84	95
84	96
84	104
85	86
85	87
85	91
86	87
86	88
86	89
86	90
86	91
86	94
87	88
87	89
88	89
88	90
88	91
89	90
89	91
89	92
90	91
90	92
91	92
91	93
91	94
91	104
92	93
92	94
92	99
92	100
92	101
93	94
93	95
93	97
93	99
93	100
93	101
93	104
94	95
94	96
94	97
94	98
94	99
94	100
94	101
94	104
95	96
95	97
95	98
95	99
95	100
95	103
95	104
95	105
95	106
95	107
95	108
96	97
96	98
96	99
97	98
97	99
97	100
98	99
98	100
99	100
99	101
100	101
100	102
100	104
100	105
101	102
101	103
101	104
101	105
101	106
102	103
102	104
102	105
102	106
102	107
103	104
103	105
103	106
103	107
103	108
104	105
104	106
104	107
104	108
105	106
105	107
105	108
105	109
105	110
105	151
106	107
106	108
106	109
106	110
106	111
106	151
107	108
107	109
107	110
107	111
107	112
107	151
108	109
108	110
108	111
108	112
108	147
108	150
108	151
109	110
109	111
109	112
109	113
109	114
109	147
109	151
109	153
109	154
109	155
109	165
109	169
110	111
110	112
110	113
110	114
110	115
110	151
110	165
111	112
111	113
111	114
111	115
111	116
111	165
112	113
112	114
112	115
112	116
112	117
112	143
112	146
112	147
113	114
113	115
113	116
113	117
113	118
113	147
113	154
113	155
113	156
113	159
113	164
113	165
114	115
114	116
114	117
114	118
115	116
115	117
115	118
115	119
116	117
116	118
116	119
116	120
116	121
116	136
116	139
116	140
116	141
116	143
117	118
117	119
117	120
117	121
117	122
117	140
117	155
117	156
117	159
117	160
117	164
117	165
118	119
118	120
118	121
118	122
118	123
118	161
119	120
119	121
119	122
119	123
119	124
120	121
120	122
120	123
120	124
120	125
120	133
120	136
120	137
120	140
120	159
121	122
121	123
121	124
121	125
121	126
121	159
121	160
121	161
121	162
121	164
122	123
122	124
122	125
122	126
122	127
123	124
123	125
123	126
123	127
123	128
123	132
123	133
123	136
124	125
124	126
124	127
124	128
124	133
124	136
124	137
124	140
125	126
125	127
126	127
126	128
127	128
127	129
127	130
127	132
127	133
128	129
128	130
128	133
129	130
129	131
129	132
129	133
129	134
129	193
130	131
130	132
130	133
130	134
130	135
130	189
130	192
130	193
131	132
131	133
131	134
131	135
131	136
131	189
131	190
131	193
131	197
131	198
131	210
132	133
132	134
132	135
132	136
132	137
132	198
132	199
132	202
133	134
133	135
133	136
133	137
133	138
133	186
134	135
134	136
134	137
134	138
134	139
134	185
134	186
134	189
134	190
135	136
135	137
135	138
135	139
135	140
135	186
135	190
135	198
135	213
136	137
136	138
136	139
136	140
136	141
137	138
137	139
137	140
137	141
137	142
137	156
137	178
137	182
137	186
138	139
138	140
138	141
138	142
138	143
138	183
138	186
138	190
138	213
138	216
138	217
138	220
139	140
139	141
139	142
139	143
139	198
139	202
139	203
139	205
139	213
140	141
140	142
140	143
140	145
140	156
140	157
140	158
140	159
140	178
140	182
141	142
141	143
141	145
141	146
141	156
141	178
141	180
141	182
141	183
141	186
141	220
142	143
142	145
142	146
142	147
142	216
142	220
142	223
143	145
143	146
143	147
143	148
145	146
145	147
145	148
145	149
145	150
145	154
145	176
145	220
145	223
145	227
146	147
146	148
146	149
146	150
146	151
147	148
147	149
147	150
147	151
147	152
147	154
148	149
148	150
148	151
148	152
148	153
148	154
148	171
148	172
148	175
148	176
149	150
149	151
149	152
149	172
149	176
149	227
150	151
150	152
150	172
151	152
151	153
151	154
151	172
152	153
152	154
152	170
152	171
152	172
152	175
153	154
153	155
153	169
153	170
153	171
153	172
153	175
154	155
154	156
154	157
154	168
154	169
154	170
154	171
154	172
154	175
155	156
155	157
155	158
155	159
155	164
155	165
155	166
155	167
155	168
155	169
155	170
155	175
156	157
156	158
156	159
156	168
156	169
156	170
156	174
156	175
156	178
156	182
157	158
157	159
157	170
157	178
158	159
158	160
158	164
158	167
158	168
158	169
158	170
159	160
159	161
159	163
159	164
159	165
159	167
159	168
160	161
160	162
160	163
160	164
160	165
160	166
160	167
161	162
161	163
161	164
162	163
162	164
163	164
163	165
163	166
163	167
164	165
164	166
164	167
165	166
165	167
165	168
165	169
166	167
166	168
167	168
167	169
168	169
168	170
169	170
169	171
170	171
170	172
170	174
170	175
170	178
171	172
171	173
171	174
171	175
171	176
172	173
172	174
172	175
172	176
172	177
173	174
173	175
173	176
173	177
173	178
174	175
174	176
174	177
174	178
175	176
175	177
175	178
175	180
176	177
176	178
176	180
176	181
176	227
176	228
177	178
177	180
177	181
177	182
178	180
178	181
178	182
178	183
180	181
180	182
180	183
180	184
180	185
180	220
180	221
180	225
180	228
181	182
181	183
181	184
181	185
181	186
182	183
182	184
182	185
182	186
182	187
183	184
183	185
183	186
183	187
183	188
183	217
183	218
183	220
183	221
184	185
184	186
184	187
184	188
184	189
184	221
185	186
185	187
185	188
185	189
185	190
186	187
186	188
186	189
186	190
186	191
186	214
186	217
187	188
187	189
187	190
187	191
187	192
187	214
187	217
187	218
187	221
188	189
188	190
188	191
188	192
188	193
188	214
189	190
189	191
189	192
189	193
189	194
189	210
190	191
190	192
190	193
190	194
190	210
190	211
190	213
190	214
190	217
191	192
191	193
191	194
191	195
191	210
191	214
192	193
192	194
192	196
193	194
193	195
193	196
193	197
193	210
194	195
194	196
194	209
194	210
194	211
195	196
195	197
195	209
195	210
195	211
196	197
196	198
196	208
196	209
196	210
196	211
197	198
197	199
197	200
197	207
197	208
197	209
197	210
198	199
198	200
198	201
198	202
198	203
198	207
198	208
198	209
198	210
198	213
199	200
199	201
199	202
199	203
199	207
199	208
200	201
200	202
200	203
200	204
200	207
200	208
201	202
201	203
201	204
201	207
202	203
202	204
203	204
203	205
203	206
203	207
203	208
203	209
203	213
204	205
204	206
204	207
205	206
205	207
205	213
205	216
206	207
206	208
206	209
206	212
206	213
206	215
206	216
207	208
207	209
207	213
208	209
208	210
208	211
208	213
209	210
209	211
209	212
209	213
209	214
210	211
210	212
210	213
210	214
210	215
211	212
211	213
211	214
211	215
211	216
212	213
212	214
212	215
212	216
212	217
213	214
213	215
213	216
213	217
213	218
214	215
214	216
214	217
214	218
214	219
215	216
215	217
215	218
215	219
215	220
216	217
216	218
216	219
216	220
216	221
217	218
217	219
217	220
217	221
217	222
218	219
218	220
218	221
218	222
218	223
219	220
219	221
219	222
219	223
220	221
220	222
220	223
220	225
221	222
221	223
221	225
222	223
222	225
222	227
223	225
223	227
223	228
225	227
225	228
225	229
227	228
227	229
228	229
