139	140
139	141
139	142
139	143
140	141
140	142
140	171
140	172
141	142
141	143
141	145
141	146
141	161
141	165
141	168
141	169
141	170
141	171
141	172
142	143
142	144
142	145
142	146
142	147
143	144
143	145
143	146
143	147
143	148
144	145
144	146
144	147
144	148
144	149
145	146
145	147
145	148
145	149
145	150
145	164
145	168
146	147
146	148
146	149
146	150
146	151
146	153
146	154
146	155
146	161
146	164
146	165
146	168
147	148
147	149
147	150
147	151
147	152
147	153
147	154
147	155
147	164
148	149
148	150
148	151
148	152
148	153
149	150
149	151
149	152
149	164
149	167
149	168
150	151
150	152
150	153
150	154
150	155
150	156
150	160
150	164
151	152
151	153
152	153
152	154
153	154
153	155
154	155
154	156
154	157
155	156
155	157
155	158
155	160
155	161
155	164
156	157
156	158
156	160
156	161
157	158
157	159
157	160
157	161
157	162
158	159
158	160
158	161
158	162
158	163
159	160
159	161
159	162
159	163
159	164
159	166
160	161
160	162
160	163
160	164
160	165
161	162
161	163
161	164
161	165
161	166
162	163
162	164
162	165
162	166
162	167
163	164
163	165
163	166
163	167
163	168
164	165
164	166
164	167
164	168
164	169
165	166
165	167
165	168
165	169
165	170
166	167
166	168
166	169
167	168
167	169
168	169
168	170
169	170
169	171
170	171
170	172
171	172
171	173
172	173
172	174
173	174
173	175
174	175
174	176
175	176
175	177
176	177
176	178
177	178
177	179
177	227
178	179
224	225
224	226
224	228
224	229
224	230
224	232
224	233
225	226
225	227
225	228
225	229
225	230
226	227
226	228
226	229
226	230
226	231
227	228
227	229
227	230
227	231
227	232
228	229
228	230
228	231
228	232
228	233
229	230
229	231
229	232
229	233
229	234
230	231
230	232
230	233
230	234
230	235
231	232
231	233
231	234
231	235
231	236
232	233
232	234
232	235
232	236
232	237
233	234
233	235
233	236
233	237
233	238
234	235
234	236
234	237
234	238
234	239
235	236
235	237
235	238
235	239
235	240
236	237
236	238
236	239
236	240
236	241
237	238
237	239
237	240
237	241
237	242
237	250
238	239
238	240
238	241
238	242
238	243
239	240
239	241
239	242
239	243
239	244
240	241
240	242
240	243
240	244
240	245
240	247
240	250
240	254
241	242
241	243
241	244
241	245
241	246
241	250
242	243
242	244
242	245
242	246
242	247
243	244
243	245
243	246
243	247
243	248
243	249
244	245
244	246
244	247
244	248
244	249
244	250
244	254
245	246
245	247
245	248
245	249
246	247
246	248
246	249
247	248
247	249
247	250
247	251
247	254
248	249
248	250
249	250
249	251
249	252
249	254
250	251
250	252
250	253
250	254
250	255
251	252
251	253
251	254
251	255
251	256
252	253
252	254
252	255
252	256
253	254
253	255
253	256
253	257
253	258
254	255
254	256
255	256
255	257
256	257
256	258
257	258
257	259
257	260
258	259
258	260
258	261
258	262
259	260
259	261
260	261
260	262
261	262
