3	4
3	5
3	77
4	5
4	6
4	7
4	30
4	31
4	32
4	77
4	78
5	6
5	7
5	30
5	31
5	32
5	33
5	77
6	7
6	8
6	31
6	32
6	33
6	34
6	75
6	76
6	77
6	78
7	8
7	9
7	20
7	24
7	31
7	32
7	33
7	34
7	35
7	76
7	77
7	78
7	79
7	80
8	9
8	10
8	32
8	33
8	34
8	35
8	36
8	69
8	72
8	73
8	76
8	78
8	79
8	80
8	81
9	10
9	11
9	12
9	17
9	20
9	21
9	33
9	34
9	35
9	36
9	37
9	78
9	79
9	80
9	81
9	82
10	11
10	12
10	13
10	17
10	34
10	35
10	36
10	37
10	63
10	79
10	80
10	81
10	82
10	83
11	12
11	13
11	14
11	15
11	16
11	17
11	18
11	35
11	36
11	37
11	63
11	80
11	82
11	83
11	84
12	13
12	14
12	17
12	18
12	19
12	21
12	35
12	36
12	37
12	47
12	48
12	82
12	83
13	14
13	15
13	17
13	18
13	35
13	36
13	37
13	39
13	42
13	43
13	44
13	45
13	47
13	48
13	58
14	15
14	16
14	17
14	18
14	19
14	37
14	42
14	43
14	44
14	47
15	16
15	17
15	18
15	19
15	20
15	42
15	47
16	17
16	18
16	19
16	20
16	21
16	82
17	18
17	19
17	20
17	21
17	22
17	48
17	82
18	19
18	20
18	21
18	22
18	23
18	47
18	48
18	51
19	20
19	21
19	22
19	23
19	24
20	21
20	22
20	23
20	24
20	25
20	80
20	82
21	22
21	23
21	24
21	25
21	26
21	33
21	35
21	48
21	51
21	56
22	23
22	24
22	25
22	26
22	27
22	46
22	47
22	48
22	51
23	24
23	25
23	26
23	27
23	28
24	25
24	26
24	27
24	28
24	29
24	30
24	31
24	33
24	55
25	26
25	27
25	28
25	29
25	33
25	50
25	51
25	52
25	55
25	56
26	27
26	28
26	29
26	55
27	28
27	29
27	30
28	29
28	30
28	31
28	32
28	55
29	30
29	31
29	32
29	55
30	31
30	32
30	55
31	32
31	33
31	54
31	55
31	56
32	33
32	34
32	53
32	54
32	55
32	56
32	57
33	34
33	35
33	54
33	55
33	56
33	57
33	58
34	35
34	36
34	55
34	56
34	57
34	58
34	59
34	72
35	36
35	37
35	48
35	56
35	57
35	58
35	59
35	60
35	72
36	37
36	38
36	57
36	58
36	59
36	60
36	61
36	62
36	63
36	68
36	69
36	72
36	83
37	38
37	39
37	40
37	42
37	43
37	44
37	58
37	59
37	60
37	61
37	62
37	83
38	39
38	40
38	59
38	60
38	61
38	62
38	63
38	100
38	101
39	40
39	41
39	42
39	43
39	44
39	45
39	58
39	60
39	61
40	41
40	42
40	43
40	44
40	85
41	42
41	43
41	85
41	86
41	87
41	90
42	43
42	44
42	47
42	86
43	44
43	45
43	47
44	45
44	46
44	47
44	48
44	49
45	46
45	47
45	48
45	49
45	50
45	52
45	58
45	60
46	47
46	48
46	49
46	50
47	48
47	49
47	50
47	51
48	49
48	50
48	51
48	52
48	56
48	58
49	50
49	51
49	52
50	51
50	52
51	52
51	53
51	54
51	55
51	56
52	53
52	54
52	55
52	56
52	57
52	58
53	54
53	55
53	56
53	57
54	55
54	56
55	56
55	57
56	57
56	58
57	58
57	59
58	59
58	60
59	60
59	61
59	68
59	72
60	61
60	62
60	68
61	62
61	63
61	65
61	68
62	63
62	64
62	65
62	66
62	68
62	69
62	100
62	101
62	105
63	64
63	65
63	66
63	69
63	81
63	83
63	84
63	100
63	101
63	102
63	104
63	105
63	106
64	65
64	66
64	69
64	100
64	104
64	105
65	66
65	67
65	68
65	69
65	70
66	67
66	68
66	69
66	70
66	71
67	68
67	69
67	70
67	71
67	72
68	69
68	70
68	71
68	72
68	73
69	70
69	71
69	72
69	73
69	74
69	79
70	71
70	72
70	73
70	74
70	75
71	72
71	73
71	74
71	75
72	73
72	74
72	75
72	76
73	74
73	75
73	76
73	77
73	79
74	75
74	76
75	76
75	77
76	77
76	78
76	79
77	78
77	79
78	79
78	80
79	80
79	81
80	81
80	82
80	83
81	82
81	83
81	84
81	101
81	102
81	105
81	106
82	83
82	84
83	84
83	85
83	101
83	102
83	106
84	85
84	86
84	101
84	102
85	86
85	87
85	90
85	97
85	98
85	101
85	102
86	87
86	88
86	98
86	102
87	88
87	89
87	90
87	91
87	92
87	98
88	89
88	90
88	91
88	92
88	93
88	98
89	90
89	91
89	92
89	93
89	94
90	91
90	92
90	93
90	94
90	95
90	98
91	92
91	93
91	94
91	95
91	98
92	93
92	94
92	95
92	98
93	94
93	95
94	95
94	96
94	97
94	98
95	96
95	97
95	98
95	99
95	100
96	97
96	98
96	99
96	100
96	101
97	98
97	99
97	100
97	101
97	102
98	99
98	100
98	101
98	102
98	103
98	104
99	100
99	101
99	102
99	103
99	104
99	105
100	101
100	102
100	103
100	104
100	105
100	106
101	102
101	103
101	104
101	105
101	106
102	103
102	104
102	105
102	106
102	107
103	104
103	105
103	106
103	107
104	105
104	106
104	107
105	106
105	107
106	107
