3	4
3	5
3	77
3	241
3	242
3	243
4	5
4	6
4	7
4	30
4	31
4	32
4	77
4	78
4	119
4	238
4	241
4	242
5	6
5	7
5	30
5	31
5	32
5	33
5	77
6	7
6	8
6	31
6	32
6	33
6	34
6	75
6	76
6	77
6	78
7	8
7	9
7	20
7	24
7	31
7	32
7	33
7	34
7	35
7	76
7	77
7	78
7	79
7	80
7	238
7	241
8	9
8	10
8	32
8	33
8	34
8	35
8	36
8	69
8	72
8	73
8	76
8	78
8	79
8	80
8	81
8	118
9	10
9	11
9	12
9	17
9	20
9	21
9	33
9	34
9	35
9	36
9	37
9	78
9	79
9	80
9	81
9	82
10	11
10	12
10	13
10	17
10	34
10	35
10	36
10	37
10	63
10	79
10	80
10	81
10	82
10	83
10	109
11	12
11	13
11	14
11	15
11	16
11	17
11	18
11	35
11	36
11	37
11	63
11	80
11	82
11	83
11	84
12	13
12	14
12	17
12	18
12	19
12	21
12	35
12	36
12	37
12	47
12	48
12	82
12	83
13	14
13	15
13	17
13	18
13	35
13	36
13	37
13	39
13	42
13	43
13	44
13	45
13	47
13	48
13	58
14	15
14	16
14	17
14	18
14	19
14	37
14	42
14	43
14	44
14	47
14	195
15	16
15	17
15	18
15	19
15	20
15	42
15	47
15	191
15	192
15	193
15	194
15	195
15	196
15	197
15	230
16	17
16	18
16	19
16	20
16	21
16	82
16	123
16	191
16	195
16	230
16	233
16	234
17	18
17	19
17	20
17	21
17	22
17	48
17	82
18	19
18	20
18	21
18	22
18	23
18	47
18	48
18	51
18	195
19	20
19	21
19	22
19	23
19	24
19	194
19	229
19	230
19	231
19	232
19	234
20	21
20	22
20	23
20	24
20	25
20	80
20	82
20	230
20	233
20	234
20	235
20	237
20	238
20	241
21	22
21	23
21	24
21	25
21	26
21	33
21	35
21	48
21	51
21	56
21	234
22	23
22	24
22	25
22	26
22	27
22	46
22	47
22	48
22	51
22	195
23	24
23	25
23	26
23	27
23	28
23	231
23	234
23	235
23	238
24	25
24	26
24	27
24	28
24	29
24	30
24	31
24	33
24	55
24	238
25	26
25	27
25	28
25	29
25	33
25	50
25	51
25	52
25	55
25	56
26	27
26	28
26	29
26	55
27	28
27	29
27	30
28	29
28	30
28	31
28	32
28	55
28	238
29	30
29	31
29	32
29	55
30	31
30	32
30	55
31	32
31	33
31	54
31	55
31	56
31	238
32	33
32	34
32	53
32	54
32	55
32	56
32	57
33	34
33	35
33	54
33	55
33	56
33	57
33	58
34	35
34	36
34	55
34	56
34	57
34	58
34	59
34	72
35	36
35	37
35	48
35	56
35	57
35	58
35	59
35	60
35	72
36	37
36	38
36	57
36	58
36	59
36	60
36	61
36	62
36	63
36	68
36	69
36	72
36	83
36	109
37	38
37	39
37	40
37	42
37	43
37	44
37	58
37	59
37	60
37	61
37	62
37	83
38	39
38	40
38	59
38	60
38	61
38	62
38	63
38	100
38	101
39	40
39	41
39	42
39	43
39	44
39	45
39	58
39	60
39	61
40	41
40	42
40	43
40	44
40	85
41	42
41	43
41	85
41	86
41	87
41	90
41	197
41	199
41	200
42	43
42	44
42	47
42	86
42	197
42	199
43	44
43	45
43	47
44	45
44	46
44	47
44	48
44	49
45	46
45	47
45	48
45	49
45	50
45	52
45	58
45	60
46	47
46	48
46	49
46	50
46	195
47	48
47	49
47	50
47	51
47	195
48	49
48	50
48	51
48	52
48	56
48	58
49	50
49	51
49	52
50	51
50	52
51	52
51	53
51	54
51	55
51	56
52	53
52	54
52	55
52	56
52	57
52	58
53	54
53	55
53	56
53	57
54	55
54	56
55	56
55	57
56	57
56	58
57	58
57	59
58	59
58	60
59	60
59	61
59	68
59	72
60	61
60	62
60	68
61	62
61	63
61	65
61	68
62	63
62	64
62	65
62	66
62	68
62	69
62	100
62	101
62	105
63	64
63	65
63	66
63	69
63	81
63	83
63	84
63	100
63	101
63	102
63	104
63	105
63	106
63	108
63	109
64	65
64	66
64	69
64	100
64	104
64	105
64	108
65	66
65	67
65	68
65	69
65	70
65	108
66	67
66	68
66	69
66	70
66	71
66	108
67	68
67	69
67	70
67	71
67	72
68	69
68	70
68	71
68	72
68	73
69	70
69	71
69	72
69	73
69	74
69	79
69	108
69	109
69	112
69	116
70	71
70	72
70	73
70	74
70	75
70	112
70	115
70	116
71	72
71	73
71	74
71	75
71	116
72	73
72	74
72	75
72	76
73	74
73	75
73	76
73	77
73	79
73	112
73	113
73	116
73	118
74	75
74	76
74	116
75	76
75	77
76	77
76	78
76	79
76	116
76	118
77	78
77	79
77	118
77	119
78	79
78	80
78	118
78	119
78	120
78	241
79	80
79	81
79	109
79	112
79	113
79	118
79	119
79	120
79	121
79	122
79	241
80	81
80	82
80	83
80	119
80	120
80	121
80	122
80	123
80	237
80	241
81	82
81	83
81	84
81	101
81	102
81	105
81	106
81	109
81	120
81	121
81	122
81	123
81	124
81	165
82	83
82	84
82	121
82	123
82	165
82	233
82	234
82	237
83	84
83	85
83	101
83	102
83	106
83	109
83	165
84	85
84	86
84	101
84	102
84	161
84	165
85	86
85	87
85	90
85	97
85	98
85	101
85	102
85	161
85	164
85	165
86	87
86	88
86	98
86	102
86	161
86	199
86	200
87	88
87	89
87	90
87	91
87	92
87	98
87	161
87	199
87	200
87	218
88	89
88	90
88	91
88	92
88	93
88	98
88	127
88	159
88	160
88	161
88	162
88	200
89	90
89	91
89	92
89	93
89	94
89	199
89	218
90	91
90	92
90	93
90	94
90	95
90	98
90	199
91	92
91	93
91	94
91	95
91	98
91	159
91	160
91	161
91	162
92	93
92	94
92	95
92	98
92	159
92	160
93	94
93	95
94	95
94	96
94	97
94	98
95	96
95	97
95	98
95	99
95	100
95	160
95	164
96	97
96	98
96	99
96	100
96	101
97	98
97	99
97	100
97	101
97	102
98	99
98	100
98	101
98	102
98	103
98	104
98	160
98	161
98	164
99	100
99	101
99	102
99	103
99	104
99	105
99	164
100	101
100	102
100	103
100	104
100	105
100	106
101	102
101	103
101	104
101	105
101	106
102	103
102	104
102	105
102	106
102	107
102	122
102	160
102	161
102	164
102	165
102	168
103	104
103	105
103	106
103	107
103	108
103	164
103	167
103	168
103	171
104	105
104	106
104	107
104	108
104	109
105	106
105	107
105	108
105	109
105	110
106	107
106	108
106	109
106	110
106	111
106	120
106	122
106	168
106	169
106	171
106	172
107	108
107	109
107	110
107	111
107	112
107	171
107	175
108	109
108	110
108	111
108	112
108	113
109	110
109	111
109	112
109	113
109	114
109	120
110	111
110	112
110	113
110	114
110	115
110	120
110	168
110	171
110	172
110	175
110	181
110	183
111	112
111	113
111	114
111	115
111	116
111	175
111	179
112	113
112	114
112	115
112	116
112	117
112	118
113	114
113	115
113	116
113	117
113	118
113	119
113	120
113	181
114	115
114	116
114	117
114	118
114	175
114	179
114	181
115	116
115	117
116	117
116	118
117	118
117	119
117	180
117	181
117	182
118	119
118	120
118	181
118	182
118	183
119	120
119	121
119	182
119	183
119	184
119	240
119	241
119	242
119	243
119	244
119	246
120	121
120	122
120	172
120	181
120	182
120	183
120	184
120	185
120	241
121	122
121	123
121	124
121	182
121	183
121	184
121	185
121	186
121	237
121	240
121	241
121	250
122	123
122	124
122	165
122	168
122	169
122	172
122	184
122	185
122	186
122	187
123	124
123	125
123	165
123	169
123	184
123	185
123	186
123	233
123	237
124	125
124	126
124	128
124	155
124	165
124	166
124	168
124	169
124	185
124	186
124	187
124	188
124	189
124	233
125	126
125	127
125	128
125	129
125	161
125	162
125	165
125	169
125	186
125	187
125	188
125	189
126	127
126	128
126	129
126	130
126	149
126	187
126	188
126	189
126	190
126	226
127	128
127	129
127	130
127	131
127	149
127	156
127	157
127	158
127	159
127	161
127	162
127	188
127	190
127	225
128	129
128	130
128	154
128	155
128	156
128	157
128	162
128	165
128	166
128	169
128	187
129	130
129	131
129	149
129	150
129	151
129	152
129	153
129	154
129	155
129	156
129	157
129	173
129	187
129	249
129	251
130	131
130	132
130	149
130	154
130	155
130	156
130	157
130	158
131	132
131	133
131	149
131	156
131	158
132	133
132	134
132	138
132	146
132	147
132	148
132	149
133	134
133	135
133	137
133	138
133	147
134	135
134	136
134	137
134	138
134	222
134	223
134	224
135	136
135	137
135	138
135	139
135	140
135	141
135	142
135	143
135	148
135	255
135	257
136	137
136	138
136	141
137	138
137	139
138	139
138	140
138	141
138	142
138	147
139	140
139	141
139	142
139	147
140	141
140	142
140	143
140	144
140	147
141	142
141	143
141	144
141	147
142	143
142	144
142	147
142	148
142	257
143	144
143	145
143	147
143	148
143	255
144	145
144	146
144	147
144	148
145	146
145	147
145	148
146	147
146	148
146	149
147	148
147	149
147	257
148	149
148	150
148	153
148	255
148	257
149	150
149	151
149	153
149	251
150	151
150	152
150	153
150	251
151	152
151	153
151	249
151	251
152	153
152	154
153	154
153	155
154	155
154	156
155	156
155	157
155	165
155	166
155	167
155	169
155	170
155	173
155	185
155	187
155	249
156	157
156	158
157	158
157	159
157	162
157	163
157	164
157	166
158	159
158	160
158	162
158	163
159	160
159	161
159	162
159	163
159	164
160	161
160	162
160	163
160	164
160	165
161	162
161	163
161	164
161	165
161	166
162	163
162	164
162	165
162	166
162	167
163	164
163	165
163	166
163	167
163	168
164	165
164	166
164	167
164	168
164	169
165	166
165	167
165	168
165	169
165	170
166	167
166	168
166	169
166	170
166	171
167	168
167	169
167	170
167	171
167	172
168	169
168	170
168	171
168	172
168	173
169	170
169	171
169	172
169	173
169	174
169	185
169	186
169	187
170	171
170	172
170	173
170	174
170	175
170	185
171	172
171	173
171	174
171	175
171	176
172	173
172	174
172	175
172	176
172	177
172	181
172	183
172	184
172	185
173	174
173	175
173	176
173	177
173	178
173	185
173	187
173	247
173	249
174	175
174	176
174	177
174	178
174	179
175	176
175	177
175	178
175	179
175	180
175	181
176	177
176	178
176	179
176	180
176	181
176	182
176	183
176	184
176	246
176	247
177	178
177	179
177	180
177	181
178	179
178	180
179	180
179	181
180	181
180	182
180	183
181	182
181	183
181	246
181	247
182	183
182	184
182	246
182	247
183	184
183	185
183	245
183	246
183	247
183	248
184	185
184	186
184	240
184	241
184	244
184	245
184	246
184	247
184	248
184	249
184	250
185	186
185	187
185	240
185	247
185	248
185	249
185	250
185	251
186	187
186	188
186	233
186	237
186	240
186	248
186	249
186	250
186	251
186	252
187	188
187	189
187	249
187	250
187	251
187	252
187	253
188	189
188	190
188	191
188	228
188	233
188	250
188	251
188	252
188	253
189	190
189	191
189	226
189	227
189	228
189	233
189	252
189	253
189	254
190	191
190	192
190	225
190	226
190	227
190	228
190	229
191	192
191	193
191	196
191	202
191	226
191	227
191	228
191	229
191	230
191	231
191	233
191	234
192	193
192	194
192	196
192	202
192	227
192	228
192	229
192	230
192	231
193	194
193	195
193	196
193	203
193	228
193	229
193	230
194	195
194	196
194	229
194	230
194	231
195	196
195	197
196	197
196	198
196	199
196	200
196	201
196	202
196	203
196	227
197	198
197	199
197	200
197	201
197	203
197	204
198	199
198	200
198	201
198	203
198	204
198	205
198	207
199	200
199	201
199	203
199	204
199	218
200	201
200	202
200	203
200	204
200	205
201	202
201	203
201	204
201	205
201	206
201	216
201	217
201	227
201	259
201	260
201	261
201	263
201	264
201	267
202	203
202	204
202	205
202	206
202	207
202	227
202	263
202	267
203	204
203	205
203	206
203	207
203	208
204	205
204	206
204	207
204	208
204	209
204	215
204	216
204	218
204	281
205	206
205	207
205	208
205	209
205	210
205	213
205	214
205	215
205	216
205	217
205	264
205	267
205	271
206	207
206	208
206	209
206	210
206	211
206	267
206	271
207	208
207	209
207	210
207	211
207	212
207	213
207	271
208	209
208	210
208	211
208	212
208	213
208	214
208	215
208	216
209	210
209	211
209	212
209	213
209	214
209	215
209	264
209	267
209	268
209	271
209	273
209	277
210	211
210	212
210	213
210	271
211	212
211	213
212	213
212	214
213	214
213	215
213	216
214	215
214	216
214	276
214	277
214	278
214	279
215	216
215	217
215	264
215	268
215	277
215	278
215	279
215	280
215	281
216	217
216	218
216	264
216	278
216	279
216	280
216	281
217	218
217	219
217	220
217	221
217	260
217	261
217	264
217	278
217	279
217	280
217	281
217	282
218	219
218	220
218	221
218	222
218	223
218	260
218	279
218	280
218	281
218	282
219	220
219	221
219	222
219	280
219	281
219	282
220	221
220	222
220	261
220	278
220	280
221	222
221	223
221	224
221	259
221	260
221	261
221	262
221	280
222	223
222	224
222	259
222	260
222	261
223	224
223	225
223	258
223	259
223	260
223	261
224	225
224	226
224	257
224	258
224	259
224	260
225	226
225	227
225	256
225	257
225	258
225	259
225	260
226	227
226	228
226	253
226	254
226	255
226	256
226	257
226	258
227	228
227	229
227	254
227	255
227	256
227	257
227	258
227	259
227	260
227	263
228	229
228	230
228	232
228	233
228	252
228	253
228	254
228	256
229	230
229	231
229	232
229	233
229	234
229	254
230	231
230	232
230	233
230	234
230	235
231	232
231	233
231	234
231	235
231	236
232	233
232	234
232	235
232	236
232	237
232	252
232	254
233	234
233	235
233	236
233	237
233	238
233	252
234	235
234	236
234	237
234	238
234	239
235	236
235	237
235	238
235	239
235	240
236	237
236	238
236	239
236	240
236	241
236	252
237	238
237	239
237	240
237	241
237	242
237	252
238	239
238	240
238	241
238	242
238	243
239	240
239	241
239	242
239	243
239	244
240	241
240	242
240	243
240	244
240	245
240	248
240	250
240	252
241	242
241	243
241	244
242	243
242	244
243	244
243	245
243	250
244	245
244	246
244	250
245	246
245	247
245	248
245	249
245	250
246	247
246	248
246	250
247	248
247	249
248	249
248	250
249	250
249	251
250	251
250	252
251	252
251	253
252	253
252	254
253	254
253	255
254	255
254	256
255	256
255	257
256	257
256	258
257	258
257	259
257	262
258	259
258	260
258	262
258	263
258	266
259	260
259	261
259	262
259	263
259	264
260	261
260	262
260	263
260	264
260	265
261	262
261	263
261	264
261	265
261	266
261	275
261	278
261	280
262	263
262	264
262	265
262	266
262	267
263	264
263	265
263	266
263	267
263	268
264	265
264	266
264	267
264	268
264	269
264	278
264	279
265	266
265	267
265	268
265	269
265	270
265	275
265	278
266	267
266	268
266	269
266	270
266	271
267	268
267	269
267	270
267	271
267	272
267	273
268	269
268	270
268	271
268	272
268	273
268	274
268	275
268	276
268	277
268	278
269	270
269	271
269	272
269	273
270	271
270	272
270	273
271	272
271	273
272	273
272	274
273	274
273	275
273	277
274	275
274	276
274	277
274	278
275	276
275	277
275	278
276	277
276	278
276	279
277	278
277	279
278	279
278	280
279	280
279	281
280	281
280	282
281	282
