264	265
264	266
264	268
264	269
265	266
265	268
265	269
265	270
266	268
266	269
266	270
268	269
268	270
268	271
268	272
268	273
269	270
269	271
269	272
270	271
270	272
271	272
271	273
272	273
272	274
273	274
273	275
273	276
273	278
274	275
274	276
274	277
274	278
275	276
275	277
275	278
276	277
276	278
276	284
277	278
278	280
280	281
280	282
280	283
280	284
281	282
281	283
281	284
281	285
282	283
282	284
282	285
282	286
282	287
283	284
283	285
283	286
283	287
283	288
284	285
284	286
284	287
284	288
284	289
285	286
285	287
285	288
285	289
286	287
286	288
286	289
286	290
287	288
287	289
288	289
288	290
289	290
