134	135
134	136
134	137
134	138
134	139
135	136
135	137
135	138
135	139
135	140
136	137
136	138
136	139
136	140
136	141
137	138
137	139
137	140
137	141
137	142
138	139
138	140
138	141
138	142
138	143
138	170
138	173
138	176
138	177
138	179
138	180
138	181
139	140
139	141
139	142
139	143
139	144
139	183
140	141
140	142
140	143
140	144
141	142
141	143
141	144
141	146
141	170
141	173
142	143
142	144
142	146
142	147
142	167
142	170
142	177
142	180
142	181
142	183
143	144
143	146
143	147
143	148
143	183
144	146
144	147
144	148
144	149
144	163
146	147
146	148
146	149
146	150
146	151
146	152
146	163
146	167
146	181
146	183
146	186
146	190
147	148
147	149
147	150
147	151
147	152
147	153
147	154
148	149
148	150
148	151
148	152
148	153
148	154
148	155
148	159
148	160
148	163
149	150
149	151
149	152
149	153
149	154
149	160
149	163
149	164
149	167
149	194
149	200
150	151
150	152
150	153
150	160
150	164
150	167
150	186
150	187
150	190
150	191
150	194
150	208
150	211
151	152
151	153
151	154
151	190
152	153
152	154
152	155
152	160
153	154
153	155
153	159
154	155
154	156
154	159
154	160
155	156
155	157
155	159
155	160
156	157
156	158
156	159
156	160
157	158
157	159
157	160
157	162
157	204
158	159
158	160
158	162
158	163
159	160
159	162
159	163
159	164
160	162
160	163
160	164
160	165
160	194
160	200
160	204
162	163
162	164
162	165
162	166
162	167
163	164
163	165
163	166
163	167
163	168
163	211
164	165
164	166
164	167
164	168
164	169
164	194
164	203
164	204
164	205
164	207
164	208
164	211
165	166
165	167
165	168
165	169
165	170
165	203
165	207
165	211
166	167
166	168
166	169
166	170
166	171
167	168
167	169
167	170
167	171
167	172
167	177
167	181
167	211
168	169
168	170
168	171
168	172
168	173
168	181
168	207
168	210
168	211
168	214
169	170
169	171
169	172
169	173
169	174
170	171
170	172
170	173
170	174
170	176
170	177
170	178
170	180
170	181
171	172
171	173
171	174
171	175
171	176
171	177
171	178
171	179
171	181
171	182
171	210
171	211
171	212
171	214
171	215
172	173
172	174
172	175
172	177
172	178
172	210
172	211
172	213
172	214
173	174
173	175
173	177
173	214
174	175
174	176
174	177
174	178
174	179
174	214
175	176
175	177
175	178
175	179
175	180
175	221
176	177
176	178
176	179
176	180
176	181
177	178
177	179
177	180
177	181
177	182
178	179
178	180
178	181
178	182
178	183
178	214
178	215
178	221
179	180
179	181
179	182
179	183
179	184
179	221
180	181
180	182
180	183
180	184
180	221
181	182
181	183
181	184
181	186
181	187
181	211
181	215
182	183
182	184
182	185
182	186
182	187
182	188
182	212
182	215
182	216
182	220
182	221
182	222
182	224
182	225
183	184
183	185
183	186
183	187
184	185
184	186
184	187
184	224
185	186
185	187
185	188
185	189
185	224
186	187
186	188
186	189
186	190
186	191
187	188
187	189
187	190
187	191
187	192
187	208
187	211
187	212
187	213
187	215
188	189
188	190
188	191
188	192
188	193
188	212
188	225
188	229
189	190
189	191
189	192
189	193
189	194
190	191
190	192
190	193
190	194
190	195
190	208
191	192
191	193
191	194
191	195
191	196
191	205
191	208
191	209
191	211
191	212
192	193
192	194
192	195
192	196
192	197
192	212
192	225
192	229
192	239
192	243
192	246
193	194
193	195
193	196
193	197
193	200
194	195
194	196
194	197
194	198
194	200
194	204
194	205
194	208
194	247
195	196
195	197
195	198
195	205
195	209
195	212
195	243
195	246
195	247
195	252
195	256
195	259
196	197
196	198
196	239
196	246
196	247
197	198
197	199
197	200
197	205
197	247
198	199
198	200
198	247
199	200
199	201
199	247
200	201
200	202
200	204
200	205
200	247
201	202
201	203
201	204
201	205
201	206
201	247
202	203
202	204
202	205
202	206
202	207
202	249
202	250
202	251
202	252
202	253
203	204
203	205
203	206
203	207
203	208
204	205
204	206
204	207
204	208
204	209
205	206
205	207
205	208
205	209
205	210
205	247
205	252
206	207
206	208
206	209
206	210
206	211
206	251
206	252
206	255
207	208
207	209
207	210
207	211
207	212
208	209
208	210
208	211
208	212
208	213
209	210
209	211
209	212
209	213
209	214
209	252
209	255
209	256
209	259
210	211
210	212
210	213
210	214
210	215
210	251
210	255
210	258
211	212
211	213
211	214
211	215
211	216
212	213
212	214
212	215
212	216
212	217
212	225
212	259
213	214
213	215
213	216
213	217
213	255
213	258
213	259
213	262
214	215
214	216
214	217
214	218
214	221
214	262
215	216
215	217
215	218
215	221
215	222
216	217
216	218
216	219
216	221
216	222
216	225
216	258
216	259
216	260
216	262
216	263
216	266
217	218
217	219
217	221
217	222
217	262
217	266
217	271
218	219
218	220
218	221
218	222
218	266
219	220
219	221
219	222
219	224
219	265
219	266
219	269
220	221
220	222
220	224
220	225
220	266
221	222
221	224
221	225
221	226
222	224
222	225
222	226
222	227
222	259
222	262
222	263
222	264
222	266
224	225
224	226
224	227
224	229
225	226
225	227
225	229
225	236
225	240
225	243
225	259
225	263
226	227
226	229
226	233
226	236
226	237
226	240
226	241
226	263
227	229
227	230
227	231
227	233
227	236
227	240
229	230
229	231
229	235
229	236
229	239
229	240
229	243
230	231
230	232
230	233
230	235
230	236
231	232
231	233
231	236
232	233
232	234
232	235
232	236
232	237
233	234
233	235
233	236
233	237
233	238
234	235
234	236
234	237
234	238
234	239
235	236
235	237
235	238
235	239
235	240
236	237
236	238
236	239
236	240
236	241
237	238
237	239
237	240
237	241
237	242
238	239
238	240
238	241
238	242
238	243
239	240
239	241
239	242
239	243
239	246
240	241
240	242
240	243
240	256
240	259
240	260
240	263
241	242
241	243
241	245
241	260
242	243
242	245
242	246
243	245
243	246
243	247
243	252
243	256
243	259
245	246
245	247
245	248
245	252
246	247
246	248
246	252
247	248
247	249
247	252
247	253
248	249
248	250
248	252
248	253
249	250
249	251
249	252
249	253
249	254
250	251
250	252
250	253
250	254
250	255
251	252
251	253
251	254
251	255
251	256
252	253
252	254
252	255
252	256
252	257
253	254
253	255
253	256
253	257
253	258
254	255
254	256
254	257
254	258
254	259
255	256
255	257
255	258
255	259
256	257
256	258
256	259
256	260
256	261
257	258
257	259
257	260
257	261
257	262
258	259
258	260
258	261
258	262
258	263
259	260
259	261
259	262
259	263
259	264
260	261
260	262
260	263
260	264
260	265
261	262
261	263
261	264
261	265
261	266
261	272
262	263
262	264
262	265
262	266
262	271
262	273
263	264
263	265
263	266
263	268
264	265
264	266
264	268
264	269
265	266
265	268
265	269
265	271
265	272
265	273
266	268
266	269
266	282
266	286
268	269
268	277
268	278
268	279
268	280
268	282
268	283
268	286
269	271
269	277
269	278
269	279
269	282
269	283
271	272
271	273
271	274
271	275
271	277
271	278
272	273
272	274
272	275
273	274
273	275
274	275
275	277
277	278
277	279
278	279
278	280
278	282
278	283
279	280
279	281
279	282
279	283
279	284
280	281
280	282
280	283
280	284
280	285
281	282
281	283
281	284
281	285
281	286
282	283
282	284
282	285
282	286
283	284
283	285
283	286
284	285
284	286
285	286
