134	135
134	136
134	137
134	138
134	139
135	136
135	137
135	138
135	139
135	140
136	137
136	138
136	139
136	140
136	141
137	138
137	139
137	140
137	141
137	142
138	139
138	140
138	141
138	142
138	143
139	140
139	141
139	142
139	143
139	144
140	141
140	142
140	143
140	144
141	142
141	143
141	144
141	146
142	143
142	144
142	146
142	147
143	144
143	146
143	147
143	148
144	146
144	147
144	148
144	149
146	147
146	148
146	149
146	150
146	151
146	152
147	148
147	149
147	150
147	151
147	152
147	153
147	154
148	149
148	150
148	151
148	152
148	153
148	154
149	150
149	151
149	152
149	153
149	154
150	151
150	152
150	153
151	152
151	153
151	154
152	153
152	154
153	154
