302	303
302	304
302	305
302	306
302	307
303	304
303	305
303	306
303	307
303	308
304	305
304	306
304	307
304	308
304	309
305	306
305	307
305	308
305	309
305	310
306	307
306	308
306	309
306	310
306	311
307	308
307	309
307	310
307	311
307	312
308	309
308	310
308	311
308	312
308	313
308	319
309	310
309	311
309	312
309	313
309	314
310	311
310	312
310	313
310	314
310	315
310	316
311	312
311	313
311	314
311	315
311	316
311	317
311	321
312	313
312	314
312	315
312	316
312	317
313	314
313	315
313	316
314	315
314	316
314	317
315	316
315	317
316	317
316	318
317	318
317	319
317	321
318	319
318	320
318	321
319	320
319	321
320	321
