163	164
163	165
164	165
164	166
165	166
165	167
165	168
165	169
165	170
166	167
166	168
166	169
166	170
166	171
167	168
167	169
167	170
167	171
167	172
168	169
168	170
168	171
168	172
168	173
169	170
169	171
169	172
169	173
170	171
170	172
170	173
170	174
171	172
171	173
171	174
171	175
171	176
172	173
172	174
172	175
172	176
172	177
173	174
173	175
173	176
173	177
173	178
174	175
174	176
174	177
174	178
174	179
175	176
175	177
175	178
175	179
175	180
176	177
176	178
176	179
176	180
176	181
177	178
177	179
177	180
177	181
177	182
177	184
178	179
178	180
178	181
178	182
178	183
179	180
179	181
179	182
179	183
179	184
180	181
180	182
180	183
180	184
180	185
181	182
181	183
181	184
181	185
181	186
182	183
182	184
182	185
182	186
182	187
183	184
183	185
183	186
183	187
184	185
184	186
184	187
185	186
185	187
186	187
