518	519
518	520
518	524
518	528
519	520
519	521
519	524
520	521
520	522
520	524
520	533
520	537
520	540
520	542
521	522
521	523
521	524
521	525
521	526
521	533
521	537
521	542
522	523
522	524
522	525
522	526
522	527
522	533
522	534
522	537
522	538
522	542
522	543
522	544
522	545
522	554
523	524
523	525
523	526
523	527
523	528
523	534
523	546
523	547
523	548
523	552
523	553
523	554
523	557
524	525
524	526
524	527
524	528
524	529
524	530
524	533
524	537
524	557
525	526
525	527
525	528
525	529
525	530
525	531
525	533
525	534
525	537
526	527
526	528
526	529
526	530
526	534
526	554
526	555
526	557
526	558
526	561
527	528
527	529
527	530
527	557
527	561
528	529
528	530
528	557
528	561
529	530
529	531
529	532
529	561
529	562
530	531
530	532
530	533
530	534
530	535
531	532
531	533
531	534
531	535
531	536
532	533
532	534
532	535
532	536
532	537
533	534
533	535
533	536
533	537
533	538
534	535
534	536
534	537
534	538
534	539
534	554
535	536
535	537
535	538
535	539
535	540
536	537
536	538
536	539
536	540
536	541
537	538
537	539
537	540
537	541
537	542
538	539
538	540
538	541
538	542
538	543
538	544
539	540
539	541
539	542
540	541
540	542
541	542
541	543
541	544
542	543
542	544
543	544
543	545
543	546
543	547
543	554
544	545
544	546
544	547
544	553
544	554
544	555
545	546
545	547
545	553
545	554
546	547
546	548
546	552
546	553
546	554
547	548
547	549
547	550
547	551
547	552
547	553
547	554
548	549
548	550
548	551
548	552
548	553
549	550
549	551
549	552
550	551
550	552
551	552
551	553
551	556
552	553
552	554
552	556
552	557
552	560
553	554
553	555
553	556
553	557
553	558
554	555
554	556
554	557
554	558
554	559
555	556
555	557
555	558
555	559
555	560
556	557
556	558
556	559
556	560
556	561
557	558
557	559
557	560
557	561
557	562
558	559
558	560
558	561
558	562
559	560
559	561
559	562
560	561
560	562
561	562
