26	27
26	28
26	30
27	28
27	29
27	30
27	31
27	33
27	50
28	29
28	30
28	31
28	32
28	50
29	30
29	31
29	32
29	33
29	34
29	36
29	50
30	31
30	32
30	33
30	34
30	35
30	43
30	46
30	47
30	50
31	32
31	33
31	34
31	35
31	36
31	42
31	43
31	44
31	46
31	47
31	50
32	33
32	34
32	35
32	36
32	37
32	43
33	34
33	35
33	36
33	37
33	38
34	35
34	36
34	37
34	38
34	39
34	40
34	42
34	43
34	46
35	36
35	37
35	38
35	39
35	40
35	43
36	37
36	38
36	39
37	38
37	39
38	39
38	40
39	40
39	41
39	42
39	43
39	44
40	41
40	42
40	43
40	44
40	45
41	42
41	43
41	44
41	45
41	46
42	43
42	44
42	45
42	46
42	47
43	44
43	45
43	46
43	47
43	48
44	45
44	46
44	47
44	48
44	49
45	46
45	47
45	48
45	49
45	50
46	47
46	48
46	49
46	50
47	48
47	49
47	50
48	49
48	50
49	50
