5	6
5	7
5	8
5	9
5	10
6	7
6	8
6	9
6	10
6	11
7	8
7	9
7	10
7	11
7	12
7	29
7	40
7	43
7	44
7	47
7	57
7	61
8	9
8	10
8	11
8	12
8	13
8	47
8	50
8	53
8	57
9	10
9	11
9	12
9	13
9	14
9	25
10	11
10	12
10	13
10	14
10	15
10	25
10	26
10	28
10	29
11	12
11	13
11	14
11	15
11	16
11	25
11	29
11	44
11	47
11	57
11	58
11	60
11	61
11	64
12	13
12	14
12	15
12	16
12	54
12	56
12	57
13	14
13	15
13	16
13	17
13	18
13	21
13	22
13	23
13	25
13	28
14	15
14	16
14	21
14	22
14	25
14	26
14	29
15	16
15	17
15	22
15	25
15	56
15	57
15	60
16	17
16	18
16	19
16	21
16	22
17	18
17	19
17	20
17	22
18	19
18	20
18	21
18	22
18	23
19	20
19	21
19	22
19	23
19	24
20	21
20	22
20	23
20	24
20	25
21	22
21	23
21	24
21	25
21	26
21	28
22	23
22	24
22	25
22	26
22	27
23	24
23	25
23	26
23	27
23	28
24	25
24	26
24	27
24	28
24	29
25	26
25	27
25	28
25	29
25	30
26	27
26	28
26	29
26	30
26	31
27	28
27	29
27	30
27	31
27	32
28	29
28	30
28	31
28	32
28	33
28	40
29	30
29	31
29	32
29	33
29	34
29	40
29	44
29	64
30	31
30	32
30	33
30	34
30	35
30	40
31	32
31	33
31	34
31	35
31	36
32	33
32	34
32	35
32	36
32	37
32	40
33	34
33	35
33	36
33	37
33	40
33	68
33	83
34	35
34	36
34	37
34	83
35	36
35	37
36	37
36	38
36	39
36	40
36	41
37	38
37	39
37	40
37	41
37	42
37	68
37	69
37	80
37	83
37	84
37	87
37	88
38	39
38	40
38	41
38	42
38	43
38	87
38	88
38	89
38	92
38	96
39	40
39	41
39	42
39	43
39	44
39	92
40	41
40	42
40	43
40	44
40	45
40	64
40	65
40	68
41	42
41	43
41	44
41	45
41	46
41	65
41	68
41	69
41	84
41	88
41	92
41	96
42	43
42	44
42	45
42	46
42	47
42	65
42	91
42	92
42	95
42	96
42	99
43	44
43	45
43	46
43	47
43	48
43	61
44	45
44	46
44	47
44	48
44	49
44	58
44	60
44	61
44	62
44	64
44	65
44	68
45	46
45	47
45	48
45	49
45	50
45	61
45	65
45	95
45	96
45	97
45	99
45	100
45	103
45	118
46	47
46	48
46	49
46	50
46	95
46	99
47	48
47	49
47	50
47	53
47	57
47	58
47	61
48	49
48	50
48	51
48	58
48	59
48	61
48	62
48	65
48	99
48	100
48	103
48	110
48	111
48	112
48	114
48	115
48	118
49	50
49	51
49	52
49	58
49	99
49	100
49	103
50	51
50	52
50	53
50	54
50	58
50	103
51	52
51	53
51	58
51	102
51	103
51	105
51	106
51	107
51	108
52	53
52	54
52	58
53	54
53	55
53	57
53	58
53	108
54	55
54	56
54	57
54	58
54	59
54	108
55	56
55	57
55	58
55	59
55	60
55	108
55	110
55	111
56	57
56	58
56	59
56	60
56	61
56	108
56	110
57	58
57	59
57	60
57	61
57	62
58	59
58	60
58	61
58	62
58	63
58	103
58	106
58	107
58	108
58	110
58	111
58	112
58	114
59	60
59	61
59	62
59	63
59	64
59	110
59	111
59	114
60	61
60	62
60	63
60	64
60	65
60	114
61	62
61	63
61	64
61	65
61	66
61	118
62	63
62	64
62	65
62	66
62	67
62	114
62	115
62	117
62	118
63	64
63	65
63	66
63	67
63	68
63	113
63	114
63	117
63	118
64	65
64	66
64	67
64	68
64	69
65	66
65	67
65	68
65	69
65	70
65	84
65	96
65	100
65	118
66	67
66	68
66	69
66	70
66	71
66	72
66	114
66	117
66	118
66	121
67	68
67	69
67	70
67	71
67	80
68	69
68	70
68	80
68	81
68	83
68	84
69	70
69	71
69	77
69	80
69	81
69	83
69	84
69	96
69	118
69	121
69	122
69	125
70	71
70	72
70	76
70	77
70	80
70	81
70	121
71	72
71	73
71	74
71	76
71	77
71	80
72	73
72	74
72	76
72	77
73	74
73	75
73	76
73	77
73	78
74	75
74	76
74	77
74	78
74	79
75	76
75	77
75	78
75	79
75	80
76	77
76	78
76	79
76	80
76	81
77	78
77	79
77	80
77	81
77	82
77	125
78	79
78	80
78	81
78	82
78	83
79	80
79	81
79	82
79	83
79	84
79	87
80	81
80	82
80	83
80	84
80	85
80	125
81	82
81	83
81	84
81	85
81	86
81	121
81	124
81	125
82	83
82	84
82	85
82	86
82	87
82	125
83	84
83	85
83	86
83	87
83	88
84	85
84	86
84	87
84	88
84	92
84	93
84	94
84	96
84	97
84	122
84	125
84	126
84	131
85	86
85	87
85	88
85	93
85	125
85	126
85	129
85	131
86	87
86	88
86	93
87	88
87	89
88	89
88	90
88	92
88	93
89	90
89	91
89	92
89	93
89	94
90	91
90	92
90	93
90	94
90	95
90	97
90	126
91	92
91	93
91	94
91	95
91	96
92	93
92	94
92	95
92	96
92	97
93	94
93	95
93	96
93	97
93	98
93	122
93	126
94	95
94	96
94	97
94	98
94	99
95	96
95	97
95	98
95	99
95	100
95	102
96	97
96	98
96	99
96	100
96	101
96	118
96	122
97	98
97	99
97	100
97	101
97	102
97	119
97	122
97	126
97	131
97	132
97	133
97	134
98	99
98	100
98	101
98	102
98	103
98	132
99	100
99	101
99	102
99	103
99	104
99	115
100	101
100	102
100	103
100	104
100	115
100	116
100	118
100	119
100	122
100	132
101	102
101	103
101	104
101	105
101	115
101	119
101	132
101	135
101	138
101	139
101	142
101	150
102	103
102	104
102	105
102	106
102	150
103	104
103	105
103	106
103	107
103	108
103	111
103	112
103	115
103	153
104	105
104	106
104	111
104	112
104	115
104	116
104	119
104	139
104	142
104	149
104	150
104	151
104	153
104	154
104	157
105	106
105	107
105	108
105	112
105	149
105	150
105	153
106	107
106	108
106	109
106	111
106	112
106	149
106	150
107	108
107	109
107	149
108	109
108	110
108	111
108	112
108	113
108	149
109	110
109	111
109	112
109	113
109	114
109	149
109	152
110	111
110	112
110	113
110	114
110	115
111	112
111	113
111	114
111	115
111	116
112	113
112	114
112	115
112	116
112	117
112	153
113	114
113	115
113	116
113	117
113	118
113	153
113	156
113	160
114	115
114	116
114	117
114	118
114	119
115	116
115	117
115	118
115	119
115	120
115	157
116	117
116	118
116	119
116	120
116	121
116	153
116	154
116	156
116	157
116	160
117	118
117	119
117	120
117	121
117	122
117	157
117	160
118	119
118	120
118	121
118	122
118	123
118	132
119	120
119	121
119	122
119	123
119	124
119	132
119	135
119	139
119	157
119	161
120	121
120	122
120	123
120	124
120	125
120	157
120	160
120	161
120	164
120	169
121	122
121	123
121	124
121	125
121	126
122	123
122	124
122	125
122	126
122	127
122	132
123	124
123	125
123	126
123	127
123	128
123	132
123	135
123	136
123	161
123	169
124	125
124	126
124	127
124	128
124	161
124	164
124	166
124	169
125	126
125	127
125	128
125	129
125	131
126	127
126	128
126	129
126	130
126	131
126	132
127	128
127	129
127	130
127	131
127	132
127	133
127	135
127	136
127	161
127	168
127	169
127	172
127	173
128	129
128	130
128	131
128	166
128	168
128	169
128	172
129	130
129	131
129	132
130	131
130	132
130	133
131	132
131	133
131	134
132	133
132	134
132	135
132	136
133	134
133	135
133	136
133	137
133	176
134	135
134	136
134	137
134	138
134	139
135	136
135	137
135	138
135	139
135	140
135	161
136	137
136	138
136	139
136	140
136	141
136	158
136	161
136	162
136	173
136	176
136	180
137	138
137	139
137	140
137	141
137	142
137	176
138	139
138	140
138	141
138	142
138	143
138	154
139	140
139	141
139	142
139	143
139	144
139	153
139	154
139	155
139	157
139	158
139	161
140	141
140	142
140	143
140	144
140	145
140	154
140	158
140	176
140	179
140	180
140	183
141	142
141	143
141	144
141	145
141	146
142	143
142	144
142	145
142	146
142	147
142	150
142	151
142	154
143	144
143	145
143	146
143	150
143	151
143	154
143	155
143	158
143	183
143	184
144	145
144	146
144	151
144	183
145	146
145	147
145	150
145	151
146	147
146	148
146	150
146	151
147	148
147	149
147	150
147	151
147	152
148	149
148	150
148	151
148	152
148	153
149	150
149	151
149	152
149	153
149	154
150	151
150	152
150	153
150	154
150	155
151	152
151	153
151	154
151	155
151	156
152	153
152	154
152	155
152	156
152	157
153	154
153	155
153	156
153	157
153	158
154	155
154	156
154	157
154	158
154	159
155	156
155	157
155	158
155	159
155	160
155	183
155	184
156	157
156	158
156	159
156	160
156	161
157	158
157	159
157	160
157	161
157	162
158	159
158	160
158	161
158	162
158	163
158	180
158	183
158	184
159	160
159	161
159	162
159	163
159	164
160	161
160	162
160	163
160	164
160	169
161	162
161	163
161	164
161	165
161	169
161	170
161	173
162	163
162	164
162	165
162	169
162	170
162	173
162	180
163	164
163	165
163	166
163	170
164	165
164	166
164	167
164	169
164	170
165	166
165	167
165	170
166	167
166	168
166	169
166	170
166	171
167	168
167	169
167	170
167	171
167	172
168	169
168	170
168	171
168	172
168	173
169	170
169	171
169	172
169	173
169	174
170	171
170	172
170	173
170	174
171	172
171	173
171	174
171	175
172	173
172	174
172	175
172	176
173	174
173	175
173	176
173	177
173	180
174	175
174	176
174	177
174	178
175	176
175	177
175	178
175	179
176	177
176	178
176	179
176	180
176	181
177	178
177	179
177	180
177	181
177	182
178	179
178	180
178	181
178	182
178	183
179	180
179	181
179	182
179	183
179	184
180	181
180	182
180	183
180	184
181	182
181	183
181	184
182	183
182	184
183	184
