358	359
358	360
358	361
358	378
358	379
358	380
358	381
359	360
359	361
359	362
359	379
359	380
359	381
360	361
360	362
360	372
360	379
360	380
361	362
361	363
361	364
361	370
361	372
361	377
361	379
362	363
362	364
362	370
362	372
362	379
362	385
362	387
363	364
363	365
363	370
363	387
364	365
364	366
364	367
364	368
364	370
364	387
365	366
365	367
365	368
365	369
365	370
365	387
365	388
365	389
365	390
366	367
366	368
366	389
367	368
367	369
367	388
367	389
367	390
367	391
368	369
368	370
368	388
368	389
368	390
369	370
369	371
369	386
369	387
369	388
369	389
369	390
370	371
370	372
370	379
370	385
370	386
370	387
370	388
371	372
371	373
371	376
371	384
371	385
371	386
371	387
371	388
372	373
372	374
372	375
372	376
372	377
372	378
372	379
372	383
372	384
372	385
372	386
373	374
373	375
373	384
373	385
373	386
374	375
374	376
374	377
374	378
374	382
374	383
374	384
374	385
375	376
375	377
375	378
375	379
375	383
376	377
376	378
377	378
377	379
378	379
378	380
378	383
378	384
379	380
379	381
379	383
379	385
380	381
380	382
380	383
380	384
381	382
381	383
382	383
382	384
383	384
383	385
384	385
384	386
385	386
385	387
386	387
386	388
387	388
387	389
388	389
388	390
388	391
389	390
389	391
390	391
390	392
391	392
