17	18
17	19
17	40
17	41
17	42
17	43
18	19
18	20
18	40
18	41
18	42
18	43
18	44
19	20
19	21
19	42
19	43
19	44
20	21
20	22
20	37
20	42
20	43
20	44
20	45
20	46
21	22
21	23
21	43
21	44
21	45
21	47
22	23
22	24
22	25
22	30
22	31
22	33
22	34
22	37
22	44
22	45
22	46
22	47
22	48
23	24
23	25
23	30
23	45
23	47
23	48
24	25
24	26
24	27
24	29
24	30
24	31
24	47
24	48
25	26
25	27
25	30
25	31
25	32
25	34
25	44
25	45
25	46
25	47
25	48
25	54
25	55
25	58
26	27
26	28
26	30
26	31
26	46
26	47
26	48
26	49
26	50
26	51
26	52
26	54
26	55
26	58
27	28
27	29
27	30
27	31
27	32
27	51
27	54
27	58
28	29
28	30
28	31
28	32
28	33
29	30
29	31
29	32
29	33
29	34
30	31
30	32
30	33
30	34
30	35
31	32
31	33
31	34
31	35
31	36
31	54
31	57
31	58
31	61
32	33
32	34
32	35
32	36
32	37
33	34
33	35
33	36
33	37
33	38
34	35
34	36
34	37
34	38
34	39
34	44
34	46
34	58
35	36
35	37
35	38
35	39
35	40
35	57
35	58
35	61
36	37
36	38
36	39
36	40
36	41
37	38
37	39
37	40
37	41
37	42
37	43
37	44
38	39
38	40
38	41
38	42
38	44
39	40
39	41
39	42
40	41
40	42
41	42
41	43
42	43
42	44
43	44
43	45
44	45
44	46
44	59
45	46
45	47
46	47
46	48
46	55
46	56
46	58
46	59
47	48
47	49
47	55
48	49
48	50
48	51
48	52
48	53
48	55
48	56
49	50
49	51
49	52
50	51
50	52
50	53
51	52
51	53
51	54
51	55
51	56
52	53
52	54
52	55
52	56
52	57
53	54
53	55
53	56
53	57
53	58
54	55
54	56
54	57
54	58
54	59
55	56
55	57
55	58
55	59
55	60
56	57
56	58
56	59
56	60
56	61
57	58
57	59
57	60
57	61
58	59
58	60
58	61
59	60
59	61
60	61
