1081	1082
1081	1083
1081	1084
1081	1085
1082	1083
1082	1084
1082	1085
1082	1086
1083	1084
1083	1085
1084	1085
1084	1086
1085	1086
1085	1087
1086	1087
1086	1088
1087	1088
1087	1089
1088	1089
1088	1090
1088	1091
1089	1090
1089	1091
1090	1091
1090	1092
1091	1092
1091	1093
1092	1093
1092	1094
1093	1094
1093	1095
1093	1097
1093	1098
1093	1101
1094	1095
1094	1096
1094	1097
1094	1098
1094	1099
1095	1096
1095	1097
1095	1098
1095	1099
1095	1100
1096	1097
1096	1098
1096	1099
1096	1100
1096	1101
1097	1098
1097	1099
1097	1100
1097	1101
1097	1102
1098	1099
1098	1100
1098	1101
1098	1102
1098	1103
1099	1100
1099	1101
1099	1102
1099	1103
1099	1104
1100	1101
1100	1102
1100	1103
1100	1104
1100	1105
1101	1102
1101	1103
1101	1104
1101	1105
1102	1103
1102	1104
1102	1105
1103	1104
1103	1105
1104	1105
