24	25
24	26
24	27
24	28
24	30
24	35
25	26
25	27
25	28
25	30
26	27
26	28
26	29
26	30
27	28
27	29
27	30
27	31
28	29
28	30
29	30
29	31
29	34
30	31
30	32
30	34
30	35
30	38
31	32
31	33
31	34
31	35
31	36
32	33
32	34
32	35
32	36
32	37
32	61
32	62
32	65
32	66
32	69
32	73
33	34
33	35
33	36
33	37
33	38
33	69
33	72
33	73
34	35
34	36
34	37
34	38
34	39
34	73
35	36
35	37
35	38
35	39
35	40
35	57
35	58
35	61
36	37
36	38
36	39
36	40
36	41
36	58
36	61
36	62
36	69
36	73
37	38
37	39
37	40
37	41
37	42
37	73
38	39
38	40
38	41
38	42
38	43
39	40
39	41
39	42
39	43
39	44
39	54
39	55
39	57
39	58
39	61
40	41
40	42
40	43
40	44
40	45
40	54
40	55
40	58
40	73
40	76
40	77
40	80
41	42
41	43
41	44
41	45
41	46
42	43
42	44
42	45
42	46
42	54
42	57
43	44
43	45
43	46
43	47
43	51
43	54
43	55
43	80
44	45
44	46
44	47
44	80
45	46
45	47
46	47
46	48
46	49
46	50
46	51
46	54
47	48
47	49
47	51
48	49
48	50
48	51
48	52
48	88
49	50
49	51
49	52
49	53
49	83
49	85
49	86
49	87
49	88
50	51
50	52
50	53
50	54
50	55
51	52
51	53
51	54
51	55
51	56
51	80
51	83
51	85
51	88
52	53
52	54
52	55
52	56
52	57
52	85
52	87
52	88
52	91
53	54
53	55
53	56
53	57
53	58
54	55
54	56
54	57
54	58
54	59
55	56
55	57
55	58
55	59
55	60
55	77
55	80
55	88
55	91
55	95
56	57
56	58
56	59
56	60
56	61
56	91
57	58
57	59
57	60
57	61
57	62
58	59
58	60
58	61
58	62
58	63
58	73
58	77
58	95
59	60
59	61
59	62
59	63
59	64
59	65
59	77
59	91
59	94
59	95
59	98
60	61
60	62
60	63
60	64
60	65
60	66
61	62
61	63
61	64
61	65
61	66
61	67
61	69
62	63
62	64
62	65
62	66
62	67
62	68
62	69
62	70
62	73
62	74
62	77
62	95
62	102
63	64
63	65
63	66
63	67
63	70
63	95
63	98
63	99
63	102
64	65
64	66
64	67
64	102
65	66
65	67
66	67
66	68
66	69
66	70
67	68
67	69
67	70
67	71
67	102
68	69
68	70
68	71
68	72
69	70
69	71
69	72
69	73
69	74
70	71
70	72
70	73
70	74
70	75
70	95
70	98
70	99
70	100
70	102
70	103
71	72
71	73
71	74
71	75
71	103
72	73
72	74
72	75
72	76
73	74
73	75
73	76
73	77
73	78
73	95
74	75
74	76
74	77
74	78
74	79
74	95
74	99
75	76
75	77
75	78
75	79
75	80
76	77
76	78
76	79
76	80
77	78
77	79
77	80
77	81
77	91
77	92
77	95
78	79
78	80
78	81
78	82
78	92
78	95
78	96
79	80
79	81
79	82
79	83
79	92
80	81
80	82
80	83
80	84
80	88
80	89
80	91
80	92
81	82
81	83
81	88
81	89
81	92
81	96
82	83
82	84
82	89
83	84
83	85
83	86
83	88
83	89
84	85
84	86
84	88
84	89
85	86
85	87
85	88
85	89
85	90
86	87
86	88
86	89
86	90
86	91
87	88
87	89
87	90
87	91
87	92
88	89
88	90
88	91
88	92
88	93
89	90
89	91
89	92
89	93
89	94
90	91
90	92
90	93
90	94
90	95
91	92
91	93
91	94
91	95
91	96
92	93
92	94
92	95
92	96
92	97
93	94
93	95
93	96
93	97
93	98
94	95
94	96
94	97
94	98
94	99
95	96
95	97
95	98
95	99
95	100
96	97
96	98
96	99
96	100
96	101
97	98
97	99
97	100
97	101
97	102
98	99
98	100
98	101
98	102
98	103
99	100
99	101
99	102
99	103
100	101
100	102
100	103
101	102
101	103
102	103
