645	646
645	647
645	650
645	651
645	654
645	669
645	672
645	673
646	647
646	648
646	651
646	673
646	678
647	648
647	649
647	650
647	651
647	652
647	673
647	678
648	649
648	650
648	651
648	652
648	653
648	673
648	678
648	679
648	680
648	684
649	650
649	651
649	652
649	653
649	654
649	684
649	687
650	651
650	652
650	653
650	654
650	655
650	666
651	652
651	653
651	654
651	655
651	656
651	666
651	667
651	669
651	670
651	673
652	653
652	654
652	655
652	656
652	657
652	666
652	670
652	680
652	683
652	684
652	685
652	687
652	688
652	691
653	654
653	655
653	656
653	657
653	687
653	691
654	655
654	656
654	657
654	659
654	662
654	663
654	664
654	665
654	666
654	667
654	687
655	656
655	657
655	662
655	663
655	666
655	667
655	670
655	688
655	691
655	692
655	694
655	698
656	657
656	658
656	663
656	687
656	691
656	694
657	658
657	659
657	660
657	662
657	663
658	659
658	660
658	663
659	660
659	661
659	662
659	663
659	664
660	661
660	662
660	663
660	664
660	665
660	698
660	700
660	702
660	703
661	662
661	663
661	664
661	665
661	666
661	703
662	663
662	664
662	665
662	666
662	667
663	664
663	665
663	666
663	667
663	668
663	698
663	699
663	700
663	703
664	665
664	666
664	667
664	668
664	669
664	702
664	703
665	666
665	667
665	668
665	669
665	670
666	667
666	668
666	669
666	670
666	671
667	668
667	669
667	670
667	671
667	672
667	692
667	702
667	703
667	704
667	707
667	710
668	669
668	670
668	671
668	672
668	673
668	710
669	670
669	671
669	672
669	673
669	674
670	671
670	672
670	673
670	674
670	675
670	680
670	688
670	692
670	710
670	714
671	672
671	673
671	674
671	675
671	676
671	707
671	709
671	710
671	713
672	673
672	674
672	675
672	676
672	677
672	678
673	674
673	675
673	676
673	677
673	678
673	679
673	680
674	675
674	676
674	677
674	678
674	680
674	688
674	710
674	713
674	714
674	717
674	718
675	676
675	677
675	678
675	713
675	717
676	677
676	678
676	679
677	678
677	679
677	717
678	679
678	680
678	684
678	718
679	680
679	681
679	684
679	718
680	681
680	682
680	684
680	685
680	688
680	714
680	718
681	682
681	683
681	684
681	685
681	686
682	683
682	684
682	685
682	686
682	687
683	684
683	685
683	686
683	687
683	688
684	685
684	686
684	687
684	688
684	689
685	686
685	687
685	688
685	689
685	690
685	714
685	718
685	721
685	722
686	687
686	688
686	689
686	690
686	691
687	688
687	689
687	690
687	691
687	692
687	694
688	689
688	690
688	691
688	692
688	693
688	714
688	718
688	725
689	690
689	691
689	692
689	693
689	694
689	714
689	722
689	725
689	728
690	691
690	692
690	693
690	694
690	725
691	692
691	693
691	694
691	696
691	707
692	693
692	694
692	696
692	697
692	707
692	710
692	711
692	714
692	725
693	694
693	696
693	697
693	707
693	725
693	728
693	732
694	696
694	697
694	698
696	697
696	698
696	704
696	707
696	708
696	711
696	725
696	728
696	729
696	732
696	733
696	736
697	698
697	699
697	704
697	732
697	736
698	699
698	700
698	701
698	703
698	704
698	736
699	700
699	701
699	704
700	701
700	702
700	703
700	704
700	705
701	702
701	703
701	704
701	705
701	745
702	703
702	704
702	705
702	707
702	709
703	704
703	705
703	707
703	708
704	705
704	707
704	708
704	709
704	736
704	741
704	745
704	749
705	707
705	708
705	709
705	710
705	744
705	745
705	748
707	708
707	709
707	710
707	711
707	712
707	725
708	709
708	710
708	711
708	712
708	733
708	736
708	741
708	745
708	746
708	748
708	749
708	752
709	710
709	711
709	712
709	713
709	714
709	748
710	711
710	712
710	713
710	714
710	715
711	712
711	713
711	714
711	715
711	716
711	725
711	729
711	733
711	752
712	713
712	714
712	715
712	716
712	717
712	748
712	751
712	752
713	714
713	715
713	716
713	717
713	718
714	715
714	716
714	717
714	718
714	719
714	722
714	725
715	716
715	717
715	718
715	719
715	720
715	722
715	725
715	729
715	733
715	752
716	717
716	718
716	719
716	751
717	718
717	719
717	720
717	721
718	719
718	720
718	721
718	722
718	723
719	720
719	721
719	722
719	723
720	721
720	722
720	723
721	722
721	723
721	724
721	725
722	723
722	724
722	725
722	726
722	727
722	729
723	724
723	725
723	726
723	727
724	725
724	726
724	727
724	728
725	726
725	727
725	728
725	729
725	730
726	727
726	728
726	729
726	730
726	731
727	728
727	729
727	730
727	731
727	732
728	729
728	730
728	731
728	732
728	733
729	730
729	731
729	732
729	733
729	734
729	752
730	731
730	732
730	733
730	734
730	735
731	732
731	733
731	734
731	735
731	736
732	733
732	734
732	735
732	736
733	734
733	735
733	736
733	738
733	748
733	749
733	752
734	735
734	736
734	738
734	739
734	749
735	736
735	738
735	739
735	740
736	738
736	739
736	740
736	741
736	746
736	749
738	739
738	740
738	741
739	740
739	741
739	746
740	741
740	742
740	746
741	742
741	743
741	745
741	746
741	749
742	743
742	744
742	745
742	746
742	747
743	744
743	745
743	746
743	747
743	748
744	745
744	746
744	747
744	748
744	749
745	746
745	747
745	748
745	749
745	750
746	747
746	748
746	749
746	750
746	751
747	748
747	749
747	750
747	751
747	752
748	749
748	750
748	751
748	752
749	750
749	751
749	752
750	751
750	752
751	752
