117	118
117	119
117	120
117	145
117	148
117	161
118	119
118	120
118	121
118	122
118	123
119	120
119	121
119	122
119	123
119	124
119	138
119	139
119	141
119	142
119	145
119	161
120	121
120	122
120	123
120	124
120	125
120	159
120	160
120	161
120	162
120	163
120	164
120	165
121	122
121	123
121	124
121	125
121	126
122	123
122	124
122	125
122	126
122	127
122	134
122	138
122	141
123	124
123	125
123	126
123	127
123	128
123	135
123	138
123	139
123	142
123	161
123	162
124	125
124	126
124	127
124	128
124	129
124	161
124	162
124	163
124	164
125	126
125	127
125	128
125	129
125	130
125	131
126	127
126	128
126	129
126	130
126	131
126	132
126	134
126	135
126	138
127	128
127	129
127	130
127	131
127	135
128	129
128	130
128	131
129	130
129	131
130	131
130	132
130	133
131	132
131	133
131	134
131	135
131	136
132	133
132	134
132	135
132	136
132	137
133	134
133	135
133	136
133	137
133	138
134	135
134	136
134	137
134	138
134	139
135	136
135	137
135	138
135	139
135	140
136	137
136	138
136	139
136	140
136	141
137	138
137	139
137	140
137	141
137	142
138	139
138	140
138	141
138	142
138	143
139	140
139	141
139	142
139	143
139	144
139	162
140	141
140	142
140	143
140	144
140	145
141	142
141	143
141	144
141	145
141	146
142	143
142	144
142	145
142	146
142	147
142	157
142	158
142	161
142	162
143	144
143	145
143	146
143	147
143	154
143	158
144	145
144	146
144	147
144	148
145	146
145	147
145	148
145	149
145	150
145	157
145	161
146	147
146	148
146	149
146	150
146	154
146	157
146	158
147	148
147	149
147	150
148	149
148	150
149	150
149	151
149	157
150	151
150	152
150	153
150	154
150	157
151	152
151	153
152	153
152	154
152	156
152	157
152	160
153	154
153	155
153	156
153	157
153	158
154	155
154	156
154	157
154	158
154	159
155	156
155	157
155	158
155	159
155	160
156	157
156	158
156	159
156	160
156	161
157	158
157	159
157	160
157	161
157	162
158	159
158	160
158	161
158	162
158	163
159	160
159	161
159	162
159	163
159	164
160	161
160	162
160	163
160	164
160	165
161	162
161	163
162	163
162	164
163	164
163	165
163	166
164	165
164	166
165	166
