-7	-6
-7	-5
-7	-4
-7	-3
-6	-5
-6	-4
-6	-3
-6	631
-5	-4
-5	-3
-5	631
-4	-3
-4	-2
-4	631
-3	-2
-3	-1
-3	631
-3	632
-2	-1
-2	0
-2	631
-2	632
-2	633
-1	0
-1	631
-1	632
-1	633
-1	634
0	631
0	632
0	633
0	634
0	635
631	632
631	633
631	634
631	635
631	636
632	633
632	634
632	635
632	636
632	637
633	634
633	635
633	636
633	637
633	638
634	635
634	636
634	637
634	638
634	639
635	636
635	637
635	638
635	639
635	640
636	637
636	638
636	639
636	640
636	641
637	638
637	639
637	640
637	641
637	642
638	639
638	640
638	641
638	642
638	643
638	644
639	640
639	641
639	642
639	644
640	641
640	642
641	642
641	643
641	644
642	643
642	644
642	645
643	644
643	645
644	645
644	646
645	646
645	647
646	647
646	648
647	648
647	649
647	650
647	651
648	649
648	650
648	651
649	650
649	651
649	652
650	651
650	652
650	653
650	654
650	655
651	652
651	653
651	654
651	655
651	656
652	653
652	654
652	655
652	656
652	657
653	654
653	655
653	656
653	657
653	658
654	655
654	656
654	657
654	658
654	659
655	656
655	657
655	658
655	659
655	660
656	657
656	658
656	659
656	660
656	661
657	658
657	659
657	660
657	661
657	662
658	659
658	660
658	661
658	662
658	663
659	660
659	661
659	662
659	663
659	664
660	661
660	662
660	663
660	664
660	665
661	662
661	663
661	664
661	665
661	666
662	663
662	664
662	665
662	666
663	664
663	665
663	666
663	668
663	669
664	665
664	666
664	669
664	670
665	666
665	667
665	668
665	669
666	667
666	668
666	669
666	670
667	668
667	669
667	670
668	669
668	670
669	670
669	671
670	671
670	672
671	672
