198	199
198	200
198	201
198	202
198	203
199	200
199	201
199	202
199	203
199	204
199	232
199	235
199	236
200	201
200	202
200	203
200	204
200	205
200	236
201	202
201	203
201	204
201	205
201	206
202	203
202	204
202	205
202	206
202	207
202	228
202	232
203	204
203	205
203	206
203	207
203	208
203	228
203	229
203	230
203	232
203	233
203	236
204	205
204	206
204	207
204	208
204	209
205	206
205	207
205	208
205	209
205	210
205	225
206	207
206	208
206	209
206	210
206	211
206	222
206	224
206	225
206	226
206	228
206	229
206	232
207	208
207	209
207	210
207	211
207	212
207	225
207	226
207	229
208	209
208	210
208	211
208	212
208	213
208	215
208	226
209	210
209	211
209	212
209	213
209	214
209	222
209	225
209	226
210	211
210	212
210	213
210	214
210	215
210	218
210	221
210	222
210	225
210	226
211	212
211	213
211	214
211	215
211	216
211	222
211	226
212	213
212	214
212	215
212	216
212	217
212	218
213	214
213	215
213	216
213	217
213	218
213	219
213	221
213	222
213	225
214	215
214	216
214	217
214	218
214	219
214	222
214	226
215	216
215	217
215	218
216	217
216	218
217	218
217	219
217	220
218	219
218	220
218	221
218	222
218	223
219	220
219	221
219	222
219	223
219	224
220	221
220	222
220	223
220	224
220	225
221	222
221	223
221	224
221	225
221	226
222	223
222	224
222	225
222	226
222	227
223	224
223	225
223	226
223	227
223	228
224	225
224	226
224	227
224	228
224	229
225	226
225	227
225	228
225	229
225	230
226	227
226	228
226	229
226	230
226	231
227	228
227	229
227	230
227	231
227	232
228	229
228	230
228	231
228	232
228	233
229	230
229	231
229	232
229	233
229	234
230	231
230	232
230	233
230	234
230	235
231	232
231	233
231	234
231	235
231	236
232	233
232	234
232	235
232	236
232	237
233	234
233	235
233	236
233	237
234	235
234	236
234	237
235	236
235	237
236	237
