127	128
127	129
127	130
128	129
128	130
129	130
129	131
129	132
129	133
129	134
130	131
130	132
130	133
130	134
130	135
131	132
131	133
131	134
131	135
131	136
132	133
132	134
132	135
132	136
132	137
133	134
133	135
133	136
133	137
133	138
134	135
134	136
134	137
134	138
134	139
135	136
135	137
135	138
135	139
135	140
136	137
136	138
136	139
136	140
136	141
137	138
137	139
137	140
137	141
137	142
138	139
138	140
138	141
138	142
138	143
139	140
139	141
139	142
139	143
139	144
139	151
140	141
140	142
140	143
140	144
140	145
140	148
140	151
141	142
141	143
141	144
141	145
141	146
142	143
142	144
142	145
142	146
142	147
142	148
143	144
143	145
143	146
143	147
143	148
143	149
143	151
144	145
144	146
144	147
144	148
144	149
145	146
145	147
145	148
145	149
146	147
146	148
146	149
147	148
147	149
147	150
147	151
148	149
148	150
148	151
149	150
149	151
150	151
