-1	0
-1	1
-1	2
-1	3
0	1
0	2
0	3
0	4
0	15
0	19
1	2
1	3
1	4
1	5
1	15
1	18
1	19
1	22
1	29
1	30
1	31
1	33
1	34
1	37
2	3
2	4
2	5
2	6
2	15
2	19
2	37
3	4
3	5
3	6
3	7
3	15
3	37
4	5
4	6
4	7
4	11
4	12
4	15
4	16
4	19
4	37
4	38
4	41
5	6
5	7
5	8
5	36
5	37
5	38
5	40
5	41
5	44
6	7
6	8
6	9
6	10
7	8
7	9
7	10
7	41
7	44
7	46
7	47
7	48
8	9
8	10
9	10
9	11
10	11
10	12
11	12
11	13
11	16
11	41
12	13
12	14
12	15
12	16
12	17
13	14
13	15
13	16
13	17
13	18
14	15
14	16
14	17
14	18
14	19
15	16
15	17
15	18
15	19
15	20
16	17
16	18
16	19
16	20
16	21
16	38
16	41
17	18
17	19
17	20
17	21
17	22
18	19
18	20
18	21
18	22
18	23
19	20
19	21
19	22
19	23
19	24
19	34
19	35
19	37
19	38
20	21
20	22
20	23
20	24
20	25
20	34
20	38
21	22
21	23
21	24
21	25
21	26
22	23
22	24
22	25
22	26
22	27
22	30
22	31
22	34
23	24
23	25
23	26
23	27
23	30
23	31
23	32
23	34
23	35
23	38
24	25
24	26
24	31
24	38
25	26
25	27
25	31
26	27
26	28
26	31
27	28
27	29
27	30
27	31
27	32
28	29
28	30
28	31
28	32
28	33
29	30
29	31
29	32
29	33
29	34
30	31
30	32
30	33
30	34
30	35
31	32
31	33
31	34
31	35
31	36
32	33
32	34
32	35
32	36
32	37
33	34
33	35
33	36
33	37
33	38
34	35
34	36
34	37
34	38
34	39
35	36
35	37
35	38
35	39
35	40
36	37
36	38
36	39
36	40
36	41
37	38
37	39
37	40
37	41
37	42
38	39
38	40
38	41
38	42
38	43
39	40
39	41
39	42
39	43
39	44
40	41
40	42
40	43
40	44
41	42
41	43
41	44
41	47
42	43
42	44
42	45
42	47
43	44
43	45
43	46
43	47
44	45
44	46
44	47
44	48
45	46
45	47
45	48
46	47
46	48
47	48
