2	3
2	4
2	23
2	24
2	25
2	49
2	53
3	4
3	5
3	22
3	23
3	24
3	25
3	49
3	53
4	5
4	6
4	21
4	22
4	23
4	24
4	25
4	48
4	49
4	50
4	53
4	54
4	55
5	6
5	7
5	21
5	22
5	23
5	29
5	49
5	53
5	55
6	7
6	8
6	17
6	20
6	21
6	22
6	23
6	55
7	8
7	9
7	15
7	17
7	23
7	29
7	31
7	47
7	55
8	9
8	10
8	15
8	31
8	47
8	55
8	56
8	57
8	58
9	10
9	11
9	13
9	14
9	31
10	11
10	12
10	13
10	14
10	31
10	34
10	47
10	58
10	59
10	60
10	61
10	62
11	12
11	13
11	34
11	60
11	61
11	62
12	13
12	14
12	32
12	33
12	34
12	35
12	37
12	60
12	62
12	64
13	14
13	15
13	31
13	32
13	33
13	34
13	61
13	62
14	15
14	16
14	30
14	31
14	32
14	33
14	34
15	16
15	17
15	29
15	30
15	31
15	32
16	17
16	18
16	23
16	28
16	29
16	30
16	31
16	32
17	18
17	19
17	20
17	21
17	23
17	29
18	19
18	20
18	23
19	20
19	21
20	21
20	22
20	23
20	24
20	27
21	22
21	23
22	23
22	24
23	24
23	25
23	27
23	29
23	49
23	55
24	25
24	26
24	27
24	28
24	49
24	55
25	26
25	27
25	49
25	50
25	51
25	52
26	27
26	28
26	48
26	49
26	50
27	28
27	29
27	47
27	48
27	49
27	55
28	29
28	30
28	46
28	47
28	48
28	49
28	55
29	30
29	31
29	45
29	46
29	47
29	48
29	55
29	58
30	31
30	32
30	45
30	46
30	47
31	32
31	33
31	39
31	45
31	46
31	47
31	58
31	61
32	33
32	34
32	45
32	61
32	62
33	34
33	35
33	37
33	38
33	39
33	40
33	61
33	62
33	63
34	35
34	36
34	37
34	38
34	62
34	63
35	36
35	37
35	64
36	37
36	38
36	63
36	64
37	38
37	39
37	62
37	63
37	64
38	39
38	40
38	41
38	61
38	62
38	63
38	64
39	40
39	41
39	43
39	45
39	61
39	62
39	63
40	41
40	42
40	43
40	44
40	60
40	61
40	62
40	63
41	42
41	43
41	61
42	43
42	44
43	44
43	45
43	59
43	60
43	61
43	62
44	45
44	46
44	56
44	57
44	58
44	59
44	61
45	46
45	47
45	58
45	61
46	47
46	48
46	56
46	57
46	58
46	61
47	48
47	49
47	55
47	56
47	57
47	58
48	49
48	50
48	54
48	55
48	56
49	50
49	51
49	53
49	54
49	55
49	56
50	51
50	52
50	53
50	54
50	55
50	56
50	57
51	52
51	53
51	54
52	53
52	54
53	54
53	55
54	55
54	56
55	56
55	57
56	57
56	58
57	58
57	59
58	59
58	60
58	61
59	60
59	61
59	62
60	61
60	62
61	62
61	63
62	63
62	64
63	64
