1486	1487
1486	1488
1486	1506
1487	1488
1487	1489
1488	1489
1488	1490
1488	1504
1488	1505
1488	1506
1488	1508
1489	1490
1489	1491
1489	1492
1489	1493
1489	1502
1489	1503
1489	1504
1490	1491
1490	1492
1490	1493
1490	1494
1490	1496
1490	1502
1490	1504
1490	1505
1490	1506
1490	1507
1490	1508
1490	1509
1491	1492
1491	1493
1491	1494
1491	1496
1491	1497
1491	1502
1491	1503
1491	1504
1491	1509
1491	1510
1492	1493
1492	1494
1492	1496
1492	1502
1493	1494
1493	1495
1493	1496
1493	1497
1494	1495
1494	1496
1494	1497
1495	1496
1495	1497
1495	1498
1495	1524
1496	1497
1496	1498
1496	1500
1496	1502
1496	1509
1496	1511
1496	1524
1497	1498
1497	1499
1497	1500
1497	1501
1497	1502
1497	1503
1497	1509
1497	1510
1497	1511
1497	1512
1497	1523
1497	1524
1497	1525
1497	1526
1498	1499
1498	1500
1498	1511
1498	1524
1498	1525
1498	1526
1498	1527
1499	1500
1499	1501
1499	1512
1499	1513
1499	1514
1499	1517
1499	1525
1499	1526
1499	1527
1500	1501
1500	1502
1500	1511
1500	1512
1500	1513
1500	1514
1500	1525
1500	1526
1501	1502
1501	1503
1501	1510
1501	1511
1501	1512
1501	1513
1501	1514
1501	1526
1502	1503
1502	1504
1502	1509
1502	1510
1502	1511
1502	1512
1503	1504
1503	1505
1503	1508
1503	1509
1503	1510
1503	1511
1503	1512
1504	1505
1504	1506
1504	1508
1504	1509
1504	1510
1505	1506
1505	1507
1505	1508
1505	1509
1505	1510
1506	1507
1506	1508
1507	1508
1507	1509
1508	1509
1508	1510
1508	1523
1509	1510
1509	1511
1509	1523
1509	1524
1510	1511
1510	1512
1511	1512
1511	1513
1511	1519
1511	1523
1511	1524
1511	1525
1511	1526
1512	1513
1512	1514
1512	1519
1512	1526
1513	1514
1513	1515
1513	1517
1513	1518
1513	1519
1513	1520
1513	1525
1513	1526
1513	1527
1514	1515
1514	1516
1514	1517
1514	1518
1514	1526
1515	1516
1515	1517
1516	1517
1516	1518
1516	1527
1516	1528
1517	1518
1517	1519
1517	1526
1517	1527
1517	1528
1518	1519
1518	1520
1518	1525
1518	1526
1518	1527
1518	1528
1519	1520
1519	1521
1519	1522
1519	1523
1519	1524
1519	1525
1519	1526
1519	1527
1520	1521
1520	1522
1520	1523
1520	1524
1520	1525
1520	1526
1520	1527
1521	1522
1521	1523
1521	1524
1522	1523
1522	1524
1522	1525
1523	1524
1523	1525
1524	1525
1524	1526
1525	1526
1525	1527
1526	1527
1526	1528
1527	1528
