181	182
181	183
181	184
181	185
181	186
182	183
182	184
182	185
182	186
182	187
183	184
183	185
183	186
183	187
183	188
184	185
184	186
184	187
184	188
184	189
184	191
185	186
185	187
185	188
185	189
185	190
186	187
186	188
186	189
186	190
186	191
187	188
187	189
187	190
187	191
187	192
188	189
188	190
188	191
188	192
188	193
189	190
189	191
189	192
189	193
189	194
190	191
190	192
190	193
190	194
191	192
191	193
191	194
191	195
192	193
192	194
192	195
192	196
193	194
193	195
193	196
193	197
193	201
194	195
194	196
194	197
195	196
195	197
196	197
196	198
196	199
196	201
197	198
197	199
198	199
198	201
199	201
