32	33
32	34
32	36
32	37
32	66
32	68
32	69
32	70
33	34
33	35
33	36
33	37
33	38
33	62
33	65
33	66
33	69
34	35
34	36
34	37
34	38
34	39
34	41
35	36
35	37
35	38
35	39
35	40
35	62
35	65
36	37
36	38
36	39
36	40
36	41
36	61
36	62
36	63
36	65
36	66
36	67
36	69
36	72
37	38
37	39
37	40
37	41
37	42
37	62
37	69
37	71
38	39
38	40
38	41
38	42
38	43
39	40
39	41
39	42
39	43
39	44
39	58
39	59
39	61
39	62
39	64
39	65
40	41
40	42
40	43
40	44
40	45
40	58
40	59
40	62
40	69
40	71
40	72
40	75
41	42
41	43
41	44
41	45
41	46
42	43
42	44
42	45
42	46
42	47
42	55
42	58
43	44
43	45
43	46
43	47
43	48
43	51
43	54
43	55
43	56
43	58
43	59
43	75
43	79
44	45
44	46
44	47
44	48
44	49
44	55
44	71
44	75
45	46
45	47
45	48
45	49
45	50
46	47
46	48
46	49
46	50
46	51
46	52
46	54
46	55
46	58
47	48
47	49
47	50
47	51
47	52
47	55
47	75
47	78
47	79
48	49
48	50
48	51
49	50
49	51
50	51
50	52
50	53
50	82
51	52
51	53
51	54
51	55
51	56
52	53
52	54
52	55
52	56
52	57
52	79
52	82
52	83
53	54
53	55
53	56
53	57
53	58
54	55
54	56
54	57
54	58
54	59
55	56
55	57
55	58
55	59
55	60
55	79
56	57
56	58
56	59
56	60
56	61
56	79
56	80
56	83
57	58
57	59
57	60
57	61
57	62
58	59
58	60
58	61
58	62
58	63
59	60
59	61
59	62
59	63
59	64
59	71
59	72
59	73
59	75
59	76
59	79
59	80
60	61
60	62
60	63
60	64
60	65
60	73
60	76
60	80
61	62
61	63
61	64
61	65
61	66
62	63
62	64
62	65
62	66
62	67
62	69
62	72
63	64
63	65
63	66
63	67
63	68
63	69
63	72
63	73
63	76
64	65
64	66
64	67
65	66
65	67
66	67
66	68
66	69
66	70
66	72
66	73
67	68
67	69
67	70
67	73
67	95
67	99
68	69
68	70
68	71
68	73
68	95
68	98
68	99
69	70
69	71
69	72
69	73
69	74
69	99
70	71
70	72
70	73
70	74
70	75
70	95
70	96
70	97
70	99
70	100
70	103
70	106
71	72
71	73
71	74
71	75
71	76
71	96
71	105
71	106
72	73
72	74
72	75
72	76
72	77
73	74
73	75
73	76
73	77
73	78
73	91
73	92
73	93
73	95
73	96
73	99
74	75
74	76
74	77
74	78
74	79
74	92
74	93
74	96
74	105
74	106
74	109
74	110
75	76
75	77
75	78
75	79
75	80
76	77
76	78
76	79
76	80
76	81
76	88
76	89
76	91
76	92
77	78
77	79
77	80
77	81
77	82
77	88
77	89
77	92
77	93
77	113
78	79
78	80
78	81
78	82
78	83
78	89
78	92
78	93
78	109
79	80
79	81
79	82
79	83
79	84
80	81
80	82
80	83
80	84
80	85
80	86
80	88
80	89
80	92
80	113
80	117
81	82
81	83
81	84
81	85
81	86
81	89
81	93
81	109
81	112
81	113
81	114
81	117
82	83
82	84
82	85
82	117
83	84
83	85
83	117
84	85
84	86
84	117
85	86
85	87
85	88
85	89
85	90
85	113
86	87
86	88
86	89
86	90
86	91
86	113
86	117
86	118
87	88
87	89
87	90
87	91
87	92
87	113
88	89
88	90
88	91
88	92
88	93
89	90
89	91
89	92
89	93
89	94
89	113
90	91
90	92
90	93
90	94
90	95
90	110
90	113
90	114
90	118
90	120
91	92
91	93
91	94
91	95
91	96
92	93
92	94
92	95
92	96
92	97
93	94
93	95
93	96
93	97
93	98
93	106
93	109
93	110
93	113
94	95
94	96
94	97
94	98
94	99
94	110
95	96
95	97
95	98
95	99
95	100
96	97
96	98
96	99
96	100
96	101
96	106
97	98
97	99
97	100
97	101
97	102
97	103
97	106
97	107
97	110
97	127
98	99
98	100
98	101
99	100
99	101
100	101
100	102
100	103
100	106
100	107
101	102
101	103
101	107
101	130
102	103
102	104
102	105
102	107
102	130
102	134
103	104
103	105
103	106
103	107
103	108
103	130
103	131
103	134
104	105
104	106
104	107
104	108
104	109
104	127
104	130
104	131
104	132
104	134
104	137
104	138
105	106
105	107
105	108
105	109
105	110
105	131
105	137
106	107
106	108
106	109
106	110
106	111
106	127
107	108
107	109
107	110
107	111
107	112
107	124
107	126
107	127
107	128
107	130
107	131
108	109
108	110
108	111
108	112
108	113
108	127
108	128
108	131
108	137
108	142
108	143
108	144
108	146
109	110
109	111
109	112
109	113
109	114
109	128
109	137
109	142
109	146
110	111
110	112
110	113
110	114
110	115
110	118
110	120
110	124
110	127
110	128
111	112
111	113
111	114
111	115
111	116
111	120
111	124
111	127
111	128
111	150
112	113
112	114
112	115
112	116
112	117
112	118
112	124
112	128
112	146
112	149
112	150
113	114
113	115
113	116
113	117
113	118
113	119
114	115
114	116
114	117
114	118
114	119
114	120
114	121
114	123
114	124
114	127
115	116
115	117
115	118
115	119
115	120
115	121
115	124
115	128
115	146
115	149
115	150
115	151
116	117
116	118
116	119
116	120
116	150
117	118
117	119
118	119
118	120
118	121
119	120
119	121
120	121
120	122
120	123
120	124
120	125
121	122
121	123
121	124
121	125
121	128
121	150
121	151
122	123
122	124
122	125
122	126
122	150
123	124
123	125
123	126
123	127
124	125
124	126
124	127
124	128
124	129
124	146
124	150
125	126
125	127
125	128
125	129
125	130
125	146
125	147
125	148
125	149
125	150
125	151
126	127
126	128
126	129
126	130
126	131
127	128
127	129
127	130
127	131
127	132
128	129
128	130
128	131
128	132
128	133
128	142
128	143
128	144
128	146
128	147
128	150
129	130
129	131
129	132
129	133
129	134
129	147
130	131
130	132
130	133
130	134
131	132
131	133
131	134
131	135
131	137
131	143
132	133
132	134
132	135
132	137
132	139
132	140
132	141
132	143
132	144
132	147
133	134
133	135
134	135
134	136
134	137
134	138
135	136
135	137
136	137
136	138
136	139
137	138
137	139
137	140
137	141
137	142
137	143
138	139
138	140
138	141
139	140
139	141
139	142
139	143
139	144
140	141
140	142
140	143
140	144
140	145
141	142
141	143
141	144
141	145
141	146
142	143
142	144
142	145
142	146
142	147
143	144
143	145
143	146
143	147
143	148
144	145
144	146
144	147
144	148
144	149
145	146
145	147
145	148
145	149
145	150
146	147
146	148
146	149
146	150
146	151
147	148
147	149
147	150
147	151
148	149
148	150
148	151
149	150
149	151
150	151
