32	33
32	34
32	35
32	36
33	34
33	35
33	36
34	35
34	36
35	36
35	37
36	37
36	38
36	39
36	130
37	38
37	39
37	42
37	128
38	39
38	40
38	42
38	43
38	125
38	128
38	129
39	40
39	41
39	42
39	43
39	44
39	129
40	41
40	42
40	43
40	44
40	45
40	129
41	42
41	43
41	44
41	45
41	46
42	43
42	44
42	45
42	46
42	47
42	121
42	125
43	44
43	45
43	46
43	47
43	48
43	122
43	125
43	126
43	129
44	45
44	46
44	47
44	48
44	49
45	46
45	47
45	48
45	49
45	50
46	47
46	48
46	49
46	50
46	51
46	118
46	121
46	122
46	125
47	48
47	49
47	50
47	51
47	52
47	122
47	126
48	49
48	50
48	51
48	52
48	53
48	118
49	50
49	51
49	52
49	53
49	54
49	118
50	51
50	52
50	53
50	54
50	115
50	118
50	119
50	122
51	52
51	53
51	54
51	55
51	56
52	53
52	54
52	55
52	56
52	57
52	118
53	54
53	55
53	56
53	57
53	58
53	64
53	111
53	114
53	115
53	118
54	55
54	56
54	57
54	58
54	64
54	112
54	115
54	116
55	56
55	57
55	58
55	64
56	57
56	58
56	64
56	111
56	118
57	58
57	59
57	62
57	64
57	111
57	114
57	115
58	59
58	60
58	62
58	63
58	64
58	65
58	111
59	60
59	61
59	62
59	63
59	64
59	67
59	68
59	107
59	111
60	61
60	62
60	63
60	67
60	68
61	62
61	63
61	67
61	68
61	69
61	86
61	89
61	103
61	104
61	107
62	63
62	64
62	66
62	68
62	69
62	89
62	103
62	104
62	107
62	108
62	111
63	64
63	65
63	66
63	67
63	68
63	69
63	108
64	65
64	66
64	67
64	68
64	108
64	111
64	112
64	115
65	66
65	67
65	68
66	67
66	68
66	69
66	70
66	71
66	108
66	112
67	68
67	69
67	70
67	71
67	76
67	77
67	78
68	69
68	70
68	71
68	72
68	89
68	92
69	70
69	71
69	72
69	73
69	89
69	92
69	104
69	105
69	108
70	71
70	72
70	73
70	74
70	75
70	76
71	72
71	73
71	74
71	76
71	77
71	78
71	89
71	90
71	92
71	93
71	94
72	73
72	74
72	76
72	92
72	93
72	95
72	98
73	74
73	75
73	76
73	77
73	93
74	75
74	76
75	76
75	77
76	77
76	78
76	93
77	78
77	79
77	93
78	79
78	80
78	81
78	82
78	83
78	84
78	85
78	86
78	87
78	89
78	90
78	93
79	80
79	81
79	82
79	83
79	85
79	93
80	81
80	82
80	85
81	82
81	83
81	84
81	85
82	83
82	84
82	85
82	86
83	84
83	85
83	86
83	87
83	88
83	90
83	91
84	85
84	86
84	87
84	90
85	86
85	87
85	89
86	87
86	88
86	89
86	90
86	91
86	103
87	88
87	89
87	90
87	91
87	92
88	89
88	90
88	91
88	92
88	93
88	98
88	99
88	102
88	103
88	104
89	90
89	91
89	92
89	93
89	94
89	103
89	104
90	91
90	92
90	93
90	94
90	95
90	96
91	92
91	93
91	94
91	95
91	96
91	97
91	98
91	102
92	93
92	94
92	95
92	96
92	98
92	104
92	105
93	94
93	95
93	96
94	95
94	96
95	96
95	97
95	98
96	97
96	98
97	98
97	99
97	102
98	99
98	100
98	102
98	105
99	100
99	101
99	102
99	105
100	101
100	102
100	105
100	106
101	102
101	103
101	104
101	105
101	106
102	103
102	104
102	105
102	106
102	107
103	104
103	105
103	106
103	107
103	108
104	105
104	106
104	107
104	108
104	109
105	106
105	107
105	108
105	109
105	110
106	107
106	108
106	109
106	110
106	111
107	108
107	109
107	110
107	111
107	112
108	109
108	110
108	111
108	112
108	113
109	110
109	111
109	112
109	113
109	114
110	111
110	112
110	113
110	114
110	115
111	112
111	113
111	114
111	115
111	116
112	113
112	114
112	115
112	116
112	117
113	114
113	115
113	116
113	117
113	118
114	115
114	116
114	117
114	118
114	119
115	116
115	117
115	118
115	119
115	120
116	117
116	118
116	119
116	120
116	121
117	118
117	119
117	120
117	121
117	122
118	119
118	120
118	121
118	122
118	123
119	120
119	121
119	122
119	123
119	124
119	126
120	121
120	122
120	123
120	124
120	125
121	122
121	123
121	124
121	125
121	126
122	123
122	124
122	125
122	126
122	127
123	124
123	125
123	126
123	127
123	128
124	125
124	126
124	127
124	128
125	126
125	127
125	128
125	129
126	127
126	128
126	129
126	130
127	128
127	129
128	129
128	130
129	130
129	131
130	131
