37	38
37	39
37	42
37	43
37	46
37	115
37	119
37	120
37	122
37	123
37	125
38	39
38	40
38	42
38	43
38	125
39	40
39	41
39	42
39	43
39	44
39	125
39	126
40	41
40	42
40	43
40	44
40	45
40	125
40	126
40	134
41	42
41	43
41	44
41	45
41	46
42	43
42	44
42	45
42	46
42	47
42	125
43	44
43	45
43	46
43	47
43	48
43	119
43	120
43	123
43	125
43	126
43	134
44	45
44	46
44	47
44	48
44	49
44	134
45	46
45	47
45	48
45	49
45	50
45	134
46	47
46	48
46	49
46	50
46	51
46	112
46	113
46	115
47	48
47	49
47	50
47	51
47	52
47	134
48	49
48	50
48	51
48	52
48	53
49	50
49	51
49	52
49	53
49	54
50	51
50	52
50	53
50	54
50	55
50	109
50	112
50	113
51	52
51	53
51	54
51	55
51	56
52	53
52	54
52	55
52	56
52	57
53	54
53	55
53	56
53	57
53	58
53	108
53	109
53	112
54	55
54	56
54	57
54	58
54	61
54	109
54	113
55	56
55	57
55	58
55	59
55	61
56	57
56	58
56	59
56	60
56	105
56	108
57	58
57	59
57	60
57	61
57	62
57	104
57	105
57	108
57	109
58	59
58	60
58	61
58	62
58	63
59	60
59	61
59	62
59	63
59	64
60	61
60	62
60	63
60	64
60	65
60	100
60	101
60	103
60	104
60	105
61	62
61	63
61	64
61	65
61	66
61	109
62	63
62	64
62	65
62	66
62	67
62	72
63	64
63	65
63	66
63	67
63	68
63	88
63	99
63	100
64	65
64	66
64	67
64	68
64	100
65	66
65	67
65	68
66	67
66	68
66	69
66	70
66	71
66	72
67	68
67	69
67	70
67	71
67	72
67	88
67	89
67	90
67	91
68	69
68	70
68	72
68	87
68	88
68	89
68	90
68	91
68	93
69	70
69	71
69	72
69	88
69	89
69	91
70	71
70	72
70	73
71	72
71	73
72	73
72	74
72	89
73	74
73	75
73	86
73	89
73	90
74	75
74	76
74	77
74	90
75	76
75	77
75	78
75	80
75	82
76	77
76	78
76	79
76	80
76	81
76	82
77	78
77	79
77	80
78	79
78	80
79	80
79	81
80	81
80	82
81	82
81	83
81	86
82	83
82	84
82	86
83	84
83	86
83	87
84	86
84	87
84	88
86	87
86	88
86	89
86	90
86	91
86	92
87	88
87	89
87	90
87	91
87	92
87	93
87	94
87	97
87	98
87	99
88	89
88	90
88	91
88	92
88	93
88	98
88	99
89	90
89	91
89	92
90	91
90	92
90	93
91	92
91	93
92	93
92	94
92	97
93	94
93	95
93	97
93	98
93	99
93	100
94	95
94	96
94	97
94	98
94	99
95	96
95	97
95	98
96	97
96	98
97	98
97	99
98	99
98	100
98	101
98	102
99	100
99	101
100	101
100	102
100	103
100	104
100	105
101	102
101	103
101	104
101	105
102	103
102	104
102	105
102	107
103	104
103	105
103	107
104	105
104	107
104	109
105	107
105	108
105	109
107	108
107	109
107	110
107	111
107	112
108	109
108	110
108	111
108	112
108	113
109	110
109	111
109	112
109	113
109	114
110	111
110	112
110	113
110	114
110	115
111	112
111	113
111	114
111	115
112	113
112	114
112	115
112	117
113	114
113	115
113	117
113	118
114	115
114	117
114	118
114	119
115	117
115	118
115	119
115	120
117	118
117	119
117	120
117	121
117	122
118	119
118	120
118	121
118	122
118	123
119	120
119	121
119	122
119	123
120	121
120	122
120	123
120	126
120	130
120	131
120	132
120	134
121	122
121	123
121	131
122	123
122	124
122	131
123	124
123	125
123	126
123	131
124	125
124	126
124	131
125	126
125	127
126	127
126	128
126	130
126	131
126	134
127	128
127	129
127	130
127	131
127	132
128	129
128	130
128	131
128	132
128	133
129	130
129	131
129	132
129	133
129	134
130	131
130	132
130	133
130	134
131	132
131	133
131	134
132	133
132	134
133	134
