190	191
190	192
190	193
190	194
190	195
190	196
191	192
191	193
191	194
191	195
191	196
191	198
191	220
191	221
191	223
191	224
191	227
191	228
192	193
192	194
192	195
192	196
192	197
192	221
192	224
192	228
193	194
193	195
193	196
193	197
193	198
194	195
194	196
194	197
194	198
194	199
194	224
195	196
195	197
195	198
195	199
195	200
195	220
195	221
195	224
196	197
196	198
196	199
196	200
196	201
196	221
196	224
197	198
197	199
197	200
197	201
197	202
198	199
198	200
198	201
198	202
198	203
198	216
198	217
198	218
198	220
198	221
198	224
199	200
199	201
199	202
199	203
199	204
199	217
199	218
199	221
199	240
200	201
200	202
200	203
200	204
200	205
200	218
201	202
201	203
201	204
201	205
201	206
201	213
201	214
201	217
201	218
202	203
202	204
202	205
202	206
202	207
202	210
202	213
202	214
202	215
202	217
202	218
203	204
203	205
203	206
203	207
203	208
203	214
203	218
203	236
203	240
204	205
204	206
204	207
204	208
204	209
204	210
205	206
205	207
205	208
205	209
205	210
205	211
205	213
205	214
205	217
206	207
206	208
206	209
206	210
206	211
206	214
206	218
206	240
206	243
206	244
206	247
207	208
207	209
207	210
207	211
208	209
208	210
208	211
209	210
209	211
209	212
210	211
210	212
210	213
210	214
210	215
211	212
211	213
211	214
211	215
211	216
211	243
211	244
211	245
211	247
211	248
212	213
212	214
212	215
212	216
212	217
212	248
213	214
213	215
213	216
213	217
213	218
214	215
214	216
214	217
214	218
214	219
214	241
214	244
215	216
215	217
215	218
215	219
215	220
215	241
215	244
215	245
215	248
216	217
216	218
216	219
216	220
216	221
216	241
217	218
217	219
217	220
217	221
217	222
218	219
218	220
218	221
218	222
218	223
218	236
218	237
218	240
218	241
218	244
219	220
219	221
219	222
219	223
219	224
219	241
219	245
219	257
220	221
220	222
220	223
220	224
220	225
221	222
221	223
221	224
221	225
221	226
221	228
221	230
221	233
221	234
221	237
222	223
222	224
222	225
222	226
222	227
222	233
222	234
222	235
222	237
222	238
222	241
222	257
223	224
223	225
223	226
223	227
223	228
224	225
224	226
224	227
224	228
224	229
224	230
225	226
225	227
225	228
225	229
225	230
225	231
225	233
225	234
225	237
226	227
226	228
226	229
226	230
226	234
226	238
227	228
227	229
227	230
228	229
228	230
229	230
229	231
229	232
230	231
230	232
230	233
230	234
230	235
231	232
231	233
231	234
231	235
231	236
231	264
231	267
231	268
232	233
232	234
232	235
232	236
232	237
232	264
232	268
233	234
233	235
233	236
233	237
233	238
234	235
234	236
234	237
234	238
234	239
234	261
234	264
235	236
235	237
235	238
235	239
235	240
235	260
235	261
235	264
235	265
235	268
235	270
235	273
236	237
236	238
236	239
236	240
236	241
236	261
237	238
237	239
237	240
237	241
237	242
237	257
237	261
238	239
238	240
238	241
238	242
238	243
238	257
238	258
238	260
238	261
238	264
239	240
239	241
239	242
239	243
239	244
239	257
239	258
239	261
239	273
240	241
240	242
240	243
240	244
240	245
240	258
240	261
241	242
241	243
241	244
241	245
241	246
241	254
241	257
241	258
242	243
242	244
242	245
242	246
242	247
242	250
242	253
242	254
242	255
242	257
242	258
243	244
243	245
243	246
243	247
243	248
243	254
243	258
244	245
244	246
244	247
244	248
244	249
244	258
245	246
245	247
245	248
245	249
245	250
245	251
245	253
245	254
245	257
246	247
246	248
246	249
246	250
246	251
246	254
246	255
246	258
247	248
247	249
247	250
247	251
248	249
248	250
248	251
249	250
249	251
249	252
250	251
250	252
250	253
250	254
250	255
251	252
251	253
251	254
251	255
251	256
252	253
252	254
252	255
252	256
252	257
252	259
253	254
253	255
253	256
253	257
253	258
254	255
254	256
254	257
254	258
254	259
255	256
255	257
255	258
255	259
255	260
256	257
256	258
256	259
256	260
256	261
257	258
257	259
257	260
257	261
257	262
258	259
258	260
258	261
258	262
258	263
259	260
259	261
259	262
259	263
259	264
260	261
260	262
260	263
260	264
260	265
261	262
261	263
261	264
261	265
261	266
261	273
262	263
262	264
262	265
262	266
262	267
262	273
262	274
263	264
263	265
263	266
263	267
263	268
264	265
264	266
264	267
264	268
264	269
264	270
265	266
265	267
265	268
265	269
265	270
265	271
265	273
265	274
266	267
266	268
266	269
266	270
266	274
267	268
267	269
267	270
268	269
268	270
269	270
269	271
270	271
270	272
270	273
270	274
271	272
271	273
271	274
272	273
272	274
273	274
