1113	1114
1113	1115
1114	1115
1114	1116
1115	1116
1115	1117
1116	1117
1116	1118
1117	1118
1117	1119
1118	1119
1118	1120
1119	1120
1119	1121
1120	1121
1120	1122
1121	1122
1121	1123
1121	2096
1122	1123
1122	1124
1122	2073
1122	2096
1122	2098
1123	1124
1123	1125
1123	2063
1123	2065
1123	2073
1123	2094
1123	2095
1123	2096
1123	2097
1123	2098
1124	1125
1124	1126
1124	1127
1124	2061
1124	2063
1124	2065
1124	2070
1124	2073
1124	2096
1125	1126
1125	1127
1125	1128
1125	1129
1125	2040
1125	2070
1125	2073
1125	2074
1126	1127
1126	1128
1126	1129
1126	1130
1127	1128
1127	1129
1127	1130
1127	2033
1127	2036
1127	2037
1127	2040
1127	2061
1127	2065
1127	2070
1128	1129
1128	1130
1128	2037
1128	2040
1129	1130
1129	1131
1129	2037
1130	1131
1130	1132
1131	1132
1131	2037
2029	2030
2029	2031
2029	2032
2029	2033
2029	2034
2030	2031
2030	2032
2030	2033
2030	2034
2030	2035
2030	2037
2030	2050
2031	2032
2031	2033
2031	2034
2031	2035
2031	2036
2031	2050
2031	2055
2032	2033
2032	2034
2032	2035
2032	2036
2032	2037
2032	2050
2032	2055
2032	2056
2032	2059
2033	2034
2033	2035
2033	2036
2033	2037
2033	2038
2033	2059
2034	2035
2034	2036
2034	2037
2034	2038
2034	2039
2034	2046
2034	2050
2035	2036
2035	2037
2035	2038
2035	2039
2035	2040
2035	2046
2035	2047
2035	2048
2035	2050
2035	2051
2035	2055
2035	2056
2035	2057
2035	2059
2035	2067
2035	2070
2035	2083
2036	2037
2036	2038
2036	2039
2036	2040
2036	2041
2036	2059
2036	2060
2036	2061
2036	2065
2036	2066
2036	2067
2036	2070
2037	2038
2037	2039
2037	2040
2037	2041
2037	2042
2037	2046
2037	2070
2038	2039
2038	2040
2038	2041
2038	2042
2038	2043
2038	2044
2038	2046
2038	2047
2038	2050
2038	2079
2039	2040
2039	2041
2039	2042
2039	2043
2039	2047
2039	2066
2039	2067
2039	2068
2039	2070
2039	2071
2039	2074
2039	2076
2039	2079
2039	2083
2040	2041
2040	2042
2040	2043
2040	2070
2040	2071
2040	2073
2040	2074
2040	2076
2040	2079
2041	2042
2041	2043
2041	2074
2041	2076
2042	2043
2042	2044
2042	2045
2042	2047
2042	2076
2042	2079
2043	2044
2043	2045
2043	2046
2043	2047
2043	2048
2043	2076
2043	2079
2044	2045
2044	2046
2044	2047
2044	2048
2044	2049
2044	2078
2044	2079
2044	2082
2045	2046
2045	2047
2045	2048
2045	2049
2045	2050
2046	2047
2046	2048
2046	2049
2046	2050
2046	2051
2047	2048
2047	2049
2047	2050
2047	2051
2047	2052
2047	2055
2047	2067
2047	2079
2047	2082
2047	2083
2048	2049
2048	2050
2048	2051
2048	2052
2048	2053
2048	2082
2048	2086
2049	2050
2049	2051
2049	2052
2049	2053
2049	2054
2050	2051
2050	2052
2050	2053
2050	2054
2050	2055
2050	2056
2051	2052
2051	2053
2051	2054
2051	2055
2051	2056
2051	2057
2051	2082
2051	2083
2051	2086
2052	2053
2052	2054
2052	2055
2052	2086
2053	2054
2053	2055
2054	2055
2054	2056
2054	2057
2055	2056
2055	2057
2055	2058
2055	2059
2056	2057
2056	2058
2056	2059
2057	2058
2057	2059
2057	2066
2057	2067
2057	2068
2057	2082
2057	2083
2057	2084
2057	2086
2057	2087
2057	2088
2058	2059
2058	2060
2058	2065
2058	2066
2058	2087
2058	2088
2058	2089
2058	2092
2059	2060
2059	2061
2059	2065
2059	2066
2059	2067
2060	2061
2060	2062
2060	2063
2060	2064
2060	2065
2060	2066
2060	2067
2061	2062
2061	2063
2061	2064
2061	2065
2061	2066
2061	2070
2061	2095
2062	2063
2062	2064
2062	2065
2062	2095
2063	2064
2063	2065
2063	2094
2063	2095
2063	2096
2064	2065
2064	2066
2064	2069
2064	2093
2064	2094
2064	2095
2065	2066
2065	2067
2065	2069
2065	2070
2065	2073
2065	2094
2065	2095
2066	2067
2066	2068
2066	2069
2066	2070
2066	2071
2066	2088
2066	2089
2066	2092
2066	2094
2067	2068
2067	2069
2067	2070
2067	2071
2067	2072
2067	2079
2067	2083
2068	2069
2068	2070
2068	2071
2068	2072
2068	2073
2068	2079
2068	2080
2068	2081
2068	2083
2068	2084
2068	2088
2068	2089
2068	2090
2068	2091
2069	2070
2069	2071
2069	2072
2069	2073
2069	2074
2069	2083
2069	2091
2069	2092
2069	2093
2069	2094
2069	2098
2070	2071
2070	2072
2070	2073
2070	2074
2070	2075
2070	2076
2071	2072
2071	2073
2071	2074
2071	2075
2071	2076
2071	2077
2071	2079
2071	2080
2071	2083
2072	2073
2072	2074
2072	2075
2072	2076
2072	2080
2073	2074
2073	2075
2073	2076
2074	2075
2074	2076
2075	2076
2075	2077
2075	2078
2075	2080
2076	2077
2076	2078
2076	2079
2076	2080
2076	2081
2077	2078
2077	2079
2077	2080
2077	2081
2077	2082
2078	2079
2078	2080
2078	2081
2078	2082
2078	2083
2079	2080
2079	2081
2079	2082
2079	2083
2079	2084
2080	2081
2080	2082
2080	2083
2080	2084
2080	2085
2081	2082
2081	2083
2081	2084
2081	2085
2081	2086
2082	2083
2082	2084
2082	2085
2082	2086
2082	2087
2083	2084
2083	2085
2083	2086
2083	2087
2083	2088
2083	2089
2084	2085
2084	2086
2084	2087
2084	2088
2084	2089
2084	2090
2085	2086
2085	2087
2085	2088
2086	2087
2086	2088
2087	2088
2087	2089
2087	2090
2088	2089
2088	2090
2088	2091
2088	2092
2089	2090
2089	2091
2089	2092
2090	2091
2090	2092
2091	2092
2091	2093
2091	2098
2092	2093
2092	2094
2092	2098
2093	2094
2093	2095
2093	2097
2093	2098
2094	2095
2094	2096
2094	2097
2094	2098
2095	2096
2095	2097
2095	2098
2096	2097
2096	2098
2097	2098
