2	3
2	4
3	4
3	5
4	5
4	6
4	27
4	28
4	29
4	30
4	31
4	32
4	71
5	6
5	7
5	30
5	31
5	32
5	33
5	71
5	72
6	7
6	8
6	31
6	32
6	33
6	34
6	68
6	69
6	70
6	71
6	72
6	73
7	8
7	9
7	20
7	24
7	30
7	31
7	32
7	33
7	34
7	35
7	70
7	71
7	72
7	73
7	74
8	9
8	10
8	24
8	32
8	33
8	34
8	35
8	36
8	51
8	53
8	66
8	67
8	70
8	71
8	72
8	73
8	74
8	75
9	10
9	11
9	12
9	17
9	20
9	21
9	24
9	34
9	35
9	36
9	37
9	72
9	73
9	74
9	75
9	76
10	11
10	12
10	13
10	17
10	34
10	35
10	36
10	37
10	57
10	67
10	73
10	74
10	75
10	76
11	12
11	13
11	14
11	15
11	16
11	17
11	18
11	36
11	37
11	57
11	74
11	76
12	13
12	14
12	17
12	18
12	19
12	21
12	34
12	35
12	36
12	37
12	46
12	52
12	76
13	14
13	15
13	17
13	18
13	36
13	37
13	38
13	39
13	42
13	43
13	45
13	46
14	15
14	16
14	17
14	18
14	19
14	37
14	76
15	16
15	17
15	18
15	19
16	17
16	18
16	19
16	20
16	21
16	76
17	18
17	19
17	20
17	21
17	22
17	76
18	19
18	20
18	21
18	22
18	23
18	45
18	46
19	20
19	21
19	22
19	23
19	24
19	26
20	21
20	22
20	23
20	24
20	25
20	74
20	76
21	22
21	23
21	24
21	25
21	26
21	33
21	34
21	35
21	46
21	47
21	49
21	51
21	52
22	23
22	24
22	25
22	26
22	27
22	46
22	49
23	24
23	25
23	26
23	27
23	28
23	31
24	25
24	26
24	27
24	28
24	31
24	32
24	33
24	34
24	74
25	26
25	27
25	28
25	31
25	33
25	34
25	49
25	51
26	27
26	28
26	29
27	28
27	29
27	30
27	31
27	32
28	29
28	30
28	31
29	30
29	31
30	31
30	32
31	32
31	33
32	33
32	34
33	34
33	35
33	51
34	35
34	36
34	51
34	52
34	53
34	65
34	66
34	67
34	68
34	69
34	70
35	36
35	37
35	46
35	51
35	52
35	53
35	54
35	66
36	37
36	38
36	51
36	52
36	53
36	54
36	55
36	56
36	57
36	62
36	63
36	66
36	67
37	38
37	39
37	40
37	42
37	43
37	46
37	52
37	53
37	54
37	55
37	56
38	39
38	40
38	42
38	53
38	54
38	55
38	56
39	40
39	41
39	42
39	43
39	44
39	54
39	55
40	41
40	42
40	43
40	44
40	45
40	54
41	42
41	43
41	44
41	45
41	46
41	54
42	43
42	44
42	45
42	46
42	47
42	52
43	44
43	45
43	46
43	47
43	48
43	49
43	50
43	51
43	52
43	53
43	54
44	45
44	46
44	47
44	48
45	46
45	47
45	48
46	47
46	48
46	49
46	52
47	48
47	49
47	52
48	49
48	50
48	52
49	50
49	51
49	52
49	53
50	51
50	52
50	53
51	52
51	53
52	53
52	54
53	54
53	55
53	65
53	66
54	55
54	56
54	62
55	56
55	57
55	62
55	63
56	57
56	58
56	59
56	60
56	62
56	63
57	58
57	59
57	60
57	62
57	63
58	59
58	60
58	62
58	63
59	60
59	61
59	62
59	63
59	64
60	61
60	62
60	63
60	64
61	62
61	63
61	64
61	65
62	63
62	64
62	65
62	66
63	64
63	65
63	66
63	67
63	68
64	65
64	66
64	67
64	68
65	66
65	67
65	68
66	67
66	68
66	69
66	70
67	68
67	69
67	70
67	73
68	69
68	70
69	70
69	71
70	71
70	72
70	73
71	72
71	73
72	73
72	74
73	74
73	75
74	75
74	76
75	76
